21.896
22.771
23.646
24.52
26.47
27.08
27.69
28.3
28.91
29.474
30.038
30.602
31.166
31.73
32.294
32.858
33.42
33.961
34.502
35.043
35.584
36.125
36.666
37.21
37.58
37.95
38.32
38.69
39.06
39.43
39.8
40.17
40.54
40.91
41.28
41.744
42.208
42.672
43.136
43.6
44.064
44.53
45.275
46.02
46.765
47.51
48.017
48.524
49.031
49.538
50.045
50.552
51.06
51.505
51.95
52.395
52.84
53.285
53.73
54.175
54.62
55.065
55.51
55.96
56.341
56.722
57.103
57.484
57.865
58.246
58.627
59.01
59.451
59.892
60.333
60.774
61.215
61.656
62.1
62.474
62.848
63.222
63.596
63.97
64.344
64.718
65.092
65.466
65.84
66.154
66.468
66.782
67.096
67.41
67.724
68.04
68.553
69.066
69.579
70.092
70.605
71.118
71.631
72.144
72.657
73.17
73.68
74.229
74.778
75.327
75.876
76.425
76.974
77.52
77.837
78.154
78.471
78.788
79.105
79.422
79.739
80.056
80.37
80.716
81.062
81.408
81.754
82.1
82.446
82.792
83.138
83.484
83.83
84.18
84.492
84.804
85.116
85.428
85.74
86.05
86.426
86.802
87.178
87.554
87.93
88.312
88.694
89.076
89.458
89.84
90.222
90.604
90.986
91.37
91.815
92.26
92.705
93.15
93.595
94.04
94.617
95.194
95.771
96.348
96.925
97.5
98.062
98.624
99.186
99.748
100.31
100.782
101.254
101.726
102.198
102.67
103.141
103.391
103.641
103.891
104.141
104.39
104.733
105.076
105.419
105.762
106.105
106.448
106.791
107.134
107.477
107.82
108.163
108.51
108.788
109.066
109.344
109.622
109.9
110.178
110.456
110.734
111.012
111.29
111.568
111.85
112.256
112.662
113.068
113.474
113.88
114.286
114.692
115.098
115.5
116.03
116.56
117.09
117.62
118.15
118.68
119.21
119.74
120.27
120.8
121.26
121.72
122.18
122.64
123.1
123.56
124.02
124.465
124.91
125.355
125.8
126.245
126.69
127.135
127.58
128.005
128.43
128.855
129.28
129.705
130.13
130.555
130.979
131.554
132.129
132.704
133.279
133.854
134.429
135.004
135.579
136.154
136.729
137.304
137.879
138.46
139.181
139.902
140.623
141.344
142.065
142.786
143.507
144.23
144.583
144.936
145.289
145.642
145.995
146.35
146.519
146.688
146.857
147.026
147.195
147.364
147.533
147.702
147.87
148.693
149.516
150.339
151.162
151.985
152.808
153.631
154.454
155.28
155.824
156.368
156.912
157.456
158.0
158.544
159.088
159.632
160.176
160.72
161.264
161.81
162.913
164.016
165.119
166.222
167.325
168.428
169.531
170.634
171.737
172.84
173.94
174.817
175.694
176.57
176.98
177.39
177.8
178.21
178.62
179.03
179.44
179.85
180.26
180.67
181.08
181.509
181.938
182.367
182.796
183.225
183.654
184.083
184.51
185.362
186.214
187.066
187.918
188.77
189.622
190.474
191.326
192.18
192.521
192.862
193.203
193.544
193.885
194.226
194.567
194.908
195.249
195.59
195.93
198.74
201.55
204.36
207.17
207.463
207.756
208.049
208.342
208.635
208.928
209.22
209.73
210.24
210.75
211.26
211.77
212.28
212.933
213.586
214.239
214.892
215.545
216.198
216.851
217.504
218.157
218.81
219.46
220.226
220.992
221.758
222.524
223.29
224.056
224.822
225.588
226.354
227.12
227.886
228.652
229.418
230.184
230.949
231.173
231.397
231.621
231.845
232.069
232.293
232.517
232.74
233.039
233.338
233.637
233.936
234.235
234.534
234.833
235.13
235.672
236.214
236.756
237.298
237.84
238.38
239.129
239.878
240.627
241.376
242.125
242.874
243.623
244.372
245.121
245.87
246.409
246.948
247.487
248.026
248.565
249.104
249.643
250.182
250.721
251.26
251.898
252.536
253.174
253.812
254.45
255.088
255.726
256.364
257.0
257.516
258.032
258.548
259.064
259.58
260.096
260.612
261.128
261.644
262.16
262.68
262.887
263.094
263.301
263.508
263.715
263.922
264.129
264.336
264.543
264.75
264.96
265.333
265.706
266.079
266.452
266.825
267.198
267.571
267.944
268.32
268.601
268.882
269.163
269.444
269.725
270.006
270.29
270.841
271.392
271.943
272.494
273.045
273.596
274.147
274.698
275.25
275.788
276.326
276.864
277.401
277.939
278.477
279.014
279.55
280.076
280.602
281.128
281.654
282.18
282.706
283.232
283.758
284.284
284.81
285.34
285.58
285.82
286.06
286.3
286.54
286.78
287.02
287.26
287.5
287.74
288.208
288.676
289.144
289.612
290.08
290.548
291.016
291.484
291.952
292.42
292.89
293.361
293.832
294.303
294.774
295.245
295.716
296.187
296.658
297.129
297.6
298.071
298.542
299.013
299.48
299.777
300.074
300.371
300.668
300.965
301.262
301.559
301.856
302.153
302.45
302.956
303.462
303.968
304.474
304.98
305.486
305.99
306.668
307.346
308.024
308.702
309.38
310.06
310.441
310.822
311.203
311.584
311.965
312.346
312.727
313.11
314.996
316.882
318.768
320.654
322.54
324.426
326.31
326.928
327.546
328.164
328.782
329.4
330.018
330.636
331.254
331.872
332.49
333.108
333.726
334.344
334.96
335.886
336.812
337.738
338.664
339.59
340.516
341.442
342.37
343.084
343.798
344.512
345.226
345.94
346.654
347.368
348.08
348.319
348.558
348.797
349.036
349.275
349.514
349.753
349.992
350.231
350.47
350.71
351.009
351.308
351.607
351.906
352.205
352.504
352.8
353.095
353.39
353.685
353.98
354.275
354.57
354.809
355.048
355.287
355.526
355.765
356.004
356.243
356.482
356.72
356.973
357.226
357.478
357.731
357.983
358.236
358.488
358.74
359.196
359.652
360.108
360.564
361.02
361.476
361.932
362.388
362.844
363.3
363.756
364.21
364.612
365.014
365.416
365.818
366.22
366.62
367.19
367.76
368.33
368.9
369.336
369.772
370.208
370.644
371.08
371.516
371.952
372.388
372.824
373.26
373.696
374.13
374.599
375.068
375.537
376.006
376.475
376.944
377.41
378.241
379.072
379.903
380.734
381.565
382.396
383.227
384.058
384.889
385.72
386.551
387.382
388.213
389.04
389.469
389.898
390.327
390.756
391.185
391.614
392.043
392.472
392.901
393.33
393.76
395.006
396.252
397.498
398.744
399.99
400.382
400.774
401.166
401.558
401.95
402.342
402.734
403.13
403.616
404.102
404.588
405.074
405.56
406.046
406.532
407.018
407.504
407.99
408.274
408.558
408.842
409.126
409.41
409.694
409.978
410.262
410.546
410.83
411.512
412.195
412.877
413.56
414.243
414.925
415.608
416.29
416.9
417.51
418.12
418.73
419.34
419.95
420.56
421.17
421.667
422.164
422.661
423.158
423.655
424.152
424.65
425.227
425.804
426.381
426.958
427.535
428.112
428.689
429.266
429.843
430.42
430.997
431.574
432.151
432.73
433.4
434.07
434.74
435.41
436.08
436.75
438.057
439.364
440.671
441.978
443.285
444.59
445.254
445.918
446.582
447.246
447.91
448.574
449.238
449.902
450.566
451.23
451.894
452.56
453.36
454.16
454.96
455.76
456.56
457.36
458.16
458.96
459.76
460.276
460.792
461.308
461.824
462.34
462.856
463.37
464.088
464.806
465.524
466.242
466.96
467.678
468.396
469.114
469.832
470.55
471.268
471.99
472.322
472.654
472.986
473.318
473.65
473.982
474.315
474.647
474.979
475.311
475.643
475.98
476.318
476.656
476.994
477.332
477.67
478.008
478.346
478.684
479.022
479.36
479.7
480.1
480.5
480.9
481.3
481.7
482.1
482.811
483.522
484.233
484.944
485.655
486.366
487.077
487.788
488.499
489.21
489.92
490.45
490.98
491.51
492.04
492.57
493.1
493.63
494.166
494.702
495.238
495.774
496.31
496.846
497.382
497.92
498.342
498.764
499.186
499.608
500.03
500.452
500.874
501.296
501.72
502.325
502.93
503.535
504.14
504.46
504.78
505.1
505.42
505.74
506.06
506.38
506.7
507.02
507.597
508.174
508.751
509.328
509.905
510.482
511.059
511.636
512.213
512.789
513.358
513.927
514.496
515.065
515.634
516.203
516.772
517.34
517.81
518.28
518.75
519.22
519.69
520.159
520.418
520.677
520.936
521.195
521.454
521.713
521.972
522.231
522.49
522.749
523.008
523.267
523.53
523.876
524.222
524.568
524.914
525.26
525.606
525.952
526.298
526.64
528.04
529.44
530.84
532.24
533.64
535.04
535.385
535.73
536.075
536.42
536.765
537.11
537.455
537.8
538.145
538.49
538.84
539.253
539.666
540.079
540.492
540.905
541.318
541.731
542.144
542.56
543.046
543.532
544.018
544.504
544.99
545.476
545.962
546.449
547.839
549.229
550.619
552.01
552.78
553.267
553.754
554.241
554.728
555.215
555.702
556.189
556.676
557.16
557.906
558.652
559.398
560.144
560.89
561.636
562.382
563.128
563.874
564.62
565.366
566.112
566.858
567.61
568.41
569.21
570.01
570.81
571.61
572.41
573.21
574.01
574.81
575.612
575.813
576.014
576.215
576.416
576.617
576.818
577.019
577.22
577.421
577.622
577.82
578.235
578.65
578.886
579.122
579.358
579.594
579.83
580.066
580.302
580.54
581.101
581.662
582.223
582.784
583.345
583.906
584.467
585.03
585.541
586.052
586.563
587.074
587.585
588.096
588.61
589.024
589.438
589.852
590.266
590.68
591.094
591.51
591.868
592.226
592.584
592.942
593.3
593.714
594.128
594.542
594.956
595.37
595.707
596.044
596.381
596.718
597.055
597.392
597.73
598.11
598.49
599.356
600.222
601.088
601.954
602.82
603.686
604.552
605.418
606.284
607.15
608.02
608.384
608.748
609.112
609.476
609.84
610.204
610.568
610.93
611.15
611.37
611.59
611.81
612.03
612.25
612.47
612.69
612.91
613.13
613.487
613.844
614.202
614.559
614.916
615.274
615.631
615.99
616.443
616.896
617.349
617.802
618.255
618.708
619.161
619.614
620.067
620.52
621.078
621.636
622.194
622.752
623.31
623.868
624.426
624.984
625.54
626.031
626.522
627.013
627.504
627.995
628.486
628.977
629.468
629.959
630.45
630.96
631.47
631.98
632.49
633.0
633.393
633.786
634.178
634.571
634.964
635.357
635.75
636.14
636.804
637.468
638.132
638.796
639.46
642.118
644.776
647.433
650.09
650.908
651.726
652.544
653.362
654.18
654.998
655.816
656.634
657.452
658.27
659.09
659.707
660.324
660.941
661.56
662.701
663.842
664.983
666.124
667.265
668.406
669.547
670.69
671.488
672.286
673.084
673.882
674.68
675.478
676.276
677.074
677.87
678.341
678.812
679.283
679.754
680.225
680.696
681.17
682.009
682.848
683.687
684.526
685.365
686.204
687.043
687.88
688.321
688.762
689.203
689.644
690.085
690.526
690.97
691.398
691.826
692.254
692.682
693.11
693.538
693.966
694.394
694.822
695.25
695.678
696.1
696.696
697.292
697.888
698.484
699.08
699.676
700.272
700.87
701.585
702.3
703.015
703.73
704.445
705.16
705.875
706.59
707.305
708.02
708.73
709.198
709.666
710.134
710.602
711.07
711.538
712.006
712.474
712.94
713.284
713.628
713.972
714.316
714.66
715.004
715.348
715.69
716.164
716.638
717.112
717.586
718.06
718.534
719.008
719.482
719.96
720.314
720.668
721.022
721.376
721.73
722.084
722.438
722.79
723.161
723.532
723.903
724.274
724.645
725.016
725.387
725.758
726.129
726.5
726.87
727.153
727.436
727.719
728.002
728.285
728.568
728.85
729.149
729.448
729.747
730.046
730.345
730.644
730.943
731.242
731.541
731.84
732.14
732.483
732.826
733.169
733.512
733.855
734.2
734.563
734.926
735.289
735.652
736.015
736.378
736.74
737.171
737.602
738.033
738.464
738.895
739.326
739.76
740.291
740.822
741.353
741.884
742.415
742.946
743.477
744.008
744.539
745.07
745.653
746.236
746.818
747.4
747.982
748.564
749.146
749.73
750.6
751.47
752.34
752.914
753.488
754.062
754.636
755.21
755.784
756.358
756.932
757.51
757.983
758.456
758.929
759.402
759.875
760.348
760.82
761.699
762.578
763.457
764.336
765.215
766.094
766.973
767.852
768.731
769.61
770.272
770.934
771.596
772.258
772.92
773.698
774.476
775.254
776.032
776.81
777.588
778.366
779.144
779.922
780.7
781.478
782.256
783.03
783.615
784.2
784.785
785.37
785.955
786.54
787.125
787.71
788.295
788.88
789.47
790.168
790.866
791.564
792.262
792.96
794.008
795.056
796.104
797.152
798.2
798.977
799.754
800.531
801.308
802.085
802.86
803.534
804.208
804.882
805.556
806.23
806.535
806.84
807.145
807.45
807.755
808.06
808.365
808.67
808.975
809.28
809.671
810.062
810.453
810.844
811.235
811.626
812.02
812.551
813.082
813.613
814.144
814.675
815.206
815.737
816.268
816.8
817.092
817.384
817.676
817.968
818.26
818.552
818.844
819.136
819.428
819.72
820.063
820.406
820.749
821.092
821.435
821.778
822.121
822.464
822.807
823.15
823.493
823.836
824.179
824.52
824.854
825.188
825.522
825.856
826.19
826.524
826.858
827.192
827.526
827.86
828.194
828.528
828.862
829.196
829.53
829.864
830.19
830.721
831.252
831.783
832.314
832.845
833.376
833.907
834.438
834.969
835.5
836.025
836.55
837.075
837.6
838.125
838.65
839.175
839.7
840.225
840.75
841.241
841.732
842.223
842.714
843.205
843.696
844.19
844.698
845.206
845.714
846.222
846.73
847.238
847.746
848.254
848.762
849.27
849.778
850.29
850.506
850.722
850.938
851.154
851.37
851.586
851.802
852.018
852.23
852.424
852.618
852.812
853.006
853.2
853.394
853.588
853.782
853.98
854.212
854.444
854.676
854.908
855.14
855.372
855.604
855.836
856.07
856.544
857.018
857.492
857.966
858.44
858.914
859.388
859.862
860.336
860.81
861.07
861.33
861.59
861.85
862.11
862.37
862.773
863.176
863.579
863.98
864.407
864.834
865.261
865.688
866.115
866.542
866.969
867.396
867.82
868.378
868.936
869.494
870.052
870.61
871.17
871.524
871.878
872.232
872.586
872.94
873.294
873.648
874.0
874.527
875.054
875.581
876.108
876.635
877.162
877.689
878.216
878.74
879.12
879.5
879.88
880.26
880.64
881.02
881.4
881.78
882.16
882.54
882.92
883.3
883.68
884.74
886.52
886.95
887.38
887.81
888.24
888.67
889.1
889.53
889.96
890.39
890.933
891.476
892.019
892.562
893.105
893.648
894.191
894.73
895.479
896.228
896.977
897.726
898.475
899.224
899.973
900.722
901.471
902.22
902.97
904.321
905.672
907.023
908.374
909.725
911.076
912.427
913.78
914.45
915.12
915.79
916.371
916.952
917.533
918.114
918.695
919.276
919.857
920.438
921.02
921.638
922.256
922.874
923.492
924.11
924.925
925.74
926.555
927.37
928.185
929.0
929.815
930.63
931.445
932.26
933.07
935.03
936.335
937.64
938.66
939.367
940.074
940.78
941.126
941.472
941.818
942.164
942.51
942.856
943.202
943.55
944.513
945.476
946.44
946.99
947.54
948.09
948.64
949.19
949.74
950.29
950.84
951.39
951.94
952.427
952.914
953.4
953.745
954.09
954.435
954.78
955.125
955.47
955.815
956.16
956.505
956.85
957.118
957.386
957.654
957.922
958.19
958.458
958.726
958.99
959.52
960.05
960.58
961.11
961.64
962.17
962.7
963.23
963.76
964.29
964.594
964.898
965.202
965.506
965.81
966.161
966.512
966.863
967.214
967.565
967.916
968.267
968.618
968.969
969.32
969.67
970.196
970.722
971.248
971.774
972.3
972.826
973.352
973.878
974.4
974.707
975.014
975.321
975.628
975.935
976.242
976.55
976.849
977.148
977.447
977.746
978.045
978.344
978.64
978.933
979.226
979.519
979.812
980.105
980.398
980.691
980.98
981.329
981.678
982.027
982.376
982.725
983.074
983.423
983.772
984.121
984.47
984.767
985.064
985.361
985.658
985.955
986.252
986.549
986.846
987.143
987.44
987.75
988.06
988.37
988.68
988.99
989.3
989.61
989.92
990.23
990.54
990.85
991.057
991.264
991.471
991.678
991.885
992.092
992.299
992.506
992.713
992.92
993.13
993.42
993.71
994.0
994.29
994.58
994.87
995.16
995.45
995.683
995.916
996.149
996.382
996.615
996.848
997.081
997.314
997.547
997.78
998.01
998.338
998.666
998.994
999.322
999.65
999.98
1000.311
1000.642
1000.973
1001.304
1001.635
1001.966
1002.297
1002.628
1002.96
1003.45
1003.94
1004.43
1004.92
1005.41
1005.9
1006.417
1006.934
1007.451
1007.968
1008.485
1009.002
1009.519
1010.036
1010.55
1011.502
1012.454
1013.406
1014.358
1015.31
1015.61
1015.91
1016.21
1016.51
1016.81
1017.11
1017.41
1017.71
1018.01
1018.52
1019.03
1019.54
1020.05
1020.56
1021.07
1021.58
1022.09
1022.6
1022.94
1023.28
1023.62
1023.96
1024.3
1024.64
1024.98
1025.748
1026.516
1027.284
1028.052
1028.82
1029.588
1030.359
1030.911
1031.463
1032.015
1032.567
1033.119
1033.671
1034.22
1034.893
1035.566
1036.24
1036.82
1037.4
1037.98
1038.56
1039.14
1039.72
1040.3
1040.88
1041.46
1042.04
1042.619
1043.475
1044.331
1045.187
1046.043
1046.9
1047.428
1047.956
1048.483
1049.01
1050.22
1051.43
1052.64
1053.85
1055.06
1056.27
1057.48
1058.098
1058.716
1059.333
1059.951
1060.569
1061.187
1061.804
1062.42
1062.837
1063.254
1063.671
1064.088
1064.505
1064.92
1065.871
1066.822
1067.773
1068.724
1069.675
1070.626
1071.577
1072.528
1073.48
1074.162
1074.845
1075.528
1076.211
1076.894
1077.577
1078.26
1078.94
1079.134
1079.328
1079.522
1079.716
1079.91
1080.104
1080.298
1080.492
1080.69
1081.242
1081.794
1082.346
1082.898
1083.45
1084.002
1084.554
1085.106
1085.658
1086.21
1087.086
1087.962
1088.838
1089.714
1090.59
1091.466
1092.342
1093.22
1093.613
1094.006
1094.399
1094.792
1095.185
1095.578
1095.971
1096.364
1096.757
1097.15
1097.541
1097.741
1097.941
1098.141
1098.341
1098.541
1098.741
1098.941
1099.141
1099.341
1099.54
1100.033
1100.525
1101.018
1101.51
1101.724
1101.938
1102.152
1102.366
1102.58
1102.794
1103.007
1103.236
1103.465
1103.694
1103.923
1104.152
1104.381
1104.61
1104.84
1105.126
1105.412
1105.698
1105.984
1106.27
1106.556
1106.84
1107.188
1107.536
1107.884
1108.23
1108.526
1108.822
1109.118
1109.414
1109.71
1110.006
1110.3
1110.8
1111.036
1111.272
1111.508
1111.744
1111.98
1112.216
1112.452
1112.688
1112.925
1113.472
1114.019
1114.566
1115.113
1115.66
1116.211
1116.762
1117.313
1117.864
1118.415
1118.966
1119.517
1120.07
1120.414
1120.758
1121.102
1121.446
1121.79
1122.134
1122.48
1122.942
1123.404
1123.866
1124.328
1124.79
1125.392
1125.994
1126.596
1127.198
1127.8
1128.402
1129.004
1129.606
1130.21
1130.45
1130.69
1130.93
1131.17
1131.41
1131.65
1131.89
1132.13
1132.37
1132.63
1132.89
1133.15
1133.41
1133.67
1133.914
1134.158
1134.402
1134.646
1134.89
1135.134
1135.378
1135.582
1135.786
1135.99
1136.194
1136.398
1136.6
1136.857
1137.114
1137.371
1137.628
1137.885
1138.142
1138.399
1138.656
1138.91
1139.322
1139.734
1140.146
1140.558
1140.97
1141.38
1141.96
1142.54
1143.12
1143.7
1144.28
1144.86
1145.44
1146.02
1146.6
1147.044
1147.488
1147.932
1148.376
1148.82
1149.264
1149.708
1150.152
1150.6
1151.412
1152.224
1153.036
1153.848
1154.66
1155.271
1155.881
1156.492
1157.102
1157.729
1158.356
1158.983
1159.61
1160.236
1160.863
1161.49
1162.117
1162.744
1163.37
1163.996
1164.62
1165.247
1165.874
1166.501
1167.128
1167.755
1168.382
1169.009
1169.636
1170.263
1170.89
1171.517
1172.14
1173.002
1173.864
1174.726
1175.588
1176.45
1177.312
1178.174
1179.036
1179.898
1180.76
1181.62
1181.99
1182.36
1182.73
1183.563
1183.918
1184.272
1184.626
1184.98
1185.334
1185.69
1185.96
1186.23
1186.5
1186.77
1187.04
1187.31
1187.68
1188.05
1188.42
1188.79
1189.158
1189.525
1189.893
1190.26
1190.476
1190.692
1190.908
1191.124
1191.34
1191.556
1191.772
1191.988
1192.204
1192.42
1192.636
1192.852
1193.068
1193.28
1193.562
1193.844
1194.126
1194.408
1194.69
1194.972
1195.254
1195.536
1195.818
1196.1
1196.382
1196.664
1196.94
1197.161
1197.382
1197.603
1197.824
1198.045
1198.266
1198.487
1198.708
1198.93
1199.615
1200.3
1200.985
1201.67
1202.355
1203.04
1203.725
1204.41
1205.095
1205.78
1206.46
1208.27
1210.08
1210.317
1210.554
1210.791
1211.028
1211.265
1211.502
1211.74
1212.32
1212.9
1213.48
1214.06
1214.571
1215.082
1215.593
1216.104
1216.615
1217.126
1217.64
1219.288
1220.936
1222.584
1224.232
1225.88
1227.528
1229.176
1230.824
1232.472
1234.12
1235.768
1237.42
1237.889
1238.358
1238.827
1239.296
1239.765
1240.234
1240.703
1241.17
1241.681
1242.192
1242.703
1243.214
1243.725
1244.236
1244.747
1245.258
1245.769
1246.28
1246.79
1247.054
1247.318
1247.582
1247.846
1248.11
1248.449
1248.788
1249.127
1249.466
1249.805
1250.144
1250.483
1250.822
1251.161
1251.5
1251.839
1252.178
1252.52
1252.907
1253.294
1253.681
1254.068
1254.455
1254.842
1255.229
1255.616
1256.0
1256.307
1256.615
1256.923
1257.231
1257.539
1257.847
1258.155
1258.463
1258.771
1259.079
1259.387
1259.69
1259.954
1260.218
1260.482
1260.746
1261.01
1261.274
1261.538
1261.802
1262.066
1262.33
1262.594
1262.858
1263.122
1263.386
1263.645
1264.318
1264.99
1265.237
1265.484
1265.731
1265.978
1266.225
1266.472
1266.719
1266.966
1267.21
1267.597
1267.984
1268.371
1268.758
1269.145
1269.532
1269.919
1270.306
1270.693
1271.08
1271.47
1271.8
1272.13
1272.46
1272.79
1273.12
1273.45
1273.78
1274.11
1274.491
1274.872
1275.253
1275.634
1276.015
1276.396
1276.777
1277.16
1277.517
1277.874
1278.231
1278.588
1278.945
1279.302
1279.659
1280.016
1280.37
1280.859
1281.348
1281.837
1282.326
1282.815
1283.304
1283.793
1284.28
1284.65
1285.02
1285.39
1285.76
1286.13
1286.5
1286.87
1287.24
1287.61
1287.98
1288.35
1288.72
1288.975
1289.23
1289.485
1289.74
1289.995
1290.25
1290.505
1290.76
1291.015
1291.27
1291.525
1291.78
1292.035
1292.29
1292.57
1292.85
1293.13
1293.41
1293.69
1293.942
1294.194
1294.446
1294.698
1294.95
1295.202
1295.454
1295.706
1295.958
1296.21
1296.462
1296.71
1297.064
1297.418
1297.772
1298.126
1298.48
1298.834
1299.188
1299.542
1299.896
1300.25
1300.604
1300.958
1301.31
1301.616
1301.922
1302.228
1302.534
1302.84
1303.146
1303.452
1303.758
1304.06
1304.322
1304.584
1304.846
1305.108
1305.37
1305.632
1305.894
1306.156
1306.418
1306.68
1306.914
1307.148
1307.382
1307.616
1307.85
1308.084
1308.318
1308.55
1308.858
1309.166
1309.474
1309.782
1310.09
1310.398
1310.706
1311.014
1311.32
1311.589
1311.858
1312.127
1312.396
1312.665
1312.934
1313.203
1313.47
1313.887
1314.304
1314.721
1315.138
1315.555
1315.972
1316.39
1316.878
1317.365
1317.852
1318.34
1319.032
1319.724
1320.416
1321.108
1321.8
1322.49
1322.864
1323.238
1323.612
1323.986
1324.36
1324.734
1325.108
1325.48
1325.822
1326.164
1326.506
1326.849
1327.191
1327.534
1327.877
1328.22
1328.48
1328.74
1329.0
1329.26
1329.52
1329.78
1330.104
1330.428
1330.752
1331.076
1331.4
1331.724
1332.048
1332.372
1332.696
1333.02
1333.386
1333.752
1334.118
1334.484
1334.85
1335.216
1335.582
1335.948
1336.31
1336.833
1337.356
1337.879
1338.402
1338.925
1339.448
1339.971
1340.494
1341.017
1341.54
1342.063
1342.586
1343.11
1343.537
1343.965
1344.392
1344.82
1345.027
1345.235
1345.442
1345.649
1345.856
1346.063
1346.271
1346.48
1346.984
1347.488
1347.992
1348.496
1349.0
1349.391
1349.782
1350.173
1350.564
1350.955
1351.346
1351.737
1352.128
1352.519
1352.91
1353.301
1353.692
1354.083
1354.474
1354.86
1355.536
1356.212
1356.888
1357.564
1358.24
1358.916
1359.592
1360.27
1360.799
1361.328
1361.857
1362.386
1362.915
1363.444
1363.973
1364.502
1365.031
1365.56
1366.089
1366.618
1367.15
1367.437
1367.724
1368.011
1368.298
1368.585
1368.872
1369.159
1369.446
1369.733
1370.02
1370.386
1370.752
1371.118
1371.484
1371.85
1372.216
1372.582
1372.948
1373.314
1373.68
1374.046
1374.412
1374.778
1375.14
1375.527
1375.914
1376.301
1376.688
1377.075
1377.462
1377.849
1378.236
1381.768
1385.3
1388.832
1392.364
1395.896
1399.43
1401.67
1403.91
1406.15
1408.39
1410.63
1411.628
1412.625
1413.622
1414.62
1415.617
1416.614
1417.611
1418.609
1419.606
1420.603
1421.601
1422.6
1423.09
1423.58
1424.07
1424.56
1425.05
1425.54
1426.03
1426.52
1427.01
1427.5
1428.322
1429.144
1429.966
1430.788
1431.61
1432.43
1433.131
1433.832
1434.533
1435.234
1435.935
1436.636
1437.337
1438.038
1438.739
1439.44
1441.04
1442.64
1444.24
1445.84
1447.44
1449.04
1450.64
1451.872
1453.104
1454.336
1455.568
1456.8
1458.03
1459.307
1460.584
1461.861
1463.139
1464.416
1465.693
1466.97
1468.25
1468.76
1469.27
1469.78
1470.29
1470.8
1471.31
1471.7
1472.09
1472.48
1472.87
1473.26
1473.65
1474.04
1474.43
1474.82
1475.299
1475.778
1476.257
1476.736
1477.215
1477.694
1478.173
1478.65
1479.168
1479.686
1480.204
1480.722
1481.24
1481.457
1481.674
1481.891
1482.108
1482.325
1482.542
1482.759
1482.976
1483.193
1483.41
1483.627
1483.844
1484.06
1484.53
1485.0
1485.47
1485.94
1486.41
1486.88
1487.35
1487.82
1488.29
1488.76
1489.23
1489.715
1490.2
1490.685
1491.17
1491.655
1492.14
1492.625
1493.11
1493.485
1493.86
1494.235
1494.61
1494.985
1495.36
1495.735
1496.107
1496.506
1496.905
1497.304
1497.703
1498.102
1498.501
1498.9
1499.254
1499.608
1499.962
1500.316
1500.67
1501.024
1501.378
1501.732
1502.086
1502.44
1502.631
1502.822
1503.013
1503.204
1503.395
1503.586
1503.777
1503.97
1504.275
1504.58
1504.885
1505.19
1505.495
1505.8
1506.168
1506.535
1506.903
1507.271
1507.639
1508.006
1508.374
1508.74
1509.064
1509.388
1509.712
1510.036
1510.36
1510.684
1511.008
1511.332
1511.656
1511.98
1512.322
1512.664
1513.006
1513.348
1513.69
1514.032
1514.374
1514.716
1515.058
1515.4
1515.678
1515.956
1516.234
1516.512
1516.79
1517.068
1517.346
1517.624
1517.902
1518.18
1518.458
1518.74
1519.194
1519.648
1520.102
1520.556
1521.01
1521.464
1521.918
1522.37
1522.767
1523.164
1523.561
1523.958
1524.355
1524.75
1525.193
1525.636
1526.079
1526.522
1526.965
1527.408
1527.851
1528.294
1528.74
1529.036
1529.332
1529.628
1529.924
1530.22
1530.516
1530.812
1531.108
1531.4
1531.825
1532.25
1532.675
1533.1
1533.525
1533.95
1534.57
1535.19
1535.81
1536.129
1536.448
1536.767
1537.086
1537.405
1537.724
1538.043
1538.362
1538.68
1539.116
1539.552
1539.988
1540.424
1540.86
1541.296
1541.73
1542.026
1542.322
1542.618
1542.914
1543.21
1543.506
1543.802
1544.098
1544.39
1544.834
1545.278
1545.722
1546.166
1546.61
1547.054
1547.498
1547.942
1548.386
1548.83
1549.33
1549.83
1550.33
1550.57
1550.81
1551.05
1551.29
1551.53
1551.77
1552.04
1552.31
1552.58
1552.85
1553.12
1553.39
1553.66
1553.922
1554.184
1554.446
1554.708
1554.97
1555.232
1555.493
1555.82
1556.147
1556.474
1556.801
1557.128
1557.455
1557.782
1558.109
1558.436
1558.763
1559.09
1559.417
1559.74
1560.091
1560.442
1560.793
1561.144
1561.495
1561.846
1562.197
1562.55
1562.892
1563.234
1563.576
1563.918
1564.26
1564.602
1564.944
1565.286
1565.628
1565.97
1566.31
1566.702
1567.094
1567.486
1567.878
1568.27
1568.472
1568.674
1568.876
1569.078
1569.28
1569.482
1569.684
1569.886
1570.088
1570.29
1570.977
1571.664
1572.35
1572.859
1573.368
1573.877
1574.386
1574.895
1575.404
1575.913
1576.422
1576.931
1577.44
1577.949
1578.46
1579.094
1579.728
1580.362
1580.996
1581.63
1582.264
1582.898
1583.532
1584.166
1584.8
1585.43
1585.762
1586.094
1586.426
1586.758
1587.09
1587.422
1587.754
1588.086
1588.418
1588.75
1589.082
1589.414
1589.74
1590.382
1591.024
1591.666
1592.308
1592.95
1593.592
1594.234
1594.876
1595.518
1596.16
1596.675
1597.19
1597.705
1598.22
1598.735
1599.25
1599.765
1600.28
1600.795
1601.31
1601.825
1602.34
1602.85
1603.242
1603.634
1604.026
1604.418
1604.81
1605.202
1605.594
1605.986
1606.38
1606.625
1606.87
1607.115
1607.36
1607.605
1607.85
1608.095
1608.34
1608.585
1608.83
1609.33
1609.83
1610.33
1610.83
1611.33
1611.83
1612.33
1612.83
1613.33
1613.83
1614.375
1614.92
1615.465
1616.01
1616.555
1617.1
1617.645
1618.19
1618.735
1619.28
1619.83
1620.065
1620.3
1620.535
1620.77
1621.005
1621.24
1621.475
1621.71
1621.945
1622.18
1622.42
1622.647
1622.874
1623.101
1623.328
1623.555
1623.782
1624.009
1624.236
1624.46
1625.301
1626.142
1626.983
1627.824
1628.665
1629.506
1630.347
1631.188
1632.029
1632.87
1633.711
1634.55
1634.848
1635.146
1635.444
1635.742
1636.04
1636.338
1636.636
1636.934
1637.23
1637.959
1638.688
1639.417
1640.146
1640.875
1641.604
1642.333
1643.062
1643.79
1644.215
1644.64
1645.065
1645.49
1645.915
1646.34
1646.765
1647.19
1647.615
1648.04
1648.47
1648.777
1649.084
1649.391
1649.698
1650.005
1650.312
1650.619
1650.926
1651.23
1651.4
1651.57
1651.74
1651.91
1652.08
1652.25
1652.42
1652.59
1652.76
1652.93
1653.1
1653.371
1653.642
1653.913
1654.184
1654.455
1654.726
1655.0
1655.285
1655.57
1655.855
1656.14
1656.425
1656.71
1656.995
1657.28
1657.565
1657.85
1658.135
1658.42
1658.71
1659.074
1659.438
1659.802
1660.166
1660.53
1660.894
1661.258
1661.622
1661.986
1662.35
1662.714
1663.078
1663.442
1663.8
1665.002
1666.204
1667.406
1668.608
1669.812
1670.118
1670.424
1670.73
1671.036
1671.342
1671.648
1671.954
1672.26
1672.979
1673.698
1674.417
1675.136
1675.855
1676.574
1677.293
1678.012
1678.731
1679.454
1679.69
1679.926
1680.162
1680.398
1680.634
1680.87
1681.187
1681.504
1681.821
1682.138
1682.455
1682.772
1683.089
1683.406
1683.72
1684.507
1685.294
1686.082
1686.87
1687.297
1687.725
1688.152
1688.58
1689.202
1689.824
1690.446
1690.746
1691.046
1691.346
1691.646
1691.945
1692.253
1692.561
1692.869
1693.177
1693.486
1693.894
1694.302
1694.71
1695.04
1695.37
1695.75
1696.13
1696.51
1696.89
1697.27
1697.65
1699.264
1700.09
1700.916
1701.742
1702.57
1702.77
1702.97
1703.17
1703.37
1703.57
1703.817
1704.064
1704.311
1704.558
1704.805
1705.052
1705.299
1705.546
1705.793
1706.04
1706.287
1706.536
1706.732
1706.928
1707.124
1707.32
1707.516
1707.712
1707.91
1708.241
1708.572
1708.903
1709.234
1709.565
1709.896
1710.23
1710.515
1710.8
1711.085
1711.37
1712.41
1713.45
1714.87
1715.597
1716.324
1717.05
1717.612
1718.175
1718.737
1719.3
1719.858
1720.416
1720.974
1721.53
1723.0
1724.47
1724.885
1725.3
1725.715
1726.13
1726.545
1726.96
1727.375
1727.79
1728.205
1728.62
1729.035
1729.45
1729.87
1730.289
1730.708
1731.127
1731.546
1731.965
1732.384
1732.803
1733.222
1733.641
1734.06
1734.48
1734.807
1735.134
1735.461
1735.788
1736.115
1736.442
1736.769
1737.096
1737.423
1737.75
1738.077
1738.4
1738.71
1739.02
1739.33
1739.64
1739.95
1740.233
1740.516
1740.799
1741.082
1741.365
1741.648
1741.931
1742.214
1742.497
1742.78
1743.288
1743.796
1744.304
1744.812
1745.32
1745.828
1746.336
1746.844
1747.352
1747.86
1748.368
1748.876
1749.38
1749.767
1750.154
1750.541
1750.928
1751.315
1751.702
1752.089
1752.476
1752.86
1753.345
1753.83
1754.315
1754.8
1755.285
1755.77
1756.255
1756.74
1757.279
1757.818
1758.357
1758.896
1759.435
1759.974
1760.513
1761.052
1761.59
1762.43
1763.27
1764.11
1764.95
1765.79
1766.63
1767.47
1768.31
1769.15
1769.99
1770.83
1771.358
1771.886
1772.414
1772.942
1773.47
1774.0
1774.813
1775.626
1776.439
1777.252
1778.065
1778.878
1779.691
1780.504
1781.317
1782.13
1782.531
1782.932
1783.333
1783.734
1784.135
1784.536
1784.937
1785.338
1785.74
1786.211
1786.682
1787.153
1787.624
1788.095
1788.566
1789.037
1789.508
1789.979
1790.45
1790.921
1791.392
1791.863
1792.334
1792.81
1793.067
1793.324
1793.581
1793.838
1794.095
1794.352
1794.61
1794.793
1794.976
1795.159
1795.342
1795.525
1795.708
1795.891
1796.074
1796.26
1796.648
1797.036
1797.424
1797.812
1798.2
1798.588
1798.976
1799.364
1799.752
1800.14
1800.436
1800.732
1801.028
1801.324
1801.62
1802.387
1803.154
1803.921
1804.688
1805.455
1806.222
1806.989
1807.756
1808.523
1809.29
1810.057
1810.82
1811.474
1812.128
1812.782
1813.436
1814.09
1814.744
1815.398
1816.05
1816.779
1817.508
1818.237
1818.966
1819.695
1820.424
1821.153
1821.882
1822.611
1823.34
1824.069
1824.8
1825.467
1826.134
1826.8
1827.523
1828.245
1828.967
1829.69
1829.914
1830.138
1830.362
1830.586
1830.81
1831.034
1831.258
1831.482
1831.706
1831.93
1832.154
1832.38
1832.783
1833.186
1833.589
1833.992
1834.395
1834.798
1835.201
1835.604
1836.007
1836.41
1836.813
1837.216
1837.62
1837.994
1838.368
1838.742
1839.116
1839.49
1839.864
1840.238
1840.61
1841.102
1841.594
1842.086
1842.578
1843.07
1843.262
1843.454
1843.646
1843.84
1844.054
1844.268
1844.482
1844.696
1844.91
1845.124
1845.34
1845.632
1845.924
1846.216
1846.508
1846.8
1847.09
1847.634
1848.178
1848.722
1849.266
1849.81
1850.132
1850.454
1850.776
1851.098
1851.42
1851.742
1852.061
1852.56
1852.952
1853.345
1853.738
1854.13
1854.441
1854.752
1855.063
1855.374
1855.685
1855.996
1856.307
1856.618
1856.929
1857.24
1857.591
1857.942
1858.293
1858.644
1858.995
1859.346
1859.7
1859.891
1860.082
1860.273
1860.464
1860.655
1860.846
1861.037
1861.23
1861.72
1862.21
1862.7
1863.19
1863.68
1864.17
1864.66
1865.15
1865.64
1866.13
1866.62
1867.233
1867.846
1868.459
1869.072
1869.685
1870.298
1870.911
1871.524
1872.14
1872.856
1873.572
1874.288
1875.004
1875.72
1875.975
1876.23
1876.485
1876.74
1876.995
1877.25
1877.505
1877.76
1878.015
1878.27
1878.525
1878.78
1879.035
1879.29
1879.789
1880.288
1880.787
1881.286
1881.785
1882.284
1882.783
1883.28
1883.492
1883.704
1883.916
1884.128
1884.34
1884.552
1884.764
1884.976
1885.188
1885.4
1885.678
1885.956
1886.234
1886.512
1886.79
1887.068
1887.346
1887.624
1887.902
1888.18
1888.458
1888.736
1889.01
1889.289
1889.568
1889.847
1890.126
1890.405
1890.684
1890.963
1891.242
1891.521
1891.8
1892.079
1892.36
1893.31
1894.26
1895.21
1896.16
1897.11
1898.06
1899.01
1899.96
1900.384
1900.808
1901.232
1901.656
1902.08
1902.504
1902.928
1903.35
1903.57
1903.79
1904.01
1904.23
1904.45
1904.67
1904.89
1905.367
1905.844
1906.321
1906.798
1907.275
1907.75
1908.033
1908.316
1908.599
1908.882
1909.165
1909.448
1909.73
1910.023
1910.315
1910.608
1910.9
1911.193
1911.486
1911.779
1912.07
1912.397
1912.724
1913.051
1913.378
1913.705
1914.032
1914.359
1914.686
1915.013
1915.34
1915.667
1915.994
1916.32
1916.807
1917.294
1917.782
1918.27
1918.898
1919.526
1920.154
1920.782
1921.41
1922.038
1922.666
1923.294
1923.92
1924.395
1924.87
1925.345
1925.82
1926.295
1926.77
1927.245
1927.72
1928.195
1928.67
1929.15
1929.488
1929.826
1930.164
1930.502
1930.84
1931.18
1931.436
1931.692
1931.948
1932.204
1932.46
1932.716
1932.972
1933.228
1933.48
1933.97
1934.46
1934.95
1935.44
1935.93
1936.42
1936.91
1937.4
1937.89
1938.151
1938.412
1938.673
1938.934
1939.195
1939.456
1939.717
1939.978
1940.239
1940.5
1940.761
1941.022
1941.283
1941.544
1941.805
1942.07
1942.734
1943.398
1944.062
1944.333
1944.604
1944.875
1945.146
1945.417
1945.688
1945.959
1946.23
1946.501
1946.772
1947.043
1947.314
1947.59
1948.172
1948.755
1949.338
1949.92
1950.503
1951.085
1951.668
1952.25
1953.121
1953.993
1954.864
1955.736
1955.908
1956.08
1956.252
1956.424
1956.596
1956.768
1956.94
1957.11
1957.504
1957.898
1958.292
1958.686
1959.08
1959.474
1959.868
1960.262
1960.656
1961.05
1961.44
1961.704
1961.968
1962.232
1962.496
1962.76
1963.024
1963.288
1963.552
1963.82
1964.634
1965.448
1966.262
1967.076
1967.89
1968.704
1969.518
1970.33
1970.647
1970.964
1971.281
1971.598
1971.915
1972.23
1972.465
1972.7
1972.935
1973.17
1973.405
1973.64
1973.875
1974.11
1974.345
1974.58
1974.82
1975.188
1975.556
1975.924
1976.292
1976.659
1977.027
1977.395
1977.763
1978.13
1978.498
1978.866
1979.23
1979.494
1979.758
1980.022
1980.286
1980.55
1980.814
1981.078
1981.34
1981.81
1982.28
1982.75
1983.22
1983.69
1984.16
1984.63
1985.1
1985.57
1986.04
1986.51
1986.98
1987.45
1987.92
1988.387
1988.649
1988.911
1989.173
1989.435
1989.697
1989.959
1990.22
1990.562
1990.904
1991.246
1991.588
1991.93
1992.272
1992.614
1992.956
1993.298
1993.64
1993.982
1994.324
1994.66
1995.133
1995.606
1996.079
1996.552
1997.025
1997.498
1997.971
1998.444
1998.917
1999.39
1999.863
2000.336
2000.809
2001.282
2001.76
2002.477
2003.194
2003.911
2004.628
2005.345
2006.062
2006.78
2007.12
2007.46
2007.8
2008.14
2008.48
2008.82
2009.16
2009.5
2009.84
2010.18
2010.52
2010.86
2011.2
2011.54
2012.87
2014.2
2015.53
2016.86
2018.19
2019.52
2020.85
2022.18
2022.473
2022.766
2023.059
2023.352
2023.645
2023.938
2024.231
2024.524
2024.817
2025.11
2025.543
2025.976
2026.409
2026.842
2027.275
2027.708
2028.141
2028.574
2029.01
2029.187
2029.364
2029.541
2029.718
2029.895
2030.072
2030.249
2030.426
2030.6
2030.815
2031.03
2031.245
2031.46
2031.675
2031.89
2032.534
2033.178
2033.822
2034.466
2035.11
2035.754
2036.4
2036.987
2037.574
2038.16
2038.627
2039.094
2039.561
2040.028
2040.495
2040.962
2041.429
2041.896
2042.363
2042.834
2043.488
2044.142
2044.796
2045.45
2046.104
2046.758
2047.412
2048.066
2048.72
2049.374
2050.028
2050.679
2051.193
2051.707
2052.221
2052.735
2053.249
2053.763
2054.277
2054.791
2055.305
2055.819
2056.333
2056.85
2057.101
2057.352
2057.603
2057.854
2058.105
2058.356
2058.607
2058.858
2059.109
2059.36
2059.61
2059.842
2060.074
2060.306
2060.538
2060.77
2061.002
2061.234
2061.466
2061.698
2061.93
2062.159
2062.953
2063.747
2064.541
2065.334
2066.127
2066.92
2067.317
2067.714
2068.111
2068.508
2068.905
2069.302
2069.699
2070.096
2070.493
2070.89
2071.287
2071.684
2072.081
2072.478
2072.875
2073.272
2073.669
2074.066
2074.463
2074.86
2075.257
2075.661
2076.031
2076.401
2076.771
2077.141
2077.511
2077.881
2078.251
2078.621
2078.989
2079.403
2079.817
2080.231
2080.645
2081.059
2081.473
2081.887
2082.301
2082.715
2083.129
2083.543
2083.957
2084.371
2084.785
2085.199
2085.613
2086.027
2086.44
2086.776
2087.112
2087.448
2087.784
2088.12
2088.456
2088.792
2089.128
2089.464
2089.8
2090.136
2090.472
2090.808
2091.144
2091.48
2091.816
2092.152
2092.488
2092.824
2093.159
2093.575
2093.991
2094.407
2094.823
2095.239
2095.374
2095.509
2095.644
2095.78
2096.228
2096.676
2097.124
2097.572
2098.02
2098.468
2098.916
2099.364
2099.81
2100.013
2100.216
2100.419
2100.622
2100.825
2101.028
2101.231
2101.434
2101.64
2101.926
2102.212
2102.498
2102.784
2103.07
2103.356
2103.642
2103.928
2104.214
2104.5
2104.786
2105.072
2105.358
2105.644
2105.93
2106.216
2106.502
2106.788
2107.08
2107.543
2108.006
2108.469
2108.932
2109.395
2109.858
2110.321
2110.784
2111.247
2111.71
2112.122
2112.534
2112.947
2113.36
2113.773
2114.186
2114.599
2115.012
2115.425
2115.838
2116.251
2116.66
2116.878
2117.096
2117.314
2117.532
2117.75
2117.968
2118.186
2118.404
2118.62
2118.877
2119.134
2119.391
2119.648
2119.905
2120.162
2120.419
2120.676
2120.933
2121.19
2121.447
2121.704
2121.961
2122.22
2122.484
2122.748
2123.012
2123.276
2123.54
2123.804
2124.068
2124.332
2124.596
2124.86
2125.491
2126.122
2126.753
2127.384
2128.015
2128.646
2129.277
2129.908
2130.539
2131.17
2131.8
2133.7
2134.108
2134.516
2134.924
2135.332
2135.74
2136.148
2136.556
2136.964
2137.372
2137.78
2138.19
2138.594
2138.998
2139.402
2139.806
2140.21
2140.614
2141.018
2141.42
2141.675
2141.93
2142.185
2142.44
2142.695
2142.949
2143.148
2143.347
2143.546
2143.745
2143.944
2144.143
2144.342
2144.541
2144.74
2145.128
2145.516
2145.904
2146.292
2146.68
2147.068
2147.456
2147.844
2148.23
2148.492
2148.755
2149.017
2149.279
2149.541
2149.803
2150.065
2150.33
2150.808
2151.286
2151.764
2152.242
2152.72
2153.2
2153.5
2153.8
2154.1
2154.4
2154.7
2155.064
2155.428
2155.792
2156.156
2156.52
2156.884
2157.25
2157.65
2158.05
2158.45
2158.85
2159.25
2159.65
2160.05
2160.45
2160.85
2161.183
2161.516
2161.849
2162.182
2162.515
2162.85
2163.169
2163.488
2163.807
2164.126
2164.445
2164.764
2165.083
2165.402
2165.72
2166.351
2166.982
2167.613
2168.244
2168.875
2169.506
2170.137
2170.768
2171.4
2171.764
2172.128
2172.492
2172.856
2173.22
2173.584
2173.948
2174.312
2174.676
2175.04
2175.404
2175.768
2176.132
2176.49
2176.88
2177.27
2177.66
2178.05
2178.44
2178.83
2179.22
2180.53
2181.84
2183.15
2186.118
2189.086
2192.053
2195.02
2196.076
2197.132
2198.188
2199.244
2200.3
2201.356
2202.412
2203.47
2204.1
2204.73
2206.655
2208.58
2210.505
2212.43
2214.355
2216.28
2218.205
2220.13
2220.649
2221.168
2221.687
2222.206
2222.725
2223.244
2223.763
2224.282
2224.801
2225.32
2225.709
2226.098
2226.487
2226.876
2227.265
2227.654
2228.043
2228.432
2228.82
2229.464
2230.108
2230.752
2231.396
2232.04
2232.684
2233.33
2233.863
2234.396
2234.929
2235.462
2235.995
2236.528
2237.061
2237.594
2238.127
2238.66
2239.093
2239.526
2239.959
2240.392
2240.825
2241.258
2241.691
2242.124
2242.557
2242.99
2243.423
2243.856
2244.29
2244.597
2244.905
2245.213
2245.521
2245.829
2246.137
2246.445
2246.75
2247.339
2247.928
2248.517
2249.106
2249.695
2250.284
2250.873
2251.462
2252.051
2252.64
2252.954
2253.268
2253.582
2253.896
2254.21
2254.524
2254.838
2255.15
2255.513
2255.876
2256.239
2256.602
2256.965
2257.328
2257.691
2258.053
2258.416
2258.779
2259.142
2259.505
2259.868
2260.231
2260.594
2260.95
2261.44
2261.93
2262.42
2262.91
2263.4
2263.89
2264.38
2264.87
2265.36
2265.823
2266.286
2266.749
2267.212
2267.675
2268.138
2268.601
2269.064
2269.527
2269.99
2270.45
2270.686
2270.922
2271.158
2271.394
2271.63
2271.866
2272.102
2272.34
2272.697
2273.054
2273.411
2273.768
2274.125
2274.482
2274.839
2275.196
2275.553
2275.91
2276.267
2276.62
2276.988
2277.355
2277.722
2278.09
2278.79
2279.49
2280.19
2280.89
2281.39
2281.89
2282.39
2282.89
2283.39
2283.89
2284.367
2284.844
2285.321
2285.798
2286.275
2286.752
2287.229
2287.706
2288.183
2288.66
2289.137
2289.61
2290.167
2290.724
2291.281
2291.838
2292.395
2292.952
2293.509
2294.064
2294.777
2295.49
2296.203
2296.916
2297.63
2298.614
2299.598
2300.582
2301.566
2302.55
2303.534
2304.52
2304.998
2305.476
2306.27
2306.585
2306.9
2307.215
2307.53
2308.008
2308.486
2308.964
2309.442
2309.92
2310.4
2311.205
2312.01
2312.815
2313.62
2314.425
2315.23
2316.035
2316.84
2317.645
2318.45
2319.255
2320.059
2321.59
2323.121
2324.651
2330.144
2330.925
2331.706
2332.487
2333.268
2334.049
2334.83
2335.61
2336.922
2338.234
2339.546
2340.858
2342.17
2343.482
2344.797
2345.019
2345.241
2345.463
2345.685
2345.907
2346.13
2346.934
2347.737
2348.464
2349.191
2349.918
2350.645
2351.372
2352.099
2352.297
2352.495
2352.693
2352.89
2353.3
2353.71
2354.12
2354.53
2354.94
2355.35
2355.76
2356.17
2356.421
2356.672
2356.923
2357.174
2357.425
2357.676
2357.927
2358.178
2358.429
2358.68
2358.931
2359.182
2359.433
2359.68
2359.921
2360.162
2360.403
2360.644
2360.885
2361.126
2361.37
2361.652
2361.934
2362.216
2362.498
2362.78
2363.039
2363.298
2363.557
2363.816
2364.233
2364.65
2365.066
2365.482
2365.829
2366.176
2366.523
2366.87
2367.217
2367.565
2368.001
2368.437
2368.873
2369.31
2369.643
2369.976
2370.31
2371.02
2371.73
2372.44
2373.15
2373.86
2374.57
2375.28
2375.99
2376.547
2377.104
2377.661
2378.218
2378.775
2379.332
2379.889
2380.446
2381.002
2381.215
2381.428
2381.641
2381.854
2382.067
2382.28
2382.494
2382.71
2382.963
2383.216
2383.469
2383.722
2383.975
2384.228
2384.481
2384.734
2384.99
2385.292
2385.594
2385.896
2386.198
2386.5
2386.802
2387.104
2387.406
2387.708
2388.01
2388.312
2388.614
2388.91
2389.247
2389.584
2389.921
2390.26
2390.552
2390.844
2391.136
2391.428
2391.72
2392.01
2392.207
2392.404
2392.601
2392.798
2392.995
2393.192
2393.389
2393.586
2393.783
2393.98
2394.212
2394.444
2394.676
2394.908
2395.14
2395.372
2395.604
2395.836
2396.068
2396.3
2396.53
2396.779
2397.028
2397.277
2397.526
2397.775
2398.024
2398.273
2398.52
2398.881
2399.242
2399.603
2399.964
2400.325
2400.686
2401.047
2401.408
2401.769
2402.13
2402.677
2403.224
2403.771
2404.318
2404.865
2405.412
2405.959
2406.506
2407.05
2407.251
2407.452
2407.653
2407.854
2408.055
2408.256
2408.457
2408.658
2408.86
2409.315
2409.77
2410.052
2410.334
2410.616
2410.898
2411.18
2411.462
2411.744
2412.026
2412.308
2412.59
2412.872
2413.15
2413.495
2413.84
2414.185
2414.53
2414.875
2415.22
2415.527
2415.834
2416.141
2416.45
2416.87
2417.29
2417.71
2418.13
2418.55
2418.97
2419.39
2419.81
2420.215
2420.62
2421.025
2421.43
2421.835
2422.24
2422.645
2423.05
2423.406
2423.762
2424.118
2424.474
2424.83
2425.186
2425.542
2425.898
2426.25
2426.55
2426.85
2427.15
2427.45
2427.75
2427.951
2428.152
2428.353
2428.554
2428.755
2428.956
2429.157
2429.358
2429.56
2430.071
2430.582
2431.093
2431.604
2432.115
2432.626
2433.137
2433.648
2434.159
2434.67
2434.982
2435.294
2435.606
2435.918
2436.23
2436.54
2436.824
2437.108
2437.392
2437.676
2437.96
2438.244
2438.528
2438.812
2439.096
2439.379
2439.583
2439.787
2439.991
2440.195
2440.399
2440.603
2440.807
2441.011
2441.215
2441.42
2441.724
2442.028
2442.332
2442.636
2442.94
2443.244
2443.548
2443.852
2444.16
2444.516
2444.872
2445.228
2445.584
2445.94
2446.283
2446.626
2446.969
2447.312
2447.655
2447.998
2448.341
2448.684
2449.027
2449.37
2449.777
2450.184
2450.59
2451.09
2451.289
2451.488
2451.687
2451.886
2452.085
2452.284
2452.483
2452.682
2452.881
2453.339
2453.797
2454.255
2454.713
2455.171
2455.629
2456.087
2456.545
2457.003
2457.461
2457.92
2458.301
2458.682
2459.063
2459.444
2459.825
2460.206
2460.587
2460.968
2461.349
2461.73
2462.11
2462.539
2462.968
2463.397
2463.826
2464.255
2464.684
2465.113
2465.542
2465.75
2465.958
2466.166
2466.374
2466.582
2466.79
2467.0
2467.201
2467.402
2467.603
2467.804
2468.005
2468.206
2468.407
2468.608
2468.809
2469.01
2469.211
2469.416
2469.668
2469.92
2470.172
2470.424
2470.676
2470.93
2471.35
2471.77
2472.19
2472.61
2473.03
2473.45
2473.87
2474.29
2474.794
2475.298
2475.802
2476.306
2476.81
2477.314
2477.818
2478.322
2478.826
2479.33
2479.83
2480.143
2480.456
2480.769
2481.082
2481.395
2481.708
2482.021
2482.334
2482.647
2482.962
2483.345
2483.728
2484.111
2484.494
2484.877
2485.26
2485.615
2485.97
2486.325
2486.68
2487.305
2487.93
2488.555
2489.18
2489.805
2490.43
2491.055
2491.68
2492.305
2492.93
2493.139
2493.348
2493.557
2493.766
2493.975
2494.184
2494.393
2494.602
2494.811
2495.02
2495.229
2495.44
2496.523
2497.606
2498.69
2499.347
2500.004
2500.661
2501.318
2501.975
2502.63
2503.218
2503.806
2504.394
2504.982
2505.57
2506.16
2506.774
2507.388
2508.002
2508.616
2509.23
2509.47
2509.71
2509.95
2510.19
2510.43
2510.67
2510.91
2511.154
2511.351
2511.548
2511.745
2511.942
2512.139
2512.336
2512.533
2512.73
2512.927
2513.124
2513.32
2514.242
2515.749
2516.041
2516.333
2516.625
2516.917
2517.209
2517.501
2517.79
2518.362
2518.934
2519.507
2519.681
2519.855
2520.029
2520.203
2520.377
2520.551
2520.725
2520.899
2521.073
2521.247
2521.421
2521.59
2521.848
2522.106
2522.364
2522.622
2522.88
2523.14
2523.566
2523.992
2524.418
2524.844
2525.27
2525.696
2526.122
2526.548
2526.974
2527.4
2527.83
2528.259
2528.688
2529.117
2529.546
2529.975
2530.404
2530.833
2531.262
2531.691
2532.12
2532.55
2533.188
2533.825
2534.462
2535.1
2535.548
2535.996
2536.444
2536.892
2537.34
2537.611
2537.882
2538.153
2538.424
2538.695
2538.966
2539.237
2539.508
2539.78
2540.207
2540.634
2541.061
2541.488
2541.915
2542.342
2542.77
2543.092
2543.414
2543.736
2544.058
2544.38
2546.445
2548.51
2549.312
2550.114
2550.916
2551.72
2551.957
2552.195
2552.433
2552.671
2552.909
2553.147
2553.385
2553.62
2553.819
2554.018
2554.217
2554.416
2554.614
2554.8
2554.986
2555.172
2555.358
2555.544
2555.73
2555.916
2556.102
2556.288
2556.474
2556.66
2556.846
2557.03
2557.775
2558.52
2558.805
2559.09
2559.375
2559.66
2559.945
2560.23
2560.485
2560.74
2560.995
2561.25
2561.505
2561.76
2562.015
2562.27
2562.676
2563.082
2563.488
2563.894
2564.3
2564.706
2565.112
2565.518
2565.924
2566.33
2566.768
2567.206
2567.644
2568.082
2568.52
2568.958
2569.396
2569.834
2570.27
2570.543
2570.816
2571.088
2571.361
2571.633
2571.905
2572.178
2572.45
2573.125
2573.8
2574.475
2575.15
2575.825
2576.5
2577.175
2577.85
2578.525
2579.2
2579.875
2580.55
2580.947
2581.344
2581.74
2582.526
2582.877
2583.228
2583.579
2583.93
2584.281
2584.632
2584.984
2585.081
2585.178
2585.275
2585.372
2585.468
2585.725
2585.982
2586.239
2586.496
2586.753
2587.01
2587.267
2587.525
2587.747
2587.969
2588.191
2588.413
2588.635
2588.856
2589.12
2589.383
2589.646
2589.91
2590.265
2590.62
2590.976
2591.332
2591.688
2592.044
2592.4
2592.786
2593.172
2593.558
2593.944
2594.33
2594.716
2595.102
2595.49
2596.069
2596.648
2597.227
2597.806
2598.385
2598.964
2599.54
2599.825
2600.11
2600.395
2600.68
2600.965
2601.25
2602.845
2604.44
2606.035
2607.63
2609.225
2610.82
2612.415
2614.01
2615.605
2617.2
2618.795
2620.39
2620.624
2620.858
2621.092
2621.326
2621.56
2621.794
2622.028
2622.262
2622.496
2622.73
2622.96
2623.4
2623.84
2624.28
2624.72
2625.16
2625.6
2626.04
2626.48
2626.92
2627.36
2627.8
2628.24
2628.68
2629.12
2629.427
2629.735
2630.043
2630.351
2630.659
2630.966
2631.273
2631.581
2631.889
2632.197
2632.505
2632.81
2633.233
2633.656
2634.079
2634.502
2634.925
2635.348
2635.771
2636.194
2636.617
2637.04
2637.46
2638.793
2640.126
2641.459
2642.792
2644.125
2645.46
2645.813
2646.166
2646.519
2646.872
2647.225
2647.58
2648.001
2648.422
2648.843
2649.264
2649.685
2650.106
2650.53
2650.967
2651.404
2651.84
2652.05
2652.26
2652.47
2652.68
2652.89
2653.1
2653.31
2653.52
2653.73
2653.94
2654.403
2654.866
2655.329
2655.792
2656.255
2656.72
2657.428
2658.136
2658.844
2659.552
2660.26
2660.968
2661.676
2662.384
2663.092
2663.8
2664.51
2665.103
2665.696
2666.289
2666.882
2667.475
2668.068
2668.661
2669.254
2669.847
2670.44
2670.707
2670.974
2671.241
2671.508
2671.775
2672.042
2672.309
2672.576
2672.841
2673.028
2673.215
2673.402
2673.589
2673.776
2673.963
2674.15
2674.34
2674.662
2674.984
2675.306
2675.628
2675.95
2676.272
2676.594
2676.916
2677.238
2677.56
2677.882
2678.2
2678.75
2679.3
2679.85
2680.4
2680.861
2681.322
2681.783
2682.244
2682.705
2683.166
2683.63
2684.355
2685.08
2685.805
2686.53
2687.255
2687.98
2688.705
2689.43
2690.155
2690.88
2691.605
2692.33
2692.65
2692.97
2693.29
2693.61
2693.93
2694.25
2694.57
2694.89
2695.21
2695.53
2695.85
2696.097
2696.344
2696.591
2696.838
2697.085
2697.332
2697.579
2697.826
2698.07
2698.446
2698.822
2699.198
2699.574
2699.95
2700.326
2700.702
2701.078
2701.454
2701.83
2702.21
2702.522
2702.834
2703.146
2703.458
2703.77
2704.082
2704.394
2704.706
2705.018
2705.33
2705.646
2707.067
2708.488
2709.91
2710.241
2710.572
2710.903
2711.234
2711.565
2711.896
2712.227
2712.558
2712.89
2713.326
2713.762
2714.198
2714.634
2715.07
2715.506
2715.942
2716.378
2716.814
2717.25
2717.686
2718.122
2718.558
2719.0
2719.465
2719.93
2720.395
2720.86
2721.325
2721.79
2722.255
2722.72
2723.185
2723.65
2724.12
2724.937
2725.754
2726.571
2727.388
2728.205
2729.022
2729.562
2730.102
2730.642
2731.182
2731.722
2732.262
2732.802
2733.342
2733.882
2734.27
2734.658
2735.046
2735.434
2735.822
2736.21
2736.598
2736.986
2737.37
2737.96
2738.55
2739.14
2739.73
2740.32
2740.579
2740.838
2741.097
2741.356
2741.615
2741.874
2742.13
2743.03
2747.5
2747.807
2748.114
2748.421
2748.728
2749.035
2749.342
2749.65
2750.196
2750.742
2751.288
2751.834
2752.38
2752.926
2753.472
2754.02
2754.552
2755.084
2756.156
2757.228
2758.3
2759.89
2760.55
2760.857
2761.164
2761.471
2761.778
2762.085
2762.392
2762.699
2763.005
2763.338
2763.671
2764.004
2764.338
2764.76
2765.182
2765.603
2766.024
2766.445
2766.867
2767.289
2767.71
2768.355
2769.0
2769.645
2770.29
2770.935
2771.58
2772.225
2772.87
2773.515
2774.16
2774.805
2775.45
2776.1
2776.39
2776.68
2776.97
2777.26
2777.55
2777.84
2778.06
2778.28
2778.5
2778.844
2779.188
2779.532
2779.876
2780.22
2780.564
2780.908
2781.252
2781.596
2781.94
2782.28
2782.899
2783.518
2784.137
2784.756
2785.375
2785.994
2786.61
2786.977
2787.344
2787.711
2788.078
2788.445
2788.81
2789.108
2789.406
2789.704
2790.0
2790.318
2790.636
2790.954
2791.27
2791.706
2792.142
2792.578
2793.014
2793.45
2793.886
2794.322
2794.76
2795.102
2795.444
2795.786
2796.128
2796.47
2796.812
2797.154
2797.496
2797.84
2798.31
2798.78
2799.25
2799.72
2800.19
2800.66
2801.13
2801.509
2801.888
2802.267
2802.646
2803.025
2803.404
2803.783
2804.162
2804.54
2804.922
2805.304
2805.686
2806.068
2806.45
2806.832
2807.214
2807.596
2807.978
2808.36
2808.842
2809.324
2809.806
2810.288
2810.77
2811.25
2811.568
2811.886
2812.204
2812.522
2812.84
2813.291
2813.742
2814.193
2814.644
2815.095
2815.546
2816.0
2816.643
2817.286
2817.93
2818.502
2819.074
2819.646
2820.218
2820.79
2821.362
2821.934
2822.506
2823.078
2823.65
2824.097
2824.544
2824.991
2825.438
2825.885
2826.332
2826.779
2827.226
2827.673
2828.12
2828.57
2832.663
2836.756
2840.849
2844.94
2845.231
2845.522
2845.813
2846.104
2846.395
2846.686
2846.977
2847.27
2847.641
2848.012
2848.383
2848.754
2849.125
2849.496
2849.87
2850.192
2850.514
2850.836
2851.158
2851.48
2851.802
2852.124
2852.446
2852.766
2852.948
2853.13
2853.312
2853.494
2853.676
2853.858
2854.04
2854.222
2854.404
2854.586
2854.765
2855.16
2855.555
2855.95
2856.345
2856.74
2857.179
2857.618
2858.057
2858.496
2858.935
2859.374
2859.813
2860.25
2860.668
2861.086
2861.504
2861.922
2862.34
2862.758
2863.176
2863.594
2864.012
2864.43
2866.072
2867.715
2869.358
2871.0
2871.629
2872.258
2872.887
2873.516
2874.145
2874.774
2875.403
2876.03
2876.497
2876.964
2877.431
2877.898
2878.365
2878.83
2879.261
2879.692
2880.123
2880.554
2880.985
2881.416
2881.85
2882.134
2882.418
2882.702
2882.986
2883.27
2883.554
2883.838
2884.122
2884.406
2884.69
2885.118
2885.546
2885.974
2886.4
2886.765
2887.13
2887.495
2887.86
2888.225
2888.59
2888.955
2889.32
2889.547
2889.774
2890.001
2890.228
2890.455
2890.682
2890.909
2891.136
2891.363
2891.59
2891.817
2892.044
2892.27
2892.739
2893.208
2893.677
2894.146
2894.615
2895.084
2895.553
2896.022
2896.491
2896.96
2897.429
2897.898
2898.37
2898.583
2898.796
2899.009
2899.222
2899.435
2899.648
2899.861
2900.074
2900.287
2900.5
2900.71
2901.298
2901.886
2902.474
2903.062
2903.65
2904.238
2904.826
2905.414
2906.002
2906.59
2906.904
2907.218
2907.532
2907.846
2908.16
2908.474
2908.788
2909.102
2909.416
2909.73
2910.528
2911.326
2912.124
2912.922
2913.72
2914.518
2915.316
2916.114
2916.912
2917.71
2918.508
2919.306
2920.1
2920.587
2921.074
2921.561
2922.048
2922.535
2923.022
2923.509
2923.996
2924.483
2924.97
2925.365
2925.76
2926.155
2926.55
2926.945
2927.34
2927.735
2928.13
2928.525
2928.92
2929.32
2929.722
2930.124
2930.526
2930.928
2931.33
2931.732
2932.134
2932.536
2932.94
2933.251
2933.562
2933.873
2934.184
2934.495
2934.806
2935.117
2935.428
2935.739
2936.05
2936.314
2936.578
2936.842
2937.106
2937.37
2937.634
2937.898
2938.162
2938.43
2938.638
2938.846
2939.054
2939.262
2939.47
2939.678
2939.886
2940.094
2940.3
2940.587
2940.874
2941.161
2941.448
2941.735
2942.022
2942.309
2942.596
2942.883
2943.17
2943.457
2943.747
2944.36
2944.973
2945.586
2946.199
2946.812
2947.425
2948.038
2948.651
2949.26
2950.341
2951.422
2952.503
2953.584
2954.665
2955.746
2956.83
2957.643
2958.456
2959.269
2960.082
2960.895
2961.708
2962.52
2963.128
2963.736
2964.344
2964.952
2965.56
2966.168
2966.776
2967.384
2967.992
2968.6
2968.863
2969.126
2969.389
2969.652
2969.915
2970.178
2970.441
2970.704
2970.97
2971.385
2971.8
2972.215
2972.63
2973.045
2973.46
2973.702
2973.944
2974.186
2974.428
2974.67
2974.912
2975.154
2975.396
2975.64
2975.966
2976.292
2976.618
2976.944
2977.27
2977.596
2977.92
2978.151
2978.382
2978.613
2978.844
2979.075
2979.306
2979.537
2979.768
2980.0
2980.373
2980.746
2981.119
2981.492
2981.865
2982.24
2982.648
2983.056
2983.464
2983.872
2984.28
2984.69
2984.945
2985.2
2985.787
2986.374
2986.96
2987.214
2987.468
2987.722
2987.976
2988.23
2988.484
2988.738
2988.992
2989.25
2989.714
2990.178
2990.642
2991.106
2991.57
2992.034
2992.5
2992.91
2993.32
2993.73
2994.14
2994.55
2994.96
2995.37
2995.78
2996.19
2996.6
2997.01
2997.372
2997.734
2998.096
2998.458
2998.82
2999.18
2999.452
2999.724
2999.996
3000.268
3000.54
3000.812
3001.084
3001.356
3001.63
3001.885
3002.14
3002.395
3002.65
3002.905
3003.16
3003.415
3003.67
3003.925
3004.18
3004.435
3004.653
3004.871
3005.089
3005.307
3005.525
3005.743
3005.961
3006.179
3006.397
3006.615
3006.833
3007.051
3007.27
3007.524
3007.778
3008.032
3008.286
3008.54
3008.794
3009.048
3009.302
3009.56
3010.314
3011.068
3011.822
3012.576
3013.33
3014.084
3014.84
3015.186
3015.532
3015.878
3016.224
3016.57
3016.916
3017.262
3017.61
3018.287
3018.964
3019.641
3020.318
3020.995
3021.672
3022.349
3023.026
3023.703
3024.38
3025.06
3026.92
3028.78
3030.64
3032.5
3032.976
3033.452
3033.928
3034.404
3034.88
3035.191
3035.502
3035.813
3036.124
3036.435
3036.746
3037.057
3037.368
3037.679
3037.99
3038.307
3038.624
3038.941
3039.258
3039.575
3039.89
3040.199
3040.508
3040.817
3041.126
3041.435
3041.744
3042.053
3042.36
3042.787
3043.214
3043.641
3044.068
3044.495
3044.92
3045.187
3045.454
3045.721
3045.988
3046.255
3046.522
3046.789
3047.056
3047.32
3047.543
3047.765
3047.987
3048.209
3048.431
3048.653
3048.875
3049.1
3049.349
3049.598
3049.847
3050.096
3050.345
3050.594
3050.843
3051.092
3051.341
3051.59
3051.84
3052.211
3052.582
3052.953
3053.324
3053.695
3054.066
3054.44
3054.645
3054.85
3055.055
3055.26
3055.465
3055.67
3055.875
3056.08
3056.285
3056.49
3056.69
3056.903
3057.116
3057.329
3057.542
3057.755
3057.968
3058.181
3058.394
3058.607
3058.82
3059.29
3059.76
3060.331
3060.902
3061.473
3062.044
3062.615
3063.186
3063.76
3064.214
3064.668
3065.122
3065.576
3066.03
3066.484
3066.94
3067.315
3067.69
3068.065
3068.44
3068.815
3069.19
3069.565
3069.94
3070.386
3070.832
3071.278
3071.724
3072.17
3072.616
3073.06
3073.525
3073.99
3074.235
3074.48
3074.725
3074.97
3074.97
3074.97
3074.97
