21.73
22.011
22.292
22.573
22.854
23.135
23.416
23.697
23.98
24.22
24.459
24.698
24.938
25.177
25.416
25.655
25.896
26.24
26.584
26.928
27.272
27.616
27.96
28.304
28.648
28.992
29.34
29.767
30.194
30.621
31.048
31.475
31.902
32.329
32.756
33.18
33.581
33.982
34.383
34.784
35.185
35.586
35.987
36.388
36.789
37.19
37.591
37.99
38.649
39.308
39.967
40.626
41.285
41.942
42.645
43.348
44.051
44.754
45.457
46.16
46.863
47.566
48.269
48.972
49.675
50.38
51.758
53.136
54.514
55.89
56.199
56.508
56.817
57.126
57.435
57.744
58.053
58.362
58.671
58.98
59.277
59.574
59.871
60.168
60.465
60.762
61.059
61.356
61.653
61.95
62.18
62.41
62.64
62.87
63.1
63.33
63.56
63.79
64.105
64.42
64.735
65.05
65.365
65.68
65.995
66.31
66.625
66.94
67.212
67.484
67.756
68.028
68.3
68.572
68.844
69.116
69.39
69.678
69.966
70.254
70.542
70.83
71.118
71.406
71.694
71.982
72.27
72.558
72.846
73.14
73.449
73.758
74.067
74.376
74.685
74.994
75.303
75.612
75.921
76.23
76.534
76.719
76.904
77.089
77.274
77.459
77.644
77.829
78.014
78.2
78.543
78.886
79.23
80.44
81.65
81.957
82.264
82.571
82.878
83.185
83.492
83.799
84.106
84.41
84.711
85.012
85.313
85.614
85.915
86.216
86.517
86.816
87.003
87.19
87.377
87.564
87.751
87.94
88.237
88.534
88.832
89.129
89.427
89.725
90.022
90.32
90.617
90.915
91.213
91.51
93.65
94.443
95.236
96.03
96.305
96.58
96.855
97.13
97.405
97.68
97.955
98.23
98.505
98.78
99.055
99.327
99.523
99.719
99.915
100.111
100.307
100.503
100.702
100.994
101.286
101.578
101.87
102.16
102.633
103.106
103.579
104.052
104.525
105.0
105.321
105.642
105.963
106.284
106.605
106.926
107.247
107.568
107.887
108.091
108.295
108.499
108.703
108.907
109.111
109.315
109.519
109.72
109.9
110.08
110.26
110.44
110.62
110.8
110.98
111.16
111.337
111.514
111.691
111.868
112.045
112.222
112.399
112.576
112.753
112.93
113.107
113.284
113.46
113.633
113.806
113.98
114.154
114.328
114.501
114.816
115.131
115.446
115.761
116.077
116.281
116.485
116.689
116.893
117.097
117.301
117.505
117.709
117.91
118.532
119.154
119.776
120.398
121.02
121.64
122.027
122.414
122.801
123.188
123.575
123.962
124.35
124.727
125.104
125.481
125.858
126.235
126.612
126.989
127.366
127.74
128.114
128.488
128.862
129.236
129.61
129.984
130.358
130.732
131.106
131.48
131.854
132.23
132.427
132.624
132.821
133.018
133.215
133.412
133.609
133.806
134.004
134.201
134.398
134.595
134.792
134.989
135.186
135.39
135.606
135.822
136.038
136.254
136.47
136.686
136.902
137.12
137.46
137.8
138.14
138.48
138.82
139.033
139.246
139.459
139.672
139.885
140.097
142.308
144.518
146.728
148.939
151.149
153.36
154.98
156.6
158.22
159.84
161.46
163.556
165.652
167.748
169.844
171.94
174.036
176.132
178.23
178.735
179.24
179.745
180.25
180.755
181.26
181.765
182.27
182.601
182.932
183.263
183.594
183.925
184.256
184.587
184.92
185.372
185.824
186.276
186.728
187.18
187.63
187.863
188.096
188.329
188.562
188.795
189.03
189.473
189.916
190.359
190.802
191.245
191.69
191.884
192.078
192.272
192.466
192.66
192.854
193.048
193.242
193.44
194.194
194.948
195.702
196.456
197.21
197.964
198.72
200.261
201.802
203.344
204.9
206.457
208.013
209.57
212.22
214.87
217.52
220.17
222.82
223.954
225.088
226.222
227.356
228.49
228.653
228.815
228.977
229.139
229.302
229.464
229.626
229.788
229.951
230.115
230.383
230.651
230.919
231.187
231.455
231.723
231.991
232.259
232.525
233.021
233.517
234.013
234.509
235.005
235.501
235.997
236.493
236.99
237.789
238.588
239.387
240.186
240.985
241.784
242.583
243.382
244.181
244.98
245.779
246.578
247.377
248.176
248.975
249.78
250.11
250.44
250.77
251.1
251.43
251.76
252.09
252.42
252.75
253.308
253.866
254.424
254.982
255.54
256.098
256.656
257.214
257.397
257.58
257.763
257.946
258.129
258.312
258.495
258.678
258.861
259.044
259.227
259.41
259.589
259.92
260.251
260.582
260.913
261.244
261.575
261.906
262.237
262.568
262.899
263.23
263.562
263.72
263.878
264.036
264.194
264.352
264.51
264.668
264.826
264.984
265.142
265.3
265.458
265.616
265.77
265.987
266.204
266.421
266.638
266.855
267.07
267.354
267.638
267.922
268.206
268.49
268.819
269.148
269.477
269.806
270.135
270.464
270.793
271.12
271.353
271.586
271.819
272.052
272.285
272.52
272.777
273.034
273.291
273.548
273.805
274.062
274.32
274.69
275.06
275.43
275.8
276.17
276.54
276.91
277.28
277.65
277.856
278.062
278.268
278.474
278.68
278.886
279.092
279.298
279.504
279.71
279.92
280.122
280.324
280.526
280.728
280.93
281.132
281.334
281.536
281.738
281.94
282.142
282.34
282.647
282.954
283.26
283.463
283.666
283.869
284.072
284.275
284.478
284.681
284.884
285.087
285.29
285.589
285.888
286.187
286.486
286.785
287.084
287.38
287.583
287.786
287.989
288.192
288.395
288.598
288.801
289.004
289.207
289.41
289.613
289.816
290.019
290.222
290.424
290.637
290.85
291.063
291.276
291.489
291.702
291.915
292.128
292.34
292.726
293.112
293.498
293.884
294.27
294.656
295.042
295.43
296.656
297.882
299.108
300.334
301.56
302.018
302.476
302.934
303.392
303.85
304.308
304.766
305.224
305.682
306.14
306.598
307.056
307.514
307.97
308.313
308.656
308.999
309.342
309.685
310.028
310.371
310.716
310.942
311.168
311.394
311.62
313.256
314.892
315.933
316.974
318.015
319.056
320.097
321.138
322.18
322.51
322.84
323.17
323.5
323.83
324.16
324.49
324.82
325.15
325.484
326.006
326.528
327.05
327.572
328.094
328.616
329.138
329.66
330.182
330.704
331.226
331.748
332.27
333.393
334.516
335.639
336.762
337.885
339.01
339.208
339.406
339.605
339.855
340.105
340.355
340.605
340.855
341.105
341.355
341.605
341.855
342.1
342.311
342.522
342.733
342.944
343.155
343.366
343.577
343.788
343.999
344.21
344.421
344.632
344.843
345.05
345.517
345.984
346.45
346.711
346.972
347.233
347.494
347.755
348.016
348.274
348.451
348.628
348.805
348.982
349.159
349.336
349.513
349.69
350.009
350.328
350.647
350.966
351.285
351.604
351.92
352.268
352.616
352.964
353.312
353.659
353.841
354.023
354.205
354.386
354.567
354.749
354.931
355.112
355.293
355.475
355.657
355.838
356.019
356.2
356.588
356.976
357.364
357.752
358.14
358.528
358.916
359.304
359.69
360.145
360.6
360.99
361.38
361.77
362.16
362.55
362.94
363.33
363.582
363.834
364.087
364.339
364.591
364.844
365.096
365.35
365.746
366.142
366.538
366.934
367.33
367.726
368.122
368.518
368.914
369.31
369.71
370.283
370.856
371.429
372.002
372.575
373.148
373.721
374.294
374.867
375.44
375.748
376.055
376.363
376.671
376.978
377.286
377.594
377.901
378.209
378.517
378.825
379.13
380.13
381.13
381.347
381.564
381.782
382.0
382.375
382.75
383.125
383.5
383.751
384.002
384.253
384.504
384.755
385.006
385.257
385.508
385.759
386.01
386.26
386.704
387.148
387.592
388.036
388.48
388.924
389.368
389.812
390.256
390.7
391.14
391.454
391.768
392.082
392.396
392.71
393.024
393.34
393.719
394.098
394.477
394.856
395.235
395.614
395.993
396.372
396.751
397.13
397.54
397.95
398.36
398.77
399.18
399.575
399.97
400.365
400.76
401.155
401.55
401.945
402.34
402.735
403.13
403.529
404.534
405.539
406.544
407.549
408.554
409.56
410.005
410.45
410.895
411.34
411.785
412.23
412.675
413.12
413.565
414.01
414.46
414.735
415.01
415.285
415.56
415.835
416.11
416.418
416.726
417.034
417.34
417.675
418.01
418.345
418.68
419.015
419.35
419.704
420.058
420.412
420.766
421.12
421.474
421.83
422.593
423.356
424.119
424.882
425.645
426.408
427.171
427.934
428.697
429.46
431.9
434.34
434.677
435.014
435.351
435.688
436.025
436.362
436.699
437.036
437.369
437.764
438.16
438.458
438.756
439.054
439.352
439.65
439.948
440.246
440.544
440.842
441.14
441.438
441.74
442.083
442.426
442.769
443.112
443.455
443.8
444.145
444.49
444.835
445.18
445.525
445.87
446.215
446.56
446.905
447.25
447.6
448.006
448.412
448.818
449.224
449.63
450.036
450.442
450.848
451.254
451.66
452.07
452.652
453.234
453.816
454.398
454.981
455.563
456.145
456.73
457.109
457.488
457.867
458.246
458.625
459.004
459.383
459.762
460.141
460.52
460.9
461.63
462.36
463.09
463.82
464.079
464.338
464.597
464.856
465.115
465.374
465.633
465.89
466.142
466.394
466.646
466.898
467.15
467.402
467.654
467.906
468.158
468.41
468.811
469.212
469.613
470.014
470.415
470.816
471.217
471.618
472.02
472.754
473.488
474.222
474.956
475.69
476.424
477.158
477.895
478.107
478.32
478.532
478.744
478.957
479.169
479.381
479.593
479.805
480.02
480.212
480.404
480.596
480.788
480.98
481.172
481.364
481.556
481.75
482.034
482.318
482.602
482.886
483.17
483.664
484.158
484.652
485.146
485.64
486.134
486.628
487.122
487.62
488.035
488.45
491.67
494.89
495.526
496.162
496.798
497.434
498.07
498.706
499.342
499.978
500.614
501.25
501.546
501.841
502.137
502.433
502.728
503.024
503.32
503.615
503.911
504.205
504.457
504.709
504.961
505.213
505.465
505.717
505.969
506.22
506.453
506.686
506.919
507.152
507.385
507.62
507.893
508.166
508.439
508.712
508.985
509.258
509.53
509.853
510.176
510.499
510.822
511.145
511.468
511.79
512.258
512.726
513.194
513.662
514.13
514.598
515.066
515.534
516.0
516.399
516.798
517.197
517.596
517.995
518.393
518.601
518.809
519.017
519.225
519.433
519.641
519.849
520.059
520.26
520.461
520.662
520.863
521.064
521.265
521.466
521.667
521.868
522.069
522.267
522.494
522.721
522.948
523.175
523.4
523.665
523.93
524.195
524.46
524.725
524.99
525.255
525.52
525.785
526.05
526.458
526.866
527.274
527.682
528.09
528.5
529.08
529.66
530.24
530.82
531.4
531.98
532.56
533.14
533.72
533.959
534.198
534.437
534.676
534.915
535.154
535.39
536.284
537.178
538.072
538.966
539.86
540.501
541.142
541.783
542.424
543.065
543.706
544.347
544.988
545.629
546.27
546.996
547.722
548.075
548.428
548.781
549.134
549.487
549.84
550.193
550.546
550.899
551.252
551.6
551.972
552.344
552.716
553.088
553.46
553.832
554.204
554.576
554.948
555.32
555.69
555.941
556.192
556.443
556.694
556.945
557.196
557.447
557.7
557.998
558.296
558.594
558.892
559.19
559.488
559.786
560.084
560.379
560.578
560.777
560.976
561.175
561.374
561.573
561.772
561.971
562.17
562.874
563.578
564.282
564.986
565.69
566.394
567.1
567.471
567.842
568.213
568.584
568.955
569.326
569.694
569.914
570.134
570.354
570.574
570.794
571.014
571.234
571.454
571.674
571.894
572.11
572.373
572.636
572.9
573.111
573.322
573.533
573.744
573.955
574.166
574.377
574.591
574.791
574.991
575.191
575.391
575.591
575.791
575.991
576.191
576.391
576.59
576.87
577.15
577.43
577.71
577.99
578.27
579.307
580.344
581.381
582.418
583.455
584.492
585.529
586.566
587.6
588.204
588.808
589.412
590.016
590.62
591.224
591.828
592.43
592.664
592.898
593.132
593.366
593.6
593.834
594.07
594.253
594.436
594.619
594.802
594.985
595.168
595.351
595.534
595.717
595.903
596.158
596.413
596.668
596.923
597.178
597.433
597.688
597.939
598.163
598.387
598.611
598.835
599.059
599.283
599.507
599.73
600.021
600.312
600.603
600.894
601.185
601.476
601.767
602.058
602.349
602.64
602.935
603.209
603.483
603.757
604.031
604.305
604.579
604.85
605.439
606.028
606.617
607.206
607.795
608.384
608.973
609.56
609.906
610.252
610.598
610.944
611.29
611.636
611.982
612.33
612.917
613.504
614.091
614.678
615.265
615.852
616.439
617.026
617.61
618.056
618.502
618.948
619.394
619.84
620.286
620.732
621.18
621.367
621.554
621.741
621.928
622.115
622.302
622.489
622.676
622.863
623.05
623.237
623.424
623.61
624.245
624.88
625.515
626.15
626.487
626.824
627.161
627.498
627.835
628.172
628.509
628.846
629.183
629.52
629.857
630.19
630.803
631.416
632.029
632.642
633.255
633.868
634.481
635.094
635.707
636.32
636.93
637.259
637.588
637.917
638.246
638.575
638.904
639.233
639.562
639.891
640.22
640.549
640.878
641.207
641.53
641.955
642.38
642.805
643.23
643.655
644.08
644.505
644.93
645.355
645.78
646.455
647.13
647.805
648.48
648.943
649.406
649.869
650.332
650.795
651.258
651.721
652.184
652.647
653.11
653.573
654.04
655.398
656.756
658.114
659.472
660.83
662.188
663.546
664.904
666.262
667.62
668.978
670.34
671.3
672.26
673.22
674.18
675.14
675.56
675.98
676.4
676.82
677.025
677.23
677.435
677.64
678.04
678.44
678.84
679.24
679.75
680.26
680.77
681.28
681.79
682.082
682.374
682.666
682.958
683.25
683.54
685.802
686.181
686.56
687.2
687.84
688.48
689.12
689.76
690.4
691.04
691.336
691.632
691.928
692.224
692.522
692.73
692.938
693.146
693.354
693.562
693.77
693.98
694.408
694.836
695.264
695.692
696.12
696.548
696.976
697.404
697.832
698.26
698.69
698.897
699.104
699.31
699.872
700.434
700.996
701.56
702.334
703.108
703.882
704.656
705.43
706.204
706.978
707.752
708.526
709.3
709.962
710.625
711.288
711.95
712.387
712.824
713.261
713.698
714.135
714.572
715.009
715.446
715.883
716.32
716.757
717.194
717.637
718.401
719.165
719.929
720.693
721.458
722.887
724.316
725.745
727.174
728.603
730.032
731.461
732.89
733.18
733.47
733.76
734.05
734.34
734.63
734.92
735.21
735.5
735.79
736.08
736.37
741.22
741.379
741.538
741.697
741.856
742.015
742.174
742.333
742.492
742.651
742.81
742.969
743.125
743.938
744.75
745.161
745.572
745.983
746.394
746.805
747.216
747.627
748.038
748.452
748.688
748.924
749.16
749.625
750.09
750.555
751.02
751.266
751.512
751.758
752.004
752.25
752.496
752.742
752.988
753.234
753.417
753.6
753.783
753.966
754.15
754.356
754.562
754.768
754.974
755.18
755.6
756.02
756.44
756.86
757.28
757.7
757.937
758.174
758.411
758.648
758.885
759.122
759.356
759.588
759.82
760.052
760.284
760.516
760.748
760.98
761.23
761.48
761.73
761.98
762.23
762.48
762.73
762.98
763.229
763.51
763.791
764.072
764.353
764.634
764.915
765.196
765.477
765.76
765.99
766.22
766.45
766.68
766.91
767.14
767.37
767.6
767.83
768.06
768.366
768.672
768.978
769.284
769.59
770.329
771.068
771.807
772.546
773.285
774.024
774.763
775.502
776.241
776.98
777.72
778.046
778.372
778.698
779.024
779.35
779.676
780.0
780.441
780.882
781.323
781.764
781.958
782.152
782.346
782.54
782.734
782.93
783.131
783.332
783.533
783.734
783.935
784.136
784.337
784.538
784.739
784.94
785.25
785.56
785.87
786.18
786.49
786.8
787.263
787.726
788.19
788.604
789.018
789.432
789.846
790.26
790.674
791.088
791.502
791.916
792.329
792.621
792.913
793.205
793.497
793.789
794.081
794.37
794.54
794.71
794.88
795.05
795.22
795.39
795.56
795.73
795.9
796.07
796.253
796.436
796.619
796.802
796.985
797.168
797.351
797.534
797.72
797.98
798.24
798.5
798.76
799.02
799.28
799.54
799.8
800.06
800.32
800.58
800.84
801.096
801.276
801.456
801.636
801.816
801.996
802.176
802.356
802.536
802.72
802.903
803.086
803.269
803.452
803.635
803.818
804.001
804.184
804.367
804.55
804.734
804.918
805.102
805.286
805.47
805.654
805.838
806.022
806.206
806.39
806.574
806.758
807.128
807.498
807.868
808.238
808.608
808.978
809.35
809.69
810.03
810.37
812.744
815.118
817.492
819.866
822.24
823.001
823.762
824.523
825.284
826.045
826.806
827.57
828.03
828.49
828.95
829.41
829.87
830.151
830.432
830.713
830.994
831.275
831.556
831.837
832.118
832.399
832.68
832.96
833.168
833.376
833.584
833.792
834.0
834.21
834.512
834.814
835.116
835.418
835.72
836.022
836.324
836.626
836.928
837.23
837.658
838.086
838.514
838.94
839.219
839.498
839.777
840.056
840.335
840.614
840.893
841.172
841.451
841.73
842.009
842.288
842.57
842.778
842.986
843.194
843.402
843.61
843.98
844.35
844.72
845.09
845.46
845.83
846.089
846.348
846.607
846.866
847.125
847.384
847.64
847.894
848.148
848.402
848.656
848.91
849.164
849.418
849.672
849.926
850.18
850.43
850.647
850.864
851.081
851.298
851.515
851.732
851.949
852.166
852.383
852.6
852.817
853.03
853.255
853.48
853.705
853.93
854.155
854.38
854.886
855.392
855.898
856.404
856.91
857.416
857.92
858.535
859.15
859.765
860.38
860.995
861.61
862.225
862.84
863.454
863.611
863.768
863.925
864.082
864.239
864.396
864.553
864.71
864.87
865.099
865.328
865.557
865.786
866.015
866.244
866.504
866.764
867.024
867.284
867.544
867.804
868.064
868.324
868.58
868.793
869.006
869.219
869.432
869.645
869.858
870.071
870.284
870.497
870.71
870.923
871.136
871.349
871.56
871.985
872.41
872.835
873.26
873.685
874.11
874.535
874.96
875.222
875.484
875.746
876.008
876.27
876.532
876.794
877.056
877.318
877.58
877.842
878.1
878.729
879.358
879.987
880.616
881.245
881.874
882.503
883.132
883.761
884.39
884.803
885.216
885.629
886.04
886.731
887.422
888.113
888.804
889.495
890.186
890.877
891.568
892.259
892.95
893.44
893.93
894.42
894.91
895.4
895.767
896.134
896.501
896.868
897.235
897.602
897.97
898.456
898.942
899.428
899.914
900.4
900.886
901.372
901.858
902.344
902.83
903.32
903.596
903.872
904.148
904.424
904.7
904.976
905.25
906.903
908.556
910.209
911.862
913.515
915.17
915.76
916.35
916.94
917.18
917.42
917.66
917.9
918.14
918.38
918.62
918.86
919.1
919.894
920.688
921.482
922.276
923.07
923.864
924.658
925.452
926.25
926.509
926.768
927.027
927.286
927.545
927.804
928.063
928.322
928.58
928.802
929.024
929.246
929.468
929.69
929.912
930.134
930.356
930.578
930.8
931.022
931.24
931.711
932.182
932.653
933.124
933.595
934.066
934.537
935.01
935.56
936.11
936.66
937.21
937.76
938.378
938.996
939.614
940.232
940.85
941.47
941.975
942.48
942.985
943.49
943.995
944.5
945.005
945.51
946.015
946.52
947.02
947.643
948.266
948.889
949.512
950.135
950.76
951.167
951.574
951.981
952.388
952.795
953.2
953.847
954.494
955.141
955.788
956.435
957.082
957.729
958.376
959.02
959.278
959.536
959.794
960.052
960.31
960.568
960.826
961.084
961.342
961.6
961.86
962.122
962.384
962.646
962.908
963.17
963.432
963.694
963.956
964.22
964.69
965.16
965.63
966.1
966.355
966.61
966.865
967.12
967.375
967.63
967.885
968.14
968.395
968.65
969.107
969.564
970.021
970.478
970.935
971.392
971.849
972.306
972.763
973.22
973.677
974.13
974.38
974.63
974.88
975.13
975.38
975.63
975.88
976.13
976.38
976.63
976.88
977.168
977.456
977.744
978.032
978.32
978.608
978.896
979.184
979.472
979.76
980.05
980.386
980.722
981.058
981.394
981.73
982.066
982.402
982.738
983.07
983.465
983.86
984.255
984.65
984.824
984.998
985.172
985.346
985.52
985.694
985.868
986.042
986.216
986.39
986.564
986.734
986.921
987.108
987.295
987.482
987.669
987.856
988.043
988.233
988.424
988.615
988.806
988.997
989.188
989.379
989.57
989.761
989.952
990.143
990.334
990.525
991.074
991.623
992.172
992.721
993.27
993.82
994.048
994.276
994.504
994.732
994.96
995.188
995.416
995.644
995.872
996.1
996.33
996.561
996.792
997.023
997.254
997.485
997.716
997.947
998.18
998.499
998.818
999.137
999.456
999.775
1000.094
1000.413
1000.732
1001.051
1001.37
1001.689
1002.01
1002.445
1002.88
1003.315
1003.75
1004.185
1004.62
1005.055
1005.49
1005.925
1006.36
1006.8
1007.13
1007.46
1007.79
1008.12
1008.45
1008.78
1009.11
1009.44
1009.875
1010.31
1010.745
1011.18
1011.615
1012.05
1012.485
1012.92
1013.355
1013.79
1014.22
1014.533
1014.846
1015.159
1015.47
1015.7
1015.93
1016.16
1016.39
1016.62
1016.85
1017.08
1017.31
1017.71
1018.11
1018.51
1018.91
1019.31
1019.71
1020.11
1020.51
1020.91
1021.194
1021.478
1021.762
1022.046
1022.33
1022.614
1022.898
1023.18
1023.478
1023.776
1024.074
1024.372
1024.67
1024.97
1025.501
1026.032
1026.564
1026.75
1026.936
1027.122
1027.308
1027.494
1027.68
1027.866
1028.052
1028.238
1028.424
1028.61
1028.796
1028.98
1029.481
1029.982
1030.483
1030.984
1031.485
1031.986
1032.487
1032.988
1033.49
1033.814
1034.138
1034.462
1034.786
1035.11
1035.434
1035.76
1036.026
1036.293
1036.559
1036.825
1037.091
1037.359
1037.699
1038.039
1038.379
1038.719
1039.06
1039.397
1039.734
1040.071
1040.408
1040.745
1041.082
1041.419
1041.756
1042.093
1042.43
1042.962
1043.494
1044.026
1044.558
1045.089
1046.372
1047.655
1048.938
1050.221
1051.504
1052.787
1054.07
1055.353
1056.636
1057.92
1058.111
1058.302
1058.493
1058.684
1058.875
1059.066
1059.257
1059.448
1059.639
1059.83
1060.02
1060.485
1060.95
1061.415
1061.88
1062.094
1062.308
1062.522
1062.736
1062.95
1063.164
1063.38
1063.59
1063.8
1064.01
1064.22
1064.43
1064.64
1064.85
1065.38
1065.91
1066.44
1066.97
1067.5
1068.03
1068.558
1069.573
1070.588
1071.603
1072.618
1073.633
1074.649
1074.857
1075.065
1075.273
1075.481
1075.689
1075.897
1076.105
1076.313
1076.521
1076.732
1078.13
1078.394
1078.658
1078.922
1079.186
1079.45
1079.714
1079.978
1080.242
1080.51
1081.157
1081.804
1082.451
1083.098
1083.745
1084.39
1084.714
1085.038
1085.362
1085.686
1086.01
1086.334
1086.658
1086.982
1087.306
1087.63
1087.954
1088.28
1088.803
1089.326
1089.849
1090.372
1090.895
1091.42
1091.769
1092.118
1092.467
1092.816
1093.165
1093.514
1093.863
1094.21
1094.661
1095.112
1095.563
1096.014
1096.465
1096.916
1097.367
1097.818
1098.269
1098.718
1099.288
1099.858
1100.428
1100.998
1101.568
1102.138
1102.708
1103.278
1103.848
1104.418
1104.988
1105.558
1106.128
1106.702
1109.399
1112.095
1112.773
1113.45
1114.175
1114.9
1115.72
1116.54
1117.293
1118.045
1118.374
1118.703
1119.032
1119.361
1119.69
1120.937
1122.184
1123.432
1128.834
1129.105
1129.376
1129.647
1129.918
1130.189
1130.46
1130.731
1131.0
1131.499
1131.899
1132.299
1132.699
1133.099
1133.5
1133.83
1134.16
1134.49
1134.82
1135.15
1135.48
1135.81
1136.14
1136.466
1136.938
1137.41
1137.882
1138.354
1138.826
1139.3
1139.634
1139.968
1140.302
1140.636
1140.832
1141.028
1141.224
1141.42
1141.616
1141.812
1142.01
1142.218
1142.426
1142.634
1142.842
1143.05
1143.259
1143.505
1143.751
1143.997
1144.243
1144.49
1144.973
1145.456
1145.94
1146.537
1147.135
1147.733
1148.33
1148.59
1148.85
1149.11
1149.37
1149.63
1149.89
1150.15
1150.41
1150.737
1151.064
1151.391
1151.718
1152.045
1152.372
1152.7
1152.903
1153.106
1153.309
1153.512
1153.715
1153.918
1154.121
1154.324
1154.527
1154.73
1154.933
1155.136
1155.34
1155.799
1156.258
1156.717
1157.176
1157.635
1158.094
1158.553
1159.011
1159.261
1159.511
1159.761
1160.011
1160.261
1160.511
1160.76
1160.952
1161.144
1161.336
1161.528
1161.72
1161.912
1162.104
1162.296
1162.488
1162.676
1162.905
1163.134
1163.363
1163.592
1163.821
1164.05
1164.279
1164.508
1164.737
1164.966
1165.2
1165.56
1165.92
1166.28
1166.64
1167.0
1167.36
1167.72
1168.001
1168.282
1168.563
1168.844
1169.125
1169.406
1169.687
1169.968
1170.249
1170.53
1170.76
1170.99
1171.22
1171.45
1171.68
1171.91
1172.471
1173.032
1173.593
1174.154
1174.715
1175.276
1175.837
1176.4
1176.767
1177.134
1177.501
1177.868
1178.235
1178.6
1178.839
1179.078
1179.317
1179.556
1179.795
1180.034
1180.273
1180.512
1180.751
1180.99
1181.225
1181.418
1181.611
1181.804
1181.997
1182.19
1182.383
1182.576
1182.769
1182.962
1183.155
1183.35
1183.69
1184.03
1184.37
1184.71
1185.05
1185.344
1185.638
1185.932
1186.226
1186.52
1186.814
1187.031
1187.248
1187.465
1187.682
1187.899
1188.116
1188.333
1188.55
1188.767
1188.98
1189.262
1189.544
1189.826
1190.108
1190.39
1190.672
1190.954
1191.236
1191.518
1191.8
1192.082
1192.365
1193.716
1195.067
1196.418
1197.77
1198.035
1198.3
1198.565
1198.83
1199.095
1199.36
1199.625
1199.89
1200.155
1200.42
1200.737
1201.054
1201.371
1201.688
1202.005
1202.322
1202.639
1202.956
1203.273
1203.59
1203.894
1204.198
1204.502
1204.806
1205.11
1205.422
1205.734
1206.046
1206.358
1206.67
1206.98
1207.148
1207.315
1207.483
1207.65
1207.818
1207.986
1208.154
1208.32
1211.76
1212.426
1213.092
1213.758
1214.424
1215.09
1215.754
1215.962
1216.17
1216.378
1216.586
1216.794
1217.002
1217.21
1217.42
1217.712
1218.004
1218.296
1218.588
1218.88
1219.17
1219.428
1219.686
1219.944
1220.202
1220.46
1220.72
1221.475
1222.23
1222.985
1223.74
1224.495
1225.25
1226.256
1227.263
1228.269
1229.275
1230.282
1231.289
1231.513
1231.737
1231.961
1232.185
1232.409
1232.633
1232.857
1233.08
1233.44
1233.8
1234.16
1234.52
1234.88
1235.24
1235.6
1235.96
1236.32
1236.68
1237.147
1237.614
1238.081
1238.548
1239.015
1239.482
1239.95
1240.459
1240.968
1241.477
1241.986
1242.495
1243.004
1243.51
1244.273
1245.036
1245.799
1246.562
1247.325
1248.09
1248.323
1248.556
1248.789
1249.022
1249.255
1249.488
1249.72
1250.688
1251.656
1252.624
1253.592
1254.56
1255.528
1256.496
1257.464
1258.436
1258.918
1259.4
1259.882
1260.364
1260.846
1261.328
1261.81
1262.29
1263.05
1263.81
1264.57
1265.33
1266.09
1266.85
1267.61
1268.556
1269.502
1270.448
1271.394
1272.34
1273.286
1274.232
1275.178
1276.124
1277.07
1278.016
1278.96
1279.236
1279.512
1279.788
1280.064
1280.34
1280.616
1280.892
1281.17
1281.636
1282.102
1282.568
1283.034
1283.5
1283.851
1284.202
1284.553
1284.904
1285.255
1285.606
1285.96
1286.255
1286.55
1286.845
1287.14
1287.435
1287.73
1288.068
1288.406
1288.744
1289.082
1289.42
1289.76
1290.015
1290.27
1290.525
1290.78
1291.035
1291.29
1291.545
1291.802
1292.142
1292.482
1292.822
1293.162
1293.502
1293.842
1294.182
1294.522
1294.862
1295.2
1295.557
1295.914
1296.271
1296.628
1296.985
1297.342
1297.7
1297.911
1298.122
1298.333
1298.544
1298.755
1298.966
1299.177
1299.388
1299.599
1299.81
1300.154
1300.498
1300.842
1301.186
1301.53
1301.874
1302.218
1302.562
1302.91
1303.142
1303.374
1303.606
1303.838
1304.07
1304.302
1304.534
1304.764
1304.949
1305.134
1305.319
1305.504
1305.689
1305.874
1306.059
1306.244
1306.43
1306.646
1306.862
1307.078
1307.294
1307.51
1307.726
1307.942
1308.158
1308.37
1308.589
1308.808
1309.027
1309.246
1309.465
1309.684
1309.903
1310.122
1310.341
1310.56
1313.09
1315.62
1318.15
1320.68
1320.929
1321.178
1321.427
1321.676
1321.925
1322.174
1322.42
1323.06
1323.7
1324.34
1324.98
1325.62
1326.26
1326.656
1327.052
1327.448
1327.844
1328.24
1328.636
1329.032
1329.428
1329.824
1330.22
1330.486
1330.752
1331.018
1331.284
1331.55
1331.816
1332.082
1332.348
1332.614
1332.88
1333.15
1333.477
1333.805
1334.133
1334.461
1334.789
1335.117
1335.445
1335.773
1336.101
1336.428
1336.756
1337.08
1338.86
1340.64
1342.42
1344.2
1345.98
1347.76
1349.54
1351.32
1351.745
1352.17
1352.595
1353.02
1353.445
1353.87
1354.295
1354.72
1355.145
1355.57
1355.99
1356.215
1356.44
1356.665
1356.89
1357.115
1357.34
1357.565
1357.79
1358.015
1358.24
1358.465
1358.685
1358.962
1359.239
1359.516
1359.793
1360.07
1360.347
1360.624
1360.901
1361.178
1361.455
1361.732
1362.01
1363.474
1364.938
1366.402
1367.866
1369.33
1370.794
1372.26
1372.683
1373.106
1373.53
1373.916
1374.302
1374.688
1375.074
1375.46
1375.846
1376.232
1376.62
1377.137
1377.654
1378.171
1378.688
1379.205
1379.722
1380.239
1380.756
1381.273
1381.79
1382.31
1382.593
1382.877
1383.16
1383.444
1383.727
1384.011
1384.294
1384.578
1384.861
1385.145
1385.564
1385.983
1386.402
1386.821
1387.24
1387.659
1388.08
1389.647
1391.214
1392.781
1394.348
1395.915
1397.48
1397.734
1397.988
1398.242
1398.496
1398.75
1399.004
1399.26
1399.764
1400.268
1400.772
1401.276
1401.78
1402.284
1402.788
1403.29
1403.535
1403.78
1404.025
1404.27
1404.515
1404.76
1405.005
1405.25
1405.495
1405.74
1405.98
1406.209
1406.438
1406.667
1406.896
1407.125
1407.354
1407.583
1407.812
1408.041
1408.27
1408.499
1408.728
1408.957
1409.18
1409.416
1409.652
1409.888
1410.124
1410.36
1410.596
1410.832
1411.068
1411.304
1411.54
1411.776
1412.012
1412.248
1412.484
1412.72
1412.956
1413.2
1413.55
1413.9
1414.25
1414.6
1414.95
1415.3
1415.65
1416.0
1416.35
1416.7
1417.013
1417.326
1417.639
1417.952
1418.265
1418.58
1418.695
1418.81
1418.925
1419.04
1419.155
1419.27
1419.385
1419.5
1419.615
1419.73
1419.85
1420.066
1420.282
1420.498
1420.714
1420.93
1421.209
1421.488
1421.767
1422.046
1422.325
1422.604
1422.883
1423.162
1423.441
1423.72
1423.999
1424.278
1424.56
1425.472
1426.384
1427.296
1428.208
1429.12
1430.03
1430.331
1430.632
1430.933
1431.234
1431.535
1431.836
1432.137
1432.438
1432.739
1433.04
1434.79
1436.54
1436.954
1437.368
1437.782
1438.196
1438.61
1439.024
1439.44
1439.738
1440.036
1440.334
1440.632
1440.93
1441.228
1441.526
1441.824
1442.122
1442.42
1442.72
1443.049
1443.378
1443.707
1444.036
1444.365
1444.694
1445.02
1445.45
1445.88
1446.31
1446.74
1447.17
1447.6
1448.03
1448.46
1449.213
1449.966
1450.719
1451.472
1452.225
1452.978
1453.73
1454.149
1454.568
1454.987
1455.406
1455.825
1456.244
1456.663
1457.08
1457.39
1457.7
1458.01
1458.32
1458.63
1458.94
1459.25
1459.56
1459.87
1460.18
1460.49
1461.03
1461.57
1462.11
1462.65
1463.19
1463.73
1464.27
1464.81
1465.35
1465.89
1466.43
1466.97
1467.51
1468.338
1469.166
1469.994
1470.82
1471.158
1471.495
1471.832
1472.17
1472.508
1472.846
1473.184
1473.52
1473.902
1474.284
1474.667
1475.049
1475.431
1475.813
1476.196
1476.578
1476.96
1477.342
1477.725
1478.11
1478.418
1478.726
1479.034
1479.341
1479.648
1479.956
1480.264
1480.57
1480.848
1481.126
1481.404
1481.682
1481.96
1482.238
1482.516
1482.794
1483.072
1483.35
1483.854
1484.358
1484.862
1485.366
1485.87
1486.754
1487.638
1488.522
1489.406
1490.29
1491.174
1492.058
1492.942
1493.826
1494.71
1495.59
1495.94
1496.29
1496.64
1496.99
1497.34
1497.69
1498.04
1498.39
1498.74
1499.09
1500.067
1501.044
1502.021
1502.998
1503.975
1504.952
1505.93
1506.246
1506.562
1506.878
1507.194
1507.51
1507.826
1508.142
1508.46
1508.858
1509.256
1509.654
1510.052
1510.45
1510.848
1511.246
1511.644
1512.042
1512.44
1512.838
1513.236
1513.63
1513.849
1514.068
1514.287
1514.506
1514.725
1514.944
1515.163
1515.382
1515.601
1515.82
1516.04
1516.31
1516.58
1516.85
1517.12
1517.39
1517.66
1517.93
1518.2
1518.47
1518.74
1519.01
1519.476
1519.942
1520.408
1520.874
1521.34
1521.806
1522.272
1522.738
1523.2
1523.474
1523.748
1524.022
1524.296
1524.57
1524.844
1525.118
1525.392
1525.665
1525.902
1526.139
1526.376
1526.613
1526.851
1527.089
1527.326
1527.563
1527.801
1528.04
1528.351
1528.662
1528.973
1529.284
1529.595
1529.906
1530.217
1530.528
1530.839
1531.15
1531.662
1532.174
1532.686
1533.198
1533.71
1534.094
1534.478
1534.862
1535.246
1535.63
1536.014
1536.398
1536.782
1537.166
1537.55
1537.934
1538.136
1538.338
1538.54
1538.742
1538.944
1539.146
1539.35
1539.621
1539.892
1540.163
1540.434
1540.705
1540.976
1541.247
1541.518
1541.79
1542.192
1542.594
1542.996
1543.398
1543.8
1544.202
1544.604
1545.006
1545.41
1545.817
1546.224
1546.631
1547.038
1547.445
1547.852
1548.26
1548.543
1548.825
1549.108
1549.39
1549.591
1549.792
1549.993
1550.194
1550.395
1550.596
1550.797
1551.0
1551.463
1551.925
1552.387
1552.85
1553.156
1553.462
1553.768
1554.074
1554.38
1554.686
1554.992
1555.298
1555.604
1555.91
1556.22
1556.699
1557.178
1557.657
1558.136
1558.615
1559.094
1559.573
1560.052
1560.534
1562.398
1564.262
1566.126
1567.99
1569.854
1571.718
1573.58
1574.524
1575.468
1576.412
1577.356
1578.3
1579.244
1580.188
1581.132
1582.076
1583.02
1583.96
1585.115
1586.27
1587.425
1588.58
1589.735
1590.89
1592.045
1593.2
1594.355
1595.51
1596.66
1596.979
1597.298
1597.617
1597.936
1598.255
1598.574
1598.893
1599.21
1599.467
1599.725
1599.982
1600.239
1600.496
1600.754
1601.011
1601.27
1601.975
1602.68
1603.385
1604.09
1604.795
1605.5
1605.74
1605.98
1606.22
1606.46
1606.7
1606.94
1607.18
1607.42
1607.839
1608.258
1608.677
1609.096
1609.515
1609.934
1610.353
1610.772
1611.191
1611.61
1612.03
1612.39
1612.75
1613.11
1613.47
1613.804
1614.139
1614.366
1614.593
1614.82
1615.047
1615.274
1615.501
1615.728
1615.955
1616.18
1616.813
1617.446
1618.08
1618.622
1619.164
1619.706
1620.248
1620.79
1621.332
1621.874
1622.416
1622.958
1623.5
1623.739
1623.978
1624.217
1624.456
1624.695
1624.934
1625.173
1625.412
1625.651
1625.89
1626.129
1626.368
1626.61
1627.067
1627.524
1627.981
1628.438
1628.896
1629.353
1629.811
1630.27
1630.494
1630.718
1630.942
1631.166
1631.39
1631.614
1631.84
1632.215
1632.59
1632.965
1633.34
1633.548
1633.756
1633.964
1634.172
1634.38
1634.59
1634.782
1634.974
1635.166
1635.358
1635.55
1635.742
1635.934
1636.126
1636.318
1636.506
1636.757
1637.008
1637.259
1637.51
1637.761
1638.012
1638.263
1638.514
1638.765
1639.016
1639.267
1639.518
1639.774
1640.031
1640.288
1640.545
1640.802
1641.059
1641.315
1641.806
1642.297
1642.788
1643.279
1643.77
1644.261
1644.752
1645.243
1645.734
1646.225
1646.716
1647.205
1647.471
1647.737
1648.003
1648.269
1648.535
1648.801
1649.067
1649.33
1649.83
1650.123
1650.416
1650.71
1650.918
1651.126
1651.334
1651.543
1651.775
1652.007
1652.239
1652.471
1652.703
1652.935
1653.17
1653.748
1654.326
1654.904
1655.482
1656.06
1656.43
1656.8
1657.17
1657.572
1657.974
1658.376
1658.78
1659.18
1659.58
1659.98
1660.38
1660.78
1661.18
1661.58
1662.081
1662.582
1663.083
1663.584
1664.085
1664.586
1665.087
1665.59
1665.892
1666.194
1666.496
1666.798
1667.1
1667.402
1667.701
1670.12
1670.455
1670.79
1671.125
1671.46
1671.795
1672.13
1672.363
1672.596
1672.829
1673.062
1673.295
1673.528
1673.761
1673.994
1674.227
1674.46
1674.693
1674.926
1675.159
1675.392
1675.62
1675.894
1676.168
1676.442
1676.716
1676.99
1677.264
1677.538
1677.812
1678.086
1678.359
1678.545
1678.731
1678.917
1679.103
1679.289
1679.475
1679.661
1679.847
1680.033
1680.219
1680.4
1680.94
1681.126
1681.312
1681.498
1681.684
1681.87
1682.056
1682.24
1682.65
1683.06
1683.47
1683.88
1684.29
1684.7
1685.11
1685.52
1685.93
1686.34
1686.75
1687.028
1687.306
1687.584
1687.862
1688.063
1688.264
1688.465
1688.666
1688.867
1689.07
1689.376
1689.682
1689.988
1690.294
1690.6
1690.906
1691.212
1691.518
1691.82
1692.063
1692.306
1692.549
1692.792
1693.035
1693.278
1693.52
1693.742
1693.964
1694.186
1694.408
1694.63
1694.852
1695.074
1695.296
1695.518
1695.74
1695.962
1696.184
1696.41
1696.656
1696.902
1697.148
1697.394
1697.64
1697.939
1698.238
1698.537
1698.836
1699.135
1699.434
1699.733
1700.032
1700.331
1700.63
1700.848
1701.066
1701.284
1701.502
1701.72
1701.938
1702.156
1702.371
1703.467
1704.563
1705.66
1705.836
1706.012
1706.188
1706.364
1706.54
1706.716
1706.892
1707.068
1707.244
1707.42
1707.6
1707.861
1708.122
1708.383
1708.644
1708.905
1709.166
1709.427
1709.688
1709.949
1710.21
1710.44
1710.67
1710.9
1711.13
1711.36
1711.59
1711.82
1712.05
1712.367
1712.684
1713.001
1713.318
1713.635
1713.952
1714.269
1714.586
1714.903
1715.224
1715.404
1715.584
1715.764
1715.944
1716.124
1716.304
1716.485
1716.665
1716.845
1717.025
1717.206
1717.39
1717.844
1718.298
1718.752
1719.206
1719.66
1720.114
1720.568
1721.02
1721.473
1721.926
1722.379
1722.832
1723.285
1723.738
1724.19
1724.374
1724.558
1724.742
1724.926
1725.11
1725.294
1725.478
1725.662
1725.846
1726.03
1726.297
1726.564
1726.831
1727.098
1727.365
1727.632
1727.899
1728.165
1728.523
1728.88
1729.238
1729.596
1729.954
1730.31
1730.584
1730.858
1731.132
1731.406
1731.68
1731.954
1732.228
1732.502
1732.776
1733.05
1733.324
1733.598
1733.872
1734.146
1734.42
1734.694
1734.96
1735.534
1736.108
1736.682
1737.256
1737.83
1738.404
1738.978
1739.552
1740.126
1740.7
1741.274
1741.85
1742.393
1742.936
1743.479
1744.022
1744.565
1745.108
1745.65
1747.674
1749.698
1751.722
1753.746
1755.77
1757.794
1759.82
1760.097
1760.374
1760.651
1760.928
1761.205
1761.482
1761.759
1762.036
1762.313
1762.59
1762.927
1763.264
1763.601
1763.938
1764.274
1764.609
1764.79
1764.971
1765.152
1765.333
1765.514
1765.695
1765.876
1766.057
1766.238
1766.419
1766.601
1766.783
1766.964
1767.15
1767.65
1768.01
1768.37
1768.73
1769.09
1769.431
1769.772
1770.113
1770.454
1770.795
1771.136
1771.477
1771.818
1772.162
1772.525
1772.888
1773.251
1773.614
1773.977
1774.34
1774.7
1775.11
1775.52
1775.93
1776.34
1776.75
1777.16
1777.443
1777.726
1778.009
1778.292
1778.575
1778.858
1779.141
1779.424
1779.707
1779.99
1780.273
1780.56
1780.971
1781.382
1781.793
1782.204
1782.615
1783.026
1783.437
1783.848
1784.259
1784.667
1784.871
1785.075
1785.279
1785.483
1785.687
1785.891
1786.095
1786.299
1786.5
1786.835
1787.17
1787.505
1787.84
1788.175
1788.51
1788.845
1789.18
1789.43
1789.68
1789.93
1790.18
1790.43
1790.68
1790.93
1791.126
1791.322
1791.518
1791.714
1791.91
1792.106
1792.304
1792.619
1792.934
1793.249
1793.564
1793.879
1794.194
1794.509
1794.824
1795.139
1795.456
1795.652
1795.848
1796.044
1796.24
1796.436
1796.632
1796.83
1797.119
1797.408
1797.697
1797.986
1798.275
1798.564
1798.853
1799.142
1799.431
1799.72
1800.009
1800.298
1800.587
1800.88
1801.363
1801.846
1802.329
1802.812
1803.295
1803.778
1804.261
1804.744
1805.227
1805.71
1806.193
1806.677
1806.867
1807.057
1807.247
1807.437
1807.627
1807.817
1808.01
1808.366
1808.722
1809.078
1809.434
1809.79
1810.146
1810.502
1810.858
1811.214
1811.57
1811.947
1812.324
1812.701
1813.078
1813.455
1813.832
1814.209
1814.586
1814.963
1815.34
1815.745
1816.15
1816.555
1816.96
1817.365
1817.77
1818.175
1818.58
1818.985
1819.39
1819.783
1820.176
1820.569
1820.962
1821.355
1821.748
1822.14
1822.408
1822.676
1822.944
1823.212
1823.48
1823.748
1824.016
1824.284
1824.552
1824.82
1825.09
1828.558
1832.026
1835.494
1838.962
1842.43
1845.898
1849.366
1852.834
1856.302
1859.77
1863.238
1866.71
1867.394
1868.078
1868.762
1869.446
1870.13
1870.814
1871.498
1872.182
1872.866
1873.55
1874.234
1874.92
1875.238
1875.556
1875.874
1876.192
1876.51
1876.828
1877.146
1877.464
1877.782
1878.1
1878.42
1878.801
1879.182
1879.563
1879.944
1880.325
1880.706
1881.09
1881.4
1881.71
1882.02
1882.33
1882.64
1882.821
1883.002
1883.183
1883.364
1883.545
1883.726
1883.907
1884.088
1884.269
1884.45
1884.631
1884.81
1884.99
1885.17
1885.351
1885.532
1885.712
1885.892
1886.072
1886.252
1886.432
1886.612
1886.793
1886.976
1887.363
1887.75
1888.137
1888.524
1888.911
1889.3
1889.555
1889.81
1890.065
1890.32
1890.575
1890.83
1891.085
1891.34
1891.595
1891.85
1892.11
1893.032
1893.954
1894.876
1895.798
1896.72
1897.145
1897.57
1897.995
1898.42
1898.845
1899.27
1899.495
1899.72
1899.945
1900.17
1900.395
1900.62
1900.845
1901.07
1901.295
1901.52
1901.865
1902.21
1902.555
1902.9
1903.245
1903.59
1903.935
1904.28
1905.086
1905.892
1906.698
1907.504
1908.31
1909.116
1909.922
1910.728
1911.534
1912.34
1913.161
1913.982
1914.803
1915.624
1916.445
1917.266
1918.09
1918.386
1918.682
1918.978
1919.275
1920.257
1921.239
1922.22
1922.671
1923.122
1923.573
1924.024
1924.475
1924.926
1925.377
1925.828
1926.28
1926.555
1926.83
1927.105
1927.38
1927.655
1927.93
1928.205
1928.424
1928.643
1928.862
1929.081
1929.3
1929.519
1929.738
1929.957
1930.18
1930.514
1930.848
1931.182
1931.516
1931.85
1932.184
1932.52
1932.71
1932.9
1933.09
1933.28
1933.47
1933.66
1933.861
1934.062
1934.263
1934.464
1934.665
1934.866
1935.067
1935.268
1935.469
1935.67
1935.871
1936.072
1936.27
1936.515
1936.76
1937.005
1937.25
1937.495
1937.74
1937.985
1938.23
1938.475
1938.72
1938.965
1939.21
1939.45
1939.71
1939.97
1940.23
1940.49
1940.75
1941.01
1941.27
1941.552
1941.834
1942.116
1942.398
1942.68
1942.961
1943.439
1943.917
1944.395
1944.873
1945.351
1945.829
1946.307
1946.785
1947.26
1947.996
1948.732
1949.468
1950.204
1950.94
1951.676
1952.412
1953.148
1953.884
1954.62
1955.323
1956.026
1956.729
1957.432
1958.135
1958.838
1959.541
1960.244
1960.95
1962.453
1963.956
1965.459
1966.962
1968.465
1969.968
1971.47
1972.56
1973.65
1974.74
1975.83
1976.92
1978.01
1979.1
1980.19
1981.215
1982.24
1983.265
1984.29
1985.315
1986.34
1987.365
1988.39
1989.415
1990.44
1991.33
1992.22
1993.11
1994.0
1994.89
1995.78
1996.41
1997.04
1998.157
1999.274
2000.39
2001.163
2001.936
2002.708
2003.48
2003.828
2004.176
2004.524
2004.871
2005.219
2005.567
2005.915
2006.263
2006.611
2006.959
2007.307
2007.65
2008.006
2008.362
2008.718
2009.074
2009.43
2009.806
2010.182
2010.558
2010.934
2011.31
2011.686
2012.062
2012.438
2012.81
2013.396
2013.982
2014.568
2015.154
2015.74
2016.326
2016.91
2018.12
2019.33
2020.54
2021.75
2022.96
2024.17
2025.38
2026.59
2027.8
2028.348
2028.896
2029.444
2029.992
2030.54
2031.09
2031.29
2031.49
2031.69
2031.89
2032.09
2032.365
2032.64
2032.915
2033.19
2033.465
2033.74
2034.015
2034.29
2034.565
2034.84
2035.11
2035.314
2035.518
2035.722
2035.926
2036.13
2036.334
2036.538
2036.742
2036.945
2037.132
2037.32
2037.507
2037.695
2037.882
2038.07
2038.256
2038.442
2038.628
2038.814
2039.0
2039.186
2039.372
2039.558
2039.74
2039.871
2040.002
2040.133
2040.264
2040.395
2040.526
2040.657
2040.788
2040.92
2041.355
2041.79
2042.225
2042.66
2043.095
2043.53
2043.965
2044.4
2044.835
2045.27
2045.707
2045.915
2046.123
2046.331
2046.539
2046.747
2046.955
2047.163
2047.371
2047.579
2047.79
2048.238
2048.685
2049.132
2049.58
2049.953
2050.326
2050.699
2051.072
2051.445
2051.818
2052.19
2054.401
2056.612
2058.824
2059.062
2059.3
2059.538
2059.776
2060.014
2060.252
2060.49
2060.727
2060.965
2061.199
2061.629
2062.059
2062.489
2062.919
2063.349
2063.78
2066.823
2069.866
2072.909
2075.952
2078.995
2082.04
2089.573
2097.106
2104.639
2112.172
2119.705
2127.238
2134.771
2142.304
2149.837
2157.37
2174.01
2190.65
2191.068
2191.486
2191.904
2192.322
2192.74
2193.16
2193.503
2193.846
2194.189
2194.532
2194.875
2195.218
2195.561
2195.904
2196.247
2196.594
2196.929
2197.264
2197.599
2197.934
2198.269
2198.604
2198.939
2199.272
2204.606
2209.94
2215.274
2220.608
2225.942
2231.276
2236.61
2236.905
2237.2
2237.495
2237.79
2238.085
2238.38
2238.675
2238.97
2239.265
2239.56
2239.797
2240.034
2240.271
2240.508
2240.745
2240.982
2241.22
2242.642
2244.064
2245.486
2246.908
2248.33
2248.854
2249.378
2249.902
2250.426
2250.95
2251.513
2252.076
2252.639
2253.202
2253.765
2254.328
2254.89
2255.207
2255.524
2255.841
2256.159
2256.477
2256.794
2257.111
2257.43
2258.035
2258.64
2259.245
2259.85
2260.125
2260.4
2260.675
2260.95
2261.225
2261.5
2261.775
2262.05
2262.325
2262.6
2262.802
2263.004
2263.206
2263.408
2263.61
2263.812
2264.014
2264.216
2264.42
2264.869
2265.318
2265.767
2266.216
2266.665
2267.112
2267.294
2267.476
2267.658
2267.84
2268.022
2268.204
2268.386
2268.57
2269.18
2269.79
2270.4
2270.71
2271.02
2271.33
2271.64
2271.95
2272.26
2272.57
2272.985
2273.4
2273.815
2274.23
2274.645
2275.06
2275.475
2275.89
2276.496
2277.102
2277.708
2278.314
2278.92
2279.425
2279.93
2280.435
2280.94
2281.445
2281.95
2282.455
2282.96
2283.465
2283.97
2284.48
2284.939
2285.398
2285.857
2286.316
2286.775
2287.234
2287.693
2288.152
2288.614
2288.799
2288.984
2289.169
2289.354
2289.539
2289.724
2289.909
2290.094
2290.28
2290.866
2291.452
2292.038
2292.624
2293.21
2293.796
2294.382
2294.97
2295.175
2295.38
2295.585
2295.79
2295.995
2296.2
2296.405
2296.61
2296.815
2297.02
2297.735
2298.45
2299.165
2299.88
2300.595
2301.31
2301.717
2302.124
2302.531
2302.938
2303.345
2303.752
2304.159
2304.566
2304.976
2305.376
2305.776
2306.176
2306.576
2306.976
2307.376
2307.776
2308.176
2308.58
2308.876
2309.172
2309.468
2309.764
2310.06
2310.356
2310.652
2310.948
2311.244
2311.54
2311.75
2311.96
2312.17
2312.38
2312.59
2312.8
2313.01
2313.219
2313.443
2313.667
2313.891
2314.115
2314.339
2314.563
2314.787
2315.01
2315.283
2315.556
2315.829
2316.102
2316.375
2316.65
2317.007
2317.364
2317.72
2318.146
2318.572
2318.998
2319.424
2319.85
2320.276
2320.7
2321.054
2321.408
2321.762
2322.116
2322.47
2322.824
2323.178
2323.532
2323.886
2324.24
2324.594
2324.95
2325.308
2325.666
2326.024
2326.382
2326.74
2327.098
2327.456
2327.814
2328.172
2328.53
2328.888
2329.246
2329.6
2329.796
2329.992
2330.188
2330.384
2330.58
2330.776
2330.972
2331.168
2331.364
2331.56
2331.815
2332.07
2332.325
2332.58
2332.835
2333.09
2333.345
2333.6
2333.855
2334.11
2334.365
2334.62
2334.87
2335.615
2336.36
2336.567
2336.774
2336.981
2337.188
2337.395
2337.602
2337.81
2338.054
2338.298
2338.542
2338.786
2339.03
2339.274
2339.518
2339.762
2340.006
2340.25
2340.55
2340.85
2341.15
2341.45
2341.75
2342.05
2342.347
2342.523
2342.699
2342.875
2343.051
2343.227
2343.403
2343.579
2343.755
2343.93
2344.097
2344.264
2344.431
2344.598
2344.765
2344.932
2345.099
2345.266
2345.433
2345.6
2345.763
2346.113
2346.463
2346.813
2347.163
2347.513
2347.863
2348.213
2348.563
2348.913
2349.263
2349.609
2349.802
2349.995
2350.188
2350.381
2350.574
2350.767
2350.96
2351.15
2351.336
2351.522
2351.708
2351.894
2352.08
2352.266
2352.452
2352.638
2352.824
2353.01
2353.191
2353.64
2354.09
2354.54
2354.99
2355.439
2355.889
2356.339
2356.787
2356.985
2357.183
2357.381
2357.579
2357.777
2357.975
2358.173
2358.37
2358.6
2358.83
2359.06
2359.29
2359.52
2359.855
2360.19
2360.525
2360.86
2361.07
2361.28
2361.49
2361.7
2361.91
2362.12
2362.33
2362.575
2362.82
2363.065
2363.31
2363.611
2363.912
2364.213
2364.514
2364.815
2365.116
2365.417
2365.718
2366.02
2366.45
2366.88
2367.31
2367.74
2368.172
2368.373
2368.574
2368.775
2368.976
2369.177
2369.38
2369.787
2370.194
2370.601
2371.008
2371.415
2371.82
2372.245
2372.67
2373.095
2373.52
2373.945
2374.37
2374.795
2375.22
2375.642
2375.878
2376.114
2376.35
2376.662
2376.974
2377.287
2377.599
2377.912
2378.224
2378.537
2378.849
2379.162
2379.474
2379.787
2380.1
2380.526
2380.952
2381.378
2381.804
2382.23
2382.45
2382.67
2382.89
2383.11
2383.33
2383.55
2383.77
2383.99
2384.21
2384.475
2384.74
2385.005
2385.27
2385.535
2385.8
2386.065
2386.33
2386.595
2386.86
2387.125
2387.39
2387.66
2387.869
2388.078
2388.287
2388.496
2388.705
2388.914
2389.12
2389.405
2389.69
2389.975
2390.26
2390.545
2390.83
2391.115
2391.4
2391.787
2392.174
2392.561
2392.948
2393.335
2393.722
2394.109
2394.496
2394.883
2395.27
2395.66
2395.92
2396.18
2396.44
2396.7
2396.96
2397.22
2397.48
2397.74
2398.0
2398.26
2398.52
2398.858
2399.196
2399.534
2399.87
2400.116
2400.362
2400.608
2400.854
2401.1
2401.346
2401.592
2401.838
2402.084
2402.33
2402.642
2402.954
2403.267
2403.579
2403.892
2404.204
2404.517
2404.83
2405.095
2405.36
2405.625
2405.89
2406.155
2406.42
2406.685
2406.95
2407.215
2407.48
2407.745
2408.01
2408.27
2408.448
2408.626
2408.804
2408.982
2409.16
2409.338
2409.516
2409.694
2409.87
2410.299
2410.728
2411.157
2411.586
2412.015
2412.444
2412.873
2413.302
2413.731
2414.16
2414.459
2414.758
2415.057
2415.356
2415.655
2415.954
2416.253
2416.552
2416.851
2417.15
2417.449
2417.748
2418.047
2418.35
2418.677
2419.004
2419.331
2419.658
2419.985
2420.312
2420.64
2420.957
2421.274
2421.591
2421.908
2422.225
2422.542
2422.86
2423.093
2423.326
2423.559
2423.792
2424.025
2424.258
2424.491
2424.724
2424.957
2425.19
2425.423
2425.656
2425.89
2426.346
2426.802
2427.258
2427.714
2428.17
2428.626
2429.082
2429.538
2429.994
2430.45
2430.906
2431.359
2431.552
2431.745
2431.938
2432.131
2432.324
2432.517
2432.71
2432.9
2433.168
2433.436
2433.704
2433.972
2434.24
2434.578
2434.916
2435.254
2435.592
2435.93
2436.27
2436.598
2436.926
2437.254
2437.582
2437.91
2438.238
2438.566
2438.894
2439.22
2439.462
2439.704
2439.946
2440.188
2440.43
2440.672
2440.914
2441.156
2441.398
2441.64
2442.478
2443.316
2444.154
2444.992
2445.83
2446.67
2446.874
2447.078
2447.282
2447.486
2447.69
2447.894
2448.098
2448.302
2448.506
2448.71
2448.914
2449.12
2449.321
2449.522
2449.723
2449.924
2450.125
2450.326
2450.527
2450.728
2450.93
2451.232
2451.534
2451.836
2452.138
2452.44
2452.943
2453.446
2453.948
2454.45
2454.952
2455.455
2455.957
2456.46
2457.384
2458.308
2459.232
2460.156
2461.08
2462.004
2462.928
2463.852
2464.776
2465.7
2466.89
2468.08
2468.979
2469.878
2470.777
2471.676
2472.576
2472.937
2473.298
2473.659
2474.02
2474.381
2474.742
2475.103
2475.464
2475.825
2476.186
2476.547
2476.908
2477.27
2477.5
2477.73
2477.96
2478.19
2478.42
2478.65
2478.877
2479.085
2479.293
2479.501
2479.71
2480.119
2480.528
2480.937
2481.346
2481.755
2482.164
2482.57
2482.932
2483.294
2483.656
2484.018
2484.38
2484.845
2485.31
2485.775
2486.24
2486.467
2486.694
2486.921
2487.148
2487.375
2487.602
2487.829
2488.056
2488.283
2488.51
2488.835
2489.16
2489.485
2489.81
2490.135
2490.46
2490.785
2491.11
2491.328
2491.546
2491.764
2491.982
2492.2
2492.418
2492.636
2492.854
2493.072
2493.29
2493.508
2493.73
2494.097
2494.465
2494.832
2495.2
2495.336
2495.472
2495.608
2495.744
2495.88
2496.17
2496.46
2496.75
2497.04
2497.33
2497.62
2497.91
2498.2
2498.379
2498.558
2498.737
2498.916
2499.095
2499.274
2499.453
2499.632
2499.811
2499.99
2500.326
2500.662
2500.998
2501.334
2501.67
2502.006
2502.34
2502.512
2502.684
2502.856
2503.028
2503.2
2503.48
2503.76
2504.04
2504.32
2504.6
2504.88
2505.16
2505.394
2505.628
2505.862
2506.096
2506.33
2506.565
2506.8
2507.035
2507.27
2507.505
2507.74
2507.975
2508.21
2508.445
2508.68
2508.873
2509.066
2509.259
2509.452
2509.645
2509.838
2510.031
2510.224
2510.417
2510.61
2510.8
2511.166
2511.532
2511.898
2512.264
2512.63
2512.996
2513.362
2513.728
2514.09
2514.53
2514.97
2515.41
2515.85
2516.29
2516.474
2516.658
2516.842
2517.026
2517.21
2517.394
2517.578
2517.762
2517.946
2518.13
2518.314
2518.498
2518.682
2518.866
2519.05
2519.24
2519.403
2519.566
2519.729
2519.892
2520.055
2520.22
2520.936
2521.652
2522.368
2523.084
2523.8
2524.516
2525.232
2525.945
2526.126
2526.307
2526.488
2526.669
2526.85
2527.031
2527.212
2527.393
2527.57
2527.81
2528.05
2528.29
2528.53
2528.77
2529.01
2529.25
2529.489
2529.673
2529.857
2530.041
2530.225
2530.409
2530.593
2530.78
2530.977
2531.174
2531.37
2531.537
2531.704
2531.87
2532.078
2532.286
2532.494
2532.703
2533.085
2533.467
2533.85
2534.497
2535.144
2535.791
2536.44
2536.648
2536.856
2537.064
2537.272
2537.48
2537.66
2537.84
2538.02
2538.239
2538.458
2538.677
2538.896
2539.115
2539.334
2539.553
2539.77
2540.0
2540.23
2540.46
2540.69
2541.226
2541.762
2542.298
2542.834
2543.37
2543.861
2544.352
2544.843
2545.334
2545.825
2546.316
2546.807
2547.3
2547.572
2547.844
2548.116
2548.388
2548.66
2548.93
2549.146
2549.362
2549.577
2549.73
2549.883
2550.036
2550.189
2550.342
2550.495
2550.648
2550.801
2550.954
2551.107
2551.26
2551.41
2551.67
2551.93
2552.19
2552.45
2552.71
2552.97
2553.23
2553.49
2553.75
2554.01
2554.27
2554.53
2554.766
2555.002
2555.238
2555.474
2555.71
2556.067
2556.424
2556.78
2557.267
2557.754
2558.24
2558.562
2558.885
2559.208
2559.53
2560.145
2560.76
2561.066
2561.372
2561.678
2561.984
2562.29
2562.596
2562.902
2563.208
2563.51
2564.453
2571.325
2572.117
2572.91
2573.297
2573.685
2574.073
2574.46
2574.86
2575.26
2575.66
2576.06
2576.46
2576.86
2577.4
2577.94
2578.48
2579.02
2579.56
2580.1
2580.64
2581.18
2581.72
2582.053
2582.386
2582.719
2583.052
2583.385
2583.72
2584.165
2584.61
2585.055
2585.5
2585.945
2586.39
2586.835
2587.28
2587.675
2588.07
2588.465
2588.86
2589.255
2589.65
2590.045
2590.44
2591.42
2592.4
2593.38
2594.36
2595.34
2596.32
2597.3
2597.71
2598.12
2598.53
2598.94
2599.35
2599.76
2600.204
2600.648
2601.092
2601.536
2601.98
2602.424
2602.868
2603.31
2603.692
2604.074
2604.456
2604.838
2605.22
2605.602
2605.984
2606.366
2606.748
2607.13
2607.512
2607.894
2608.28
2608.606
2608.932
2609.258
2609.584
2609.91
2610.236
2610.562
2610.89
2611.198
2611.506
2611.814
2612.122
2612.43
2612.738
2613.046
2613.354
2613.662
2613.97
2614.278
2614.586
2614.9
2615.075
2615.25
2615.425
2615.6
2615.775
2615.95
2616.125
2616.3
2616.475
2616.65
2616.968
2617.286
2617.604
2617.922
2618.24
2618.56
2618.8
2619.04
2619.28
2619.52
2619.76
2620.0
2620.24
2620.48
2620.72
2621.148
2621.575
2622.002
2622.43
2622.858
2623.285
2623.712
2624.14
2624.667
2625.194
2625.721
2626.248
2626.775
2627.3
2627.752
2628.204
2628.656
2629.108
2629.56
2630.012
2630.464
2630.916
2631.368
2631.82
2632.7
2633.58
2634.46
2635.34
2635.796
2636.252
2636.708
2637.164
2637.62
2638.076
2638.532
2638.988
2639.444
2639.9
2640.356
2640.81
2641.205
2641.6
2641.995
2642.39
2642.785
2643.18
2643.575
2643.97
2644.365
2644.76
2645.15
2645.461
2645.772
2646.083
2646.394
2646.705
2647.016
2647.327
2647.64
2647.926
2648.212
2648.498
2648.784
2649.07
2649.356
2649.642
2649.925
2650.241
2650.557
2650.873
2651.189
2651.505
2651.821
2652.137
2652.453
2652.765
2653.05
2653.336
2653.621
2653.907
2654.193
2654.479
2654.764
2655.05
2655.336
2655.62
2655.98
2656.34
2656.7
2657.06
2657.42
2657.78
2658.14
2658.5
2658.86
2659.25
2659.64
2660.03
2660.42
2660.81
2661.2
2661.659
2662.118
2662.577
2663.036
2663.495
2663.954
2664.413
2664.872
2665.327
2665.535
2665.743
2665.951
2666.159
2666.367
2666.575
2666.783
2666.991
2667.199
2667.41
2667.762
2668.115
2668.467
2668.82
2669.208
2669.596
2669.984
2670.372
2670.76
2670.993
2671.226
2671.459
2671.691
2671.923
2672.155
2672.388
2672.62
2672.931
2673.242
2673.553
2673.864
2674.175
2674.486
2674.797
2675.108
2675.42
2675.79
2676.16
2676.53
2676.9
2677.27
2677.43
2677.59
2677.75
2677.91
2678.07
2678.23
2678.39
2678.805
2679.22
2679.635
2680.05
2680.465
2680.88
2681.295
2681.71
2682.353
2682.996
2683.639
2684.282
2684.925
2685.568
2686.211
2686.854
2687.497
2688.14
2688.359
2688.578
2688.797
2689.016
2689.235
2689.454
2689.673
2689.892
2690.111
2690.33
2690.55
2691.004
2691.458
2691.912
2692.366
2692.82
2693.274
2693.728
2694.18
2694.443
2694.706
2694.968
2695.23
2695.493
2695.756
2696.019
2696.28
2696.638
2696.996
2697.354
2697.712
2698.07
2698.428
2698.786
2699.144
2699.502
2699.86
2702.094
2704.328
2706.562
2708.796
2711.03
2713.264
2715.498
2717.732
2719.97
2728.617
2737.264
2745.91
2746.459
2747.008
2747.557
2748.106
2748.655
2749.204
2749.753
2750.302
2750.851
2751.4
2751.621
2751.842
2752.063
2752.284
2752.505
2752.726
2752.947
2753.17
2753.599
2754.028
2754.457
2754.886
2755.315
2755.744
2756.173
2756.6
2756.969
2757.338
2757.707
2758.076
2758.445
2758.814
2759.18
2759.517
2759.854
2760.191
2760.528
2760.865
2761.202
2761.54
2761.88
2762.561
2763.242
2763.923
2764.604
2765.285
2765.966
2766.647
2767.328
2768.009
2768.69
2769.371
2770.05
2770.515
2770.98
2771.445
2771.91
2772.375
2772.84
2773.305
2773.77
2774.235
2774.7
2775.165
2775.63
2776.1
2776.295
2776.49
2776.685
2776.88
2777.075
2777.27
2777.465
2777.66
2777.855
2778.05
2778.245
2778.44
2778.635
2778.83
2779.257
2779.684
2780.111
2780.538
2780.965
2781.392
2781.819
2782.246
2782.673
2783.101
2783.273
2783.445
2783.617
2783.789
2783.961
2784.133
2784.305
2784.475
2784.765
2785.055
2785.345
2785.635
2785.925
2786.215
2786.505
2786.795
2787.085
2787.375
2787.67
2787.98
2788.29
2788.6
2788.821
2789.042
2789.263
2789.484
2789.705
2789.926
2790.147
2790.368
2790.59
2790.811
2791.032
2791.253
2791.474
2791.695
2791.916
2792.14
2792.374
2792.608
2792.842
2793.076
2793.31
2793.544
2793.778
2794.012
2794.246
2794.48
2794.714
2794.948
2795.182
2795.42
2795.628
2795.836
2796.044
2796.252
2796.46
2796.668
2796.876
2797.084
2797.292
2797.5
2797.708
2797.916
2798.124
2798.33
2798.616
2798.902
2799.188
2799.474
2799.76
2800.046
2800.33
2800.591
2800.852
2801.113
2801.374
2801.635
2801.896
2802.16
2802.57
2802.98
2803.39
2804.345
2805.3
2805.526
2805.752
2805.978
2806.204
2806.43
2806.656
2806.882
2807.11
2807.329
2807.548
2807.767
2807.986
2808.205
2808.424
2808.64
2808.904
2809.168
2809.432
2809.696
2809.96
2810.224
2810.488
2810.752
2811.015
2811.254
2811.493
2811.732
2811.971
2812.21
2812.449
2812.69
2813.115
2813.54
2813.965
2814.39
2814.815
2815.24
2815.665
2816.09
2816.515
2816.94
2817.457
2817.974
2818.491
2819.008
2819.525
2820.042
2820.559
2821.075
2821.409
2821.743
2822.077
2822.411
2822.745
2823.079
2823.413
2823.75
2824.242
2824.735
2825.227
2825.719
2826.211
2826.703
2827.195
2827.69
2828.07
2828.45
2828.83
2829.21
2829.59
2829.97
2830.35
2830.729
2830.92
2831.111
2831.302
2831.493
2831.684
2831.875
2832.066
2832.257
2832.448
2832.639
2832.83
2833.02
2833.205
2833.39
2833.575
2833.76
2833.945
2834.13
2834.315
2834.5
2834.685
2834.87
2835.06
2835.32
2835.58
2835.84
2836.1
2836.36
2836.62
2836.88
2837.143
2837.405
2837.667
2837.929
2838.191
2838.453
2838.715
2838.977
2839.239
2839.5
2839.818
2840.137
2840.456
2840.774
2841.092
2841.411
2841.661
2841.911
2842.161
2842.411
2842.661
2842.91
2843.334
2843.758
2844.182
2844.606
2845.03
2845.324
2845.618
2845.912
2846.206
2846.5
2846.794
2847.09
2847.396
2847.702
2848.008
2848.314
2848.62
2848.877
2849.134
2849.391
2849.648
2849.905
2850.162
2850.416
2850.648
2850.88
2851.112
2851.344
2851.576
2851.808
2852.04
2852.387
2852.734
2853.081
2853.428
2853.775
2854.122
2854.469
2854.816
2855.163
2855.51
2855.857
2856.2
2856.6
2857.0
2857.4
2857.8
2858.2
2858.6
2859.0
2859.4
2859.8
2860.2
2860.478
2860.756
2861.034
2861.312
2861.59
2861.868
2862.146
2862.424
2862.702
2862.98
2863.26
2863.474
2863.688
2863.902
2864.116
2864.33
2864.544
2864.758
2864.972
2865.19
2865.497
2865.804
2866.111
2866.418
2866.724
2866.907
2867.09
2867.273
2867.456
2867.64
2867.935
2868.23
2868.525
2868.82
2869.115
2869.41
2869.705
2870.0
2870.295
2870.59
2870.868
2871.146
2871.424
2871.702
2871.98
2872.26
2872.57
2872.88
2873.19
2873.501
2873.953
2874.405
2874.857
2875.309
2875.761
2876.213
2876.665
2877.117
2877.569
2878.021
2878.47
2878.664
2878.858
2879.052
2879.246
2879.44
2879.634
2879.828
2880.022
2880.22
2880.434
2880.648
2880.862
2881.076
2881.29
2881.504
2881.72
2881.916
2882.112
2882.308
2882.504
2882.7
2882.896
2883.095
2883.371
2883.647
2883.923
2884.199
2884.475
2884.751
2885.03
2885.272
2885.514
2885.756
2885.998
2886.24
2886.48
2886.689
2886.898
2887.107
2887.316
2887.525
2887.734
2887.94
2888.098
2888.256
2888.414
2888.572
2888.73
2888.888
2889.046
2889.204
2889.36
2889.531
2889.702
2889.873
2890.045
2890.228
2890.411
2890.594
2890.777
2890.96
2891.143
2891.326
2891.51
2891.653
2891.795
2891.938
2892.08
2892.304
2892.528
2892.752
2892.976
2893.2
2893.424
2893.648
2893.871
2894.127
2894.383
2894.639
2894.895
2895.151
2895.407
2895.663
2895.919
2896.175
2896.43
2896.75
2897.07
2897.39
2897.71
2898.03
2898.35
2898.67
2898.99
2899.31
2899.63
2899.95
2900.27
2900.59
2900.769
2900.948
2901.127
2901.306
2901.485
2901.664
2901.843
2902.022
2902.201
2902.38
2902.559
2902.738
2902.917
2903.096
2903.275
2903.45
2903.861
2904.272
2904.683
2905.094
2905.505
2905.916
2906.327
2906.738
2907.149
2907.56
2908.098
2908.636
2909.174
2909.712
2910.25
2910.788
2911.326
2911.864
2912.4
2912.76
2913.12
2913.48
2913.84
2914.2
2914.866
2915.532
2916.199
2916.423
2916.647
2916.871
2917.095
2917.319
2917.543
2917.767
2917.99
2918.267
2918.544
2918.821
2919.098
2919.375
2919.652
2919.929
2920.206
2920.483
2920.76
2921.037
2921.314
2921.591
2921.87
2922.213
2922.556
2922.899
2923.242
2923.585
2923.928
2924.271
2924.614
2924.957
2925.3
2925.58
2925.86
2926.14
2926.42
2926.7
2926.98
2927.26
2927.577
2927.894
2928.211
2928.528
2928.845
2929.162
2929.479
2929.796
2930.11
2930.718
2931.326
2931.934
2932.542
2933.15
2933.758
2934.366
2934.974
2935.584
2935.823
2936.062
2936.302
2936.542
2936.782
2937.022
2937.262
2937.5
2938.33
2939.16
2939.99
2940.82
2941.316
2941.812
2942.308
2942.804
2943.3
2943.796
2944.29
2944.567
2944.844
2945.121
2945.398
2945.675
2945.952
2946.229
2946.506
2946.783
2947.06
2947.337
2947.61
2947.905
2948.2
2948.495
2948.79
2949.085
2949.38
2949.675
2949.97
2950.265
2950.56
2950.855
2951.15
2951.45
2951.879
2952.308
2952.737
2953.166
2953.595
2954.024
2954.45
2954.68
2954.91
2955.14
2955.37
2955.6
2955.83
2956.06
2956.29
2956.52
2956.75
2956.98
2957.21
2957.44
2957.646
2957.852
2958.058
2958.264
2958.47
2958.676
2958.882
2959.088
2959.294
2959.5
2959.706
2959.91
2960.14
2960.37
2960.6
2960.83
2961.06
2961.29
2961.52
2961.806
2962.092
2962.378
2962.664
2962.95
2963.159
2963.368
2963.577
2963.786
2963.995
2964.204
2964.41
2964.718
2965.026
2965.334
2965.642
2965.95
2966.258
2966.566
2966.874
2967.182
2967.49
2967.955
2968.42
2968.885
2969.35
2969.815
2970.28
2970.745
2971.21
2971.675
2972.14
2972.605
2973.07
2973.53
2974.093
2974.656
2975.22
2975.613
2976.006
2976.399
2976.792
2977.185
2977.579
2982.336
2982.614
2982.892
2983.17
2983.448
2983.726
2984.004
2984.67
2984.978
2985.286
2985.594
2985.902
2986.211
2986.551
2986.891
2987.231
2987.571
2987.911
2988.251
2988.591
2988.93
2989.13
2989.33
2989.53
2989.73
2989.93
2990.13
2990.33
2990.53
2990.73
2990.93
2991.13
2991.33
2991.618
2991.906
2992.194
2992.482
2992.77
2993.008
2993.245
2993.483
2993.721
2993.959
2994.197
2994.435
2994.67
2995.202
2995.734
2996.266
2996.798
2997.33
2998.524
2999.718
3000.912
3002.106
3003.3
3003.88
3004.46
3005.04
3005.62
3006.2
3006.78
3007.291
3007.802
3008.313
3008.824
3009.335
3009.846
3010.357
3010.87
3011.142
3011.414
3011.686
3011.958
3012.23
3012.502
3012.774
3013.046
3013.318
3013.59
3014.03
3014.47
3014.91
3015.35
3015.79
3016.088
3016.386
3016.684
3016.982
3017.28
3017.578
3017.876
3018.174
3018.472
3018.77
3019.114
3019.458
3019.802
3020.146
3020.49
3020.834
3021.178
3021.522
3021.866
3022.21
3022.554
3022.898
3023.24
3023.472
3023.704
3023.936
3024.168
3024.4
3024.632
3024.864
3025.096
3025.33
3025.713
3026.096
3026.479
3026.862
3027.244
3027.425
3027.606
3027.787
3027.967
3028.148
3028.329
3028.51
3028.691
3028.871
3029.052
3029.233
3029.41
3029.696
3029.982
3030.268
3030.554
3030.84
3031.126
3031.41
3031.697
3031.985
3032.273
3032.561
3032.849
3033.137
3033.425
3033.71
3034.156
3034.602
3035.048
3035.494
3035.94
3036.386
3036.832
3037.278
3037.724
3038.17
3038.419
3038.668
3038.917
3039.166
3039.415
3039.664
3039.913
3040.162
3040.411
3040.66
3040.909
3041.16
3041.514
3041.868
3042.222
3042.576
3042.93
3043.194
3043.458
3043.722
3043.986
3044.25
3044.514
3044.778
3045.04
3045.04
3045.04
3045.04
3045.04
