21.994
22.47
22.946
23.422
23.898
24.374
24.85
25.343
25.836
26.329
26.822
27.315
27.81
28.024
28.238
28.452
28.666
28.88
29.094
29.308
29.522
29.736
29.95
30.237
30.524
30.811
31.098
31.385
31.672
31.861
32.05
32.239
32.428
32.617
32.806
32.995
33.184
33.373
33.562
33.751
33.94
34.13
34.35
34.57
34.737
34.904
35.071
35.238
35.405
35.572
35.739
35.906
36.073
36.236
36.58
36.924
37.268
37.612
37.956
38.3
38.644
38.988
39.332
39.68
40.28
40.88
41.48
42.08
42.68
43.15
43.62
44.09
44.56
45.03
45.5
45.97
46.226
46.482
46.738
46.994
47.25
47.506
47.762
48.018
48.274
48.53
48.79
49.158
49.526
49.894
50.262
50.63
50.998
51.366
51.734
52.102
52.47
52.84
53.118
53.396
53.674
53.952
54.23
54.508
54.786
55.064
55.342
55.62
55.898
56.176
56.46
56.721
56.982
57.243
57.504
57.765
58.026
58.287
58.55
58.861
59.172
59.483
59.794
60.105
60.416
60.727
61.038
61.349
61.66
61.971
62.282
62.593
62.9
63.167
63.434
63.701
63.968
64.236
64.504
64.772
65.04
65.399
65.758
66.117
66.476
66.835
67.194
67.553
67.912
68.271
68.63
68.923
69.216
69.509
69.802
70.095
70.39
70.624
70.858
71.092
71.326
71.56
71.794
72.028
72.262
72.496
72.73
72.964
73.198
73.43
73.873
74.316
74.759
75.202
75.645
76.088
76.531
76.974
77.416
77.619
77.822
78.025
78.228
78.431
78.634
78.837
79.04
79.297
79.554
79.811
80.068
80.325
80.581
80.956
81.331
81.706
82.081
82.456
82.83
83.081
83.332
83.583
83.834
84.085
84.336
84.587
84.838
85.089
85.34
85.689
86.038
86.387
86.736
87.085
87.434
87.783
88.132
88.481
88.83
89.273
89.716
90.159
90.602
91.045
91.49
91.737
91.984
92.231
92.478
92.725
92.972
93.219
93.466
93.713
93.96
94.21
94.566
94.922
95.278
95.634
95.99
96.346
96.702
97.058
97.41
97.7
97.99
98.28
98.57
98.86
99.15
99.44
99.654
99.868
100.082
100.296
100.51
100.724
100.938
101.152
101.366
101.58
101.79
102.573
103.356
104.139
104.922
105.705
106.49
106.854
107.218
107.582
107.946
108.31
108.674
109.038
109.402
109.766
110.13
110.412
110.695
110.977
111.26
111.543
111.826
112.108
112.39
112.639
112.888
113.137
113.386
113.635
113.884
114.134
114.301
114.468
114.635
114.802
114.969
115.136
115.303
115.47
115.637
115.8
116.053
116.306
116.559
116.812
117.065
117.318
117.571
117.824
118.077
118.33
118.58
118.812
119.044
119.276
119.508
119.74
119.972
120.204
120.436
120.668
120.9
121.132
121.364
121.59
122.688
123.786
124.884
125.982
127.08
134.095
141.11
141.404
141.698
141.992
142.286
142.58
142.874
143.168
143.462
143.756
144.05
144.344
144.638
144.93
145.172
145.414
145.656
145.898
146.14
146.382
146.624
146.866
147.108
147.35
148.021
148.692
149.363
150.034
150.705
151.376
152.05
152.367
152.684
153.001
153.318
153.635
153.952
154.269
154.584
154.792
155.0
155.208
155.416
155.624
155.832
156.04
156.25
156.493
156.736
156.978
157.221
157.464
157.707
157.95
158.192
158.435
158.678
158.921
159.16
159.346
159.532
159.718
159.904
160.09
160.276
160.462
160.648
160.834
161.02
161.206
161.392
161.578
161.764
161.95
162.204
162.458
162.712
162.966
163.22
163.474
163.73
164.01
164.29
164.57
164.85
165.13
165.41
165.69
165.97
166.29
166.61
166.93
167.25
167.57
167.89
168.21
168.53
168.85
169.17
169.49
169.82
170.15
170.48
170.81
171.14
171.47
171.8
172.13
172.46
172.79
173.12
173.45
173.78
174.057
174.334
174.611
174.888
175.165
175.442
175.72
176.019
176.318
176.617
176.916
177.215
177.514
177.813
178.112
178.411
178.71
178.993
179.276
179.559
179.842
180.125
180.408
180.691
180.974
181.21
181.446
181.682
181.918
182.154
182.39
182.596
182.802
183.008
183.214
183.42
183.626
183.832
184.038
184.244
184.45
184.721
184.992
185.263
185.534
185.805
186.076
186.347
186.618
186.889
187.16
187.444
187.728
188.012
188.296
188.58
188.864
189.148
189.432
189.716
190.0
190.284
190.57
191.002
191.434
191.866
192.298
192.73
193.162
193.594
194.026
194.458
194.89
196.192
197.495
198.798
200.101
201.404
202.707
204.01
205.312
206.615
207.918
209.221
210.52
210.751
210.982
211.213
211.444
211.675
211.906
212.14
212.891
213.642
214.393
215.144
215.895
216.646
217.4
218.998
220.596
222.194
223.792
225.39
226.988
228.586
230.184
231.782
233.38
234.98
235.509
236.038
236.567
237.096
237.625
238.154
238.683
239.21
239.429
239.648
239.867
240.086
240.305
240.524
240.743
240.96
241.152
241.344
241.536
241.728
241.918
242.103
242.288
242.473
242.658
242.843
243.028
243.213
243.398
243.583
243.768
243.953
244.14
245.868
247.596
249.324
251.05
251.284
251.518
251.752
251.986
252.22
252.454
252.69
253.046
253.402
253.758
254.114
254.47
254.826
255.182
255.54
255.977
256.414
256.851
257.288
257.725
258.162
258.599
259.036
259.473
259.91
260.347
260.779
263.934
267.089
270.244
273.399
276.554
279.709
282.864
286.019
289.175
293.279
297.383
301.487
305.59
305.757
305.924
306.09
306.272
306.454
306.637
306.82
307.002
307.185
307.368
307.55
307.733
307.916
308.099
308.28
308.74
309.2
309.66
310.12
310.58
311.04
311.5
311.797
312.094
312.391
312.688
312.985
313.282
313.58
314.063
314.546
315.029
315.512
315.995
316.48
316.951
317.422
317.893
318.364
318.835
319.306
319.78
319.961
320.142
320.323
320.504
320.685
320.866
321.047
321.228
321.409
321.59
321.771
321.952
322.13
322.692
323.255
323.817
324.38
324.803
325.226
325.649
326.072
326.495
326.918
327.341
327.764
328.187
328.61
329.03
329.484
329.938
330.392
330.846
331.3
331.763
332.226
332.689
333.152
333.615
334.078
334.541
335.004
335.467
335.93
336.432
336.934
337.436
337.938
338.44
338.942
339.444
339.946
340.448
340.95
341.695
342.44
343.185
343.93
344.675
345.422
345.604
345.786
345.968
346.15
346.332
346.514
346.696
346.88
347.336
347.792
348.248
348.704
349.16
349.932
350.704
351.476
352.248
353.02
353.792
354.564
355.336
356.11
356.368
356.626
356.884
357.142
357.4
357.658
357.916
358.174
358.43
358.683
358.935
359.188
359.44
359.692
359.945
360.197
360.45
360.795
361.14
361.485
361.83
362.175
362.52
362.865
363.21
363.405
363.6
363.795
363.99
364.185
364.38
364.575
364.77
364.965
365.16
365.355
365.55
365.745
365.94
366.273
366.606
366.939
367.272
367.605
367.938
368.271
368.604
368.937
369.27
369.6
370.065
370.53
370.995
371.46
371.925
372.39
372.855
373.32
373.785
374.25
374.537
374.824
375.111
375.398
375.685
375.972
376.259
376.546
376.83
377.055
377.28
377.505
377.73
377.955
378.18
378.405
378.63
378.855
379.08
379.3
379.654
380.008
380.362
380.716
381.07
381.424
381.778
382.132
382.486
382.84
383.19
383.502
383.814
384.126
384.438
384.75
385.06
385.477
385.894
386.31
387.012
387.714
388.416
389.12
389.454
389.788
390.122
390.456
390.79
391.124
391.458
391.792
392.13
393.1
394.07
394.423
394.776
395.129
395.482
395.835
396.188
396.541
396.894
397.25
397.52
397.79
398.06
398.33
398.6
398.87
399.14
399.41
399.68
399.95
400.456
400.962
401.468
401.974
402.48
402.986
403.492
403.998
404.504
405.01
405.331
405.652
405.973
406.294
406.615
406.936
407.26
407.658
408.056
408.454
408.852
409.25
409.648
410.046
410.444
410.84
411.015
411.19
411.365
411.54
411.715
411.89
412.065
412.24
412.415
412.59
412.765
412.94
413.338
413.736
414.134
414.532
414.93
415.328
415.726
416.124
416.522
416.92
417.131
417.342
417.553
417.764
417.975
418.186
418.397
418.608
418.82
419.156
419.492
419.828
420.164
420.5
420.836
421.172
421.508
421.844
422.18
422.863
423.546
424.229
424.912
425.595
426.278
426.961
427.644
428.33
429.376
430.422
431.468
432.514
433.56
434.606
435.652
436.698
437.744
438.79
439.84
442.183
444.526
446.869
449.212
451.555
453.898
456.241
458.584
460.927
463.27
465.613
467.96
468.226
468.492
468.758
469.024
469.29
469.556
469.822
470.088
470.354
470.62
470.886
471.15
471.675
472.2
472.552
472.904
473.256
473.608
473.96
474.312
474.664
475.016
475.368
475.72
476.654
477.588
478.522
479.456
480.39
481.324
482.258
483.19
483.418
483.646
483.874
484.102
484.33
484.558
484.786
485.014
485.239
485.454
485.669
485.884
486.099
486.314
486.53
486.749
486.968
487.187
487.406
487.625
487.844
488.063
488.282
488.501
488.72
488.939
489.154
489.507
489.86
490.213
490.566
490.919
491.272
491.625
491.978
492.33
492.684
493.038
493.392
493.746
494.1
494.454
494.808
495.162
495.52
495.939
496.358
496.777
497.196
497.615
498.034
498.453
498.872
499.29
499.475
499.66
499.845
500.03
500.215
500.4
500.585
500.77
500.955
501.14
501.32
501.543
501.766
501.989
502.212
502.435
502.658
502.881
503.104
503.327
503.55
503.778
504.378
504.978
505.578
506.178
506.778
507.38
507.923
508.466
509.01
509.212
509.414
509.616
509.818
510.02
510.222
510.424
510.63
510.798
510.966
511.134
511.302
511.47
511.638
511.806
511.974
512.142
512.31
512.48
512.736
512.992
513.248
513.504
513.76
514.016
514.271
514.667
515.063
515.459
515.855
516.25
516.504
516.758
517.012
517.266
517.52
517.774
518.028
518.282
518.536
518.79
519.049
519.487
519.925
520.363
520.801
521.239
521.677
522.115
522.553
522.99
523.793
524.596
525.4
525.829
526.258
526.687
527.116
527.545
527.974
528.4
528.747
529.094
529.441
529.788
530.135
530.48
530.863
531.246
531.63
531.886
532.142
532.398
532.654
532.91
533.166
533.422
533.678
533.934
534.19
534.413
534.635
534.857
535.079
535.301
535.524
535.746
535.97
536.317
536.664
537.011
537.358
537.705
538.052
538.399
538.746
539.09
539.48
539.87
540.26
540.65
541.04
541.43
541.82
542.21
542.6
542.99
543.38
543.828
544.276
544.724
545.172
545.62
546.068
546.516
546.964
547.41
548.1
548.79
549.48
549.962
550.444
550.926
551.409
551.891
552.373
552.856
553.34
553.621
553.902
554.183
554.464
554.745
555.026
555.307
555.588
555.87
556.138
556.406
556.674
556.942
557.21
557.478
557.746
558.014
558.282
558.55
558.82
559.342
559.864
560.387
560.91
561.89
562.87
563.85
564.83
565.81
567.845
569.88
571.915
573.95
575.985
578.02
580.055
582.09
584.125
586.16
586.611
587.062
587.513
587.964
588.415
588.866
589.317
589.768
590.22
590.594
590.968
591.342
591.716
592.09
592.464
592.838
593.212
593.586
593.96
594.181
594.402
594.623
594.844
595.065
595.286
595.51
596.167
596.824
597.481
598.138
598.795
599.452
600.11
600.356
600.602
600.848
601.094
601.34
601.586
601.832
602.078
602.324
602.57
602.82
603.278
603.736
604.193
604.65
605.107
605.564
606.021
606.48
606.73
606.98
607.23
607.48
607.73
607.98
608.23
608.572
608.914
609.256
609.598
609.94
610.282
610.624
610.966
611.308
611.65
611.992
612.334
612.68
612.973
613.266
613.559
613.852
614.145
614.438
614.731
615.024
615.317
615.61
615.894
616.178
616.462
616.746
617.029
617.283
617.537
617.791
618.045
618.299
618.553
618.807
619.061
619.315
619.57
619.968
620.365
620.763
621.161
621.558
621.956
622.354
622.75
623.395
624.04
624.685
625.33
625.975
626.62
627.265
627.91
628.555
629.2
629.845
630.49
631.135
631.78
632.425
633.07
633.444
633.818
634.192
634.566
634.94
635.314
635.688
636.062
636.436
636.81
637.18
637.396
637.612
637.828
638.044
638.26
638.476
638.692
638.909
639.125
639.345
640.11
640.875
641.64
642.405
643.17
643.935
644.7
645.465
646.23
646.502
646.774
647.046
647.318
647.59
647.862
648.134
648.406
648.678
648.95
649.355
649.76
650.165
650.57
650.956
651.342
651.728
652.114
652.5
652.886
653.272
653.658
654.04
654.434
654.828
655.222
655.616
656.01
656.404
656.798
657.192
657.586
657.98
658.374
658.768
659.162
659.56
659.904
660.248
660.592
660.936
661.28
661.624
661.97
662.163
662.356
662.549
662.742
662.935
663.128
663.321
663.514
663.707
663.9
664.093
664.286
664.479
664.67
665.582
666.494
667.406
668.318
669.23
669.444
669.658
669.872
670.086
670.3
670.514
670.728
670.942
671.16
671.471
671.782
672.093
672.404
672.715
673.026
673.337
673.648
673.959
674.27
674.581
674.892
675.2
676.451
677.036
677.621
678.206
678.791
679.376
679.961
680.546
681.131
681.716
682.301
682.886
683.471
684.056
684.641
685.23
685.542
685.854
686.166
686.478
686.79
687.102
687.414
687.726
688.038
688.35
688.662
688.974
689.286
689.473
689.66
689.847
690.034
690.221
690.408
690.595
690.782
690.969
691.16
691.447
691.734
692.021
692.308
692.595
692.882
693.17
693.54
693.91
694.28
694.65
695.02
695.39
695.76
696.106
696.452
696.798
697.144
697.49
697.836
698.182
698.53
698.949
699.368
699.787
700.206
700.625
701.044
701.463
701.882
702.301
702.72
702.952
703.184
703.416
703.648
703.88
704.112
704.344
704.576
704.808
705.04
705.272
705.504
705.73
705.957
706.184
706.411
706.638
706.865
707.092
707.319
707.546
707.773
708.0
708.227
708.45
708.893
709.336
709.779
710.222
710.665
711.108
711.551
711.994
712.44
712.663
712.885
713.107
713.329
713.551
713.774
713.996
714.22
714.465
714.71
714.955
715.2
715.445
715.69
716.038
716.386
716.734
717.082
717.43
717.778
718.126
718.474
718.822
719.17
719.518
719.87
720.417
720.964
721.511
722.058
722.605
723.152
723.699
724.246
724.793
725.34
725.571
725.802
726.033
726.264
726.495
726.726
726.957
727.188
727.42
727.78
728.14
728.5
728.845
729.19
729.535
729.88
730.225
730.57
730.915
731.117
731.319
731.521
731.723
731.925
732.127
732.329
732.531
732.733
732.935
733.137
733.339
733.54
734.23
734.92
735.61
735.835
736.06
736.285
736.51
736.735
736.96
737.177
737.394
737.611
737.828
738.045
738.262
738.479
738.696
738.91
739.268
739.626
739.984
740.342
740.7
741.058
741.416
741.774
742.13
742.359
742.588
742.817
743.046
743.275
743.504
743.733
743.962
744.191
744.42
744.649
744.88
745.217
745.554
745.891
746.228
746.565
746.902
747.24
748.173
749.106
750.038
750.97
751.292
751.614
751.936
752.258
752.58
752.902
753.224
753.546
753.868
754.19
754.447
754.705
754.963
755.22
755.477
755.735
755.993
756.251
756.508
756.765
757.023
757.281
757.538
757.795
758.053
758.31
758.498
758.686
758.874
759.062
759.25
759.438
759.626
759.814
760.0
760.243
760.486
760.729
760.972
761.215
761.458
761.701
761.944
762.187
762.43
762.774
763.118
763.462
763.806
764.15
764.494
764.838
765.182
765.526
765.87
766.21
766.674
767.138
767.602
768.066
768.53
768.994
769.458
769.922
770.39
771.004
771.618
772.232
772.846
773.46
773.734
774.008
774.282
774.556
774.83
775.104
775.378
775.652
775.926
776.2
776.576
776.952
777.328
777.704
778.08
778.456
778.832
779.21
779.748
780.286
780.824
781.362
781.9
782.438
782.976
783.516
783.872
784.228
784.584
784.94
785.296
785.652
786.008
786.364
786.72
787.076
787.432
787.788
788.15
788.348
788.546
788.744
788.942
789.14
789.338
789.536
789.734
789.932
790.13
790.455
790.78
791.105
791.43
791.755
792.08
792.405
792.73
793.055
793.38
793.71
794.282
794.854
795.426
795.998
796.57
797.142
797.714
798.286
798.86
799.288
799.716
800.144
800.572
801.0
801.428
801.856
802.284
802.712
803.14
803.57
803.858
804.146
804.434
804.722
805.01
805.3
805.584
805.868
806.152
806.436
806.72
807.004
807.288
807.57
807.797
808.024
808.251
808.478
808.705
808.932
809.159
809.385
809.609
809.833
810.057
810.281
810.505
810.729
810.953
811.177
811.4
811.798
812.196
812.594
812.992
813.389
813.575
813.761
813.947
814.133
814.319
814.505
814.691
814.877
815.063
815.249
815.43
815.632
815.834
816.036
816.238
816.44
816.642
816.844
817.046
817.248
817.45
817.65
817.921
818.192
818.463
818.734
819.005
819.276
819.547
819.818
820.089
820.36
820.631
820.9
821.236
821.572
821.908
822.244
822.58
822.916
823.252
823.588
823.924
824.26
824.6
824.85
825.1
825.35
825.6
825.85
826.1
826.386
826.672
826.958
827.244
827.53
827.816
828.102
828.388
828.674
828.96
829.25
829.437
829.624
829.811
829.998
830.185
830.372
830.559
830.746
830.933
831.12
831.307
831.494
831.685
831.881
832.077
832.273
832.469
832.665
832.861
833.06
833.244
833.428
833.612
833.796
833.98
834.164
834.351
834.661
834.971
835.281
835.59
835.904
836.218
836.532
836.846
837.16
837.474
837.79
838.322
838.854
839.386
839.918
840.45
840.982
841.514
842.046
842.578
843.11
843.64
843.899
844.158
844.417
844.676
844.935
845.194
845.453
845.712
845.971
846.23
847.472
848.714
849.956
851.198
852.44
854.966
857.492
860.018
862.544
865.07
867.597
868.554
869.511
870.468
871.425
872.382
873.339
874.296
875.253
876.21
877.167
878.12
879.59
880.426
881.262
882.098
882.935
883.416
883.897
884.535
885.173
885.81
886.31
886.851
888.69
889.468
890.246
891.024
891.802
892.58
893.358
894.136
894.914
895.69
896.705
897.72
898.056
898.392
898.728
899.064
899.4
899.736
900.07
900.42
900.77
901.12
901.47
901.82
902.17
902.52
903.149
903.778
904.407
905.036
905.665
906.294
906.923
907.55
907.929
908.308
908.687
909.066
909.445
909.824
910.203
910.582
910.961
911.342
911.504
911.666
911.828
911.99
912.152
912.314
912.476
912.638
912.8
913.078
913.356
913.634
913.912
914.19
914.468
914.746
915.024
915.3
915.764
916.228
916.692
917.156
917.62
918.084
918.548
919.012
919.476
919.94
920.4
920.709
921.018
921.327
921.636
921.945
922.254
922.56
922.879
923.198
923.517
923.836
924.155
924.474
924.793
925.112
925.431
925.75
926.069
926.388
926.707
927.03
927.359
927.688
928.017
928.346
928.675
929.004
929.333
929.662
929.991
930.32
932.08
933.84
935.6
937.36
939.12
940.88
942.64
944.4
946.16
946.624
947.088
947.552
948.016
948.48
948.846
949.212
949.578
949.944
950.31
950.676
951.04
951.467
951.894
952.321
952.748
953.175
953.602
954.029
954.456
954.883
955.31
955.737
956.16
956.51
956.86
957.21
957.56
957.91
958.26
958.61
958.961
959.273
959.585
959.897
960.209
960.52
960.83
961.123
961.416
961.709
962.001
962.293
962.586
962.879
963.17
963.439
963.708
963.977
964.246
964.515
964.784
965.053
965.322
965.59
965.839
966.088
966.337
966.586
966.835
967.084
967.333
967.58
967.972
968.364
968.756
969.148
969.54
969.93
970.592
971.255
971.918
972.581
973.244
973.907
974.57
975.233
975.895
976.558
977.221
977.88
979.408
980.936
982.464
983.992
985.52
986.548
987.576
988.604
989.632
990.66
991.688
992.716
993.744
994.772
995.8
996.054
996.308
996.562
996.816
997.07
997.324
997.58
997.953
998.326
998.699
999.072
999.445
999.818
1000.191
1000.564
1000.937
1001.31
1001.561
1001.812
1002.063
1002.314
1002.565
1002.816
1003.067
1003.318
1003.569
1003.82
1004.071
1004.32
1004.82
1005.078
1005.336
1005.594
1005.852
1006.11
1006.368
1006.626
1006.884
1007.14
1007.662
1008.184
1008.706
1009.228
1009.75
1010.272
1010.794
1011.316
1011.838
1012.36
1012.88
1013.578
1014.276
1014.974
1015.672
1016.37
1017.068
1017.766
1018.464
1019.162
1019.86
1020.56
1020.871
1021.182
1021.493
1021.804
1022.115
1022.426
1022.737
1023.046
1023.484
1023.922
1024.36
1024.798
1025.236
1025.674
1026.112
1026.55
1026.988
1027.426
1027.864
1028.3
1028.867
1029.434
1030.001
1030.568
1031.135
1031.702
1032.269
1032.836
1033.4
1034.65
1035.9
1037.15
1038.4
1039.65
1040.9
1042.15
1042.761
1043.371
1043.982
1044.592
1044.937
1045.282
1045.627
1045.972
1046.317
1046.662
1047.01
1047.433
1047.856
1048.279
1048.702
1049.125
1049.55
1049.918
1050.286
1050.654
1051.022
1051.39
1051.758
1052.126
1052.494
1052.862
1053.23
1053.598
1053.97
1054.226
1054.482
1054.738
1054.994
1055.25
1055.506
1055.762
1056.018
1056.274
1056.53
1056.786
1057.042
1057.298
1057.56
1058.028
1058.496
1058.964
1059.432
1059.9
1060.368
1060.836
1061.304
1061.772
1062.24
1062.555
1062.87
1063.228
1063.586
1063.944
1064.302
1064.66
1064.925
1065.19
1065.455
1065.72
1065.985
1066.25
1066.468
1066.686
1066.904
1067.122
1067.34
1067.558
1067.776
1067.994
1068.212
1068.43
1068.648
1068.866
1069.08
1069.45
1069.82
1070.19
1070.56
1070.773
1070.986
1071.199
1071.412
1071.625
1071.838
1072.051
1072.264
1072.477
1072.69
1072.903
1073.116
1073.33
1073.694
1074.058
1074.422
1074.786
1075.15
1075.427
1075.704
1075.981
1076.258
1076.535
1076.812
1077.09
1077.336
1077.582
1077.828
1078.074
1078.32
1078.566
1078.812
1079.058
1079.3
1079.553
1079.806
1080.059
1080.312
1080.565
1080.818
1081.071
1081.324
1081.526
1081.728
1081.93
1082.132
1082.334
1082.536
1082.74
1082.983
1083.226
1083.469
1083.712
1083.955
1084.198
1084.441
1084.684
1084.927
1085.17
1085.604
1086.038
1086.472
1086.906
1087.34
1087.662
1087.984
1088.306
1088.628
1088.95
1089.272
1089.594
1089.916
1090.238
1090.56
1091.19
1091.821
1092.451
1093.082
1095.16
1097.238
1099.316
1101.394
1103.472
1105.55
1107.63
1108.021
1108.412
1108.803
1109.194
1109.585
1109.976
1110.367
1110.758
1111.149
1111.54
1111.82
1112.1
1112.38
1112.66
1112.94
1113.22
1113.5
1113.78
1114.06
1114.34
1114.62
1114.9
1115.18
1115.46
1115.74
1116.377
1117.014
1117.651
1118.288
1118.925
1119.562
1120.2
1120.455
1120.71
1120.965
1121.22
1121.475
1121.73
1121.985
1122.24
1122.587
1122.934
1123.281
1123.628
1123.975
1124.322
1124.669
1125.016
1125.363
1125.71
1126.184
1126.658
1127.132
1127.606
1128.08
1128.554
1129.028
1129.502
1129.976
1130.45
1130.92
1134.808
1138.696
1142.584
1146.472
1150.36
1150.68
1151.0
1151.32
1151.64
1151.96
1152.28
1152.6
1152.92
1153.27
1153.62
1153.97
1154.32
1154.67
1155.02
1155.37
1155.72
1156.07
1156.42
1157.639
1158.858
1160.077
1161.296
1162.515
1163.734
1164.953
1166.172
1167.391
1168.61
1169.832
1170.003
1170.174
1170.345
1170.516
1170.687
1170.858
1171.029
1171.2
1171.371
1171.54
1171.837
1172.134
1172.431
1172.728
1173.024
1173.226
1173.428
1173.63
1173.832
1174.034
1174.236
1174.44
1174.779
1175.118
1175.457
1175.796
1176.135
1176.474
1176.813
1177.152
1177.491
1177.83
1178.13
1178.43
1178.73
1179.03
1179.33
1179.63
1179.93
1180.106
1180.282
1180.458
1180.634
1180.81
1181.13
1181.45
1181.77
1182.09
1182.41
1182.73
1183.05
1183.37
1183.69
1184.01
1184.33
1184.65
1185.038
1185.426
1185.814
1186.202
1186.59
1186.978
1187.366
1187.754
1188.142
1188.53
1188.916
1189.244
1189.572
1189.9
1190.228
1190.556
1190.884
1191.209
1191.436
1191.663
1191.89
1192.117
1192.344
1192.571
1192.798
1193.025
1193.25
1193.58
1193.91
1194.24
1194.57
1194.9
1195.23
1195.56
1195.89
1196.22
1196.55
1196.88
1197.21
1197.54
1197.708
1197.876
1198.044
1198.212
1198.38
1198.548
1198.716
1198.884
1199.052
1199.22
1199.388
1199.556
1199.72
1200.223
1200.726
1201.229
1201.732
1202.235
1202.738
1203.241
1203.744
1204.25
1204.486
1204.722
1204.958
1205.194
1205.43
1205.666
1205.902
1206.138
1206.374
1206.61
1206.85
1207.496
1208.142
1208.788
1209.434
1210.08
1210.418
1210.756
1211.094
1211.432
1211.77
1212.108
1212.446
1212.784
1213.12
1213.637
1214.154
1214.671
1215.188
1215.706
1216.223
1216.74
1217.26
1218.308
1219.356
1220.404
1221.452
1222.5
1224.969
1227.438
1229.907
1232.376
1234.845
1237.314
1239.783
1242.252
1244.72
1245.022
1245.324
1245.626
1245.928
1246.23
1246.532
1246.834
1247.136
1247.438
1247.74
1248.157
1248.574
1248.991
1249.408
1249.825
1250.242
1250.659
1251.076
1251.49
1251.959
1252.428
1252.897
1253.366
1253.835
1254.304
1254.773
1255.242
1255.711
1256.18
1256.649
1257.118
1257.59
1258.202
1258.814
1259.426
1260.038
1260.65
1261.26
1261.577
1261.894
1262.211
1262.528
1262.845
1263.162
1263.479
1263.796
1264.113
1264.43
1264.912
1265.394
1265.876
1266.358
1266.84
1267.322
1267.804
1268.286
1268.768
1269.25
1269.73
1269.997
1270.264
1270.531
1270.798
1271.065
1271.332
1271.599
1271.866
1272.13
1272.418
1272.706
1272.994
1273.282
1273.57
1273.858
1274.146
1274.434
1274.72
1275.224
1275.728
1276.232
1276.736
1277.24
1277.744
1278.248
1278.752
1279.256
1279.76
1280.264
1280.77
1281.192
1281.614
1282.036
1282.458
1282.88
1283.302
1283.724
1284.146
1284.57
1284.873
1285.176
1285.479
1285.782
1286.085
1286.39
1286.584
1286.778
1286.972
1287.166
1287.36
1287.554
1287.748
1287.942
1288.136
1288.33
1288.524
1288.718
1288.914
1289.106
1289.298
1289.49
1289.682
1289.874
1290.066
1290.258
1290.45
1290.642
1290.83
1291.122
1291.414
1291.706
1291.998
1292.29
1292.582
1292.874
1293.166
1293.46
1293.886
1294.312
1294.738
1295.164
1295.59
1296.016
1296.442
1296.87
1297.094
1297.318
1297.542
1297.766
1297.99
1298.214
1298.438
1298.662
1298.886
1299.11
1299.334
1299.519
1299.704
1299.889
1300.074
1300.259
1300.444
1300.629
1300.814
1301.0
1301.358
1301.716
1302.074
1302.432
1302.79
1303.148
1303.506
1303.864
1304.22
1304.86
1305.5
1306.14
1306.78
1307.42
1308.06
1308.7
1309.34
1309.98
1310.62
1311.26
1311.9
1312.54
1313.384
1314.228
1315.072
1315.916
1316.76
1317.604
1318.448
1319.292
1320.136
1320.98
1321.824
1322.67
1323.221
1323.772
1324.323
1324.874
1325.425
1325.976
1326.527
1327.08
1327.731
1328.382
1329.033
1329.684
1330.335
1330.986
1331.637
1332.288
1332.94
1333.466
1333.992
1334.518
1335.044
1335.57
1336.096
1336.622
1337.148
1337.67
1337.934
1338.198
1338.462
1338.726
1338.99
1339.254
1339.518
1339.782
1340.046
1340.31
1340.574
1340.84
1341.123
1341.406
1341.689
1341.972
1342.255
1342.54
1343.14
1343.74
1344.34
1344.94
1345.54
1346.14
1346.74
1347.34
1347.94
1348.54
1348.854
1349.168
1349.482
1349.796
1350.11
1350.424
1350.738
1351.052
1351.366
1351.68
1351.994
1352.308
1352.622
1352.942
1353.42
1353.898
1354.376
1354.854
1355.332
1355.81
1356.288
1356.766
1357.244
1357.72
1358.126
1358.532
1358.938
1359.344
1359.75
1360.156
1360.562
1360.97
1361.221
1361.472
1361.723
1361.974
1362.225
1362.476
1362.727
1362.98
1363.817
1364.654
1365.491
1366.329
1366.522
1366.715
1366.908
1367.101
1367.294
1367.487
1367.68
1367.87
1368.204
1368.538
1368.872
1369.206
1369.54
1369.874
1370.208
1370.542
1370.876
1371.21
1371.665
1372.12
1372.575
1373.03
1373.485
1373.94
1374.395
1374.85
1375.305
1375.76
1376.869
1377.978
1379.087
1380.196
1381.305
1382.414
1383.523
1384.632
1385.741
1386.85
1387.96
1389.507
1391.054
1392.601
1394.148
1395.695
1397.242
1398.789
1400.336
1401.883
1403.43
1404.977
1406.52
1406.838
1407.156
1407.474
1407.792
1408.11
1408.428
1408.746
1409.065
1409.321
1409.576
1409.832
1410.088
1410.343
1410.599
1410.854
1411.11
1411.365
1411.62
1411.944
1412.268
1412.592
1412.916
1413.24
1413.564
1413.888
1414.212
1414.401
1414.59
1414.779
1414.968
1415.157
1415.346
1415.535
1415.724
1415.913
1416.102
1416.291
1416.48
1416.67
1417.2
1417.663
1418.126
1418.589
1419.052
1419.515
1419.978
1420.441
1420.904
1421.367
1421.83
1422.29
1422.641
1422.992
1423.343
1423.694
1424.045
1424.396
1424.747
1425.098
1425.449
1425.8
1426.163
1426.526
1426.889
1427.252
1427.615
1427.98
1428.406
1428.832
1429.258
1429.684
1430.11
1430.536
1430.962
1431.388
1431.814
1432.24
1432.67
1432.868
1433.066
1433.264
1433.462
1433.66
1433.858
1434.056
1434.254
1434.452
1434.65
1434.848
1435.046
1435.25
1435.44
1435.63
1435.82
1436.01
1436.2
1436.39
1436.58
1436.77
1436.958
1437.277
1437.596
1437.915
1438.234
1438.553
1438.874
1439.094
1439.314
1439.534
1439.754
1439.974
1440.194
1440.414
1440.634
1440.854
1441.074
1441.29
1441.73
1442.17
1442.61
1443.05
1443.49
1443.93
1444.37
1444.81
1445.25
1445.69
1446.13
1447.02
1447.91
1448.8
1449.69
1450.58
1451.47
1452.36
1453.25
1454.14
1454.479
1454.818
1455.157
1455.496
1455.835
1456.174
1456.513
1456.85
1457.608
1458.365
1459.122
1459.88
1460.158
1460.436
1460.714
1460.992
1461.27
1461.548
1461.826
1462.104
1462.382
1462.66
1463.017
1463.374
1463.731
1464.088
1464.445
1464.802
1465.16
1465.767
1466.374
1466.981
1467.588
1468.195
1468.802
1469.409
1470.016
1470.623
1471.23
1471.443
1471.656
1471.869
1472.082
1472.295
1472.508
1472.721
1472.934
1473.147
1473.36
1473.569
1474.493
1475.417
1476.341
1477.265
1478.19
1478.406
1478.622
1478.838
1479.054
1479.27
1479.486
1479.702
1479.918
1480.13
1480.456
1480.782
1481.108
1481.434
1481.76
1482.086
1482.412
1482.738
1483.064
1483.39
1483.72
1484.096
1484.472
1484.848
1485.224
1485.6
1485.976
1486.352
1486.73
1487.004
1487.278
1487.552
1487.826
1488.1
1488.374
1488.648
1488.922
1489.196
1489.47
1489.926
1490.382
1490.838
1491.294
1491.75
1492.206
1492.662
1493.12
1493.505
1493.89
1494.275
1494.66
1495.045
1495.43
1495.629
1495.828
1496.027
1496.226
1496.425
1496.624
1496.823
1497.022
1497.221
1497.42
1497.619
1497.818
1498.017
1498.21
1498.586
1498.962
1499.338
1499.714
1500.09
1500.466
1500.842
1501.22
1501.7
1502.18
1502.66
1503.14
1503.62
1504.1
1504.58
1505.06
1505.54
1506.02
1506.487
1506.954
1507.421
1507.888
1508.355
1508.822
1509.289
1509.756
1510.223
1510.69
1511.721
1512.752
1513.783
1514.814
1515.845
1516.876
1517.907
1518.94
1519.818
1520.696
1521.574
1522.452
1523.33
1523.902
1524.474
1525.046
1525.618
1526.19
1526.762
1527.334
1527.906
1528.48
1528.76
1529.04
1529.32
1529.6
1529.88
1530.16
1530.44
1530.72
1531.0
1531.28
1531.56
1531.84
1532.27
1532.7
1533.13
1533.56
1533.759
1533.958
1534.157
1534.356
1534.555
1534.754
1534.953
1535.152
1535.351
1535.55
1535.75
1536.337
1536.924
1537.511
1538.098
1538.685
1539.272
1539.859
1540.446
1541.03
1541.513
1541.995
1542.477
1542.96
1543.443
1543.926
1544.409
1544.89
1545.467
1546.044
1546.62
1546.856
1547.092
1547.328
1547.564
1547.8
1548.036
1548.272
1548.508
1548.744
1548.98
1549.22
1549.46
1549.7
1549.94
1550.18
1550.42
1550.66
1550.9
1551.14
1551.491
1551.842
1552.193
1552.544
1552.895
1553.246
1553.597
1553.948
1554.299
1554.65
1555.0
1555.372
1555.744
1556.116
1556.488
1556.86
1557.232
1557.604
1557.976
1558.351
1558.538
1558.725
1558.912
1559.099
1559.286
1559.473
1559.66
1559.85
1560.105
1560.36
1560.615
1560.87
1561.125
1561.38
1561.635
1561.89
1562.145
1562.4
1562.655
1562.91
1563.264
1563.618
1563.972
1564.326
1564.68
1565.034
1565.388
1565.742
1566.1
1566.342
1566.585
1566.828
1567.071
1567.313
1567.556
1567.799
1568.04
1568.281
1568.522
1568.763
1569.004
1569.245
1569.486
1569.727
1569.97
1570.202
1570.434
1570.666
1570.898
1571.13
1571.362
1571.594
1571.826
1572.058
1572.29
1572.52
1572.863
1573.206
1573.549
1573.892
1574.235
1574.578
1574.924
1575.116
1575.308
1575.5
1575.692
1575.884
1576.076
1576.268
1576.46
1576.652
1576.84
1577.332
1577.825
1578.318
1578.81
1579.174
1579.538
1579.902
1580.266
1580.63
1580.994
1581.358
1581.722
1582.086
1582.45
1582.732
1583.014
1583.296
1583.578
1583.86
1584.14
1585.018
1585.896
1586.774
1587.652
1588.53
1589.408
1590.286
1591.164
1592.042
1592.92
1593.572
1594.224
1594.876
1595.528
1596.18
1596.832
1597.484
1598.136
1598.79
1599.362
1599.934
1600.506
1601.078
1601.65
1602.222
1602.794
1603.366
1603.938
1604.51
1605.34
1606.17
1606.42
1606.67
1606.884
1607.098
1607.312
1607.526
1607.74
1608.007
1608.274
1608.541
1608.808
1609.075
1609.34
1610.334
1611.328
1612.322
1613.316
1614.31
1614.59
1614.87
1615.12
1615.37
1615.62
1615.87
1616.12
1616.37
1616.996
1617.622
1618.248
1618.874
1619.5
1620.0
1620.308
1620.616
1620.924
1621.232
1621.54
1621.85
1622.382
1622.915
1623.447
1623.98
1624.403
1624.826
1625.25
1625.905
1626.56
1627.215
1627.87
1628.24
1628.61
1628.98
1629.35
1629.72
1630.09
1630.46
1630.83
1631.095
1631.36
1631.625
1631.89
1632.155
1632.42
1632.685
1632.95
1633.217
1633.421
1633.625
1633.829
1634.033
1634.237
1634.441
1634.645
1634.849
1635.05
1635.334
1635.618
1635.902
1636.186
1636.47
1636.754
1637.038
1637.322
1637.606
1637.89
1638.174
1638.458
1638.742
1639.02
1639.226
1639.432
1639.638
1639.844
1640.05
1640.256
1640.462
1640.668
1640.87
1641.258
1641.646
1642.034
1642.422
1642.81
1643.198
1643.586
1643.974
1644.36
1645.075
1645.79
1646.505
1647.22
1647.935
1648.65
1649.365
1650.08
1650.629
1651.178
1651.727
1652.276
1652.825
1653.374
1653.923
1654.472
1655.021
1655.57
1655.891
1656.212
1656.533
1656.854
1657.175
1657.496
1657.817
1658.138
1658.46
1658.734
1659.008
1659.282
1659.556
1659.83
1660.104
1660.378
1660.65
1660.937
1661.224
1661.511
1661.798
1662.085
1662.37
1662.837
1663.304
1663.771
1664.238
1664.705
1665.172
1665.64
1665.973
1666.306
1666.639
1666.972
1667.305
1667.64
1668.035
1668.43
1668.825
1669.22
1669.615
1670.01
1670.405
1670.8
1671.195
1671.59
1672.535
1673.48
1674.425
1675.37
1675.688
1676.006
1676.324
1676.642
1676.96
1677.278
1677.596
1677.914
1678.232
1678.552
1678.753
1678.954
1679.155
1679.356
1679.557
1679.76
1680.224
1680.688
1681.152
1681.616
1682.08
1682.544
1683.008
1683.47
1684.342
1685.214
1686.086
1686.958
1687.83
1688.702
1689.574
1690.446
1691.32
1691.472
1691.624
1691.776
1691.928
1692.081
1692.233
1692.385
1692.54
1694.53
1695.125
1695.72
1696.041
1696.362
1696.683
1697.004
1697.325
1697.646
1697.97
1698.261
1698.552
1698.843
1699.134
1699.425
1699.716
1700.007
1700.3
1700.711
1701.122
1701.533
1701.944
1702.355
1702.766
1703.177
1703.588
1704.0
1704.245
1704.49
1704.735
1704.98
1705.225
1705.47
1705.715
1705.96
1706.205
1706.45
1706.695
1706.94
1707.18
1707.601
1708.022
1708.443
1708.864
1709.285
1709.706
1710.127
1710.548
1710.969
1711.39
1711.711
1712.032
1712.353
1712.674
1712.995
1713.316
1713.637
1713.958
1714.279
1714.6
1714.921
1715.24
1715.456
1715.672
1715.888
1716.104
1716.32
1716.536
1716.752
1716.97
1717.208
1717.446
1717.684
1717.922
1718.16
1718.398
1718.636
1718.874
1719.11
1719.437
1719.764
1720.091
1720.418
1720.745
1721.072
1721.399
1721.726
1722.053
1722.38
1722.707
1723.03
1723.244
1723.458
1723.672
1723.886
1724.1
1724.314
1724.53
1724.773
1725.015
1725.258
1725.501
1725.744
1725.986
1726.229
1726.472
1726.715
1726.957
1727.2
1727.44
1727.719
1727.998
1728.277
1728.556
1728.835
1729.114
1729.393
1729.67
1730.691
1731.712
1732.733
1733.754
1734.775
1735.796
1736.817
1737.838
1738.859
1739.88
1740.9
1741.259
1741.618
1741.977
1742.336
1742.695
1743.054
1743.413
1743.772
1744.131
1744.49
1744.86
1745.23
1745.6
1745.97
1746.34
1746.71
1747.08
1747.45
1747.82
1748.19
1748.708
1749.226
1749.744
1750.262
1750.78
1751.298
1751.816
1752.334
1752.852
1753.37
1753.888
1754.41
1754.776
1755.142
1755.508
1755.874
1756.24
1756.606
1756.972
1757.338
1757.7
1757.86
1758.02
1758.18
1758.34
1758.5
1758.66
1759.418
1760.176
1760.934
1761.692
1762.45
1763.208
1763.966
1764.724
1765.482
1766.24
1766.85
1767.46
1768.07
1768.68
1769.29
1769.9
1770.242
1770.584
1770.926
1771.268
1771.61
1771.95
1772.177
1772.404
1772.631
1772.858
1773.085
1773.312
1773.539
1773.766
1773.993
1774.22
1774.447
1774.67
1774.94
1775.21
1775.48
1775.75
1776.02
1776.355
1776.69
1777.025
1777.36
1777.695
1778.03
1778.365
1778.722
1779.079
1779.436
1779.793
1780.149
1780.505
1780.862
1781.219
1781.576
1781.93
1782.289
1782.648
1783.007
1783.366
1783.725
1784.084
1784.443
1784.802
1785.161
1785.52
1785.879
1786.24
1786.605
1786.97
1787.335
1787.7
1788.065
1788.43
1788.795
1789.16
1789.525
1789.89
1790.26
1790.965
1791.67
1792.474
1793.278
1794.082
1794.886
1795.69
1796.494
1796.73
1796.966
1797.202
1797.438
1797.674
1797.91
1798.831
1799.752
1800.673
1801.594
1802.515
1803.436
1804.355
1810.08
1811.61
1813.14
1813.489
1813.838
1814.187
1814.536
1814.885
1815.234
1815.583
1815.93
1816.479
1817.028
1817.577
1818.126
1818.675
1819.224
1819.773
1820.322
1820.871
1821.42
1821.97
1822.404
1822.838
1823.272
1823.706
1824.14
1824.577
1825.014
1825.451
1825.888
1826.325
1826.76
1827.151
1827.542
1827.933
1828.324
1828.715
1829.106
1829.497
1829.89
1830.208
1830.526
1830.844
1831.162
1831.48
1831.798
1832.116
1832.434
1832.752
1833.07
1833.39
1833.718
1834.046
1834.374
1834.702
1835.03
1835.36
1836.588
1837.816
1839.044
1840.272
1841.5
1842.051
1842.602
1843.153
1843.704
1844.255
1844.806
1845.36
1846.285
1847.21
1848.135
1849.06
1849.985
1850.91
1851.835
1852.76
1853.177
1853.594
1854.011
1854.428
1854.845
1855.262
1855.68
1856.5
1857.32
1858.14
1858.96
1859.78
1860.6
1861.271
1861.942
1862.613
1863.284
1863.955
1864.626
1865.297
1865.968
1866.639
1867.31
1867.981
1868.652
1869.323
1869.994
1870.66
1871.259
1871.858
1872.457
1873.056
1873.655
1874.254
1874.853
1875.452
1876.051
1876.65
1877.25
1877.538
1877.826
1878.114
1878.402
1878.69
1878.978
1879.266
1879.554
1879.84
1880.122
1880.404
1880.686
1880.968
1881.25
1881.532
1881.814
1882.096
1882.378
1882.66
1882.944
1883.18
1883.416
1883.652
1883.888
1884.124
1884.36
1884.597
1884.834
1885.071
1885.308
1885.545
1885.782
1886.019
1886.256
1886.493
1886.73
1886.97
1887.436
1887.902
1888.368
1888.834
1889.3
1889.766
1890.232
1890.698
1891.164
1891.63
1892.096
1892.562
1893.03
1893.367
1893.704
1894.041
1894.378
1894.715
1895.052
1895.389
1895.729
1895.984
1896.239
1896.494
1896.749
1897.004
1897.259
1897.514
1897.769
1898.02
1898.401
1898.782
1899.163
1899.544
1899.925
1900.306
1900.687
1901.07
1901.326
1901.582
1901.838
1902.094
1902.35
1902.606
1902.862
1903.118
1903.37
1903.746
1904.122
1904.498
1904.874
1905.25
1905.626
1906.002
1906.378
1906.75
1907.322
1907.894
1908.466
1909.038
1909.61
1909.926
1910.242
1910.558
1910.874
1911.19
1911.506
1911.822
1912.138
1912.454
1912.77
1913.104
1913.438
1913.772
1914.106
1914.44
1914.774
1915.108
1915.442
1915.776
1916.11
1916.444
1916.778
1917.11
1917.331
1917.552
1917.773
1917.994
1918.215
1918.436
1918.657
1918.88
1919.53
1920.18
1920.83
1921.48
1922.13
1922.78
1923.093
1923.406
1923.72
1924.23
1924.74
1925.25
1925.76
1926.27
1926.78
1927.292
1927.826
1928.36
1928.629
1928.898
1929.167
1929.436
1929.705
1929.974
1930.24
1930.783
1931.325
1931.868
1932.41
1933.03
1933.65
1934.27
1934.89
1935.319
1935.748
1936.177
1936.606
1937.035
1937.464
1937.893
1938.32
1938.681
1939.042
1939.403
1939.764
1940.125
1940.486
1940.847
1941.21
1941.515
1941.82
1942.125
1942.43
1942.735
1943.04
1943.345
1943.65
1943.955
1944.26
1944.565
1944.87
1945.175
1945.48
1945.78
1946.041
1946.302
1946.563
1946.824
1947.085
1947.346
1947.61
1948.195
1948.78
1949.365
1949.95
1950.535
1951.12
1951.705
1952.29
1952.875
1953.46
1954.05
1954.244
1954.438
1954.632
1954.826
1955.02
1955.214
1955.408
1955.602
1955.796
1956.171
1956.546
1956.921
1957.296
1957.671
1958.046
1958.421
1958.796
1959.171
1959.546
1959.92
1960.34
1960.76
1961.18
1961.6
1962.02
1962.44
1962.86
1963.449
1964.038
1964.627
1965.216
1965.805
1966.394
1966.983
1967.572
1968.161
1968.75
1969.34
1970.029
1970.718
1971.407
1972.096
1972.785
1973.474
1974.16
1974.622
1975.084
1975.546
1976.008
1976.47
1976.932
1977.394
1977.859
1978.827
1979.795
1980.764
1981.732
1982.7
1983.67
1984.237
1984.804
1985.371
1985.938
1986.505
1987.072
1987.639
1988.206
1988.77
1989.324
1989.878
1990.432
1990.986
1991.54
1991.86
1992.18
1992.5
1992.82
1993.608
1994.396
1995.184
1995.972
1996.76
1997.55
1997.89
1998.23
1998.57
1998.91
1999.25
1999.59
1999.93
2000.27
2000.61
2000.95
2001.29
2001.63
2001.97
2002.163
2002.356
2002.549
2002.742
2002.935
2003.128
2003.321
2003.514
2003.707
2003.9
2004.093
2004.29
2004.512
2004.734
2004.956
2005.178
2005.4
2005.787
2006.174
2006.56
2006.818
2007.076
2007.334
2007.592
2007.85
2008.108
2008.366
2008.624
2008.88
2009.92
2010.96
2012.0
2013.04
2014.082
2014.296
2014.51
2014.724
2014.938
2015.152
2015.366
2015.58
2015.79
2016.141
2016.492
2016.843
2017.194
2017.545
2017.896
2018.247
2018.6
2019.054
2019.508
2019.962
2020.416
2020.87
2021.324
2021.778
2022.232
2022.69
2023.074
2023.458
2023.842
2024.226
2024.61
2024.994
2025.378
2025.762
2026.146
2026.53
2026.91
2029.976
2033.042
2036.108
2039.174
2042.24
2045.306
2048.372
2051.439
2052.235
2053.031
2053.827
2054.623
2055.419
2056.214
2056.422
2056.63
2056.838
2057.046
2057.254
2057.462
2057.67
2057.88
2058.018
2058.156
2058.294
2058.432
2058.57
2058.708
2058.846
2058.984
2059.122
2059.26
2059.714
2060.168
2060.622
2061.076
2061.53
2061.984
2062.438
2062.892
2063.35
2064.19
2064.497
2064.804
2065.111
2065.42
2065.705
2065.99
2066.275
2066.56
2066.964
2067.368
2067.772
2068.176
2068.58
2068.984
2069.388
2069.792
2070.196
2070.6
2071.0
2071.459
2071.918
2072.377
2072.836
2073.295
2073.754
2074.213
2074.67
2074.971
2075.272
2075.573
2075.874
2076.175
2076.476
2076.78
2077.017
2077.254
2077.491
2077.728
2077.965
2078.202
2078.439
2078.676
2078.913
2079.15
2079.389
2079.766
2080.143
2080.52
2080.897
2081.274
2081.651
2082.028
2082.404
2082.617
2082.83
2083.043
2083.256
2083.469
2083.682
2083.895
2084.108
2084.32
2084.703
2085.086
2085.468
2085.85
2086.14
2086.43
2086.72
2087.01
2087.3
2087.59
2087.88
2088.17
2088.46
2088.69
2088.92
2089.15
2089.38
2089.61
2089.839
2090.074
2090.309
2090.544
2090.779
2091.014
2091.249
2091.484
2091.719
2091.942
2092.165
2092.388
2092.611
2092.834
2093.057
2093.28
2093.503
2093.726
2093.949
2094.255
2094.561
2094.867
2095.173
2095.48
2095.666
2095.852
2096.038
2096.224
2096.41
2096.596
2096.782
2096.968
2097.154
2097.34
2097.526
2097.71
2098.137
2098.564
2098.991
2099.418
2099.845
2100.272
2100.7
2100.953
2101.206
2101.459
2101.712
2101.965
2102.218
2102.47
2102.71
2102.95
2103.19
2103.43
2103.67
2103.91
2104.15
2104.39
2104.63
2104.87
2105.11
2105.35
2105.897
2106.444
2106.991
2107.538
2108.085
2108.632
2109.179
2109.726
2110.27
2110.516
2110.762
2111.008
2111.254
2111.5
2111.746
2111.992
2112.24
2112.788
2113.336
2113.884
2114.432
2114.98
2115.528
2116.079
2116.623
2117.167
2117.711
2118.255
2118.8
2119.258
2119.716
2120.174
2120.632
2121.09
2121.55
2121.913
2122.276
2122.639
2123.002
2123.365
2123.728
2124.091
2124.454
2124.82
2125.957
2127.094
2128.231
2129.368
2130.505
2131.642
2132.779
2133.916
2135.053
2136.19
2137.327
2138.46
2139.9
2141.34
2142.78
2144.22
2145.66
2147.1
2147.796
2148.492
2149.188
2149.884
2150.58
2151.276
2151.972
2152.668
2153.364
2154.06
2154.429
2154.798
2155.167
2155.536
2155.905
2156.274
2156.64
2156.917
2157.194
2157.471
2157.748
2158.025
2158.302
2158.579
2158.856
2159.13
2159.353
2159.576
2159.799
2160.022
2160.245
2160.47
2160.699
2160.928
2161.157
2161.386
2161.615
2161.845
2162.16
2162.475
2162.79
2163.105
2163.42
2163.735
2164.05
2164.365
2164.68
2164.995
2165.31
2165.625
2165.94
2166.26
2166.602
2166.944
2167.286
2167.628
2167.97
2168.312
2168.654
2168.996
2169.34
2169.958
2170.576
2171.194
2171.812
2172.43
2173.139
2173.848
2174.557
2175.266
2175.975
2176.684
2177.393
2178.102
2178.811
2179.52
2180.23
2180.995
2181.76
2182.525
2183.29
2184.055
2184.82
2185.585
2186.35
2186.765
2187.18
2187.595
2188.01
2188.425
2188.84
2189.252
2191.016
2192.78
2194.544
2196.308
2198.072
2199.836
2201.6
2203.364
2205.128
2206.892
2208.656
2210.42
2210.787
2211.154
2211.521
2211.888
2212.255
2212.622
2212.989
2213.356
2213.723
2214.09
2214.46
2214.771
2215.082
2215.393
2215.704
2216.015
2216.326
2216.637
2216.948
2217.259
2217.57
2217.881
2218.192
2218.503
2218.82
2220.396
2220.699
2221.002
2221.305
2221.608
2221.911
2222.214
2222.517
2222.82
2223.059
2223.298
2223.537
2223.776
2224.015
2224.254
2224.493
2224.732
2224.971
2225.21
2225.449
2225.69
2226.008
2226.326
2226.644
2226.962
2227.28
2227.598
2227.916
2228.234
2228.55
2229.377
2230.204
2231.031
2231.858
2232.685
2233.512
2234.339
2235.166
2235.99
2236.168
2236.346
2236.524
2236.702
2236.88
2237.123
2237.366
2237.609
2237.852
2238.095
2238.338
2238.581
2238.824
2239.067
2239.309
2239.502
2239.695
2239.888
2240.081
2240.274
2240.467
2240.66
2240.85
2241.038
2241.226
2241.414
2241.602
2241.79
2241.978
2242.166
2242.354
2242.542
2242.73
2242.918
2243.106
2243.294
2243.48
2243.885
2244.29
2244.695
2245.1
2245.505
2245.91
2246.315
2246.72
2247.125
2247.53
2247.935
2248.34
2248.75
2249.044
2249.338
2249.632
2249.926
2250.22
2250.514
2250.808
2251.102
2251.396
2251.69
2251.98
2252.758
2253.536
2254.314
2255.092
2255.87
2256.648
2257.426
2258.204
2258.982
2259.76
2261.134
2262.508
2263.882
2265.256
2266.63
2268.004
2269.378
2270.752
2272.124
2272.332
2272.54
2272.748
2272.956
2273.164
2273.372
2273.58
2273.79
2274.04
2274.29
2274.54
2274.79
2275.04
2275.29
2275.54
2275.79
2276.003
2276.216
2276.429
2276.642
2276.855
2277.068
2277.281
2277.494
2277.707
2277.92
2278.13
2278.498
2278.866
2279.234
2279.602
2279.97
2280.338
2280.706
2281.074
2281.44
2281.726
2282.012
2282.298
2282.584
2282.87
2283.156
2283.442
2283.73
2283.989
2284.248
2284.507
2284.766
2285.025
2285.284
2285.543
2285.802
2286.061
2286.32
2286.58
2287.122
2287.664
2288.206
2288.748
2289.29
2289.83
2290.095
2290.36
2290.625
2290.89
2291.155
2291.42
2291.685
2291.95
2292.214
2292.478
2292.742
2293.006
2293.27
2293.534
2293.8
2294.213
2294.626
2295.039
2295.452
2295.865
2296.278
2296.691
2297.104
2297.517
2297.932
2298.198
2298.464
2298.73
2298.996
2299.262
2299.528
2299.794
2300.06
2300.326
2300.592
2300.858
2301.124
2301.39
2301.66
2302.122
2302.584
2303.046
2303.51
2303.885
2304.26
2304.635
2305.01
2305.385
2305.76
2306.102
2306.444
2306.786
2307.128
2307.47
2307.812
2308.154
2308.496
2308.838
2309.18
2309.522
2309.86
2310.122
2310.384
2310.646
2310.908
2311.17
2311.432
2311.694
2311.956
2312.218
2312.48
2312.826
2313.172
2313.518
2313.864
2314.21
2314.556
2314.902
2315.248
2315.592
2315.835
2316.078
2316.321
2316.564
2316.807
2317.05
2317.587
2318.124
2318.661
2319.198
2319.735
2320.272
2320.809
2321.346
2321.88
2322.384
2322.888
2323.392
2323.896
2324.4
2324.904
2325.408
2325.912
2326.416
2326.92
2327.424
2327.632
2327.84
2328.048
2328.256
2328.464
2328.672
2328.88
2329.09
2330.529
2331.968
2333.407
2334.846
2336.285
2337.724
2339.163
2340.602
2342.04
2342.312
2342.584
2342.856
2343.128
2343.4
2343.67
2343.993
2344.316
2344.639
2344.962
2345.285
2345.608
2345.93
2346.34
2346.75
2347.16
2347.57
2347.816
2348.062
2348.308
2348.554
2348.8
2349.046
2349.292
2349.538
2349.784
2350.03
2350.28
2350.69
2351.1
2351.51
2351.92
2352.33
2352.716
2353.102
2353.488
2353.874
2354.26
2354.646
2355.032
2355.418
2355.804
2356.19
2356.58
2357.203
2357.826
2358.449
2359.072
2359.695
2360.318
2360.94
2361.577
2362.214
2362.851
2363.488
2364.125
2364.762
2365.399
2366.036
2366.673
2367.31
2367.95
2368.249
2368.548
2368.847
2369.146
2369.445
2369.744
2370.043
2370.34
2370.749
2371.158
2371.567
2371.976
2372.385
2372.794
2373.2
2373.592
2373.984
2374.376
2374.768
2375.16
2375.552
2375.944
2376.336
2376.728
2377.12
2377.512
2377.904
2378.296
2378.69
2379.101
2379.512
2379.923
2380.334
2380.745
2381.156
2381.567
2381.978
2382.39
2383.044
2383.698
2384.352
2385.006
2385.66
2386.314
2386.97
2387.22
2387.47
2387.72
2387.97
2388.22
2388.47
2388.72
2388.993
2389.266
2389.539
2389.812
2390.085
2390.358
2390.63
2390.9
2391.17
2391.44
2391.71
2391.98
2392.25
2392.52
2392.79
2393.06
2393.76
2394.46
2394.72
2394.98
2395.24
2395.5
2395.706
2395.912
2396.118
2396.324
2396.53
2396.736
2396.942
2397.148
2397.354
2397.56
2397.925
2398.29
2398.655
2399.02
2399.385
2399.75
2400.114
2400.291
2400.468
2400.645
2400.822
2400.999
2401.176
2401.353
2401.53
2402.017
2402.504
2402.991
2403.478
2403.965
2404.452
2404.942
2405.124
2405.306
2405.488
2405.67
2405.852
2406.034
2406.216
2406.4
2406.603
2406.806
2407.009
2407.212
2407.415
2407.618
2407.821
2408.025
2408.28
2408.535
2408.79
2409.045
2409.3
2409.555
2409.81
2410.065
2410.32
2410.575
2410.83
2411.085
2411.34
2411.6
2411.846
2412.092
2412.338
2412.584
2412.83
2413.076
2413.322
2413.568
2413.814
2414.06
2414.306
2414.55
2415.367
2416.184
2417.0
2418.571
2420.142
2421.713
2423.284
2424.855
2426.426
2428.0
2428.614
2429.228
2429.842
2430.456
2431.07
2431.684
2432.298
2432.912
2433.526
2434.14
2434.75
2435.71
2436.147
2436.584
2437.021
2437.458
2437.895
2438.332
2438.769
2439.206
2439.64
2439.872
2440.104
2440.336
2440.568
2440.8
2441.032
2441.264
2441.496
2441.728
2441.96
2442.192
2442.427
2442.594
2442.761
2442.928
2443.095
2443.262
2443.429
2443.596
2443.763
2443.93
2444.097
2444.264
2444.431
2444.598
2444.76
2445.174
2445.588
2446.002
2446.416
2446.83
2447.244
2447.66
2448.67
2449.68
2450.69
2451.7
2452.648
2453.596
2454.543
2455.49
2455.821
2456.152
2456.483
2456.814
2457.145
2457.476
2457.807
2458.138
2458.469
2458.8
2459.131
2459.46
2459.661
2459.862
2460.063
2460.264
2460.465
2460.666
2460.867
2461.068
2461.269
2461.47
2461.696
2461.922
2462.148
2462.374
2462.6
2462.826
2463.052
2463.278
2463.504
2463.732
2463.933
2464.134
2464.335
2464.536
2464.737
2464.938
2465.139
2465.34
2465.541
2465.742
2465.94
2466.18
2466.42
2466.66
2466.9
2467.14
2467.38
2467.62
2467.86
2468.1
2468.34
2468.579
2468.755
2468.931
2469.107
2469.283
2469.459
2469.635
2469.811
2469.987
2470.163
2470.339
2470.515
2470.691
2470.87
2471.18
2471.49
2471.8
2472.11
2472.42
2472.73
2472.961
2473.192
2473.423
2473.654
2473.885
2474.116
2474.347
2474.575
2474.816
2475.057
2475.298
2475.539
2475.78
2476.021
2476.26
2476.532
2476.804
2477.076
2477.348
2477.62
2477.892
2478.164
2478.436
2478.708
2478.98
2479.3
2479.62
2479.94
2480.26
2480.58
2480.902
2481.08
2481.258
2481.436
2481.614
2481.792
2481.97
2482.148
2482.326
2482.504
2482.682
2482.86
2483.155
2483.45
2483.745
2484.04
2484.335
2484.63
2484.925
2485.22
2485.515
2485.81
2486.102
2486.794
2487.486
2488.178
2488.87
2489.564
2489.749
2489.934
2490.119
2490.304
2490.489
2490.674
2490.859
2491.044
2491.23
2491.514
2491.798
2492.082
2492.366
2492.65
2492.934
2493.218
2493.502
2493.786
2494.07
2494.35
2494.574
2494.798
2495.022
2495.246
2495.47
2495.694
2495.918
2496.142
2496.366
2496.59
2496.945
2497.3
2497.655
2498.01
2498.365
2498.72
2499.075
2499.43
2499.785
2500.14
2500.49
2503.377
2506.264
2509.15
2510.393
2511.636
2512.879
2514.122
2515.365
2516.61
2517.086
2517.562
2518.038
2518.514
2518.99
2519.37
2519.75
2520.13
2520.51
2520.89
2521.27
2521.65
2522.03
2522.41
2522.79
2523.608
2524.426
2525.244
2526.062
2526.88
2527.7
2529.107
2530.514
2531.921
2533.328
2534.735
2536.142
2537.549
2538.956
2540.363
2541.77
2543.345
2544.92
2546.495
2548.07
2549.645
2551.22
2552.795
2554.37
2555.945
2557.52
2559.09
2561.328
2563.566
2565.804
2568.042
2570.28
2572.52
2572.789
2573.058
2573.327
2573.596
2573.865
2574.134
2574.405
2575.083
2575.761
2576.439
2577.117
2577.795
2578.473
2579.151
2579.83
2583.855
2587.88
2591.905
2595.93
2599.955
2603.98
2608.005
2612.03
2612.225
2612.42
2612.615
2612.81
2613.005
2613.2
2613.395
2613.59
2613.785
2613.98
2614.175
2614.37
2614.565
2614.76
2614.995
2615.23
2615.465
2615.7
2615.935
2616.17
2616.405
2616.64
2616.875
2617.11
2617.394
2617.678
2617.962
2618.246
2618.53
2618.814
2619.098
2619.382
2619.666
2619.95
2620.234
2620.518
2620.802
2621.09
2621.437
2621.784
2622.131
2622.478
2622.825
2623.17
2623.685
2624.2
2624.715
2625.23
2625.746
2626.049
2626.352
2626.655
2626.958
2627.261
2627.564
2627.867
2628.17
2628.473
2628.776
2629.08
2629.329
2629.578
2629.827
2630.076
2630.325
2630.574
2630.82
2631.017
2631.214
2631.411
2631.608
2631.805
2632.002
2632.199
2632.396
2632.593
2632.79
2632.987
2633.184
2633.381
2633.579
2633.749
2633.919
2634.089
2634.259
2634.429
2634.599
2634.769
2634.939
2635.109
2635.279
2635.449
2635.62
2635.993
2636.366
2636.739
2637.112
2637.485
2637.858
2638.231
2638.604
2638.977
2639.35
2639.584
2639.818
2640.052
2640.286
2640.52
2640.754
2640.988
2641.222
2641.46
2641.664
2641.868
2642.072
2642.276
2642.48
2642.684
2642.888
2643.092
2643.293
2643.745
2644.197
2644.649
2645.1
2645.316
2645.532
2645.748
2645.964
2646.18
2646.396
2646.612
2646.83
2647.077
2647.324
2647.571
2647.818
2648.065
2648.312
2648.559
2648.806
2649.05
2649.262
2649.474
2649.686
2649.898
2650.11
2650.322
2650.534
2650.746
2650.958
2651.174
2651.563
2651.952
2652.341
2652.73
2652.903
2653.076
2653.249
2653.422
2653.595
2653.768
2653.941
2654.114
2654.287
2654.46
2654.633
2654.806
2654.98
2655.246
2655.512
2655.778
2656.044
2656.31
2656.576
2656.842
2657.11
2657.564
2658.018
2658.472
2658.926
2659.38
2659.834
2660.287
2660.513
2660.739
2660.965
2661.191
2661.417
2661.643
2661.87
2662.15
2662.43
2662.71
2662.99
2663.27
2663.55
2663.83
2664.11
2664.39
2664.67
2664.955
2665.501
2666.047
2666.593
2667.139
2667.685
2668.231
2668.78
2668.993
2669.206
2669.419
2669.632
2669.845
2670.058
2670.271
2670.484
2670.697
2670.91
2671.123
2671.336
2671.549
2671.76
2671.976
2672.192
2672.408
2672.624
2672.84
2673.056
2673.275
2673.511
2673.747
2673.983
2674.218
2674.453
2674.689
2674.925
2675.16
2675.395
2675.63
2675.867
2676.104
2676.341
2676.578
2676.815
2677.05
2677.274
2677.498
2677.722
2677.946
2678.17
2678.394
2678.618
2678.842
2679.066
2679.29
2679.51
2679.793
2680.075
2680.357
2680.639
2680.921
2681.203
2681.485
2681.767
2682.049
2682.331
2682.613
2682.9
2683.088
2683.276
2683.464
2683.652
2683.84
2684.028
2684.216
2684.404
2684.592
2684.78
2684.968
2685.16
2685.419
2685.678
2685.937
2686.196
2686.455
2686.714
2686.973
2687.232
2687.491
2687.75
2688.009
2688.268
2688.527
2688.786
2689.04
2689.302
2689.565
2689.828
2690.09
2690.399
2690.708
2691.017
2691.326
2691.635
2691.944
2692.253
2692.562
2692.871
2693.18
2693.48
2693.78
2694.08
2694.38
2694.68
2694.98
2695.28
2695.58
2695.85
2696.12
2696.39
2696.66
2696.93
2697.269
2697.608
2697.947
2698.286
2698.625
2698.964
2699.3
2699.596
2699.892
2700.188
2700.484
2700.78
2701.076
2701.372
2701.67
2702.43
2703.19
2703.95
2704.71
2705.208
2705.706
2706.204
2706.702
2707.199
2707.423
2707.647
2707.871
2708.095
2708.319
2708.543
2708.767
2708.99
2709.226
2709.462
2709.698
2709.934
2710.17
2710.406
2710.642
2710.88
2711.435
2711.99
2712.545
2713.1
2713.423
2713.746
2714.069
2714.392
2714.715
2715.038
2715.361
2715.684
2716.007
2716.33
2716.65
2720.01
2720.373
2720.736
2721.099
2721.462
2721.825
2722.188
2722.551
2722.914
2723.28
2723.536
2723.792
2724.048
2724.304
2724.56
2724.816
2725.07
2725.275
2725.48
2725.685
2725.89
2726.095
2726.3
2726.505
2726.71
2726.912
2727.094
2727.276
2727.458
2727.64
2727.822
2728.004
2728.186
2728.37
2728.814
2729.258
2729.702
2730.146
2730.59
2731.034
2731.478
2731.922
2732.37
2732.624
2732.878
2733.132
2733.386
2733.64
2733.894
2734.15
2735.494
2736.838
2738.182
2739.526
2740.87
2742.214
2743.558
2744.902
2746.25
2747.74
2749.23
2750.72
2752.21
2753.7
2755.192
2755.437
2755.682
2755.927
2756.172
2756.417
2756.662
2756.907
2757.15
2757.354
2757.558
2757.762
2757.966
2758.17
2758.374
2758.578
2758.782
2758.983
2759.539
2760.095
2760.651
2761.207
2761.763
2762.319
2762.875
2763.431
2763.987
2764.543
2765.1
2765.475
2765.85
2766.225
2766.6
2766.975
2767.35
2767.644
2767.938
2768.232
2768.526
2768.82
2769.114
2769.408
2769.702
2769.996
2770.29
2770.584
2770.878
2771.172
2771.47
2771.731
2771.992
2772.253
2772.514
2772.775
2773.036
2773.294
2773.511
2773.728
2773.945
2774.162
2774.379
2774.596
2774.813
2775.03
2775.247
2775.46
2775.818
2776.176
2776.534
2776.892
2777.249
2777.606
2777.964
2778.32
2778.865
2779.41
2779.955
2780.5
2781.045
2781.588
2782.9
2783.545
2784.19
2786.753
2789.316
2791.878
2794.44
2794.857
2795.274
2795.691
2796.108
2796.525
2796.942
2797.359
2797.776
2798.193
2798.61
2798.969
2799.328
2799.687
2800.046
2800.405
2800.764
2801.123
2801.482
2801.841
2802.2
2802.56
2803.009
2803.458
2803.907
2804.356
2804.805
2805.254
2805.703
2806.15
2806.36
2806.57
2806.78
2806.99
2807.2
2807.41
2807.706
2808.002
2808.298
2808.594
2808.89
2809.186
2809.482
2809.78
2810.067
2810.354
2810.641
2810.928
2811.215
2811.5
2811.956
2812.412
2812.868
2813.324
2813.78
2814.236
2814.692
2815.148
2815.604
2816.06
2816.516
2816.97
2817.976
2818.982
2819.988
2820.994
2822.0
2823.006
2824.012
2825.02
2825.447
2825.874
2826.301
2826.728
2827.155
2827.582
2828.009
2828.436
2828.863
2829.29
2829.717
2830.144
2830.57
2831.52
2832.47
2833.42
2834.37
2835.32
2835.54
2835.76
2835.98
2836.2
2836.42
2836.64
2836.86
2837.08
2838.573
2840.066
2841.559
2843.052
2844.545
2846.038
2847.531
2849.024
2850.517
2852.01
2852.314
2852.618
2852.922
2853.226
2853.53
2853.834
2854.138
2854.442
2854.75
2855.301
2855.852
2856.403
2856.954
2857.505
2858.056
2858.61
2858.899
2859.188
2859.477
2859.766
2860.055
2860.344
2860.633
2860.922
2861.211
2861.5
2861.79
2862.38
2862.97
2863.56
2864.15
2864.74
2865.33
2865.917
2866.992
2868.067
2869.142
2870.217
2871.29
2872.062
2872.834
2873.606
2874.378
2875.15
2875.922
2876.694
2877.466
2878.238
2879.01
2880.29
2881.57
2882.85
2884.13
2885.41
2886.69
2886.909
2887.128
2887.347
2887.566
2887.785
2888.004
2888.22
2889.455
2890.69
2891.925
2893.16
2893.808
2894.456
2895.104
2895.752
2896.4
2896.858
2897.316
2897.774
2898.232
2898.69
2899.148
2899.606
2900.064
2900.522
2900.98
2901.44
2901.72
2902.0
2902.28
2902.56
2902.84
2903.12
2903.4
2903.68
2903.96
2904.273
2904.586
2904.899
2905.212
2905.525
2905.838
2906.151
2906.464
2906.777
2907.09
2907.4
2907.853
2908.306
2908.759
2909.212
2909.665
2910.118
2910.571
2911.024
2911.48
2911.84
2912.2
2912.56
2912.92
2913.28
2913.64
2914.0
2914.36
2914.72
2915.08
2915.44
2915.76
2916.08
2916.4
2916.72
2917.04
2917.36
2917.68
2918.0
2918.32
2918.73
2919.14
2919.55
2919.96
2920.37
2920.78
2921.19
2921.966
2922.742
2923.518
2924.294
2925.07
2925.846
2926.622
2927.398
2928.174
2928.95
2930.323
2931.696
2933.07
2933.854
2934.638
2935.422
2936.206
2936.99
2937.774
2938.56
2938.818
2939.076
2939.334
2939.592
2939.849
2940.048
2940.247
2940.446
2940.645
2940.844
2941.043
2941.242
2941.441
2941.64
2942.347
2943.055
2943.762
2944.47
2944.74
2945.01
2945.28
2945.55
2945.82
2946.09
2946.36
2946.63
2946.9
2947.17
2947.44
2947.71
2948.001
2948.292
2948.583
2948.874
2949.165
2949.456
2949.747
2950.04
2950.298
2950.555
2950.812
2951.07
2951.328
2951.586
2951.843
2952.1
2952.513
2952.926
2953.339
2953.752
2954.165
2954.58
2955.051
2955.522
2955.993
2956.464
2956.935
2957.406
2957.877
2958.348
2958.82
2959.311
2959.802
2960.293
2960.784
2961.275
2961.764
2962.102
2962.44
2962.778
2963.116
2963.454
2963.792
2964.13
2964.468
2964.81
2965.237
2965.664
2966.091
2966.518
2966.945
2967.372
2967.799
2968.226
2968.653
2969.08
2969.507
2969.93
2970.644
2971.358
2972.073
2972.787
2973.501
2974.216
2974.93
2975.646
2975.851
2976.056
2976.261
2976.466
2976.671
2976.876
2977.081
2977.286
2977.491
2977.696
2977.901
2978.106
2978.311
2978.51
2978.723
2978.936
2979.149
2979.362
2979.575
2979.788
2980.001
2980.214
2980.427
2980.64
2981.131
2981.622
2982.113
2982.604
2983.096
2984.013
2984.294
2984.575
2984.856
2985.137
2985.418
2985.699
2985.98
2986.262
2986.523
2986.784
2987.045
2987.306
2987.567
2987.828
2988.089
2988.35
2988.61
2989.175
2989.74
2990.305
2990.87
2991.435
2992.0
2992.565
2993.13
2993.695
2994.26
2994.83
2995.816
2996.802
2997.788
2998.774
2999.76
3000.746
3001.732
3002.718
3003.704
3004.69
3004.932
3005.174
3005.416
3005.658
3005.9
3006.142
3006.384
3006.626
3006.868
3007.11
3007.352
3007.594
3007.83
3008.28
3008.73
3009.18
3009.63
3010.08
3010.371
3010.662
3010.953
3011.244
3011.535
3011.826
3012.117
3012.408
3012.699
3012.99
3013.28
3013.772
3014.264
3014.756
3015.247
3015.738
3016.229
3016.72
3017.211
3017.702
3018.195
3018.529
3018.863
3019.197
3019.531
3019.865
3020.199
3020.533
3020.867
3021.2
3021.532
3021.864
3022.196
3022.528
3022.86
3023.192
3023.524
3023.856
3024.188
3024.52
3024.833
3025.146
3025.459
3025.772
3026.085
3026.398
3026.711
3027.024
3027.337
3027.65
3027.963
3028.28
3028.28
3028.28
3028.28
