22.12
25.77
26.315
26.86
27.405
27.95
28.495
29.04
29.585
30.13
30.675
31.22
31.765
32.31
32.762
33.214
33.666
34.118
34.57
35.022
35.474
35.926
36.38
36.736
37.092
37.448
37.804
38.16
38.516
38.872
39.228
39.584
39.94
40.13
40.32
40.51
40.7
40.89
41.08
41.27
41.46
41.875
42.29
42.705
43.12
43.535
43.95
44.365
44.78
45.071
45.362
45.653
45.944
46.235
46.526
46.817
47.108
47.399
47.69
47.996
48.302
48.608
48.914
49.22
49.526
49.832
50.14
50.714
51.288
51.862
52.436
53.01
53.584
54.16
54.471
54.782
55.093
55.404
55.715
56.026
56.337
56.648
56.959
57.27
57.698
58.126
58.553
58.98
59.407
59.834
60.262
60.69
61.107
61.524
61.941
62.358
62.775
63.19
63.942
64.694
65.446
66.198
66.95
67.7
68.587
69.474
70.361
71.248
72.135
73.02
73.395
73.77
74.145
74.52
74.895
75.27
75.597
75.924
76.251
76.578
76.905
77.232
77.56
78.305
79.05
79.795
80.54
81.285
82.03
82.782
83.534
84.286
85.038
85.79
86.198
86.606
87.014
87.422
87.83
88.238
88.646
89.054
89.46
89.795
90.13
90.465
90.8
91.135
91.47
91.805
92.14
92.475
92.81
93.15
93.638
94.126
94.614
95.102
95.59
96.078
96.566
97.05
97.656
98.262
98.868
99.474
100.08
100.686
101.292
101.9
102.167
102.434
102.701
102.968
103.235
103.502
103.77
104.096
104.422
104.748
105.074
105.4
105.726
106.05
106.537
107.024
107.511
107.998
108.485
108.97
109.35
109.73
110.11
110.49
110.87
111.25
111.63
112.01
112.696
113.382
114.068
114.754
115.44
116.126
116.81
117.133
117.456
117.779
118.102
118.425
118.748
119.071
119.39
119.823
120.256
120.689
121.122
121.555
121.988
122.421
122.854
123.29
123.692
124.094
124.496
124.898
125.3
125.702
126.104
126.506
126.904
127.182
127.46
127.738
128.016
128.294
128.57
129.794
131.018
132.242
133.466
134.69
135.39
136.09
136.79
137.49
138.19
138.89
139.197
139.505
139.812
140.12
140.428
140.736
141.043
141.351
141.659
141.966
142.274
142.58
143.255
143.93
144.393
144.856
145.319
145.782
146.245
146.71
147.186
147.662
148.138
148.614
149.09
149.566
150.042
150.518
150.99
151.53
152.07
152.61
153.15
153.69
154.23
154.77
155.31
155.85
156.09
156.33
156.57
156.81
157.05
157.29
157.53
157.77
158.01
158.448
158.886
159.324
159.762
160.2
160.64
161.042
161.445
161.847
162.25
162.653
163.055
163.458
163.86
164.646
165.432
166.218
167.004
167.79
168.576
169.362
170.148
170.934
171.72
172.51
172.848
173.186
173.524
173.862
174.2
174.538
174.876
175.214
175.552
175.89
176.23
176.586
176.942
177.298
177.654
178.01
178.366
178.722
179.08
179.571
180.062
180.553
181.044
181.535
182.026
182.517
183.008
183.5
184.019
184.538
185.057
185.576
186.095
186.614
187.133
187.652
188.171
188.69
189.21
189.684
190.158
190.632
191.106
191.58
192.054
192.528
193.0
193.259
193.518
193.777
194.036
194.295
194.554
194.813
195.072
195.331
195.59
195.849
196.11
196.486
196.862
197.238
197.614
197.99
198.366
198.742
199.12
199.65
200.18
200.71
201.24
201.77
202.3
202.83
203.36
204.163
204.966
205.769
206.572
207.375
208.178
208.981
209.784
210.587
211.39
211.549
211.708
211.867
212.026
212.185
212.344
212.503
212.66
213.474
214.288
215.102
215.916
216.73
217.544
218.36
219.147
219.934
220.721
221.508
222.295
223.082
223.869
224.656
225.443
226.23
227.02
227.456
227.892
228.328
228.764
229.2
229.636
230.072
230.51
231.126
231.742
232.358
232.974
233.59
234.206
234.822
235.438
236.054
236.67
237.286
237.902
238.518
239.14
239.525
239.91
240.295
240.68
241.065
241.45
241.835
242.22
242.605
242.99
243.537
244.084
244.63
245.153
245.676
246.199
246.722
247.245
247.768
248.291
248.814
249.337
249.86
250.38
250.897
251.414
251.931
252.448
252.965
253.482
253.999
254.516
255.03
255.527
256.024
256.521
257.018
257.515
258.012
258.51
259.004
259.498
259.992
260.486
260.98
261.474
261.97
262.308
262.645
262.982
263.32
263.754
264.188
264.622
265.056
265.49
265.924
266.358
266.79
267.112
267.434
267.756
268.078
268.4
268.722
269.044
269.366
269.688
270.01
270.33
271.363
272.396
273.429
274.462
275.495
276.53
276.744
276.958
277.172
277.386
277.6
277.814
278.03
278.473
278.916
279.359
279.802
280.245
280.69
281.592
282.494
283.396
284.298
285.2
286.102
287.004
287.906
288.808
289.71
290.612
291.51
291.9
292.29
293.297
294.304
295.311
296.318
297.325
298.33
298.655
298.98
299.305
299.63
299.955
300.28
300.605
300.93
301.255
301.58
301.91
302.537
303.164
303.791
304.418
305.045
305.672
306.299
306.926
307.553
308.18
308.807
309.434
310.06
311.399
312.738
314.077
315.416
316.755
318.094
319.43
319.698
319.966
320.234
320.502
320.77
321.04
321.346
321.652
321.958
322.264
322.57
322.874
323.408
323.942
324.65
325.09
325.53
325.97
326.547
327.124
327.7
328.207
328.714
329.221
329.728
330.235
330.742
331.249
331.756
332.263
332.77
333.28
334.172
335.064
335.956
336.848
337.74
338.632
339.524
340.416
341.31
341.633
341.956
342.279
342.602
342.925
343.248
343.571
343.894
344.217
344.54
344.848
345.156
345.464
345.772
346.08
346.39
347.122
347.854
348.586
349.318
350.05
350.782
351.514
352.246
352.98
353.374
353.768
354.162
354.556
354.95
355.344
355.738
356.132
356.526
356.92
357.314
357.71
357.917
358.124
358.332
358.539
358.746
358.953
359.16
359.37
359.725
360.08
360.435
360.79
361.145
361.5
361.855
362.21
362.565
362.92
363.275
363.63
363.885
364.14
364.395
364.65
364.905
365.16
365.586
366.012
366.438
366.864
367.29
367.716
368.14
368.433
368.726
369.019
369.312
369.605
369.898
370.191
370.48
370.952
371.424
371.896
372.368
372.84
373.346
373.852
374.358
374.864
375.37
375.876
376.382
376.888
377.394
377.9
378.406
378.912
379.42
379.705
379.99
380.275
380.56
380.845
381.13
381.555
381.98
382.405
382.83
383.255
383.68
384.105
384.53
384.955
385.38
385.81
386.226
386.642
387.058
387.474
387.89
388.306
388.722
389.138
389.554
389.97
390.39
391.005
391.62
392.235
392.85
393.465
394.08
394.535
394.99
395.445
395.9
396.174
396.448
396.722
396.996
397.27
397.544
397.818
398.09
398.47
398.85
399.23
399.61
399.99
400.37
400.75
401.082
401.414
401.746
402.078
402.41
402.742
403.074
403.406
403.738
404.07
404.921
405.772
406.623
407.474
408.325
409.176
410.027
410.88
411.548
412.216
412.884
413.552
414.22
414.888
415.556
416.224
416.89
417.732
418.575
419.418
420.26
421.102
421.944
422.787
423.63
424.003
424.376
424.749
425.122
425.495
425.868
426.24
426.664
427.088
427.512
427.936
428.36
428.784
429.208
429.632
430.06
430.443
430.826
431.209
431.592
431.975
432.36
432.641
432.922
433.203
433.484
433.765
434.046
434.327
434.61
434.9
435.19
435.48
435.77
436.06
436.35
436.64
436.93
437.22
437.51
437.8
438.2
438.6
439.0
439.4
439.8
440.2
440.6
441.0
441.425
441.85
442.275
442.7
443.125
443.55
443.975
444.4
444.825
445.25
445.67
445.955
446.24
446.525
446.81
447.095
447.38
447.665
447.901
448.137
448.373
448.609
448.845
449.081
449.317
449.553
449.79
450.02
450.25
450.48
450.71
450.94
451.17
451.4
451.63
451.86
452.09
452.32
452.55
453.113
453.675
454.238
454.8
455.363
455.925
456.488
457.05
457.569
458.088
458.607
459.126
459.645
460.164
460.683
461.202
461.72
462.032
462.344
462.656
462.968
463.28
463.592
463.904
464.216
464.528
464.84
465.272
465.704
466.136
466.568
467.0
467.432
467.864
468.296
468.728
469.16
469.59
470.12
470.65
471.18
471.569
471.958
472.347
472.736
473.125
473.514
473.903
474.292
474.681
475.07
475.46
475.867
476.274
476.681
477.088
477.495
477.9
478.117
478.334
478.551
478.768
478.985
479.202
479.419
479.636
479.853
480.07
480.287
480.504
480.721
480.938
481.15
481.44
481.73
482.02
482.31
482.6
482.974
483.348
483.722
484.096
484.47
484.844
485.218
485.592
485.97
486.169
486.368
486.567
486.766
486.965
487.164
487.362
487.567
487.772
487.977
488.182
488.387
488.592
488.797
489.002
489.207
489.412
489.617
489.82
490.76
491.104
491.448
491.792
492.136
492.48
492.824
493.168
493.512
493.856
494.2
494.478
494.756
495.034
495.312
495.59
495.868
496.146
496.424
496.7
497.253
497.806
498.359
498.912
499.465
500.019
500.19
500.361
500.532
500.703
500.874
501.045
501.216
501.387
501.56
501.807
502.054
502.301
502.548
502.795
503.042
503.289
503.536
503.783
504.03
504.505
504.98
505.455
505.93
506.405
506.88
507.355
507.83
508.441
509.052
509.663
510.274
510.885
511.496
512.107
512.718
513.329
513.94
514.549
515.43
516.311
517.192
518.073
518.954
519.835
520.716
521.597
522.478
523.359
524.24
525.121
526.002
526.883
527.632
528.381
529.13
529.88
530.657
531.434
532.211
532.988
533.765
534.542
535.319
536.096
536.873
537.65
538.086
538.522
538.958
539.394
539.83
540.266
540.702
541.138
541.574
542.01
542.446
542.882
543.32
543.793
544.265
544.737
545.21
545.595
545.98
546.365
546.75
547.135
547.52
547.905
548.29
548.506
548.722
548.938
549.154
549.37
549.586
549.802
550.018
550.234
550.45
550.67
551.21
551.75
552.29
552.83
553.37
553.91
554.45
554.99
555.53
555.945
556.36
556.775
557.19
557.605
558.02
558.435
558.85
559.265
559.68
560.09
560.342
560.594
560.846
561.098
561.35
561.602
561.854
562.106
562.358
562.61
562.86
563.161
563.462
563.763
564.064
564.365
564.666
564.97
565.289
565.608
565.927
566.246
566.565
566.884
567.203
567.522
567.84
568.717
569.594
570.471
571.348
572.225
573.1
573.36
573.62
574.118
574.616
575.113
575.61
575.822
576.034
576.246
576.458
576.67
576.882
577.094
577.306
577.518
577.73
578.613
579.496
580.379
581.262
582.145
583.03
583.703
584.376
585.049
585.722
586.395
587.068
587.741
588.414
589.087
589.76
590.617
591.474
592.332
593.189
594.046
594.904
595.761
596.618
597.476
598.333
599.19
600.05
600.395
600.74
601.085
601.43
601.775
602.12
602.465
602.81
603.155
603.5
603.84
605.018
606.196
607.374
608.552
609.73
610.908
612.086
613.26
613.737
614.214
614.691
615.168
615.645
616.122
616.599
616.854
617.109
617.364
617.619
617.874
618.129
618.384
618.64
619.07
619.5
619.93
620.36
620.79
621.22
621.65
622.082
622.322
622.562
622.802
623.04
623.486
623.932
624.378
624.824
625.27
625.716
626.162
626.61
627.454
628.298
629.142
629.986
630.83
631.674
632.518
633.36
633.792
634.224
634.656
635.088
635.52
635.952
636.384
636.816
637.248
637.68
638.112
638.54
639.041
639.542
640.043
640.544
641.045
641.546
642.047
642.548
643.049
643.55
644.05
644.458
644.866
645.274
645.682
646.09
646.5
646.729
646.958
647.187
647.416
647.645
647.874
648.103
648.332
648.561
648.79
649.019
649.245
649.543
649.841
650.139
650.437
650.735
651.033
651.331
651.629
651.927
652.22
652.467
652.714
652.961
653.208
653.455
653.7
654.081
654.462
654.843
655.224
655.605
655.986
656.367
656.748
657.129
657.51
657.72
657.93
658.14
658.35
658.56
658.77
658.98
659.19
659.494
659.798
660.102
660.406
660.71
661.014
661.32
661.603
661.885
662.168
662.451
662.734
663.017
663.3
663.58
663.876
664.172
664.468
664.764
665.06
665.356
665.652
665.948
666.24
666.566
666.892
667.218
667.544
667.87
668.19
668.51
668.83
669.15
669.47
669.79
670.11
670.43
670.75
671.067
671.384
671.701
672.018
672.335
672.652
672.97
673.336
673.702
674.068
674.434
674.8
675.166
675.532
675.9
676.309
676.718
677.127
677.536
677.945
678.354
678.763
679.172
679.58
679.96
680.34
680.72
681.1
681.48
681.86
682.24
682.62
683.0
683.38
683.748
684.116
684.484
684.852
685.22
685.59
686.074
686.558
687.042
687.526
688.01
688.494
688.978
689.462
689.946
690.43
690.91
691.68
692.45
693.22
693.99
694.762
695.295
695.828
696.361
696.894
697.427
697.96
698.493
699.026
699.559
700.092
700.63
701.81
702.067
702.324
702.58
702.83
703.08
703.33
703.58
703.83
704.08
704.33
704.524
704.718
704.912
705.106
705.3
705.494
705.69
706.19
706.682
707.174
707.666
708.158
708.65
709.209
709.768
710.327
710.886
711.445
712.004
712.563
713.12
713.53
713.94
714.35
714.76
715.17
715.58
715.99
717.9
718.127
718.354
718.58
719.059
719.537
719.731
719.925
720.12
720.286
720.452
720.618
720.784
720.95
721.116
721.282
721.45
721.693
721.936
722.18
722.835
723.49
724.145
724.8
725.455
726.11
726.765
727.42
728.075
728.73
729.39
729.834
730.278
730.722
731.166
731.61
732.054
732.498
732.94
733.14
733.34
733.54
733.74
733.94
734.14
734.34
734.54
734.74
734.94
735.234
735.528
735.822
736.116
736.41
736.704
736.998
737.292
737.586
737.88
738.491
739.102
739.713
740.324
740.935
741.546
742.16
742.533
742.906
743.278
743.65
744.11
744.57
745.03
745.49
745.95
746.41
746.648
746.886
747.124
747.362
747.6
747.838
748.076
748.314
748.552
748.79
749.03
749.54
750.05
750.56
751.07
751.58
752.09
752.6
753.11
753.62
754.13
754.64
755.146
755.652
756.158
756.664
757.17
757.56
757.95
758.34
758.73
758.972
759.214
759.456
759.698
759.94
760.182
760.424
760.666
760.908
761.15
761.39
761.929
762.468
763.007
763.546
764.085
764.624
765.16
765.679
766.198
766.717
767.236
767.755
768.274
768.793
769.312
769.83
770.188
770.546
770.904
771.262
771.62
771.978
772.336
772.694
773.052
773.41
773.768
774.126
774.48
774.781
775.082
775.383
775.684
775.985
776.286
776.587
776.888
777.189
777.49
777.791
778.09
778.533
778.976
779.419
779.862
780.305
780.748
781.19
781.507
781.824
782.141
782.458
782.775
783.092
783.409
783.726
784.04
784.35
784.66
784.97
785.28
785.59
785.9
786.21
786.52
786.83
787.197
787.564
787.931
788.298
788.665
789.03
789.271
789.512
789.753
789.994
790.235
790.476
790.717
790.96
791.409
791.858
792.307
792.756
793.205
793.654
794.103
794.552
795.001
795.45
795.702
795.954
796.206
796.458
796.71
796.962
797.214
797.466
797.72
798.196
798.672
799.148
799.622
799.827
800.032
800.237
800.442
800.647
800.852
801.057
801.262
801.467
801.672
801.877
802.08
802.439
802.798
803.157
803.516
803.875
804.234
804.593
804.952
805.311
805.67
806.029
806.39
806.789
807.188
807.587
807.986
808.385
808.784
809.183
809.582
809.981
810.38
811.61
812.053
812.496
812.939
813.382
813.825
814.268
814.711
815.154
815.597
816.04
816.48
816.738
816.996
817.254
817.512
817.77
818.09
818.41
818.73
819.05
819.37
819.69
820.01
820.33
820.65
820.97
821.304
821.638
821.972
822.306
822.64
822.974
823.308
823.642
823.976
824.31
824.586
824.862
825.138
825.414
825.69
825.966
826.242
826.518
826.794
827.07
827.369
827.668
827.967
828.266
828.565
828.864
829.163
829.462
829.76
829.982
830.204
830.426
830.649
830.871
831.093
831.315
831.54
831.972
832.404
832.836
833.268
833.7
833.93
834.16
834.39
834.62
834.85
835.08
835.31
835.54
835.79
836.04
836.311
836.582
836.853
837.124
837.395
837.666
837.937
838.208
838.479
838.75
839.02
839.378
839.736
840.094
840.452
840.81
841.048
841.286
841.524
841.762
842.0
842.238
842.476
842.714
842.952
843.19
843.428
843.67
843.91
844.15
844.39
844.63
844.87
845.11
845.35
845.59
845.83
846.07
846.652
847.234
847.816
848.398
848.98
849.35
849.72
850.09
850.46
850.83
851.2
851.57
851.94
852.31
853.027
853.744
854.461
855.178
855.895
856.612
857.33
857.77
858.21
858.65
859.09
859.53
859.924
860.318
860.712
861.106
861.5
861.894
862.288
862.682
863.076
863.47
864.68
865.89
867.1
868.31
869.52
870.73
871.94
872.506
873.072
873.638
874.204
874.77
875.336
875.902
876.468
877.034
877.6
878.17
878.362
878.554
878.746
878.938
879.13
879.322
879.514
879.706
879.898
880.09
880.282
880.47
880.947
881.424
881.901
882.378
882.855
883.332
883.81
884.234
884.658
885.082
885.506
885.93
886.354
886.778
887.202
887.626
888.05
888.474
888.9
889.129
889.358
889.587
889.816
890.045
890.274
890.503
890.732
890.961
891.19
891.894
892.598
893.302
894.006
894.71
895.414
896.12
896.757
897.394
898.031
898.668
899.305
899.942
900.58
900.967
901.354
901.742
902.13
902.517
902.905
903.293
903.68
904.338
904.996
905.654
906.312
906.97
907.63
907.986
908.342
908.698
909.054
909.41
909.772
910.134
910.496
910.858
911.22
911.582
911.944
912.306
912.67
913.089
913.508
913.927
914.346
914.765
915.184
915.603
916.022
916.441
916.86
917.279
917.698
918.12
918.42
918.72
919.02
919.32
919.62
919.92
920.22
920.52
920.82
921.099
921.378
921.657
921.936
922.215
922.494
922.773
923.052
923.331
923.61
924.299
924.988
925.677
926.366
927.055
927.744
928.433
929.122
929.81
930.19
930.57
930.95
931.33
931.71
932.09
932.47
932.85
933.23
933.61
933.99
934.407
934.824
935.241
935.658
936.075
936.492
936.909
937.326
937.743
938.16
938.577
938.99
939.41
939.83
940.25
940.67
941.09
941.51
941.93
942.35
942.77
943.19
943.61
943.889
944.168
944.447
944.726
945.005
945.284
945.56
945.93
946.3
946.67
947.04
947.41
947.78
948.15
948.52
948.89
949.255
949.62
949.985
950.35
950.715
951.08
951.445
951.81
952.175
952.54
952.905
953.27
953.544
953.818
954.092
954.366
954.64
954.914
955.188
955.462
955.736
956.01
956.284
956.558
956.83
957.188
957.545
957.902
958.26
958.617
958.974
959.332
959.69
959.893
960.096
960.299
960.502
960.705
960.908
961.11
961.317
961.524
961.731
961.938
962.145
962.352
962.559
962.766
962.97
963.378
963.786
964.193
964.601
965.009
965.417
965.825
966.23
966.79
967.35
967.91
968.47
969.03
969.59
970.15
971.223
972.296
973.369
974.442
975.515
976.588
977.661
978.734
979.807
980.88
981.953
983.026
984.1
984.653
985.206
985.759
986.312
986.865
987.418
987.971
988.524
989.077
989.63
990.183
990.73
991.543
992.356
993.169
993.982
994.795
995.608
996.421
997.234
998.047
998.86
999.673
1000.49
1000.893
1001.296
1001.699
1002.102
1002.505
1002.908
1003.311
1003.714
1004.117
1004.52
1004.92
1005.982
1007.044
1008.106
1009.168
1010.23
1011.29
1011.69
1012.09
1012.49
1012.89
1013.29
1013.69
1014.09
1014.49
1014.89
1015.29
1015.69
1016.09
1016.49
1017.253
1018.015
1018.777
1019.54
1020.047
1020.554
1021.061
1021.568
1022.075
1022.582
1023.089
1023.596
1024.099
1024.542
1024.985
1025.428
1025.871
1026.314
1026.757
1027.2
1027.643
1028.086
1028.529
1028.97
1029.384
1029.798
1030.212
1030.626
1031.04
1031.385
1031.73
1032.075
1032.42
1032.765
1033.11
1033.455
1033.8
1034.247
1034.694
1035.141
1035.588
1036.035
1036.482
1036.929
1037.376
1037.823
1038.27
1038.72
1039.024
1039.328
1039.632
1039.936
1040.24
1040.717
1041.195
1041.672
1042.15
1042.48
1042.81
1043.14
1043.47
1043.8
1044.13
1044.46
1044.79
1045.072
1045.354
1045.636
1045.918
1046.2
1046.482
1046.764
1047.046
1047.328
1047.61
1047.892
1048.174
1048.45
1048.953
1049.456
1049.959
1050.462
1050.965
1051.468
1051.97
1052.315
1052.66
1053.005
1053.35
1053.695
1054.04
1054.312
1054.584
1054.856
1055.128
1055.4
1055.672
1055.944
1056.216
1056.488
1056.76
1057.032
1057.304
1057.58
1058.031
1058.482
1058.933
1059.384
1059.835
1060.286
1060.74
1061.069
1061.398
1061.727
1062.056
1062.385
1062.714
1063.043
1063.372
1063.701
1064.03
1064.345
1064.66
1064.975
1065.29
1065.737
1066.184
1066.631
1067.078
1067.525
1067.972
1068.419
1068.866
1069.313
1069.76
1070.207
1070.65
1071.15
1071.65
1072.15
1072.65
1073.15
1073.65
1074.15
1074.65
1075.15
1075.65
1076.15
1076.65
1077.659
1078.668
1079.677
1080.686
1081.695
1082.704
1083.71
1084.483
1085.255
1086.028
1086.801
1087.573
1088.346
1089.119
1089.891
1090.664
1091.437
1092.209
1092.98
1094.014
1095.048
1096.082
1097.116
1098.15
1098.644
1099.138
1099.632
1100.126
1100.62
1101.114
1101.608
1102.1
1103.045
1103.99
1104.935
1105.88
1106.825
1107.77
1108.067
1108.364
1108.661
1108.958
1109.255
1109.552
1109.849
1110.146
1110.443
1110.74
1111.037
1111.33
1111.739
1112.148
1112.557
1112.966
1113.375
1113.784
1114.193
1114.602
1115.011
1115.42
1116.757
1118.094
1119.431
1120.768
1122.105
1123.442
1124.78
1135.455
1146.13
1146.95
1147.77
1148.59
1149.41
1150.23
1150.406
1150.582
1150.758
1150.934
1151.11
1151.286
1151.462
1151.64
1152.284
1152.928
1153.572
1154.216
1154.86
1155.504
1156.148
1156.792
1157.436
1158.08
1158.72
1159.233
1159.746
1160.259
1160.772
1161.285
1161.798
1162.311
1162.824
1163.337
1163.85
1164.363
1164.876
1165.39
1165.936
1166.482
1167.028
1167.574
1168.12
1168.666
1169.212
1169.758
1170.304
1170.85
1171.237
1171.624
1172.011
1172.398
1172.785
1173.172
1173.559
1173.946
1174.333
1174.72
1175.111
1175.325
1175.539
1175.753
1175.967
1176.181
1176.395
1176.61
1176.9
1177.19
1177.48
1177.77
1178.06
1178.687
1179.314
1179.941
1180.568
1181.195
1181.822
1182.449
1183.076
1183.703
1184.33
1184.957
1185.58
1185.94
1186.3
1186.66
1187.02
1187.278
1187.536
1187.794
1188.052
1188.31
1188.568
1188.829
1189.041
1189.253
1189.465
1189.677
1189.889
1190.101
1190.313
1190.525
1190.737
1190.949
1191.161
1191.37
1191.539
1191.708
1191.877
1192.046
1192.215
1192.384
1192.553
1192.72
1193.096
1193.472
1193.848
1194.224
1194.6
1194.976
1195.352
1195.728
1196.104
1196.48
1196.86
1197.111
1197.362
1197.613
1197.864
1198.115
1198.366
1198.62
1199.021
1199.422
1199.823
1200.225
1200.626
1201.027
1201.428
1201.83
1202.231
1202.635
1203.254
1203.873
1204.492
1205.111
1205.73
1206.349
1206.968
1207.587
1208.21
1209.68
1211.15
1212.62
1214.09
1214.361
1214.632
1214.903
1215.174
1215.445
1215.716
1215.987
1216.258
1216.529
1216.8
1217.071
1217.342
1217.613
1217.89
1218.252
1218.614
1218.976
1219.338
1219.699
1219.892
1220.085
1220.278
1220.471
1220.664
1220.857
1221.05
1221.24
1221.423
1221.606
1221.789
1221.972
1222.155
1222.338
1222.521
1222.704
1222.887
1223.073
1223.395
1223.717
1224.039
1224.361
1224.683
1225.005
1225.327
1225.649
1225.971
1226.293
1226.615
1226.94
1227.175
1227.41
1227.645
1227.88
1228.115
1228.35
1228.759
1229.168
1229.577
1229.986
1230.395
1230.804
1231.21
1231.509
1231.808
1232.107
1232.406
1232.705
1233.004
1233.303
1233.602
1233.901
1234.2
1234.5
1234.775
1235.05
1235.325
1235.6
1235.875
1236.15
1236.425
1236.7
1236.975
1237.25
1237.525
1237.8
1238.08
1238.395
1238.71
1239.025
1239.34
1239.655
1239.97
1240.285
1240.6
1240.915
1241.23
1241.67
1242.11
1242.55
1242.99
1243.43
1243.87
1244.31
1244.693
1245.076
1245.459
1245.842
1246.225
1246.608
1246.991
1247.374
1247.757
1248.14
1248.52
1248.949
1249.378
1249.807
1250.236
1250.665
1251.094
1251.523
1251.952
1252.381
1252.81
1253.145
1253.48
1253.815
1254.15
1254.485
1254.82
1255.155
1255.49
1255.825
1256.16
1256.495
1256.83
1257.165
1257.5
1257.928
1258.356
1258.784
1259.212
1259.639
1260.066
1260.494
1260.92
1261.214
1261.508
1261.802
1262.096
1262.39
1262.684
1262.978
1263.272
1263.566
1263.86
1264.205
1264.55
1264.895
1265.24
1265.585
1265.93
1266.275
1266.62
1266.965
1267.31
1267.655
1268.0
1268.345
1268.69
1268.964
1269.238
1269.512
1269.786
1270.06
1270.334
1270.608
1270.882
1271.156
1271.43
1271.704
1271.98
1272.208
1272.436
1272.664
1272.892
1273.12
1273.348
1273.576
1273.804
1274.032
1274.26
1274.488
1274.716
1274.944
1275.172
1275.4
1275.63
1276.234
1276.838
1277.442
1278.046
1278.65
1279.254
1279.86
1280.361
1280.862
1281.363
1281.864
1282.365
1282.866
1283.367
1283.87
1284.292
1284.714
1285.136
1285.558
1285.98
1286.402
1286.824
1287.246
1287.668
1288.09
1288.788
1289.486
1290.184
1290.882
1291.58
1292.278
1292.976
1293.674
1294.372
1295.07
1295.768
1296.47
1296.925
1297.38
1297.835
1298.29
1298.745
1299.2
1299.655
1300.11
1300.565
1301.02
1301.475
1301.93
1302.38
1303.068
1303.756
1304.444
1305.132
1305.82
1306.508
1307.196
1307.884
1308.57
1309.587
1310.604
1311.621
1312.638
1313.655
1314.67
1316.1
1316.442
1316.784
1317.126
1317.468
1317.81
1318.152
1318.494
1318.836
1319.178
1319.52
1319.862
1320.204
1320.55
1320.869
1321.188
1321.507
1321.826
1322.145
1322.464
1322.78
1323.257
1323.734
1324.211
1324.688
1325.165
1325.642
1326.119
1326.594
1327.381
1328.168
1328.955
1329.742
1330.529
1331.316
1332.103
1332.89
1333.677
1334.464
1335.251
1336.038
1336.825
1337.612
1338.399
1339.18
1339.514
1339.848
1340.182
1340.516
1340.85
1341.184
1341.52
1341.872
1342.224
1342.576
1342.928
1343.28
1343.822
1344.364
1344.906
1345.448
1345.99
1346.53
1346.84
1347.15
1347.46
1347.77
1348.93
1349.526
1350.122
1350.718
1351.314
1351.91
1352.506
1353.102
1353.698
1354.294
1354.89
1355.486
1356.082
1356.68
1358.113
1359.546
1360.98
1361.182
1361.385
1361.588
1361.791
1361.994
1362.197
1362.399
1362.6
1362.782
1362.964
1363.146
1363.328
1363.51
1363.692
1363.874
1364.056
1364.238
1364.42
1364.6
1364.866
1365.132
1365.398
1365.664
1365.93
1366.186
1366.442
1366.698
1366.954
1367.21
1367.466
1367.722
1367.98
1368.484
1368.988
1369.492
1369.996
1370.5
1371.004
1371.508
1372.012
1372.516
1373.02
1373.313
1373.606
1373.899
1374.192
1374.485
1374.778
1375.071
1375.364
1375.66
1375.974
1376.288
1376.602
1376.916
1377.23
1377.544
1377.858
1378.172
1378.486
1378.8
1379.114
1379.43
1379.792
1380.154
1380.516
1380.878
1381.24
1381.6
1382.04
1382.48
1382.92
1383.36
1383.8
1384.24
1384.68
1385.12
1385.56
1386.002
1386.164
1386.326
1386.488
1386.65
1386.812
1386.974
1387.136
1387.298
1387.46
1387.751
1388.042
1388.333
1388.624
1388.915
1389.206
1389.497
1389.788
1390.079
1390.37
1390.699
1391.028
1391.357
1391.686
1392.015
1392.344
1392.67
1392.988
1393.305
1393.622
1393.939
1394.256
1394.573
1394.89
1395.207
1395.524
1395.841
1396.159
1396.48
1397.144
1397.808
1398.472
1399.136
1399.8
1400.464
1401.128
1401.79
1402.14
1402.49
1402.675
1402.86
1403.045
1403.23
1403.415
1403.6
1403.785
1403.97
1404.155
1404.34
1404.525
1404.71
1404.895
1405.08
1406.51
1406.988
1407.466
1407.944
1408.422
1408.9
1409.378
1409.856
1410.334
1410.812
1411.29
1411.864
1412.438
1413.012
1413.586
1414.16
1414.653
1415.146
1415.639
1416.132
1416.625
1417.118
1417.611
1418.104
1418.599
1418.785
1418.971
1419.157
1419.343
1419.529
1419.715
1419.901
1420.087
1420.273
1420.459
1420.64
1420.957
1421.274
1421.591
1421.908
1422.225
1422.542
1422.859
1423.176
1423.49
1424.172
1424.854
1425.536
1426.218
1426.9
1427.204
1427.507
1427.811
1428.114
1428.418
1428.721
1429.024
1429.327
1429.63
1429.935
1430.53
1431.126
1431.722
1432.318
1432.914
1433.51
1434.106
1434.702
1435.298
1435.89
1436.414
1436.938
1437.462
1437.986
1438.51
1439.034
1439.558
1440.08
1440.414
1440.748
1441.082
1441.416
1441.75
1442.084
1442.418
1442.752
1443.086
1443.42
1443.754
1444.09
1444.793
1445.496
1446.199
1446.902
1447.605
1448.31
1448.551
1448.792
1449.033
1449.274
1449.515
1449.756
1449.997
1450.24
1450.996
1451.752
1452.508
1453.264
1454.02
1454.776
1455.532
1456.29
1457.038
1457.786
1458.534
1459.282
1460.03
1460.778
1461.526
1462.274
1463.022
1463.77
1464.518
1465.27
1466.473
1467.676
1468.879
1470.082
1471.285
1472.488
1473.691
1474.89
1475.241
1475.592
1475.943
1476.294
1476.645
1476.996
1477.347
1477.698
1478.049
1478.4
1478.634
1478.868
1479.102
1479.336
1479.57
1479.804
1480.038
1480.27
1480.499
1480.728
1480.957
1481.186
1481.415
1481.644
1481.873
1482.102
1482.33
1482.732
1483.134
1483.536
1483.938
1484.34
1484.742
1485.144
1485.546
1485.95
1486.406
1486.862
1487.318
1487.774
1488.23
1488.686
1489.142
1489.598
1490.05
1490.91
1492.046
1493.182
1494.318
1495.454
1496.59
1497.726
1498.862
1499.998
1501.134
1502.27
1503.406
1504.542
1505.678
1506.82
1507.654
1508.488
1509.322
1510.156
1510.99
1511.824
1512.658
1513.49
1513.714
1513.938
1514.162
1514.386
1514.61
1514.834
1515.058
1515.282
1515.506
1515.73
1515.95
1516.467
1516.984
1517.501
1518.018
1518.535
1519.052
1519.569
1520.086
1520.6
1521.058
1521.516
1521.974
1522.432
1522.89
1523.348
1523.806
1524.264
1524.72
1525.009
1525.298
1525.587
1525.876
1526.165
1526.454
1526.743
1527.032
1527.32
1527.592
1527.865
1528.138
1528.41
1528.683
1528.956
1529.228
1529.5
1529.847
1530.194
1530.541
1530.888
1531.235
1531.582
1531.93
1532.258
1532.586
1532.914
1533.242
1533.57
1533.898
1534.226
1534.55
1534.988
1535.426
1535.864
1536.302
1536.74
1537.178
1537.616
1538.054
1538.492
1538.93
1539.368
1539.806
1540.25
1540.653
1541.056
1541.459
1541.862
1542.265
1542.668
1543.071
1543.474
1543.877
1544.28
1544.683
1545.086
1545.489
1545.892
1546.295
1546.7
1547.322
1547.944
1548.566
1549.19
1549.408
1549.626
1549.844
1550.062
1550.28
1550.498
1550.716
1550.934
1551.152
1551.37
1551.588
1551.806
1552.024
1552.24
1552.5
1552.76
1553.02
1553.28
1553.54
1553.8
1554.06
1554.32
1554.783
1555.246
1555.709
1556.172
1556.635
1557.098
1557.56
1557.911
1558.262
1558.613
1558.964
1559.315
1559.666
1560.017
1560.368
1560.719
1561.07
1561.421
1561.772
1562.123
1562.47
1562.715
1562.96
1563.205
1563.45
1563.695
1563.94
1564.185
1564.43
1564.675
1564.92
1565.165
1565.41
1565.655
1565.9
1566.15
1566.536
1566.922
1567.308
1567.694
1568.08
1568.466
1568.852
1569.238
1569.624
1570.01
1570.54
1571.07
1571.6
1572.13
1572.66
1572.875
1573.09
1573.305
1573.52
1573.735
1573.95
1574.165
1574.38
1574.698
1575.016
1575.334
1575.652
1575.97
1576.288
1576.606
1576.924
1577.242
1577.56
1577.878
1578.2
1579.167
1580.134
1581.101
1582.068
1583.035
1584.002
1584.97
1585.594
1586.218
1586.842
1587.466
1588.09
1588.714
1589.34
1590.017
1590.694
1591.37
1591.66
1591.95
1592.24
1592.53
1592.82
1593.11
1593.401
1595.271
1597.14
1597.59
1598.04
1598.49
1598.94
1599.39
1599.842
1600.06
1600.278
1600.496
1600.714
1600.932
1601.15
1601.368
1601.586
1601.8
1602.628
1603.456
1604.284
1604.481
1604.678
1604.875
1605.072
1605.269
1605.466
1605.663
1605.86
1606.057
1606.254
1606.45
1607.62
1608.789
1609.958
1611.128
1612.297
1613.467
1614.624
1615.781
1616.938
1618.095
1619.252
1620.41
1621.208
1622.006
1622.804
1623.602
1624.4
1625.198
1625.996
1626.794
1627.592
1628.39
1629.19
1629.514
1629.838
1630.162
1630.486
1630.81
1631.134
1631.458
1631.78
1632.43
1633.08
1633.73
1634.38
1634.66
1634.94
1635.22
1635.5
1635.78
1636.435
1637.09
1637.745
1638.4
1639.055
1639.71
1640.365
1641.02
1641.675
1642.33
1642.537
1642.745
1642.952
1643.159
1643.367
1643.574
1643.782
1643.99
1644.341
1644.692
1645.043
1645.394
1645.745
1646.096
1646.45
1646.811
1647.172
1647.533
1647.894
1648.255
1648.616
1648.98
1649.274
1649.568
1649.863
1650.541
1651.219
1651.897
1652.575
1653.253
1653.931
1654.609
1655.286
1657.094
1658.902
1660.709
1660.92
1661.131
1661.342
1661.553
1661.764
1661.975
1662.188
1662.589
1662.989
1663.389
1663.789
1664.189
1664.59
1664.99
1665.392
1666.515
1667.638
1668.761
1669.884
1671.007
1672.13
1673.253
1674.376
1675.499
1676.485
1677.111
1677.738
1678.365
1678.992
1679.619
1680.245
1680.871
1681.498
1682.125
1682.75
1683.029
1683.308
1683.587
1683.866
1684.145
1684.424
1684.703
1684.98
1685.212
1685.444
1685.676
1685.908
1686.14
1686.372
1686.604
1686.836
1687.068
1687.3
1687.53
1688.293
1689.056
1689.82
1690.115
1690.41
1690.705
1691.0
1691.295
1691.59
1691.885
1692.18
1692.475
1692.77
1693.065
1693.36
1693.652
1693.895
1694.138
1694.381
1694.624
1694.867
1695.11
1695.402
1695.694
1695.986
1696.278
1696.57
1696.862
1697.154
1697.446
1697.738
1698.03
1698.325
1698.533
1698.741
1698.95
1699.304
1699.658
1700.012
1700.366
1700.887
1701.408
1701.929
1702.45
1702.971
1703.492
1704.014
1704.292
1704.57
1704.848
1705.126
1705.404
1705.68
1705.858
1706.036
1706.214
1706.392
1706.57
1706.818
1707.066
1707.314
1707.562
1707.81
1708.06
1708.25
1708.44
1708.63
1708.82
1709.01
1712.792
1713.184
1713.576
1713.968
1714.36
1714.75
1714.986
1715.222
1715.458
1723.71
1724.133
1724.556
1724.979
1725.402
1725.825
1726.248
1726.67
1727.097
1727.524
1727.951
1728.378
1728.805
1729.23
1729.586
1729.942
1730.298
1730.654
1731.01
1731.366
1731.722
1732.08
1732.506
1732.932
1733.358
1733.784
1734.21
1734.636
1735.062
1735.49
1735.832
1736.174
1736.516
1736.858
1737.2
1737.542
1737.884
1738.226
1738.568
1738.91
1739.252
1739.594
1739.94
1740.19
1740.44
1740.69
1740.94
1741.19
1748.38
1749.16
1749.659
1749.817
1749.975
1750.133
1750.29
1750.82
1751.034
1751.248
1751.462
1751.676
1751.89
1752.103
1752.728
1753.04
1753.352
1753.664
1753.976
1754.288
1754.6
1754.912
1755.223
1755.822
1756.421
1757.02
1757.619
1758.217
1758.882
1759.547
1760.212
1760.877
1761.542
1762.209
1762.608
1763.007
1763.406
1763.805
1764.204
1764.603
1765.002
1765.401
1765.8
1766.201
1766.513
1766.825
1767.137
1767.449
1767.761
1768.073
1768.385
1768.696
1770.139
1771.582
1772.29
1772.762
1773.234
1773.706
1774.178
1774.65
1775.12
1775.313
1775.506
1775.699
1775.892
1776.085
1776.278
1776.471
1776.664
1776.857
1777.05
1777.301
1777.552
1777.803
1778.054
1778.305
1778.556
1778.807
1779.058
1779.31
1779.618
1779.926
1780.234
1780.542
1780.85
1781.158
1781.466
1781.774
1782.082
1782.39
1782.698
1783.006
1783.314
1783.62
1784.067
1784.514
1784.961
1785.408
1785.855
1786.302
1786.749
1787.196
1787.643
1788.09
1788.54
1788.877
1789.214
1789.551
1789.888
1790.225
1790.562
1790.899
1791.236
1791.573
1791.91
1792.25
1792.678
1793.106
1793.534
1793.962
1794.39
1794.818
1795.246
1795.674
1796.1
1796.533
1796.966
1797.399
1797.832
1798.265
1798.698
1799.13
1799.629
1800.128
1800.627
1801.126
1801.625
1802.124
1802.623
1803.12
1803.545
1803.97
1804.395
1804.82
1805.245
1805.67
1806.095
1806.52
1806.945
1807.37
1807.621
1807.872
1808.123
1808.374
1808.625
1808.876
1809.127
1809.378
1809.63
1809.864
1810.098
1810.332
1810.566
1810.8
1811.034
1811.268
1811.502
1811.736
1811.97
1812.2
1812.52
1812.84
1813.16
1813.48
1813.8
1814.12
1814.44
1814.76
1815.133
1815.506
1815.879
1816.252
1816.625
1816.998
1817.371
1817.744
1818.12
1818.348
1818.576
1818.804
1819.032
1819.26
1819.488
1819.716
1819.944
1820.172
1820.4
1820.63
1820.903
1821.176
1821.449
1821.722
1821.995
1822.268
1822.541
1822.814
1823.087
1823.36
1823.579
1823.798
1824.017
1824.236
1824.455
1824.674
1824.894
1825.071
1825.248
1825.425
1825.602
1825.779
1825.956
1826.133
1826.31
1826.68
1827.05
1827.42
1827.79
1828.16
1828.393
1828.626
1828.859
1829.092
1829.325
1829.558
1829.791
1830.024
1830.257
1830.49
1830.72
1831.122
1831.524
1831.926
1832.328
1832.73
1832.955
1833.18
1833.405
1833.63
1833.855
1834.08
1834.568
1835.056
1835.3
1835.544
1835.788
1836.032
1836.276
1836.52
1836.764
1837.008
1837.203
1837.398
1837.593
1837.788
1837.984
1838.411
1838.838
1839.265
1839.692
1840.119
1840.546
1840.973
1841.4
1842.014
1842.628
1843.242
1843.856
1844.47
1845.084
1845.698
1846.312
1846.926
1847.54
1847.741
1847.942
1848.143
1848.344
1848.545
1848.746
1848.947
1849.148
1849.349
1849.55
1849.751
1849.956
1850.152
1850.348
1850.544
1850.74
1850.936
1851.132
1851.33
1851.741
1852.152
1852.563
1852.974
1853.385
1853.796
1854.207
1854.62
1855.025
1855.43
1855.835
1856.24
1856.519
1856.798
1857.077
1857.356
1857.635
1857.914
1858.193
1858.472
1858.75
1859.112
1859.474
1859.836
1860.197
1860.376
1860.555
1860.734
1860.913
1861.092
1861.271
1861.45
1861.629
1861.808
1861.987
1862.166
1862.345
1862.53
1862.831
1863.132
1863.433
1863.734
1864.035
1864.336
1864.637
1864.94
1865.327
1865.714
1866.101
1866.488
1866.875
1867.262
1867.649
1868.036
1868.423
1868.81
1869.2
1869.563
1869.926
1870.289
1870.652
1871.015
1871.38
1871.681
1871.982
1872.283
1872.584
1872.885
1873.186
1873.487
1873.788
1874.089
1874.39
1874.69
1875.043
1875.396
1875.749
1876.102
1876.455
1876.81
1877.114
1877.418
1877.722
1878.026
1878.33
1878.634
1878.938
1879.242
1879.55
1879.799
1880.048
1880.297
1880.546
1880.795
1881.044
1881.293
1881.542
1881.791
1882.037
1882.299
1882.561
1882.823
1883.085
1883.347
1883.609
1883.87
1884.257
1884.644
1885.031
1885.418
1885.805
1886.19
1886.385
1886.58
1886.775
1886.97
1887.165
1887.36
1887.555
1887.75
1887.938
1888.126
1888.313
1888.501
1888.688
1888.876
1889.063
1889.25
1889.848
1890.446
1891.044
1891.642
1892.24
1892.631
1893.022
1893.413
1893.804
1894.195
1894.586
1894.977
1895.368
1895.759
1896.154
1896.331
1896.508
1896.685
1896.862
1897.039
1897.216
1897.393
1897.57
1898.043
1898.516
1898.989
1899.462
1899.935
1900.41
1900.825
1901.24
1902.7
1904.16
1905.62
1907.08
1908.4
1909.72
1911.04
1911.273
1911.506
1911.739
1911.972
1912.205
1912.438
1912.671
1912.904
1913.14
1913.485
1913.83
1914.175
1914.52
1914.865
1915.21
1915.555
1915.9
1916.245
1916.589
1917.143
1917.697
1918.251
1918.805
1919.359
1919.913
1920.467
1921.02
1921.451
1921.882
1922.313
1922.744
1923.175
1923.606
1924.037
1924.47
1924.838
1925.206
1925.574
1925.942
1926.31
1926.678
1927.046
1927.414
1927.78
1928.03
1928.28
1928.53
1928.78
1929.03
1929.28
1929.53
1929.78
1930.333
1930.886
1931.439
1931.992
1932.545
1933.1
1933.44
1933.78
1934.12
1934.46
1934.8
1935.14
1935.48
1935.82
1936.13
1936.44
1936.75
1937.06
1937.37
1937.68
1937.99
1938.3
1938.61
1938.912
1939.214
1939.516
1939.818
1940.12
1940.42
1940.739
1941.058
1941.377
1941.696
1942.015
1942.334
1942.653
1942.97
1944.59
1946.21
1947.83
1949.449
1949.706
1949.963
1950.22
1950.477
1950.734
1950.99
1951.257
1951.524
1951.791
1952.058
1952.325
1952.592
1952.86
1953.458
1954.056
1954.654
1955.252
1955.85
1956.171
1956.492
1956.813
1957.134
1957.455
1957.776
1958.1
1958.537
1958.974
1959.411
1959.848
1960.285
1960.722
1961.16
1961.475
1961.79
1962.105
1962.42
1962.735
1963.05
1963.365
1963.68
1963.874
1964.068
1964.262
1964.456
1964.65
1964.844
1965.04
1965.324
1965.608
1965.892
1966.176
1966.46
1966.744
1967.028
1967.31
1968.067
1968.824
1969.581
1970.338
1971.095
1971.852
1972.61
1973.5
1974.39
1975.28
1976.17
1977.06
1977.95
1978.84
1979.73
1980.62
1981.51
1982.4
1982.98
1983.56
1984.14
1984.565
1984.99
1985.415
1985.84
1987.283
1988.726
1990.169
1991.612
1993.055
1994.498
1995.941
1997.38
1997.827
1998.274
1998.721
1999.168
1999.615
2000.06
2000.521
2000.982
2001.443
2001.904
2002.365
2002.826
2003.287
2003.748
2004.209
2004.67
2005.131
2005.592
2006.053
2006.52
2006.74
2006.96
2007.18
2007.4
2007.62
2007.84
2008.06
2008.28
2008.5
2009.15
2009.8
2010.45
2011.1
2011.75
2012.4
2013.05
2013.7
2014.035
2014.37
2014.705
2015.04
2015.375
2015.71
2015.952
2016.194
2016.436
2016.678
2016.92
2017.162
2017.404
2017.646
2017.888
2018.13
2018.346
2018.562
2018.778
2018.994
2019.21
2019.426
2019.642
2019.86
2020.116
2020.372
2020.628
2020.884
2021.14
2021.396
2021.652
2021.91
2022.199
2022.488
2022.777
2023.066
2023.355
2023.644
2023.933
2024.222
2024.511
2024.8
2025.089
2025.378
2025.67
2026.248
2026.826
2027.404
2027.982
2028.56
2029.138
2029.716
2030.294
2030.87
2031.191
2031.512
2031.833
2032.154
2032.475
2032.796
2033.12
2033.307
2033.495
2033.682
2033.87
2034.153
2034.436
2034.719
2035.002
2035.286
2035.581
2035.876
2036.171
2036.466
2036.761
2037.056
2037.35
2037.662
2037.974
2038.286
2038.598
2038.91
2039.222
2039.534
2039.846
2040.158
2040.47
2041.29
2041.648
2042.006
2042.364
2042.722
2043.08
2043.438
2043.796
2044.154
2044.512
2044.87
2045.228
2045.586
2045.94
2046.277
2046.614
2046.951
2047.288
2047.625
2047.962
2048.299
2048.636
2048.969
2049.304
2049.639
2049.974
2050.309
2050.644
2050.98
2051.289
2051.598
2051.907
2052.216
2052.525
2052.834
2053.143
2053.452
2053.761
2054.07
2054.38
2054.608
2054.836
2055.064
2055.292
2055.52
2055.75
2056.208
2056.666
2057.124
2057.582
2058.04
2058.498
2058.956
2059.415
2059.611
2059.807
2060.003
2060.199
2060.395
2060.591
2060.79
2061.204
2061.618
2062.032
2062.446
2062.86
2063.274
2063.688
2064.1
2064.56
2065.02
2065.48
2065.94
2066.4
2066.86
2067.364
2067.868
2068.372
2068.876
2069.38
2069.884
2070.388
2070.892
2071.396
2071.9
2072.404
2072.909
2073.547
2074.185
2074.823
2075.461
2076.099
2076.739
2076.906
2077.073
2077.24
2077.407
2077.576
2077.765
2077.954
2078.143
2078.332
2078.521
2078.71
2078.899
2079.088
2079.277
2079.466
2079.659
2079.903
2080.147
2080.391
2080.635
2080.879
2081.123
2081.367
2081.611
2081.854
2082.034
2082.215
2082.396
2082.577
2082.758
2082.938
2083.119
2083.3
2083.481
2083.662
2083.842
2084.02
2084.273
2084.526
2084.779
2085.032
2085.285
2085.54
2085.83
2086.12
2086.41
2086.7
2086.989
2087.218
2087.447
2087.676
2087.905
2088.134
2088.363
2088.592
2088.821
2089.05
2089.417
2089.784
2090.151
2090.518
2090.885
2091.252
2091.619
2091.986
2092.353
2092.719
2093.095
2093.471
2093.847
2094.223
2094.599
2094.975
2095.351
2095.727
2096.103
2096.479
2096.855
2097.084
2097.313
2097.542
2097.771
2098.0
2098.23
2098.626
2099.022
2099.418
2099.814
2100.21
2100.743
2101.276
2101.809
2102.342
2102.875
2103.41
2103.613
2103.816
2104.019
2104.222
2104.425
2104.628
2104.831
2105.034
2105.237
2105.44
2106.015
2106.59
2107.165
2107.74
2108.315
2108.89
2109.465
2110.04
2110.743
2111.446
2112.15
2112.765
2113.38
2113.995
2114.61
2115.118
2115.626
2116.133
2116.64
2117.389
2118.138
2118.887
2119.636
2120.385
2121.132
2121.353
2121.574
2121.795
2122.016
2122.237
2122.458
2122.679
2122.9
2123.121
2123.34
2123.542
2123.744
2123.946
2124.148
2124.35
2124.552
2124.754
2124.956
2125.158
2125.36
2125.56
2125.779
2125.998
2126.217
2126.436
2126.655
2126.874
2127.093
2127.312
2127.531
2127.75
2128.082
2128.414
2128.746
2129.078
2129.41
2129.742
2130.074
2130.406
2130.738
2131.07
2131.4
2131.559
2131.718
2131.877
2132.036
2132.195
2132.354
2132.513
2132.672
2132.83
2133.256
2133.682
2134.108
2134.534
2134.96
2135.406
2135.852
2136.298
2136.744
2137.19
2137.636
2138.082
2138.528
2138.97
2139.35
2139.73
2140.11
2140.49
2140.87
2141.226
2141.582
2141.938
2142.294
2142.65
2143.006
2143.362
2143.718
2144.074
2144.43
2144.789
2145.148
2145.507
2145.866
2146.225
2146.584
2146.94
2147.189
2147.438
2147.687
2147.936
2148.185
2148.434
2148.68
2149.298
2149.916
2150.534
2151.152
2151.77
2152.042
2152.314
2152.586
2152.858
2153.13
2153.4
2153.713
2154.026
2154.339
2154.652
2154.965
2155.278
2155.59
2155.896
2156.202
2156.508
2156.814
2157.12
2157.426
2157.732
2158.038
2158.344
2158.65
2158.96
2159.237
2159.514
2159.791
2160.068
2160.345
2160.622
2160.899
2161.176
2161.45
2161.792
2162.134
2162.476
2162.818
2163.16
2163.5
2164.104
2164.708
2165.312
2165.916
2166.52
2167.124
2167.728
2168.33
2168.989
2169.648
2170.307
2170.966
2171.625
2172.284
2172.94
2173.405
2173.87
2174.335
2174.8
2175.08
2175.36
2175.64
2175.92
2176.2
2176.48
2176.76
2177.04
2177.32
2177.6
2178.122
2178.644
2179.166
2179.688
2180.21
2180.73
2181.173
2181.616
2182.059
2182.502
2182.945
2183.39
2183.736
2184.082
2184.428
2184.774
2185.12
2185.466
2185.81
2186.2
2186.59
2186.98
2187.37
2187.76
2188.15
2188.54
2188.93
2189.506
2190.082
2190.658
2191.234
2191.81
2192.386
2192.962
2193.54
2194.29
2195.04
2195.79
2196.54
2197.29
2197.523
2197.756
2197.988
2198.22
2198.452
2198.685
2198.918
2199.15
2199.72
2200.29
2200.86
2201.43
2202.0
2202.57
2203.14
2203.72
2204.027
2204.334
2204.641
2204.948
2205.255
2205.56
2205.876
2206.192
2206.508
2206.824
2207.14
2207.456
2207.77
2208.164
2208.558
2208.952
2209.346
2209.74
2210.134
2210.528
2210.92
2211.405
2211.89
2212.241
2212.592
2212.943
2213.294
2213.645
2213.996
2214.347
2214.698
2215.049
2215.4
2215.75
2216.49
2217.23
2217.566
2217.902
2218.238
2218.574
2218.91
2219.246
2219.582
2219.918
2220.25
2220.519
2220.788
2221.057
2221.326
2221.595
2221.864
2222.133
2222.402
2222.671
2222.94
2223.21
2223.493
2223.776
2224.059
2224.342
2224.625
2224.908
2225.191
2225.474
2225.757
2226.04
2226.323
2226.606
2226.89
2227.419
2227.948
2228.477
2229.006
2229.535
2230.064
2230.593
2231.122
2231.651
2232.18
2232.437
2232.694
2232.951
2233.208
2233.465
2233.722
2233.979
2234.236
2234.493
2234.75
2235.156
2235.562
2235.968
2236.374
2236.78
2237.186
2237.592
2237.998
2238.4
2238.71
2239.02
2239.33
2239.64
2239.95
2240.26
2240.57
2240.88
2241.15
2241.42
2241.69
2241.96
2242.23
2242.5
2242.77
2243.04
2243.31
2243.755
2244.2
2244.645
2245.09
2245.376
2245.662
2245.948
2246.234
2246.52
2246.806
2247.092
2247.38
2247.676
2247.972
2248.268
2248.564
2248.86
2249.156
2249.45
2250.085
2250.72
2251.275
2251.83
2252.385
2252.94
2253.495
2254.05
2254.605
2255.16
2255.715
2256.27
2256.82
2257.6
2258.029
2258.458
2258.887
2259.316
2259.745
2260.174
2260.603
2261.032
2261.461
2261.89
2262.319
2262.75
2263.321
2263.892
2264.463
2265.034
2265.605
2266.176
2266.747
2267.318
2267.889
2268.46
2269.03
2269.457
2269.884
2270.311
2270.738
2271.165
2271.59
2271.902
2272.214
2272.526
2272.838
2273.15
2273.46
2274.006
2274.552
2275.098
2275.644
2276.19
2276.736
2277.282
2277.828
2278.374
2278.92
2279.465
2283.98
2284.314
2284.648
2284.982
2285.316
2285.65
2285.984
2286.318
2286.65
2287.52
2288.39
2289.26
2289.861
2290.462
2291.063
2291.664
2292.265
2292.866
2293.467
2294.068
2294.669
2295.27
2295.871
2296.47
2296.959
2297.448
2297.937
2298.426
2298.915
2299.404
2299.893
2300.38
2301.115
2301.85
2302.585
2303.32
2304.055
2304.79
2305.525
2306.26
2306.709
2307.158
2307.607
2308.056
2308.505
2308.954
2309.403
2309.852
2310.301
2310.75
2311.199
2311.65
2311.869
2312.088
2312.307
2312.526
2312.745
2312.964
2313.183
2313.4
2313.7
2314.0
2314.3
2314.6
2314.9
2315.2
2315.5
2315.8
2316.731
2317.662
2318.593
2319.524
2320.455
2321.386
2322.317
2323.248
2324.179
2325.11
2325.871
2326.632
2327.393
2328.154
2328.915
2329.676
2330.437
2331.198
2331.959
2332.72
2333.481
2334.24
2334.498
2334.756
2335.014
2335.272
2335.53
2335.788
2336.046
2336.304
2336.56
2336.907
2337.254
2337.601
2337.948
2338.295
2338.64
2339.316
2339.992
2340.668
2341.344
2342.02
2342.696
2343.372
2344.048
2344.724
2345.4
2346.076
2346.752
2347.43
2347.999
2348.568
2349.137
2349.706
2350.275
2350.844
2351.413
2351.98
2352.22
2352.46
2352.7
2352.94
2353.18
2353.42
2353.66
2353.9
2354.14
2354.656
2355.172
2355.688
2356.204
2356.72
2357.236
2357.752
2358.268
2358.784
2359.3
2359.816
2360.332
2360.848
2361.364
2361.88
2362.592
2363.304
2364.016
2364.728
2365.44
2366.152
2366.864
2367.576
2368.288
2369.0
2369.516
2370.032
2370.548
2371.064
2371.58
2372.096
2372.612
2373.128
2373.64
2373.947
2374.255
2374.562
2374.869
2375.177
2375.485
2375.793
2376.1
2376.325
2376.55
2376.775
2377.0
2377.225
2377.45
2377.675
2377.9
2378.125
2378.35
2378.575
2378.8
2379.02
2379.335
2379.65
2379.965
2380.28
2380.595
2380.91
2381.225
2381.54
2381.855
2382.17
2382.485
2382.8
2383.11
2383.32
2383.53
2383.74
2383.95
2384.16
2384.37
2384.58
2384.79
2385.0
2385.21
2385.42
2385.63
2385.84
2386.119
2386.398
2386.677
2386.956
2387.235
2387.514
2387.793
2388.072
2388.351
2388.63
2388.91
2389.297
2389.684
2390.071
2390.458
2390.845
2391.232
2391.619
2392.006
2392.393
2392.78
2393.167
2393.55
2393.897
2394.244
2394.591
2394.938
2395.285
2395.632
2395.979
2396.326
2396.673
2397.02
2397.367
2397.71
2398.33
2398.95
2399.57
2400.19
2400.81
2401.43
2402.05
2402.67
2403.29
2403.91
2404.53
2405.15
2405.77
2406.245
2406.72
2407.195
2407.67
2408.145
2408.62
2409.095
2409.57
2410.55
2411.53
2412.51
2413.49
2414.47
2415.45
2416.43
2416.709
2416.988
2417.267
2417.546
2417.826
2418.265
2418.704
2419.143
2419.582
2420.021
2420.46
2420.9
2421.231
2421.562
2421.893
2422.224
2422.555
2422.886
2423.217
2423.548
2423.88
2424.49
2425.1
2425.71
2426.32
2426.93
2427.47
2428.01
2428.513
2429.016
2429.519
2430.022
2430.525
2432.18
2433.835
2435.49
2437.145
2438.8
2440.455
2442.11
2443.032
2443.954
2444.876
2445.798
2446.72
2447.642
2448.564
2449.486
2450.408
2451.33
2452.252
2453.174
2454.096
2455.018
2455.94
2456.86
2457.322
2457.784
2458.246
2458.708
2459.17
2459.632
2460.094
2460.556
2461.018
2461.48
2461.94
2462.556
2463.172
2463.788
2464.404
2465.02
2465.302
2465.584
2465.866
2466.148
2466.43
2466.712
2466.994
2467.276
2467.558
2467.84
2468.384
2468.928
2469.472
2470.016
2470.56
2471.104
2471.65
2472.061
2472.472
2472.883
2473.294
2473.705
2474.116
2474.527
2474.94
2475.52
2476.1
2476.68
2477.26
2477.84
2478.42
2479.0
2479.58
2480.054
2480.528
2481.002
2481.476
2481.95
2482.424
2482.898
2483.37
2483.905
2484.44
2484.975
2485.51
2486.045
2486.58
2486.986
2487.392
2487.798
2488.204
2488.61
2489.016
2489.42
2489.861
2490.302
2490.743
2491.184
2491.625
2492.066
2492.507
2492.948
2493.389
2493.83
2494.271
2494.712
2495.15
2495.736
2496.322
2496.908
2497.494
2498.08
2498.666
2499.252
2499.84
2500.153
2500.466
2500.779
2501.092
2501.405
2501.718
2502.031
2502.344
2502.657
2502.97
2503.396
2503.822
2504.248
2504.674
2505.1
2505.526
2505.952
2506.378
2506.804
2507.23
2507.6
2507.97
2508.34
2508.71
2509.08
2509.45
2509.748
2510.046
2510.344
2510.642
2510.94
2511.238
2511.536
2511.834
2512.132
2512.43
2512.728
2513.026
2513.324
2513.62
2514.234
2514.848
2515.462
2516.076
2516.69
2517.304
2517.918
2518.53
2518.908
2519.285
2519.662
2520.039
2520.417
2520.794
2521.171
2521.548
2521.925
2522.303
2522.68
2523.06
2523.336
2523.612
2523.888
2524.164
2524.44
2524.716
2524.992
2525.268
2525.544
2525.82
2526.096
2526.37
2526.73
2527.09
2527.45
2527.81
2528.17
2528.53
2528.89
2529.25
2529.61
2530.05
2530.49
2530.93
2531.37
2531.81
2532.25
2532.69
2533.2
2533.71
2534.22
2534.73
2535.24
2535.75
2536.26
2536.77
2537.28
2537.79
2538.3
2538.59
2538.88
2539.17
2539.46
2540.035
2540.61
2540.996
2541.382
2541.768
2542.154
2542.54
2542.926
2543.312
2543.698
2544.084
2544.47
2544.86
2545.278
2545.695
2546.113
2546.53
2546.774
2547.018
2547.262
2547.506
2547.75
2547.994
2548.238
2548.48
2549.089
2549.698
2550.307
2550.916
2551.525
2552.134
2552.74
2552.986
2553.232
2553.478
2553.724
2553.97
2554.216
2554.462
2554.708
2554.954
2555.2
2555.446
2555.692
2555.94
2556.327
2556.715
2557.102
2557.489
2557.876
2558.264
2558.651
2559.04
2559.381
2559.722
2560.063
2560.404
2560.745
2561.086
2561.43
2561.865
2562.3
2562.735
2563.17
2563.39
2563.61
2563.83
2564.05
2564.27
2564.49
2564.71
2564.93
2565.15
2565.636
2566.122
2566.608
2567.094
2567.58
2568.228
2568.876
2569.524
2570.172
2570.82
2571.395
2571.97
2572.545
2573.12
2573.695
2574.271
2574.485
2574.699
2574.913
2575.127
2575.341
2575.555
2575.77
2576.34
2576.91
2577.48
2578.05
2578.62
2579.19
2579.511
2579.832
2580.153
2580.474
2580.795
2581.116
2581.437
2581.758
2582.079
2582.4
2582.721
2583.04
2583.284
2583.528
2583.772
2584.016
2584.26
2584.504
2584.748
2584.992
2585.236
2585.48
2585.72
2585.944
2586.168
2586.392
2586.616
2586.84
2587.064
2587.288
2587.512
2587.74
2588.114
2588.488
2588.862
2589.236
2589.61
2589.984
2590.358
2590.732
2591.106
2591.48
2591.658
2591.836
2592.014
2592.192
2592.37
2592.548
2592.726
2592.904
2593.082
2593.26
2593.438
2593.616
2593.8
2594.276
2594.752
2595.228
2595.704
2596.18
2596.656
2597.132
2597.61
2597.957
2598.304
2598.651
2598.998
2599.345
2599.692
2600.04
2600.385
2600.73
2601.075
2601.42
2601.88
2602.34
2602.8
2603.26
2603.72
2604.061
2604.402
2604.743
2605.084
2605.425
2605.766
2606.11
2606.428
2606.746
2607.064
2607.382
2607.7
2608.018
2608.336
2608.654
2608.972
2609.29
2609.546
2609.802
2610.058
2610.314
2610.57
2610.826
2611.082
2611.34
2611.894
2612.448
2613.002
2613.556
2614.11
2614.664
2615.218
2615.772
2616.326
2616.88
2617.172
2617.464
2617.756
2618.048
2618.34
2618.494
2618.648
2618.802
2618.956
2619.11
2619.264
2619.418
2619.572
2619.726
2619.88
2620.03
2620.403
2620.776
2621.149
2621.522
2621.895
2622.27
2622.49
2622.71
2622.93
2623.15
2623.514
2623.878
2624.242
2624.606
2624.97
2625.334
2625.698
2626.062
2626.426
2626.79
2627.15
2627.499
2627.848
2628.197
2628.546
2628.895
2629.244
2629.593
2629.94
2630.459
2630.978
2631.497
2632.016
2632.535
2633.054
2633.573
2634.092
2634.611
2635.13
2635.607
2636.084
2636.561
2637.038
2637.515
2637.992
2638.47
2639.13
2639.79
2640.45
2641.11
2641.77
2641.961
2642.152
2642.343
2642.534
2642.725
2642.916
2643.107
2643.298
2643.49
2643.778
2644.066
2644.354
2644.642
2644.93
2645.218
2645.506
2645.794
2646.08
2646.606
2647.132
2647.658
2648.184
2648.71
2649.092
2649.474
2649.856
2650.238
2650.62
2651.002
2651.384
2651.766
2652.148
2652.53
2652.948
2653.366
2653.784
2654.202
2654.62
2655.04
2656.598
2658.156
2658.727
2659.298
2659.87
2660.55
2660.939
2661.328
2661.717
2662.106
2662.495
2662.884
2663.273
2663.662
2664.05
2664.334
2664.618
2664.902
2665.186
2665.47
2665.754
2666.038
2666.32
2667.17
2667.409
2667.648
2667.887
2668.126
2668.365
2668.604
2668.843
2669.082
2669.32
2669.74
2670.16
2670.58
2671.0
2671.42
2671.84
2672.26
2672.708
2673.155
2673.602
2674.05
2674.57
2675.09
2675.61
2676.13
2676.466
2676.802
2677.138
2677.474
2677.81
2678.07
2678.33
2678.59
2678.85
2679.362
2679.874
2680.386
2680.898
2681.41
2681.922
2682.434
2682.946
2683.46
2683.936
2684.412
2684.888
2685.364
2685.84
2686.09
2686.34
2686.59
2686.84
2687.09
2687.388
2687.686
2687.984
2688.282
2688.58
2688.878
2689.176
2689.474
2689.774
2690.727
2691.68
2692.355
2693.03
2693.344
2693.658
2693.972
2694.286
2694.6
2694.914
2695.228
2695.54
2695.773
2696.006
2696.238
2696.47
2697.52
2698.57
2699.62
2700.67
2701.72
2702.77
2703.05
2703.33
2703.61
2703.89
2704.17
2704.45
2704.73
2705.01
2705.556
2706.102
2706.648
2707.194
2707.74
2708.286
2708.832
2709.38
2709.814
2710.248
2710.682
2711.116
2711.55
2711.984
2712.418
2712.85
2713.122
2713.394
2713.666
2713.939
2714.211
2714.483
2714.756
2715.028
2715.3
2715.573
2715.845
2716.12
2716.751
2717.382
2718.013
2718.644
2719.275
2719.906
2720.54
2721.228
2721.916
2722.604
2723.292
2723.98
2724.67
2724.987
2725.304
2725.621
2725.938
2726.255
2726.572
2726.889
2727.206
2727.523
2727.84
2728.129
2728.418
2728.707
2728.996
2729.285
2729.574
2729.864
2730.066
2730.268
2730.47
2730.672
2730.874
2731.076
2731.28
2731.711
2732.142
2732.573
2733.004
2733.435
2733.866
2734.297
2734.728
2735.159
2735.59
2735.944
2736.298
2736.652
2737.006
2737.36
2737.714
2738.068
2738.422
2738.776
2739.13
2739.48
2739.788
2740.096
2740.404
2740.712
2741.02
2741.328
2741.636
2741.944
2742.252
2742.56
2742.96
2743.36
2743.76
2744.16
2744.56
2744.96
2745.36
2745.76
2746.032
2746.304
2746.576
2746.848
2747.12
2747.392
2747.664
2747.936
2748.208
2748.48
2748.895
2749.31
2749.725
2750.14
2750.555
2750.97
2751.395
2751.82
2752.245
2752.67
2753.095
2753.52
2753.945
2754.37
2754.795
2755.22
2755.546
2755.872
2756.198
2756.524
2756.85
2757.176
2757.5
2757.913
2758.326
2758.739
2759.152
2759.565
2759.98
2760.248
2760.516
2760.784
2761.052
2761.32
2761.588
2761.856
2762.124
2762.39
2763.278
2764.166
2765.054
2765.942
2766.83
2767.718
2768.606
2769.494
2770.382
2771.27
2772.158
2773.046
2773.94
2774.861
2775.782
2776.703
2777.624
2778.545
2779.466
2780.39
2780.75
2781.11
2781.47
2781.83
2782.19
2782.55
2782.91
2783.27
2783.843
2784.416
2784.989
2785.562
2786.135
2786.708
2787.281
2787.854
2788.427
2789.0
2789.283
2789.566
2789.849
2790.132
2790.415
2790.7
2790.962
2791.224
2791.486
2791.748
2792.01
2792.272
2792.534
2792.796
2793.06
2793.282
2793.505
2793.727
2793.949
2794.171
2794.393
2794.615
2794.837
2795.059
2795.282
2795.505
2795.73
2797.06
2798.39
2799.72
2800.018
2800.316
2800.614
2800.912
2801.21
2801.508
2801.806
2802.104
2802.402
2802.7
2802.998
2803.296
2803.6
2803.878
2804.156
2804.434
2804.712
2804.99
2805.268
2805.546
2805.824
2806.102
2806.38
2806.666
2806.952
2807.238
2807.524
2807.81
2808.096
2808.38
2808.551
2808.722
2808.893
2809.064
2809.235
2809.406
2809.577
2809.748
2809.92
2810.127
2810.334
2810.541
2810.748
2810.955
2811.162
2811.369
2811.576
2811.78
2811.996
2812.212
2812.428
2812.644
2812.86
2813.076
2813.292
2813.508
2813.72
2814.081
2814.442
2814.803
2815.164
2815.525
2815.886
2816.25
2816.67
2817.09
2817.51
2817.93
2818.35
2818.77
2819.19
2819.607
2820.024
2820.44
2820.787
2821.134
2821.481
2821.828
2822.175
2822.52
2823.148
2823.776
2824.403
2825.03
2825.394
2825.758
2826.122
2826.486
2826.85
2827.214
2827.578
2827.94
2828.244
2828.548
2828.852
2829.156
2829.46
2829.764
2830.068
2830.372
2830.676
2830.98
2831.28
2831.565
2831.85
2832.135
2832.42
2832.705
2832.99
2833.457
2833.924
2834.391
2834.858
2835.325
2835.79
2836.185
2836.58
2836.975
2837.37
2837.765
2838.16
2838.555
2838.95
2839.345
2839.74
2840.14
2840.413
2840.686
2840.959
2841.232
2841.505
2841.778
2842.051
2842.324
2842.597
2842.87
2843.305
2843.74
2844.175
2844.61
2845.045
2845.48
2845.915
2846.35
2846.785
2847.22
2847.655
2848.09
2848.535
2848.98
2849.425
2849.87
2850.315
2850.76
2851.051
2851.342
2851.633
2851.924
2852.215
2852.506
2852.797
2853.09
2853.496
2853.902
2854.308
2854.714
2855.12
2855.526
2855.932
2856.34
2857.074
2857.808
2858.542
2859.276
2860.01
2860.744
2861.478
2862.21
2862.556
2862.902
2863.248
2863.594
2863.94
2864.286
2864.632
2864.978
2865.32
2865.588
2865.856
2866.124
2866.391
2866.659
2866.927
2867.195
2867.463
2867.731
2867.999
2868.266
2868.53
2868.88
2869.23
2869.58
2869.93
2870.28
2870.554
2870.828
2871.102
2871.376
2871.65
2872.547
2873.444
2874.341
2875.238
2876.135
2877.032
2877.93
2878.398
2878.866
2879.334
2879.802
2880.27
2880.74
2881.302
2881.865
2882.427
2882.99
2883.576
2884.162
2884.748
2885.334
2885.92
2886.506
2887.092
2887.678
2888.264
2888.85
2889.436
2890.02
2890.372
2890.724
2891.077
2891.43
2891.709
2891.988
2892.267
2892.546
2892.825
2893.104
2893.383
2893.66
2894.066
2894.472
2894.878
2895.284
2895.69
2896.096
2896.502
2896.908
2897.314
2897.72
2898.126
2898.532
2898.94
2899.447
2899.954
2900.461
2900.968
2901.475
2901.982
2902.489
2902.996
2903.503
2904.01
2904.517
2905.02
2905.457
2905.894
2906.331
2906.768
2907.205
2907.64
2908.118
2908.596
2909.074
2909.552
2910.03
2910.51
2910.852
2911.194
2911.536
2911.878
2912.22
2912.56
2912.959
2913.358
2913.757
2914.156
2914.555
2914.954
2915.35
2915.63
2915.91
2916.19
2916.47
2916.75
2917.03
2917.31
2917.956
2918.602
2919.248
2919.894
2920.54
2921.186
2921.83
2922.189
2922.548
2922.907
2923.266
2923.625
2923.984
2924.343
2924.702
2925.06
2925.336
2925.612
2925.888
2926.164
2926.44
2926.942
2927.444
2927.946
2928.448
2928.95
2929.45
2929.908
2930.366
2930.824
2931.281
2931.78
2932.214
2932.648
2933.082
2933.516
2933.95
2934.384
2934.818
2935.252
2935.69
2935.909
2936.128
2936.347
2936.566
2936.785
2937.004
2937.223
2937.44
2937.742
2938.044
2938.346
2938.648
2938.95
2939.25
2939.512
2939.774
2940.036
2940.298
2940.56
2940.822
2941.084
2941.346
2941.608
2941.87
2942.132
2942.394
2942.656
2942.92
2943.332
2943.744
2944.156
2944.568
2944.98
2945.392
2945.804
2946.216
2946.628
2947.04
2947.45
2947.675
2947.9
2948.125
2948.35
2948.575
2948.8
2949.025
2949.25
2949.475
2949.7
2950.383
2951.066
2951.749
2952.432
2953.115
2953.798
2954.48
2954.898
2955.316
2955.734
2956.152
2956.57
2956.99
2957.379
2957.768
2958.157
2958.546
2958.935
2959.324
2959.713
2960.102
2960.491
2960.88
2961.266
2961.462
2961.658
2961.854
2962.05
2962.246
2962.442
2962.64
2962.915
2963.19
2963.465
2963.74
2964.015
2964.29
2964.565
2964.84
2965.115
2965.39
2965.809
2966.228
2966.647
2967.066
2967.485
2967.904
2968.323
2968.742
2969.16
2969.657
2970.154
2970.651
2971.148
2971.645
2972.142
2972.64
2973.715
2974.79
2975.865
2976.94
2977.23
2977.52
2977.81
2978.1
2978.39
2978.68
2978.97
2979.26
2979.55
2979.84
2980.165
2980.49
2980.815
2981.14
2981.465
2981.79
2982.115
2982.44
2982.716
2982.992
2983.268
2983.544
2983.82
2984.198
2984.576
2984.954
2985.332
2985.71
2986.088
2986.466
2986.844
2987.22
2987.423
2987.626
2987.829
2988.032
2988.235
2988.438
2988.641
2988.844
2989.05
2989.486
2989.922
2990.358
2990.794
2991.23
2991.666
2992.102
2992.54
2992.77
2993.0
2993.23
2993.46
2993.69
2993.92
2994.15
2994.38
2994.61
2994.84
2995.195
2995.55
2995.905
2996.26
2996.468
2996.676
2996.884
2997.092
2997.3
2997.508
2997.718
2999.414
3001.11
3002.807
3003.14
3003.473
3003.806
3004.14
3004.437
3004.734
3005.031
3005.328
3005.625
3005.922
3006.219
3006.516
3006.813
3007.11
3007.41
3007.729
3008.048
3008.367
3008.686
3009.005
3009.324
3009.643
3009.962
3010.281
3010.6
3010.92
3011.232
3011.544
3011.856
3012.168
3012.48
3012.79
3013.084
3013.378
3013.672
3013.966
3014.26
3014.554
3014.848
3015.142
3015.436
3015.73
3016.024
3016.318
3016.612
3016.91
3017.11
3017.31
3017.51
3017.71
3017.91
3018.094
3018.278
3018.462
3018.646
3018.83
3019.014
3019.198
3019.382
3019.566
3019.75
3019.934
3020.118
3020.504
3020.89
3021.276
3021.662
3022.05
3022.25
3022.45
3022.65
3022.85
3023.05
3023.25
3023.45
3023.65
3023.85
3024.311
3024.772
3025.233
3025.694
3026.155
3026.616
3027.08
3027.45
3027.82
3028.19
3028.56
3028.93
3029.3
3029.67
3030.04
3030.299
3030.558
3030.817
3031.076
3031.335
3031.594
3031.853
3032.11
3032.435
3032.76
3033.085
3033.41
3033.735
3034.06
3034.385
3034.71
3035.035
3035.36
3035.883
3036.406
3036.929
3037.452
3037.975
3038.498
3039.021
3039.544
3040.07
3040.66
3041.25
3041.84
3042.43
3043.02
3043.61
3044.2
3044.519
3044.838
3045.157
3045.476
3045.795
3046.114
3046.43
3046.969
3047.508
3048.047
3048.586
3049.125
3049.664
3050.2
3051.037
3051.874
3052.711
3053.548
3054.385
3055.222
3056.059
3056.896
3057.733
3058.57
3059.41
3061.447
3063.484
3065.52
3065.977
3066.434
3066.891
3067.348
3067.805
3068.262
3068.719
3069.176
3069.633
3070.09
3070.547
3071.004
3071.461
3071.92
3072.278
3072.636
3072.994
3073.352
3073.71
3074.068
3074.426
3074.784
3075.142
3075.5
3076.561
3077.622
3078.683
3079.744
3080.805
3081.866
3082.93
3083.231
3083.532
3083.833
3084.134
3084.435
3084.736
3085.037
3085.338
3085.639
3085.94
3086.24
3086.659
3087.078
3087.497
3087.916
3088.335
3088.754
3089.173
3089.592
3090.01
3090.566
3091.122
3091.678
3092.234
3092.79
3093.346
3093.902
3094.46
3096.03
3097.6
3099.17
3100.74
3101.114
3101.488
3101.862
3102.236
3102.61
3102.984
3103.358
3103.732
3104.11
3104.702
3105.294
3105.886
3106.478
3107.07
3107.662
3108.254
3108.846
3109.438
3110.03
3110.321
3110.612
3110.903
3111.194
3111.485
3111.776
3112.067
3112.358
3112.65
3112.959
3113.268
3113.577
3113.886
3114.195
3114.504
3114.813
3115.122
3115.431
3115.74
3116.083
3116.426
3116.769
3117.112
3117.455
3117.798
3118.141
3118.484
3118.827
3119.17
3119.513
3119.856
3120.2
3120.565
3120.93
3121.295
3121.66
3122.025
3122.39
3122.787
3123.184
3123.58
3123.939
3124.298
3124.657
3125.016
3125.375
3125.734
3126.093
3126.452
3126.81
3127.579
3128.348
3129.117
3129.886
3130.655
3131.424
3132.19
3132.64
3133.09
3133.54
3133.99
3134.44
3135.1
3135.76
3136.42
3137.08
3137.74
3138.4
3139.06
3139.72
3140.38
3141.04
3141.7
3142.412
3143.124
3143.836
3144.548
3145.26
3145.972
3146.684
3147.396
3148.11
3148.632
3149.154
3149.676
3150.198
3150.72
3151.242
3151.764
3152.286
3152.81
3153.248
3153.686
3154.124
3154.562
3155.0
3155.438
3155.876
3156.314
3156.752
3157.19
3157.628
3158.066
3158.5
3159.099
3159.698
3160.297
3160.896
3161.495
3162.094
3162.693
3163.292
3163.891
3164.49
3165.089
3165.688
3166.29
3167.193
3168.096
3168.321
3168.546
3168.771
3168.996
3169.22
3169.761
3170.302
3170.843
3171.384
3171.925
3172.466
3173.007
3173.548
3174.09
3174.584
3175.078
3175.572
3176.066
3176.56
3177.054
3177.548
3178.042
3178.536
3179.03
3179.263
3179.495
3179.727
3179.959
3180.191
3180.423
3180.655
3180.89
3181.171
3181.452
3181.733
3182.014
3182.295
3182.576
3182.857
3183.14
3183.497
3183.854
3184.211
3184.568
3184.925
3185.282
3185.64
3185.947
3186.254
3186.561
3186.868
3187.175
3187.48
3187.793
3188.106
3188.419
3188.732
3189.045
3189.358
3189.67
3190.038
3190.406
3190.774
3191.142
3191.51
3191.878
3192.246
3192.614
3192.98
3192.98
3192.98
3192.98
3192.98
3192.98
3192.98
