22.46
23.143
23.826
24.51
24.829
25.148
25.467
25.786
26.105
26.424
26.74
27.22
27.7
28.18
28.66
29.14
29.62
30.1
30.58
30.984
31.388
31.792
32.196
32.6
33.004
33.408
33.812
34.22
34.808
35.396
35.984
36.572
37.16
37.478
37.796
38.114
38.432
38.75
39.068
39.386
39.704
40.022
40.816
41.61
42.404
43.198
43.99
44.209
44.428
44.647
44.866
45.085
45.304
45.523
45.742
45.96
46.366
46.772
47.178
47.584
47.99
48.396
48.802
49.208
49.61
50.215
50.82
51.425
52.03
52.635
53.24
53.845
54.45
54.756
55.062
55.368
55.674
55.98
56.286
56.59
56.995
57.4
57.805
58.21
58.615
59.02
59.425
59.866
60.307
60.748
61.189
61.63
61.886
62.142
62.398
62.654
62.91
63.166
63.422
63.68
63.972
64.264
64.556
64.849
65.142
65.434
65.727
66.02
66.528
67.036
67.543
68.05
68.558
69.066
69.573
70.08
70.56
71.04
71.52
72.0
72.48
72.96
73.44
73.939
74.438
74.937
75.436
75.935
76.434
76.933
77.43
78.023
78.616
79.209
79.802
80.395
80.988
81.581
82.174
82.77
83.104
83.438
83.772
84.106
84.44
84.872
85.304
85.736
86.168
86.6
87.032
87.464
87.896
88.328
88.76
88.983
89.206
89.429
89.652
89.875
90.098
90.321
90.544
90.77
91.085
91.4
91.715
92.03
92.345
92.66
93.212
93.764
94.316
94.868
95.42
95.97
96.873
97.776
98.678
99.581
100.484
101.386
102.288
103.19
103.639
104.088
104.537
104.986
105.435
105.884
106.33
106.738
107.146
107.554
107.962
108.37
108.778
109.186
109.594
110.0
110.847
111.694
112.541
113.388
114.236
115.084
115.931
116.78
117.165
117.55
117.935
118.32
119.197
120.074
120.951
121.828
122.705
123.582
124.459
125.336
126.213
127.09
127.967
128.844
129.72
130.653
131.586
132.519
133.452
134.385
135.318
136.25
136.762
137.274
137.786
138.298
138.81
139.322
139.834
140.346
140.858
141.37
141.882
142.394
142.9
143.076
143.252
143.428
143.604
143.78
143.956
144.13
144.403
144.676
144.949
145.222
145.495
145.768
146.041
146.314
146.59
147.069
147.548
148.027
148.506
148.985
149.464
149.94
150.595
151.25
151.905
152.56
153.215
153.87
154.525
155.18
155.979
156.778
157.577
158.376
159.175
159.974
160.77
161.01
161.25
161.49
161.73
161.97
162.21
162.45
162.69
162.93
163.765
164.6
165.435
166.27
167.105
167.94
168.775
169.61
170.538
171.466
172.394
173.322
174.25
175.178
176.106
177.03
177.259
177.488
177.717
177.945
178.306
178.667
179.028
179.389
179.75
180.066
180.382
180.698
181.014
181.33
181.646
181.962
182.28
183.063
183.846
184.629
185.412
186.195
186.978
187.761
188.544
189.33
189.727
190.124
190.521
190.918
191.315
191.71
192.192
192.674
193.156
193.638
194.12
194.717
195.314
195.911
196.508
197.105
197.702
198.299
198.896
199.49
200.164
200.838
201.512
202.186
202.86
203.534
204.208
204.882
205.556
206.23
206.9
207.775
208.65
209.525
210.4
211.275
212.15
213.025
213.9
214.775
215.65
216.53
217.486
218.442
219.398
220.354
221.31
222.266
223.222
224.18
224.618
225.056
225.494
225.932
226.37
226.81
227.338
227.866
228.394
228.922
229.45
229.978
230.506
231.034
231.56
231.989
232.418
232.847
233.276
233.705
234.134
234.563
234.992
235.421
235.85
236.279
236.708
237.14
237.578
238.016
238.454
238.892
239.33
239.768
240.206
240.644
241.082
241.52
241.958
242.396
242.834
243.272
243.71
244.148
244.58
245.244
245.908
246.572
247.236
247.9
248.564
249.228
249.892
250.56
250.983
251.406
251.829
252.252
252.675
253.098
253.52
253.947
254.374
254.801
255.228
255.655
256.082
256.51
256.781
257.052
257.323
257.594
257.865
258.136
258.407
258.678
258.949
259.22
259.489
259.761
260.033
260.305
260.577
260.849
261.121
261.393
261.665
261.94
262.26
262.58
262.9
263.22
263.54
263.86
264.18
264.541
264.902
265.263
265.624
265.985
266.346
266.71
267.091
267.472
267.853
268.234
268.615
268.996
269.377
269.758
270.14
270.356
270.572
270.788
271.004
271.22
271.436
271.652
271.868
272.084
272.3
272.516
272.732
272.948
273.164
273.38
273.59
273.963
274.336
274.709
275.082
275.455
275.83
276.082
276.334
276.586
276.838
277.09
277.342
277.594
277.846
278.1
278.48
278.86
279.24
279.62
280.0
280.38
280.76
281.14
281.52
281.9
282.28
282.66
283.04
283.455
283.87
284.285
284.7
285.115
285.532
285.885
286.238
286.591
286.944
287.297
287.65
288.003
288.356
288.709
289.062
289.415
289.77
290.057
290.344
290.631
290.918
291.205
291.492
291.779
292.066
292.35
292.78
293.21
293.64
294.07
294.5
294.93
295.36
295.79
296.22
296.65
297.08
297.51
297.94
298.24
298.54
298.84
299.14
299.44
299.74
300.04
300.34
300.64
300.94
301.24
301.54
301.936
302.332
302.728
303.124
303.52
303.916
304.312
304.708
305.104
305.5
305.744
305.988
306.232
306.476
306.72
307.194
307.668
308.142
308.616
309.09
309.564
310.038
310.512
310.986
311.46
311.934
312.408
312.882
313.36
313.707
314.054
314.401
314.748
315.095
315.442
315.79
316.173
316.555
316.938
317.32
317.702
318.084
318.466
318.849
319.231
319.613
319.995
320.38
320.778
321.176
321.574
321.972
322.37
322.768
323.166
323.564
323.962
324.36
324.76
325.067
325.374
325.616
325.858
326.1
326.342
326.584
326.826
327.068
327.31
327.552
327.79
328.17
328.55
328.93
329.234
329.538
329.842
330.146
330.45
330.754
331.06
331.36
331.66
331.96
332.26
332.56
332.86
333.16
333.46
333.76
334.06
334.547
335.034
335.52
335.838
336.156
336.474
336.792
337.11
337.428
337.746
338.064
338.38
338.634
338.888
339.142
339.396
339.65
339.904
340.158
340.412
340.666
340.92
341.174
341.43
341.843
342.256
342.669
343.082
343.495
343.908
344.32
344.765
345.21
345.655
346.1
346.545
346.99
348.142
349.294
350.446
351.598
352.75
354.92
355.287
355.654
356.021
356.388
356.755
357.122
357.489
357.856
358.22
358.948
359.676
360.404
361.132
361.86
362.588
363.316
364.044
364.77
365.387
366.004
366.621
367.238
367.855
368.47
369.314
370.158
371.002
371.846
372.69
373.534
374.378
375.22
375.597
375.974
376.351
376.728
377.105
377.482
377.859
378.236
378.613
378.99
379.367
379.74
380.136
380.532
380.928
381.324
381.72
382.116
382.512
382.908
383.304
383.7
384.1
384.688
385.276
385.864
386.452
387.04
387.628
388.216
388.804
389.392
389.98
390.568
391.156
391.744
392.332
392.92
393.51
393.898
394.286
394.674
395.062
395.45
395.838
396.226
396.614
397.002
397.39
397.778
398.166
398.554
398.942
399.33
399.718
400.1
400.541
400.982
401.423
401.864
402.305
402.746
403.187
403.628
404.07
405.567
407.064
408.56
408.865
409.17
409.475
409.78
410.085
410.39
410.695
411.0
411.305
411.61
411.92
412.261
412.602
412.943
413.284
413.625
413.966
414.307
414.648
414.989
415.33
416.037
416.744
417.45
417.7
417.95
418.348
418.746
419.144
419.542
419.94
420.795
421.65
422.505
423.36
424.215
425.07
425.925
426.78
427.635
428.49
429.345
430.2
430.46
430.72
430.98
431.24
431.5
431.76
432.152
432.544
432.936
433.328
433.72
434.113
434.505
434.897
435.289
435.681
436.073
436.47
436.807
437.144
437.481
437.818
438.155
438.49
438.929
439.368
439.807
440.246
440.685
441.124
441.563
442.002
442.441
442.88
443.32
443.576
443.832
444.088
444.344
444.6
444.856
445.112
445.368
445.624
445.88
446.149
446.418
446.687
446.956
447.225
447.494
447.763
448.032
448.301
448.57
448.84
449.096
449.352
449.608
449.864
450.12
450.376
450.632
450.888
451.144
451.4
451.66
452.165
452.67
453.175
453.68
454.185
454.69
455.195
455.7
455.989
456.278
456.567
456.856
457.145
457.434
457.723
458.012
458.301
458.59
458.879
459.168
459.459
459.62
459.781
459.942
460.103
460.264
460.425
460.586
460.75
461.11
461.47
461.736
462.002
462.268
462.534
462.8
463.066
463.332
463.598
463.864
464.13
464.357
464.584
464.811
465.038
465.265
465.492
465.719
465.946
466.17
466.485
466.8
467.115
467.43
467.745
468.06
468.375
468.69
469.005
469.32
469.63
469.963
470.296
470.629
470.962
471.295
471.628
471.96
472.452
472.945
473.438
473.93
474.347
474.764
475.181
475.598
476.015
476.432
476.85
477.479
478.108
478.737
479.366
479.995
480.624
481.253
481.882
482.51
483.62
484.73
485.84
486.95
488.06
489.17
490.28
490.848
491.416
491.984
492.552
493.12
493.69
494.09
494.49
494.89
495.29
495.69
495.962
496.234
496.506
496.778
497.05
497.322
497.595
497.921
498.246
498.571
498.897
499.222
499.547
499.873
500.198
500.523
500.85
501.305
501.76
502.215
502.67
503.125
503.58
504.035
504.49
504.945
505.4
505.85
506.278
506.706
507.134
507.56
507.867
508.174
508.481
508.788
509.095
509.402
509.709
510.016
510.323
510.63
510.934
511.136
511.338
511.54
511.742
511.944
512.146
512.35
512.645
512.94
513.235
513.53
513.825
514.12
514.415
514.71
515.005
515.299
515.669
516.039
516.41
516.909
517.505
518.101
518.697
519.293
519.89
521.786
523.682
525.578
527.474
529.37
531.266
533.16
533.923
534.686
535.449
536.212
536.975
537.738
538.501
539.264
540.027
540.79
541.553
542.31
543.23
543.588
543.946
544.304
544.662
545.02
545.376
545.61
545.844
546.078
546.312
546.546
546.78
547.014
547.25
547.667
548.084
548.501
548.918
549.335
549.75
550.108
550.466
550.824
551.182
551.54
551.898
552.256
552.614
552.972
553.33
553.616
553.902
554.188
554.474
554.76
555.046
555.332
555.618
555.904
556.19
556.48
557.058
557.636
558.214
558.792
559.37
559.841
560.311
560.561
560.811
561.06
561.528
561.997
562.261
562.525
562.789
563.053
563.317
563.58
563.851
564.122
564.393
564.664
564.935
565.206
565.48
565.911
566.342
566.773
567.204
567.635
568.066
568.497
568.927
569.153
569.379
569.605
569.831
570.057
570.283
570.51
570.794
571.078
571.362
571.646
571.93
572.214
572.5
572.828
573.156
573.484
573.812
574.14
574.468
574.796
575.124
575.452
575.78
576.112
576.444
576.776
577.108
577.44
577.743
578.046
578.349
578.652
578.955
579.258
579.56
579.962
580.364
580.766
581.168
581.57
582.216
582.862
583.508
584.154
584.8
585.446
586.092
586.74
587.367
587.994
588.621
589.248
589.875
590.5
590.736
590.972
591.208
591.444
591.68
591.916
592.152
592.388
592.62
593.062
593.505
593.947
594.389
594.832
595.274
595.716
596.16
597.008
597.856
598.704
599.552
600.4
601.248
602.096
602.944
603.792
604.64
605.497
606.354
607.211
608.068
608.925
609.782
610.639
611.496
612.353
613.21
614.067
614.92
615.823
616.726
617.629
618.532
619.435
620.338
621.241
622.144
623.047
623.95
624.494
625.038
625.582
626.126
626.67
627.214
627.758
628.302
628.85
629.503
630.156
630.808
631.461
632.114
632.767
633.42
634.072
634.725
635.378
636.031
636.68
637.244
637.808
638.372
638.936
639.5
640.064
640.628
641.192
641.756
642.32
642.884
643.45
644.178
644.906
645.634
646.362
647.09
648.352
649.614
650.876
652.138
653.4
654.66
655.412
656.165
656.918
657.67
658.422
659.175
659.928
660.68
661.171
661.662
662.153
662.644
663.135
663.626
664.117
664.608
665.099
665.59
666.087
666.584
667.081
667.578
668.075
668.572
669.069
669.566
670.063
670.56
671.057
671.554
672.05
672.611
673.172
673.733
674.294
674.855
675.416
675.977
676.538
677.099
677.66
678.561
679.462
680.363
681.264
682.165
683.066
683.967
684.868
685.769
686.67
687.587
688.505
689.423
690.34
691.087
691.834
692.581
693.328
694.075
694.822
695.57
695.832
696.094
696.356
696.618
696.88
697.142
697.404
697.666
697.928
698.19
698.452
698.714
698.97
699.198
699.426
699.654
699.882
700.11
700.34
700.566
700.792
701.018
701.244
701.47
701.696
701.922
702.148
702.374
702.6
703.043
703.486
703.929
704.372
704.815
705.258
705.701
706.144
706.587
707.03
707.512
707.994
708.476
708.958
709.44
709.923
710.405
710.89
711.751
712.612
713.473
714.334
715.195
716.056
716.917
717.78
718.504
719.228
719.952
720.676
721.4
722.124
722.848
723.572
724.296
725.02
725.744
726.468
727.192
727.916
728.64
729.074
729.508
729.942
730.376
730.81
731.244
731.678
732.112
732.546
732.98
733.35
733.72
734.09
734.46
734.831
735.33
735.825
736.32
736.815
737.31
737.805
738.3
738.795
739.29
739.785
740.28
740.775
741.27
741.503
741.736
741.969
742.202
742.435
742.668
742.901
743.134
743.367
743.6
744.65
745.7
746.75
747.033
747.316
747.599
747.882
748.165
748.448
748.73
748.949
749.168
749.387
749.606
749.825
750.044
750.263
750.482
750.701
750.92
751.14
751.36
751.58
751.8
752.02
752.24
752.46
752.979
753.498
754.017
754.536
755.055
755.574
756.093
756.611
756.861
757.11
757.573
758.036
758.499
758.962
759.425
759.89
760.424
760.958
761.492
762.026
762.56
763.094
763.628
764.16
764.811
765.462
766.113
766.764
767.415
768.066
768.717
769.368
770.019
770.67
771.012
771.354
771.696
772.038
772.38
772.722
773.062
773.28
773.498
773.716
773.934
774.152
774.37
774.588
774.806
775.02
775.191
775.362
775.533
775.704
775.875
776.046
776.22
776.497
776.774
777.051
777.328
777.605
777.88
778.217
778.554
778.891
779.228
779.565
779.903
780.24
780.577
780.914
781.251
781.588
781.93
782.434
782.938
783.442
783.946
784.45
784.954
785.458
785.962
786.466
786.97
787.47
788.84
789.087
789.334
789.581
789.828
790.075
790.322
790.569
790.816
791.063
791.31
791.707
792.105
792.503
792.9
793.151
793.402
793.653
793.904
794.155
794.406
794.657
794.908
795.16
795.421
795.682
795.943
796.204
796.465
796.726
796.987
797.248
797.51
797.774
798.038
798.302
798.566
798.83
799.094
799.358
799.622
799.886
800.15
800.605
801.06
801.38
801.7
802.02
802.34
802.66
802.98
803.3
803.62
803.94
804.448
804.956
805.464
805.972
806.48
806.988
807.496
808.004
808.512
809.02
810.04
810.371
810.702
811.033
811.364
811.695
812.026
812.357
812.688
813.019
813.35
813.68
814.035
814.39
814.745
815.101
818.41
818.969
819.528
820.087
820.646
821.205
821.764
822.32
822.692
823.064
823.436
823.808
824.18
824.552
824.924
825.296
825.668
826.04
826.412
826.79
827.257
827.724
828.191
828.658
829.125
829.592
830.06
830.291
830.522
830.753
830.984
831.215
831.446
831.68
832.223
832.766
833.309
833.852
834.395
834.938
835.481
836.024
836.567
837.11
837.653
838.2
838.71
839.22
839.73
843.1
843.345
843.59
843.835
844.08
844.325
844.57
844.815
845.06
845.305
845.55
845.8
846.456
847.112
847.768
848.424
849.08
849.586
850.092
850.598
851.104
851.61
852.116
852.62
852.831
853.042
853.253
853.464
853.675
853.886
854.097
854.308
854.52
854.956
855.392
855.828
856.264
856.7
857.136
857.572
858.008
858.444
858.88
859.316
859.75
860.052
860.354
860.656
860.958
861.26
861.56
862.19
862.546
862.902
863.258
863.614
863.97
864.326
864.68
864.98
865.28
865.58
865.88
866.18
866.48
866.78
867.613
868.446
869.279
870.112
870.946
876.38
877.237
878.094
878.951
879.808
880.665
881.522
882.379
883.236
884.093
884.95
885.81
886.146
886.482
886.818
887.154
887.49
887.826
888.162
888.498
888.83
889.635
890.199
890.763
891.327
891.891
892.455
893.017
893.6
894.1
894.469
894.838
895.207
895.576
895.945
896.314
896.683
897.052
897.421
897.79
898.159
898.528
898.897
899.26
899.871
900.482
901.093
901.704
902.315
902.926
903.537
904.15
904.368
904.586
904.804
905.022
905.24
905.458
905.676
905.894
906.112
906.33
906.548
906.77
907.166
907.562
907.958
908.354
908.75
909.146
909.54
910.246
910.952
911.658
912.364
913.07
913.38
913.69
914.185
914.68
914.985
915.29
915.595
915.9
916.43
916.96
917.169
917.378
917.587
917.796
918.005
918.214
918.423
918.63
919.335
920.04
920.54
920.933
921.326
921.719
922.112
922.505
922.898
923.291
923.684
924.074
924.287
924.5
924.713
924.926
925.139
925.352
925.565
925.778
925.99
926.897
927.804
928.71
929.215
929.72
930.32
930.63
930.94
931.25
931.56
931.87
932.18
932.49
932.8
933.11
933.42
935.041
935.291
935.54
935.831
936.122
936.413
936.704
936.995
937.286
937.577
937.868
938.159
938.45
938.741
939.03
939.301
939.572
939.843
940.114
940.385
940.656
940.93
941.51
942.52
942.695
942.87
943.045
943.22
943.395
943.57
943.745
943.92
944.095
944.27
944.73
945.19
945.369
945.548
945.727
945.906
946.085
946.264
946.44
946.636
946.832
947.028
947.224
947.42
947.616
947.814
948.323
948.832
949.341
949.851
950.361
950.87
951.38
951.89
952.3
952.71
952.85
952.99
953.13
953.27
953.668
954.066
954.464
954.86
956.032
957.946
959.86
960.414
960.968
961.522
962.076
962.63
963.184
963.738
964.29
964.832
965.374
965.916
966.458
967.0
967.545
968.09
968.635
969.18
969.725
970.27
970.815
971.36
971.905
972.45
972.99
973.55
974.11
974.67
975.23
975.79
976.35
976.657
976.964
977.271
977.578
977.885
978.192
978.5
978.83
979.16
979.49
979.82
980.15
980.48
980.766
981.052
981.338
981.624
981.91
982.196
982.482
982.768
983.054
983.34
983.63
984.298
984.966
985.634
986.302
986.97
987.638
988.306
988.974
989.64
990.129
990.618
991.107
991.596
992.085
992.574
993.063
993.55
993.854
994.158
994.462
994.766
995.07
995.374
995.678
995.982
996.29
996.662
997.034
997.406
997.778
998.15
998.52
998.789
999.058
999.327
999.596
999.865
1000.134
1000.403
1000.672
1000.941
1001.21
1001.433
1001.656
1001.879
1002.102
1002.325
1002.548
1002.77
1003.064
1003.358
1003.652
1003.946
1004.24
1004.534
1004.828
1005.122
1005.416
1005.71
1006.214
1006.718
1007.222
1007.726
1008.23
1008.734
1009.238
1009.742
1010.246
1010.75
1011.25
1011.471
1011.692
1011.913
1012.134
1012.355
1012.576
1012.797
1013.018
1013.239
1013.46
1013.681
1013.902
1014.123
1014.344
1014.565
1014.786
1015.01
1015.325
1015.64
1015.955
1016.27
1016.585
1016.9
1017.215
1017.53
1017.809
1018.088
1018.367
1018.646
1018.925
1019.204
1019.483
1019.762
1020.04
1020.799
1021.558
1022.317
1023.076
1023.835
1024.594
1025.353
1026.112
1026.871
1027.63
1027.992
1028.354
1028.716
1029.078
1029.44
1029.782
1030.124
1030.466
1030.808
1031.15
1031.666
1032.182
1032.698
1033.214
1033.73
1034.246
1034.762
1035.276
1035.472
1035.668
1035.864
1036.06
1036.256
1036.452
1036.65
1037.137
1037.624
1038.111
1038.598
1039.085
1039.572
1040.059
1040.546
1041.033
1041.52
1041.871
1042.222
1042.573
1042.924
1043.275
1043.626
1043.98
1044.577
1045.174
1045.771
1046.368
1046.965
1047.56
1048.0
1048.44
1048.88
1049.32
1049.76
1050.2
1050.64
1051.08
1051.516
1051.728
1051.94
1052.152
1052.364
1052.576
1052.788
1053.0
1053.212
1053.424
1053.64
1054.085
1054.53
1054.975
1055.42
1055.865
1056.31
1056.755
1057.2
1057.815
1058.43
1059.045
1059.66
1060.275
1060.89
1063.02
1065.15
1067.28
1069.41
1071.54
1073.67
1074.344
1075.018
1075.692
1076.366
1077.04
1077.714
1078.39
1079.645
1080.9
1082.155
1083.41
1084.665
1085.92
1087.175
1088.43
1088.699
1088.968
1089.237
1089.506
1089.775
1090.044
1090.31
1090.62
1090.93
1091.24
1091.55
1091.86
1092.17
1092.48
1092.79
1093.1
1093.41
1093.639
1093.868
1094.097
1094.326
1094.555
1094.784
1095.013
1095.242
1095.47
1095.762
1096.054
1096.346
1096.638
1096.93
1097.222
1097.514
1097.806
1098.098
1098.39
1098.626
1098.862
1099.098
1099.334
1099.57
1099.806
1100.042
1100.28
1100.612
1100.945
1101.277
1101.61
1101.942
1102.275
1102.548
1102.82
1103.117
1103.414
1103.711
1104.008
1104.305
1104.602
1104.899
1105.196
1105.493
1105.79
1106.09
1106.324
1106.558
1106.792
1107.026
1107.26
1107.494
1107.73
1107.903
1108.076
1108.249
1108.422
1108.595
1108.768
1108.941
1109.114
1109.284
1109.522
1109.76
1109.998
1110.236
1110.474
1110.712
1110.95
1111.318
1111.686
1112.054
1112.422
1112.79
1113.158
1113.526
1113.894
1114.266
1114.495
1114.724
1114.953
1115.182
1115.411
1115.64
1115.957
1116.274
1116.591
1116.91
1117.138
1117.366
1117.594
1117.822
1118.05
1118.278
1118.506
1118.734
1118.96
1119.261
1119.562
1119.863
1120.164
1120.465
1120.766
1121.067
1121.37
1121.7
1122.03
1122.36
1122.66
1122.96
1123.26
1123.56
1123.86
1124.16
1124.46
1124.76
1125.06
1125.36
1125.66
1125.96
1126.445
1126.93
1127.415
1127.9
1128.385
1128.87
1129.355
1129.84
1130.247
1130.654
1131.061
1131.468
1131.875
1132.282
1132.689
1133.096
1133.503
1133.91
1134.32
1134.512
1134.704
1134.896
1135.088
1135.28
1135.472
1135.664
1135.856
1136.048
1136.24
1136.432
1136.624
1136.82
1137.042
1137.264
1137.486
1137.708
1137.93
1138.152
1138.374
1138.596
1138.82
1139.122
1139.424
1139.726
1140.028
1140.33
1140.632
1140.934
1141.236
1141.538
1141.84
1142.43
1142.69
1142.95
1143.21
1143.47
1143.73
1143.99
1144.25
1144.51
1144.77
1145.03
1145.29
1145.55
1146.427
1147.304
1148.181
1149.058
1149.935
1150.812
1151.69
1151.949
1152.208
1152.467
1152.726
1152.985
1153.244
1153.5
1154.352
1155.204
1156.056
1156.908
1157.76
1159.261
1160.762
1162.263
1163.764
1165.265
1166.766
1168.267
1169.768
1171.269
1172.77
1174.278
1175.786
1177.294
1178.802
1180.31
1181.82
1182.028
1182.236
1182.444
1182.652
1182.86
1183.068
1183.276
1183.484
1183.692
1183.865
1184.038
1184.211
1184.384
1184.557
1184.73
1184.9
1185.222
1185.544
1185.866
1186.188
1186.51
1186.767
1187.024
1187.281
1187.538
1187.795
1188.052
1188.309
1188.566
1188.823
1189.08
1189.377
1189.674
1189.971
1190.268
1190.565
1190.862
1191.162
1191.344
1191.526
1191.708
1191.89
1192.072
1192.254
1192.436
1192.62
1193.144
1193.668
1194.192
1194.716
1195.24
1195.727
1196.214
1196.701
1197.188
1197.675
1198.162
1198.649
1199.136
1199.623
1200.11
1200.597
1201.08
1203.354
1205.628
1207.902
1210.176
1212.45
1214.724
1217.0
1217.397
1217.794
1218.191
1218.588
1218.985
1219.382
1219.779
1220.176
1220.57
1220.829
1221.088
1221.347
1221.606
1221.865
1222.124
1224.287
1226.45
1228.613
1230.776
1232.94
1233.308
1233.676
1234.044
1234.412
1234.78
1235.148
1235.516
1235.884
1236.252
1236.62
1236.99
1237.408
1237.825
1238.243
1238.66
1238.915
1239.17
1239.425
1239.68
1239.935
1240.19
1240.445
1240.7
1240.955
1241.21
1241.46
1241.735
1242.01
1242.285
1242.56
1242.835
1243.11
1243.385
1243.66
1243.935
1244.21
1244.49
1244.86
1245.23
1245.6
1245.97
1246.691
1247.412
1248.133
1248.854
1249.575
1250.296
1251.017
1251.738
1252.459
1253.18
1253.523
1253.865
1254.207
1254.55
1254.892
1255.235
1255.577
1255.92
1256.465
1257.01
1257.4
1257.79
1258.18
1258.57
1259.833
1261.096
1262.359
1263.622
1264.885
1266.15
1266.578
1267.005
1267.433
1267.861
1268.289
1268.716
1269.143
1269.57
1270.094
1270.618
1271.142
1271.666
1272.19
1272.714
1273.238
1273.762
1274.286
1274.81
1275.079
1275.348
1275.617
1275.886
1276.155
1276.424
1276.693
1276.962
1277.23
1277.884
1278.538
1279.192
1279.846
1280.5
1280.939
1281.378
1281.817
1282.256
1282.695
1283.134
1283.57
1284.02
1284.47
1284.92
1285.37
1285.82
1286.27
1286.72
1287.05
1287.38
1287.71
1288.04
1288.37
1288.7
1289.03
1289.36
1289.69
1290.02
1290.388
1290.756
1291.124
1291.492
1291.86
1292.228
1292.596
1292.964
1293.33
1293.822
1294.314
1294.806
1295.298
1295.79
1296.28
1296.634
1296.988
1297.342
1297.696
1298.05
1298.404
1298.758
1299.112
1299.466
1299.82
1300.17
1300.394
1300.618
1300.842
1301.066
1301.29
1301.514
1301.738
1301.962
1302.186
1302.41
1303.06
1303.71
1304.105
1304.5
1304.895
1305.29
1305.685
1306.08
1306.53
1306.98
1307.43
1307.88
1308.33
1308.639
1308.948
1309.257
1309.566
1309.875
1310.184
1310.493
1310.802
1311.111
1311.42
1311.73
1312.23
1312.571
1312.912
1313.253
1313.594
1313.935
1314.276
1314.617
1314.958
1315.3
1315.775
1316.25
1316.725
1317.2
1317.675
1318.15
1318.625
1319.1
1319.575
1320.05
1320.53
1320.978
1321.426
1321.874
1322.322
1322.77
1323.218
1323.666
1324.114
1324.562
1325.01
1325.46
1325.724
1325.988
1326.252
1326.516
1326.78
1327.044
1327.308
1327.572
1327.836
1328.1
1328.364
1328.628
1328.89
1329.161
1329.432
1329.703
1329.974
1330.245
1330.516
1330.787
1331.058
1331.329
1331.6
1332.016
1332.432
1332.848
1333.264
1333.68
1334.096
1334.512
1334.928
1335.34
1336.05
1336.326
1336.602
1336.878
1337.154
1337.43
1337.706
1337.982
1338.258
1338.534
1338.81
1339.086
1339.362
1339.64
1339.89
1340.14
1340.39
1340.64
1340.89
1341.14
1341.39
1341.64
1342.245
1342.85
1343.455
1344.06
1344.665
1345.27
1345.875
1346.48
1347.087
1349.252
1351.417
1353.582
1355.747
1357.912
1358.843
1359.774
1360.705
1361.636
1362.567
1363.498
1364.429
1365.36
1366.291
1367.222
1368.15
1368.4
1368.65
1369.496
1370.342
1371.188
1372.034
1372.88
1373.047
1373.214
1373.38
1374.596
1375.812
1377.028
1378.244
1379.46
1380.676
1381.892
1383.108
1384.324
1385.54
1386.756
1387.97
1388.224
1388.478
1388.732
1388.986
1389.24
1389.64
1390.04
1390.44
1390.84
1391.24
1391.64
1392.04
1392.44
1392.84
1393.083
1393.326
1393.569
1393.812
1394.055
1394.3
1394.668
1395.036
1395.404
1395.772
1396.14
1396.508
1396.876
1397.244
1397.612
1397.98
1398.348
1398.716
1399.08
1399.327
1399.574
1399.821
1400.068
1400.315
1400.562
1400.81
1401.108
1401.406
1401.704
1402.002
1402.3
1402.598
1402.896
1403.194
1403.49
1403.977
1404.464
1404.951
1405.438
1405.925
1406.412
1406.899
1407.386
1407.873
1408.36
1408.85
1409.18
1409.51
1409.84
1410.17
1410.5
1410.83
1411.16
1411.413
1411.666
1411.919
1412.172
1412.425
1412.678
1412.931
1413.184
1413.44
1413.719
1413.998
1414.277
1414.556
1414.835
1415.114
1415.393
1415.672
1415.951
1416.23
1416.51
1417.22
1417.93
1418.74
1418.971
1419.202
1419.433
1419.664
1419.895
1420.126
1420.357
1420.59
1421.103
1421.616
1422.129
1422.642
1423.155
1423.668
1424.18
1424.832
1425.485
1426.137
1426.79
1427.075
1427.36
1427.645
1427.93
1428.215
1428.5
1428.785
1429.07
1429.355
1429.64
1429.925
1430.21
1430.825
1431.44
1432.055
1432.67
1433.285
1433.9
1434.103
1434.306
1434.509
1434.712
1434.915
1435.12
1435.443
1435.766
1436.089
1436.412
1436.735
1437.06
1437.419
1437.778
1438.137
1438.496
1438.855
1439.214
1439.57
1440.252
1440.934
1441.616
1442.298
1442.98
1443.347
1443.714
1444.081
1444.448
1444.815
1445.182
1445.549
1445.916
1446.283
1446.65
1447.02
1447.298
1447.576
1447.854
1448.132
1448.41
1448.688
1448.966
1449.244
1449.522
1449.8
1450.08
1450.485
1450.89
1451.295
1451.7
1452.105
1452.51
1452.915
1453.32
1453.725
1454.13
1454.53
1454.776
1455.022
1455.268
1455.514
1455.76
1456.006
1456.25
1456.55
1456.85
1457.15
1457.45
1457.75
1458.05
1458.35
1458.712
1459.074
1459.436
1459.798
1460.16
1460.522
1460.884
1461.246
1461.608
1461.97
1462.293
1462.616
1462.939
1463.262
1463.585
1463.908
1464.23
1464.579
1464.928
1465.277
1465.626
1465.975
1466.324
1466.673
1467.02
1467.346
1467.672
1467.998
1468.324
1468.65
1468.976
1469.302
1469.628
1469.954
1470.28
1470.61
1470.849
1471.088
1471.327
1471.566
1471.805
1472.044
1472.283
1472.52
1472.781
1473.042
1473.303
1473.564
1473.825
1474.086
1474.35
1474.74
1475.13
1475.52
1475.91
1476.177
1476.444
1476.711
1476.978
1477.245
1477.512
1477.78
1478.052
1478.324
1478.596
1478.868
1479.14
1479.412
1479.684
1479.956
1480.228
1480.5
1481.326
1482.152
1482.978
1483.804
1484.63
1485.456
1486.282
1487.11
1487.485
1487.86
1488.235
1488.61
1488.985
1489.36
1489.735
1490.11
1490.485
1490.86
1491.23
1491.665
1492.1
1492.535
1492.97
1493.315
1493.66
1494.005
1494.35
1494.924
1495.498
1496.072
1496.646
1497.22
1497.794
1498.368
1498.94
1499.143
1499.346
1499.549
1499.752
1499.955
1500.16
1500.447
1500.734
1501.021
1501.31
1501.635
1501.96
1502.285
1502.61
1502.935
1503.26
1503.585
1503.91
1504.235
1504.56
1504.876
1505.192
1505.508
1505.824
1506.14
1506.456
1506.77
1507.055
1507.34
1507.625
1507.91
1508.195
1508.48
1508.765
1509.05
1509.335
1509.62
1509.9
1510.288
1510.676
1511.064
1511.452
1511.84
1512.228
1512.616
1513.004
1513.392
1513.78
1514.168
1514.56
1514.866
1515.172
1515.478
1515.784
1516.09
1516.396
1516.702
1517.01
1517.291
1517.572
1517.853
1518.134
1518.415
1518.696
1518.977
1519.26
1519.771
1520.282
1520.793
1521.304
1521.815
1522.326
1522.84
1523.492
1524.144
1524.796
1525.448
1526.1
1526.75
1527.377
1528.004
1528.631
1529.258
1529.885
1530.512
1531.14
1531.407
1531.674
1531.941
1532.208
1532.475
1532.74
1532.959
1533.178
1533.397
1533.616
1533.835
1534.054
1534.273
1534.492
1534.71
1535.018
1535.326
1535.634
1535.942
1536.25
1536.558
1536.866
1537.174
1537.482
1537.79
1538.098
1538.406
1538.714
1539.02
1539.379
1539.738
1540.097
1540.456
1540.815
1541.174
1541.533
1541.892
1542.255
1542.766
1543.277
1543.788
1544.299
1544.81
1545.237
1545.664
1546.091
1546.518
1546.945
1547.372
1547.799
1548.226
1548.653
1549.08
1549.507
1549.93
1550.23
1550.53
1550.83
1551.13
1551.43
1551.73
1552.03
1552.33
1552.63
1553.016
1553.402
1553.788
1554.174
1554.56
1554.946
1555.332
1555.717
1555.872
1556.027
1556.182
1556.337
1556.492
1556.647
1556.8
1557.059
1557.318
1557.577
1557.836
1558.095
1558.354
1558.613
1558.87
1559.337
1559.804
1560.271
1560.738
1561.205
1561.672
1562.139
1562.606
1563.073
1563.54
1564.007
1564.474
1564.941
1565.41
1565.713
1566.016
1566.319
1566.622
1566.925
1567.23
1567.665
1568.1
1568.535
1568.97
1569.405
1569.84
1570.215
1570.59
1570.965
1571.34
1571.715
1572.09
1572.412
1572.734
1573.056
1573.378
1573.7
1574.02
1574.292
1574.564
1574.836
1575.108
1575.38
1575.65
1576.102
1576.555
1577.008
1577.46
1578.47
1579.207
1579.944
1580.68
1581.15
1581.62
1582.09
1582.56
1582.965
1583.37
1583.775
1584.18
1584.508
1584.836
1585.164
1585.492
1585.82
1586.148
1586.476
1586.804
1587.13
1587.561
1587.992
1588.423
1588.854
1589.285
1589.716
1590.147
1590.58
1590.901
1591.222
1591.543
1591.864
1592.185
1592.506
1592.827
1593.15
1593.702
1594.254
1594.806
1595.358
1595.91
1596.46
1597.239
1598.018
1598.797
1599.576
1600.355
1601.134
1601.913
1602.692
1603.471
1604.25
1604.641
1605.032
1605.423
1605.814
1606.205
1606.596
1606.987
1607.378
1607.769
1608.16
1608.583
1609.006
1609.43
1609.675
1609.92
1610.165
1610.41
1610.655
1610.9
1611.145
1611.39
1611.635
1611.88
1612.12
1612.635
1613.15
1613.668
1614.185
1614.702
1615.22
1616.023
1616.826
1617.63
1618.04
1618.45
1619.37
1619.691
1620.012
1620.333
1620.654
1620.975
1621.296
1621.617
1621.938
1622.26
1622.573
1622.886
1623.199
1623.512
1623.825
1624.138
1624.451
1624.764
1625.08
1625.41
1625.74
1626.07
1626.4
1626.73
1627.06
1627.39
1627.72
1628.05
1628.38
1628.844
1629.308
1629.772
1630.236
1630.7
1631.164
1631.628
1632.09
1632.34
1632.59
1632.84
1633.09
1633.34
1633.59
1633.84
1634.328
1634.816
1635.304
1635.792
1636.28
1636.768
1637.256
1637.744
1638.232
1638.72
1639.057
1639.394
1639.731
1640.07
1640.51
1640.95
1641.39
1641.83
1642.27
1642.71
1643.15
1643.54
1643.93
1644.32
1644.71
1645.1
1645.46
1645.82
1646.18
1646.54
1646.9
1647.26
1647.62
1647.98
1648.34
1648.678
1649.016
1649.354
1649.692
1650.03
1650.368
1650.706
1651.044
1651.382
1651.72
1652.058
1652.396
1652.74
1653.04
1653.34
1653.64
1653.94
1654.24
1654.54
1654.84
1655.14
1655.44
1655.74
1656.007
1656.274
1656.541
1656.808
1657.075
1657.34
1657.885
1658.43
1658.975
1659.52
1660.065
1660.61
1661.155
1661.7
1662.245
1662.79
1663.33
1663.62
1663.91
1664.2
1664.49
1664.78
1665.07
1665.36
1665.65
1665.94
1666.23
1666.484
1666.738
1666.992
1667.246
1667.5
1667.754
1668.01
1668.792
1669.574
1670.356
1671.138
1671.92
1672.702
1673.484
1674.266
1675.048
1675.83
1676.612
1677.39
1677.902
1678.414
1678.926
1679.438
1679.95
1680.46
1680.976
1681.492
1682.008
1682.524
1683.04
1683.556
1684.072
1684.59
1684.943
1685.296
1685.649
1686.002
1686.355
1686.708
1687.061
1687.414
1687.77
1688.089
1688.408
1688.727
1689.046
1689.365
1689.684
1690.003
1690.322
1690.64
1692.02
1692.247
1692.474
1692.701
1692.928
1693.155
1693.382
1693.609
1693.836
1694.06
1694.517
1694.974
1695.431
1695.888
1696.345
1696.802
1697.26
1697.896
1698.532
1699.168
1699.804
1700.44
1701.076
1701.71
1702.067
1702.424
1702.78
1703.317
1703.854
1704.391
1704.928
1705.465
1706.0
1706.462
1706.924
1707.386
1707.848
1708.31
1708.77
1709.1
1709.43
1709.76
1710.09
1710.42
1710.75
1711.08
1711.41
1711.661
1711.912
1712.163
1712.414
1712.665
1712.916
1713.167
1713.419
1713.631
1713.843
1714.055
1714.267
1714.479
1714.691
1714.903
1715.115
1715.327
1715.539
1715.751
1715.96
1716.753
1717.61
1718.467
1719.324
1720.181
1721.04
1721.243
1721.446
1721.649
1721.852
1722.055
1722.258
1722.461
1722.664
1722.867
1723.07
1723.367
1723.664
1723.961
1724.258
1724.555
1724.852
1725.15
1725.822
1726.494
1727.166
1727.838
1728.51
1729.18
1729.43
1729.68
1730.975
1732.27
1732.666
1733.062
1733.458
1733.854
1734.25
1734.646
1735.042
1735.44
1735.874
1736.308
1736.742
1737.176
1737.61
1738.044
1738.48
1738.82
1739.16
1739.5
1739.84
1740.18
1740.52
1740.86
1741.2
1741.426
1741.652
1741.878
1742.104
1742.33
1742.556
1742.782
1743.01
1743.264
1743.518
1743.772
1744.026
1744.28
1744.576
1744.872
1745.168
1745.464
1745.76
1746.056
1746.35
1746.623
1746.896
1747.169
1747.442
1747.715
1747.988
1748.261
1748.534
1748.807
1749.08
1749.909
1750.738
1751.567
1752.396
1753.225
1754.054
1754.883
1755.712
1756.54
1757.219
1757.898
1758.577
1759.256
1759.935
1760.614
1761.293
1761.97
1762.436
1762.902
1763.368
1763.834
1764.3
1764.766
1765.232
1765.7
1766.045
1766.39
1766.735
1767.08
1767.425
1767.77
1768.115
1768.46
1768.805
1769.15
1769.495
1769.84
1770.19
1770.747
1771.304
1771.86
1772.067
1772.274
1772.481
1772.688
1772.896
1773.103
1773.311
1773.518
1773.726
1773.935
1774.592
1775.25
1775.888
1776.525
1777.163
1777.8
1778.223
1778.646
1779.069
1779.492
1779.915
1780.338
1780.761
1781.184
1781.61
1782.376
1783.142
1783.909
1784.676
1785.442
1786.209
1786.714
1787.219
1787.724
1788.229
1788.734
1789.239
1789.744
1790.248
1791.995
1793.741
1793.997
1794.253
1794.509
1794.765
1795.021
1795.277
1795.532
1795.669
1795.806
1795.943
1796.08
1796.217
1796.354
1796.491
1796.63
1796.81
1796.99
1797.171
1798.02
1798.466
1798.912
1799.358
1799.804
1800.25
1800.939
1801.628
1802.317
1803.006
1803.695
1804.384
1805.073
1805.76
1806.142
1806.524
1806.906
1807.288
1807.67
1808.052
1808.434
1808.816
1809.198
1809.58
1809.962
1810.344
1810.72
1811.277
1811.834
1812.391
1812.948
1813.505
1814.062
1814.619
1815.176
1815.73
1816.281
1816.832
1817.383
1817.934
1818.485
1819.036
1819.587
1820.138
1820.689
1821.24
1821.79
1822.132
1822.475
1822.817
1823.159
1823.502
1823.844
1824.187
1824.53
1824.934
1825.338
1825.742
1826.146
1826.55
1826.954
1827.36
1827.678
1827.996
1828.314
1828.632
1828.95
1829.268
1829.586
1829.904
1830.222
1830.54
1830.862
1831.185
1831.507
1831.83
1832.06
1832.29
1832.52
1832.75
1832.98
1833.21
1833.416
1833.622
1833.828
1834.034
1834.24
1834.446
1834.652
1834.858
1835.064
1835.27
1835.476
1835.682
1835.89
1836.181
1836.472
1836.763
1837.054
1837.345
1837.636
1837.93
1838.28
1838.63
1838.98
1839.33
1839.68
1840.03
1840.38
1840.73
1841.08
1841.43
1841.78
1841.996
1842.212
1842.428
1842.644
1842.86
1843.15
1843.44
1843.629
1843.818
1844.007
1844.196
1844.385
1844.574
1844.763
1844.952
1845.141
1845.33
1845.519
1845.708
1845.897
1846.09
1846.301
1846.512
1846.723
1846.934
1847.145
1847.356
1847.567
1847.78
1848.039
1848.298
1848.557
1848.816
1849.075
1849.335
1849.586
1849.837
1850.088
1850.339
1850.59
1850.841
1851.092
1851.34
1851.596
1851.852
1852.108
1852.364
1852.62
1852.876
1853.132
1853.388
1853.644
1853.9
1854.156
1854.412
1854.67
1854.855
1855.04
1855.225
1855.41
1855.595
1855.78
1855.965
1856.15
1856.337
1856.836
1857.007
1857.178
1857.349
1857.52
1857.677
1857.834
1857.991
1858.148
1858.305
1858.462
1858.619
1858.776
1858.933
1859.09
1859.247
1859.404
1859.561
1859.72
1859.979
1860.238
1860.497
1860.756
1861.015
1861.274
1861.53
1861.728
1861.926
1862.124
1862.322
1862.52
1862.718
1862.916
1863.115
1863.287
1863.459
1863.631
1863.803
1863.975
1864.147
1864.319
1864.49
1865.01
1865.45
1865.623
1865.796
1865.969
1866.136
1866.303
1866.47
1866.637
1866.804
1866.971
1867.135
1867.45
1868.116
1868.817
1869.518
1870.22
1870.716
1871.212
1871.708
1872.204
1872.7
1873.196
1873.692
1874.188
1874.68
1875.043
1875.406
1875.769
1876.132
1876.495
1876.858
1877.221
1877.584
1877.947
1878.31
1878.702
1879.095
1879.488
1879.88
1880.16
1880.44
1880.804
1881.168
1881.532
1881.896
1882.26
1882.624
1882.988
1883.35
1884.34
1884.642
1884.944
1885.246
1885.548
1885.85
1886.152
1886.454
1886.756
1887.058
1887.36
1887.66
1887.986
1888.312
1888.638
1888.964
1889.29
1889.616
1889.942
1890.268
1890.594
1890.921
1891.171
1891.42
1891.74
1892.06
1892.333
1892.606
1892.879
1893.152
1893.425
1893.698
1893.972
1894.345
1894.718
1895.09
1895.46
1895.83
1896.2
1896.57
1896.94
1897.31
1897.68
1898.05
1898.42
1898.79
1899.16
1899.53
1899.9
1900.27
1900.582
1900.894
1901.206
1901.518
1901.83
1902.142
1902.454
1902.766
1903.078
1903.39
1903.702
1904.014
1904.326
1904.638
1904.95
1906.81
1907.139
1907.468
1907.797
1908.126
1908.455
1908.784
1909.113
1909.442
1909.771
1910.1
1910.43
1910.783
1911.136
1911.49
1912.82
1913.69
1914.56
1914.865
1915.17
1915.42
1915.67
1915.925
1916.18
1916.801
1917.422
1918.356
1919.29
1919.968
1920.646
1921.324
1922.002
1922.68
1923.358
1924.036
1924.714
1925.392
1926.07
1926.75
1927.225
1927.7
1928.175
1928.65
1929.125
1929.6
1929.898
1930.196
1930.494
1930.792
1931.09
1931.39
1931.89
1932.537
1933.184
1933.83
1934.172
1934.514
1934.856
1935.198
1935.54
1935.882
1936.224
1936.566
1936.904
1937.137
1937.37
1937.603
1937.836
1938.07
1938.338
1938.606
1938.874
1939.14
1939.383
1939.626
1939.869
1940.112
1940.355
1940.598
1940.841
1941.084
1941.327
1941.57
1941.812
1942.025
1942.239
1942.453
1942.667
1942.88
1943.094
1943.308
1943.52
1943.868
1944.216
1944.563
1944.911
1945.259
1945.607
1945.955
1946.3
1947.14
1947.98
1948.204
1948.428
1948.652
1948.876
1949.1
1949.324
1949.548
1949.772
1950.0
1950.211
1950.422
1950.633
1950.844
1951.055
1951.266
1951.477
1951.688
1951.9
1952.109
1952.318
1952.527
1952.736
1952.945
1953.154
1953.363
1953.572
1953.78
1954.03
1954.28
1954.53
1954.78
1955.03
1955.28
1955.53
1955.78
1956.03
1956.28
1956.53
1956.775
1956.971
1957.167
1957.363
1957.559
1957.755
1957.951
1958.15
1958.402
1958.654
1958.906
1959.158
1959.41
1959.66
1960.034
1960.408
1960.782
1961.156
1961.53
1961.904
1962.278
1962.652
1963.026
1963.4
1963.77
1964.136
1964.502
1964.868
1965.234
1965.6
1965.966
1966.332
1966.698
1967.064
1967.43
1967.791
1968.29
1968.59
1968.89
1969.19
1969.49
1969.79
1970.113
1970.436
1970.759
1971.082
1971.405
1971.73
1971.974
1972.218
1972.462
1972.706
1972.95
1973.194
1973.438
1973.682
1973.926
1974.17
1974.414
1974.66
1975.029
1975.398
1975.767
1976.136
1976.505
1976.874
1977.243
1977.612
1977.98
1978.601
1979.222
1979.843
1980.464
1981.085
1981.706
1982.327
1982.948
1983.569
1984.19
1984.81
1985.168
1985.525
1985.883
1986.241
1986.599
1986.957
1987.315
1987.67
1987.974
1988.278
1988.582
1988.886
1989.19
1989.494
1989.798
1990.102
1990.406
1990.71
1990.926
1991.142
1991.358
1991.574
1991.79
1992.006
1992.222
1992.438
1992.65
1992.916
1993.182
1993.448
1993.714
1993.982
1994.164
1994.346
1994.528
1994.71
1994.892
1995.074
1995.256
1995.44
1995.664
1995.888
1996.112
1996.336
1996.56
1996.784
1997.008
1997.232
1997.455
1997.707
1997.959
1998.211
1998.463
1998.715
1998.967
1999.22
1999.432
1999.644
1999.856
2000.07
2000.332
2000.595
2000.858
2001.12
2001.325
2001.53
2001.735
2001.94
2002.19
2002.44
2002.894
2003.348
2003.802
2004.256
2004.71
2005.164
2005.618
2006.072
2006.53
2008.146
2009.762
2012.519
2015.276
2018.033
2020.79
2023.547
2026.304
2029.061
2031.818
2034.575
2037.332
2040.09
2040.33
2040.57
2040.81
2041.05
2041.29
2041.73
2042.17
2042.61
2043.05
2043.668
2044.286
2044.904
2045.522
2046.14
2046.76
2047.499
2048.238
2048.977
2049.716
2050.455
2051.194
2051.933
2052.672
2053.411
2054.15
2054.889
2055.628
2056.37
2056.86
2057.35
2057.84
2058.33
2058.672
2059.014
2059.356
2059.698
2060.04
2060.382
2060.724
2061.066
2061.408
2061.75
2062.092
2062.434
2062.78
2063.254
2063.728
2064.202
2064.676
2065.15
2065.624
2066.098
2066.572
2067.05
2067.28
2067.51
2067.74
2067.97
2068.199
2068.735
2069.271
2069.807
2070.343
2070.88
2071.181
2071.482
2071.783
2072.084
2072.385
2072.686
2072.987
2073.288
2073.59
2073.959
2074.328
2074.697
2075.066
2075.435
2075.804
2076.17
2076.64
2077.11
2077.58
2078.05
2078.52
2078.99
2079.46
2079.93
2080.4
2080.739
2081.078
2081.417
2081.756
2082.095
2082.434
2082.773
2083.11
2083.372
2083.634
2083.896
2084.158
2084.42
2084.857
2085.294
2085.731
2086.168
2086.605
2087.042
2087.479
2087.916
2088.353
2088.79
2089.23
2089.749
2090.268
2090.787
2091.306
2091.825
2092.344
2092.86
2093.148
2093.436
2093.724
2094.012
2094.3
2094.588
2094.876
2095.164
2095.452
2095.74
2096.027
2096.31
2096.716
2097.122
2097.528
2097.934
2098.34
2098.746
2099.152
2099.56
2099.827
2100.094
2100.361
2100.628
2100.895
2101.162
2101.429
2101.696
2101.96
2102.212
2102.464
2102.716
2102.968
2103.22
2103.472
2103.724
2103.976
2104.228
2104.48
2105.003
2105.526
2106.048
2106.57
2107.093
2107.615
2108.137
2108.66
2108.947
2109.235
2109.523
2109.811
2110.099
2110.387
2110.675
2110.96
2111.234
2111.508
2111.782
2112.056
2112.33
2112.604
2112.878
2113.152
2113.422
2113.996
2114.57
2115.144
2115.718
2116.292
2116.866
2117.44
2118.131
2118.822
2119.513
2120.204
2120.895
2121.586
2122.277
2122.97
2123.265
2123.56
2123.855
2124.15
2124.445
2124.74
2125.37
2126.0
2126.63
2127.26
2127.89
2128.52
2129.15
2129.78
2130.41
2131.04
2131.67
2132.3
2133.843
2135.386
2136.929
2138.472
2140.015
2141.558
2143.101
2144.644
2146.19
2147.103
2148.016
2148.929
2149.842
2150.755
2151.668
2152.581
2153.494
2154.41
2155.214
2156.018
2156.822
2157.626
2158.43
2158.856
2159.282
2159.708
2160.134
2160.56
2160.986
2161.412
2161.838
2162.264
2162.69
2163.116
2163.542
2163.968
2164.394
2164.82
2165.24
2165.562
2165.884
2166.206
2166.528
2166.85
2167.17
2167.463
2167.756
2168.049
2168.342
2168.635
2168.93
2169.211
2169.492
2169.773
2170.054
2170.334
2170.554
2170.774
2170.994
2171.214
2171.434
2171.654
2171.874
2172.094
2172.314
2172.534
2172.75
2173.106
2173.462
2173.818
2174.174
2174.53
2174.886
2175.24
2175.505
2175.77
2176.035
2176.3
2176.565
2176.83
2177.095
2177.36
2177.625
2177.89
2178.15
2178.667
2179.184
2179.7
2179.962
2180.224
2180.486
2180.748
2181.01
2181.272
2181.534
2181.796
2182.06
2182.394
2182.728
2183.062
2183.396
2183.73
2184.064
2184.398
2184.73
2185.22
2185.71
2186.2
2186.69
2187.18
2187.67
2188.069
2188.468
2188.867
2189.266
2189.665
2190.064
2190.463
2190.862
2191.261
2191.66
2191.998
2192.336
2192.674
2193.012
2193.35
2193.688
2194.026
2194.364
2194.702
2195.04
2196.109
2197.178
2198.247
2199.316
2200.385
2201.454
2202.52
2203.008
2203.496
2203.984
2204.472
2204.96
2205.448
2205.936
2206.424
2206.912
2207.4
2207.888
2208.376
2208.864
2209.35
2209.672
2209.994
2210.316
2210.64
2211.549
2212.458
2213.367
2214.276
2215.185
2216.094
2217.003
2217.91
2218.255
2218.6
2218.945
2219.29
2219.635
2219.98
2220.325
2220.67
2222.231
2223.792
2225.353
2226.914
2228.476
2228.928
2229.38
2229.607
2229.834
2230.06
2231.67
2233.28
2234.89
2235.404
2235.918
2236.432
2236.946
2237.46
2237.95
2238.44
2238.93
2239.16
2239.39
2239.62
2239.85
2240.08
2240.31
2240.54
2240.77
2241.0
2241.23
2241.46
2241.69
2242.247
2242.804
2243.361
2243.918
2244.475
2245.032
2245.59
2246.236
2246.882
2247.528
2248.174
2248.82
2249.466
2250.112
2250.76
2251.443
2252.126
2252.809
2253.492
2254.175
2254.858
2255.541
2256.224
2256.907
2257.59
2258.104
2258.618
2259.132
2259.646
2260.16
2260.49
2260.82
2261.15
2261.48
2261.81
2262.14
2262.47
2262.8
2263.185
2263.57
2263.955
2264.34
2264.725
2265.11
2265.456
2265.802
2266.148
2266.494
2266.84
2267.186
2267.532
2267.878
2268.22
2268.5
2268.78
2269.06
2269.34
2269.62
2269.9
2270.18
2270.46
2270.74
2271.02
2271.3
2271.58
2271.886
2272.192
2272.498
2272.804
2273.11
2273.416
2273.722
2274.028
2274.334
2274.64
2274.946
2275.25
2275.73
2276.21
2276.69
2277.17
2277.65
2278.13
2278.61
2278.989
2279.368
2279.747
2280.126
2280.505
2280.884
2281.263
2281.642
2282.021
2282.4
2282.78
2283.23
2283.68
2284.13
2284.58
2285.03
2285.48
2285.93
2286.38
2286.83
2287.28
2287.623
2287.966
2288.31
2288.64
2288.97
2289.3
2289.63
2289.96
2290.29
2290.62
2290.95
2291.144
2291.338
2291.532
2291.726
2291.92
2292.114
2292.308
2292.502
2292.696
2292.89
2293.084
2293.28
2293.612
2293.944
2294.276
2294.608
2294.94
2295.272
2295.604
2295.937
2296.149
2296.361
2296.573
2296.785
2296.997
2297.209
2297.421
2297.633
2297.845
2298.057
2298.27
2298.77
2299.08
2299.39
2299.7
2300.01
2300.32
2300.63
2300.94
2301.995
2303.05
2304.105
2305.16
2306.215
2307.27
2307.503
2307.736
2307.97
2308.25
2308.53
2308.81
2309.09
2309.37
2309.65
2309.93
2310.21
2310.49
2310.77
2311.05
2311.36
2311.67
2311.98
2312.29
2312.6
2312.91
2313.22
2313.53
2313.84
2314.15
2314.515
2314.88
2315.245
2315.61
2315.975
2316.34
2316.65
2316.96
2317.27
2317.58
2317.89
2318.2
2318.655
2319.11
2319.427
2319.744
2320.061
2320.378
2320.695
2321.012
2321.329
2321.646
2321.96
2322.376
2322.792
2323.208
2323.624
2324.04
2324.456
2324.872
2325.288
2325.704
2326.12
2326.507
2326.894
2327.281
2327.668
2328.055
2328.442
2328.829
2329.22
2329.556
2329.892
2330.228
2330.564
2330.9
2331.236
2331.57
2331.968
2332.366
2332.764
2333.162
2333.56
2333.958
2334.356
2334.754
2335.152
2335.55
2335.875
2336.2
2336.525
2336.85
2337.174
2337.357
2337.54
2337.723
2337.906
2338.09
2338.393
2338.696
2338.999
2339.302
2339.605
2339.908
2340.211
2340.514
2340.817
2341.12
2341.42
2341.695
2341.97
2342.245
2342.52
2342.795
2343.07
2343.345
2343.62
2343.895
2344.17
2344.445
2344.681
2344.917
2345.153
2345.389
2345.625
2345.861
2346.097
2346.333
2346.57
2346.937
2347.304
2347.671
2348.038
2348.405
2348.772
2349.139
2349.506
2349.873
2350.24
2350.61
2350.844
2351.078
2351.312
2351.546
2351.78
2352.014
2352.248
2352.48
2352.742
2353.004
2353.266
2353.528
2353.791
2354.077
2354.363
2354.649
2354.935
2355.221
2355.507
2355.79
2356.077
2356.365
2356.652
2356.94
2357.219
2357.498
2357.777
2358.056
2358.335
2358.614
2358.893
2359.172
2359.451
2359.73
2360.009
2360.29
2361.707
2363.124
2364.54
2365.37
2365.72
2366.07
2366.42
2366.77
2367.165
2367.56
2367.955
2368.35
2368.745
2369.141
2369.328
2369.515
2369.702
2369.889
2370.076
2370.263
2370.45
2370.637
2370.824
2371.011
2371.198
2371.39
2371.6
2371.95
2372.3
2372.65
2373.0
2373.35
2373.65
2373.95
2374.25
2374.502
2374.754
2375.006
2375.258
2375.51
2375.762
2376.015
2376.7
2377.385
2378.07
2378.755
2379.44
2380.125
2380.81
2381.245
2381.68
2382.115
2382.55
2382.985
2383.42
2384.281
2385.142
2386.003
2386.864
2387.725
2388.586
2389.447
2390.308
2391.169
2392.03
2392.89
2393.32
2393.75
2394.18
2394.61
2395.04
2395.47
2395.9
2396.24
2396.58
2396.92
2397.142
2397.364
2397.586
2397.808
2398.03
2398.252
2398.474
2398.696
2398.918
2399.14
2399.362
2399.58
2400.073
2400.566
2401.059
2401.552
2402.045
2402.538
2403.03
2403.348
2403.666
2403.984
2404.302
2404.62
2404.938
2405.256
2405.574
2405.892
2406.21
2406.53
2406.87
2407.21
2407.55
2407.89
2408.23
2408.57
2408.824
2409.078
2409.332
2409.586
2409.84
2410.129
2410.418
2410.707
2410.996
2411.285
2411.574
2411.863
2412.152
2412.44
2412.664
2412.888
2413.112
2413.336
2413.56
2413.784
2414.008
2414.23
2414.514
2414.798
2415.082
2415.366
2415.65
2416.014
2416.378
2416.742
2417.106
2417.47
2417.834
2418.198
2418.562
2418.926
2419.29
2419.65
2419.91
2420.17
2420.43
2420.69
2420.95
2421.211
2421.461
2421.71
2424.713
2427.716
2430.72
2431.134
2431.548
2431.962
2432.376
2432.79
2433.204
2433.618
2434.032
2434.446
2434.86
2435.163
2435.466
2435.769
2436.072
2436.374
2436.676
2436.979
2437.28
2437.468
2437.656
2437.844
2438.032
2438.22
2438.408
2438.596
2438.784
2438.972
2439.16
2439.35
2439.599
2439.848
2440.097
2440.346
2440.595
2440.844
2441.093
2441.342
2441.591
2441.84
2442.089
2442.338
2442.59
2442.829
2443.068
2443.307
2443.546
2443.785
2444.024
2444.263
2444.502
2444.741
2444.98
2445.344
2445.708
2446.072
2446.436
2446.8
2447.164
2447.528
2447.89
2448.124
2448.358
2448.592
2448.826
2449.06
2449.294
2449.53
2449.861
2450.192
2450.523
2450.854
2451.185
2451.516
2451.85
2452.445
2453.04
2453.635
2454.23
2454.825
2455.42
2455.871
2456.322
2456.773
2457.224
2457.675
2458.126
2458.58
2458.782
2458.984
2459.187
2459.391
2459.595
2459.799
2460.003
2460.207
2460.411
2460.615
2460.819
2461.02
2461.222
2461.424
2461.626
2461.828
2462.03
2462.23
2463.86
2464.11
2464.36
2464.61
2464.86
2466.347
2467.834
2469.32
2470.3
2470.996
2471.692
2472.388
2473.084
2473.78
2474.476
2475.172
2475.868
2476.564
2477.26
2477.956
2478.652
2479.35
2479.685
2480.02
2480.355
2480.69
2481.025
2481.36
2481.695
2482.03
2482.365
2482.7
2483.169
2483.638
2484.107
2484.576
2485.045
2485.514
2485.983
2486.452
2486.921
2487.39
2487.86
2488.104
2488.348
2488.592
2488.836
2489.08
2489.324
2489.568
2489.812
2490.056
2490.3
2490.544
2490.79
2491.402
2492.014
2492.626
2493.238
2493.85
2494.462
2495.074
2495.686
2496.3
2497.304
2498.308
2499.312
2500.316
2501.32
2502.324
2503.328
2504.332
2505.34
2506.652
2507.964
2509.276
2510.588
2511.9
2513.212
2514.524
2515.836
2517.148
2518.46
2519.772
2521.084
2522.4
2524.728
2527.056
2529.384
2531.712
2534.04
2534.512
2534.984
2535.456
2535.928
2536.4
2536.872
2537.344
2537.816
2538.288
2538.76
2539.101
2539.442
2539.783
2540.124
2540.465
2540.806
2541.147
2541.49
2542.012
2542.534
2543.056
2543.578
2544.1
2544.622
2545.144
2545.666
2546.19
2546.96
2547.73
2548.5
2549.27
2550.04
2550.81
2551.58
2552.393
2553.206
2554.019
2554.832
2555.645
2556.458
2557.271
2558.084
2558.897
2559.71
2560.211
2560.712
2561.213
2561.714
2562.215
2562.716
2563.217
2563.721
2564.032
2564.343
2564.654
2564.965
2565.276
2565.587
2565.898
2566.209
2566.52
2566.83
2567.354
2567.878
2568.402
2568.926
2569.45
2569.974
2570.498
2571.022
2571.55
2571.932
2572.314
2572.696
2573.078
2573.46
2573.842
2574.224
2574.606
2574.988
2575.37
2575.752
2576.13
2576.314
2576.498
2576.682
2576.866
2577.05
2577.234
2577.418
2577.602
2577.786
2577.97
2578.248
2578.526
2578.804
2579.082
2579.36
2579.64
2579.867
2580.094
2580.321
2580.548
2580.775
2581.0
2581.601
2582.202
2582.803
2583.404
2584.005
2584.606
2585.207
2585.808
2586.409
2587.01
2587.319
2587.628
2587.937
2588.246
2588.555
2588.864
2589.173
2589.482
2589.791
2590.1
2590.41
2590.777
2591.144
2591.511
2591.878
2592.245
2592.612
2592.979
2593.346
2593.713
2594.081
2594.448
2594.82
2595.112
2595.404
2595.696
2595.988
2596.28
2596.57
2597.023
2597.476
2597.929
2598.382
2598.835
2599.29
2599.652
2600.014
2600.376
2600.738
2601.1
2601.337
2601.574
2601.811
2602.048
2602.285
2602.522
2602.759
2602.996
2603.23
2603.444
2603.658
2603.872
2604.086
2604.3
2604.514
2604.73
2604.933
2605.136
2605.339
2605.542
2605.745
2605.95
2606.132
2606.314
2606.496
2606.678
2606.86
2607.042
2607.224
2607.408
2607.681
2607.954
2608.227
2608.5
2608.773
2609.046
2609.32
2609.597
2609.874
2610.151
2610.428
2610.705
2610.982
2611.259
2611.536
2611.81
2612.1
2612.39
2612.68
2612.97
2613.26
2613.55
2613.84
2614.13
2614.42
2614.71
2615.005
2615.3
2615.595
2615.89
2616.185
2616.48
2616.775
2617.07
2617.365
2617.66
2617.959
2618.258
2618.557
2618.856
2619.155
2619.454
2619.753
2620.052
2620.35
2620.529
2620.708
2620.887
2621.066
2621.245
2621.424
2621.603
2621.782
2621.961
2622.14
2622.319
2622.498
2622.677
2622.856
2623.03
2623.3
2623.57
2623.84
2624.11
2624.61
2624.841
2625.072
2625.303
2625.534
2625.765
2625.996
2626.227
2626.458
2626.69
2627.173
2627.655
2628.138
2628.62
2629.052
2629.484
2629.916
2630.348
2630.78
2631.212
2631.644
2632.076
2632.508
2632.94
2633.22
2633.5
2633.78
2634.06
2634.34
2634.62
2634.864
2635.108
2635.352
2635.596
2635.84
2636.127
2636.414
2636.701
2636.988
2637.275
2637.56
2638.096
2638.632
2639.168
2639.704
2640.24
2640.776
2641.312
2641.848
2642.384
2642.92
2643.456
2643.992
2644.528
2645.07
2645.338
2645.606
2645.874
2646.141
2646.409
2646.677
2646.945
2647.213
2647.481
2647.749
2648.016
2648.28
2648.594
2648.908
2649.222
2649.536
2649.85
2650.164
2650.478
2650.792
2651.106
2651.42
2651.73
2651.956
2652.182
2652.408
2652.634
2652.86
2653.086
2653.31
2653.536
2653.762
2653.988
2654.214
2654.44
2654.666
2654.89
2655.122
2655.354
2655.586
2655.818
2656.05
2656.282
2656.514
2656.746
2656.978
2657.21
2657.442
2657.67
2658.087
2658.504
2658.92
2659.78
2660.64
2661.5
2661.729
2661.958
2662.187
2662.416
2662.645
2662.874
2663.1
2663.54
2663.98
2664.42
2664.86
2665.3
2665.74
2666.18
2666.62
2667.06
2667.5
2667.94
2668.38
2668.69
2669.0
2669.31
2669.62
2669.894
2670.168
2670.442
2670.716
2670.99
2671.264
2671.538
2671.81
2672.081
2672.352
2672.623
2672.894
2673.165
2673.436
2673.71
2673.971
2674.232
2674.493
2674.754
2675.015
2675.276
2675.537
2675.8
2676.27
2676.74
2677.21
2677.68
2678.15
2678.62
2679.09
2680.097
2681.104
2682.111
2683.118
2684.125
2685.13
2685.437
2685.744
2686.051
2686.358
2686.665
2686.97
2687.238
2687.506
2687.774
2688.042
2688.31
2688.58
2689.4
2690.22
2690.593
2690.966
2691.339
2691.712
2692.365
2693.018
2693.671
2694.324
2694.977
2695.63
2695.904
2696.178
2696.452
2696.726
2697.0
2697.274
2697.548
2697.822
2698.096
2698.37
2698.64
2699.183
2699.726
2700.269
2700.812
2701.355
2701.898
2702.441
2702.984
2703.53
2703.866
2704.202
2704.538
2704.874
2705.21
2705.546
2705.882
2706.218
2706.55
2706.992
2707.434
2707.876
2708.318
2708.76
2709.202
2709.644
2710.086
2710.528
2710.97
2711.41
2712.037
2712.664
2713.291
2713.918
2714.545
2715.17
2715.971
2716.772
2717.573
2718.374
2719.175
2719.976
2720.777
2721.58
2721.885
2722.19
2722.495
2722.8
2723.105
2723.41
2723.715
2724.02
2725.13
2725.491
2725.852
2726.213
2726.574
2726.935
2727.296
2727.657
2728.018
2728.379
2728.74
2729.1
2729.826
2730.552
2731.278
2732.004
2732.73
2733.456
2734.182
2734.908
2735.634
2736.36
2737.086
2737.81
2738.436
2739.062
2739.688
2740.314
2740.94
2741.566
2742.192
2742.818
2743.44
2745.504
2747.568
2749.632
2751.696
2753.76
2754.286
2754.812
2755.338
2755.864
2756.39
2756.916
2757.44
2758.99
2760.54
2762.09
2763.64
2765.19
2766.74
2768.29
2768.522
2768.754
2768.986
2769.218
2769.45
2769.682
2769.914
2770.146
2770.378
2770.61
2770.842
2771.07
2772.16
2772.522
2772.884
2773.246
2773.608
2773.97
2774.332
2774.694
2775.056
2775.418
2775.78
2776.486
2777.192
2777.898
2778.604
2779.31
2780.016
2780.722
2781.428
2782.134
2782.84
2783.601
2784.362
2785.123
2785.884
2786.645
2787.406
2788.167
2788.928
2789.69
2790.696
2791.702
2792.708
2793.714
2794.719
2794.898
2795.077
2795.256
2795.435
2795.614
2795.793
2795.972
2796.151
2796.33
2796.51
2796.727
2796.944
2797.161
2797.378
2797.595
2797.812
2798.029
2798.246
2798.463
2798.68
2798.897
2799.114
2799.329
2799.49
2799.651
2799.812
2799.973
2800.134
2800.295
2800.456
2800.62
2800.893
2801.166
2801.439
2801.712
2801.985
2802.258
2802.53
2802.889
2803.248
2803.607
2803.966
2804.325
2804.684
2805.04
2805.609
2806.178
2806.747
2807.316
2807.885
2808.454
2809.023
2809.592
2810.161
2810.73
2811.295
2811.483
2811.671
2811.858
2812.046
2812.233
2812.421
2812.608
2812.796
2812.983
2813.17
2813.56
2813.95
2814.34
2814.73
2815.12
2815.512
2815.756
2816.0
2816.244
2816.488
2816.732
2816.976
2817.22
2817.491
2817.762
2818.033
2818.304
2818.575
2818.846
2819.117
2819.388
2819.659
2819.93
2820.443
2820.956
2821.47
2822.53
2822.876
2823.222
2823.568
2823.914
2824.26
2824.606
2824.952
2825.298
2825.644
2825.99
2826.34
2826.701
2827.062
2827.423
2827.784
2828.145
2828.506
2828.867
2829.23
2829.591
2829.952
2830.313
2830.674
2831.035
2831.396
2831.757
2832.12
2832.585
2833.05
2833.515
2833.98
2834.445
2834.91
2835.466
2836.022
2836.578
2837.134
2837.69
2838.246
2838.802
2839.358
2839.914
2840.47
2841.03
2841.579
2842.128
2842.677
2843.226
2843.775
2844.324
2844.873
2845.42
2845.944
2846.468
2846.992
2847.516
2848.04
2848.667
2849.294
2849.921
2850.548
2851.175
2851.8
2852.325
2852.85
2853.375
2853.9
2854.425
2854.95
2855.475
2856.0
2856.525
2857.05
2857.57
2857.92
2858.27
2858.62
2858.97
2859.32
2859.67
2860.02
2860.37
2860.72
2861.13
2861.54
2861.93
2862.32
2862.71
2863.1
2863.49
2863.88
2864.27
2864.844
2865.418
2865.992
2866.566
2867.14
2867.714
2868.29
2868.61
2868.93
2869.25
2869.57
2869.89
2870.21
2870.557
2870.904
2871.251
2871.6
2871.985
2872.37
2872.755
2873.14
2873.874
2874.608
2875.342
2876.076
2876.81
2877.544
2878.278
2879.01
2879.267
2879.524
2879.781
2880.038
2880.295
2880.552
2880.81
2881.998
2883.186
2884.374
2885.562
2886.75
2887.199
2887.648
2888.097
2888.546
2888.995
2889.444
2889.89
2890.459
2891.028
2891.597
2892.166
2892.735
2893.304
2893.873
2894.442
2895.011
2895.58
2896.149
2896.718
2897.29
2897.804
2898.318
2898.832
2899.346
2899.86
2900.238
2900.616
2900.994
2901.372
2901.75
2902.128
2902.506
2902.884
2903.26
2903.76
2904.038
2904.316
2904.594
2904.872
2905.15
2905.428
2905.706
2905.984
2906.262
2906.54
2906.818
2907.1
2907.437
2907.774
2908.111
2908.448
2908.785
2909.122
2909.46
2909.852
2910.244
2910.636
2911.028
2911.42
2911.81
2912.103
2912.396
2912.689
2912.982
2913.275
2913.568
2913.861
2914.154
2914.445
2914.892
2915.34
2915.747
2916.154
2916.561
2916.968
2917.375
2917.782
2918.189
2918.596
2919.0
2919.602
2920.204
2920.806
2921.408
2922.012
2922.202
2922.392
2922.582
2922.772
2922.962
2923.152
2923.342
2923.532
2923.72
2924.648
2925.576
2926.504
2927.432
2928.36
2929.29
2930.2
2930.829
2931.049
2931.269
2931.489
2931.709
2931.929
2932.149
2932.37
2933.18
2933.99
2934.846
2935.702
2936.558
2937.414
2938.27
2939.126
2939.982
2940.84
2942.294
2943.748
2945.202
2946.656
2948.11
2949.564
2951.018
2952.472
2953.926
2955.38
2956.83
2957.061
2957.292
2957.523
2957.754
2957.985
2958.216
2958.447
2958.678
2958.91
2959.261
2959.612
2959.963
2960.314
2960.665
2961.016
2961.367
2961.718
2962.069
2962.42
2962.77
2963.189
2963.608
2964.027
2964.446
2964.865
2965.284
2965.703
2966.122
2966.541
2966.96
2967.379
2967.798
2968.22
2968.683
2969.146
2969.609
2970.072
2970.535
2970.998
2971.46
2972.173
2972.886
2973.599
2974.312
2975.025
2975.738
2976.451
2977.164
2977.88
2978.145
2978.41
2978.675
2978.94
2979.205
2979.47
2979.735
2980.0
2980.592
2981.184
2981.776
2982.368
2982.96
2983.552
2984.144
2984.736
2985.328
2985.92
2986.254
2986.588
2986.922
2987.256
2987.59
2987.924
2988.258
2988.592
2988.926
2989.26
2989.59
2990.182
2990.774
2991.367
2991.959
2992.551
2993.144
2993.736
2994.33
2994.762
2995.195
2995.628
2996.061
2996.494
2996.927
2997.36
2997.79
2998.372
2998.954
2999.536
3000.118
3000.7
3001.28
3001.657
3002.034
3002.411
3002.788
3003.165
3003.542
3003.919
3004.296
3004.673
3005.05
3005.427
3005.8
3006.133
3006.465
3006.798
3007.13
3007.463
3007.796
3008.128
3008.46
3008.915
3009.37
3009.825
3010.28
3010.735
3011.19
3011.687
3012.184
3012.681
3013.178
3013.675
3014.172
3014.669
3015.166
3015.66
3015.966
3016.272
3016.578
3016.884
3017.19
3017.496
3017.802
3018.108
3018.41
3018.706
3019.002
3019.298
3019.594
3019.89
3020.186
3020.48
3020.657
3020.834
3021.011
3021.188
3021.365
3021.542
3021.719
3021.896
3022.073
3022.25
3022.427
3022.604
3022.78
3023.363
3023.945
3024.528
3025.11
3025.693
3026.276
3026.858
3027.44
3028.008
3028.575
3029.142
3029.709
3030.276
3030.843
3031.41
3031.98
3033.369
3034.758
3036.147
3037.536
3038.925
3040.314
3041.703
3043.09
3043.315
3043.54
3043.765
3043.99
3044.215
3044.44
3044.665
3044.89
3045.385
3045.88
3046.375
3046.87
3047.365
3047.86
3048.355
3048.85
3049.345
3049.84
3050.335
3050.83
3051.325
3051.82
3052.32
3052.698
3053.075
3053.452
3053.83
3054.207
3054.584
3054.961
3055.338
3055.716
3056.093
3056.47
3056.85
3058.23
3059.61
3059.976
3060.342
3060.708
3061.074
3061.44
3061.806
3062.172
3062.538
3062.904
3063.27
3063.636
3064.0
3064.548
3065.096
3065.644
3066.192
3066.74
3067.288
3067.836
3068.384
3068.93
3069.491
3070.052
3070.613
3071.174
3071.735
3072.296
3072.857
3073.42
3073.956
3074.492
3075.028
3075.564
3076.101
3076.6
3076.79
3076.98
3077.17
3077.36
3077.55
3077.74
3077.93
3078.12
3078.308
3078.682
3079.056
3079.43
3079.804
3080.178
3080.55
3080.902
3081.254
3081.606
3081.958
3082.31
3082.662
3083.014
3083.366
3083.718
3084.07
3084.07
3084.07
3084.07
