21.404
22.739
24.074
25.41
25.972
26.534
27.096
27.658
28.22
28.782
29.344
29.906
30.468
31.03
31.592
32.15
33.023
33.896
34.769
35.642
36.515
37.39
37.794
38.198
38.602
39.006
39.41
39.814
40.22
40.89
41.56
42.23
42.9
43.57
44.24
44.559
44.878
45.197
45.516
45.835
46.154
46.47
46.831
47.192
47.553
47.914
48.275
48.636
48.997
49.36
50.43
51.5
52.57
53.185
53.8
54.415
55.03
55.645
56.26
56.875
57.49
58.105
58.72
59.013
59.305
59.597
59.889
60.181
60.474
60.766
61.06
61.464
61.868
62.272
62.676
63.08
63.484
63.89
64.254
64.618
64.982
65.346
65.71
66.074
66.438
66.8
67.179
67.558
67.937
68.316
68.695
69.074
69.453
69.83
70.287
70.745
71.203
71.66
72.117
72.575
73.032
73.49
74.09
74.69
75.29
75.72
76.15
76.58
77.01
77.44
77.87
78.3
78.73
79.207
79.684
80.161
80.638
81.115
81.592
82.069
82.546
83.02
83.443
83.866
84.289
84.712
85.135
85.558
85.98
86.449
86.918
87.387
87.856
88.325
88.794
89.26
89.533
89.806
90.079
90.352
90.625
90.9
91.28
91.66
92.04
92.42
92.8
93.18
93.56
93.94
94.32
94.7
95.08
95.557
96.034
96.511
96.988
97.465
97.942
98.419
98.896
99.373
99.85
100.327
100.8
101.114
101.428
101.742
102.056
102.37
102.684
102.998
103.312
103.626
103.94
104.24
104.54
104.84
105.14
105.391
105.642
105.893
106.144
106.395
106.646
106.897
107.15
108.543
109.936
111.329
112.72
113.401
114.082
114.763
115.444
116.125
116.806
117.487
118.168
118.849
119.53
120.084
120.638
121.192
121.746
122.3
122.623
122.946
123.269
123.592
123.915
124.238
124.561
124.884
125.207
125.53
125.853
126.176
126.499
126.822
127.15
127.618
128.086
128.554
129.022
129.49
129.759
130.028
130.297
130.566
130.835
131.104
131.373
131.64
132.27
132.9
133.53
134.16
134.79
135.42
136.05
136.68
137.312
137.874
138.436
138.998
139.56
140.122
140.684
141.246
141.81
142.116
142.422
142.728
143.034
143.34
143.646
143.952
144.258
144.56
145.139
145.718
146.297
146.876
147.455
148.034
148.613
149.192
149.771
150.35
150.93
151.889
152.848
153.807
154.766
155.725
156.684
157.64
158.0
158.36
158.72
159.08
159.44
159.8
160.16
160.52
160.88
161.24
161.6
161.933
162.266
162.599
162.931
163.264
163.597
163.93
164.263
164.596
164.929
165.262
165.59
166.77
167.173
167.576
167.979
168.382
168.785
169.19
169.688
170.185
170.683
171.18
171.678
172.175
172.673
173.17
173.638
174.106
174.574
175.042
175.51
175.978
176.446
176.914
177.382
177.85
178.318
178.786
179.254
179.72
180.439
181.158
181.877
182.596
183.317
183.548
183.779
184.01
184.241
184.472
184.703
184.934
185.165
185.4
186.002
186.604
187.206
187.808
188.41
189.01
189.268
189.526
189.784
190.042
190.3
190.558
190.816
191.074
191.33
191.936
192.542
193.148
193.754
194.36
194.966
195.572
196.18
196.658
197.136
197.614
198.092
198.57
199.048
199.526
200.004
200.482
200.96
201.438
201.916
202.4
203.347
204.294
205.24
205.666
206.092
206.518
206.944
207.37
207.796
208.222
208.648
209.07
209.402
209.734
210.066
210.398
210.73
211.062
211.394
211.726
212.058
212.39
212.79
213.19
213.59
213.99
214.39
214.79
215.19
215.59
215.99
216.39
216.79
217.212
217.635
218.058
218.48
219.165
219.85
220.24
220.63
221.02
221.41
221.8
222.19
222.58
222.97
223.36
223.75
224.14
224.462
224.784
225.106
225.428
225.75
226.072
226.394
226.716
227.038
227.36
227.97
228.58
229.19
229.8
230.41
231.02
231.63
231.981
232.332
232.683
233.034
233.385
233.736
234.087
234.438
234.789
235.14
235.476
235.812
236.148
236.484
236.82
237.156
237.492
237.828
238.164
238.5
238.84
239.341
239.842
240.343
240.844
241.345
241.846
242.347
242.848
243.349
243.85
244.136
244.422
244.708
244.994
245.28
245.566
245.852
246.14
246.441
246.742
247.043
247.344
247.645
247.946
248.25
248.788
249.326
249.864
250.402
250.94
251.478
252.016
252.554
253.09
253.336
253.582
253.828
254.074
254.32
254.566
254.81
255.111
255.412
255.713
256.014
256.315
256.616
256.917
257.218
257.519
257.82
258.122
258.424
258.726
259.028
259.33
259.632
259.934
260.236
260.538
260.839
261.175
261.511
261.847
262.183
262.519
262.855
263.191
263.53
263.779
264.028
264.277
264.526
264.775
265.024
265.273
265.522
265.771
266.02
266.269
266.518
266.767
267.016
267.27
269.3
270.237
271.174
272.111
273.048
273.985
274.922
275.859
276.796
277.733
278.67
279.607
280.54
281.174
281.808
282.442
283.076
283.71
284.344
284.978
285.612
286.246
286.88
287.51
288.053
288.596
289.139
289.682
290.225
290.768
291.311
291.854
292.4
292.606
292.812
293.018
293.224
293.43
293.636
293.84
294.163
294.486
294.809
295.132
295.455
295.778
296.1
296.399
296.698
296.997
297.296
297.595
297.894
298.193
298.49
298.83
299.17
299.51
299.85
300.19
300.53
300.87
301.21
301.55
301.89
302.23
302.57
302.91
303.391
303.872
304.353
304.834
305.315
305.796
306.277
306.76
308.39
310.02
310.553
311.086
311.619
312.152
312.685
313.22
313.678
314.135
314.592
315.049
315.506
315.963
316.421
316.878
317.335
317.792
318.249
318.71
319.245
319.78
320.315
320.85
321.969
323.088
324.207
325.326
326.445
327.564
328.683
329.802
330.92
331.917
332.914
333.91
334.299
334.688
335.077
335.466
335.855
336.244
336.633
337.022
337.411
337.8
338.135
338.47
338.805
339.14
339.475
339.81
340.318
340.826
341.334
341.842
342.35
342.86
343.117
343.374
343.631
343.888
344.145
344.402
344.659
344.916
345.172
345.414
345.656
345.898
346.14
346.38
346.687
346.994
347.301
347.608
347.915
348.222
348.53
349.67
350.81
351.95
353.09
354.23
355.37
356.273
357.176
358.08
358.36
358.64
358.92
359.2
359.48
359.76
360.04
360.369
360.698
361.027
361.356
361.685
362.014
362.343
362.672
363.0
363.487
363.974
364.461
364.948
365.435
365.92
366.205
366.49
366.775
367.06
367.345
367.63
367.915
368.2
368.485
368.77
369.055
369.34
369.752
370.164
370.576
370.988
371.4
371.812
372.224
372.636
373.048
373.46
373.872
374.28
374.894
375.508
376.122
376.736
377.35
377.672
377.994
378.316
378.638
378.96
379.282
379.604
379.926
380.25
380.584
380.918
381.252
381.586
381.92
382.254
382.588
382.922
383.26
383.556
383.852
384.148
384.444
384.74
385.036
385.332
385.63
386.645
387.66
388.675
389.69
390.705
391.72
392.735
393.75
394.765
395.78
396.791
397.041
397.29
397.733
398.175
398.618
399.06
399.502
399.945
400.387
400.83
401.433
402.036
402.639
403.242
403.845
404.448
405.05
405.415
405.78
406.145
406.51
406.875
407.24
407.605
407.97
408.335
408.7
409.118
409.536
409.954
410.372
410.79
411.208
411.626
412.044
412.462
412.88
413.785
414.69
415.595
416.5
417.405
418.31
419.215
420.12
421.714
423.308
424.902
426.496
428.09
428.427
428.764
429.101
429.438
429.775
430.112
430.45
431.095
431.74
432.385
433.03
433.675
434.32
434.965
435.61
436.255
436.9
437.347
437.794
438.241
438.688
439.135
439.582
440.029
440.476
440.923
441.37
441.828
442.286
442.744
443.202
443.66
444.118
444.576
445.034
445.492
445.95
446.423
446.896
447.369
447.842
448.315
448.788
449.261
449.734
450.207
450.68
451.153
451.63
451.971
452.312
452.653
452.994
453.335
453.676
454.017
454.358
454.699
455.04
455.384
455.569
455.754
455.939
456.124
456.309
456.494
456.679
456.864
457.05
457.445
457.84
458.235
458.63
459.025
459.42
459.815
460.21
460.605
461.0
461.39
462.36
462.85
463.34
463.83
464.32
464.809
465.066
465.323
465.58
465.837
466.094
466.35
466.931
467.512
468.093
468.674
469.255
469.836
470.417
470.998
471.579
472.16
472.74
474.75
476.76
478.77
480.78
482.79
484.8
485.646
486.492
487.338
488.184
489.03
489.876
490.722
491.568
492.414
493.26
494.106
494.95
497.796
500.642
503.488
506.334
509.18
509.494
509.808
510.122
510.436
510.75
511.064
511.38
511.848
512.316
512.784
513.252
513.72
514.203
514.686
515.169
515.652
516.135
516.618
517.101
517.584
518.067
518.549
518.826
519.103
519.38
519.657
519.934
520.211
520.488
520.765
521.042
521.319
521.6
521.866
522.132
522.398
522.664
522.93
523.196
523.462
523.728
523.99
524.393
524.796
525.2
525.426
525.652
525.878
526.104
526.33
526.556
526.782
527.008
527.234
527.46
527.949
528.438
528.927
529.416
529.905
530.394
530.883
531.371
531.585
531.799
532.013
532.227
532.441
532.655
532.87
533.148
533.426
533.704
533.982
534.26
534.538
534.816
535.094
535.372
535.65
536.002
536.354
536.706
537.058
537.41
537.76
541.93
542.405
542.88
543.355
543.83
544.305
544.78
545.255
545.73
546.205
546.68
547.15
547.562
547.974
548.386
548.798
549.21
549.622
550.034
550.446
550.858
551.27
551.68
552.405
553.13
553.787
554.444
555.1
555.35
555.6
555.77
555.94
556.11
556.28
556.45
556.947
557.444
557.941
558.438
558.935
559.432
559.929
560.426
560.92
561.351
561.782
562.213
562.644
563.075
563.506
563.94
564.238
564.536
564.834
565.132
565.43
565.728
566.026
566.324
566.62
567.067
567.514
567.962
568.409
568.856
569.303
569.75
570.2
570.835
571.47
571.785
572.1
572.415
572.73
573.045
573.36
573.675
573.99
574.484
574.978
575.472
575.966
576.46
576.954
577.448
577.94
578.396
578.852
579.308
579.764
580.22
580.676
581.132
581.588
582.04
582.369
582.698
583.027
583.356
583.685
584.014
584.34
584.91
585.12
585.33
585.54
585.75
585.96
586.17
586.38
586.59
586.8
587.147
587.495
587.842
588.189
588.536
588.883
589.231
589.58
589.945
590.31
590.675
591.04
591.405
591.77
592.135
592.5
592.865
593.23
593.59
593.96
594.33
594.7
595.07
595.44
595.81
596.17
596.53
596.89
597.25
597.61
597.97
598.33
598.69
599.05
599.41
599.77
600.13
600.49
600.85
601.284
601.718
602.152
602.586
603.02
603.454
603.888
604.32
604.975
605.63
605.921
606.212
606.503
606.794
607.085
607.376
607.667
607.96
608.259
608.558
608.857
609.156
609.455
609.754
610.053
610.352
610.651
610.95
611.249
611.55
611.846
612.142
612.438
612.734
613.03
613.326
613.622
613.918
614.214
614.51
614.806
615.102
615.398
615.7
615.996
616.292
616.588
616.884
617.18
617.63
618.08
618.547
619.014
619.481
619.948
620.415
620.882
621.349
621.816
622.283
622.75
623.22
623.72
624.24
624.76
625.28
625.8
626.2
626.6
627.0
627.4
627.8
628.2
629.72
630.163
630.606
631.049
631.492
631.935
632.378
632.821
633.267
633.456
633.645
633.834
634.023
634.212
634.401
634.59
634.779
634.968
635.157
635.35
635.684
636.018
636.352
636.686
637.02
637.354
637.688
638.022
638.352
638.523
638.694
638.865
639.036
639.207
639.378
639.549
639.72
639.891
640.06
640.314
640.568
640.822
641.076
641.33
641.584
641.838
642.092
642.346
642.6
642.85
643.079
643.308
643.537
643.766
643.995
644.224
644.45
644.883
645.316
645.749
646.182
646.615
647.048
647.48
647.819
648.158
648.497
648.836
649.175
649.514
649.853
650.192
650.53
651.02
651.51
652.0
652.49
652.98
653.47
653.96
654.45
654.703
654.956
655.209
655.462
655.715
655.968
656.22
656.674
657.128
657.582
658.036
658.49
658.944
659.398
659.85
660.137
660.424
660.711
660.998
661.285
661.572
661.859
662.146
662.433
662.72
663.01
663.49
663.97
664.45
664.93
665.41
665.89
666.391
666.892
667.393
667.894
668.395
668.896
669.397
669.9
670.31
670.72
671.13
671.54
671.95
672.36
672.77
673.18
673.564
673.948
674.332
674.716
675.1
675.484
675.868
676.25
676.577
676.904
677.231
677.558
677.885
678.212
678.539
678.866
679.193
679.52
679.85
680.138
680.426
680.714
681.002
681.289
681.577
681.865
682.153
682.441
682.729
683.017
683.3
683.57
683.84
684.11
684.38
684.65
684.92
685.19
685.478
685.766
686.054
686.342
686.63
686.92
687.44
687.96
688.48
689.0
689.52
689.897
690.274
690.651
691.028
691.405
691.782
692.159
692.536
692.91
693.563
694.216
694.869
695.522
696.175
696.83
697.391
697.952
698.513
699.074
699.635
700.196
700.76
701.607
702.454
703.3
703.534
703.768
704.002
704.236
704.47
704.704
704.938
705.172
705.406
705.64
706.082
706.524
706.966
707.408
707.85
708.282
708.714
709.146
709.578
710.01
710.44
711.145
711.85
712.555
713.26
713.965
714.67
715.543
716.416
717.289
718.162
719.035
719.908
720.781
721.654
722.527
723.4
724.27
725.063
725.856
726.649
727.442
728.235
729.028
729.821
730.614
731.407
732.2
732.99
733.298
733.606
733.914
734.222
734.53
734.84
735.282
735.724
736.166
736.608
737.05
737.378
737.706
738.034
738.362
738.69
739.018
739.346
739.674
740.002
740.33
740.615
740.9
741.185
741.47
741.755
742.04
742.325
742.61
742.895
743.18
743.465
743.75
744.208
744.666
745.124
745.582
746.04
746.5
746.942
747.384
747.826
748.268
748.71
749.353
749.996
750.639
751.282
751.925
752.568
753.21
753.701
754.192
754.683
755.174
755.665
756.156
756.647
757.138
757.629
758.12
758.532
758.944
759.356
759.768
760.18
760.592
761.004
761.416
761.828
762.24
762.65
762.991
763.332
763.673
764.014
764.355
764.696
765.04
765.638
766.236
766.834
767.432
768.03
768.628
769.226
769.824
770.422
771.02
771.618
772.216
772.814
773.41
776.557
779.704
782.85
783.651
784.452
785.253
786.054
786.855
787.656
788.457
789.258
790.059
790.86
791.661
792.462
793.263
794.06
794.915
795.77
796.625
797.48
798.335
799.19
800.045
800.9
801.755
802.61
803.465
804.32
805.175
806.03
806.885
807.74
808.595
809.45
810.079
810.708
811.337
811.966
812.595
813.224
813.853
814.482
815.11
821.08
821.855
822.63
823.405
824.18
824.955
825.73
826.276
826.822
827.368
827.914
828.46
829.585
830.71
831.835
832.96
834.085
835.21
836.335
837.46
838.19
838.92
839.65
840.38
841.11
841.84
842.137
842.434
842.731
843.028
843.325
843.622
843.919
844.216
844.513
844.81
845.093
845.376
845.659
845.942
846.225
846.508
846.791
847.074
847.36
847.688
848.016
848.344
848.672
849.0
849.328
849.656
849.984
850.31
850.656
851.002
851.348
851.694
852.04
852.386
852.731
855.76
855.949
856.138
856.327
856.516
856.705
856.894
857.083
857.272
857.46
857.959
858.458
858.957
859.456
859.955
860.454
860.953
861.452
861.95
862.388
862.826
863.264
863.7
864.03
864.36
864.69
865.02
865.35
865.68
866.01
866.375
866.74
867.105
867.47
867.835
868.2
868.565
868.93
869.295
869.66
870.025
870.39
870.75
870.947
871.144
871.341
871.538
871.735
871.932
872.129
872.326
872.52
872.909
873.298
873.687
874.076
874.465
874.854
875.243
875.632
876.021
876.41
876.799
877.19
877.721
878.252
878.783
879.314
879.845
880.376
880.907
881.44
882.017
882.594
883.171
883.748
884.325
884.902
885.479
886.056
886.633
887.21
887.787
888.364
888.94
889.369
889.798
890.227
890.656
891.085
891.514
891.943
892.372
892.801
893.23
893.659
894.088
894.517
894.946
895.375
895.8
896.008
896.216
896.424
896.632
896.84
897.05
897.445
897.84
898.235
898.63
899.025
899.42
899.815
900.21
900.605
901.0
901.395
901.79
902.18
903.563
904.946
906.329
907.712
909.095
910.478
911.86
912.674
913.488
914.302
915.116
915.93
916.841
917.752
918.663
919.574
920.485
921.396
922.31
922.473
922.636
922.799
922.962
923.125
923.29
923.719
924.148
924.577
925.006
925.435
925.864
926.293
926.72
927.204
927.688
928.172
928.656
929.14
929.464
929.788
930.112
930.436
930.76
931.085
931.48
931.875
932.27
932.665
933.06
933.455
933.851
934.163
934.475
934.787
935.1
936.294
937.489
937.822
938.155
938.488
938.821
939.155
939.655
940.175
940.695
941.214
941.485
941.756
942.027
942.298
942.567
943.62
944.673
945.726
946.78
946.98
947.18
947.38
947.58
947.78
947.98
948.18
948.38
949.291
950.202
951.113
952.024
952.935
953.846
954.76
955.126
955.492
955.858
956.224
956.59
956.956
957.322
957.69
958.27
958.85
959.43
960.01
960.59
961.17
961.75
962.33
962.91
963.49
967.958
968.289
968.62
968.95
969.446
969.942
970.438
970.934
971.43
971.926
972.422
972.918
973.652
974.387
974.665
974.943
975.22
975.858
976.496
977.134
977.772
978.412
978.967
979.522
980.077
980.632
980.965
981.298
981.631
981.964
982.295
982.503
982.711
982.919
983.127
983.335
983.543
983.751
983.959
984.17
984.428
984.687
984.946
985.204
986.12
986.828
987.183
987.538
987.893
988.248
988.603
988.958
989.313
989.668
990.023
990.378
990.733
991.088
991.443
991.8
992.419
993.038
993.657
994.276
994.895
995.514
996.133
996.75
997.0
997.25
997.58
998.783
999.986
1001.19
1001.645
1002.1
1002.555
1003.01
1003.465
1003.92
1004.375
1004.83
1005.107
1005.384
1005.661
1005.938
1006.215
1006.49
1006.84
1007.19
1007.54
1007.89
1008.24
1008.59
1008.94
1009.29
1009.64
1009.99
1010.367
1010.744
1011.121
1011.498
1011.875
1012.252
1012.629
1013.006
1013.383
1013.76
1014.142
1014.36
1014.578
1014.796
1015.014
1015.232
1015.45
1015.668
1015.886
1016.1
1016.648
1017.196
1017.744
1018.292
1018.84
1019.27
1019.7
1020.13
1020.56
1020.99
1021.42
1021.85
1022.28
1022.677
1023.074
1023.471
1023.868
1024.265
1024.662
1025.06
1025.318
1025.576
1025.834
1026.092
1026.35
1026.608
1026.866
1027.124
1027.382
1027.64
1027.984
1028.328
1028.672
1029.016
1029.36
1029.704
1030.048
1030.39
1030.88
1031.37
1031.86
1032.35
1032.84
1033.329
1033.678
1034.027
1034.376
1034.725
1035.074
1035.423
1035.772
1036.121
1036.47
1036.819
1037.168
1037.52
1037.99
1038.46
1038.93
1039.708
1040.486
1041.264
1042.042
1042.82
1043.598
1044.376
1045.154
1045.932
1046.71
1046.963
1047.216
1047.469
1047.722
1047.975
1048.228
1048.481
1048.734
1048.987
1049.24
1049.53
1049.82
1050.11
1050.4
1050.69
1051.03
1051.37
1051.71
1052.05
1052.39
1052.73
1053.07
1053.41
1053.947
1054.484
1055.021
1055.558
1056.095
1056.632
1057.17
1058.025
1058.88
1059.828
1060.775
1061.723
1062.67
1063.618
1064.565
1065.513
1066.46
1066.719
1066.978
1067.237
1067.496
1067.755
1068.014
1068.273
1068.532
1068.791
1069.05
1070.14
1071.23
1072.32
1072.562
1072.804
1073.046
1073.288
1073.53
1073.772
1074.014
1074.256
1074.498
1074.74
1074.979
1075.172
1075.365
1075.558
1075.751
1075.944
1076.137
1076.33
1076.52
1076.851
1077.182
1077.513
1077.844
1078.175
1078.506
1078.84
1079.163
1079.486
1079.809
1080.132
1080.455
1080.778
1081.1
1082.1
1083.1
1083.378
1083.656
1083.934
1084.212
1084.49
1084.77
1085.113
1085.456
1085.799
1086.142
1086.485
1086.83
1087.324
1087.818
1088.312
1088.806
1089.3
1089.794
1090.288
1090.782
1091.276
1091.77
1092.26
1092.704
1093.148
1093.592
1094.036
1094.48
1094.668
1094.856
1095.044
1095.232
1095.42
1095.608
1095.796
1095.985
1096.336
1096.687
1097.038
1097.389
1097.74
1098.091
1098.442
1098.793
1099.144
1099.495
1099.85
1100.561
1101.272
1101.983
1102.694
1103.405
1104.116
1104.827
1105.54
1106.267
1106.994
1107.72
1108.033
1108.346
1108.659
1108.972
1109.285
1109.598
1109.911
1110.224
1110.537
1110.85
1111.163
1111.48
1111.883
1112.286
1112.689
1113.092
1113.495
1113.9
1114.153
1114.406
1114.659
1114.912
1115.165
1115.418
1115.67
1116.622
1117.575
1118.528
1119.48
1120.025
1120.57
1121.115
1121.66
1122.205
1122.75
1123.295
1123.84
1125.0
1126.16
1127.32
1128.48
1129.64
1130.8
1131.96
1133.12
1134.28
1135.44
1137.211
1138.982
1140.753
1142.524
1144.295
1146.066
1147.837
1149.608
1151.379
1153.15
1154.89
1156.63
1158.37
1160.11
1161.85
1162.668
1163.486
1164.304
1165.122
1165.94
1166.758
1167.576
1168.394
1169.212
1170.03
1170.848
1171.666
1172.484
1173.3
1173.732
1174.164
1174.596
1175.028
1175.46
1175.689
1175.918
1176.147
1176.376
1176.605
1176.834
1177.063
1177.29
1178.158
1179.025
1179.893
1180.761
1181.629
1182.496
1183.364
1184.23
1184.626
1185.022
1185.418
1185.814
1186.21
1186.466
1186.722
1186.978
1187.234
1187.49
1187.746
1188.002
1188.26
1188.98
1189.7
1190.42
1191.14
1191.86
1192.58
1193.3
1194.02
1194.74
1195.46
1196.899
1198.338
1199.777
1201.216
1202.655
1204.094
1205.53
1207.389
1209.248
1211.107
1212.966
1214.825
1216.684
1218.543
1220.402
1222.261
1224.12
1224.6
1225.08
1225.56
1226.04
1226.52
1227.0
1227.48
1227.96
1228.44
1228.92
1229.4
1229.589
1229.778
1229.967
1230.156
1230.345
1230.534
1230.723
1230.912
1231.101
1231.29
1231.479
1231.67
1232.446
1233.222
1233.998
1234.774
1235.55
1236.326
1237.104
1237.281
1237.458
1237.635
1237.812
1237.989
1238.166
1238.343
1238.52
1238.9
1239.28
1239.66
1240.04
1240.42
1240.8
1241.18
1241.56
1241.94
1242.834
1243.728
1244.622
1245.516
1246.41
1247.304
1248.198
1249.092
1249.986
1250.88
1251.366
1251.852
1252.338
1252.824
1253.31
1253.869
1254.428
1254.987
1255.546
1256.105
1256.664
1257.223
1257.782
1258.341
1258.9
1259.459
1260.018
1260.577
1261.136
1261.695
1262.254
1262.81
1263.222
1263.634
1264.046
1264.458
1264.87
1265.282
1265.694
1266.106
1266.518
1266.93
1267.342
1267.76
1268.265
1268.77
1269.275
1269.78
1270.43
1271.08
1271.73
1272.38
1273.03
1273.68
1274.33
1274.98
1275.63
1276.28
1276.93
1277.58
1278.23
1278.634
1279.038
1279.442
1279.846
1280.25
1280.654
1281.058
1281.46
1282.31
1283.16
1284.01
1284.86
1285.29
1285.72
1286.15
1286.51
1286.87
1287.214
1287.558
1287.902
1288.246
1288.59
1288.934
1289.278
1289.622
1289.97
1290.581
1291.192
1291.803
1292.414
1293.025
1293.636
1294.247
1294.858
1295.47
1300.81
1301.484
1302.158
1302.832
1303.506
1304.18
1304.854
1305.528
1306.2
1307.385
1308.57
1309.755
1310.94
1311.95
1312.75
1313.55
1314.35
1315.15
1315.348
1315.546
1315.744
1315.942
1316.14
1316.338
1316.535
1318.19
1318.518
1318.846
1319.174
1319.501
1323.37
1323.838
1324.306
1324.774
1325.242
1325.71
1326.178
1326.646
1327.114
1327.582
1328.05
1328.52
1328.726
1328.932
1329.138
1329.344
1329.55
1329.798
1330.046
1330.294
1330.542
1330.79
1331.038
1331.286
1331.534
1331.78
1332.041
1332.302
1332.563
1332.824
1333.085
1333.346
1333.607
1333.87
1337.3
1337.742
1338.184
1338.626
1339.068
1339.51
1339.952
1340.394
1340.836
1341.278
1341.72
1342.162
1342.604
1343.046
1343.488
1343.93
1344.372
1344.81
1346.59
1346.881
1347.172
1347.463
1347.754
1348.045
1348.336
1348.63
1348.951
1349.272
1349.593
1349.914
1350.235
1350.556
1350.877
1351.198
1351.52
1351.724
1351.928
1352.132
1352.336
1352.54
1352.744
1352.948
1353.15
1353.408
1353.666
1353.924
1354.182
1354.44
1354.698
1354.956
1355.214
1355.47
1356.038
1356.606
1357.174
1357.742
1358.31
1358.878
1359.446
1359.727
1360.008
1360.289
1360.57
1360.918
1361.266
1361.614
1361.962
1362.31
1362.658
1363.006
1363.354
1363.7
1364.1
1364.5
1364.9
1365.3
1365.7
1366.1
1366.5
1366.9
1367.365
1367.83
1368.295
1368.76
1369.225
1369.69
1370.028
1370.366
1370.704
1371.042
1371.38
1371.718
1372.056
1372.394
1372.73
1372.955
1373.18
1373.405
1373.63
1373.855
1374.08
1374.463
1374.846
1375.229
1375.612
1375.995
1376.378
1376.761
1377.144
1377.527
1377.91
1378.293
1378.68
1378.984
1379.288
1379.592
1379.896
1380.2
1380.504
1380.809
1381.029
1381.249
1381.469
1381.689
1381.909
1382.129
1382.35
1382.594
1382.838
1383.082
1383.326
1383.57
1383.814
1384.06
1384.491
1384.922
1385.353
1385.784
1386.215
1386.646
1387.077
1387.508
1387.94
1388.41
1388.88
1389.35
1389.82
1390.29
1390.76
1391.23
1391.504
1391.778
1392.052
1392.326
1392.6
1392.874
1393.148
1393.422
1393.696
1393.97
1394.169
1394.368
1394.567
1394.766
1394.965
1395.164
1395.363
1395.562
1395.761
1395.96
1396.159
1396.358
1396.557
1396.756
1396.955
1397.918
1398.88
1399.65
1400.42
1401.19
1401.88
1402.13
1402.38
1402.573
1402.766
1402.959
1403.152
1403.345
1403.538
1403.731
1403.924
1404.117
1404.31
1404.5
1405.247
1405.994
1406.741
1407.488
1408.235
1408.982
1409.729
1410.475
1413.989
1417.503
1421.017
1424.531
1428.045
1431.56
1432.105
1432.65
1433.195
1433.74
1434.285
1434.83
1435.098
1435.366
1435.634
1435.902
1436.17
1436.438
1436.706
1436.974
1437.242
1437.51
1437.78
1438.58
1439.38
1440.18
1440.98
1441.78
1442.259
1442.738
1443.217
1443.696
1444.175
1444.654
1445.133
1445.612
1446.091
1446.57
1447.533
1448.495
1449.457
1450.42
1451.383
1452.346
1453.309
1454.27
1455.126
1455.982
1456.838
1457.694
1458.55
1459.406
1460.262
1461.118
1461.974
1462.83
1464.361
1465.892
1467.423
1468.954
1470.485
1472.016
1473.55
1473.867
1474.184
1474.501
1474.818
1475.135
1475.452
1475.77
1475.932
1476.094
1476.256
1476.418
1476.58
1476.742
1476.904
1477.066
1477.23
1477.532
1477.834
1478.136
1478.438
1478.74
1479.04
1479.288
1479.536
1479.784
1480.032
1480.28
1480.528
1480.776
1481.024
1481.272
1481.52
1481.768
1482.02
1482.371
1482.722
1483.073
1483.424
1483.775
1484.126
1484.477
1484.828
1485.179
1485.53
1485.881
1486.232
1486.58
1486.81
1487.04
1487.27
1487.5
1487.73
1487.96
1488.19
1488.42
1488.65
1488.88
1489.108
1489.336
1489.564
1489.792
1490.02
1490.248
1490.476
1490.704
1490.932
1491.16
1491.39
1491.89
1492.205
1492.519
1492.833
1493.148
1493.462
1493.776
1494.091
1494.406
1494.671
1494.937
1495.202
1495.467
1495.733
1495.998
1496.264
1496.53
1497.092
1497.654
1498.216
1498.778
1499.34
1499.9
1500.949
1501.998
1503.047
1504.096
1505.145
1506.194
1507.243
1508.292
1509.341
1510.39
1510.838
1511.286
1511.734
1512.182
1512.63
1513.078
1513.526
1513.974
1514.422
1514.87
1515.318
1515.766
1516.214
1516.66
1517.128
1517.596
1518.064
1518.532
1519.0
1519.47
1519.933
1520.396
1520.859
1521.322
1521.785
1522.248
1522.711
1523.174
1523.637
1524.1
1524.56
1525.189
1525.818
1526.447
1527.076
1527.705
1528.334
1528.963
1529.592
1530.221
1530.85
1531.15
1531.45
1531.75
1532.05
1532.35
1532.65
1532.95
1533.25
1533.882
1534.514
1535.146
1535.778
1536.41
1537.043
1537.675
1538.31
1539.12
1539.786
1540.452
1541.118
1541.784
1542.45
1542.684
1542.918
1543.152
1543.386
1543.62
1543.854
1544.088
1544.322
1544.556
1544.79
1545.024
1545.258
1545.49
1545.946
1546.402
1546.858
1547.314
1547.77
1548.226
1548.68
1549.157
1549.634
1550.111
1550.588
1551.065
1551.542
1552.019
1552.496
1552.973
1553.45
1553.93
1554.71
1555.49
1556.27
1557.05
1557.83
1558.61
1559.39
1560.17
1560.666
1561.162
1561.658
1562.154
1562.65
1563.146
1563.642
1564.14
1564.527
1564.914
1565.301
1565.688
1566.075
1566.462
1566.849
1567.236
1567.62
1568.6
1569.204
1569.808
1570.412
1571.016
1571.62
1572.224
1572.828
1573.432
1574.036
1574.64
1574.949
1575.258
1575.567
1575.876
1576.185
1576.494
1576.8
1577.087
1577.374
1577.661
1577.948
1578.235
1578.522
1578.809
1579.096
1579.38
1579.672
1579.964
1580.256
1580.548
1580.84
1581.132
1581.424
1581.716
1582.008
1582.3
1582.592
1582.88
1583.107
1583.334
1583.561
1583.788
1584.015
1584.242
1584.469
1584.696
1584.923
1585.15
1585.691
1586.232
1586.773
1587.314
1587.855
1588.396
1588.937
1589.478
1590.019
1590.56
1591.1
1591.333
1591.566
1591.799
1592.032
1592.265
1592.498
1592.731
1592.964
1593.197
1593.43
1593.668
1593.906
1594.144
1594.382
1594.62
1594.861
1595.028
1595.195
1595.362
1595.529
1595.696
1595.863
1596.03
1596.197
1596.364
1596.531
1596.698
1596.865
1597.032
1597.199
1597.36
1597.589
1597.818
1598.047
1598.276
1598.505
1598.734
1598.963
1599.192
1599.42
1599.62
1599.82
1600.02
1600.22
1600.42
1600.62
1600.82
1601.02
1601.22
1601.42
1601.62
1601.82
1602.02
1602.22
1602.664
1603.108
1603.552
1603.996
1604.44
1604.884
1605.328
1605.772
1606.216
1606.66
1607.1
1607.556
1608.012
1608.468
1608.924
1609.38
1609.747
1610.114
1610.481
1610.848
1611.215
1611.58
1611.877
1612.174
1612.471
1612.768
1613.065
1613.362
1613.66
1614.056
1614.452
1614.848
1615.244
1615.64
1616.64
1617.64
1618.64
1619.64
1620.64
1621.64
1622.64
1623.64
1624.64
1625.64
1626.64
1627.64
1628.64
1629.64
1630.64
1631.69
1632.74
1633.79
1634.84
1635.89
1636.832
1637.774
1638.716
1639.658
1640.6
1641.542
1642.484
1643.426
1644.368
1645.31
1645.559
1645.808
1646.057
1646.306
1646.555
1646.804
1647.053
1647.3
1648.14
1648.98
1649.82
1650.66
1651.5
1652.34
1653.18
1654.02
1654.86
1655.7
1656.54
1656.807
1657.074
1657.341
1657.608
1657.875
1658.142
1658.409
1658.676
1658.943
1659.21
1659.48
1659.789
1660.098
1660.407
1660.716
1661.025
1661.334
1661.643
1661.95
1664.0
1664.409
1664.818
1665.227
1665.636
1666.045
1666.454
1666.863
1667.27
1667.58
1667.89
1668.2
1668.51
1668.82
1669.13
1669.44
1669.75
1670.06
1670.37
1670.885
1671.4
1671.915
1672.43
1672.945
1673.46
1673.975
1674.49
1675.005
1675.52
1676.035
1676.55
1677.07
1677.364
1677.658
1677.952
1678.246
1678.418
1678.59
1678.762
1678.934
1679.106
1679.278
1679.45
1679.62
1679.839
1680.058
1680.277
1680.496
1680.715
1680.934
1681.153
1681.372
1681.59
1682.54
1683.49
1684.44
1685.39
1686.34
1687.384
1688.428
1689.472
1690.516
1691.56
1692.604
1693.648
1694.692
1695.736
1696.78
1696.972
1697.164
1697.356
1697.548
1697.74
1697.932
1698.124
1698.32
1699.409
1700.498
1701.587
1702.676
1703.765
1704.854
1705.94
1706.646
1707.352
1708.058
1708.764
1709.47
1710.176
1710.882
1711.588
1712.294
1713.0
1713.71
1715.365
1717.02
1718.675
1720.33
1721.985
1723.64
1725.295
1726.949
1727.153
1727.357
1727.561
1727.765
1727.969
1728.173
1728.377
1728.581
1728.785
1728.99
1729.209
1729.428
1729.647
1729.866
1730.085
1730.304
1730.523
1730.742
1730.961
1731.18
1731.4
1731.613
1731.826
1732.039
1732.252
1732.465
1732.678
1732.891
1733.104
1733.317
1733.53
1733.74
1733.974
1734.208
1734.442
1734.676
1734.91
1735.144
1735.378
1735.612
1735.846
1736.08
1736.314
1736.548
1736.782
1737.02
1737.4
1737.78
1738.16
1738.54
1738.92
1739.3
1739.68
1740.06
1740.44
1740.82
1742.093
1743.366
1744.639
1745.912
1747.185
1748.458
1749.731
1751.004
1752.277
1753.55
1754.823
1756.1
1757.122
1758.144
1759.166
1760.188
1761.21
1762.232
1763.254
1764.276
1765.298
1766.32
1767.395
1768.47
1769.545
1770.62
1771.695
1772.77
1773.845
1774.92
1775.995
1777.07
1778.517
1779.964
1781.41
1781.66
1781.91
1782.491
1783.072
1783.652
1784.232
1787.726
1791.22
1791.669
1792.118
1792.567
1793.016
1793.465
1793.914
1794.363
1794.812
1795.261
1795.71
1796.001
1796.292
1796.583
1796.874
1797.165
1797.455
1797.651
1797.847
1798.043
1798.239
1798.435
1798.631
1798.83
1799.085
1799.34
1799.595
1799.85
1800.245
1800.64
1801.035
1801.43
1801.825
1802.22
1802.615
1803.01
1803.405
1803.8
1804.195
1804.59
1804.98
1805.37
1805.76
1806.15
1806.54
1806.93
1807.32
1807.71
1808.1
1808.49
1808.88
1809.27
1809.66
1810.111
1810.562
1811.013
1811.464
1811.915
1812.366
1812.817
1813.268
1813.719
1814.17
1814.62
1815.495
1816.37
1816.767
1817.164
1817.561
1817.958
1818.355
1818.752
1819.149
1819.546
1819.94
1820.162
1820.384
1820.606
1820.828
1821.05
1821.272
1821.494
1821.716
1821.94
1822.27
1822.6
1822.93
1823.26
1823.59
1823.92
1824.25
1824.58
1824.91
1825.24
1825.57
1825.9
1826.23
1826.849
1827.468
1828.087
1828.706
1829.325
1829.944
1830.563
1831.18
1831.939
1832.698
1833.457
1834.216
1834.975
1835.734
1836.49
1837.337
1838.184
1839.031
1839.878
1840.725
1841.572
1842.419
1843.266
1844.11
1844.547
1844.984
1845.421
1845.858
1846.295
1846.732
1847.169
1847.606
1848.043
1848.48
1848.917
1849.354
1849.79
1852.531
1855.272
1858.013
1860.754
1863.494
1863.981
1864.468
1864.955
1865.442
1865.929
1866.416
1866.903
1867.39
1867.877
1868.364
1868.851
1869.338
1869.825
1870.312
1870.799
1871.28
1872.617
1873.954
1875.291
1876.628
1877.965
1879.302
1880.639
1881.976
1883.31
1884.9
1886.49
1888.08
1889.67
1891.26
1892.85
1894.44
1896.03
1897.62
1899.21
1900.209
1901.208
1902.207
1903.206
1904.205
1905.204
1906.203
1907.2
1908.034
1908.868
1909.702
1910.536
1911.37
1912.204
1913.038
1913.872
1914.706
1915.54
1916.37
1919.277
1922.185
1925.092
1928.0
1928.226
1928.452
1928.678
1928.904
1929.13
1929.356
1929.582
1929.808
1930.034
1930.26
1930.486
1930.712
1930.938
1931.16
1932.0
1932.84
1933.68
1934.52
1935.36
1936.2
1937.04
1937.362
1937.684
1938.006
1938.328
1938.65
1938.972
1939.294
1939.616
1939.94
1940.345
1940.75
1941.155
1941.56
1941.965
1942.37
1942.775
1943.18
1943.585
1943.99
1944.395
1944.8
1945.274
1945.748
1946.222
1946.696
1947.17
1947.644
1948.121
1948.37
1948.62
1949.072
1949.524
1949.976
1950.428
1950.88
1951.332
1951.784
1952.237
1953.336
1954.435
1955.534
1956.633
1957.732
1958.831
1959.93
1960.362
1960.794
1961.875
1962.956
1964.037
1965.118
1966.2
1966.665
1967.13
1967.595
1968.06
1968.525
1968.99
1969.455
1969.92
1970.238
1970.556
1970.874
1971.192
1971.51
1971.828
1972.146
1972.464
1972.78
1972.975
1973.17
1973.365
1973.56
1973.755
1973.95
1974.145
1974.34
1974.71
1975.08
1975.45
1975.82
1976.19
1976.56
1977.14
1977.72
1978.3
1978.88
1979.46
1980.04
1980.62
1981.2
1981.78
1982.36
1982.94
1983.246
1983.552
1983.858
1984.164
1984.47
1984.776
1985.082
1985.388
1985.694
1986.0
1986.302
1986.491
1986.68
1986.869
1987.058
1987.247
1987.436
1987.625
1987.814
1988.003
1988.192
1988.381
1988.57
1988.76
1989.182
1989.604
1990.026
1990.45
1990.693
1990.936
1991.179
1991.422
1991.665
1991.908
1992.15
1992.523
1992.896
1993.269
1993.642
1994.015
1994.388
1994.76
1995.009
1995.258
1995.507
1995.756
1996.005
1996.254
1996.503
1996.75
1997.157
1997.564
1997.971
1998.378
1998.785
1999.192
1999.6
1999.911
2000.222
2000.533
2000.844
2001.155
2001.466
2001.777
2002.088
2002.399
2002.71
2003.99
2004.22
2004.45
2004.68
2004.91
2005.14
2005.37
2005.6
2005.876
2006.152
2006.428
2006.704
2006.98
2007.256
2007.532
2007.808
2008.08
2008.403
2008.726
2009.049
2009.372
2009.695
2010.018
2010.341
2010.664
2010.987
2011.31
2012.785
2014.26
2014.539
2014.818
2015.097
2015.376
2015.655
2015.934
2016.213
2016.492
2016.77
2016.996
2017.222
2017.448
2017.674
2017.9
2018.126
2018.352
2018.578
2018.8
2019.29
2019.78
2020.27
2020.76
2021.25
2021.74
2022.284
2022.828
2023.372
2023.916
2024.46
2025.004
2025.548
2026.092
2026.636
2027.18
2027.724
2028.27
2028.556
2028.842
2029.129
2029.415
2029.701
2029.989
2030.489
2030.818
2031.147
2031.476
2031.805
2032.132
2032.568
2033.004
2033.44
2033.876
2034.312
2034.749
2034.947
2035.145
2035.343
2035.541
2035.739
2035.937
2036.135
2036.333
2036.531
2036.729
2036.927
2037.123
2037.352
2037.581
2037.81
2038.039
2038.268
2038.497
2038.726
2038.956
2039.437
2039.918
2040.399
2040.88
2041.36
2041.67
2041.98
2042.29
2042.6
2042.91
2043.22
2043.53
2043.84
2043.961
2044.082
2044.203
2044.324
2044.445
2044.566
2044.687
2044.81
2045.087
2045.364
2045.641
2045.918
2046.195
2046.472
2046.75
2046.903
2047.056
2047.209
2047.362
2047.515
2047.666
2047.892
2048.118
2048.344
2048.57
2048.794
2049.119
2049.444
2049.769
2050.094
2050.418
2051.122
2051.826
2052.529
2052.868
2053.207
2053.546
2053.885
2054.224
2054.563
2054.902
2055.239
2055.478
2055.717
2055.956
2056.195
2056.434
2056.673
2056.909
2057.399
2057.889
2058.379
2058.869
2059.359
2059.849
2060.34
2060.867
2061.394
2061.921
2062.448
2062.975
2063.502
2064.029
2064.556
2065.083
2065.61
2065.88
2066.15
2066.42
2066.69
2066.96
2067.23
2067.5
2067.77
2067.964
2068.158
2068.352
2068.546
2068.74
2068.934
2069.128
2069.322
2069.52
2069.852
2070.184
2070.516
2070.848
2071.179
2071.478
2071.777
2072.076
2072.375
2072.674
2072.973
2073.272
2073.571
2073.87
2074.169
2074.468
2074.767
2075.07
2075.458
2075.846
2076.234
2076.622
2077.01
2077.398
2077.786
2078.174
2078.562
2078.949
2079.379
2079.809
2080.239
2080.669
2081.099
2081.53
2081.915
2082.3
2082.685
2083.07
2083.455
2083.84
2084.225
2084.61
2084.995
2085.38
2085.818
2086.256
2086.694
2087.132
2087.57
2088.008
2088.446
2088.884
2089.322
2089.76
2090.199
2090.688
2091.177
2091.666
2092.155
2092.644
2093.133
2093.622
2094.111
2094.6
2095.089
2095.578
2096.07
2096.653
2097.236
2097.819
2098.402
2098.985
2099.57
2099.876
2100.182
2100.488
2100.794
2101.1
2101.406
2101.712
2102.018
2102.324
2102.63
2102.934
2103.131
2103.328
2103.525
2103.722
2103.919
2104.116
2104.313
2104.51
2104.707
2104.904
2105.1
2105.478
2105.856
2106.234
2106.612
2106.99
2107.465
2107.94
2108.162
2108.384
2108.606
2108.829
2109.021
2109.213
2109.405
2109.597
2109.789
2109.981
2110.173
2110.365
2110.557
2110.745
2111.046
2111.347
2111.648
2111.95
2112.362
2112.774
2113.186
2113.598
2114.01
2114.195
2114.38
2114.565
2114.75
2114.935
2115.12
2115.347
2115.575
2115.802
2116.03
2116.255
2116.48
2116.705
2116.93
2117.398
2117.866
2118.334
2118.8
2119.174
2119.548
2119.922
2120.296
2120.67
2121.044
2121.42
2122.17
2122.92
2123.144
2123.368
2123.592
2123.816
2124.04
2124.264
2124.488
2124.712
2124.936
2125.16
2125.384
2125.608
2125.83
2126.228
2126.626
2127.024
2127.422
2127.82
2128.083
2128.346
2128.609
2128.872
2129.135
2129.398
2129.661
2129.924
2130.19
2130.436
2130.682
2130.928
2131.174
2131.42
2131.666
2131.91
2132.144
2132.378
2132.612
2132.846
2133.08
2133.314
2133.548
2133.782
2134.016
2134.25
2134.48
2134.743
2135.006
2135.269
2135.532
2135.795
2136.058
2136.321
2136.584
2136.847
2137.11
2137.373
2137.636
2137.899
2138.162
2138.42
2138.648
2138.876
2139.104
2139.33
2139.762
2140.195
2140.628
2141.06
2141.488
2141.916
2142.343
2142.77
2143.27
2143.464
2143.658
2143.852
2144.046
2144.24
2144.434
2144.628
2144.822
2145.016
2145.21
2145.404
2145.603
2145.891
2146.18
2146.411
2146.642
2146.873
2147.104
2147.335
2147.566
2147.8
2148.142
2148.484
2148.826
2149.168
2149.51
2149.852
2150.194
2150.536
2150.878
2151.22
2151.602
2151.984
2152.366
2152.748
2153.13
2153.512
2153.894
2154.276
2154.658
2155.04
2155.42
2155.949
2156.478
2157.007
2157.536
2158.065
2158.594
2159.123
2159.652
2160.181
2160.71
2161.24
2161.53
2161.82
2162.11
2162.4
2162.69
2162.98
2163.27
2163.56
2163.85
2164.14
2164.43
2164.72
2165.391
2166.062
2166.254
2166.446
2166.638
2166.83
2167.02
2167.74
2168.46
2168.667
2168.874
2169.081
2169.288
2169.495
2169.702
2169.909
2170.116
2170.32
2170.576
2170.832
2171.088
2171.344
2171.6
2171.856
2172.11
2172.598
2173.086
2173.574
2174.062
2174.55
2175.038
2175.529
2175.69
2175.851
2176.012
2176.173
2176.334
2176.495
2176.656
2176.82
2177.2
2177.58
2177.96
2178.34
2178.72
2179.1
2179.48
2179.86
2180.24
2180.62
2181.0
2182.26
2183.24
2184.22
2185.2
2185.555
2185.91
2186.265
2186.62
2186.975
2187.33
2187.605
2187.88
2188.155
2188.43
2188.705
2188.98
2189.393
2189.806
2190.219
2190.632
2191.045
2191.458
2191.872
2192.117
2192.362
2192.607
2192.852
2193.097
2193.342
2193.587
2193.83
2194.127
2194.424
2194.721
2195.018
2195.315
2195.612
2195.91
2196.166
2196.422
2196.678
2196.934
2197.19
2197.446
2197.702
2197.958
2198.21
2198.483
2198.756
2199.029
2199.302
2199.575
2199.848
2200.12
2200.506
2200.892
2201.278
2201.664
2202.05
2202.37
2202.69
2203.01
2203.33
2203.52
2203.816
2204.112
2204.408
2204.704
2204.999
2205.375
2205.751
2206.127
2206.503
2206.879
2207.255
2207.628
2207.972
2208.316
2208.66
2209.004
2209.35
2209.636
2209.922
2210.208
2210.494
2210.78
2211.066
2211.35
2211.681
2212.012
2212.343
2212.674
2213.005
2213.336
2213.67
2214.28
2214.89
2215.5
2216.11
2216.72
2217.33
2217.94
2218.55
2219.16
2219.47
2219.78
2220.09
2220.4
2220.739
2221.078
2221.417
2221.756
2222.095
2222.434
2222.773
2223.112
2223.451
2223.79
2224.13
2224.505
2224.88
2225.255
2225.63
2226.005
2226.38
2226.755
2227.13
2227.505
2227.88
2228.25
2228.734
2229.218
2229.702
2230.186
2230.67
2231.154
2231.638
2232.125
2232.396
2232.667
2232.938
2233.209
2233.48
2233.75
2233.978
2234.206
2234.434
2234.662
2234.89
2235.118
2235.346
2235.574
2235.8
2236.067
2236.334
2236.601
2236.868
2237.135
2237.402
2237.67
2237.848
2238.026
2238.204
2238.382
2238.56
2238.738
2238.919
2240.65
2240.904
2241.158
2241.412
2241.666
2241.92
2242.174
2242.43
2242.639
2242.848
2243.057
2243.266
2243.475
2243.684
2243.893
2244.102
2244.311
2244.52
2244.729
2244.938
2245.15
2245.521
2245.892
2246.263
2246.634
2247.005
2247.376
2247.747
2248.118
2248.49
2248.786
2249.082
2249.378
2249.674
2249.97
2250.266
2250.562
2250.858
2251.154
2251.45
2251.746
2252.04
2252.272
2252.504
2252.736
2252.968
2253.2
2253.432
2253.664
2253.896
2254.128
2254.36
2254.592
2254.82
2256.95
2257.747
2258.052
2258.358
2258.664
2258.97
2259.275
2259.58
2259.888
2260.196
2260.504
2260.812
2261.12
2261.428
2261.736
2262.041
2262.385
2262.729
2263.073
2263.417
2263.761
2264.105
2264.447
2264.786
2265.125
2265.464
2265.803
2266.142
2266.481
2266.82
2267.158
2268.051
2268.944
2269.837
2270.73
2271.622
2272.54
2273.447
2274.354
2275.261
2276.168
2277.075
2277.982
2278.889
2279.796
2280.703
2281.61
2282.517
2283.42
2284.11
2284.8
2285.49
2286.18
2286.602
2287.024
2287.446
2287.868
2288.29
2288.784
2289.278
2289.772
2290.266
2290.76
2290.948
2291.136
2291.324
2291.512
2291.7
2291.888
2292.076
2292.264
2292.45
2292.787
2293.124
2293.461
2293.798
2294.135
2294.472
2294.81
2295.088
2295.366
2295.644
2295.922
2296.2
2296.478
2296.756
2297.034
2297.31
2297.555
2297.8
2298.045
2298.29
2298.535
2298.78
2299.025
2299.27
2299.515
2299.76
2300.005
2300.25
2300.495
2300.74
2301.825
2302.91
2303.209
2303.508
2303.807
2304.106
2304.405
2304.704
2305.003
2305.302
2305.601
2305.9
2306.199
2306.5
2306.967
2307.435
2307.903
2308.37
2308.837
2309.305
2309.773
2310.24
2310.751
2311.262
2311.773
2312.284
2312.795
2313.306
2313.82
2314.387
2314.954
2315.521
2316.088
2316.655
2317.22
2317.427
2317.634
2317.841
2318.048
2318.255
2318.462
2318.669
2318.876
2319.083
2319.29
2319.5
2319.867
2320.234
2320.601
2320.968
2321.335
2321.702
2322.069
2322.436
2322.8
2323.054
2323.308
2323.562
2323.816
2324.07
2324.324
2324.578
2324.832
2325.09
2325.568
2326.046
2326.524
2327.002
2327.48
2327.958
2328.436
2328.914
2329.392
2329.87
2330.318
2330.766
2331.213
2331.66
2331.961
2332.262
2332.563
2332.864
2333.165
2333.466
2333.767
2334.07
2334.385
2334.7
2335.015
2335.33
2335.645
2335.96
2336.215
2336.47
2336.725
2338.6
2338.855
2339.11
2339.365
2339.62
2339.875
2340.13
2340.385
2340.64
2340.895
2341.15
2341.41
2341.599
2341.788
2341.977
2342.166
2342.355
2342.544
2342.733
2342.92
2343.335
2343.75
2344.165
2344.58
2344.995
2345.41
2345.852
2346.294
2346.736
2347.178
2347.62
2348.06
2348.254
2348.448
2348.642
2348.836
2349.03
2349.224
2349.418
2349.612
2349.806
2350.0
2350.19
2350.437
2350.684
2350.931
2351.178
2351.425
2351.672
2351.919
2352.166
2352.41
2353.475
2354.54
2355.224
2355.908
2356.592
2357.276
2357.96
2358.644
2359.33
2359.584
2359.838
2360.092
2360.346
2360.6
2360.854
2361.108
2361.362
2361.616
2361.87
2362.158
2362.446
2362.734
2363.022
2363.31
2363.598
2363.886
2364.174
2364.462
2364.75
2365.81
2366.1
2366.39
2366.68
2366.97
2367.26
2367.55
2367.84
2368.13
2368.42
2368.71
2369.152
2369.594
2370.036
2370.478
2370.92
2371.362
2371.804
2372.246
2372.688
2373.13
2373.572
2374.01
2374.36
2374.71
2375.06
2375.41
2375.76
2376.11
2376.46
2376.81
2377.068
2377.326
2377.584
2377.842
2378.1
2378.358
2378.616
2378.874
2379.132
2379.39
2379.648
2379.91
2380.363
2380.816
2381.269
2381.722
2382.175
2382.63
2383.11
2383.59
2384.07
2384.55
2385.03
2385.51
2385.99
2386.47
2386.95
2387.256
2387.562
2387.868
2388.174
2388.48
2388.786
2389.092
2389.4
2390.19
2390.98
2391.77
2392.56
2393.35
2394.14
2394.826
2395.512
2396.198
2396.884
2397.57
2398.256
2398.94
2399.473
2400.006
2400.539
2401.072
2401.605
2402.138
2402.671
2403.204
2403.737
2404.27
2404.744
2405.218
2405.692
2406.166
2406.64
2407.114
2407.588
2408.062
2408.536
2409.01
2409.484
2409.96
2412.24
2412.804
2413.368
2413.932
2414.496
2415.06
2415.624
2416.188
2416.752
2417.32
2418.478
2419.636
2420.794
2421.952
2423.11
2423.784
2424.458
2425.132
2425.806
2426.48
2427.154
2427.828
2428.502
2429.174
2430.385
2431.596
2432.807
2434.018
2435.23
2437.284
2439.338
2441.392
2443.446
2445.5
2446.471
2447.442
2448.413
2449.384
2450.355
2451.326
2452.297
2453.268
2454.239
2455.21
2456.181
2457.15
2457.653
2458.155
2458.658
2459.16
2459.662
2460.164
2460.667
2461.169
2461.671
2462.173
2462.675
2463.18
2463.495
2463.81
2464.125
2464.44
2464.755
2465.07
2465.385
2465.7
2466.0
2466.3
2466.6
2466.9
2467.675
2468.45
2469.034
2469.618
2470.202
2470.786
2471.37
2471.954
2472.538
2473.12
2473.398
2473.676
2473.954
2474.232
2474.51
2474.788
2475.066
2475.344
2475.622
2475.9
2476.18
2476.492
2476.804
2477.116
2477.428
2477.74
2478.05
2480.44
2480.757
2481.074
2481.391
2481.708
2482.025
2482.342
2482.659
2482.976
2483.293
2483.61
2483.93
2484.502
2485.074
2485.646
2486.218
2486.79
2487.362
2487.934
2488.506
2489.08
2489.512
2489.944
2490.376
2490.808
2491.24
2491.672
2492.104
2492.536
2492.798
2493.06
2493.322
2493.584
2493.846
2494.108
2494.37
2494.63
2494.911
2495.192
2495.473
2495.754
2496.035
2496.316
2496.597
2496.878
2497.159
2497.44
2498.559
2499.678
2500.797
2501.916
2503.035
2504.154
2505.273
2506.392
2507.511
2508.63
2509.75
2510.59
2511.43
2512.27
2512.77
2514.928
2517.086
2519.244
2519.68
2520.116
2520.552
2520.988
2521.424
2521.86
2522.296
2522.73
2523.086
2523.442
2523.798
2524.154
2524.51
2524.866
2525.22
2525.514
2525.808
2526.102
2526.396
2526.692
2527.317
2527.67
2528.023
2528.376
2528.729
2529.082
2529.435
2529.737
2530.039
2530.341
2530.643
2530.945
2531.247
2531.549
2531.851
2532.153
2532.455
2532.76
2533.71
2534.101
2534.492
2534.883
2535.274
2535.665
2536.056
2536.447
2536.84
2537.086
2537.332
2537.578
2537.824
2538.07
2538.316
2538.562
2538.808
2539.054
2539.3
2539.55
2540.285
2541.02
2541.756
2542.492
2544.445
2544.758
2545.07
2545.383
2545.695
2546.008
2546.32
2547.01
2547.7
2548.39
2549.695
2551.0
2551.314
2551.628
2551.942
2552.256
2552.57
2552.884
2553.198
2553.512
2553.83
2554.84
2555.91
2556.317
2556.724
2557.131
2557.538
2557.945
2558.352
2558.759
2559.166
2559.574
2560.49
2561.54
2563.42
2563.777
2564.134
2564.491
2564.848
2565.205
2565.562
2565.92
2566.515
2567.11
2567.277
2567.444
2567.61
2567.79
2567.97
2568.151
2568.457
2568.763
2569.07
2569.334
2569.598
2569.861
2570.069
2570.277
2570.485
2570.693
2570.901
2571.11
2571.605
2572.1
2572.595
2573.337
2574.08
2574.573
2575.066
2575.56
2575.81
2576.06
2577.04
2578.02
2578.52
2578.877
2579.234
2579.591
2579.948
2580.305
2580.662
2581.02
2581.317
2581.614
2581.911
2586.24
2590.57
2591.053
2591.535
2592.017
2592.5
2594.113
2595.725
2597.337
2598.95
2599.286
2599.622
2599.958
2600.294
2600.63
2601.574
2602.518
2603.461
2607.64
2608.3
2608.96
2609.62
2610.28
2610.94
2611.6
2612.26
2612.92
2613.58
2614.041
2614.502
2614.963
2615.424
2615.885
2616.346
2616.807
2617.27
2617.499
2617.728
2617.957
2618.186
2618.415
2618.644
2618.873
2619.102
2619.331
2619.56
2619.789
2620.018
2620.25
2620.705
2621.16
2621.615
2622.07
2622.525
2622.98
2623.435
2623.89
2624.345
2624.8
2625.371
2625.942
2626.513
2627.084
2627.655
2628.226
2628.797
2629.368
2629.939
2630.51
2630.751
2630.992
2631.233
2631.474
2631.715
2631.956
2632.197
2632.438
2632.679
2632.92
2633.16
2634.5
2634.845
2635.19
2635.633
2636.076
2636.519
2636.962
2637.405
2637.848
2638.291
2638.734
2639.177
2639.62
2640.06
2640.389
2640.718
2641.047
2641.376
2641.705
2642.034
2642.363
2642.692
2643.021
2643.35
2643.679
2644.008
2644.34
2645.401
2646.462
2647.523
2648.584
2649.645
2650.706
2651.77
2652.784
2653.798
2654.812
2655.826
2656.84
2657.854
2658.87
2659.119
2659.368
2659.617
2659.866
2660.115
2660.364
2660.613
2660.86
2661.12
2661.38
2661.64
2661.9
2662.16
2662.42
2662.68
2662.94
2663.2
2663.46
2663.779
2664.098
2664.417
2664.736
2665.055
2665.374
2665.693
2666.012
2666.331
2666.65
2666.969
2667.29
2668.512
2669.734
2670.956
2672.178
2673.4
2674.62
2675.865
2677.11
2678.355
2679.6
2680.845
2682.09
2683.335
2684.58
2685.825
2687.07
2688.31
2688.56
2688.81
2689.06
2689.31
2689.563
2689.816
2690.069
2690.322
2690.575
2690.828
2691.081
2691.334
2691.587
2691.84
2692.09
2692.703
2693.316
2693.929
2694.542
2695.155
2695.768
2696.38
2696.993
2697.606
2698.219
2698.832
2699.445
2700.058
2700.671
2701.28
2701.505
2701.73
2701.955
2702.18
2702.405
2702.63
2703.215
2703.8
2704.385
2704.97
2705.555
2706.14
2706.725
2707.31
2707.895
2708.48
2709.065
2709.65
2710.24
2710.743
2711.246
2711.75
2712.518
2713.286
2714.054
2714.822
2715.59
2716.358
2717.126
2717.894
2718.662
2719.43
2720.385
2721.34
2722.295
2723.25
2724.11
2724.434
2724.758
2725.082
2725.406
2725.73
2726.054
2726.378
2726.702
2727.026
2727.35
2727.67
2727.987
2728.304
2728.621
2728.938
2729.255
2729.572
2729.89
2730.216
2730.542
2730.868
2731.194
2731.52
2731.846
2732.172
2732.498
2732.82
2733.291
2733.762
2734.233
2734.704
2735.175
2735.646
2736.117
2736.588
2737.059
2737.53
2738.001
2738.47
2738.855
2739.24
2740.407
2741.575
2742.742
2743.91
2745.077
2746.245
2747.412
2748.58
2749.181
2749.782
2750.383
2750.984
2751.585
2752.186
2752.787
2753.388
2753.989
2754.594
2755.51
2756.31
2757.11
2757.91
2758.548
2759.186
2759.824
2760.462
2761.1
2761.738
2762.376
2763.014
2763.652
2764.29
2764.928
2765.566
2766.2
2766.787
2767.374
2767.961
2768.548
2769.135
2769.722
2770.309
2770.896
2771.48
2772.124
2772.768
2773.412
2774.056
2774.7
2774.996
2775.292
2775.588
2775.884
2776.18
2776.476
2776.772
2777.068
2777.364
2777.66
2777.956
2778.252
2778.55
2779.203
2779.856
2780.509
2781.162
2781.815
2782.47
2782.88
2783.29
2783.7
2784.11
2784.52
2784.807
2785.094
2785.381
2785.668
2785.955
2786.24
2786.528
2786.816
2787.104
2787.392
2787.68
2788.071
2788.462
2788.853
2789.244
2789.635
2790.026
2790.42
2790.768
2791.116
2791.464
2791.812
2792.16
2792.508
2792.856
2793.204
2793.55
2793.827
2794.104
2794.381
2794.658
2794.935
2795.212
2795.489
2795.766
2796.043
2796.32
2796.6
2797.033
2797.466
2797.899
2798.332
2798.765
2799.198
2799.631
2800.064
2800.5
2802.14
2802.68
2803.22
2803.76
2804.3
2804.84
2805.38
2805.92
2806.46
2807.0
2807.54
2808.08
2808.62
2809.045
2809.47
2809.895
2810.32
2810.745
2811.17
2811.392
2811.614
2811.836
2812.058
2812.28
2812.502
2812.724
2812.946
2813.168
2813.39
2813.61
2814.03
2814.45
2814.87
2815.29
2815.71
2816.13
2816.55
2816.97
2817.513
2818.056
2818.599
2819.142
2819.685
2820.228
2820.77
2821.059
2821.348
2821.637
2821.926
2822.215
2822.504
2822.793
2823.082
2823.37
2823.68
2823.99
2824.3
2824.61
2824.92
2825.23
2825.54
2825.85
2826.16
2826.47
2826.779
2827.088
2827.397
2827.706
2828.015
2828.324
2828.63
2828.998
2829.366
2829.734
2830.102
2830.47
2830.838
2831.206
2831.574
2831.942
2832.31
2832.678
2833.045
2833.522
2833.999
2834.476
2834.953
2835.43
2835.707
2835.984
2836.261
2836.538
2836.815
2837.092
2837.37
2838.118
2838.866
2839.614
2840.362
2841.11
2841.858
2842.606
2843.354
2844.102
2844.85
2845.158
2845.466
2845.774
2846.082
2846.39
2846.7
2847.014
2847.328
2847.642
2847.956
2848.27
2848.584
2848.898
2849.212
2849.526
2849.84
2850.299
2850.758
2851.217
2851.676
2852.135
2852.594
2853.05
2853.436
2853.822
2854.208
2854.594
2854.98
2855.366
2855.752
2856.14
2856.964
2857.788
2858.612
2859.436
2860.26
2861.084
2861.91
2862.275
2862.64
2863.005
2863.37
2863.735
2864.1
2864.465
2864.83
2865.195
2865.56
2865.925
2866.29
2866.65
2867.313
2867.976
2868.64
2868.844
2869.048
2869.252
2869.456
2869.66
2869.864
2870.068
2870.272
2870.476
2870.68
2870.88
2871.348
2871.816
2872.284
2872.752
2873.22
2873.688
2874.156
2874.624
2875.09
2875.614
2876.138
2876.662
2877.186
2877.71
2878.234
2878.76
2879.229
2879.698
2880.167
2880.636
2881.105
2881.574
2882.043
2882.512
2882.98
2883.429
2883.878
2884.327
2884.776
2885.225
2885.674
2886.12
2886.865
2887.61
2887.957
2888.304
2888.651
2888.998
2889.345
2889.692
2890.039
2890.386
2890.733
2891.08
2891.427
2891.77
2891.997
2892.224
2892.451
2892.678
2892.905
2893.132
2893.359
2893.586
2893.813
2894.04
2894.617
2895.194
2895.771
2896.348
2896.925
2897.502
2898.08
2898.417
2898.754
2899.091
2899.428
2899.765
2900.102
2900.439
2900.776
2901.113
2901.45
2901.787
2902.124
2902.461
2902.798
2903.14
2903.41
2903.68
2903.95
2904.22
2904.49
2904.76
2905.03
2905.556
2906.082
2906.608
2907.134
2907.66
2907.916
2908.172
2908.428
2908.684
2908.94
2909.196
2909.45
2909.931
2910.412
2910.893
2911.374
2911.855
2912.336
2912.817
2913.298
2913.779
2914.26
2914.488
2914.716
2914.944
2915.172
2915.4
2915.628
2915.856
2916.084
2916.312
2916.54
2916.77
2917.169
2917.568
2917.967
2918.366
2918.765
2919.164
2919.563
2919.962
2920.361
2920.76
2921.16
2921.374
2921.588
2921.802
2922.016
2922.23
2922.397
2922.564
2922.731
2922.898
2923.065
2923.232
2923.399
2923.566
2923.73
2924.029
2924.328
2924.627
2924.926
2925.225
2925.524
2925.823
2926.12
2926.12
2926.12
2926.12
2926.12
2926.12
2926.12
2926.12
