22.242
22.645
23.048
23.45
23.705
23.96
24.215
24.47
24.725
24.98
25.235
25.49
25.79
26.09
26.39
26.69
26.99
27.29
27.59
27.89
28.321
28.752
29.183
29.614
30.045
30.476
30.91
31.419
31.928
32.437
32.946
33.455
33.964
34.473
34.982
35.49
35.898
36.306
36.713
37.12
37.527
37.934
38.341
38.75
39.275
39.8
40.325
40.85
41.375
41.9
42.309
42.718
43.127
43.536
43.945
44.354
44.763
45.172
45.581
45.99
46.399
46.808
47.22
47.97
48.72
49.437
50.154
50.871
51.588
52.305
53.02
53.448
53.876
54.304
54.732
55.16
55.588
56.016
56.444
56.872
57.3
57.862
58.424
58.986
59.548
60.11
60.67
61.54
62.41
63.28
64.15
65.02
65.89
66.259
66.628
66.997
67.366
67.735
68.104
68.473
68.842
69.211
69.58
70.095
70.61
71.125
71.64
72.074
72.508
72.942
73.376
73.81
74.244
74.678
75.112
75.55
75.964
76.378
76.792
77.206
77.62
78.034
78.45
78.953
79.456
79.959
80.462
80.965
81.468
81.97
82.576
83.182
83.788
84.394
85.0
85.451
85.902
86.353
86.804
87.255
87.706
88.157
88.61
89.864
91.118
92.372
93.626
94.88
96.134
97.388
98.642
99.9
100.244
100.588
100.932
101.276
101.62
101.964
102.308
102.65
103.378
104.106
104.834
105.562
106.29
107.02
107.391
107.762
108.133
108.504
108.875
109.246
109.617
109.988
110.359
110.73
111.1
111.4
111.7
112.0
112.3
112.6
112.9
113.2
113.5
113.972
114.444
114.916
115.388
115.86
116.061
116.262
116.463
116.664
116.865
117.066
117.267
117.468
117.67
118.025
118.38
118.735
119.09
119.445
119.8
120.151
120.502
120.853
121.204
121.555
121.906
122.257
122.61
123.26
123.91
124.56
125.21
125.464
125.718
125.972
126.226
126.48
126.734
126.99
127.271
127.552
127.833
128.114
128.395
128.676
128.957
129.24
129.533
129.826
130.119
130.412
130.705
130.998
131.291
131.584
131.877
132.17
132.542
132.914
133.286
133.658
134.03
134.4
134.721
135.042
135.363
135.684
136.005
136.326
136.65
136.906
137.162
137.418
137.674
137.93
138.186
138.442
138.698
138.954
139.21
139.516
139.822
140.128
140.434
140.74
141.046
141.35
141.525
141.7
141.875
142.05
142.225
142.4
142.575
142.75
142.925
143.1
143.589
144.078
144.567
145.056
145.546
146.037
146.301
146.565
146.829
147.093
147.357
147.62
147.918
148.216
148.514
148.812
149.11
149.408
149.705
150.0
150.582
151.164
151.746
152.33
152.983
153.636
154.289
154.942
155.595
156.248
156.901
157.554
158.207
158.86
159.418
159.976
160.534
161.092
161.65
162.004
162.358
162.712
163.066
163.42
163.774
164.128
164.482
164.836
165.19
165.544
165.9
166.5
167.1
167.7
168.3
168.9
169.5
170.1
170.7
171.23
171.76
172.29
172.82
173.35
173.88
174.41
174.94
175.47
175.918
176.366
176.814
177.262
177.71
178.16
178.606
179.052
179.498
179.944
180.39
180.836
181.28
181.59
181.9
182.21
182.52
182.83
183.14
183.45
183.76
184.07
184.38
184.572
184.764
184.956
185.148
185.34
185.532
185.724
185.916
186.108
186.3
186.492
186.684
186.87
187.374
187.834
188.294
188.754
189.214
189.674
190.134
190.594
191.054
191.514
191.974
192.434
192.894
193.35
193.727
194.104
194.481
194.858
195.235
195.612
195.989
196.366
196.74
197.058
197.375
197.692
198.01
198.327
198.644
198.962
199.28
199.844
200.408
200.972
201.536
202.1
202.664
203.228
203.792
204.356
204.92
205.484
206.05
206.324
206.598
206.872
207.146
207.42
207.694
207.968
208.242
208.52
208.805
209.09
209.375
209.66
209.945
210.23
210.515
210.8
211.031
211.262
211.493
211.724
211.955
212.186
212.42
212.659
212.898
213.137
213.376
213.615
213.854
214.093
214.33
214.732
215.134
215.536
215.938
216.34
216.742
217.144
217.546
217.948
218.35
218.889
219.428
219.967
220.506
221.045
221.584
222.12
222.393
222.666
222.939
223.212
223.484
223.757
224.03
224.3
224.678
225.055
225.433
225.81
226.188
226.565
226.942
227.32
227.742
228.164
228.586
229.008
229.43
229.85
230.165
230.48
230.991
231.502
232.013
232.524
233.035
233.546
234.057
234.568
235.08
235.478
235.876
236.274
236.672
237.07
237.47
237.791
238.112
238.433
238.754
239.075
239.396
239.717
240.038
240.36
240.677
240.994
241.311
241.628
241.945
242.262
242.579
242.896
243.21
243.677
244.144
244.611
245.078
245.545
246.012
246.479
246.946
247.41
247.809
248.208
248.607
249.006
249.405
249.804
250.203
250.602
251.001
251.4
251.8
252.176
252.552
252.928
253.304
253.68
254.056
254.43
254.68
254.93
255.404
255.878
256.352
256.826
257.3
257.774
258.25
258.721
259.192
259.663
260.134
260.605
261.076
261.547
262.019
262.458
262.897
263.336
263.775
264.214
264.653
265.09
265.585
266.08
266.575
267.07
267.565
268.06
268.555
269.05
269.545
270.04
270.535
271.03
271.52
271.899
272.278
272.657
273.036
273.415
273.794
274.173
274.552
274.93
275.432
275.934
276.436
276.938
277.44
277.942
278.444
278.946
279.448
279.95
280.452
280.954
281.456
281.96
282.481
283.002
283.523
284.044
284.565
285.086
285.607
286.128
286.65
286.92
287.19
287.46
287.73
288.0
288.27
288.54
288.887
289.234
289.581
289.928
290.275
290.622
290.969
291.316
291.663
292.01
292.357
292.704
293.051
293.398
293.745
294.09
294.547
295.004
295.461
295.918
296.375
296.832
297.289
297.746
298.203
298.66
299.12
299.66
300.2
300.74
301.28
301.82
302.36
302.9
303.44
303.98
304.816
305.652
306.488
307.324
308.16
308.996
309.832
310.668
311.5
312.16
312.82
313.48
314.14
314.8
315.46
316.12
316.78
317.44
318.08
318.72
319.36
320.0
320.64
321.28
321.92
322.573
323.226
323.879
324.532
325.185
325.838
326.49
327.313
328.136
328.959
329.782
330.605
331.428
332.25
332.658
333.066
333.474
333.882
334.29
334.698
335.106
335.514
335.92
336.643
337.366
338.09
338.768
339.446
340.124
340.802
341.48
342.16
342.968
343.776
344.584
345.392
346.2
347.008
347.816
348.624
349.432
350.24
351.048
351.856
352.66
353.353
354.046
354.738
355.43
356.123
356.815
357.507
358.2
359.17
359.572
359.974
360.376
360.778
361.18
361.58
361.837
362.094
362.351
362.608
362.865
363.122
363.379
363.636
363.89
364.228
364.566
364.904
365.242
365.58
365.918
366.256
366.594
366.932
367.27
367.697
368.124
368.551
368.978
369.405
369.832
370.259
370.686
371.113
371.54
371.967
372.394
372.82
373.73
374.64
375.55
376.46
377.37
378.28
379.19
379.936
380.682
381.428
382.174
382.92
383.666
384.412
385.158
385.9
386.13
386.36
386.59
386.82
387.05
387.28
387.51
387.74
387.97
388.2
388.43
388.66
389.2
389.74
390.28
390.82
391.36
391.9
392.44
392.98
393.52
394.06
394.6
395.14
395.68
396.22
396.573
396.926
397.279
397.632
397.985
398.338
398.69
399.337
399.984
400.631
401.278
401.925
402.572
403.219
403.87
404.213
404.556
404.899
405.242
405.585
405.93
406.331
406.732
407.133
407.534
407.935
408.336
408.737
409.14
409.9
410.66
411.42
412.18
412.94
413.7
414.46
415.22
415.528
415.836
416.144
416.452
416.76
417.07
417.322
417.575
417.827
418.079
418.332
418.584
418.837
419.089
419.341
419.594
419.846
420.1
420.43
420.76
421.09
421.601
422.112
422.623
423.134
423.645
424.156
424.667
425.18
425.655
426.13
426.579
427.028
427.477
427.926
428.375
428.824
429.273
429.72
430.466
431.212
431.958
432.704
433.45
434.196
434.942
435.688
436.43
436.805
437.18
437.555
437.93
438.306
438.502
438.698
438.894
439.09
439.286
439.482
439.68
440.524
441.368
442.212
443.056
443.9
444.744
445.59
446.174
446.758
447.342
447.926
448.51
449.094
449.678
450.26
451.077
451.894
452.712
453.529
454.346
455.163
455.981
456.8
457.582
458.365
459.148
459.93
460.846
461.762
462.678
463.594
464.51
465.426
466.342
467.258
468.17
469.87
471.57
473.27
474.97
476.67
477.279
477.888
478.497
479.106
479.715
480.324
480.933
481.54
482.311
483.082
483.853
484.624
485.395
486.166
486.94
487.658
488.375
489.092
489.809
490.527
491.245
491.962
492.679
493.396
494.114
494.832
495.55
496.428
497.305
498.183
499.06
499.827
500.594
501.36
501.608
501.856
502.104
502.352
502.6
502.848
503.096
503.344
503.59
504.115
504.64
505.165
505.69
506.215
506.74
507.265
507.79
508.315
508.84
509.365
509.89
510.41
510.809
511.208
511.607
512.006
512.405
512.804
513.203
513.602
514.0
514.353
514.706
515.059
515.412
515.765
516.118
516.47
516.788
517.106
517.423
517.74
518.058
518.375
518.692
519.01
519.416
519.822
520.228
520.634
521.04
521.446
521.852
522.258
522.664
523.07
523.48
523.903
524.326
524.749
525.172
525.595
526.018
526.441
526.86
527.274
527.688
528.102
528.516
528.93
529.344
529.758
530.17
530.47
530.77
531.07
531.37
531.67
531.97
532.27
532.57
532.87
533.542
534.214
534.886
535.558
536.23
536.902
537.574
538.246
538.917
539.115
539.313
539.511
539.709
539.907
540.105
540.303
540.5
542.127
543.754
545.38
545.977
546.574
547.171
547.768
548.365
548.96
549.271
549.582
549.893
550.204
550.515
550.826
551.137
551.448
551.759
552.07
552.456
552.842
553.228
553.614
554.0
554.386
554.772
555.158
555.54
555.735
555.93
556.125
556.32
556.515
556.71
556.905
557.1
557.311
557.522
557.733
557.944
558.155
558.366
558.58
559.461
560.342
561.223
562.104
562.985
563.866
564.75
565.311
565.872
566.433
566.994
567.555
568.116
568.677
569.238
569.799
570.36
570.605
570.85
571.095
571.34
571.585
571.83
572.075
572.32
572.565
572.81
573.06
573.438
573.816
574.194
574.572
574.95
575.328
575.706
576.084
576.462
576.84
577.218
577.59
577.93
578.27
578.61
578.95
579.29
579.63
580.1
580.57
581.04
581.51
581.98
582.45
582.92
583.39
583.86
584.33
584.8
585.27
585.74
586.21
586.82
587.43
588.04
588.65
589.26
589.87
590.48
591.09
591.7
592.31
592.659
593.008
593.357
593.706
594.055
594.404
594.75
595.56
596.37
597.144
597.918
598.692
599.466
600.24
600.536
600.832
601.128
601.424
601.72
602.016
602.312
602.61
602.99
603.37
603.75
604.13
604.51
604.89
605.55
606.21
606.87
607.53
608.19
609.03
609.87
610.71
611.55
612.39
613.23
613.613
613.996
614.379
614.762
615.145
615.53
616.075
616.62
617.165
617.71
618.391
619.072
619.753
620.434
621.115
621.796
622.48
622.833
623.186
623.54
623.798
624.056
624.314
624.572
624.83
625.088
625.346
625.6
625.826
626.052
626.278
626.504
626.73
626.956
627.18
627.485
627.79
628.095
628.4
628.705
629.01
629.315
629.62
629.925
630.23
630.855
631.48
631.79
632.1
632.41
632.72
633.03
633.34
633.65
633.96
634.27
634.657
635.044
635.431
635.818
636.205
636.592
636.98
637.579
638.178
638.777
639.376
639.975
640.574
641.173
641.77
642.27
642.77
643.27
643.77
644.27
644.77
645.27
645.77
646.114
646.458
646.802
647.146
647.49
647.709
647.928
648.147
648.366
648.585
648.804
649.023
649.242
649.461
649.68
649.9
650.229
650.558
650.887
651.216
651.545
651.874
652.203
652.53
652.833
653.136
653.439
653.742
654.045
654.348
654.65
655.163
655.676
656.189
656.702
657.215
657.728
658.24
658.75
659.073
659.396
659.719
660.042
660.365
660.688
661.01
661.395
661.78
662.165
662.55
662.935
663.32
663.705
664.09
664.441
664.792
665.143
665.494
665.845
666.196
666.547
666.898
667.25
667.543
667.836
668.129
668.422
668.715
669.008
669.301
669.59
669.986
670.382
670.778
671.174
671.57
671.966
672.36
673.79
674.184
674.578
674.972
675.366
675.76
676.311
676.862
677.413
677.964
678.515
679.066
679.617
680.168
680.719
681.27
681.862
682.454
683.046
683.64
684.653
685.666
686.679
687.692
688.705
689.718
690.731
691.744
692.757
693.77
694.573
695.376
696.179
696.982
697.785
698.588
699.39
700.424
701.458
702.492
703.528
704.84
705.134
705.428
705.722
706.016
706.31
706.604
706.898
707.19
709.452
711.714
713.976
716.238
718.5
719.358
720.216
721.074
721.932
722.79
723.65
724.304
724.958
725.612
726.266
726.92
727.574
728.23
728.62
729.01
729.4
729.79
730.18
730.57
730.96
731.209
731.458
731.707
731.956
732.205
732.454
732.703
732.952
733.201
733.45
733.699
733.948
734.197
734.446
734.695
734.94
735.218
735.496
735.774
736.052
736.33
736.608
736.886
737.164
737.442
737.72
738.0
738.355
738.71
739.065
739.42
740.275
741.13
741.63
742.48
742.806
743.132
743.458
743.784
744.11
744.436
744.76
749.917
755.074
760.23
760.764
761.298
761.832
762.366
762.9
763.434
763.968
764.502
765.04
765.449
765.858
766.267
766.676
767.085
767.494
767.903
768.312
768.72
769.298
769.876
770.454
771.031
771.245
771.459
771.673
771.887
772.101
772.315
772.53
773.185
773.84
774.495
775.15
775.805
776.46
777.324
778.188
779.052
779.916
780.78
781.06
781.34
781.62
781.9
782.18
782.46
782.83
783.2
783.57
783.94
784.31
784.68
785.05
785.482
785.914
786.346
786.778
787.21
787.642
788.074
788.506
788.938
789.37
789.755
790.14
790.525
790.91
791.295
791.68
792.065
792.45
792.947
793.444
793.941
794.438
794.935
795.432
795.93
796.337
796.744
797.151
797.558
797.965
798.372
798.779
799.186
799.59
799.889
800.188
800.487
800.786
801.085
801.384
801.683
801.98
802.279
802.578
802.877
803.176
803.475
803.774
804.07
804.301
804.532
804.763
804.994
805.225
805.456
805.687
805.918
806.149
806.38
808.45
809.65
810.85
811.057
811.264
811.471
811.678
811.886
812.574
813.262
813.95
814.639
815.327
816.017
816.638
817.259
817.88
818.501
819.122
819.743
820.364
820.985
821.61
821.873
822.136
822.399
822.662
822.925
823.188
823.451
823.71
824.379
825.047
825.715
826.383
827.051
827.719
828.386
828.916
829.446
829.976
830.506
831.036
831.566
832.096
832.626
833.16
833.93
834.41
834.89
835.37
835.67
835.97
836.27
836.57
836.87
837.17
837.47
837.77
838.07
838.48
838.89
839.3
839.71
840.12
840.432
840.744
841.056
841.368
841.68
842.15
842.62
843.09
843.56
844.03
844.5
845.39
845.845
846.3
846.756
847.091
847.426
847.761
848.096
848.431
848.766
849.101
849.436
849.771
850.104
850.387
850.67
850.953
851.236
851.52
851.863
852.206
852.549
852.892
853.235
853.58
853.768
853.956
854.144
854.332
854.52
854.708
854.896
855.084
855.272
855.46
856.288
857.116
857.944
858.772
859.6
860.43
860.815
861.2
861.585
861.97
862.355
862.74
863.079
863.418
863.757
864.096
864.435
864.774
865.113
865.452
865.79
866.005
866.22
866.435
866.65
866.865
867.08
867.295
867.51
867.725
867.94
868.155
868.375
868.704
869.033
869.362
869.691
870.02
870.349
870.678
871.01
871.263
871.516
871.769
872.022
872.275
872.528
872.78
873.213
873.646
874.079
874.512
874.945
875.378
875.81
876.196
876.582
876.968
877.354
877.74
878.126
878.51
878.742
878.974
879.207
879.439
879.671
879.904
880.136
880.37
880.963
881.556
882.149
882.742
883.334
883.501
883.668
883.835
884.002
884.169
884.336
884.503
884.67
884.837
885.0
885.337
885.674
886.011
886.348
886.685
887.02
887.59
887.777
887.964
888.15
888.578
889.006
889.434
889.862
890.29
890.716
892.43
892.617
892.804
892.991
893.18
893.551
893.922
894.293
894.664
895.035
895.406
895.777
896.15
896.817
897.484
898.151
898.818
899.485
900.152
900.819
901.486
902.153
902.82
903.49
904.391
905.292
906.193
907.094
907.995
908.896
909.8
911.364
912.928
914.492
916.056
917.62
919.184
920.748
922.312
923.88
924.67
925.36
926.05
926.74
927.43
928.12
928.81
929.557
930.304
931.051
931.798
932.545
933.29
934.537
935.784
937.031
938.278
939.525
940.772
942.02
942.601
943.182
943.763
944.344
944.925
945.506
946.09
947.147
948.204
949.261
950.318
951.375
952.432
953.489
954.546
955.603
956.66
957.717
958.77
960.046
961.322
962.598
963.874
965.15
966.426
967.705
968.48
968.814
969.148
969.482
969.816
970.15
970.484
970.818
971.152
971.49
971.743
971.996
972.249
972.502
972.755
973.008
973.261
973.514
973.767
974.02
974.444
974.868
975.292
975.716
976.14
976.564
976.988
977.412
977.836
978.26
978.68
979.182
979.684
980.186
980.688
981.19
981.69
982.387
983.084
983.781
984.478
985.175
985.872
986.569
987.266
987.96
988.497
989.034
989.571
990.108
990.645
991.18
991.524
991.868
992.212
992.556
992.9
993.244
993.588
993.932
994.276
994.62
994.964
995.308
995.652
995.99
997.044
998.098
999.152
1000.206
1001.26
1002.314
1003.368
1004.42
1004.651
1004.882
1005.113
1005.344
1005.575
1005.806
1006.037
1006.268
1006.499
1006.73
1007.143
1007.556
1007.969
1008.382
1008.795
1009.208
1009.621
1010.034
1010.447
1010.86
1011.273
1011.69
1011.987
1012.284
1012.581
1012.878
1013.175
1013.47
1013.703
1013.936
1014.169
1014.402
1014.635
1014.868
1015.101
1015.334
1015.567
1015.8
1016.441
1017.082
1017.723
1018.364
1019.005
1019.646
1020.287
1020.928
1021.569
1022.21
1022.851
1023.492
1024.133
1024.774
1025.41
1026.535
1027.66
1030.05
1030.363
1030.676
1030.99
1031.342
1031.695
1032.047
1032.399
1032.751
1033.103
1033.456
1033.81
1034.747
1035.684
1036.621
1037.558
1038.495
1039.432
1040.369
1041.306
1042.24
1043.099
1043.733
1044.367
1045.0
1045.553
1046.106
1046.66
1047.04
1047.42
1047.8
1048.18
1048.56
1048.94
1049.32
1049.7
1050.08
1050.46
1050.84
1051.22
1051.6
1051.98
1052.42
1052.86
1053.3
1053.74
1054.18
1054.62
1055.06
1055.5
1055.94
1056.38
1056.82
1057.248
1057.676
1058.104
1058.532
1058.96
1062.57
1062.865
1063.16
1063.596
1064.032
1064.468
1064.904
1065.34
1065.776
1066.212
1066.648
1067.084
1067.518
1067.752
1067.986
1068.22
1068.454
1068.688
1068.922
1069.156
1069.392
1069.74
1070.088
1070.436
1070.784
1071.132
1071.48
1071.828
1072.176
1072.524
1072.876
1073.096
1073.316
1073.536
1073.756
1073.976
1074.196
1074.416
1074.636
1074.856
1075.076
1075.296
1076.09
1076.884
1077.678
1078.472
1079.266
1080.059
1080.258
1080.457
1080.656
1080.855
1081.054
1081.253
1081.452
1081.651
1081.85
1082.474
1083.098
1083.722
1084.346
1084.97
1085.594
1086.218
1086.842
1087.47
1087.83
1088.19
1088.55
1088.91
1089.27
1089.63
1089.99
1090.35
1090.71
1091.07
1091.468
1091.866
1092.264
1092.662
1093.06
1093.458
1093.856
1094.254
1094.652
1095.05
1095.448
1095.846
1096.24
1096.514
1096.788
1097.062
1097.336
1097.61
1097.884
1098.16
1099.92
1101.68
1103.44
1103.92
1104.4
1104.602
1104.804
1105.006
1105.208
1105.41
1105.612
1105.816
1108.29
1109.833
1111.376
1112.919
1114.462
1116.005
1117.548
1119.091
1120.634
1122.177
1123.72
1124.748
1125.776
1126.804
1127.832
1128.86
1129.888
1130.916
1131.944
1132.972
1134.0
1135.028
1136.06
1137.284
1138.508
1139.732
1140.956
1142.181
1142.68
1142.894
1143.108
1143.322
1143.536
1143.75
1143.964
1144.178
1144.392
1144.606
1144.82
1145.034
1145.25
1145.495
1145.74
1145.985
1146.23
1146.475
1146.72
1146.965
1147.21
1147.455
1147.7
1147.945
1148.19
1148.44
1148.785
1149.13
1149.475
1149.82
1150.165
1150.51
1150.855
1151.2
1151.545
1151.89
1152.23
1152.562
1152.894
1153.226
1153.558
1153.89
1154.327
1154.764
1155.2
1155.557
1155.914
1156.27
1157.007
1157.744
1158.481
1159.218
1159.955
1160.69
1161.382
1162.074
1162.766
1163.458
1164.15
1164.842
1165.534
1166.226
1166.918
1167.61
1168.3
1168.597
1168.894
1169.191
1169.488
1169.785
1170.082
1170.38
1171.4
1172.42
1173.44
1174.46
1175.48
1176.5
1177.52
1178.54
1179.56
1180.58
1181.6
1182.62
1183.349
1184.078
1184.807
1185.536
1186.265
1186.994
1187.723
1188.45
1189.072
1189.694
1190.316
1190.937
1191.853
1192.769
1193.685
1194.6
1195.57
1196.54
1198.088
1198.772
1199.456
1200.196
1200.936
1201.676
1202.416
1203.156
1203.896
1204.636
1205.376
1206.116
1206.856
1207.594
1208.101
1208.608
1208.891
1209.174
1209.457
1209.74
1210.024
1210.532
1211.04
1211.548
1212.056
1212.564
1213.07
1213.886
1214.702
1215.518
1216.334
1217.15
1217.966
1218.782
1219.598
1220.414
1221.23
1221.552
1221.874
1222.196
1222.518
1222.84
1223.16
1223.738
1224.316
1224.894
1225.472
1226.05
1226.63
1227.002
1227.373
1227.745
1228.116
1228.334
1228.553
1228.772
1228.99
1229.29
1229.59
1229.822
1230.054
1230.286
1230.518
1230.75
1230.98
1231.51
1232.04
1232.57
1233.1
1233.63
1234.16
1234.69
1235.22
1235.515
1235.81
1236.105
1236.4
1236.695
1236.99
1237.285
1237.58
1237.875
1238.17
1238.465
1238.76
1239.041
1239.322
1239.603
1239.884
1240.165
1240.446
1240.727
1241.008
1241.289
1241.57
1241.851
1242.13
1242.473
1242.816
1243.159
1243.502
1243.845
1244.19
1244.496
1244.802
1245.108
1245.414
1245.72
1246.026
1246.332
1246.638
1246.944
1247.25
1247.575
1247.9
1248.225
1248.55
1248.875
1249.2
1249.507
1249.814
1250.121
1250.428
1250.735
1251.042
1251.349
1251.656
1251.96
1252.228
1252.496
1252.764
1253.032
1253.3
1253.703
1254.106
1254.51
1255.003
1255.496
1255.99
1256.553
1257.116
1257.679
1258.242
1258.805
1259.37
1259.634
1259.898
1260.162
1260.426
1260.69
1260.954
1261.22
1261.493
1261.766
1262.039
1262.312
1262.585
1262.86
1263.251
1263.642
1264.033
1264.424
1264.815
1265.206
1265.6
1266.206
1266.812
1267.418
1268.024
1268.63
1269.236
1269.842
1270.448
1271.05
1271.583
1272.117
1272.311
1272.505
1272.699
1272.893
1273.087
1273.281
1273.475
1273.669
1273.863
1274.057
1274.251
1274.45
1274.75
1275.05
1275.35
1275.65
1275.95
1276.25
1276.826
1277.402
1277.978
1278.554
1279.13
1279.706
1280.282
1280.86
1281.19
1281.52
1281.85
1282.18
1282.51
1282.84
1283.192
1283.544
1283.897
1284.249
1284.601
1284.954
1285.306
1285.659
1286.012
1286.364
1286.716
1287.07
1287.395
1287.72
1288.045
1288.37
1288.695
1289.02
1289.345
1289.67
1290.156
1290.642
1291.128
1291.614
1292.1
1292.586
1293.072
1293.558
1294.04
1294.619
1295.198
1295.777
1296.356
1296.935
1297.514
1298.093
1298.672
1299.251
1299.83
1300.258
1300.686
1301.114
1301.542
1301.97
1302.398
1302.826
1303.254
1303.682
1304.11
1304.538
1304.966
1305.39
1305.697
1306.004
1306.311
1306.618
1306.925
1307.232
1307.539
1307.85
1308.396
1308.942
1309.488
1310.034
1310.58
1311.126
1311.672
1312.22
1312.445
1312.67
1312.895
1313.12
1313.345
1313.57
1313.795
1314.02
1314.437
1314.854
1315.271
1315.688
1316.105
1316.522
1316.94
1318.42
1319.9
1321.38
1322.86
1323.611
1324.362
1325.113
1325.864
1326.615
1327.366
1328.12
1328.464
1328.808
1329.152
1329.496
1329.84
1330.184
1330.528
1330.872
1331.216
1331.564
1331.918
1332.272
1332.626
1332.98
1333.21
1333.44
1333.67
1333.9
1334.13
1334.36
1334.59
1334.82
1335.05
1335.28
1335.51
1335.843
1336.176
1336.51
1336.824
1337.138
1337.452
1337.766
1338.08
1338.394
1338.708
1339.02
1339.227
1339.434
1339.641
1339.848
1340.055
1340.262
1340.469
1340.676
1340.883
1341.09
1341.3
1341.551
1341.802
1342.054
1342.262
1342.47
1342.678
1342.886
1343.094
1343.302
1343.51
1343.72
1344.323
1344.926
1345.529
1346.132
1346.735
1347.338
1347.941
1348.544
1349.15
1349.598
1350.046
1350.494
1350.942
1351.39
1351.629
1351.868
1352.107
1352.346
1352.585
1352.824
1353.063
1353.3
1354.068
1354.836
1355.604
1356.372
1357.14
1357.91
1358.516
1359.122
1359.728
1360.334
1360.94
1361.161
1361.382
1361.603
1361.824
1362.045
1362.266
1362.487
1362.708
1362.93
1363.154
1363.378
1363.602
1363.826
1364.05
1364.274
1364.498
1364.721
1365.033
1365.345
1365.657
1365.969
1366.28
1366.695
1367.11
1367.525
1367.94
1368.355
1368.77
1369.372
1369.974
1370.576
1371.178
1371.78
1372.382
1372.984
1373.586
1374.188
1374.79
1375.187
1375.584
1375.981
1376.378
1376.775
1377.172
1377.569
1377.966
1378.363
1378.76
1379.277
1379.794
1380.311
1380.828
1381.345
1381.862
1382.379
1382.896
1383.41
1383.941
1384.472
1385.003
1385.534
1386.065
1386.596
1387.127
1387.658
1388.19
1388.663
1389.136
1389.609
1390.082
1390.555
1391.028
1391.501
1391.974
1392.447
1392.92
1393.155
1393.39
1393.625
1393.86
1394.095
1394.33
1394.6
1394.87
1395.14
1395.41
1395.68
1395.95
1396.22
1396.49
1396.76
1397.03
1397.3
1397.57
1397.84
1398.167
1398.494
1398.82
1399.44
1400.215
1400.99
1401.765
1402.54
1403.315
1404.09
1404.865
1405.64
1406.415
1407.19
1407.965
1408.74
1409.52
1410.211
1410.902
1411.593
1412.284
1412.975
1413.666
1414.357
1415.048
1415.74
1415.957
1416.174
1416.391
1416.608
1416.825
1417.042
1417.259
1417.476
1417.693
1417.91
1418.131
1418.63
1418.904
1419.178
1419.452
1419.726
1420.0
1420.274
1420.548
1420.82
1421.32
1421.685
1422.05
1422.415
1422.78
1423.145
1423.51
1423.875
1424.24
1424.605
1424.97
1425.33
1425.942
1426.554
1427.166
1427.778
1428.39
1429.0
1429.301
1429.602
1429.903
1430.204
1430.505
1430.806
1431.107
1431.408
1431.709
1432.01
1432.31
1432.89
1433.47
1434.05
1434.63
1435.21
1435.817
1436.424
1437.031
1437.638
1438.245
1438.852
1439.46
1440.049
1440.638
1441.227
1441.816
1442.405
1442.994
1443.583
1444.172
1444.761
1445.35
1446.07
1446.79
1447.54
1448.29
1449.04
1449.79
1450.41
1451.03
1451.651
1451.901
1452.15
1452.521
1452.892
1453.263
1453.634
1454.005
1454.376
1454.75
1455.25
1455.767
1456.284
1456.801
1457.318
1457.835
1458.35
1458.851
1459.352
1459.853
1460.354
1460.855
1461.356
1461.857
1462.358
1462.859
1463.36
1463.861
1464.36
1464.86
1465.147
1465.434
1465.721
1466.008
1466.295
1466.582
1466.87
1467.112
1467.355
1467.598
1467.84
1468.305
1468.77
1469.235
1469.7
1470.165
1470.63
1471.095
1471.56
1472.025
1472.49
1472.776
1473.062
1473.348
1473.634
1473.92
1474.206
1474.49
1474.99
1475.453
1475.916
1476.379
1476.842
1477.305
1477.768
1478.231
1478.694
1479.157
1479.62
1481.062
1482.505
1482.698
1482.891
1483.084
1483.277
1483.47
1483.663
1483.856
1484.049
1484.242
1484.435
1484.63
1485.133
1485.636
1486.139
1486.642
1487.145
1487.65
1488.174
1488.698
1489.222
1489.746
1490.27
1490.794
1491.318
1491.84
1492.205
1492.57
1492.92
1493.27
1493.62
1493.97
1494.32
1494.67
1495.02
1495.946
1496.872
1497.798
1498.724
1499.65
1500.576
1501.502
1502.428
1503.354
1504.28
1505.206
1506.135
1509.7
1509.934
1510.168
1510.402
1510.636
1510.87
1511.104
1511.338
1511.57
1511.874
1512.178
1512.482
1512.786
1513.09
1513.394
1513.7
1514.025
1514.35
1514.762
1515.175
1515.588
1516.001
1516.414
1516.827
1517.24
1517.65
1518.16
1518.67
1519.18
1519.69
1520.2
1520.71
1521.22
1521.73
1522.24
1522.533
1522.826
1523.119
1523.412
1523.705
1523.998
1524.291
1524.584
1524.877
1525.17
1525.46
1525.756
1526.052
1526.348
1526.644
1526.94
1527.236
1527.532
1527.828
1528.124
1528.42
1529.055
1529.69
1530.68
1531.038
1531.396
1531.754
1532.112
1532.47
1532.828
1533.186
1533.544
1533.902
1534.26
1534.62
1535.87
1536.284
1536.698
1537.112
1537.526
1537.94
1538.356
1538.698
1539.04
1539.382
1539.724
1540.066
1540.408
1540.75
1541.092
1541.434
1541.78
1542.237
1542.694
1543.15
1543.426
1543.702
1543.978
1544.254
1544.53
1544.806
1545.082
1545.358
1545.634
1545.91
1546.19
1546.599
1547.008
1547.417
1547.826
1548.235
1548.644
1549.053
1549.462
1549.871
1550.28
1550.689
1551.098
1551.51
1551.81
1552.11
1552.728
1553.346
1553.964
1554.582
1555.2
1555.818
1556.436
1557.054
1557.67
1558.162
1558.654
1559.146
1559.638
1560.13
1560.38
1560.63
1560.852
1561.074
1561.296
1561.518
1561.74
1561.962
1562.184
1562.406
1562.628
1562.85
1563.07
1563.426
1563.782
1564.138
1564.494
1564.85
1565.206
1565.562
1565.918
1566.274
1566.63
1566.967
1567.304
1567.641
1567.978
1568.315
1568.652
1568.989
1569.326
1569.66
1570.635
1571.61
1572.055
1572.5
1572.945
1573.39
1573.835
1574.28
1574.725
1575.17
1575.396
1575.622
1575.848
1576.074
1576.3
1576.526
1576.752
1576.98
1577.613
1578.246
1578.879
1579.512
1580.145
1580.664
1581.183
1581.702
1582.221
1582.74
1583.259
1583.778
1584.3
1584.557
1584.814
1585.072
1585.329
1585.586
1585.843
1586.101
1586.36
1586.612
1586.864
1587.116
1587.368
1587.62
1587.872
1588.124
1588.376
1588.628
1588.88
1589.093
1589.305
1589.517
1589.729
1589.941
1590.153
1590.365
1590.58
1590.8
1591.02
1591.24
1591.46
1591.68
1591.9
1592.24
1592.58
1592.92
1593.26
1593.6
1593.94
1594.28
1594.62
1594.96
1595.3
1595.64
1595.856
1596.072
1596.288
1596.504
1596.72
1596.936
1597.15
1597.614
1598.078
1598.542
1599.006
1599.47
1599.934
1600.398
1600.86
1601.222
1601.584
1601.947
1602.309
1602.671
1603.034
1603.397
1603.76
1604.34
1604.546
1604.752
1604.958
1605.164
1605.37
1605.576
1605.782
1605.988
1606.194
1606.4
1606.606
1606.812
1607.018
1607.23
1607.421
1607.612
1607.803
1607.994
1608.185
1608.376
1608.567
1608.758
1608.949
1609.14
1609.331
1609.522
1609.71
1610.078
1610.446
1610.814
1611.182
1611.55
1611.92
1612.93
1613.234
1613.538
1613.842
1614.146
1614.45
1614.754
1615.058
1615.362
1615.666
1615.97
1616.27
1616.498
1616.726
1616.954
1617.182
1617.41
1617.64
1618.326
1618.593
1618.86
1619.127
1619.394
1619.659
1619.914
1620.169
1620.424
1620.679
1620.934
1621.189
1621.369
1621.549
1621.73
1622.294
1622.858
1623.422
1623.986
1624.55
1625.114
1625.68
1626.311
1626.942
1627.573
1628.204
1628.834
1629.011
1629.188
1629.365
1629.542
1629.719
1629.896
1630.073
1630.25
1630.764
1631.278
1631.792
1632.306
1632.82
1633.334
1633.85
1634.32
1634.79
1635.26
1635.73
1636.2
1636.67
1637.14
1637.61
1638.08
1638.55
1639.02
1639.232
1639.444
1639.656
1639.868
1640.08
1640.292
1640.504
1640.716
1640.93
1641.254
1641.578
1641.902
1642.226
1642.55
1642.874
1643.199
1643.407
1643.615
1643.823
1644.031
1644.239
1644.447
1644.655
1644.863
1645.071
1645.279
1645.49
1645.816
1646.142
1646.468
1646.794
1647.12
1647.339
1647.558
1647.777
1647.996
1648.215
1648.434
1648.653
1648.87
1649.164
1649.458
1649.752
1650.047
1650.29
1650.533
1650.776
1651.019
1651.262
1651.505
1651.711
1651.917
1652.123
1652.329
1652.535
1652.741
1652.947
1653.153
1653.36
1654.09
1654.35
1654.61
1654.87
1655.13
1655.483
1655.836
1656.189
1656.542
1656.895
1657.25
1657.982
1658.714
1659.446
1660.178
1660.91
1661.41
1661.787
1662.164
1662.541
1662.918
1663.295
1663.672
1664.05
1664.282
1664.514
1664.746
1664.978
1665.21
1665.492
1665.774
1666.056
1666.338
1666.62
1666.965
1667.31
1667.655
1668.0
1668.532
1669.064
1669.596
1670.128
1670.66
1671.19
1671.58
1671.97
1672.24
1672.51
1672.78
1673.05
1673.32
1673.59
1673.86
1674.13
1674.4
1674.67
1675.088
1675.506
1675.924
1676.342
1676.76
1677.178
1677.596
1678.014
1678.432
1678.85
1679.27
1679.673
1680.076
1680.479
1680.882
1681.285
1681.69
1681.966
1682.242
1682.518
1682.794
1683.07
1683.346
1683.62
1685.14
1685.488
1685.836
1686.184
1686.532
1686.88
1687.228
1687.576
1687.924
1688.27
1688.725
1689.18
1689.635
1690.09
1690.545
1691.0
1691.455
1691.91
1692.365
1692.82
1693.423
1694.026
1694.63
1694.902
1695.174
1695.446
1695.718
1695.99
1696.262
1696.534
1696.806
1697.08
1697.975
1698.87
1699.765
1700.66
1701.555
1702.45
1702.809
1703.168
1703.527
1703.886
1704.245
1704.604
1704.963
1705.322
1705.681
1706.04
1706.399
1706.758
1707.117
1707.48
1707.752
1708.024
1708.296
1708.568
1708.84
1709.11
1709.463
1709.816
1710.169
1710.522
1710.875
1711.228
1711.581
1711.934
1712.29
1712.717
1713.144
1713.57
1713.83
1714.09
1714.35
1714.61
1714.87
1715.13
1715.39
1715.751
1716.112
1716.473
1716.834
1717.195
1717.556
1717.917
1718.278
1718.639
1719.0
1719.361
1719.72
1720.005
1720.29
1720.54
1720.79
1721.04
1721.29
1721.54
1721.79
1722.04
1722.29
1722.75
1723.21
1723.494
1723.778
1724.062
1724.346
1724.63
1724.914
1725.198
1725.48
1725.96
1726.44
1726.92
1727.4
1727.88
1728.36
1728.84
1729.32
1729.8
1730.28
1730.76
1731.18
1731.6
1732.02
1732.44
1732.933
1733.426
1733.919
1734.412
1734.905
1735.398
1735.89
1736.571
1737.252
1737.933
1738.614
1739.295
1739.976
1740.66
1741.413
1742.166
1742.919
1743.672
1744.425
1745.178
1745.931
1746.682
1746.864
1747.046
1747.228
1747.41
1747.592
1747.774
1747.956
1748.14
1748.415
1748.69
1748.965
1749.24
1749.515
1749.79
1750.065
1750.34
1750.615
1750.89
1751.16
1751.525
1751.89
1752.255
1752.62
1752.985
1753.35
1753.715
1754.08
1754.445
1754.81
1755.18
1755.539
1755.898
1756.257
1756.616
1756.975
1757.334
1757.69
1758.015
1758.34
1759.137
1759.934
1760.731
1761.528
1762.325
1763.12
1763.456
1763.792
1764.128
1764.464
1764.8
1765.136
1765.472
1765.808
1766.144
1766.48
1766.82
1767.376
1767.932
1768.488
1769.044
1769.6
1770.117
1770.634
1771.15
1772.22
1772.617
1773.014
1773.411
1773.808
1774.205
1774.602
1774.999
1775.396
1775.79
1776.071
1776.352
1776.633
1776.914
1777.195
1777.476
1777.757
1778.038
1778.319
1778.6
1778.881
1779.16
1779.514
1779.868
1780.222
1780.576
1780.93
1781.402
1781.874
1782.346
1782.818
1783.29
1783.762
1784.234
1784.706
1785.178
1785.65
1786.122
1786.594
1787.06
1787.753
1788.446
1789.139
1789.832
1790.525
1791.22
1791.771
1792.322
1792.873
1793.424
1793.975
1794.526
1795.077
1795.625
1795.838
1796.051
1796.264
1796.476
1796.689
1796.902
1797.115
1797.328
1797.541
1797.75
1797.991
1798.232
1798.473
1798.714
1798.955
1799.196
1799.437
1799.678
1799.919
1800.16
1800.4
1800.726
1801.052
1801.378
1801.704
1802.03
1802.356
1802.682
1803.008
1803.33
1803.932
1804.534
1805.137
1805.74
1806.238
1806.736
1807.234
1807.732
1808.23
1808.73
1809.113
1809.496
1809.879
1810.262
1810.645
1811.028
1811.411
1811.794
1812.177
1812.56
1812.94
1813.69
1814.44
1814.79
1815.14
1815.49
1815.84
1816.19
1816.615
1817.04
1817.465
1817.89
1818.018
1818.146
1818.274
1818.402
1818.53
1818.658
1818.786
1818.914
1819.042
1819.17
1819.341
1819.512
1819.683
1819.854
1820.025
1820.196
1820.367
1820.538
1820.711
1821.341
1821.971
1822.601
1823.231
1823.861
1824.491
1825.121
1825.751
1826.38
1826.851
1827.322
1827.793
1828.264
1828.735
1829.206
1829.677
1830.148
1830.62
1830.859
1831.098
1831.337
1831.576
1831.815
1832.054
1832.296
1833.163
1834.03
1834.58
1835.07
1835.56
1836.28
1836.67
1837.06
1837.45
1837.84
1838.23
1838.62
1839.01
1839.4
1839.79
1840.092
1840.394
1840.696
1840.998
1841.3
1841.6
1842.327
1843.054
1843.781
1844.508
1845.235
1845.962
1846.69
1847.34
1847.715
1848.09
1848.465
1848.84
1849.215
1849.59
1849.965
1850.34
1850.715
1851.09
1851.47
1851.86
1852.25
1852.64
1853.03
1853.42
1853.81
1854.166
1854.522
1854.878
1855.234
1855.59
1856.158
1856.726
1857.294
1857.862
1858.43
1858.998
1859.566
1860.134
1860.702
1861.27
1861.838
1862.406
1862.974
1863.544
1864.148
1864.752
1865.356
1865.96
1866.564
1867.168
1867.77
1868.239
1868.708
1869.177
1869.646
1870.115
1870.584
1871.05
1871.412
1871.774
1872.136
1872.498
1872.86
1873.22
1873.477
1873.734
1873.991
1874.248
1874.505
1874.762
1875.019
1875.276
1875.533
1875.79
1876.425
1877.06
1877.387
1877.715
1878.043
1878.37
1878.871
1879.372
1879.873
1880.374
1880.875
1881.376
1881.88
1882.334
1882.788
1883.242
1883.696
1884.15
1884.604
1885.058
1885.512
1885.966
1886.42
1886.87
1888.552
1890.234
1891.916
1893.598
1895.28
1897.08
1898.88
1900.68
1902.48
1904.28
1906.08
1907.88
1909.68
1909.868
1910.055
1910.243
1910.43
1910.719
1911.008
1911.297
1911.586
1911.875
1912.164
1912.453
1912.742
1913.031
1913.32
1914.533
1915.745
1916.957
1918.17
1919.383
1920.596
1921.809
1923.02
1923.324
1923.628
1923.932
1924.236
1924.54
1924.844
1925.148
1925.452
1925.76
1926.067
1926.374
1926.681
1926.988
1927.295
1927.602
1927.91
1928.118
1928.326
1928.534
1928.742
1928.95
1929.158
1929.366
1929.574
1929.785
1930.224
1930.663
1931.102
1931.541
1931.98
1932.42
1932.871
1933.322
1933.773
1934.224
1934.675
1935.126
1935.577
1936.028
1936.479
1936.93
1937.38
1937.849
1938.318
1938.787
1939.256
1939.725
1940.194
1940.66
1940.987
1941.314
1941.641
1941.968
1942.295
1942.622
1942.949
1943.276
1943.6
1943.995
1944.39
1944.785
1945.18
1945.575
1945.97
1946.365
1946.76
1947.155
1947.55
1947.945
1948.34
1948.736
1949.132
1949.528
1949.924
1950.32
1950.716
1951.112
1951.508
1951.904
1952.3
1952.696
1953.09
1953.59
1953.823
1954.056
1954.289
1954.522
1954.757
1954.986
1955.215
1955.444
1955.673
1955.902
1956.131
1956.836
1958.66
1959.076
1959.492
1959.908
1960.324
1960.74
1961.42
1961.67
1961.92
1963.576
1965.232
1966.888
1968.544
1970.2
1971.856
1973.512
1975.17
1975.808
1976.446
1977.084
1977.722
1978.36
1978.998
1979.636
1980.274
1980.912
1981.55
1981.843
1982.136
1982.429
1982.722
1983.015
1983.308
1983.601
1983.894
1984.19
1984.65
1985.11
1985.57
1986.03
1986.492
1986.791
1987.09
1987.389
1987.688
1987.987
1988.286
1988.585
1988.884
1989.183
1989.482
1989.78
1990.093
1990.406
1990.719
1991.032
1991.345
1991.658
1991.971
1992.284
1992.597
1992.91
1993.22
1993.539
1993.858
1994.177
1994.496
1994.815
1995.134
1995.453
1995.772
1996.091
1996.41
1996.729
1997.048
1997.37
1997.838
1998.306
1998.774
1999.242
1999.71
2000.18
2000.578
2000.976
2001.374
2001.772
2002.17
2002.568
2002.966
2003.364
2003.762
2004.16
2004.558
2004.956
2005.36
2006.583
2007.806
2009.029
2010.252
2011.475
2012.698
2013.921
2015.144
2016.37
2016.816
2017.262
2017.708
2018.154
2018.6
2018.916
2019.232
2019.548
2019.864
2020.18
2020.496
2020.812
2021.128
2021.444
2021.76
2022.076
2022.392
2022.708
2023.024
2023.34
2023.734
2024.128
2024.522
2024.916
2025.31
2025.704
2026.1
2026.969
2027.838
2028.707
2029.576
2030.445
2031.314
2032.183
2033.05
2033.626
2034.202
2034.778
2035.354
2035.93
2036.188
2036.446
2036.704
2036.962
2037.22
2037.478
2037.736
2037.994
2038.252
2038.51
2038.869
2039.228
2039.587
2039.946
2040.305
2040.664
2041.023
2041.382
2041.741
2042.1
2042.459
2042.818
2043.175
2043.818
2044.46
2044.841
2045.222
2045.603
2045.984
2046.365
2046.746
2047.127
2047.508
2047.889
2048.27
2048.651
2049.034
2049.444
2049.854
2050.264
2050.673
2051.082
2051.492
2051.901
2052.31
2052.671
2053.032
2053.393
2053.754
2054.115
2054.476
2054.837
2055.198
2055.56
2055.94
2056.32
2056.7
2057.08
2057.411
2057.742
2058.073
2058.404
2058.735
2059.066
2059.399
2059.784
2060.17
2060.89
2061.61
2061.905
2062.2
2062.495
2062.79
2063.072
2063.354
2063.636
2063.918
2064.2
2064.482
2064.764
2065.046
2065.328
2065.61
2065.889
2066.349
2066.809
2067.269
2067.727
2070.199
2071.0
2071.5
2071.788
2072.076
2072.364
2072.652
2072.94
2073.335
2073.73
2074.125
2074.52
2074.958
2075.396
2075.834
2076.272
2076.71
2076.995
2077.28
2077.565
2077.85
2078.135
2080.454
2082.773
2085.091
2087.409
2090.589
2093.769
2096.949
2100.129
2103.309
2106.49
2106.856
2107.222
2107.588
2107.954
2108.32
2108.686
2109.05
2109.51
2109.97
2113.319
2115.976
2118.633
2121.29
2121.727
2122.164
2122.601
2123.038
2123.475
2123.912
2124.349
2124.786
2125.223
2125.66
2126.097
2126.534
2126.971
2127.408
2127.84
2128.06
2128.28
2128.5
2128.72
2128.94
2129.16
2129.38
2129.6
2129.82
2130.193
2130.566
2130.939
2131.312
2131.685
2132.06
2132.596
2133.132
2133.668
2134.204
2134.74
2135.114
2135.488
2135.862
2136.236
2136.61
2136.984
2137.358
2137.73
2138.15
2138.57
2138.99
2139.41
2139.83
2140.25
2140.67
2141.09
2141.51
2141.93
2142.35
2142.77
2143.19
2143.611
2144.11
2144.742
2145.374
2146.006
2146.638
2147.27
2147.9
2148.264
2148.628
2148.992
2149.356
2149.72
2150.084
2150.45
2150.797
2151.144
2151.491
2151.838
2152.185
2152.53
2152.824
2153.118
2153.412
2153.706
2154.0
2154.41
2154.82
2155.23
2155.64
2156.05
2156.46
2156.87
2157.28
2157.69
2158.1
2158.684
2159.268
2159.852
2160.436
2161.02
2161.604
2162.188
2162.772
2163.356
2163.94
2164.45
2164.96
2165.47
2165.98
2166.49
2167.0
2167.51
2168.02
2168.53
2169.04
2169.55
2170.013
2170.476
2170.939
2171.402
2171.865
2172.33
2172.84
2173.35
2173.86
2174.101
2174.342
2174.583
2174.824
2175.065
2175.306
2175.547
2175.788
2176.029
2176.27
2176.511
2176.752
2176.993
2177.234
2177.475
2177.72
2178.48
2179.24
2179.695
2180.15
2180.605
2181.06
2181.515
2181.97
2182.425
2182.88
2183.335
2183.79
2184.24
2184.81
2185.38
2185.95
2186.52
2187.09
2187.66
2188.23
2188.8
2189.403
2190.005
2190.608
2191.211
2191.813
2192.416
2193.019
2193.621
2194.224
2194.827
2195.43
2196.03
2197.08
2197.29
2197.5
2197.71
2197.92
2198.13
2198.34
2198.55
2198.76
2199.015
2199.27
2199.525
2199.78
2200.035
2200.29
2200.545
2200.8
2201.055
2201.31
2201.565
2201.82
2202.605
2203.39
2204.72
2205.032
2205.344
2205.677
2206.01
2206.39
2206.77
2207.145
2207.52
2207.895
2208.27
2208.645
2209.02
2209.967
2210.914
2211.861
2212.808
2213.755
2214.7
2215.46
2215.779
2216.098
2216.417
2216.736
2217.055
2217.375
2217.688
2218.0
2218.915
2219.83
2220.745
2221.66
2222.575
2223.49
2224.405
2225.32
2226.235
2227.15
2228.065
2228.98
2229.89
2232.13
2234.37
2234.731
2235.092
2235.453
2235.814
2236.174
2238.309
2240.444
2242.58
2242.8
2243.02
2243.24
2243.46
2243.68
2243.9
2244.12
2244.34
2244.56
2245.464
2246.368
2247.272
2248.176
2249.08
2249.984
2250.888
2251.79
2252.623
2253.456
2254.289
2255.122
2255.955
2256.79
2257.41
2258.03
2258.65
2259.27
2259.89
2260.51
2261.13
2261.954
2262.778
2263.602
2264.426
2265.25
2265.48
2265.71
2265.94
2266.17
2266.4
2266.63
2267.2
2267.77
2268.34
2268.91
2269.179
2269.448
2269.717
2269.986
2270.255
2270.524
2270.793
2271.062
2271.33
2271.694
2272.058
2272.422
2272.786
2273.15
2273.514
2273.88
2274.509
2275.138
2275.767
2276.396
2277.025
2277.655
2278.93
2279.27
2279.61
2279.95
2280.29
2280.63
2280.97
2281.31
2281.65
2281.99
2283.116
2284.242
2285.368
2286.494
2287.62
2287.98
2288.34
2288.91
2289.48
2290.05
2290.591
2291.132
2291.673
2292.214
2292.755
2293.296
2293.837
2294.378
2294.919
2295.46
2296.001
2296.542
2297.08
2298.27
2298.511
2298.752
2298.993
2299.234
2299.475
2299.716
2299.957
2300.198
2300.439
2300.68
2300.916
2301.517
2302.118
2302.719
2303.32
2303.921
2304.52
2306.155
2306.596
2307.037
2307.478
2307.919
2308.36
2308.798
2309.235
2309.673
2310.11
2310.511
2310.912
2311.313
2311.715
2312.824
2313.49
2313.857
2314.224
2314.591
2314.958
2315.325
2315.692
2316.059
2316.426
2316.793
2317.16
2317.527
2317.89
2318.232
2318.574
2318.916
2319.258
2319.6
2319.942
2320.284
2320.626
2320.968
2321.31
2321.65
2321.905
2322.16
2322.415
2322.67
2322.925
2323.18
2323.435
2323.69
2324.276
2324.862
2325.448
2326.034
2326.62
2327.206
2327.792
2328.378
2328.964
2329.55
2329.905
2330.26
2330.615
2330.97
2331.325
2331.68
2332.035
2332.32
2332.606
2332.892
2333.177
2333.463
2333.749
2334.034
2334.32
2334.606
2334.89
2335.266
2335.642
2336.018
2336.394
2336.77
2337.146
2337.52
2338.02
2338.275
2338.53
2338.785
2339.04
2339.295
2339.55
2339.805
2340.06
2340.315
2340.57
2340.825
2341.08
2341.87
2342.215
2342.56
2342.905
2343.25
2343.609
2343.968
2344.327
2344.686
2345.045
2345.404
2345.76
2346.212
2346.664
2347.116
2347.568
2348.02
2348.472
2348.924
2349.376
2349.828
2350.28
2350.73
2350.963
2351.196
2351.429
2351.662
2351.895
2352.128
2352.361
2352.594
2352.83
2353.243
2353.656
2354.069
2354.482
2354.895
2355.308
2355.72
2356.087
2356.454
2356.821
2357.188
2357.555
2357.922
2358.29
2358.658
2359.026
2359.394
2359.762
2360.13
2360.5
2360.746
2360.992
2361.238
2361.484
2361.73
2361.976
2362.22
2362.773
2363.326
2363.879
2364.432
2364.985
2365.54
2365.981
2366.422
2366.863
2367.304
2367.745
2368.186
2368.63
2368.916
2369.202
2369.488
2369.774
2370.06
2370.346
2370.63
2371.025
2371.42
2371.815
2372.21
2372.605
2373.0
2373.369
2373.738
2374.107
2374.476
2374.845
2375.214
2375.583
2375.952
2376.321
2376.69
2377.52
2378.02
2378.533
2379.046
2379.559
2380.07
2380.524
2380.978
2381.432
2381.886
2382.34
2382.794
2383.248
2383.702
2384.156
2384.61
2385.064
2385.518
2385.97
2386.412
2386.854
2387.296
2387.74
2389.26
2390.033
2390.806
2391.579
2392.352
2393.125
2393.898
2394.671
2395.444
2396.217
2396.99
2397.763
2398.536
2399.31
2399.609
2399.908
2400.207
2400.506
2400.805
2401.104
2401.403
2401.702
2402.001
2402.3
2402.555
2402.81
2403.065
2403.32
2403.575
2403.83
2404.155
2404.48
2404.805
2405.13
2405.455
2405.78
2406.055
2406.33
2406.605
2406.88
2407.155
2407.655
2407.844
2408.033
2408.222
2408.411
2408.6
2408.789
2408.978
2409.167
2409.356
2409.545
2409.735
2410.144
2410.553
2410.962
2411.37
2411.897
2412.424
2412.951
2413.478
2414.005
2414.53
2414.916
2415.302
2415.688
2416.074
2416.46
2416.881
2417.302
2417.723
2418.144
2418.565
2418.986
2419.41
2419.712
2420.014
2420.316
2420.618
2420.92
2422.56
2422.995
2423.43
2423.753
2424.076
2424.398
2424.837
2425.276
2425.715
2426.154
2426.594
2426.927
2427.26
2427.593
2427.926
2428.26
2428.593
2428.926
2429.259
2429.592
2429.925
2430.258
2430.592
2430.861
2431.13
2431.399
2431.668
2431.937
2432.206
2432.476
2433.163
2433.85
2434.537
2435.083
2435.629
2436.175
2436.721
2437.267
2437.813
2438.359
2438.905
2439.45
2439.711
2439.972
2440.233
2440.494
2440.755
2441.015
2441.281
2441.547
2441.813
2442.079
2442.345
2442.611
2442.877
2443.14
2444.3
2444.55
2444.8
2445.05
2445.3
2445.55
2445.8
2446.056
2446.312
2446.568
2446.824
2447.08
2447.336
2447.592
2447.85
2448.385
2448.92
2449.455
2449.726
2449.997
2450.268
2450.539
2450.81
2451.08
2451.464
2451.848
2452.232
2452.615
2453.065
2453.515
2453.965
2454.415
2454.865
2455.315
2455.765
2456.215
2456.665
2457.115
2457.565
2458.01
2458.563
2459.116
2459.669
2460.222
2460.775
2461.328
2461.88
2462.137
2462.394
2462.651
2462.908
2463.165
2463.422
2463.679
2463.936
2464.19
2464.404
2464.618
2464.832
2465.046
2465.26
2465.527
2465.794
2466.061
2466.328
2466.595
2466.86
2467.25
2467.64
2468.03
2468.42
2468.81
2469.2
2469.59
2469.98
2470.37
2470.76
2471.146
2471.362
2471.578
2471.794
2472.01
2472.226
2472.442
2472.658
2472.874
2473.09
2473.306
2473.52
2473.798
2474.076
2474.354
2474.632
2474.91
2475.188
2475.466
2475.744
2476.02
2476.66
2477.026
2477.392
2477.758
2478.124
2478.49
2478.856
2479.222
2479.588
2479.954
2480.32
2480.681
2481.18
2481.577
2481.975
2482.372
2482.769
2483.166
2483.564
2483.961
2484.36
2484.786
2485.212
2485.638
2486.064
2486.49
2486.916
2487.342
2487.768
2488.19
2488.69
2489.153
2489.616
2490.08
2490.519
2490.958
2491.397
2491.836
2492.275
2492.714
2493.15
2493.32
2493.49
2493.66
2493.83
2494.0
2494.17
2494.34
2494.58
2494.82
2495.06
2495.3
2495.54
2495.78
2496.02
2496.26
2496.763
2497.266
2497.769
2498.272
2498.775
2499.278
2499.78
2500.261
2500.742
2501.223
2501.704
2502.185
2502.666
2503.147
2503.628
2504.11
2504.493
2504.876
2505.259
2505.642
2506.024
2506.407
2506.79
2507.17
2507.532
2507.894
2508.256
2508.618
2508.98
2509.386
2509.792
2510.198
2510.604
2511.01
2511.416
2511.822
2512.228
2512.63
2512.935
2513.24
2513.545
2513.85
2514.155
2514.46
2514.724
2514.988
2515.252
2515.516
2515.78
2516.044
2516.308
2516.572
2516.84
2517.225
2517.61
2517.995
2518.38
2518.765
2519.15
2519.535
2519.918
2520.149
2520.38
2520.611
2520.842
2521.073
2521.304
2521.535
2521.766
2521.997
2522.228
2522.459
2522.8
2523.141
2523.482
2523.823
2524.164
2524.504
2524.816
2525.128
2525.441
2525.753
2526.066
2526.378
2526.691
2527.004
2527.253
2527.502
2527.751
2528.0
2528.249
2528.498
2528.747
2528.996
2529.245
2529.494
2529.743
2529.992
2530.241
2530.49
2530.738
2531.11
2531.482
2531.854
2532.226
2532.597
2532.958
2533.319
2533.68
2534.372
2535.064
2535.756
2536.448
2537.14
2537.383
2537.626
2537.869
2538.112
2538.355
2538.598
2538.841
2539.084
2539.327
2539.57
2539.81
2539.998
2540.186
2540.374
2540.562
2540.75
2540.965
2541.18
2541.395
2541.61
2541.89
2542.17
2542.45
2542.73
2543.01
2543.185
2543.36
2543.533
2543.706
2543.879
2544.052
2544.225
2544.398
2544.568
2544.78
2544.992
2545.204
2545.416
2545.628
2545.84
2546.052
2546.264
2546.48
2546.723
2546.966
2547.21
2548.405
2548.773
2549.14
2549.396
2549.652
2549.908
2550.164
2550.42
2550.664
2550.908
2551.152
2551.396
2551.64
2551.884
2552.128
2552.372
2552.616
2552.86
2553.43
2553.676
2553.922
2554.168
2554.414
2554.66
2554.906
2555.152
2555.398
2555.644
2555.89
2556.136
2556.382
2556.63
2557.005
2557.38
2557.755
2558.13
2558.505
2558.88
2559.255
2559.627
2560.304
2560.981
2561.658
2562.335
2563.012
2563.69
2563.975
2564.26
2564.544
2564.828
2565.113
2565.398
2565.682
2565.966
2566.251
2566.535
2566.724
2566.913
2567.102
2567.291
2567.48
2567.669
2567.858
2568.047
2568.236
2568.42
2569.525
2570.63
2570.921
2571.212
2571.503
2571.794
2572.085
2572.376
2572.667
2572.958
2573.249
2573.541
2574.04
2574.98
2575.438
2575.896
2576.354
2576.812
2577.27
2577.728
2578.186
2578.644
2579.1
2579.746
2580.392
2581.038
2581.684
2582.33
2582.976
2583.622
2584.27
2584.49
2584.71
2584.93
2585.15
2585.37
2585.59
2585.81
2586.03
2586.25
2586.823
2587.396
2587.97
2588.374
2588.778
2589.182
2589.586
2589.99
2590.294
2590.598
2590.902
2591.206
2591.51
2591.814
2592.118
2592.422
2592.726
2593.03
2594.75
2595.223
2595.696
2596.169
2596.642
2597.115
2597.588
2598.061
2598.534
2599.007
2599.48
2599.95
2600.866
2601.782
2602.698
2603.614
2604.53
2605.446
2606.362
2607.278
2608.194
2609.11
2610.03
2611.793
2613.556
2615.319
2617.082
2618.845
2620.61
2622.086
2623.562
2625.038
2626.514
2627.99
2629.466
2630.942
2632.418
2633.895
2634.198
2634.5
2634.708
2634.916
2635.124
2635.332
2635.54
2635.75
2636.092
2636.435
2636.778
2637.12
2637.462
2637.805
2638.148
2638.49
2638.756
2639.022
2639.288
2639.554
2639.82
2640.086
2640.352
2640.618
2640.88
2641.174
2641.468
2641.762
2642.056
2642.35
2642.644
2642.938
2643.232
2643.526
2643.82
2644.114
2644.408
2644.702
2644.996
2645.29
2645.619
2645.948
2646.277
2646.606
2646.935
2647.264
2647.593
2647.922
2648.251
2648.58
2649.041
2649.502
2649.963
2650.424
2650.885
2651.346
2651.81
2652.111
2652.412
2652.713
2653.014
2653.315
2653.616
2653.917
2654.218
2654.519
2654.82
2655.174
2655.528
2655.882
2656.236
2656.59
2656.944
2657.298
2657.65
2657.842
2658.034
2658.226
2658.418
2658.61
2658.8
2659.008
2659.216
2659.424
2659.632
2659.84
2660.048
2660.258
2660.515
2660.772
2661.029
2661.286
2661.543
2661.8
2662.057
2662.314
2662.571
2662.83
2663.081
2663.332
2663.583
2663.834
2664.085
2664.336
2664.587
2664.84
2665.269
2665.698
2666.127
2666.556
2666.985
2667.414
2667.843
2668.272
2668.701
2669.13
2669.559
2669.988
2670.417
2670.846
2671.27
2671.75
2672.23
2672.71
2673.307
2673.904
2674.501
2675.098
2675.695
2676.292
2676.889
2677.486
2678.083
2678.68
2679.277
2679.874
2680.471
2681.07
2681.292
2681.514
2681.736
2681.958
2682.18
2682.4
2682.898
2683.396
2683.894
2684.391
2684.889
2685.387
2685.885
2686.383
2686.88
2687.378
2687.876
2688.37
2688.87
2689.099
2689.328
2689.557
2689.786
2690.015
2690.244
2690.473
2690.702
2690.93
2691.223
2691.516
2691.809
2692.102
2692.395
2692.688
2692.981
2693.274
2693.567
2693.86
2694.153
2694.45
2695.41
2695.813
2696.216
2696.619
2697.022
2697.425
2697.828
2698.231
2698.634
2699.037
2699.44
2699.843
2700.246
2700.649
2701.052
2701.488
2701.924
2702.36
2702.796
2703.232
2703.67
2704.287
2704.904
2705.52
2709.33
2709.476
2709.622
2709.768
2709.914
2710.06
2710.205
2711.099
2711.993
2712.887
2713.781
2714.675
2715.57
2715.77
2715.97
2716.17
2716.37
2716.57
2716.904
2717.238
2717.572
2717.906
2718.24
2718.61
2718.98
2719.35
2719.8
2720.25
2720.7
2720.916
2721.132
2721.348
2721.564
2721.78
2721.996
2722.21
2722.552
2722.894
2723.236
2723.578
2723.92
2724.262
2724.604
2724.946
2725.29
2725.688
2726.086
2726.484
2726.882
2727.28
2727.68
2727.985
2728.29
2728.595
2728.9
2729.205
2729.51
2729.815
2730.12
2730.425
2730.73
2731.03
2732.06
2732.383
2732.706
2733.029
2733.352
2733.675
2734.0
2734.383
2734.765
2735.148
2735.53
2736.85
2737.1
2737.35
2738.11
2738.801
2739.492
2740.183
2740.874
2741.565
2742.256
2742.95
2743.271
2743.592
2743.913
2744.234
2744.555
2744.876
2745.197
2745.52
2746.215
2746.91
2747.605
2748.3
2748.995
2749.69
2750.385
2751.08
2751.775
2752.47
2753.16
2753.825
2754.49
2755.127
2755.764
2756.401
2757.038
2757.675
2758.312
2758.949
2759.586
2760.223
2760.86
2761.5
2761.723
2761.946
2762.169
2762.392
2762.615
2762.838
2763.061
2763.284
2763.507
2763.73
2763.953
2764.176
2764.4
2765.053
2765.706
2766.359
2767.012
2767.665
2768.318
2768.97
2769.444
2769.918
2770.392
2770.866
2771.34
2771.814
2772.288
2772.762
2773.236
2773.71
2774.145
2774.58
2775.015
2775.45
2775.885
2776.32
2776.755
2777.19
2778.603
2780.016
2781.429
2782.842
2784.255
2785.668
2787.081
2788.494
2789.91
2790.754
2791.598
2792.442
2793.286
2794.13
2794.974
2795.818
2796.66
2797.371
2798.082
2798.793
2799.504
2800.215
2800.926
2801.64
2801.949
2802.258
2802.567
2802.876
2803.185
2803.494
2803.806
2804.583
2805.36
2806.137
2806.914
2807.691
2808.468
2809.245
2810.02
2810.327
2810.634
2810.941
2811.247
2811.553
2811.86
2812.167
2812.472
2812.673
2812.874
2813.075
2813.276
2813.477
2813.678
2813.879
2814.08
2814.281
2814.482
2814.68
2814.993
2815.306
2815.619
2815.932
2816.245
2816.558
2816.871
2817.184
2817.497
2817.81
2818.425
2819.04
2819.655
2820.27
2820.885
2821.5
2822.115
2822.73
2823.345
2823.96
2824.461
2824.962
2825.463
2825.964
2826.465
2826.966
2827.467
2827.97
2828.677
2829.385
2830.093
2830.8
2831.081
2831.362
2831.643
2831.924
2832.205
2832.486
2832.767
2833.048
2833.33
2833.715
2834.1
2834.485
2834.87
2835.255
2835.64
2836.025
2836.41
2836.795
2837.18
2837.579
2837.978
2838.377
2838.776
2839.175
2839.574
2839.973
2840.372
2840.771
2841.17
2841.569
2841.968
2842.367
2842.76
2843.95
2845.14
2845.52
2845.9
2846.28
2846.66
2847.04
2847.42
2847.8
2848.18
2848.56
2848.94
2849.32
2849.626
2849.932
2850.238
2850.544
2850.85
2851.21
2851.57
2851.93
2852.29
2852.65
2853.01
2853.37
2853.73
2855.229
2856.728
2858.227
2859.726
2861.225
2862.724
2864.223
2865.72
2866.305
2866.89
2867.475
2868.06
2868.645
2869.23
2869.814
2870.006
2870.198
2870.39
2870.582
2870.774
2870.966
2871.158
2871.35
2871.542
2871.73
2872.182
2872.634
2873.086
2873.538
2873.99
2874.207
2874.424
2874.641
2874.858
2875.075
2875.292
2875.509
2875.726
2875.943
2876.16
2876.377
2876.594
2876.81
2877.072
2877.334
2877.596
2877.858
2878.12
2878.382
2878.644
2878.906
2879.168
2879.43
2879.975
2880.52
2881.065
2881.61
2882.155
2882.7
2883.245
2883.79
2884.104
2884.418
2884.732
2885.046
2885.36
2885.674
2885.988
2886.3
2886.621
2886.942
2887.263
2887.584
2887.905
2888.226
2888.55
2890.03
2891.51
2892.99
2894.47
2895.95
2897.43
2898.372
2899.314
2900.256
2901.2
2901.698
2902.196
2902.694
2903.192
2903.69
2904.213
2904.736
2905.259
2905.782
2906.305
2906.828
2907.351
2907.874
2908.4
2908.682
2908.964
2909.246
2909.528
2909.81
2910.092
2910.374
2910.66
2911.074
2911.488
2911.902
2912.316
2912.73
2913.144
2913.558
2913.972
2914.39
2914.63
2914.87
2915.11
2915.35
2915.59
2915.83
2916.151
2916.472
2916.793
2917.114
2917.435
2917.756
2918.077
2918.4
2918.812
2919.224
2919.637
2920.05
2920.44
2920.83
2921.22
2921.61
2922.0
2922.39
2922.725
2923.06
2923.395
2923.73
2924.065
2924.4
2924.735
2925.07
2925.405
2925.74
2926.322
2926.905
2927.488
2928.07
2928.38
2928.69
2929.0
2929.31
2929.62
2929.932
2930.244
2930.556
2930.868
2931.18
2931.492
2931.801
2932.3
2932.581
2932.862
2933.143
2933.424
2933.705
2933.986
2934.27
2934.625
2934.98
2935.335
2935.69
2936.045
2936.4
2936.755
2937.11
2937.465
2937.82
2938.18
2938.545
2938.91
2939.275
2939.64
2940.005
2940.37
2941.32
2941.573
2941.826
2942.08
2942.519
2942.958
2943.397
2943.836
2944.275
2944.714
2945.153
2945.592
2946.03
2946.599
2947.168
2947.737
2948.306
2948.875
2949.444
2950.01
2950.221
2950.432
2950.643
2950.854
2951.065
2951.276
2951.487
2951.7
2952.115
2952.53
2952.945
2953.36
2953.775
2954.19
2954.605
2955.02
2955.29
2955.56
2955.83
2956.1
2956.37
2956.64
2956.91
2957.075
2957.24
2957.405
2957.57
2957.735
2957.9
2958.065
2958.23
2958.395
2958.56
2958.73
2959.024
2959.318
2959.612
2959.906
2960.2
2960.494
2960.788
2961.082
2961.38
2961.836
2962.292
2962.748
2963.204
2963.66
2964.116
2964.572
2965.028
2965.484
2965.94
2966.4
2966.781
2967.162
2967.543
2967.924
2968.305
2968.686
2969.067
2969.448
2969.829
2970.21
2970.591
2970.97
2971.433
2971.896
2972.359
2972.822
2973.285
2973.75
2974.302
2974.854
2975.406
2975.958
2976.51
2977.06
2977.63
2978.2
2978.77
2979.34
2979.91
2980.41
2980.804
2981.198
2981.592
2981.986
2982.38
2982.774
2983.168
2983.562
2983.96
2984.432
2984.904
2985.376
2985.848
2986.32
2986.792
2987.264
2987.736
2988.21
2990.156
2992.102
2994.048
2995.994
2997.94
2999.886
3001.832
3003.778
3005.72
3006.154
3006.588
3007.022
3007.456
3007.89
3008.324
3008.758
3009.192
3009.626
3010.06
3010.49
3010.785
3011.08
3011.375
3011.67
3011.965
3012.26
3012.555
3012.85
3013.331
3013.812
3014.293
3014.774
3015.255
3015.736
3016.217
3016.699
3016.985
3017.271
3017.557
3017.843
3018.129
3018.415
3018.701
3018.99
3019.189
3019.388
3019.587
3019.786
3019.985
3020.184
3020.383
3020.58
3020.872
3021.164
3021.457
3021.749
3022.041
3022.334
3022.626
3022.92
3023.108
3023.296
3023.483
3023.671
3023.858
3024.046
3024.233
3024.42
3024.748
3025.076
3025.404
3025.732
3026.06
3026.273
3026.486
3026.699
3026.912
3027.125
3027.338
3027.551
3027.764
3027.98
3028.283
3028.586
3028.889
3029.192
3029.495
3029.798
3030.101
3030.404
3030.71
3031.093
3031.476
3031.859
3032.242
3032.625
3033.008
3033.391
3033.774
3034.157
3034.54
3034.92
3035.247
3035.574
3035.901
3036.228
3036.555
3036.88
3037.25
3037.62
3037.99
3038.36
3038.73
3039.1
3039.335
3039.57
3039.805
3040.04
3040.275
3040.51
3040.751
3040.992
3041.233
3041.474
3041.715
3041.956
3042.2
3042.435
3042.67
3042.905
3043.14
3043.375
3043.61
3043.845
3044.08
3044.315
3044.55
3044.785
3045.02
3045.32
3045.62
3045.92
3046.22
3046.52
3046.82
3047.12
3047.42
3047.72
3048.02
3048.692
3049.364
3050.036
3050.708
3051.38
3051.652
3051.924
3052.196
3052.468
3052.74
3053.012
3053.284
3053.556
3053.83
3054.126
3054.422
3054.718
3055.014
3055.31
3055.606
3055.902
3056.198
3056.494
3056.79
3057.26
3057.73
3058.2
3058.67
3059.14
3059.61
3060.08
3060.395
3060.71
3060.983
3061.256
3061.529
3061.802
3062.075
3062.35
3062.677
3063.005
3063.332
3063.659
3063.986
3064.313
3064.64
3064.97
3065.331
3065.692
3066.053
3066.414
3066.775
3067.136
3067.497
3067.858
3068.219
3068.58
3069.115
3069.65
3070.185
3070.72
3071.255
3071.79
3072.325
3072.86
3073.198
3073.535
3073.872
3074.209
3074.546
3074.883
3075.22
3075.56
3076.35
3077.14
3077.93
3078.72
3079.51
3080.3
3081.09
3081.88
3082.67
3083.46
3084.25
3085.04
3085.426
3085.812
3086.198
3086.584
3086.97
3087.356
3087.74
3088.585
3089.43
3090.275
3091.12
3091.965
3092.81
3093.655
3094.5
3095.345
3096.19
3097.035
3097.88
3098.497
3099.114
3099.731
3100.348
3100.965
3101.582
3102.2
3102.465
3102.73
3102.995
3103.26
3103.525
3103.79
3104.055
3104.32
3104.599
3104.878
3105.157
3105.436
3105.715
3105.994
3106.273
3106.552
3106.831
3107.11
3107.663
3108.216
3108.77
3109.411
3110.052
3110.693
3111.334
3111.975
3112.616
3113.257
3113.9
3114.594
3115.288
3115.982
3116.676
3117.37
3118.064
3118.758
3119.452
3120.146
3120.84
3121.34
3121.598
3121.856
3122.114
3122.372
3122.63
3122.89
3123.174
3123.458
3123.742
3124.026
3124.31
3124.863
3125.416
3125.969
3126.522
3127.075
3127.628
3128.18
3128.789
3129.398
3130.007
3130.616
3131.225
3131.834
3132.443
3133.052
3133.661
3134.27
3134.879
3135.488
3136.097
3136.71
3137.105
3137.5
3137.895
3138.29
3138.685
3139.08
3139.475
3139.87
3140.265
3140.66
3141.055
3141.45
3141.707
3141.964
3142.22
3142.434
3142.648
3142.862
3143.076
3143.29
3143.504
3143.72
3143.995
3144.27
3144.545
3144.82
3145.095
3145.37
3145.872
3146.374
3146.876
3147.378
3147.88
3148.38
3148.917
3149.454
3149.991
3150.528
3151.065
3151.602
3152.139
3152.676
3153.213
3153.75
3154.287
3154.824
3155.36
3155.858
3156.356
3156.854
3157.35
3157.832
3158.314
3158.796
3159.278
3159.76
3160.24
3160.622
3161.004
3161.386
3161.768
3162.15
3162.53
3163.218
3163.906
3164.594
3165.282
3165.97
3166.181
3166.392
3166.603
3166.814
3167.025
3167.236
3167.447
3167.66
3167.875
3168.09
3168.305
3168.52
3168.735
3168.95
3169.165
3169.38
3169.595
3169.81
3170.03
3170.53
3171.03
3171.53
3172.03
3172.53
3173.03
3173.53
3174.03
3174.589
3175.148
3175.707
3176.266
3176.825
3177.384
3177.943
3178.5
3178.895
3179.29
3179.685
3180.08
3180.475
3180.87
3181.265
3181.66
3182.055
3182.45
3182.84
3183.391
3183.942
3184.493
3185.044
3185.595
3186.146
3186.697
3187.25
3187.51
3187.77
3188.052
3188.334
3188.616
3188.898
3189.18
3189.462
3189.744
3190.026
3190.308
3190.59
3190.957
3191.324
3191.691
3192.058
3192.425
3192.79
3192.79
3192.79
3192.79
3192.79
3192.79
3192.79
3192.79
3192.79
