21.13
21.38
21.63
21.88
22.13
22.38
22.63
22.88
23.13
23.38
23.63
24.459
25.287
25.87
26.83
27.538
28.245
28.542
28.839
29.136
29.433
29.73
30.027
30.324
30.62
30.976
31.332
31.688
32.044
32.4
32.756
33.112
33.468
33.82
34.145
34.47
34.795
35.12
35.445
35.77
36.095
36.42
36.745
37.07
37.462
37.855
38.247
38.64
38.93
39.22
39.51
39.8
40.09
40.38
40.922
41.464
42.006
42.548
43.09
43.633
44.175
44.72
44.942
45.165
45.388
45.611
45.834
46.056
46.278
46.501
46.724
46.947
47.169
47.39
47.687
47.984
48.281
48.578
48.875
49.172
49.469
49.766
50.06
50.276
50.492
50.708
50.924
51.14
51.356
51.572
51.788
52.0
52.501
53.002
53.503
54.004
54.505
55.006
55.507
56.008
56.509
57.01
57.51
58.444
59.378
60.312
61.246
62.18
63.114
64.048
64.982
65.92
66.7
67.48
68.26
69.04
69.82
70.6
71.324
72.048
72.772
73.496
74.22
74.944
75.668
76.392
77.116
77.84
83.18
88.52
93.86
94.32
94.78
95.24
95.7
96.16
96.62
97.08
97.54
97.852
98.164
98.476
98.788
99.1
99.317
99.534
99.751
99.968
100.185
100.402
100.619
100.836
101.053
101.274
101.487
101.7
101.913
102.126
102.339
102.552
102.765
102.978
103.19
103.872
104.554
105.236
105.918
106.6
106.851
107.102
107.353
107.604
107.855
108.106
108.357
108.61
109.152
109.694
110.236
110.778
111.32
111.666
112.012
112.358
112.704
113.05
113.396
113.742
114.09
114.377
114.664
114.951
115.238
115.525
115.812
116.099
116.39
116.666
116.942
117.218
117.494
117.77
118.046
118.32
118.883
119.446
120.009
120.572
121.135
121.7
121.896
122.092
122.288
122.484
122.68
122.876
123.072
123.27
123.602
123.934
124.266
124.598
124.93
125.26
125.609
125.958
126.307
126.656
127.005
127.354
127.703
128.052
128.401
128.75
129.099
129.449
130.293
131.137
131.981
132.825
133.67
134.207
134.744
135.281
135.818
136.355
136.892
137.43
138.578
139.726
140.874
142.022
143.17
143.524
143.878
144.232
144.586
144.94
145.294
145.65
146.388
147.126
147.864
148.602
149.34
149.566
149.792
150.018
150.244
150.47
150.696
150.922
151.148
151.374
151.6
152.111
152.622
153.133
153.644
154.155
154.666
155.177
155.69
155.893
156.096
156.299
156.502
156.705
156.908
157.11
157.344
157.578
157.812
158.046
158.28
158.514
158.748
158.985
159.366
159.747
160.128
160.509
160.89
161.271
161.65
161.983
162.316
162.65
162.849
163.048
163.247
163.446
163.645
163.844
164.043
164.242
164.44
164.682
164.924
165.166
165.408
165.65
165.892
166.134
166.376
166.618
166.856
167.212
167.568
167.924
168.28
168.636
168.992
169.348
169.704
170.06
170.416
170.77
171.587
172.404
173.221
174.037
174.252
174.467
174.682
174.897
175.112
175.327
175.542
175.757
175.972
176.187
176.402
176.62
176.914
177.208
177.502
177.796
178.09
178.384
178.678
178.972
179.266
179.56
179.85
180.256
180.662
181.068
181.474
181.88
182.286
182.69
182.945
183.2
183.455
183.71
183.965
184.22
184.475
184.73
184.985
185.24
185.495
185.754
185.956
186.158
186.36
186.562
186.764
186.966
187.17
187.8
188.43
189.06
189.69
190.07
190.45
190.83
191.21
191.68
192.151
192.622
193.092
193.3
193.508
193.716
193.924
194.132
194.34
194.55
194.77
194.99
195.21
195.43
195.65
195.87
196.09
196.31
196.53
196.939
197.348
197.757
198.166
198.575
198.984
199.393
199.802
200.21
200.868
201.526
202.184
202.842
203.5
204.16
204.449
204.738
205.027
205.316
205.605
205.894
206.183
206.47
206.821
207.172
207.523
207.874
208.225
208.576
208.927
209.28
209.672
210.064
210.456
210.848
211.24
211.592
211.944
212.296
212.648
213.0
213.352
213.704
214.056
214.408
214.76
215.149
215.538
215.927
216.316
216.705
217.094
217.48
217.739
217.998
218.257
218.516
218.775
219.034
219.293
219.55
220.048
220.546
221.044
221.542
222.04
222.492
222.944
223.396
223.848
224.3
224.75
225.338
225.926
226.514
227.102
227.69
228.023
228.356
228.689
229.022
229.355
229.688
230.02
230.35
230.7
231.05
231.4
231.75
232.1
232.45
232.8
233.21
233.62
234.03
234.44
234.85
235.203
235.556
235.909
236.262
236.615
236.968
237.321
237.675
238.184
238.693
239.202
239.711
240.22
240.73
241.153
241.576
241.999
242.422
242.845
243.268
243.691
244.114
244.537
244.96
245.223
245.486
245.749
246.012
246.275
246.538
246.801
247.064
247.327
247.59
247.85
248.129
248.408
248.687
248.966
249.245
249.524
249.803
250.082
250.36
250.626
250.892
251.158
251.424
251.69
251.956
252.222
252.488
252.754
253.02
253.29
254.02
254.75
255.48
255.771
256.062
256.353
256.644
256.935
257.226
257.519
257.816
258.113
258.41
258.707
259.004
259.3
259.628
259.956
260.284
260.612
260.94
261.268
261.596
261.924
262.25
262.848
263.446
264.044
264.642
265.24
265.84
266.104
266.368
266.632
266.896
267.16
267.424
267.688
267.95
268.308
268.666
269.024
269.382
269.74
270.098
270.456
270.814
271.172
271.53
271.89
272.424
272.958
273.492
274.026
274.56
275.096
275.33
275.564
275.798
276.032
276.266
276.5
276.734
276.97
277.324
277.678
278.032
278.386
278.74
279.094
279.45
279.96
280.47
280.98
281.49
282.0
282.267
282.534
282.801
283.068
283.335
283.602
283.87
284.262
284.654
285.046
285.438
285.83
286.73
287.63
288.53
289.43
289.741
290.052
290.363
290.674
290.985
291.296
291.607
291.918
292.229
292.54
292.722
292.904
293.086
293.268
293.45
293.63
294.54
295.45
295.716
295.982
296.248
296.514
296.78
297.074
297.368
297.662
297.956
298.25
298.544
298.838
299.132
299.43
300.104
300.778
301.452
302.126
302.8
303.474
304.15
304.484
304.818
305.152
305.486
305.82
306.154
306.488
306.82
307.16
307.5
308.143
308.786
309.429
310.072
310.715
311.358
312.001
312.644
313.287
313.93
314.57
315.127
315.685
316.243
316.8
317.117
317.434
317.751
318.068
318.385
318.7
319.114
319.528
319.942
320.356
320.77
321.184
321.598
322.012
322.426
322.84
323.25
323.711
324.172
324.633
325.094
325.555
326.016
326.48
328.101
329.722
331.343
332.964
334.585
336.206
337.83
338.483
339.136
339.789
340.442
341.095
341.748
342.4
342.574
342.748
342.922
343.096
343.27
343.444
343.618
343.792
343.97
344.668
345.365
346.062
346.76
347.137
347.514
347.891
348.268
348.645
349.02
349.476
349.932
350.388
350.844
351.3
351.756
352.212
352.668
353.12
353.5
353.88
354.26
354.64
355.02
355.4
355.78
356.093
356.406
356.72
357.12
357.52
357.92
358.32
358.72
359.12
359.52
359.991
360.462
360.933
361.404
361.875
362.346
362.817
363.29
363.787
364.284
364.781
365.278
365.775
366.27
366.999
367.728
368.457
369.186
369.915
370.644
371.373
372.102
372.831
373.56
374.289
375.02
375.348
375.676
376.004
376.332
376.66
376.988
377.316
377.644
377.972
378.3
378.63
379.27
379.91
380.333
380.756
381.178
381.601
382.024
382.447
382.87
383.29
383.632
383.974
384.316
384.658
385.0
385.342
385.684
386.026
386.368
386.71
387.77
388.054
388.338
388.622
388.906
389.19
389.474
389.758
390.042
390.326
390.61
390.89
391.282
391.674
392.066
392.458
392.85
393.242
393.634
394.026
394.418
394.81
395.692
396.574
397.456
398.338
399.22
399.488
399.756
400.024
400.292
400.56
400.828
401.096
401.364
401.632
401.9
402.168
402.436
402.71
403.164
403.618
404.072
404.526
404.98
405.5
406.02
406.54
407.06
407.58
408.1
408.515
408.93
409.345
409.76
410.175
410.59
410.82
411.05
411.28
411.51
411.74
411.97
412.2
412.601
413.002
413.403
413.804
414.205
414.606
415.007
415.408
415.809
416.21
416.61
417.003
417.396
417.79
418.177
418.564
418.951
419.338
419.725
420.112
420.5
420.759
421.018
421.277
421.536
421.795
422.054
422.313
422.572
422.831
423.09
423.349
423.61
423.91
424.21
424.51
424.81
425.11
425.41
425.71
426.01
426.31
426.61
427.199
427.788
428.377
428.966
429.555
430.144
430.733
431.322
431.91
433.086
434.262
435.438
436.614
437.79
438.966
440.142
441.318
442.494
443.67
444.85
445.241
445.632
446.023
446.414
446.805
447.196
447.587
447.978
448.369
448.76
449.15
449.824
450.498
451.172
451.846
452.52
453.194
453.868
454.542
455.216
455.89
458.308
460.726
463.144
465.562
467.98
470.398
472.816
475.23
475.529
475.828
476.127
476.426
476.725
477.024
477.32
477.499
477.678
477.857
478.036
478.215
478.394
478.573
478.752
478.931
479.11
479.289
479.47
479.92
480.37
480.82
481.27
481.49
481.71
481.93
482.15
482.37
482.59
482.81
483.03
483.344
483.658
483.972
484.286
484.6
484.914
485.228
485.542
485.86
486.156
486.452
486.748
487.044
487.34
487.636
487.932
488.228
488.52
488.936
489.352
489.768
490.184
490.6
491.032
491.464
491.896
492.328
492.762
493.242
493.722
494.202
494.682
495.16
496.255
496.499
496.743
496.987
497.23
500.34
503.45
503.704
503.958
504.212
504.466
504.72
504.974
505.228
505.48
506.043
506.606
507.168
507.73
508.191
508.652
509.113
509.574
510.035
510.496
510.957
511.418
511.88
512.163
512.446
512.729
513.012
513.295
513.578
513.861
514.144
514.427
514.71
514.99
515.78
516.39
517.0
517.61
518.22
518.83
519.44
519.683
519.926
520.169
520.412
520.655
520.898
521.141
521.384
521.63
525.29
528.95
529.597
530.244
530.89
531.39
535.32
537.081
537.859
538.637
539.415
540.193
540.971
541.749
542.527
543.305
544.083
544.861
545.639
546.417
547.19
547.622
548.054
548.486
548.918
549.35
549.782
550.214
550.646
551.078
551.51
551.8
552.09
552.38
552.67
552.96
553.25
553.54
553.765
553.99
554.215
554.44
554.665
554.89
555.115
555.34
555.565
555.79
556.028
556.266
556.504
556.742
556.98
557.218
557.456
557.943
558.43
558.917
559.404
559.89
560.157
560.424
560.691
560.958
561.225
561.492
561.76
562.21
562.66
563.11
563.56
564.01
564.46
564.91
565.34
565.77
566.2
566.63
567.06
567.49
567.92
568.246
568.572
568.898
569.224
569.55
569.857
570.164
570.471
570.778
571.085
571.39
571.784
572.178
572.572
572.966
573.36
573.754
574.148
574.542
574.936
575.33
575.72
575.992
576.264
576.536
576.808
577.08
577.35
577.674
577.998
578.322
578.646
578.97
579.22
579.47
579.72
579.97
580.22
580.47
580.72
580.97
581.22
581.47
581.72
581.924
582.128
582.332
582.536
582.74
582.944
583.148
583.35
583.986
584.622
585.258
585.894
586.53
587.166
587.802
588.44
589.177
589.914
590.65
590.935
591.22
591.505
591.79
592.075
592.36
592.645
592.93
593.254
593.578
593.902
594.226
594.55
594.874
595.198
595.522
595.85
596.256
596.662
597.068
597.474
597.88
598.286
598.692
599.1
599.55
600.0
600.45
600.9
601.35
601.8
602.25
602.7
603.15
603.6
603.803
604.006
604.209
604.412
604.615
604.818
605.02
605.23
605.44
605.65
605.86
606.07
606.28
606.49
606.7
606.91
607.12
607.331
607.518
607.705
607.892
608.079
608.266
608.453
608.64
608.83
609.107
609.384
609.661
609.938
610.215
610.492
610.77
610.975
611.18
611.385
611.59
611.795
612.0
612.205
612.41
612.615
612.82
613.025
613.23
613.435
613.64
613.845
614.05
614.26
614.597
614.934
615.271
615.608
615.945
616.282
616.62
616.857
617.094
617.331
617.568
617.805
618.042
618.279
618.516
618.753
618.99
619.227
619.464
619.7
620.025
620.35
620.675
621.0
621.325
621.65
621.975
622.3
622.625
622.95
623.165
623.38
623.595
623.81
624.025
624.24
624.455
624.67
624.959
625.248
625.537
625.826
626.115
626.404
626.693
626.982
627.27
627.617
627.964
628.311
628.658
629.005
629.352
629.699
630.046
630.39
631.002
631.614
632.226
632.838
633.45
634.062
634.674
635.286
635.898
636.51
637.122
637.74
638.027
638.314
638.601
638.888
639.175
639.46
639.765
640.07
640.375
640.68
640.985
641.29
641.595
641.9
642.481
643.062
643.643
644.224
644.805
645.386
645.97
646.554
647.138
647.722
648.306
648.89
649.39
649.666
649.942
650.218
650.494
650.77
651.046
651.32
652.15
652.98
653.81
654.64
655.47
656.302
656.688
657.074
657.46
657.846
658.232
658.62
659.12
659.301
659.482
659.662
659.842
660.023
660.203
660.639
661.075
661.511
661.947
662.383
662.819
663.255
663.69
663.938
664.186
664.434
664.682
664.93
665.178
665.426
665.674
665.922
666.17
666.418
666.67
667.136
667.602
668.068
668.534
669.0
669.739
670.478
671.217
671.956
672.695
673.434
674.17
675.318
676.466
677.614
678.762
679.91
680.51
681.11
681.71
682.31
682.91
683.51
684.11
684.708
685.041
685.374
685.707
686.04
686.373
686.706
687.039
687.372
687.705
688.038
688.37
696.84
697.583
698.326
699.069
699.812
700.555
701.298
702.041
702.784
703.527
704.27
708.57
709.058
709.545
710.032
710.52
710.912
711.304
711.696
712.088
712.48
712.87
713.253
713.636
714.019
714.402
714.785
715.167
715.375
715.583
715.791
715.999
716.207
716.415
716.623
716.831
717.039
717.25
717.425
717.6
717.775
717.95
718.125
718.3
718.475
718.65
718.825
719.061
719.297
719.533
719.769
720.005
720.241
720.797
721.353
721.909
722.465
723.02
723.708
724.396
725.085
731.676
738.267
744.858
751.449
758.04
764.631
771.222
777.81
779.04
779.663
780.286
780.909
781.532
782.155
782.778
783.401
784.024
784.65
784.889
785.128
785.367
785.606
785.845
786.084
786.32
786.79
787.26
787.73
788.121
788.512
788.903
789.294
789.685
790.076
790.467
790.856
791.497
792.138
792.779
793.42
794.061
794.7
795.135
795.57
796.005
796.44
796.875
797.31
797.745
798.18
798.615
799.05
799.483
799.916
800.349
800.782
801.215
801.648
802.081
802.514
802.95
803.38
803.81
804.24
804.67
805.1
805.53
805.96
806.39
806.82
807.332
807.844
808.356
808.868
809.38
809.892
810.404
810.916
811.432
811.636
811.84
812.044
812.248
812.452
812.656
812.86
813.064
813.265
813.977
814.689
815.401
816.113
816.825
817.537
818.249
818.96
819.223
819.486
819.749
820.012
820.275
820.538
820.801
821.064
821.327
821.59
821.88
822.17
822.46
822.75
823.04
823.33
823.62
823.91
824.2
824.49
824.78
825.075
825.37
825.665
825.96
826.255
826.55
826.845
827.14
827.409
827.678
827.947
828.216
828.485
828.754
829.023
829.292
829.561
829.83
830.099
830.368
830.637
830.9
831.39
831.88
832.37
832.778
833.186
833.594
834.002
834.41
834.82
835.215
835.61
836.005
836.4
836.795
837.192
837.723
838.254
838.785
839.316
839.847
840.378
840.91
841.48
842.05
842.62
843.19
843.76
844.33
844.9
845.221
845.542
845.863
846.184
846.505
846.826
847.147
847.468
847.789
848.165
848.541
848.917
849.293
849.669
850.045
850.421
850.797
851.173
851.549
851.925
852.301
852.68
852.915
853.15
853.385
853.62
853.855
854.09
854.325
854.56
854.795
855.03
855.26
856.22
856.533
856.846
857.159
857.472
857.785
858.098
858.411
858.724
859.037
859.35
859.66
859.981
860.302
860.623
860.944
861.265
861.586
861.907
862.228
862.55
863.245
863.94
864.332
864.724
865.116
865.508
865.9
866.292
866.684
867.076
867.468
867.86
868.252
868.644
869.036
869.428
869.82
870.147
870.474
870.801
871.128
871.455
871.782
872.109
872.436
872.763
873.09
873.417
873.744
874.071
874.398
874.72
875.02
875.32
875.62
876.007
876.394
876.781
877.168
877.555
877.942
878.329
878.716
879.103
879.49
879.887
880.284
880.681
881.078
881.475
881.872
882.269
882.666
883.063
883.46
883.857
884.25
884.554
884.858
885.162
885.466
885.77
886.074
886.378
886.682
886.986
887.29
887.594
887.898
888.2
888.504
888.808
889.112
889.416
889.72
890.024
890.328
890.632
890.935
891.107
891.279
891.451
891.623
891.795
891.967
892.139
892.31
892.615
892.92
893.225
893.53
893.835
894.14
894.445
894.75
895.055
895.36
895.66
895.9
896.14
896.38
896.62
896.86
897.1
897.34
897.58
897.82
898.06
898.3
898.54
898.78
899.063
899.346
899.629
899.912
900.195
900.478
900.76
901.016
901.272
901.528
901.784
902.04
902.346
902.652
902.958
903.264
903.57
903.876
904.18
904.557
904.934
905.311
905.688
906.065
906.442
906.819
907.196
907.573
907.95
908.327
908.7
909.023
909.346
909.669
909.992
910.315
910.638
910.961
911.284
911.607
911.93
912.389
912.848
913.307
913.766
914.225
914.684
915.143
915.6
916.102
916.604
917.107
917.61
918.11
918.483
918.855
919.227
919.6
919.973
920.345
920.717
921.09
921.395
921.7
922.005
922.31
922.615
922.92
923.225
923.53
923.835
924.14
924.445
924.75
925.099
925.448
925.797
926.146
926.495
926.844
927.193
927.54
927.803
928.066
928.329
928.592
928.855
929.118
929.381
929.644
929.907
930.17
930.433
930.7
935.181
939.662
944.143
948.624
953.105
957.586
962.067
966.55
966.845
967.14
967.435
967.73
968.025
968.32
968.615
968.91
969.205
969.5
969.8
970.3
970.55
970.8
971.05
971.3
971.55
971.8
972.05
972.3
972.55
972.8
973.05
973.415
973.78
974.145
974.51
974.875
975.24
975.57
975.9
976.23
976.56
976.89
977.22
977.622
978.024
978.426
978.828
979.23
979.632
980.034
980.436
980.84
981.1
981.36
981.62
981.88
982.14
982.4
982.66
982.92
983.18
983.44
983.7
983.946
984.192
984.438
984.684
984.93
985.483
986.036
986.589
987.142
987.695
988.25
988.576
988.902
989.228
989.554
989.88
990.206
990.532
990.86
991.361
991.862
992.363
992.864
993.365
993.866
994.367
994.868
995.37
995.624
995.878
996.132
996.386
996.64
996.999
997.358
997.717
998.076
998.435
998.794
999.153
999.512
999.871
1000.23
1000.589
1000.95
1001.352
1001.754
1002.156
1002.558
1002.96
1003.407
1003.854
1004.301
1004.748
1005.195
1005.642
1006.09
1006.374
1006.658
1006.942
1007.226
1007.51
1007.794
1008.08
1008.788
1009.496
1010.204
1010.912
1011.62
1012.791
1013.962
1015.133
1016.304
1017.475
1018.646
1019.82
1020.187
1020.554
1020.921
1021.288
1021.655
1022.022
1022.389
1022.756
1023.12
1023.429
1023.738
1024.047
1024.356
1024.665
1024.974
1025.283
1025.592
1025.901
1026.21
1026.585
1026.96
1027.335
1027.71
1028.085
1028.46
1028.835
1029.21
1029.507
1029.804
1030.101
1030.398
1030.695
1030.99
1031.214
1031.438
1031.662
1031.886
1032.11
1032.334
1032.558
1032.781
1033.075
1033.369
1033.663
1033.957
1034.25
1034.434
1034.618
1034.802
1034.986
1035.17
1035.354
1035.538
1035.722
1035.906
1036.089
1036.651
1037.213
1037.775
1038.337
1038.9
1039.177
1039.454
1039.731
1040.008
1040.285
1040.562
1040.839
1041.116
1041.393
1041.67
1042.198
1042.726
1043.254
1043.782
1044.31
1044.838
1045.366
1045.894
1046.422
1046.95
1048.112
1049.274
1050.436
1051.598
1052.76
1053.925
1054.268
1054.611
1054.954
1055.297
1055.64
1056.012
1056.384
1056.756
1057.128
1057.5
1057.872
1058.244
1058.616
1058.99
1059.251
1059.512
1059.773
1060.034
1060.295
1060.556
1060.817
1061.078
1061.339
1061.6
1061.86
1062.24
1062.62
1063.0
1063.38
1063.76
1064.14
1064.52
1064.9
1065.28
1065.66
1066.039
1066.243
1066.447
1066.651
1066.855
1067.059
1067.263
1067.467
1067.671
1067.875
1068.08
1068.342
1068.604
1068.866
1069.128
1069.39
1069.65
1069.993
1070.336
1070.679
1071.022
1071.365
1071.708
1072.05
1072.281
1072.512
1072.743
1072.974
1073.205
1073.436
1073.667
1073.9
1074.284
1074.668
1075.052
1075.436
1075.82
1076.054
1076.288
1076.522
1076.756
1076.99
1077.224
1077.46
1077.771
1078.082
1078.393
1078.704
1079.015
1079.326
1079.637
1079.948
1080.259
1080.57
1080.88
1081.059
1081.238
1081.417
1081.596
1081.775
1081.954
1082.13
1082.347
1082.564
1082.781
1082.998
1083.215
1083.432
1083.65
1084.09
1084.53
1084.97
1085.41
1085.85
1086.29
1086.73
1087.17
1087.61
1087.889
1088.168
1088.447
1088.726
1089.005
1089.284
1089.563
1089.84
1090.41
1090.98
1091.55
1092.12
1092.69
1093.26
1093.83
1094.4
1094.97
1095.54
1096.11
1097.32
1098.53
1099.74
1100.95
1102.16
1103.37
1104.58
1105.79
1107.0
1108.21
1109.42
1110.63
1111.006
1111.382
1111.758
1112.134
1112.51
1112.886
1113.262
1113.638
1114.01
1114.653
1115.296
1115.939
1116.582
1117.225
1117.87
1118.574
1119.278
1119.982
1120.686
1121.39
1121.682
1121.974
1122.266
1122.558
1122.85
1123.142
1123.434
1123.726
1124.018
1124.31
1124.578
1124.846
1125.114
1125.382
1125.65
1125.918
1126.186
1126.454
1126.72
1127.436
1128.152
1128.868
1129.584
1130.299
1130.47
1130.641
1130.812
1130.983
1131.154
1131.325
1131.496
1131.667
1131.84
1132.139
1132.438
1132.737
1133.036
1133.335
1133.634
1133.933
1134.232
1134.531
1134.83
1135.129
1135.43
1135.95
1136.142
1136.334
1136.526
1136.718
1136.91
1137.102
1137.294
1137.486
1137.678
1137.866
1138.46
1139.054
1139.648
1140.242
1140.836
1141.43
1142.25
1143.07
1143.89
1144.236
1144.582
1144.928
1145.274
1145.62
1145.966
1146.312
1146.658
1147.004
1147.35
1147.7
1148.195
1148.69
1149.094
1149.498
1149.902
1150.306
1150.71
1151.114
1151.518
1151.922
1152.33
1152.828
1153.326
1153.824
1154.322
1154.82
1155.138
1155.456
1155.774
1156.092
1156.41
1156.728
1157.046
1157.364
1157.682
1158.0
1158.32
1159.165
1160.01
1160.855
1161.7
1162.545
1163.39
1164.235
1165.08
1167.544
1170.008
1172.472
1174.936
1177.4
1177.749
1178.098
1178.447
1178.796
1179.145
1179.494
1179.843
1180.192
1180.54
1180.743
1180.946
1181.149
1181.352
1181.555
1181.758
1181.961
1182.164
1182.363
1182.713
1183.063
1183.413
1183.763
1184.113
1184.463
1184.81
1185.147
1185.484
1185.821
1186.158
1186.495
1186.758
1187.021
1187.284
1187.547
1187.81
1188.073
1188.336
1188.599
1188.862
1189.125
1189.39
1189.58
1189.77
1189.96
1190.15
1190.34
1190.53
1191.23
1191.93
1192.63
1193.57
1194.51
1195.45
1195.828
1196.206
1196.584
1196.962
1197.34
1197.718
1198.096
1198.474
1198.852
1199.23
1199.61
1200.072
1200.534
1200.996
1201.458
1201.92
1202.38
1202.64
1202.9
1203.16
1203.42
1203.68
1203.94
1204.2
1204.46
1204.747
1205.034
1205.321
1205.608
1205.895
1206.182
1206.47
1206.72
1206.97
1207.22
1207.47
1207.72
1207.97
1208.22
1208.47
1208.72
1208.97
1209.85
1210.188
1210.526
1210.864
1211.202
1211.54
1211.878
1212.216
1212.554
1212.892
1213.23
1215.06
1215.338
1215.616
1215.894
1216.172
1216.45
1216.73
1216.979
1217.228
1217.477
1217.726
1217.975
1218.224
1218.473
1218.722
1218.971
1219.22
1219.696
1220.172
1220.648
1221.124
1221.6
1222.076
1222.55
1223.048
1223.546
1224.044
1224.542
1225.04
1225.538
1226.036
1226.534
1227.032
1227.53
1228.03
1228.239
1228.448
1228.657
1228.866
1229.075
1229.284
1229.493
1229.7
1229.919
1230.138
1230.357
1230.576
1230.795
1231.014
1231.233
1231.45
1232.018
1232.586
1233.154
1233.722
1234.29
1234.631
1234.972
1235.313
1235.654
1235.995
1236.336
1236.677
1237.018
1237.359
1237.7
1238.04
1238.461
1238.882
1239.303
1239.724
1240.145
1240.566
1240.987
1241.41
1241.619
1241.828
1242.037
1242.246
1242.455
1242.664
1242.873
1243.08
1243.492
1243.904
1244.316
1244.728
1245.14
1245.552
1245.964
1246.376
1246.788
1247.2
1247.61
1248.714
1249.818
1250.922
1252.026
1253.13
1254.234
1255.338
1256.442
1257.546
1258.65
1258.923
1259.196
1259.469
1259.742
1260.015
1260.288
1260.561
1260.834
1261.107
1261.38
1261.65
1261.9
1262.15
1262.4
1262.65
1262.92
1263.19
1263.46
1263.73
1264.0
1264.27
1264.54
1264.81
1265.08
1265.35
1265.862
1266.375
1266.888
1267.4
1267.689
1267.978
1268.267
1268.556
1268.845
1269.134
1269.372
1269.61
1269.848
1270.086
1270.324
1270.562
1270.8
1273.338
1275.876
1278.414
1280.952
1283.49
1283.93
1284.37
1284.81
1285.25
1285.69
1286.13
1286.57
1287.01
1287.45
1287.807
1288.164
1288.521
1288.878
1289.235
1289.592
1289.95
1290.142
1290.334
1290.526
1290.718
1290.91
1291.102
1291.294
1291.486
1291.677
1292.19
1292.703
1293.216
1293.729
1294.242
1294.755
1295.268
1295.781
1296.29
1296.722
1297.154
1297.586
1298.018
1298.45
1298.882
1299.314
1299.746
1300.18
1300.623
1301.066
1301.509
1301.952
1302.395
1302.838
1303.28
1303.578
1303.876
1304.174
1304.472
1304.77
1305.068
1305.366
1305.664
1305.962
1306.26
1306.56
1306.963
1307.366
1307.769
1308.172
1308.575
1308.978
1309.381
1309.784
1310.187
1310.59
1311.741
1312.892
1314.043
1315.194
1316.345
1317.496
1318.647
1319.798
1320.95
1321.45
1322.237
1323.024
1323.811
1324.598
1325.385
1326.172
1326.96
1327.398
1327.836
1328.274
1328.712
1329.15
1329.588
1330.026
1330.464
1330.9
1331.235
1331.57
1331.905
1332.24
1332.575
1332.91
1333.245
1333.58
1333.837
1334.094
1334.351
1334.608
1334.865
1335.122
1335.379
1335.636
1335.89
1336.615
1337.34
1338.065
1338.79
1339.071
1339.352
1339.633
1339.914
1340.116
1340.318
1340.52
1340.722
1340.924
1341.126
1341.33
1341.763
1342.196
1342.63
1343.355
1343.987
1344.619
1345.25
1345.75
1347.882
1350.014
1352.146
1354.28
1354.7
1355.12
1355.54
1355.96
1356.38
1356.8
1357.095
1357.39
1357.685
1357.98
1358.275
1358.57
1358.865
1359.16
1359.455
1359.75
1360.029
1360.308
1360.587
1360.866
1361.145
1361.424
1361.703
1361.982
1362.261
1362.54
1362.815
1363.09
1363.365
1363.64
1363.915
1364.19
1364.465
1364.74
1365.015
1365.29
1365.565
1365.835
1366.072
1366.309
1366.546
1366.784
1367.022
1367.259
1367.496
1367.734
1367.971
1368.21
1368.388
1368.566
1368.744
1368.922
1369.1
1369.278
1369.456
1369.634
1369.81
1370.015
1370.22
1370.425
1370.63
1370.835
1371.04
1371.245
1371.45
1371.655
1371.86
1372.06
1372.573
1373.086
1373.6
1374.016
1374.432
1374.848
1375.264
1375.68
1376.096
1376.512
1376.93
1377.277
1377.624
1377.971
1378.318
1378.665
1379.01
1379.467
1379.925
1380.382
1380.84
1381.176
1381.512
1381.848
1382.184
1382.52
1382.856
1383.192
1383.528
1383.86
1384.242
1384.624
1385.006
1385.39
1385.8
1386.21
1386.62
1387.03
1387.44
1387.739
1388.038
1388.337
1388.636
1388.935
1389.234
1389.533
1389.832
1390.131
1390.43
1390.73
1391.138
1391.546
1391.954
1392.362
1392.77
1393.44
1394.11
1395.76
1397.41
1399.06
1400.71
1402.36
1404.01
1404.515
1405.02
1405.525
1406.03
1406.535
1407.04
1407.545
1408.05
1408.297
1408.544
1408.791
1409.038
1409.285
1409.532
1409.779
1410.026
1410.273
1410.52
1410.767
1411.014
1411.26
1411.562
1411.864
1412.167
1412.47
1412.866
1413.262
1413.658
1414.054
1414.45
1414.846
1415.24
1415.602
1415.964
1416.326
1416.688
1417.05
1417.412
1417.774
1418.136
1418.5
1419.177
1419.854
1420.531
1421.208
1421.885
1422.562
1423.24
1423.472
1423.704
1423.936
1424.168
1424.4
1424.632
1424.864
1425.096
1425.328
1425.56
1425.901
1426.242
1426.583
1426.924
1427.265
1427.606
1427.947
1428.288
1428.629
1428.97
1429.315
1429.581
1429.847
1430.113
1430.379
1430.645
1430.911
1431.177
1431.44
1431.786
1432.132
1432.478
1432.824
1433.17
1433.516
1433.862
1434.208
1434.554
1434.9
1435.246
1435.592
1435.94
1436.212
1436.484
1436.756
1437.028
1437.3
1437.572
1437.844
1438.116
1438.388
1438.66
1438.857
1439.054
1439.251
1439.448
1439.645
1439.842
1440.039
1440.236
1440.433
1440.63
1440.829
1441.049
1441.269
1441.489
1441.709
1441.929
1442.149
1442.37
1442.695
1443.02
1443.345
1443.67
1443.994
1444.287
1444.58
1444.873
1445.166
1445.459
1445.754
1448.109
1450.464
1452.819
1455.174
1457.529
1459.884
1462.239
1464.594
1466.949
1469.304
1471.655
1471.868
1472.081
1472.293
1472.505
1472.718
1472.931
1473.144
1473.357
1473.57
1473.78
1474.412
1475.044
1475.677
1476.309
1476.941
1477.573
1478.206
1478.84
1479.2
1479.56
1479.92
1480.28
1480.64
1481.0
1481.36
1481.72
1482.08
1482.73
1483.38
1484.03
1484.358
1484.686
1485.014
1485.341
1485.668
1485.995
1486.322
1486.65
1487.47
1488.147
1488.824
1489.5
1489.83
1490.16
1490.49
1490.82
1491.15
1491.48
1491.81
1492.14
1492.47
1492.882
1493.294
1493.706
1494.118
1494.53
1494.942
1495.354
1495.766
1496.178
1496.59
1496.886
1497.182
1497.478
1497.774
1498.07
1498.366
1498.662
1498.958
1499.254
1499.55
1499.85
1500.382
1500.915
1501.447
1501.979
1502.512
1503.044
1503.577
1504.11
1504.374
1504.638
1504.902
1505.166
1505.43
1505.694
1505.958
1506.222
1506.49
1507.618
1508.745
1509.872
1511.0
1511.246
1511.492
1511.738
1511.984
1512.23
1512.476
1512.722
1512.968
1513.214
1513.46
1513.885
1514.31
1514.735
1515.16
1515.66
1516.347
1517.034
1517.721
1518.408
1519.094
1519.781
1520.467
1521.154
1521.841
1522.525
1522.728
1522.931
1523.134
1523.337
1523.54
1523.743
1523.946
1524.15
1524.395
1524.64
1524.885
1525.13
1525.375
1525.62
1525.865
1526.11
1526.355
1526.6
1526.84
1527.199
1527.558
1527.917
1528.276
1528.635
1528.994
1529.35
1529.763
1530.176
1530.589
1531.002
1531.415
1531.83
1532.174
1532.518
1532.862
1533.206
1533.55
1533.894
1534.238
1534.58
1535.068
1535.556
1536.044
1536.532
1537.02
1537.354
1537.688
1538.022
1538.356
1538.69
1539.024
1539.358
1539.69
1539.928
1540.166
1540.404
1540.642
1540.88
1541.118
1541.356
1541.594
1541.832
1542.07
1542.31
1542.671
1543.032
1543.393
1543.754
1544.115
1544.476
1544.837
1545.198
1545.559
1545.783
1546.007
1546.231
1546.455
1546.679
1546.903
1547.127
1547.35
1547.583
1547.816
1548.049
1548.282
1548.515
1548.748
1548.981
1549.214
1549.447
1549.683
1550.049
1550.415
1550.781
1551.147
1551.513
1551.879
1552.245
1552.611
1552.98
1553.338
1553.696
1554.053
1554.411
1554.769
1555.127
1555.485
1555.84
1556.015
1556.19
1556.365
1556.54
1556.715
1556.89
1557.065
1557.24
1557.612
1557.984
1558.356
1558.728
1559.1
1559.47
1559.641
1559.812
1559.983
1560.154
1560.325
1560.496
1560.667
1560.838
1561.009
1561.18
1561.773
1562.365
1562.957
1563.55
1564.142
1564.735
1565.327
1565.92
1566.41
1566.9
1567.39
1567.88
1568.37
1568.86
1569.35
1569.84
1570.33
1570.58
1570.83
1571.024
1571.218
1571.412
1571.606
1571.8
1571.994
1572.188
1572.38
1572.78
1573.18
1573.58
1573.984
1574.388
1574.792
1575.196
1575.6
1576.004
1576.41
1577.062
1577.714
1578.366
1579.018
1579.67
1580.322
1580.974
1581.63
1582.044
1582.458
1582.872
1583.286
1583.7
1584.114
1584.528
1584.942
1585.356
1585.77
1586.184
1586.598
1587.01
1587.549
1588.088
1588.627
1589.166
1589.705
1590.244
1590.783
1591.322
1591.86
1592.292
1592.724
1593.156
1593.588
1594.02
1594.366
1594.712
1595.058
1595.404
1595.75
1596.096
1596.442
1596.788
1597.134
1597.48
1597.826
1598.17
1598.492
1598.814
1599.135
1600.504
1601.108
1601.712
1602.316
1602.92
1603.25
1603.58
1603.91
1604.24
1604.57
1604.9
1605.23
1605.53
1605.83
1606.13
1606.43
1606.73
1607.03
1607.33
1607.63
1607.93
1608.23
1608.73
1608.957
1609.185
1609.412
1609.639
1609.866
1610.093
1610.321
1610.55
1611.585
1612.62
1612.91
1613.2
1613.49
1613.78
1614.07
1614.36
1614.65
1614.94
1615.23
1615.534
1615.838
1616.142
1616.446
1616.75
1616.939
1617.128
1617.317
1617.506
1617.695
1617.884
1618.073
1618.262
1618.45
1618.636
1618.822
1619.008
1619.194
1619.38
1619.566
1619.752
1619.938
1620.12
1620.275
1620.43
1620.585
1620.74
1620.895
1621.05
1621.205
1621.36
1621.515
1621.67
1622.098
1622.525
1622.953
1623.38
1623.808
1624.236
1624.664
1625.09
1625.307
1625.524
1625.741
1625.958
1626.175
1626.392
1626.61
1626.837
1627.064
1627.29
1627.686
1628.082
1628.478
1628.874
1629.27
1629.666
1630.062
1630.458
1630.854
1631.25
1631.539
1631.828
1632.117
1632.406
1632.695
1632.984
1633.273
1633.562
1633.851
1634.14
1634.64
1636.065
1637.49
1637.706
1637.922
1638.138
1638.354
1638.57
1638.786
1639.002
1639.218
1639.432
1639.676
1639.92
1640.164
1640.408
1640.652
1640.896
1641.14
1641.428
1641.716
1642.004
1642.292
1642.58
1642.87
1643.077
1643.284
1643.491
1643.698
1643.905
1644.112
1644.319
1644.526
1644.733
1644.94
1645.15
1645.472
1645.794
1646.116
1646.438
1646.76
1647.08
1647.273
1647.466
1647.659
1647.852
1648.045
1648.238
1648.431
1648.624
1648.817
1649.01
1649.2
1649.691
1650.182
1650.673
1651.164
1651.655
1652.146
1652.637
1653.13
1653.63
1653.848
1654.066
1654.284
1654.502
1654.72
1654.938
1655.156
1655.374
1655.592
1655.81
1656.385
1656.96
1657.535
1658.11
1658.685
1659.26
1659.757
1660.254
1660.751
1661.248
1661.745
1662.242
1662.739
1663.236
1663.733
1664.23
1665.99
1667.75
1669.51
1671.27
1672.135
1673.0
1673.865
1674.73
1675.595
1676.46
1677.325
1678.19
1679.055
1679.92
1682.704
1685.488
1688.272
1691.056
1693.84
1694.18
1694.52
1694.86
1695.2
1695.54
1695.88
1696.22
1696.56
1696.9
1697.24
1697.694
1698.148
1698.602
1699.056
1699.51
1699.964
1700.418
1700.872
1701.33
1701.757
1702.184
1702.611
1703.038
1703.465
1703.892
1704.319
1704.746
1705.173
1705.6
1706.027
1706.45
1706.924
1707.398
1707.872
1708.346
1708.82
1709.229
1709.638
1710.047
1710.456
1710.865
1711.274
1711.683
1712.09
1712.464
1712.838
1713.212
1713.586
1713.96
1714.334
1714.708
1715.08
1715.386
1715.692
1715.998
1716.304
1716.61
1716.916
1717.222
1717.528
1717.834
1718.14
1718.45
1718.703
1718.956
1719.208
1719.461
1719.714
1719.966
1720.218
1720.47
1720.711
1720.952
1721.193
1721.434
1721.675
1721.916
1722.16
1722.353
1722.546
1722.739
1722.932
1723.125
1723.318
1723.51
1723.801
1724.092
1724.383
1724.674
1724.965
1725.256
1725.547
1725.838
1726.129
1726.42
1726.73
1727.04
1727.35
1727.66
1727.97
1728.28
1728.59
1728.9
1729.21
1729.52
1729.83
1730.14
1730.45
1730.76
1731.201
1731.642
1732.083
1732.524
1732.965
1733.406
1733.85
1734.192
1734.534
1734.876
1735.218
1735.56
1735.867
1736.174
1736.481
1736.788
1737.095
1737.402
1737.709
1738.016
1738.32
1738.584
1738.848
1739.112
1739.376
1739.64
1739.904
1740.168
1740.43
1740.633
1740.836
1741.039
1741.242
1741.445
1741.648
1741.851
1742.054
1742.257
1742.46
1742.663
1742.866
1743.07
1743.262
1743.454
1743.646
1743.838
1744.03
1744.22
1744.43
1744.64
1744.85
1745.06
1745.27
1745.48
1747.69
1749.9
1751.652
1753.404
1754.729
1756.054
1757.379
1758.704
1760.03
1761.292
1762.554
1764.096
1765.638
1767.18
1768.722
1770.264
1771.806
1773.348
1774.89
1776.432
1777.971
1778.22
1778.47
1778.8
1779.13
1779.46
1779.79
1780.12
1780.45
1780.78
1781.11
1781.44
1781.77
1782.678
1783.586
1784.494
1785.402
1786.31
1786.762
1787.214
1787.666
1788.118
1788.572
1788.826
1789.08
1789.334
1789.588
1789.842
1790.096
1790.35
1790.604
1790.858
1791.11
1792.07
1793.03
1793.99
1794.95
1795.91
1796.109
1796.308
1796.507
1796.706
1796.905
1797.104
1797.303
1797.5
1797.791
1798.082
1798.373
1798.664
1798.955
1799.246
1799.537
1799.83
1800.238
1800.646
1801.054
1801.462
1801.87
1802.28
1802.492
1802.704
1802.916
1803.128
1803.34
1803.552
1803.764
1803.976
1804.19
1804.502
1804.814
1805.126
1805.438
1805.75
1806.062
1806.374
1806.686
1806.998
1807.31
1807.62
1807.93
1808.24
1808.55
1808.86
1809.17
1809.48
1809.79
1810.1
1810.495
1810.89
1811.285
1811.68
1812.075
1812.47
1813.023
1813.576
1814.129
1814.682
1815.235
1815.79
1816.066
1816.342
1816.618
1816.894
1817.17
1817.444
1817.68
1817.916
1818.152
1818.388
1818.624
1818.86
1819.123
1819.386
1819.649
1819.912
1820.175
1820.438
1820.699
1821.289
1821.879
1822.469
1823.059
1823.649
1824.239
1824.83
1825.594
1826.359
1826.614
1826.869
1827.124
1827.379
1827.634
1827.889
1828.144
1828.4
1828.73
1829.06
1829.39
1829.72
1830.05
1830.38
1830.71
1831.054
1831.398
1831.742
1832.086
1832.43
1832.813
1833.196
1833.579
1833.962
1834.345
1834.73
1835.19
1835.65
1836.11
1836.57
1837.03
1837.415
1837.8
1838.185
1838.57
1838.955
1839.34
1839.725
1840.11
1840.365
1840.62
1840.875
1841.13
1841.385
1841.64
1841.895
1842.15
1842.464
1842.778
1843.092
1843.406
1843.72
1844.034
1844.348
1844.662
1844.979
1845.236
1845.493
1845.75
1846.007
1846.264
1846.52
1846.844
1847.168
1847.492
1847.816
1848.14
1848.464
1848.788
1849.11
1849.582
1850.054
1850.526
1850.998
1851.47
1851.942
1852.414
1852.886
1853.358
1853.83
1854.3
1854.971
1855.642
1856.313
1856.984
1857.655
1858.326
1858.997
1859.668
1860.34
1860.59
1860.84
1866.45
1872.06
1877.67
1883.28
1888.89
1889.201
1889.512
1889.823
1890.134
1890.445
1890.756
1891.067
1891.378
1891.689
1892.0
1892.31
1893.98
1894.286
1894.592
1894.898
1895.204
1895.51
1895.816
1896.122
1896.428
1896.734
1897.04
1897.792
1898.544
1899.296
1900.048
1900.8
1901.55
1901.924
1902.298
1902.672
1903.046
1903.42
1903.794
1904.168
1904.542
1904.916
1905.29
1905.664
1906.04
1906.391
1906.742
1907.093
1907.444
1907.795
1908.146
1908.497
1908.848
1909.199
1909.55
1909.9
1910.528
1911.156
1911.784
1912.412
1913.04
1913.407
1913.774
1914.141
1914.508
1914.875
1915.242
1915.609
1915.976
1916.343
1916.71
1917.08
1917.606
1918.132
1918.658
1919.184
1919.71
1920.22
1920.73
1921.24
1921.75
1922.26
1922.77
1923.28
1923.79
1924.3
1924.81
1925.32
1925.83
1926.34
1926.85
1927.081
1927.312
1927.543
1927.774
1928.005
1928.236
1928.47
1928.677
1928.884
1929.091
1929.298
1929.505
1929.712
1929.919
1930.126
1930.333
1930.54
1930.747
1930.95
1931.124
1931.298
1931.472
1931.646
1931.82
1931.992
1932.179
1932.366
1932.553
1932.74
1932.927
1933.114
1933.301
1933.491
1933.688
1933.885
1934.082
1934.279
1934.476
1934.673
1934.87
1935.07
1935.484
1935.898
1936.312
1936.726
1937.14
1937.554
1937.968
1938.381
1942.35
1942.545
1942.74
1942.934
1943.184
1943.433
1944.05
1944.572
1945.094
1945.617
1946.14
1947.775
1949.41
1951.045
1952.68
1954.315
1955.95
1957.584
1958.853
1960.122
1961.391
1962.66
1963.191
1963.722
1964.253
1964.784
1965.315
1965.846
1966.377
1966.908
1967.439
1967.97
1968.5
1968.782
1969.064
1969.346
1969.628
1969.91
1970.192
1970.474
1970.756
1971.038
1971.32
1971.611
1971.902
1972.193
1972.484
1972.775
1973.066
1973.36
1973.609
1973.858
1974.107
1974.356
1974.605
1974.854
1975.103
1975.35
1975.67
1975.99
1976.31
1976.63
1976.835
1977.04
1977.245
1977.45
1977.655
1977.86
1978.084
1978.308
1978.532
1978.756
1978.98
1979.204
1979.428
1979.65
1980.44
1980.94
1982.53
1982.784
1983.038
1983.292
1983.546
1983.8
1984.054
1984.31
1987.463
1990.615
1993.767
1996.92
1997.27
1997.62
1997.97
1998.32
1998.67
1999.02
1999.37
1999.72
2000.109
2000.498
2000.887
2001.276
2001.665
2002.054
2002.443
2002.832
2003.221
2003.61
2004.393
2005.176
2005.96
2006.747
2009.49
2009.93
2010.37
2010.81
2011.155
2011.5
2011.845
2012.19
2012.535
2012.881
2018.4
2019.943
2021.486
2023.03
2023.373
2023.716
2024.059
2024.402
2024.745
2025.088
2025.43
2025.933
2026.436
2026.939
2027.442
2027.945
2028.448
2028.951
2029.454
2029.957
2030.46
2030.963
2031.466
2031.969
2032.47
2033.297
2034.124
2034.951
2035.778
2036.605
2037.432
2038.26
2038.85
2039.44
2040.03
2040.62
2041.21
2041.8
2042.367
2042.934
2043.501
2044.068
2044.635
2045.202
2045.769
2046.34
2046.71
2047.08
2047.45
2047.82
2048.19
2048.56
2048.928
2049.136
2049.344
2049.552
2049.76
2049.968
2050.176
2050.384
2050.592
2050.8
2051.008
2051.219
2051.536
2051.853
2052.17
2052.487
2052.802
2053.638
2054.474
2055.31
2055.68
2056.05
2056.421
2056.792
2057.005
2057.218
2057.431
2057.644
2057.857
2058.07
2058.284
2058.5
2058.769
2059.037
2059.305
2059.573
2059.841
2060.111
2060.61
2060.995
2061.38
2061.765
2062.15
2062.535
2062.92
2063.305
2063.69
2064.023
2064.356
2064.689
2064.911
2065.133
2065.355
2065.577
2065.799
2066.021
2066.243
2066.465
2066.69
2068.508
2070.325
2072.142
2073.96
2074.162
2074.364
2074.566
2074.768
2074.97
2075.172
2075.374
2075.576
2075.778
2075.98
2076.201
2076.422
2076.643
2076.864
2077.093
2077.322
2077.551
2077.78
2078.009
2078.239
2078.582
2078.925
2079.268
2079.61
2079.967
2080.324
2080.681
2081.038
2081.395
2081.752
2082.11
2082.342
2082.574
2082.806
2083.038
2083.27
2083.502
2083.734
2083.966
2084.198
2084.43
2084.662
2084.894
2085.13
2085.34
2085.55
2085.76
2085.97
2086.18
2086.39
2086.6
2086.81
2087.02
2087.504
2087.988
2088.472
2088.956
2089.44
2089.924
2090.408
2090.89
2091.389
2091.66
2091.931
2092.202
2092.473
2092.744
2093.015
2093.286
2093.557
2093.83
2094.392
2094.954
2095.516
2096.078
2096.639
2096.888
2097.137
2097.386
2097.635
2097.884
2098.133
2098.382
2098.631
2098.88
2099.129
2099.38
2100.426
2101.472
2102.518
2103.564
2104.61
2105.656
2106.702
2107.748
2108.79
2109.113
2109.435
2109.757
2110.079
2110.401
2110.724
2111.047
2111.37
2111.727
2112.084
2112.441
2112.798
2113.155
2113.512
2113.87
2114.108
2114.346
2114.584
2114.822
2115.06
2115.298
2115.536
2115.774
2116.012
2116.25
2116.711
2117.171
2117.631
2118.092
2118.432
2118.772
2119.112
2119.452
2119.79
2121.245
2121.876
2122.507
2123.138
2123.769
2124.399
2125.03
2125.661
2126.292
2126.923
2127.55
2127.938
2128.326
2128.714
2129.102
2129.49
2130.002
2130.514
2131.026
2131.538
2132.05
2132.562
2133.074
2133.74
2134.062
2134.384
2134.706
2135.028
2135.35
2135.672
2135.994
2136.316
2136.638
2136.96
2137.282
2137.604
2137.92
2138.272
2138.624
2138.976
2139.328
2139.68
2140.032
2140.384
2140.736
2141.088
2141.44
2141.79
2142.334
2142.878
2143.422
2143.966
2144.51
2145.054
2145.6
2145.826
2146.052
2146.278
2146.504
2146.73
2147.395
2148.06
2148.725
2149.39
2150.055
2150.72
2151.062
2151.405
2151.748
2152.091
2152.434
2152.777
2153.12
2153.46
2153.787
2154.114
2154.441
2154.768
2155.095
2155.422
2155.749
2156.08
2156.42
2156.76
2157.1
2157.44
2157.78
2158.12
2158.46
2158.8
2159.015
2159.23
2159.445
2159.66
2159.875
2160.09
2160.258
2160.426
2160.594
2160.762
2160.93
2161.1
2161.803
2162.506
2163.21
2163.633
2164.056
2164.479
2164.672
2164.865
2165.058
2165.251
2165.444
2165.637
2165.83
2166.02
2166.528
2167.036
2167.544
2168.052
2168.56
2169.068
2169.576
2170.084
2170.59
2170.984
2171.378
2171.772
2172.166
2172.56
2172.954
2173.348
2173.74
2174.058
2174.376
2174.694
2175.012
2175.33
2175.65
2176.393
2177.136
2177.879
2178.622
2179.365
2180.108
2180.851
2181.594
2182.34
2182.565
2182.79
2183.015
2183.24
2183.465
2183.69
2184.287
2184.884
2185.481
2186.079
2186.677
2187.274
2187.871
2188.47
2189.176
2189.882
2190.589
2190.782
2190.975
2191.168
2191.361
2191.554
2191.747
2191.94
2192.13
2192.326
2192.522
2192.718
2192.914
2193.11
2193.306
2193.504
2194.021
2194.538
2195.055
2195.572
2196.09
2196.303
2196.516
2196.729
2196.942
2197.155
2197.368
2197.581
2197.794
2198.01
2198.24
2198.47
2198.7
2198.93
2199.16
2199.39
2199.62
2199.85
2200.08
2200.31
2200.723
2201.136
2201.549
2201.962
2202.144
2202.326
2202.508
2202.69
2202.872
2203.054
2203.236
2203.42
2203.857
2204.294
2204.731
2205.168
2205.605
2206.042
2206.48
2207.148
2207.816
2208.484
2209.152
2209.82
2210.563
2211.306
2212.049
2212.792
2213.535
2214.278
2215.021
2215.764
2216.51
2216.719
2216.928
2217.137
2217.346
2217.555
2217.764
2217.973
2218.182
2218.391
2218.6
2218.809
2219.018
2219.227
2219.43
2220.14
2220.85
2221.56
2221.873
2222.186
2222.499
2222.812
2223.125
2223.438
2223.751
2224.064
2224.377
2224.69
2225.003
2225.316
2225.629
2225.942
2226.26
2226.513
2226.766
2227.019
2227.272
2227.525
2227.78
2227.974
2228.168
2228.362
2228.556
2228.75
2228.944
2229.138
2229.332
2229.526
2229.72
2229.91
2230.186
2230.462
2230.738
2231.014
2231.29
2231.54
2231.79
2232.04
2232.24
2232.44
2232.64
2232.84
2234.07
2234.564
2235.058
2235.552
2236.046
2236.54
2237.034
2237.528
2238.022
2238.516
2239.01
2239.468
2239.926
2240.384
2240.842
2241.3
2241.758
2242.216
2242.674
2243.13
2243.522
2243.914
2244.306
2244.698
2245.09
2245.482
2245.871
2246.37
2246.6
2246.83
2247.06
2247.29
2247.52
2247.75
2248.151
2248.552
2248.953
2249.354
2249.755
2250.156
2250.557
2250.958
2251.359
2251.76
2252.16
2252.466
2252.772
2253.078
2253.384
2253.69
2253.996
2254.302
2254.608
2254.91
2255.269
2255.628
2255.987
2256.346
2256.705
2257.064
2257.423
2257.78
2258.0
2258.22
2258.44
2258.66
2259.033
2259.406
2259.78
2260.338
2260.896
2261.454
2262.012
2262.57
2263.128
2263.686
2264.244
2264.8
2265.275
2265.75
2266.225
2266.7
2267.175
2267.65
2268.125
2268.6
2269.075
2269.55
2270.02
2270.285
2270.55
2270.815
2271.08
2271.345
2271.61
2271.875
2272.14
2272.405
2272.67
2272.935
2273.2
2273.46
2273.798
2274.136
2274.474
2274.812
2275.15
2275.49
2276.301
2277.112
2277.923
2278.734
2279.545
2280.356
2281.167
2281.978
2282.79
2283.159
2283.528
2283.897
2284.266
2284.635
2285.004
2285.37
2285.612
2285.854
2286.096
2286.338
2286.58
2286.948
2287.316
2287.684
2288.052
2288.42
2288.757
2289.094
2289.431
2289.768
2290.105
2290.442
2290.779
2291.116
2291.453
2291.79
2292.13
2292.563
2292.996
2293.429
2293.862
2294.295
2294.728
2295.161
2295.594
2296.027
2296.46
2296.893
2297.324
2297.544
2297.764
2297.984
2298.204
2298.424
2298.644
2298.864
2299.084
2299.304
2299.524
2299.74
2300.003
2300.266
2300.529
2300.792
2301.055
2301.318
2301.58
2301.81
2302.04
2302.27
2302.5
2302.73
2302.96
2303.19
2303.42
2303.65
2303.88
2304.11
2304.611
2305.112
2305.613
2306.114
2306.615
2307.116
2307.617
2308.118
2308.619
2309.12
2309.621
2310.12
2310.301
2310.482
2310.663
2310.844
2311.025
2311.206
2311.387
2311.568
2311.749
2311.93
2312.111
2312.292
2312.473
2312.65
2312.91
2313.169
2313.428
2313.688
2313.948
2314.207
2314.466
2314.726
2314.986
2315.245
2315.417
2315.589
2315.761
2315.933
2316.105
2316.277
2316.449
2316.62
2316.91
2317.2
2317.49
2317.78
2318.07
2318.36
2318.65
2319.035
2319.42
2319.805
2320.19
2320.575
2320.96
2321.345
2321.73
2322.115
2322.5
2322.885
2323.265
2323.427
2323.59
2323.753
2323.916
2324.079
2324.242
2324.405
2324.568
2324.731
2324.89
2325.141
2325.392
2325.643
2325.894
2326.145
2326.396
2326.65
2326.91
2327.17
2327.43
2327.691
2328.296
2328.9
2329.22
2329.539
2329.859
2330.178
2330.497
2330.816
2331.135
2331.456
2331.812
2332.168
2332.524
2332.88
2333.236
2333.592
2333.95
2334.494
2335.038
2335.582
2336.126
2336.67
2337.214
2337.76
2339.61
2340.865
2341.061
2341.257
2341.453
2341.649
2341.845
2342.041
2342.24
2342.558
2342.876
2343.194
2343.512
2343.83
2344.148
2344.466
2344.784
2345.1
2345.465
2345.83
2346.027
2346.224
2346.421
2346.618
2346.815
2347.012
2347.209
2347.406
2347.603
2347.8
2347.997
2348.19
2348.522
2348.854
2349.186
2349.518
2349.85
2350.334
2350.818
2351.302
2351.786
2352.27
2352.754
2353.238
2353.72
2354.1
2354.48
2354.86
2355.24
2355.62
2356.0
2356.38
2356.76
2357.14
2357.52
2358.117
2358.715
2359.312
2359.91
2360.473
2361.036
2361.599
2362.162
2362.725
2363.29
2363.764
2364.238
2364.712
2365.186
2365.66
2366.134
2366.608
2367.086
2368.01
2368.85
2369.405
2369.96
2370.768
2371.576
2372.384
2373.192
2374.0
2374.583
2375.166
2375.749
2376.332
2376.915
2377.498
2378.08
2378.6
2379.12
2379.399
2379.678
2379.957
2380.183
2380.409
2380.635
2380.861
2381.087
2381.313
2381.54
2382.09
2382.64
2383.14
2383.425
2383.71
2383.995
2384.28
2384.565
2384.85
2385.135
2385.42
2385.705
2385.99
2386.275
2386.56
2386.85
2387.347
2387.844
2388.341
2388.838
2389.335
2389.832
2390.329
2390.826
2391.323
2391.82
2392.102
2392.384
2392.666
2392.948
2393.23
2393.512
2393.794
2394.08
2394.376
2394.672
2394.968
2395.264
2395.56
2395.949
2396.338
2396.727
2397.116
2397.505
2397.894
2398.283
2398.672
2399.061
2399.45
2399.871
2400.292
2400.713
2401.134
2401.555
2401.976
2402.397
2402.82
2403.46
2403.627
2403.794
2403.961
2404.128
2404.295
2404.462
2404.629
2404.796
2404.963
2405.126
2405.374
2405.622
2405.87
2406.118
2406.366
2406.614
2406.862
2407.11
2407.36
2407.786
2408.212
2408.638
2409.064
2409.49
2409.916
2410.342
2410.768
2411.19
2411.39
2411.59
2411.79
2411.99
2412.19
2412.39
2412.86
2413.33
2413.8
2414.27
2414.74
2415.21
2415.68
2416.15
2416.62
2417.09
2417.56
2418.03
2418.5
2418.769
2419.038
2419.307
2419.576
2419.845
2420.466
2421.087
2421.708
2422.329
2422.95
2423.57
2426.168
2428.766
2431.364
2433.962
2436.56
2439.464
2442.368
2445.272
2448.176
2451.08
2452.57
2452.812
2453.054
2453.296
2453.538
2453.78
2454.022
2454.264
2454.506
2454.748
2454.99
2455.75
2456.03
2456.56
2457.09
2457.403
2457.715
2458.028
2458.34
2458.602
2458.864
2459.126
2459.388
2459.65
2459.912
2460.174
2460.436
2460.698
2460.96
2461.46
2461.931
2462.402
2462.873
2463.344
2463.815
2464.286
2464.76
2465.44
2466.12
2466.8
2467.48
2468.16
2468.84
2469.098
2469.356
2469.614
2469.871
2472.97
2473.27
2473.57
2473.738
2473.906
2474.074
2474.242
2474.41
2476.57
2478.73
2480.89
2483.05
2485.21
2487.372
2488.365
2489.358
2490.35
2490.57
2490.79
2491.01
2491.23
2491.45
2491.67
2491.89
2492.11
2492.33
2492.764
2493.198
2493.632
2494.066
2494.5
2494.934
2495.368
2495.802
2496.236
2496.67
2496.941
2497.212
2497.483
2497.754
2498.025
2498.296
2498.567
2498.838
2499.109
2499.38
2499.918
2500.456
2500.994
2501.532
2502.07
2502.608
2503.146
2503.684
2504.222
2504.76
2505.298
2505.83
2506.21
2506.59
2506.97
2507.35
2507.73
2508.11
2508.463
2508.816
2509.169
2509.522
2509.875
2510.228
2510.581
2510.934
2511.287
2511.64
2511.99
2512.679
2513.368
2514.057
2514.746
2515.435
2516.124
2516.813
2517.502
2518.191
2518.88
2519.569
2520.258
2520.95
2521.264
2521.578
2521.892
2522.206
2522.52
2522.834
2523.148
2523.462
2523.776
2524.09
2524.854
2525.618
2526.382
2527.146
2527.91
2528.674
2529.438
2530.2
2530.7
2530.963
2531.226
2531.489
2531.752
2532.015
2532.278
2532.541
2532.801
2533.3
2533.534
2533.768
2534.002
2534.236
2534.47
2534.704
2534.94
2535.137
2535.334
2535.532
2535.73
2535.927
2536.124
2536.322
2536.52
2536.707
2536.894
2537.081
2537.269
2537.456
2537.644
2537.831
2538.02
2538.365
2538.71
2539.055
2539.4
2539.887
2540.374
2540.861
2541.348
2541.835
2542.32
2542.55
2542.78
2543.01
2543.24
2543.47
2543.7
2543.93
2544.16
2544.39
2544.62
2544.798
2544.976
2545.154
2545.332
2545.51
2545.688
2545.866
2546.044
2546.22
2546.798
2547.376
2547.954
2548.532
2549.11
2549.688
2550.266
2550.844
2551.422
2552.0
2552.578
2553.156
2553.73
2554.31
2554.89
2555.47
2555.991
2556.512
2557.033
2557.554
2558.075
2558.596
2559.117
2559.638
2560.159
2560.68
2561.201
2561.722
2562.243
2562.76
2564.54
2564.966
2565.392
2565.818
2566.244
2566.67
2567.096
2567.522
2567.948
2568.374
2568.8
2569.226
2569.652
2570.08
2570.254
2570.428
2570.602
2570.776
2570.95
2571.124
2571.298
2571.472
2571.646
2571.82
2571.99
2572.197
2572.404
2572.611
2572.818
2573.025
2573.232
2573.439
2573.646
2573.853
2574.06
2574.238
2574.416
2574.594
2574.772
2574.95
2575.128
2575.309
2575.556
2575.803
2576.05
2576.297
2576.544
2576.791
2577.038
2577.285
2577.53
2577.851
2578.172
2578.493
2578.814
2579.135
2579.456
2579.777
2580.098
2580.419
2580.74
2581.061
2581.382
2581.703
2582.024
2582.34
2582.681
2583.022
2583.363
2583.704
2584.045
2584.386
2584.727
2585.068
2585.409
2585.75
2586.091
2586.43
2586.597
2586.764
2586.931
2587.098
2587.265
2587.432
2587.599
2587.766
2587.93
2588.248
2588.566
2588.884
2589.202
2589.52
2589.84
2590.45
2591.06
2591.67
2592.28
2592.89
2594.74
2596.297
2597.854
2599.41
2600.722
2602.034
2603.346
2604.658
2605.97
2607.282
2608.594
2609.906
2611.218
2612.53
2613.842
2615.155
2615.655
2616.174
2616.693
2617.212
2617.731
2618.25
2618.769
2619.288
2619.807
2620.326
2620.845
2621.364
2621.883
2622.4
2622.654
2622.908
2623.162
2623.416
2623.67
2624.077
2624.485
2624.892
2625.299
2625.706
2626.113
2626.52
2626.93
2627.153
2627.376
2627.599
2627.822
2628.045
2628.268
2628.491
2628.714
2628.94
2629.616
2630.292
2630.968
2631.644
2632.32
2632.547
2632.774
2633.001
2633.228
2633.455
2633.682
2633.909
2634.136
2634.363
2634.59
2634.817
2635.04
2635.21
2635.38
2635.55
2635.72
2636.087
2636.454
2636.822
2637.19
2637.686
2638.182
2638.678
2639.174
2639.67
2640.166
2640.66
2640.966
2641.272
2641.578
2641.884
2642.19
2642.496
2642.802
2643.11
2643.36
2643.61
2643.86
2644.11
2644.36
2644.61
2644.86
2645.11
2645.36
2645.707
2646.054
2646.4
2646.834
2647.268
2647.702
2648.136
2648.57
2649.004
2649.438
2649.872
2650.31
2650.849
2651.388
2651.927
2652.466
2653.005
2653.544
2654.083
2654.62
2654.854
2655.088
2655.322
2655.556
2655.79
2656.054
2656.318
2656.582
2656.846
2657.11
2657.374
2657.64
2658.828
2660.016
2661.204
2662.392
2663.58
2664.768
2665.956
2667.144
2668.332
2669.52
2670.71
2671.222
2671.734
2672.246
2672.758
2673.27
2673.782
2674.294
2674.806
2675.318
2675.83
2676.342
2676.85
2677.088
2677.326
2677.564
2677.802
2678.04
2678.278
2678.516
2678.754
2678.992
2679.23
2679.594
2679.958
2680.322
2680.686
2681.05
2681.252
2681.454
2681.656
2681.858
2682.06
2682.262
2682.466
2682.704
2682.942
2683.18
2683.418
2683.656
2683.894
2684.13
2684.542
2684.954
2685.366
2685.778
2686.19
2686.6
2687.384
2688.168
2688.952
2689.736
2690.52
2691.304
2692.088
2692.872
2693.656
2694.44
2695.224
2696.008
2696.792
2697.576
2698.36
2698.93
2699.5
2700.07
2700.64
2701.21
2701.78
2702.35
2702.92
2703.259
2703.598
2703.937
2704.276
2704.615
2704.954
2705.293
2705.632
2705.971
2706.31
2706.65
2707.271
2707.892
2708.513
2709.134
2709.755
2710.376
2711.0
2712.53
2714.06
2714.68
2714.922
2715.164
2715.406
2715.648
2715.89
2716.132
2716.374
2716.616
2716.858
2717.1
2717.34
2717.504
2717.668
2717.832
2717.996
2718.16
2718.324
2718.488
2718.65
2718.922
2719.194
2719.466
2719.738
2720.01
2720.282
2720.554
2720.826
2721.098
2721.37
2721.736
2722.102
2722.468
2722.834
2723.2
2723.566
2723.93
2724.612
2725.294
2725.976
2726.658
2727.34
2727.683
2728.026
2728.369
2728.712
2729.055
2729.398
2729.741
2730.084
2730.427
2730.77
2731.151
2731.532
2731.913
2732.294
2732.675
2733.056
2733.44
2733.684
2733.928
2734.172
2734.416
2734.66
2734.904
2735.148
2735.392
2735.636
2735.88
2736.12
2736.347
2736.574
2736.801
2737.028
2737.255
2737.482
2737.709
2737.936
2738.16
2738.407
2738.654
2738.901
2739.148
2739.395
2739.642
2739.889
2740.136
2740.383
2740.63
2741.018
2741.406
2741.794
2742.182
2742.57
2742.96
2743.555
2744.15
2744.472
2744.794
2745.116
2745.438
2745.76
2746.082
2746.404
2746.724
2746.926
2747.128
2747.33
2747.532
2747.734
2747.936
2748.14
2748.613
2749.086
2749.559
2750.032
2750.505
2750.978
2751.451
2751.924
2752.4
2753.47
2753.737
2754.004
2754.271
2754.538
2754.805
2755.072
2755.339
2755.606
2755.87
2756.166
2756.462
2756.758
2757.054
2757.35
2757.646
2757.942
2758.238
2758.534
2758.83
2760.185
2761.54
2761.916
2762.292
2762.668
2763.044
2763.42
2763.796
2764.17
2764.651
2765.132
2765.613
2766.094
2766.575
2767.056
2767.537
2768.018
2768.499
2768.98
2770.55
2772.12
2773.69
2775.26
2776.83
2778.4
2778.75
2779.1
2779.45
2779.915
2780.38
2780.845
2781.31
2781.775
2782.24
2782.546
2782.852
2783.158
2783.464
2783.77
2784.076
2784.382
2784.688
2784.99
2785.91
2786.83
2787.75
2788.67
2789.59
2790.09
2790.485
2790.88
2791.275
2791.67
2792.065
2792.46
2792.723
2792.986
2793.249
2793.512
2793.775
2794.038
2794.301
2794.564
2794.827
2795.09
2795.495
2795.9
2796.305
2796.71
2797.115
2797.52
2797.925
2798.33
2798.735
2799.14
2799.354
2799.568
2799.782
2799.996
2800.21
2800.424
2800.641
2801.14
2801.59
2802.04
2802.49
2802.72
2802.95
2803.18
2803.41
2803.64
2803.872
2804.062
2804.252
2804.442
2804.632
2804.822
2805.012
2805.202
2805.392
2805.58
2805.854
2806.128
2806.402
2806.676
2806.95
2807.224
2807.498
2807.772
2808.046
2808.32
2808.594
2808.87
2809.536
2810.202
2810.868
2811.534
2812.2
2812.866
2813.532
2814.198
2814.864
2815.53
2816.342
2817.154
2817.966
2818.778
2819.59
2820.09
2820.309
2820.528
2820.747
2820.966
2821.185
2821.404
2821.623
2821.842
2822.06
2823.557
2825.054
2826.551
2828.047
2829.384
2830.721
2832.058
2833.395
2834.732
2836.069
2837.406
2838.74
2839.194
2839.648
2840.102
2840.556
2841.01
2841.464
2841.918
2842.372
2842.83
2843.434
2844.038
2844.642
2845.246
2845.85
2846.35
2846.643
2846.936
2847.229
2847.522
2847.815
2848.108
2848.401
2848.694
2848.987
2849.28
2849.57
2849.884
2850.198
2850.512
2850.826
2851.14
2851.454
2851.768
2852.082
2852.4
2852.602
2852.804
2853.006
2853.208
2853.41
2853.612
2853.814
2854.016
2854.218
2854.42
2854.622
2854.824
2855.02
2855.974
2856.928
2857.882
2858.114
2858.346
2858.578
2858.81
2859.042
2859.274
2859.506
2859.738
2859.97
2860.2
2860.65
2861.1
2861.55
2862.0
2862.45
2862.9
2863.35
2863.8
2864.25
2864.7
2865.15
2865.597
2865.755
2865.913
2866.071
2866.229
2866.387
2866.545
2866.703
2866.861
2867.019
2867.18
2867.52
2867.86
2868.2
2868.54
2868.88
2869.22
2869.56
2869.9
2870.24
2870.58
2870.895
2871.21
2871.525
2871.84
2872.155
2872.47
2872.785
2873.1
2873.415
2873.73
2874.045
2874.36
2874.633
2874.906
2875.179
2875.452
2875.725
2875.998
2876.271
2876.544
2876.817
2877.09
2878.088
2879.086
2880.083
2881.08
2881.478
2881.876
2882.274
2882.672
2883.07
2883.47
2883.704
2883.938
2884.172
2884.406
2884.64
2884.874
2885.108
2885.34
2885.573
2885.806
2886.039
2886.272
2886.505
2886.738
2886.971
2887.204
2887.44
2887.9
2888.36
2888.82
2889.28
2889.74
2891.51
2891.814
2892.118
2892.422
2892.726
2893.03
2893.334
2893.64
2895.247
2896.854
2898.461
2900.07
2900.543
2901.015
2901.487
2901.96
2902.53
2903.1
2903.35
2903.6
2904.433
2904.716
2904.999
2905.282
2905.565
2905.848
2906.131
2906.414
2906.694
2906.934
2907.174
2907.414
2907.654
2907.894
2908.133
2908.372
2908.61
2908.86
2909.11
2909.36
2909.58
2909.8
2910.02
2910.24
2910.46
2910.68
2910.93
2911.18
2911.745
2912.31
2912.875
2913.44
2914.005
2914.57
2915.06
2915.55
2916.04
2916.53
2917.019
2917.212
2917.405
2917.598
2917.791
2917.984
2918.177
2918.37
2918.56
2919.0
2919.44
2919.88
2920.32
2920.76
2921.2
2921.64
2922.272
2922.904
2923.536
2924.168
2924.8
2925.432
2926.064
2926.696
2927.328
2927.96
2928.592
2929.22
2930.171
2931.122
2932.073
2933.024
2933.975
2934.926
2935.877
2936.828
2937.779
2938.732
2938.916
2939.1
2939.284
2939.468
2939.652
2939.836
2940.02
2940.204
2940.388
2940.572
2940.756
2940.94
2941.155
2941.37
2941.585
2941.8
2942.015
2942.23
2942.445
2942.66
2942.875
2943.09
2943.354
2943.618
2943.882
2944.146
2944.41
2944.674
2944.938
2945.2
2945.507
2945.814
2946.121
2946.428
2946.735
2947.042
2947.349
2947.656
2947.963
2948.27
2948.58
2948.948
2949.316
2949.684
2950.052
2950.42
2950.788
2951.156
2951.524
2951.89
2952.18
2952.47
2952.76
2953.05
2953.34
2953.63
2953.92
2954.21
2954.5
2954.79
2955.08
2955.37
2955.579
2955.788
2955.997
2956.206
2956.415
2956.624
2956.833
2957.042
2957.251
2957.46
2957.702
2957.944
2958.186
2958.428
2958.67
2958.912
2959.154
2959.396
2959.638
2959.88
2960.122
2960.364
2960.6
2960.887
2961.174
2961.461
2961.748
2962.035
2962.322
2962.609
2962.896
2963.183
2963.47
2963.757
2964.04
2964.316
2964.592
2964.868
2965.144
2965.42
2965.696
2965.972
2966.248
2966.524
2966.8
2967.076
2967.352
2967.628
2967.904
2968.18
2968.46
2968.96
2969.192
2969.424
2969.656
2969.888
2970.12
2970.352
2970.585
2970.765
2970.945
2971.126
2971.307
2971.487
2971.668
2971.849
2972.03
2972.211
2972.39
2972.616
2972.842
2973.068
2973.294
2973.52
2973.746
2973.97
2974.32
2974.67
2975.02
2975.37
2975.72
2976.07
2976.42
2976.77
2977.12
2977.47
2977.82
2978.166
2978.395
2978.624
2978.853
2979.082
2979.311
2979.54
2979.819
2980.098
2980.377
2980.656
2980.935
2981.214
2981.493
2981.77
2982.048
2982.326
2982.604
2982.882
2983.16
2983.436
2983.598
2983.76
2983.922
2984.084
2984.246
2984.408
2984.57
2984.732
2984.894
2985.06
2985.331
2985.602
2985.873
2986.144
2986.415
2986.686
2986.96
2987.537
2988.114
2988.691
2989.268
2989.845
2990.422
2991.0
2991.536
2992.072
2992.608
2993.144
2993.68
2994.216
2994.75
2995.01
2995.27
2995.53
2995.79
2996.05
2996.31
2996.57
2997.109
2997.648
2998.187
2998.726
2999.265
2999.804
3000.343
3000.882
3001.421
3001.96
3002.499
3003.04
3003.634
3004.228
3004.822
3005.416
3006.01
3006.604
3007.198
3007.698
3008.024
3008.35
3008.676
3009.002
3009.33
3009.586
3009.842
3010.098
3010.354
3010.61
3010.866
3011.122
3011.38
3011.94
3012.5
3013.06
3013.62
3014.18
3014.539
3014.898
3015.257
3015.616
3015.975
3016.334
3016.693
3017.05
3018.45
3019.85
3021.25
3022.65
3024.05
3025.45
3026.85
3028.25
3028.62
3028.99
3029.36
3029.73
3030.1
3030.47
3030.84
3031.18
3031.52
3031.86
3032.2
3032.54
3032.88
3034.13
3034.676
3035.222
3035.768
3036.314
3036.86
3037.483
3038.106
3038.729
3039.352
3039.975
3040.598
3041.221
3041.844
3042.467
3043.09
3043.713
3044.336
3044.959
3045.582
3046.21
3046.492
3046.774
3047.056
3047.338
3047.62
3047.9
3048.206
3048.512
3048.818
3049.124
3049.43
3049.736
3050.042
3050.348
3050.654
3050.96
3051.27
3051.398
3051.526
3051.654
3051.782
3051.91
3052.04
3052.269
3052.498
3052.727
3052.956
3053.185
3053.414
3053.643
3053.873
3054.136
3054.399
3054.662
3054.925
3055.188
3055.45
3055.738
3056.026
3056.314
3056.602
3056.89
3057.178
3057.466
3057.754
3058.042
3058.33
3058.62
3058.796
3058.972
3059.148
3059.324
3059.5
3059.676
3059.852
3060.028
3060.204
3060.38
3060.634
3060.888
3061.142
3061.396
3061.65
3061.904
3062.16
3062.405
3062.65
3062.895
3063.14
3063.385
3063.63
3063.875
3064.12
3064.365
3064.61
3064.86
3065.077
3065.294
3065.51
3065.725
3065.94
3066.155
3066.37
3066.585
3066.8
3067.015
3067.23
3067.438
3067.646
3067.854
3068.062
3068.271
3068.502
3068.733
3068.964
3069.195
3069.426
3069.657
3069.89
3070.336
3070.782
3071.228
3071.674
3072.12
3072.566
3073.012
3073.194
3073.376
3073.558
3073.74
3073.922
3074.104
3074.286
3074.47
3074.958
3075.446
3075.934
3076.422
3076.91
3077.4
3077.623
3077.846
3078.069
3078.292
3078.515
3078.738
3078.961
3079.184
3079.407
3079.63
3079.85
3080.928
3082.006
3083.084
3084.162
3085.24
3085.99
3086.74
3087.157
3087.574
3087.991
3088.408
3088.825
3089.242
3089.66
3090.004
3090.348
3090.692
3091.036
3091.38
3091.724
3092.068
3092.41
3092.835
3093.26
3093.685
3094.11
3094.535
3094.96
3095.385
3095.81
3096.067
3096.324
3096.581
3096.838
3097.095
3097.352
3097.609
3097.866
3098.123
3098.38
3098.64
3098.895
3099.15
3099.405
3099.66
3099.847
3100.035
3100.222
3100.41
3100.597
3100.785
3100.972
3101.16
3101.358
3101.556
3101.754
3101.952
3102.15
3102.348
3102.546
3102.743
3103.015
3103.287
3103.559
3103.831
3104.103
3104.375
3104.65
3104.65
3104.65
3104.65
3104.65
