22.73
23.39
23.73
24.07
24.41
24.75
25.004
25.258
25.512
25.766
26.02
26.274
26.528
26.782
27.04
27.65
27.905
28.16
28.415
28.67
28.925
29.18
29.435
29.69
29.945
30.2
30.455
30.71
30.97
31.468
31.965
32.462
32.96
33.458
33.956
34.454
34.95
35.3
35.65
36.001
36.295
36.589
36.883
38.65
38.91
39.17
39.43
39.69
39.95
40.21
40.502
40.794
41.086
41.378
41.67
41.962
42.254
42.546
42.838
43.13
43.422
43.71
44.222
44.734
45.246
45.76
46.145
46.53
46.915
47.3
47.685
48.07
48.455
48.84
49.225
49.61
49.995
50.38
50.76
51.467
52.174
52.881
53.588
54.295
55.004
55.146
55.288
55.43
55.572
55.714
55.856
55.998
56.14
56.282
56.42
56.747
57.074
57.401
57.728
58.055
58.382
58.709
59.036
59.363
59.69
60.017
60.344
60.67
60.896
61.122
61.348
61.574
61.8
62.026
62.25
62.668
63.086
63.504
63.922
64.34
64.758
65.176
65.594
66.012
66.43
66.946
67.462
67.978
68.494
69.01
69.526
70.042
70.558
71.074
71.59
71.997
72.404
72.811
73.218
73.625
74.032
74.439
74.846
75.253
75.66
75.977
76.294
76.611
76.928
77.245
77.562
77.879
78.196
78.513
78.83
79.147
79.46
80.308
81.156
82.004
82.852
83.7
84.55
84.792
85.035
85.278
85.52
85.762
86.005
86.248
86.49
86.972
87.454
87.936
88.418
88.9
89.38
89.662
89.945
90.227
90.51
90.793
91.076
91.358
91.64
92.039
92.438
92.837
93.236
93.635
94.034
94.433
94.832
95.23
95.578
95.926
96.274
96.622
96.97
97.318
97.666
98.014
98.36
98.802
99.245
99.688
100.13
100.572
101.014
101.456
101.9
102.496
103.092
103.688
104.284
104.88
105.476
106.072
106.67
107.086
107.502
107.918
108.334
108.75
109.166
109.582
110.0
110.515
111.03
111.545
112.06
112.575
113.09
113.429
113.768
114.107
114.446
114.785
115.124
115.463
115.802
116.141
116.48
116.768
117.056
117.344
117.632
117.92
118.208
118.496
118.784
119.07
119.479
119.888
120.297
120.706
121.115
121.524
121.933
122.342
122.75
123.244
123.738
124.232
124.726
125.22
125.714
126.21
126.807
127.404
128.001
128.6
129.241
129.882
130.523
131.164
131.805
132.446
133.087
133.728
134.37
134.724
135.078
135.432
135.786
136.14
136.494
136.848
137.202
137.556
137.91
138.264
138.62
138.947
139.274
139.601
139.928
140.255
140.582
140.909
141.24
141.839
142.438
143.037
143.636
144.235
144.834
145.43
145.87
146.31
146.75
147.19
147.63
148.07
148.322
148.574
148.826
149.078
149.33
149.582
149.834
150.086
150.34
150.74
151.14
151.54
151.94
152.34
152.74
153.14
153.54
153.94
154.363
154.786
155.209
155.632
156.055
156.478
156.901
157.32
158.493
159.666
160.84
161.893
162.946
163.999
165.052
166.105
167.158
168.211
169.264
170.317
171.37
172.42
172.686
172.952
173.218
173.484
173.75
174.016
174.282
174.55
175.173
175.796
176.419
177.042
177.665
178.288
178.91
179.9
180.89
181.88
182.87
183.86
184.85
185.067
185.284
185.501
185.718
185.935
186.152
186.369
186.586
186.8
187.36
187.92
188.48
189.04
189.6
190.16
190.72
191.097
191.474
191.851
192.228
192.605
192.982
193.359
193.736
194.11
194.578
195.046
195.513
195.981
196.448
196.916
197.383
197.85
198.441
199.032
199.623
200.214
200.805
201.396
201.987
202.578
203.17
203.537
203.904
204.271
204.638
205.005
205.372
205.739
206.106
206.473
206.84
207.128
207.416
207.704
207.992
208.28
208.57
208.86
209.15
209.44
209.73
210.02
210.31
210.6
210.89
211.18
211.47
211.911
212.352
212.793
213.234
213.675
214.116
214.557
214.998
215.44
215.746
216.052
216.358
216.664
216.971
217.47
217.791
218.112
218.433
218.754
219.075
219.396
219.717
220.038
220.359
220.68
222.4
222.749
223.098
223.447
223.796
224.145
224.494
224.844
225.036
225.228
225.42
225.612
225.804
225.996
226.188
226.38
226.572
226.76
227.26
228.65
229.285
229.92
230.555
231.19
231.825
232.46
233.095
233.73
234.365
235.0
235.355
235.71
236.065
236.42
236.916
237.412
237.908
238.404
238.9
239.396
239.892
240.388
240.88
241.214
241.548
241.882
242.216
242.55
242.884
243.22
243.728
244.236
244.744
245.252
245.76
246.086
246.412
246.738
247.064
247.39
247.716
248.042
248.368
248.69
249.23
249.77
250.31
250.85
251.39
251.93
252.47
253.01
253.55
253.97
254.39
254.81
255.23
255.65
256.07
256.49
256.91
257.33
257.75
257.965
258.18
258.395
258.61
258.825
259.04
259.255
259.47
259.685
259.899
260.117
260.335
260.553
260.771
260.989
261.207
261.425
261.643
261.861
262.079
262.426
262.773
263.12
263.467
263.814
264.161
264.51
265.148
265.786
266.424
267.062
267.7
268.338
268.976
269.614
270.252
270.89
271.247
271.604
271.961
272.318
272.675
273.032
273.389
273.746
274.103
274.46
274.82
275.07
275.32
277.008
278.696
280.384
282.072
283.76
284.839
285.918
286.997
288.076
289.155
290.234
291.31
293.587
295.864
298.14
298.723
299.306
299.889
300.472
301.055
301.64
302.538
303.436
304.334
305.232
306.13
307.03
307.316
307.602
307.888
308.174
308.46
308.746
309.032
309.318
309.6
309.831
310.062
310.293
310.524
310.755
310.986
311.217
311.448
311.679
311.91
312.14
312.569
312.998
313.427
313.856
314.285
314.714
315.143
315.572
316.001
316.43
316.728
317.026
317.324
317.622
317.92
318.22
318.467
318.714
318.961
319.208
319.455
319.702
319.949
320.196
320.443
320.69
321.002
321.314
321.626
321.938
322.25
322.562
322.874
323.186
323.498
323.81
324.122
324.43
324.871
325.312
325.753
326.194
326.635
327.076
327.52
327.945
328.37
328.795
329.22
329.645
330.07
330.495
330.92
331.345
331.77
332.195
332.62
333.092
333.564
334.037
334.51
335.413
336.316
337.218
338.12
338.378
338.636
338.894
339.152
339.41
339.668
339.926
340.184
340.442
340.7
340.958
341.216
341.48
342.196
342.912
343.628
344.344
345.06
345.776
346.492
347.21
347.707
348.204
348.701
349.198
349.695
350.192
350.689
351.186
351.683
352.18
352.819
353.458
354.097
354.736
355.375
356.014
356.65
357.336
358.022
358.708
359.394
360.08
360.766
361.45
362.103
362.756
363.409
364.062
364.715
365.368
366.02
366.451
366.882
367.313
367.744
368.175
368.606
369.037
369.47
369.821
370.172
370.523
370.874
371.225
371.576
371.927
372.278
372.629
372.975
373.204
373.433
373.662
373.891
374.12
374.35
375.048
375.746
376.444
377.142
377.84
378.54
378.829
379.118
379.407
379.696
379.985
380.274
380.563
380.85
381.297
381.744
382.191
382.638
383.085
383.53
383.774
384.018
384.262
384.506
384.75
384.994
385.238
385.482
385.726
385.97
386.21
386.622
387.034
387.446
387.858
388.27
388.682
389.094
389.506
389.918
390.33
390.591
390.852
391.113
391.374
391.635
391.896
392.157
392.418
392.679
392.94
393.201
393.462
393.723
393.98
394.294
394.608
394.922
395.236
395.55
395.864
396.18
396.702
397.224
397.746
398.268
398.79
399.312
399.834
400.356
400.88
401.312
401.744
402.176
402.608
403.04
403.472
403.904
404.336
404.768
405.2
405.632
406.06
406.413
406.766
407.119
407.472
407.825
408.178
408.53
409.037
409.544
410.051
410.558
411.065
411.572
412.08
412.444
412.808
413.172
413.536
413.9
414.264
414.628
414.992
415.356
415.72
416.084
416.448
416.812
417.18
417.517
417.854
418.191
418.528
418.865
419.202
419.539
419.88
420.791
421.702
422.613
423.524
424.435
425.346
426.26
426.95
427.64
428.33
429.02
429.71
430.4
431.09
431.78
432.47
432.996
433.522
434.048
434.574
435.1
435.626
436.152
436.678
437.2
437.618
438.036
438.454
438.872
439.29
439.708
440.126
440.544
440.962
441.38
441.8
443.084
444.368
445.652
446.936
448.22
448.553
448.885
449.217
449.549
449.881
450.213
450.546
450.88
451.589
452.298
453.007
453.716
454.425
455.134
455.843
456.552
457.261
457.97
458.68
459.041
459.402
459.763
460.124
460.485
460.846
461.207
461.568
461.93
462.144
462.358
462.572
462.786
463.0
463.214
463.43
463.632
463.834
464.036
464.238
464.44
464.642
464.844
465.046
465.248
465.45
465.652
465.854
466.06
466.702
467.344
467.986
468.628
469.27
469.912
470.554
471.2
471.457
471.714
471.971
472.228
472.486
472.743
473.0
473.26
473.491
473.722
473.953
474.184
474.415
474.646
474.877
475.108
475.339
475.57
475.8
476.211
476.622
477.033
477.444
477.855
478.266
478.68
479.392
480.104
480.816
481.528
482.24
482.952
483.664
484.376
485.088
485.8
486.51
486.812
487.114
487.416
487.718
488.02
488.322
488.624
488.926
489.228
489.53
489.806
490.082
490.358
490.634
490.91
491.186
491.462
491.67
491.878
492.086
492.294
492.502
492.71
492.92
493.284
493.648
494.012
494.376
494.74
495.104
495.47
495.965
496.46
496.955
497.45
497.945
498.44
498.935
499.43
499.723
500.016
500.309
500.602
500.895
501.188
501.481
501.774
502.067
502.36
502.656
502.888
503.12
503.352
503.584
503.816
504.048
504.28
504.604
504.928
505.252
505.576
505.9
506.224
506.548
506.87
507.725
508.58
511.503
514.426
517.35
517.99
518.63
519.27
519.91
520.55
521.19
521.83
522.273
522.716
523.159
523.602
524.045
524.49
524.912
525.334
525.756
526.178
526.6
527.02
527.889
528.758
529.627
530.496
531.365
532.234
533.103
533.972
534.841
535.71
536.138
536.566
536.994
537.422
537.85
538.278
538.706
539.13
539.365
539.6
539.835
540.07
540.305
540.54
540.775
541.01
541.245
541.48
541.917
542.354
542.79
542.985
543.18
543.375
543.57
543.765
543.96
544.155
544.35
544.608
544.866
545.124
545.382
545.64
545.898
546.156
546.414
546.672
546.93
547.188
547.446
547.704
547.96
548.444
548.928
549.412
549.896
550.38
550.864
551.348
551.832
552.32
552.553
552.786
553.019
553.252
553.485
553.718
553.951
554.184
554.42
554.801
555.182
555.563
555.944
556.325
556.706
557.09
557.372
557.654
557.936
558.218
558.5
558.782
559.064
559.346
559.628
559.91
560.19
560.605
561.02
561.435
561.85
562.265
562.68
563.095
563.51
563.925
564.34
564.72
565.1
565.48
565.86
566.24
566.62
567.0
567.38
567.678
567.976
568.274
568.572
568.87
569.168
569.466
569.76
570.01
570.26
570.6
570.94
571.28
571.62
571.96
572.3
572.64
572.98
573.32
573.748
574.176
574.604
575.032
575.46
575.888
576.316
576.744
577.172
577.6
577.904
578.208
578.512
578.816
579.12
579.424
579.728
580.036
580.393
580.75
581.201
581.652
582.103
582.554
583.005
583.456
583.907
584.358
584.81
585.019
585.228
585.437
585.646
585.855
586.064
586.273
586.482
586.69
586.939
587.188
587.437
587.686
587.935
588.184
588.433
588.682
588.93
589.257
589.584
589.911
590.238
590.565
590.892
591.219
591.546
591.873
592.2
592.527
592.85
593.241
593.632
594.023
594.414
594.805
595.196
595.587
595.978
596.369
596.76
597.151
597.54
597.882
598.224
598.566
598.908
599.25
599.592
599.934
600.276
600.619
600.839
601.059
601.279
601.499
601.719
601.939
602.16
602.508
602.856
603.204
603.552
603.9
604.25
604.67
605.09
605.51
605.93
606.35
606.77
607.19
607.61
608.055
608.5
608.945
609.39
609.835
610.28
610.728
611.176
611.624
612.072
612.52
612.968
613.416
613.864
614.312
614.76
615.042
615.324
615.606
615.888
616.17
616.452
616.734
617.016
617.298
617.58
618.133
618.686
619.239
619.792
620.345
620.898
621.451
622.004
622.56
623.107
623.654
624.2
624.848
625.496
626.144
626.792
627.44
628.088
628.736
629.384
630.032
630.68
631.33
631.863
632.396
632.929
633.462
633.995
634.528
635.061
635.594
636.127
636.66
638.34
638.652
638.964
639.276
639.588
639.9
640.212
640.524
640.836
641.15
641.699
642.248
642.797
643.346
643.895
644.444
644.993
645.542
646.091
646.64
647.19
647.769
648.348
648.927
649.506
650.085
650.664
651.24
651.664
652.088
652.512
652.936
653.36
653.784
654.208
654.632
655.056
655.48
655.904
656.33
656.833
657.336
657.839
658.342
658.845
659.35
659.709
660.068
660.427
660.786
661.145
661.504
661.86
662.204
662.548
662.892
663.236
663.58
663.924
664.268
664.612
664.96
665.289
665.618
665.947
666.276
666.605
666.934
667.263
667.59
667.88
668.17
668.46
668.708
668.956
669.204
669.452
669.7
669.948
670.196
670.444
670.692
670.94
671.188
671.436
671.69
672.091
672.492
672.893
673.294
673.695
674.096
674.497
674.898
675.3
675.688
676.076
676.464
676.852
677.24
677.628
678.016
678.404
678.792
679.18
679.567
679.95
680.168
680.386
680.604
680.822
681.04
681.26
681.76
682.174
682.588
683.002
683.416
683.83
684.244
684.66
684.983
685.306
685.629
685.952
686.275
686.598
686.921
687.244
687.567
687.89
688.213
688.536
688.86
689.112
689.364
689.616
689.868
690.12
690.372
690.624
690.876
691.128
691.38
691.632
691.884
692.14
692.492
692.844
693.197
693.549
693.901
694.253
694.606
694.96
695.528
696.096
696.664
697.232
697.8
698.368
698.936
699.504
700.07
700.578
701.086
701.594
702.102
702.61
703.118
703.624
704.383
705.142
705.901
706.66
707.42
707.731
708.042
708.353
708.664
708.975
709.286
709.597
709.908
710.219
710.53
710.84
711.333
711.826
712.319
712.812
713.305
713.798
714.29
714.548
714.806
715.064
715.322
715.58
715.838
716.096
716.354
716.612
716.87
717.13
717.427
717.724
718.021
718.318
718.615
718.91
719.277
719.644
720.011
720.378
720.745
721.11
721.686
722.262
722.838
723.414
723.99
724.566
725.14
725.712
726.284
726.856
727.428
728.0
728.572
729.144
729.72
730.147
730.574
731.001
731.428
731.855
732.282
732.71
733.089
733.468
733.847
734.226
734.605
734.984
735.36
735.754
736.148
736.542
736.936
737.33
737.724
738.118
738.51
738.747
738.984
739.221
739.458
739.695
739.93
740.198
740.466
740.734
741.002
741.27
741.51
741.75
741.99
742.23
742.47
742.71
742.95
743.365
743.78
744.195
744.61
745.025
745.44
745.855
746.27
746.572
746.874
747.176
747.478
747.78
748.082
748.384
748.686
748.988
749.29
749.592
749.894
750.196
750.5
750.95
751.4
751.85
752.455
753.06
753.665
754.27
754.875
755.48
755.978
756.476
756.974
757.472
757.97
758.392
758.814
759.236
759.658
760.08
760.502
760.924
761.346
761.768
762.19
762.61
763.11
763.484
763.858
764.232
764.606
764.98
765.354
765.728
766.102
766.476
766.85
767.113
767.376
767.639
767.902
768.165
768.428
768.69
769.259
769.828
770.397
770.966
771.535
772.104
772.673
773.24
773.549
773.858
774.167
774.476
774.785
775.094
775.403
775.712
776.021
776.33
776.64
777.023
777.406
777.789
778.172
778.555
778.94
779.261
779.582
779.903
780.224
780.545
780.866
781.187
781.508
781.83
782.108
782.386
782.664
782.942
783.22
783.498
783.776
784.052
784.265
784.478
784.691
784.904
785.117
785.33
785.543
785.76
786.148
786.535
786.922
787.31
787.719
788.128
788.537
788.946
789.355
789.764
790.17
790.395
790.62
790.845
791.07
791.295
791.52
791.745
791.97
792.195
792.42
792.82
793.22
793.62
794.02
794.42
794.82
795.22
795.62
796.02
796.42
797.073
797.726
798.379
799.032
799.685
800.34
800.88
801.42
801.96
802.5
803.04
803.58
804.12
804.66
805.0
805.34
805.68
806.02
806.36
806.7
807.04
807.38
807.831
808.282
808.733
809.183
809.634
810.085
810.536
810.984
811.201
811.418
811.635
811.852
812.069
812.286
812.503
812.72
812.937
813.15
813.458
813.766
814.074
814.382
814.69
814.998
815.306
815.614
815.922
816.23
816.538
816.846
817.15
817.676
818.202
818.728
819.254
819.78
820.306
820.832
821.36
821.638
821.916
822.194
822.472
822.75
823.028
823.306
823.584
823.862
824.14
824.361
824.582
824.803
825.025
825.384
825.743
826.102
826.461
826.82
827.179
827.54
828.523
829.506
830.489
831.472
832.455
833.438
834.42
835.204
835.988
836.772
837.556
838.34
839.124
839.908
840.69
841.008
841.326
841.644
841.962
842.28
842.598
842.916
843.234
843.552
843.87
844.188
844.51
845.555
846.6
846.915
847.23
847.545
847.86
848.175
848.49
848.805
849.12
849.435
849.75
850.06
850.422
850.784
851.147
851.51
851.872
852.235
852.598
852.96
853.24
853.52
853.8
854.08
854.36
854.64
854.92
855.2
855.48
855.761
856.01
856.26
856.599
856.938
857.277
857.616
857.955
858.294
858.633
858.97
859.599
860.228
860.857
861.486
862.115
862.744
863.37
864.565
865.76
866.074
866.388
866.702
867.016
867.33
867.644
867.958
868.272
868.59
868.88
869.17
869.46
869.75
870.04
870.33
870.614
870.898
871.182
871.466
871.75
872.034
872.318
872.605
872.883
873.161
873.439
873.717
873.995
874.273
874.55
874.811
875.072
875.333
875.594
875.855
876.116
876.377
876.638
876.899
877.16
877.421
877.68
877.978
878.276
878.574
878.872
879.17
879.468
879.766
880.064
880.364
880.581
880.798
881.015
881.232
881.449
881.666
881.883
882.1
882.317
882.53
882.995
883.46
883.925
884.39
884.855
885.32
885.785
886.25
886.715
887.18
887.65
887.956
888.262
888.568
888.874
889.18
889.486
889.79
890.685
891.58
891.881
892.182
892.483
892.784
893.085
893.386
893.687
893.99
894.298
894.606
894.914
895.222
895.53
895.84
896.31
896.78
897.25
897.72
898.19
898.66
899.13
899.6
900.07
900.54
901.01
901.48
901.95
902.383
902.816
903.249
903.682
904.115
904.548
904.981
905.414
905.85
906.174
906.498
906.822
907.146
907.47
907.794
908.118
908.44
908.907
909.374
909.841
910.308
910.775
911.242
911.709
912.176
912.643
913.11
913.58
914.167
914.754
915.341
915.928
916.515
917.1
917.442
917.784
918.126
918.468
918.81
919.152
919.494
919.836
920.178
920.52
920.86
921.93
923.0
923.87
924.338
924.806
925.274
925.742
926.21
926.55
926.89
927.23
927.57
927.91
928.25
928.59
928.93
929.314
929.698
930.082
930.466
930.85
931.234
931.618
932.0
932.324
932.648
932.972
933.296
933.62
933.944
934.268
934.592
934.916
935.24
935.56
936.098
936.636
937.174
937.712
938.25
938.79
939.146
939.502
939.858
940.214
940.57
940.926
941.28
941.905
942.53
942.783
943.036
943.289
943.542
943.795
944.048
944.301
944.554
944.807
945.06
945.571
946.082
946.593
947.104
947.615
948.126
948.637
949.148
949.66
950.217
950.774
951.331
951.888
952.445
953.002
953.559
954.116
954.673
955.23
955.857
956.484
957.111
957.739
957.932
958.125
958.318
958.511
958.704
958.897
959.09
959.28
960.213
961.146
962.079
963.012
963.945
964.878
965.81
966.571
967.332
968.093
968.854
969.615
970.376
971.137
971.898
972.659
973.42
974.18
974.857
975.534
976.211
976.888
977.565
978.24
979.146
980.052
980.958
981.864
982.77
983.377
983.984
984.591
985.198
985.805
986.412
987.02
987.774
988.528
989.282
990.036
990.79
991.546
991.749
991.952
992.155
992.358
992.561
992.764
992.967
993.17
993.432
993.694
993.956
994.218
994.48
995.143
995.806
996.469
997.132
997.795
998.46
998.819
999.178
999.537
999.896
1000.255
1000.614
1000.973
1001.33
1001.754
1002.178
1002.602
1003.026
1003.45
1004.527
1005.604
1006.681
1007.758
1008.835
1009.91
1010.356
1010.802
1011.248
1011.694
1012.14
1012.586
1013.03
1013.293
1013.556
1013.819
1014.082
1014.345
1014.608
1014.87
1015.133
1015.396
1015.659
1015.922
1016.18
1016.771
1017.362
1017.953
1018.544
1019.135
1019.726
1020.32
1021.201
1022.082
1022.963
1023.844
1024.725
1025.606
1026.487
1027.369
1028.023
1028.677
1029.331
1029.985
1030.639
1031.293
1031.947
1032.601
1033.255
1033.909
1034.563
1035.217
1035.871
1036.52
1037.27
1038.02
1038.391
1038.762
1039.133
1039.504
1039.875
1040.246
1040.617
1040.988
1041.359
1041.663
1041.967
1042.27
1042.614
1042.958
1043.302
1043.646
1043.99
1044.334
1044.678
1045.02
1045.32
1045.62
1045.92
1046.22
1046.662
1047.104
1047.546
1047.99
1048.354
1048.718
1049.082
1049.446
1049.81
1050.174
1050.538
1050.902
1051.266
1051.63
1051.99
1052.231
1052.472
1052.713
1052.954
1053.195
1053.436
1053.677
1053.918
1054.159
1054.4
1054.641
1054.882
1055.12
1055.76
1056.086
1056.412
1056.738
1057.064
1057.39
1057.716
1058.042
1058.368
1058.69
1059.025
1059.36
1059.695
1060.03
1060.365
1060.7
1061.619
1062.538
1063.457
1064.376
1065.295
1066.214
1067.133
1068.052
1068.971
1069.89
1070.809
1071.728
1072.647
1073.567
1073.75
1073.933
1074.116
1074.299
1074.482
1074.665
1074.848
1075.031
1075.214
1075.4
1075.589
1075.778
1075.967
1076.156
1076.345
1076.534
1076.723
1076.912
1077.101
1077.29
1077.483
1077.876
1078.27
1078.822
1079.374
1079.927
1080.48
1080.862
1081.244
1081.626
1082.008
1082.39
1082.772
1083.154
1083.536
1083.92
1085.866
1087.812
1089.758
1091.704
1093.65
1095.596
1097.542
1099.49
1100.78
1102.07
1102.419
1102.768
1103.117
1103.466
1103.815
1104.164
1104.51
1104.886
1105.262
1105.638
1106.014
1106.39
1106.766
1107.142
1107.518
1107.89
1108.164
1108.438
1108.712
1108.986
1109.26
1109.534
1109.808
1110.082
1110.356
1110.63
1110.95
1111.27
1111.625
1111.98
1112.335
1112.69
1113.045
1113.4
1113.755
1114.11
1114.702
1115.294
1115.886
1116.478
1117.07
1117.662
1118.254
1118.846
1119.44
1119.821
1120.202
1120.583
1120.964
1121.345
1121.726
1122.107
1122.488
1122.869
1123.25
1123.629
1126.655
1129.68
1130.446
1131.212
1131.978
1132.744
1133.51
1134.276
1135.042
1135.808
1136.574
1137.34
1138.677
1140.014
1141.351
1142.688
1144.025
1145.36
1145.594
1145.828
1146.062
1146.296
1146.53
1146.764
1146.998
1147.232
1147.466
1147.7
1147.93
1148.341
1148.752
1149.163
1149.574
1149.985
1150.396
1150.81
1151.286
1151.762
1152.238
1152.714
1153.19
1153.666
1154.142
1154.62
1155.103
1155.586
1156.069
1156.552
1157.035
1157.518
1158.001
1158.484
1158.97
1159.206
1159.442
1159.678
1159.914
1160.15
1160.386
1160.622
1160.858
1161.09
1161.722
1162.354
1162.986
1163.618
1164.25
1164.88
1165.985
1167.09
1168.195
1169.3
1169.755
1170.21
1170.665
1171.12
1171.575
1172.03
1172.434
1172.838
1173.242
1173.646
1174.05
1174.454
1174.858
1175.26
1175.76
1176.915
1177.135
1177.355
1177.575
1177.795
1178.015
1178.235
1178.456
1178.834
1179.212
1179.59
1179.968
1180.348
1181.397
1181.73
1182.063
1182.396
1182.73
1182.989
1183.248
1183.507
1183.766
1184.025
1184.284
1184.54
1185.139
1185.738
1186.337
1186.936
1187.535
1188.134
1188.733
1189.332
1189.931
1190.53
1190.955
1191.38
1191.805
1192.23
1192.655
1193.08
1193.505
1193.93
1194.355
1194.78
1195.21
1196.01
1196.342
1196.674
1197.006
1197.338
1197.67
1198.002
1198.334
1198.666
1198.998
1199.33
1199.66
1200.194
1200.728
1201.262
1201.796
1202.33
1202.864
1203.398
1203.932
1204.47
1204.801
1205.132
1205.463
1205.794
1206.125
1206.456
1206.787
1207.118
1207.449
1207.78
1208.111
1208.44
1208.924
1209.408
1209.892
1210.376
1210.86
1211.344
1211.828
1212.31
1212.804
1213.298
1213.792
1214.286
1214.78
1215.274
1215.768
1216.262
1216.756
1217.25
1217.744
1218.24
1218.697
1219.154
1219.61
1220.79
1221.082
1221.375
1221.668
1221.96
1222.253
1222.545
1222.838
1223.13
1223.423
1223.716
1224.008
1224.3
1224.697
1225.094
1225.492
1225.889
1226.286
1226.684
1227.082
1227.48
1227.878
1228.275
1228.673
1229.07
1229.332
1229.595
1229.858
1230.12
1230.82
1231.623
1232.426
1233.23
1233.559
1233.888
1234.217
1234.546
1234.875
1235.204
1235.533
1235.859
1236.079
1236.299
1236.519
1236.739
1236.959
1237.179
1237.4
1237.71
1238.02
1238.33
1238.64
1238.95
1239.347
1239.744
1240.141
1240.538
1240.935
1241.332
1241.729
1242.126
1242.523
1242.92
1243.317
1243.71
1244.138
1244.566
1244.994
1245.422
1245.85
1246.189
1246.528
1246.867
1247.206
1247.545
1247.884
1248.223
1248.562
1248.901
1249.24
1249.58
1249.899
1250.218
1250.537
1250.856
1251.175
1251.494
1251.813
1252.13
1252.371
1252.612
1252.853
1253.094
1253.335
1253.576
1253.817
1254.058
1254.3
1254.667
1255.034
1255.401
1255.768
1256.135
1256.5
1257.31
1257.831
1258.352
1258.873
1259.394
1259.915
1260.436
1260.957
1261.479
1261.703
1261.927
1262.151
1262.375
1262.599
1262.823
1263.047
1263.27
1263.509
1263.748
1263.987
1264.226
1264.465
1264.704
1264.943
1265.182
1265.421
1265.664
1265.872
1266.08
1266.288
1266.496
1266.704
1266.912
1267.12
1267.33
1267.621
1267.912
1268.203
1268.494
1268.785
1269.076
1269.367
1269.658
1269.95
1270.312
1270.674
1271.036
1271.398
1271.76
1272.122
1272.484
1272.846
1273.21
1273.748
1274.286
1274.824
1275.362
1275.9
1276.438
1276.976
1277.514
1278.052
1278.59
1279.13
1279.448
1279.766
1280.084
1280.402
1280.72
1281.038
1281.356
1281.674
1281.992
1282.31
1282.628
1282.946
1283.264
1283.582
1283.9
1284.15
1284.4
1284.671
1284.942
1285.213
1285.484
1285.755
1286.026
1286.3
1286.572
1286.844
1287.116
1287.388
1287.66
1287.932
1288.204
1288.476
1288.748
1289.02
1289.292
1289.564
1289.83
1290.299
1290.768
1291.237
1291.706
1292.175
1292.644
1293.113
1293.582
1294.051
1294.52
1294.99
1295.473
1295.956
1296.439
1296.922
1297.405
1297.888
1298.371
1298.854
1299.335
1299.505
1299.675
1299.845
1300.015
1300.185
1300.355
1300.525
1300.695
1300.865
1301.035
1301.205
1301.375
1301.545
1301.71
1302.062
1302.414
1302.766
1303.118
1303.47
1303.75
1304.03
1304.31
1304.59
1304.87
1305.49
1306.11
1306.73
1307.13
1307.53
1307.93
1308.33
1308.73
1309.13
1309.53
1309.93
1310.125
1310.32
1310.515
1310.71
1310.905
1311.101
1311.6
1311.789
1311.978
1312.167
1312.356
1312.545
1312.734
1312.923
1313.112
1313.301
1313.49
1314.58
1315.048
1315.516
1315.984
1316.452
1316.92
1317.39
1317.629
1317.868
1318.107
1318.346
1318.585
1318.824
1319.06
1319.466
1319.872
1320.278
1320.684
1321.09
1321.496
1321.902
1322.31
1322.56
1322.81
1323.08
1323.358
1323.635
1323.912
1324.19
1324.435
1324.68
1324.925
1325.17
1325.467
1325.764
1326.061
1326.358
1326.655
1326.952
1327.249
1327.546
1327.84
1328.211
1328.582
1328.953
1329.324
1329.695
1330.066
1330.437
1330.808
1331.179
1331.55
1331.924
1332.298
1332.672
1333.046
1333.42
1333.794
1334.168
1334.54
1334.934
1335.328
1335.722
1336.116
1336.51
1337.002
1337.494
1337.986
1338.478
1338.97
1339.462
1339.954
1340.446
1340.94
1341.312
1341.684
1342.056
1342.428
1342.8
1343.172
1343.544
1343.916
1344.285
1344.622
1344.96
1345.247
1345.534
1345.821
1346.108
1346.395
1346.682
1346.969
1347.256
1347.543
1347.83
1348.12
1348.41
1348.7
1348.99
1349.28
1349.57
1349.86
1350.15
1350.44
1350.73
1351.091
1351.452
1351.813
1352.174
1352.535
1352.896
1353.257
1353.62
1354.12
1355.286
1356.452
1357.618
1358.784
1359.95
1361.116
1362.282
1363.448
1364.614
1365.78
1366.95
1367.321
1367.692
1368.063
1368.434
1368.805
1369.176
1369.55
1369.738
1369.926
1370.114
1370.302
1370.49
1370.678
1370.866
1371.054
1371.24
1371.548
1371.856
1372.164
1372.472
1372.78
1373.008
1373.236
1373.464
1373.692
1373.92
1374.148
1374.376
1374.604
1374.832
1375.06
1375.326
1375.592
1375.858
1376.124
1376.39
1376.745
1377.1
1377.455
1377.81
1378.165
1378.52
1378.875
1379.23
1379.585
1379.94
1380.295
1380.65
1381.0
1381.422
1381.844
1382.266
1382.688
1383.11
1383.532
1383.954
1384.376
1384.8
1385.079
1385.358
1385.637
1385.916
1386.195
1386.474
1386.753
1387.032
1387.31
1388.387
1389.464
1390.541
1391.618
1392.695
1393.77
1394.423
1395.076
1395.729
1396.382
1397.035
1397.688
1398.34
1399.673
1401.006
1402.339
1403.672
1405.005
1406.34
1406.922
1407.504
1408.086
1408.668
1409.25
1409.83
1410.205
1410.58
1410.955
1411.33
1411.705
1412.08
1412.455
1412.83
1413.205
1413.58
1413.882
1414.184
1414.486
1414.788
1415.09
1415.392
1415.694
1415.996
1416.294
1416.495
1416.696
1416.897
1417.098
1417.299
1417.5
1417.701
1417.902
1418.103
1418.304
1418.505
1418.71
1418.905
1419.1
1419.295
1419.49
1419.685
1419.88
1420.075
1420.27
1420.465
1420.66
1420.86
1421.287
1421.714
1422.141
1422.568
1422.995
1423.422
1423.85
1424.097
1424.344
1424.591
1424.838
1425.085
1425.332
1425.58
1425.83
1426.128
1426.425
1426.722
1427.019
1427.316
1427.613
1427.91
1428.207
1428.505
1428.803
1429.101
1429.4
1429.784
1430.168
1430.552
1430.936
1431.32
1431.704
1432.088
1432.47
1432.637
1432.804
1432.971
1433.138
1433.305
1433.472
1433.639
1433.806
1433.97
1434.487
1435.005
1435.523
1436.04
1436.557
1437.074
1437.591
1438.11
1438.706
1439.302
1439.898
1440.494
1441.09
1441.686
1442.282
1442.878
1443.47
1443.937
1444.404
1444.871
1445.338
1445.805
1446.272
1446.74
1447.88
1448.25
1448.62
1448.99
1449.36
1449.73
1450.1
1450.47
1450.84
1451.21
1451.484
1451.758
1452.032
1452.306
1452.58
1452.854
1453.128
1453.4
1453.673
1453.946
1454.219
1454.492
1454.765
1455.038
1455.311
1455.584
1455.86
1456.231
1456.602
1456.973
1457.344
1457.715
1458.086
1458.46
1458.85
1459.24
1459.63
1460.02
1460.41
1460.8
1461.19
1461.58
1461.97
1462.36
1462.96
1463.56
1464.16
1464.76
1465.234
1465.708
1466.182
1466.656
1467.13
1467.604
1468.078
1468.552
1469.03
1469.37
1469.71
1470.523
1471.336
1472.15
1472.93
1473.933
1474.936
1475.939
1476.942
1477.945
1478.95
1479.138
1479.326
1479.514
1479.702
1479.89
1480.34
1480.79
1481.24
1481.69
1482.14
1482.59
1483.04
1483.65
1484.26
1484.87
1485.48
1486.09
1486.7
1486.919
1487.138
1487.357
1487.576
1487.795
1488.014
1488.233
1488.45
1488.95
1489.518
1490.086
1490.484
1490.882
1491.28
1491.678
1492.078
1492.386
1492.694
1493.002
1493.31
1493.618
1493.926
1494.236
1494.628
1495.02
1495.412
1495.804
1496.196
1496.588
1496.98
1497.372
1497.764
1498.156
1498.552
1498.8
1499.048
1499.296
1499.544
1499.792
1500.04
1500.29
1500.41
1500.556
1500.702
1500.848
1500.994
1501.14
1501.286
1501.432
1501.578
1501.791
1502.004
1502.217
1502.43
1502.643
1502.856
1503.069
1503.282
1503.492
1503.695
1503.898
1504.101
1504.304
1504.507
1504.71
1504.913
1505.116
1505.282
1505.448
1505.614
1505.78
1505.946
1506.112
1506.278
1506.444
1506.61
1506.776
1506.946
1507.196
1507.446
1507.688
1507.93
1508.172
1508.414
1508.656
1508.9
1509.36
1509.859
1510.194
1510.529
1510.864
1511.2
1511.606
1512.012
1512.418
1512.824
1513.23
1513.636
1514.042
1514.448
1514.85
1515.399
1515.948
1516.497
1517.046
1517.595
1518.144
1518.693
1519.24
1519.619
1519.998
1520.377
1520.756
1521.135
1521.514
1521.893
1522.272
1522.65
1523.138
1523.625
1524.112
1524.6
1525.087
1525.574
1526.062
1526.55
1527.034
1527.518
1528.002
1528.486
1528.97
1529.454
1529.94
1530.44
1530.751
1531.062
1531.373
1531.684
1531.995
1532.306
1532.617
1532.928
1533.239
1533.499
1533.759
1534.019
1534.28
1534.98
1535.51
1536.04
1536.57
1537.1
1537.63
1538.16
1538.69
1539.219
1539.39
1539.561
1539.732
1539.903
1540.074
1540.245
1540.416
1540.587
1540.76
1541.222
1541.684
1542.146
1542.61
1542.94
1543.27
1543.6
1543.93
1544.26
1544.59
1544.92
1545.25
1545.58
1545.91
1546.285
1546.66
1547.18
1549.08
1549.472
1549.864
1550.256
1550.648
1551.04
1551.432
1551.824
1552.216
1552.608
1553.0
1553.392
1553.6
1553.808
1554.016
1554.224
1554.432
1554.64
1554.85
1555.77
1556.24
1556.71
1557.18
1557.65
1557.911
1558.172
1558.433
1558.694
1558.955
1559.216
1559.477
1559.738
1559.999
1560.26
1560.521
1560.777
1560.985
1561.193
1561.401
1561.609
1561.817
1562.025
1562.233
1562.441
1562.649
1562.86
1563.074
1563.288
1563.502
1563.716
1563.93
1564.144
1564.358
1564.572
1564.79
1564.991
1565.192
1565.393
1565.594
1565.795
1565.996
1566.197
1566.398
1566.599
1566.8
1566.998
1567.186
1567.374
1567.562
1567.75
1568.25
1568.532
1568.814
1569.096
1569.378
1569.66
1569.942
1570.224
1570.506
1570.787
1570.991
1571.195
1571.399
1571.603
1571.807
1572.011
1572.215
1572.419
1572.62
1573.084
1573.548
1574.012
1574.476
1574.94
1575.404
1575.87
1576.297
1576.725
1577.152
1577.58
1578.61
1579.003
1579.396
1579.789
1580.182
1580.575
1580.968
1581.361
1581.754
1582.145
1582.347
1582.549
1582.751
1582.953
1583.155
1583.357
1583.559
1583.761
1583.963
1584.165
1584.367
1584.569
1584.771
1584.973
1585.17
1585.465
1585.76
1586.055
1586.35
1586.645
1586.94
1587.235
1587.53
1587.825
1588.12
1588.41
1588.72
1589.03
1589.34
1589.65
1589.96
1590.27
1590.58
1590.89
1591.2
1591.51
1592.01
1592.51
1592.678
1592.846
1593.014
1593.181
1593.349
1593.516
1593.684
1593.851
1594.019
1594.187
1594.354
1594.522
1594.689
1594.857
1595.024
1595.19
1595.362
1595.534
1595.706
1595.878
1596.05
1596.222
1596.394
1596.565
1596.766
1596.967
1597.168
1597.369
1597.57
1597.771
1597.97
1598.469
1598.678
1598.887
1599.096
1599.305
1599.514
1599.723
1599.932
1600.141
1600.35
1600.56
1600.843
1601.126
1601.409
1601.692
1601.975
1602.258
1602.541
1602.824
1603.107
1603.39
1603.67
1604.233
1604.795
1605.358
1605.92
1606.22
1606.52
1606.82
1607.22
1607.62
1607.94
1608.26
1608.58
1608.771
1608.962
1609.153
1609.344
1609.535
1609.726
1609.917
1610.108
1610.299
1610.49
1610.681
1610.872
1611.063
1611.255
1611.91
1612.225
1612.54
1612.779
1613.018
1613.257
1613.496
1613.735
1613.974
1614.216
1614.657
1615.098
1615.539
1615.98
1616.421
1616.862
1617.3
1617.639
1617.978
1618.317
1618.656
1618.995
1619.334
1619.673
1620.012
1620.351
1620.69
1621.025
1621.238
1621.451
1621.664
1621.877
1622.09
1622.303
1622.516
1622.729
1622.942
1623.15
1623.488
1623.826
1624.164
1624.502
1624.84
1625.18
1625.414
1625.648
1625.882
1626.116
1626.35
1626.584
1626.818
1627.052
1627.286
1627.52
1627.75
1628.095
1628.44
1628.785
1629.13
1629.476
1629.822
1630.167
1630.514
1631.18
1631.89
1632.353
1632.816
1633.279
1633.742
1634.205
1634.668
1635.134
1635.347
1635.56
1635.773
1635.986
1636.199
1636.412
1636.625
1636.838
1637.05
1637.34
1637.63
1637.92
1638.21
1638.5
1639.29
1639.627
1639.964
1640.3
1640.657
1641.014
1641.371
1641.728
1642.085
1642.442
1642.799
1643.156
1643.513
1643.87
1644.23
1645.79
1647.35
1648.91
1650.47
1652.03
1653.59
1655.15
1656.71
1658.27
1659.83
1661.39
1663.787
1666.184
1668.581
1670.978
1673.375
1675.772
1678.169
1680.566
1682.967
1683.15
1683.333
1683.516
1683.699
1683.882
1684.065
1684.248
1684.431
1684.614
1684.8
1685.057
1685.314
1685.572
1685.829
1686.086
1686.343
1686.601
1686.86
1687.379
1687.898
1688.417
1688.936
1689.455
1689.974
1690.493
1691.01
1691.295
1691.58
1691.865
1692.15
1692.435
1692.72
1693.005
1693.29
1693.575
1693.86
1694.14
1694.677
1695.214
1695.751
1696.288
1696.825
1697.36
1698.145
1698.93
1699.715
1700.5
1701.285
1702.07
1702.855
1703.64
1704.425
1705.21
1705.99
1706.291
1706.592
1706.893
1707.194
1707.495
1707.796
1708.097
1708.398
1708.7
1708.957
1709.214
1709.471
1709.728
1709.985
1710.242
1710.499
1710.756
1711.01
1711.278
1711.546
1711.814
1712.082
1712.35
1712.618
1712.886
1713.154
1713.42
1716.68
1717.631
1718.582
1719.533
1720.484
1721.435
1722.386
1723.337
1724.288
1725.239
1726.19
1727.141
1728.092
1729.043
1729.994
1730.95
1732.072
1733.194
1734.316
1735.438
1736.56
1737.68
1738.444
1739.208
1739.972
1740.736
1741.5
1742.264
1743.028
1743.792
1744.556
1745.32
1746.084
1746.848
1747.612
1748.381
1748.631
1748.88
1749.163
1749.446
1749.729
1750.012
1750.295
1750.465
1750.635
1750.805
1750.975
1751.145
1751.315
1751.485
1751.655
1751.825
1751.995
1752.17
1752.552
1752.934
1753.316
1753.698
1754.08
1754.462
1754.844
1755.226
1755.608
1755.99
1756.35
1756.71
1757.07
1757.43
1757.79
1758.15
1758.51
1758.87
1759.23
1759.59
1759.95
1760.311
1760.698
1761.085
1761.472
1761.859
1762.246
1762.633
1763.02
1763.407
1763.794
1764.181
1764.57
1765.065
1765.56
1766.055
1766.55
1767.045
1767.54
1768.035
1768.53
1769.025
1769.52
1770.01
1770.251
1770.492
1770.733
1770.974
1771.215
1771.456
1771.697
1771.938
1772.179
1772.42
1772.661
1772.902
1773.143
1773.384
1773.63
1774.059
1774.488
1774.917
1775.346
1775.775
1776.204
1776.633
1777.062
1777.49
1777.892
1778.294
1778.696
1779.098
1779.5
1779.902
1780.304
1780.706
1781.108
1781.51
1781.912
1782.314
1782.716
1783.12
1783.541
1783.962
1784.383
1784.804
1785.225
1785.646
1786.067
1786.488
1786.909
1787.33
1787.751
1788.17
1788.838
1789.506
1790.174
1790.842
1791.51
1792.178
1792.846
1793.514
1794.182
1794.85
1795.518
1796.186
1796.854
1797.52
1797.764
1798.008
1798.252
1798.496
1798.74
1798.984
1799.228
1799.472
1799.716
1799.96
1800.312
1800.664
1801.016
1801.368
1801.72
1802.072
1802.424
1802.776
1803.128
1803.48
1803.815
1804.15
1804.485
1804.82
1805.155
1805.49
1805.825
1806.16
1806.634
1807.108
1807.582
1808.056
1808.53
1809.004
1809.478
1809.952
1810.43
1810.863
1811.296
1811.729
1812.16
1812.66
1812.975
1813.29
1813.605
1813.92
1814.235
1814.55
1814.865
1815.18
1815.495
1815.81
1816.13
1816.498
1816.866
1817.234
1817.602
1817.97
1818.34
1819.227
1820.114
1821.001
1821.888
1822.775
1823.662
1824.549
1825.436
1826.323
1827.21
1827.509
1827.808
1828.107
1828.406
1828.705
1829.004
1829.303
1829.602
1829.901
1830.2
1830.5
1830.885
1831.27
1831.655
1832.04
1832.425
1832.81
1833.195
1833.58
1833.965
1834.35
1834.74
1834.974
1835.208
1835.442
1835.676
1835.91
1836.144
1836.378
1836.612
1836.85
1837.245
1837.64
1838.035
1838.43
1839.35
1840.208
1841.066
1841.924
1842.782
1843.64
1844.5
1845.301
1846.102
1846.903
1847.704
1848.505
1849.306
1850.107
1850.908
1851.709
1852.51
1853.307
1853.483
1853.659
1853.835
1854.011
1854.187
1854.363
1854.539
1854.715
1854.89
1855.312
1855.734
1856.156
1856.578
1857.0
1857.422
1857.844
1858.266
1858.688
1859.11
1859.53
1859.813
1860.096
1860.379
1860.662
1860.945
1861.23
1861.783
1862.336
1862.889
1863.442
1863.995
1864.548
1865.101
1865.654
1866.207
1866.76
1867.31
1867.735
1868.16
1868.585
1869.01
1869.435
1869.86
1870.285
1870.71
1871.135
1871.56
1871.947
1872.334
1872.72
1873.042
1873.364
1873.686
1874.008
1874.33
1874.652
1874.974
1875.296
1875.618
1875.94
1876.262
1876.584
1876.9
1877.283
1877.666
1878.049
1878.432
1878.815
1879.2
1879.603
1880.006
1880.409
1880.812
1881.215
1881.62
1881.861
1882.102
1882.343
1882.584
1882.825
1883.066
1883.307
1883.55
1884.118
1884.686
1885.254
1885.822
1886.39
1886.958
1887.526
1888.094
1888.662
1889.23
1889.798
1890.37
1890.831
1891.292
1891.753
1892.214
1892.675
1893.136
1893.597
1894.058
1894.52
1894.891
1895.262
1895.633
1896.004
1896.375
1896.746
1897.117
1897.488
1897.859
1898.23
1898.6
1898.915
1899.23
1899.545
1899.86
1900.38
1900.9
1901.346
1901.792
1902.238
1902.684
1903.13
1903.576
1904.022
1904.468
1904.91
1905.284
1905.658
1906.032
1906.406
1906.78
1907.154
1907.528
1907.902
1908.276
1908.65
1908.933
1909.216
1909.499
1909.782
1910.065
1910.348
1910.63
1910.889
1911.148
1911.407
1911.666
1911.925
1912.184
1912.443
1912.7
1913.221
1913.742
1914.263
1914.784
1915.305
1915.826
1916.35
1918.064
1919.778
1921.492
1923.206
1924.92
1926.634
1928.35
1928.557
1928.764
1928.971
1929.178
1929.385
1929.592
1929.799
1930.006
1930.213
1930.42
1930.627
1930.83
1931.12
1931.41
1931.7
1931.99
1932.28
1932.57
1932.86
1933.15
1933.44
1933.73
1934.02
1934.31
1934.6
1934.89
1935.678
1936.466
1937.253
1938.04
1938.65
1939.26
1939.87
1940.48
1941.09
1941.7
1942.31
1942.652
1942.994
1943.336
1943.678
1944.02
1944.407
1944.794
1945.181
1945.568
1945.955
1946.342
1946.729
1947.116
1947.503
1947.89
1948.277
1948.664
1949.05
1949.473
1949.896
1950.319
1950.742
1951.165
1951.588
1952.011
1952.434
1952.857
1953.28
1953.78
1954.266
1954.752
1955.3
1955.848
1956.396
1956.944
1957.492
1958.04
1958.588
1959.136
1959.68
1960.026
1960.372
1960.718
1961.064
1961.41
1961.756
1962.102
1962.448
1962.795
1963.42
1963.948
1964.476
1965.004
1965.532
1966.06
1966.588
1967.116
1968.028
1968.94
1969.851
1970.713
1970.975
1971.237
1971.499
1971.761
1972.022
1972.73
1973.14
1973.55
1973.777
1974.005
1974.233
1974.46
1974.851
1975.242
1975.633
1976.024
1976.415
1976.806
1977.197
1977.588
1977.979
1978.37
1978.857
1979.344
1979.831
1980.318
1980.805
1981.29
1981.893
1982.496
1983.099
1983.702
1984.305
1984.908
1985.51
1985.863
1986.216
1986.57
1986.911
1987.252
1987.593
1987.934
1988.275
1988.616
1988.957
1989.298
1989.639
1989.98
1990.321
1990.662
1991.003
1991.35
1991.806
1992.262
1992.718
1993.174
1993.63
2005.39
2006.377
2007.364
2008.351
2009.338
2010.325
2011.31
2011.668
2012.026
2012.384
2012.742
2013.1
2013.458
2013.816
2014.174
2014.53
2014.882
2015.234
2015.586
2015.938
2016.29
2016.642
2016.994
2017.346
2017.697
2017.895
2018.093
2018.291
2018.489
2018.687
2018.885
2019.083
2019.28
2019.64
2020.0
2020.36
2020.72
2021.08
2021.44
2021.636
2021.832
2022.028
2022.224
2022.42
2022.616
2022.812
2023.008
2023.204
2023.4
2023.596
2023.792
2023.988
2024.184
2024.38
2024.58
2024.89
2025.2
2025.51
2025.82
2026.13
2026.44
2026.75
2027.06
2027.917
2028.774
2029.63
2030.78
2030.982
2031.184
2031.386
2031.588
2031.79
2031.992
2032.192
2034.0
2034.54
2035.08
2035.62
2036.52
2037.42
2038.014
2038.608
2039.202
2039.796
2040.39
2040.984
2041.578
2042.172
2042.766
2043.36
2043.562
2043.764
2043.966
2044.168
2044.37
2044.572
2044.774
2044.976
2045.18
2045.871
2046.562
2047.253
2047.944
2048.635
2049.326
2050.017
2050.708
2051.399
2052.091
2052.59
2052.923
2053.255
2053.588
2053.921
2054.253
2054.586
2054.918
2055.251
2055.584
2055.916
2056.249
2056.58
2056.887
2057.194
2057.501
2057.808
2058.115
2058.422
2058.729
2059.036
2059.343
2059.65
2059.899
2060.148
2060.397
2060.646
2060.895
2061.144
2061.393
2061.642
2061.891
2062.14
2062.389
2062.638
2062.887
2063.13
2063.698
2064.266
2064.834
2065.402
2065.97
2066.538
2067.106
2067.674
2068.242
2068.81
2069.378
2069.946
2070.514
2071.08
2071.628
2072.176
2072.724
2073.272
2073.82
2074.368
2074.916
2075.464
2076.012
2076.56
2077.108
2077.656
2078.204
2078.752
2079.3
2079.923
2080.546
2081.169
2081.792
2082.415
2083.038
2083.66
2084.046
2084.432
2084.818
2085.204
2085.59
2085.976
2086.36
2088.33
2089.01
2089.69
2090.37
2091.05
2091.73
2092.41
2093.089
2093.309
2093.529
2093.749
2093.969
2094.189
2094.409
2094.63
2095.192
2095.754
2096.316
2096.878
2097.44
2097.993
2098.546
2099.099
2099.651
2100.203
2100.756
2101.309
2101.86
2102.291
2102.722
2103.153
2103.584
2104.015
2104.446
2104.877
2105.308
2105.739
2106.17
2106.836
2107.502
2108.168
2108.834
2109.5
2110.166
2110.832
2111.498
2112.164
2112.83
2113.496
2114.16
2114.77
2115.38
2115.99
2116.6
2117.21
2117.82
2118.32
2118.765
2119.21
2119.655
2120.1
2120.545
2120.99
2121.435
2121.88
2122.299
2122.718
2123.137
2123.556
2123.975
2124.394
2124.813
2125.232
2125.651
2126.07
2126.57
2127.249
2127.929
2128.13
2128.331
2128.532
2128.733
2128.934
2129.135
2129.336
2129.537
2129.738
2129.939
2130.14
2130.345
2131.97
2132.293
2132.616
2132.939
2133.262
2133.585
2133.908
2134.231
2134.554
2134.877
2135.2
2135.523
2135.84
2136.375
2136.91
2137.445
2137.98
2138.515
2139.05
2139.585
2140.12
2140.48
2140.84
2141.2
2141.56
2141.92
2142.28
2142.64
2143.0
2143.363
2143.725
2144.087
2144.45
2144.92
2145.39
2145.776
2146.162
2146.548
2146.934
2147.32
2147.706
2148.092
2148.478
2148.86
2149.165
2149.47
2149.775
2150.08
2150.385
2150.69
2150.995
2151.3
2151.751
2152.202
2152.373
2152.544
2152.715
2152.886
2153.057
2153.228
2153.399
2153.57
2153.741
2153.91
2154.383
2154.856
2155.329
2155.802
2156.275
2156.75
2157.042
2157.334
2157.626
2157.918
2158.21
2158.5
2158.869
2159.238
2159.607
2159.976
2160.345
2160.714
2161.08
2161.44
2161.8
2162.16
2162.52
2162.88
2163.24
2163.6
2164.074
2164.548
2165.022
2165.496
2165.97
2166.444
2166.918
2167.392
2167.866
2168.34
2169.274
2170.208
2171.142
2172.076
2173.01
2173.944
2174.878
2175.81
2176.081
2176.352
2176.623
2176.894
2177.165
2177.436
2177.707
2177.978
2178.25
2178.832
2179.414
2179.996
2180.578
2181.16
2181.742
2182.324
2182.906
2183.49
2184.424
2185.358
2186.292
2187.226
2188.16
2189.094
2190.028
2190.962
2191.896
2192.83
2193.764
2194.7
2194.949
2195.198
2195.447
2195.696
2195.945
2196.194
2196.443
2196.692
2196.941
2197.19
2197.422
2197.654
2197.886
2198.118
2198.35
2198.749
2199.148
2199.547
2199.946
2200.345
2200.744
2201.143
2201.54
2202.354
2203.168
2203.982
2204.796
2205.61
2206.424
2207.238
2208.052
2208.866
2209.68
2210.49
2211.33
2212.17
2213.01
2213.85
2214.69
2215.53
2216.37
2217.21
2218.05
2218.89
2219.73
2220.57
2221.41
2222.25
2222.689
2223.128
2223.567
2224.006
2224.445
2224.884
2225.323
2225.762
2226.201
2226.64
2227.079
2227.518
2227.957
2228.396
2228.83
2229.445
2230.061
2230.311
2230.56
2230.769
2230.978
2231.187
2231.396
2231.605
2231.814
2232.023
2232.23
2232.48
2232.73
2232.929
2233.128
2233.327
2233.526
2233.725
2233.924
2234.123
2234.322
2234.521
2234.72
2234.919
2235.12
2235.457
2235.794
2236.131
2236.468
2236.805
2237.142
2237.479
2237.816
2238.153
2238.49
2238.987
2239.484
2239.981
2240.478
2240.975
2241.472
2241.969
2242.466
2242.963
2243.46
2243.96
2244.543
2245.126
2245.709
2246.292
2246.875
2247.458
2248.041
2248.624
2249.21
2250.593
2251.976
2253.359
2254.742
2256.125
2257.508
2258.891
2260.274
2261.66
2262.122
2262.584
2263.046
2263.508
2263.97
2264.432
2264.894
2265.356
2265.82
2266.294
2266.768
2267.242
2267.716
2268.19
2268.664
2269.138
2269.612
2270.086
2270.56
2271.113
2271.666
2272.218
2272.77
2273.904
2275.038
2276.172
2277.306
2278.44
2279.574
2280.708
2281.84
2283.736
2285.632
2287.528
2289.424
2291.32
2293.216
2295.112
2297.01
2297.359
2297.708
2298.057
2298.406
2298.755
2299.104
2299.453
2299.802
2300.151
2300.5
2300.85
2301.268
2301.686
2302.104
2302.522
2302.94
2303.36
2303.677
2303.994
2304.311
2304.628
2304.945
2305.262
2305.579
2305.896
2306.21
2306.629
2307.048
2307.467
2307.886
2308.305
2308.724
2309.142
2309.32
2309.498
2309.676
2309.854
2310.032
2310.21
2310.388
2310.566
2310.744
2310.922
2311.1
2311.309
2311.518
2311.727
2311.936
2312.145
2312.354
2312.563
2312.77
2313.049
2313.328
2313.607
2313.886
2314.165
2314.444
2314.723
2315.002
2315.281
2315.56
2315.816
2316.072
2316.328
2316.584
2316.84
2317.096
2317.352
2317.608
2317.864
2318.12
2318.38
2318.715
2319.05
2319.385
2319.72
2320.011
2320.302
2320.593
2320.884
2321.175
2321.466
2321.757
2322.048
2322.34
2322.714
2323.088
2323.462
2323.836
2324.21
2324.584
2324.958
2325.332
2325.706
2326.08
2326.45
2327.13
2327.81
2328.084
2328.358
2328.632
2328.906
2329.18
2329.454
2329.728
2330.002
2330.276
2330.55
2330.82
2331.143
2331.466
2331.789
2332.112
2332.435
2332.758
2333.081
2333.404
2333.727
2334.05
2334.39
2334.73
2335.07
2335.41
2335.75
2336.09
2336.43
2336.77
2337.11
2337.45
2337.79
2338.13
2338.47
2338.695
2338.92
2339.145
2339.37
2339.595
2339.82
2340.045
2340.27
2340.495
2340.72
2340.95
2341.275
2341.6
2341.925
2342.25
2342.575
2342.9
2343.225
2343.55
2343.875
2344.2
2344.68
2345.16
2345.691
2346.222
2346.753
2347.284
2347.815
2348.346
2348.877
2349.408
2349.939
2350.47
2351.001
2351.532
2352.063
2352.594
2353.12
2353.49
2353.86
2354.23
2354.623
2355.016
2355.409
2355.802
2356.195
2356.588
2356.981
2357.374
2357.765
2358.2
2358.635
2359.07
2359.505
2359.94
2360.375
2360.81
2361.245
2361.68
2362.094
2362.508
2362.922
2363.336
2363.75
2364.627
2365.504
2366.381
2367.258
2368.135
2369.012
2369.889
2370.766
2371.643
2372.52
2373.4
2373.824
2374.248
2374.672
2375.096
2375.52
2375.944
2376.37
2376.795
2377.22
2377.645
2378.07
2378.495
2378.92
2379.315
2379.71
2380.105
2380.5
2380.895
2381.29
2381.685
2382.08
2382.475
2382.87
2383.27
2383.866
2384.462
2385.058
2385.654
2386.25
2386.846
2387.442
2388.038
2388.63
2389.021
2389.412
2389.803
2390.194
2390.585
2390.976
2391.37
2391.741
2392.112
2392.483
2392.854
2393.225
2393.596
2393.967
2394.338
2394.709
2395.08
2395.45
2396.047
2396.644
2397.241
2397.838
2398.435
2399.032
2399.629
2400.226
2400.823
2401.42
2402.015
2402.75
2403.021
2403.292
2403.563
2403.834
2404.105
2404.376
2404.647
2404.918
2405.19
2405.473
2405.756
2406.039
2406.322
2406.605
2406.89
2407.221
2407.552
2407.883
2408.214
2408.545
2408.876
2409.207
2409.538
2409.869
2410.2
2410.529
2410.784
2411.039
2411.294
2411.549
2411.804
2412.059
2412.314
2412.569
2412.82
2413.237
2413.654
2414.071
2414.488
2414.905
2415.322
2415.739
2416.156
2416.573
2416.99
2417.536
2418.082
2418.628
2419.174
2419.72
2420.266
2420.812
2421.358
2421.904
2422.45
2423.0
2423.301
2423.602
2423.903
2424.204
2424.505
2424.806
2425.107
2425.41
2425.961
2426.512
2427.063
2427.614
2428.165
2428.716
2429.267
2429.818
2430.37
2430.708
2431.046
2431.384
2431.722
2432.06
2432.398
2432.736
2433.074
2433.412
2433.75
2434.035
2434.32
2435.0
2435.68
2436.36
2437.04
2437.72
2438.4
2439.08
2439.76
2440.44
2441.12
2441.8
2442.48
2442.817
2443.154
2443.491
2443.828
2444.165
2444.502
2444.84
2446.29
2446.529
2446.768
2447.007
2447.246
2447.485
2447.724
2447.963
2448.202
2448.44
2448.811
2449.182
2449.553
2449.924
2450.295
2450.666
2451.037
2451.408
2451.779
2452.15
2452.737
2453.324
2453.911
2454.498
2455.085
2455.672
2456.259
2456.846
2457.433
2458.02
2458.336
2458.652
2458.968
2459.284
2459.6
2459.916
2460.232
2460.548
2460.86
2461.241
2461.622
2462.003
2462.384
2462.765
2463.146
2463.53
2464.26
2464.99
2465.35
2465.71
2466.07
2466.57
2466.843
2467.116
2467.39
2467.702
2468.014
2468.326
2468.638
2468.95
2469.264
2469.801
2470.338
2470.875
2471.412
2471.949
2472.486
2473.023
2473.56
2474.097
2474.63
2475.223
2475.816
2476.409
2477.002
2477.595
2478.188
2478.78
2479.142
2479.505
2479.868
2480.23
2480.592
2480.954
2481.316
2481.68
2481.93
2482.18
2482.43
2482.68
2482.93
2483.18
2483.43
2483.68
2483.93
2484.18
2484.43
2484.68
2485.032
2485.384
2485.736
2486.088
2486.44
2486.792
2487.144
2487.496
2487.848
2488.2
2488.423
2488.646
2488.87
2489.117
2489.364
2489.611
2489.858
2490.105
2490.352
2490.6
2490.837
2491.074
2491.311
2491.548
2491.785
2492.022
2492.26
2492.716
2493.172
2493.628
2494.084
2494.54
2495.013
2495.486
2495.959
2496.432
2496.905
2497.378
2497.851
2498.324
2498.8
2499.061
2499.322
2499.583
2499.844
2500.105
2500.366
2500.627
2500.888
2501.15
2501.4
2501.65
2501.9
2502.15
2502.65
2502.938
2503.226
2503.514
2503.802
2504.09
2504.378
2504.669
2504.862
2505.055
2505.248
2505.441
2505.634
2505.827
2506.02
2506.21
2506.392
2506.574
2506.756
2506.938
2507.12
2507.302
2507.484
2507.668
2507.944
2508.22
2508.496
2508.772
2509.05
2509.42
2509.79
2510.16
2510.53
2510.9
2511.27
2511.64
2512.01
2512.38
2512.63
2512.88
2513.13
2513.38
2513.63
2513.88
2514.13
2514.38
2514.63
2514.88
2515.13
2515.38
2515.667
2515.954
2516.241
2516.528
2516.815
2517.102
2517.389
2517.676
2517.963
2518.25
2518.695
2519.14
2519.585
2520.03
2520.475
2520.92
2521.365
2521.81
2522.255
2522.7
2523.14
2523.474
2523.808
2524.142
2524.476
2524.81
2525.144
2525.478
2525.81
2526.262
2526.714
2527.166
2527.618
2528.07
2528.52
2529.91
2530.27
2530.63
2530.99
2531.35
2531.77
2532.19
2532.476
2532.762
2533.048
2533.334
2533.62
2533.906
2534.192
2534.48
2535.01
2535.54
2536.07
2536.6
2537.13
2537.66
2538.19
2538.72
2539.088
2539.456
2539.824
2540.192
2540.56
2540.928
2541.296
2541.664
2542.032
2542.4
2542.77
2543.484
2544.198
2544.912
2545.626
2546.34
2552.06
2557.78
2558.536
2559.292
2560.048
2560.804
2561.56
2562.316
2563.072
2563.83
2564.659
2565.488
2566.317
2567.146
2567.975
2568.804
2569.633
2570.462
2571.291
2572.12
2572.949
2573.778
2574.607
2575.43
2575.958
2576.486
2577.014
2577.542
2578.07
2578.598
2579.126
2579.654
2580.182
2580.71
2580.985
2581.26
2581.535
2581.81
2582.084
2582.358
2582.632
2582.906
2583.18
2583.454
2583.728
2584.002
2584.276
2584.55
2584.82
2585.253
2585.686
2586.119
2586.552
2586.985
2587.418
2587.85
2588.118
2588.386
2588.654
2588.922
2589.19
2589.458
2589.726
2589.994
2590.262
2590.53
2590.819
2591.108
2591.397
2591.686
2591.975
2592.264
2592.553
2592.842
2593.131
2593.42
2593.709
2594.0
2594.451
2594.902
2595.353
2595.804
2596.255
2596.706
2597.157
2597.608
2598.059
2598.51
2598.961
2599.412
2599.863
2600.32
2600.679
2601.038
2601.397
2601.756
2602.115
2602.474
2602.833
2603.192
2603.55
2604.263
2604.976
2605.69
2606.73
2607.77
2608.81
2609.85
2611.119
2612.388
2613.657
2614.926
2616.195
2617.464
2618.73
2619.823
2620.916
2622.008
2623.1
2624.193
2625.285
2626.377
2627.47
2627.756
2628.042
2628.328
2628.614
2628.9
2629.186
2629.472
2629.758
2630.041
2630.54
2631.265
2631.99
2632.715
2633.44
2633.781
2634.122
2634.463
2634.804
2635.145
2635.486
2635.827
2636.168
2636.509
2636.85
2637.196
2637.542
2637.888
2638.234
2638.58
2638.926
2639.272
2639.618
2639.964
2640.31
2640.656
2641.002
2641.35
2642.236
2643.122
2644.008
2644.894
2645.78
2646.665
2647.162
2647.659
2647.919
2648.179
2648.439
2648.7
2649.043
2649.386
2649.73
2650.148
2650.566
2650.984
2651.402
2651.82
2652.238
2652.656
2653.074
2653.49
2653.747
2654.004
2654.261
2654.518
2654.775
2655.031
2655.53
2655.843
2656.156
2656.47
2657.695
2658.92
2659.401
2659.882
2660.363
2660.844
2661.325
2661.806
2662.287
2662.768
2663.249
2663.73
2664.211
2664.692
2665.173
2665.654
2666.13
2666.414
2666.698
2666.982
2667.266
2667.55
2667.834
2668.118
2668.402
2668.69
2668.967
2669.244
2669.521
2669.798
2670.075
2670.352
2670.63
2670.859
2671.088
2671.317
2671.546
2671.775
2672.004
2672.233
2672.462
2672.691
2672.92
2673.149
2673.378
2673.607
2673.84
2674.142
2674.444
2674.747
2675.05
2675.54
2676.03
2676.793
2677.556
2678.32
2679.64
2679.988
2680.336
2680.684
2681.032
2681.38
2681.728
2682.076
2682.424
2682.77
2683.27
2683.947
2684.36
2684.773
2685.186
2685.599
2686.012
2686.425
2686.841
2687.172
2687.503
2687.834
2688.165
2688.496
2688.827
2689.158
2689.489
2689.82
2690.155
2690.56
2690.965
2691.37
2691.775
2692.18
2692.585
2692.987
2693.177
2693.367
2693.557
2693.747
2693.937
2694.127
2694.32
2694.8
2695.28
2695.76
2696.24
2696.848
2697.456
2698.064
2698.672
2699.28
2699.78
2700.2
2700.62
2701.04
2701.46
2702.044
2702.628
2703.212
2703.796
2704.38
2705.39
2705.651
2705.912
2706.173
2706.434
2706.695
2706.956
2707.215
2707.619
2708.023
2708.427
2708.831
2709.235
2709.64
2710.078
2710.516
2710.954
2711.392
2711.83
2712.268
2712.706
2713.144
2713.58
2714.132
2714.685
2715.238
2715.79
2716.137
2716.484
2716.831
2717.178
2717.525
2717.87
2718.252
2718.634
2719.016
2719.398
2719.78
2720.162
2720.544
2720.926
2721.308
2721.69
2722.077
2722.244
2722.411
2722.578
2722.745
2722.91
2723.249
2723.588
2723.927
2724.266
2724.605
2724.944
2725.283
2725.62
2726.765
2727.91
2729.055
2730.2
2731.345
2732.49
2733.553
2734.616
2735.68
2737.107
2738.534
2739.96
2741.357
2742.754
2744.15
2744.797
2745.444
2746.09
2747.169
2748.248
2749.327
2750.406
2751.485
2752.564
2753.64
2754.112
2754.584
2755.056
2755.528
2756.0
2756.472
2756.944
2757.416
2757.888
2758.36
2758.841
2759.322
2759.803
2760.284
2760.765
2761.246
2761.727
2762.208
2762.69
2762.927
2763.164
2763.401
2763.638
2763.875
2764.112
2764.349
2764.586
2764.823
2765.057
2765.24
2765.423
2765.606
2765.789
2765.972
2766.155
2766.338
2766.521
2766.704
2766.89
2767.359
2767.828
2768.297
2768.766
2769.235
2769.704
2770.173
2770.64
2771.592
2772.544
2773.496
2774.448
2775.4
2776.35
2776.777
2777.204
2777.631
2778.058
2778.485
2778.912
2779.339
2779.766
2780.193
2780.62
2781.047
2781.474
2781.901
2782.33
2782.624
2782.918
2783.212
2783.506
2783.8
2784.094
2784.388
2784.682
2784.976
2785.27
2785.564
2785.856
2786.148
2786.44
2786.732
2787.024
2787.316
2787.608
2787.9
2788.174
2788.448
2788.722
2788.996
2789.27
2789.544
2789.818
2790.092
2790.37
2790.706
2791.042
2791.378
2791.714
2792.05
2792.386
2792.722
2793.06
2793.342
2793.624
2793.906
2794.188
2794.47
2794.752
2795.034
2795.316
2795.598
2795.88
2796.162
2796.444
2796.72
2796.989
2797.258
2797.527
2797.796
2798.065
2798.334
2798.603
2798.87
2799.294
2799.718
2800.142
2800.566
2800.99
2801.414
2801.84
2802.79
2803.302
2803.814
2804.326
2804.838
2805.35
2805.862
2806.374
2806.886
2807.402
2807.879
2808.356
2808.833
2809.31
2809.787
2810.264
2810.74
2812.235
2813.73
2814.196
2814.662
2815.128
2815.594
2816.06
2816.526
2816.992
2817.46
2818.565
2819.67
2820.775
2821.88
2822.274
2822.668
2823.062
2823.456
2823.85
2824.244
2824.638
2825.032
2825.43
2825.805
2826.18
2826.491
2826.802
2827.113
2827.424
2827.735
2828.046
2828.357
2828.668
2828.979
2829.29
2829.745
2830.2
2830.655
2831.11
2831.565
2832.02
2832.475
2832.93
2833.385
2833.84
2834.3
2834.562
2834.824
2835.086
2835.348
2835.61
2835.872
2836.134
2836.396
2836.658
2836.92
2841.26
2841.54
2841.82
2842.1
2842.38
2842.66
2842.94
2843.22
2843.5
2843.78
2844.06
2844.34
2844.767
2845.194
2845.621
2846.048
2846.475
2846.902
2847.329
2847.756
2848.18
2848.931
2849.682
2850.433
2851.184
2851.935
2852.686
2853.44
2853.966
2854.492
2855.018
2855.544
2856.07
2856.596
2857.122
2857.65
2858.144
2858.638
2859.132
2859.626
2860.12
2860.943
2861.766
2862.588
2863.41
2863.938
2864.466
2864.994
2865.522
2866.05
2866.578
2867.106
2867.634
2868.162
2868.69
2869.218
2869.75
2870.364
2870.978
2871.592
2872.206
2872.82
2873.434
2874.05
2875.074
2876.098
2877.122
2878.146
2879.17
2880.194
2881.218
2882.242
2883.266
2884.29
2885.316
2885.79
2886.264
2886.738
2887.212
2887.686
2888.16
2888.634
2889.108
2889.58
2890.245
2890.91
2891.575
2892.24
2892.905
2893.57
2894.235
2894.9
2895.565
2896.23
2896.895
2897.56
2898.23
2898.783
2899.336
2899.889
2900.44
2900.705
2900.97
2901.235
2901.5
2901.765
2902.03
2902.295
2902.56
2902.825
2903.09
2903.355
2903.62
2903.809
2903.998
2904.187
2904.376
2904.565
2904.754
2904.943
2905.132
2905.321
2905.51
2905.699
2905.89
2906.905
2907.92
2908.62
2909.32
2910.02
2910.72
2911.42
2912.12
2912.82
2913.52
2914.134
2914.748
2915.362
2915.976
2916.59
2917.204
2917.818
2918.432
2919.046
2919.66
2920.274
2920.89
2922.61
2924.33
2926.05
2927.77
2929.49
2930.113
2930.736
2931.359
2931.982
2932.605
2933.228
2933.851
2934.474
2935.097
2935.72
2936.128
2936.536
2936.944
2937.352
2937.76
2938.168
2938.576
2938.984
2939.392
2939.8
2940.21
2940.58
2940.95
2941.32
2941.69
2942.06
2942.43
2942.8
2943.17
2943.54
2943.91
2944.28
2944.615
2944.95
2945.285
2945.62
2945.955
2946.29
2946.625
2946.96
2947.295
2947.63
2948.271
2948.912
2949.553
2950.194
2950.835
2951.476
2952.117
2952.76
2953.155
2953.55
2953.945
2954.34
2954.735
2955.13
2955.525
2955.92
2956.315
2956.71
2957.105
2957.5
2958.181
2958.862
2959.543
2960.224
2960.905
2961.586
2962.267
2962.948
2963.629
2964.31
2964.991
2965.672
2966.35
2966.91
2967.47
2968.03
2968.591
2969.212
2969.394
2969.576
2969.758
2969.94
2970.122
2970.304
2970.486
2970.67
2971.146
2971.622
2972.098
2972.574
2973.05
2973.526
2974.002
2974.478
2974.954
2975.43
2975.902
2976.084
2976.266
2976.448
2976.63
2976.812
2976.994
2977.176
2977.36
2977.738
2978.116
2978.494
2978.872
2979.25
2979.628
2980.006
2980.384
2980.762
2981.14
2981.52
2981.816
2982.112
2982.408
2982.704
2983.0
2983.215
2983.43
2983.645
2983.86
2984.075
2984.29
2984.505
2984.72
2984.935
2985.15
2985.367
2985.584
2985.801
2986.018
2986.235
2986.452
2986.669
2986.886
2987.103
2987.32
2987.537
2987.75
2987.977
2988.204
2988.431
2988.658
2988.885
2989.11
2989.383
2989.655
2989.928
2990.2
2990.472
2990.745
2991.017
2991.29
2992.27
2992.688
2993.106
2993.524
2993.942
2994.36
2994.778
2995.196
2995.614
2996.032
2996.45
2996.868
2997.286
2997.71
2997.917
2998.124
2998.331
2998.538
2998.745
2998.952
2999.159
2999.366
2999.57
3001.113
3002.656
3004.199
3005.742
3007.285
3008.828
3010.371
3011.914
3013.457
3015.0
3016.54
3017.06
3017.58
3017.956
3018.332
3018.708
3019.084
3019.46
3019.836
3020.212
3020.588
3020.965
3021.327
3021.689
3022.051
3022.413
3022.775
3023.137
3023.499
3023.861
3024.223
3024.585
3024.95
3025.549
3026.148
3026.747
3027.346
3027.945
3028.544
3029.143
3029.74
3030.315
3030.89
3031.465
3032.04
3032.615
3033.19
3033.615
3034.04
3034.465
3034.89
3035.315
3035.74
3036.165
3036.59
3037.015
3037.44
3037.87
3038.144
3038.418
3038.692
3038.966
3039.24
3039.514
3039.788
3040.062
3040.336
3040.61
3040.884
3041.16
3041.437
3041.714
3041.991
3042.268
3042.545
3042.822
3043.099
3043.376
3043.653
3043.93
3044.495
3045.06
3045.625
3046.19
3046.803
3047.416
3048.029
3048.642
3049.255
3049.868
3050.481
3051.09
3052.753
3054.416
3056.079
3057.742
3059.405
3061.07
3062.138
3063.206
3064.274
3065.341
3066.409
3067.477
3068.544
3069.61
3069.86
3070.11
3070.52
3070.93
3071.34
3071.75
3072.16
3072.57
3072.832
3073.094
3073.356
3073.619
3073.881
3074.143
3074.405
3074.67
3075.026
3075.382
3075.738
3076.094
3076.45
3076.806
3077.162
3077.518
3077.87
3078.331
3078.792
3079.253
3079.714
3080.175
3080.636
3081.097
3081.558
3082.019
3082.481
3085.221
3085.839
3086.457
3087.075
3087.693
3088.311
3088.929
3089.547
3090.165
3090.781
3091.03
3091.28
3091.636
3091.992
3092.348
3092.704
3093.06
3093.416
3093.772
3094.128
3094.484
3094.84
3095.196
3095.552
3095.908
3096.26
3096.891
3097.522
3098.153
3098.784
3099.415
3100.046
3100.677
3101.308
3101.939
3102.57
3102.927
3103.284
3103.64
3103.962
3104.284
3104.606
3104.928
3105.25
3105.572
3105.894
3106.216
3106.538
3106.86
3107.182
3107.504
3107.83
3108.23
3108.63
3109.03
3109.43
3109.83
3110.23
3110.63
3111.03
3111.43
3111.697
3111.964
3112.231
3112.498
3112.765
3113.032
3113.299
3113.566
3113.833
3114.1
3114.367
3114.63
3114.991
3115.352
3115.713
3116.074
3116.435
3116.796
3117.157
3117.52
3117.79
3118.06
3118.33
3118.6
3118.87
3119.14
3119.41
3119.68
3119.95
3120.22
3120.539
3120.858
3121.177
3121.495
3121.995
3122.463
3122.931
3123.399
3123.867
3124.335
3124.803
3125.27
3125.568
3125.866
3126.164
3126.462
3126.76
3127.058
3127.356
3127.654
3127.952
3128.25
3128.548
3128.84
3129.1
3129.36
3129.62
3129.88
3130.14
3130.4
3130.66
3130.92
3131.18
3131.44
3131.7
3131.96
3132.314
3132.668
3133.022
3133.376
3133.73
3134.084
3134.438
3134.792
3135.146
3135.5
3135.854
3136.21
3136.635
3137.06
3137.485
3137.91
3138.335
3138.76
3139.185
3139.61
3140.035
3140.46
3140.88
3141.392
3141.904
3142.416
3142.928
3143.44
3143.952
3144.464
3144.976
3145.488
3146.0
3146.512
3147.024
3147.536
3148.048
3148.56
3149.256
3149.952
3150.648
3151.344
3152.04
3152.736
3153.432
3154.128
3154.82
3155.646
3156.472
3157.298
3158.124
3158.95
3159.776
3160.602
3161.428
3162.25
3162.945
3163.64
3164.2
3164.76
3165.32
3165.88
3166.44
3167.0
3167.56
3168.12
3168.571
3169.022
3169.473
3169.924
3170.375
3170.826
3171.277
3171.728
3172.179
3172.63
3173.082
3173.283
3173.484
3173.685
3173.886
3174.087
3174.288
3174.489
3174.69
3174.891
3175.092
3175.29
3175.547
3175.804
3176.061
3176.318
3176.575
3176.832
3177.09
3177.476
3177.862
3178.248
3178.634
3179.02
3179.406
3179.792
3180.18
3180.737
3181.294
3181.85
3182.185
3182.52
3182.855
3183.19
3183.525
3183.86
3184.195
3184.53
3184.865
3185.2
3185.535
3185.87
3186.21
3186.597
3186.984
3187.371
3187.758
3188.145
3188.532
3188.919
3189.306
3189.69
3189.971
3190.252
3190.533
3190.814
3191.095
3191.376
3191.657
3191.938
3192.219
3192.5
3192.784
3193.02
3193.256
3193.492
3193.728
3193.964
3194.2
3194.685
3195.17
3195.655
3196.14
3196.625
3197.11
3197.58
3198.05
3198.52
3198.99
3198.99
3198.99
3198.99
3198.99
3198.99
3198.99
