21.88
22.351
22.822
23.293
23.764
24.235
24.706
25.177
25.65
26.212
26.773
27.334
27.896
28.25
28.604
28.958
29.312
29.666
30.02
30.374
30.728
31.082
31.44
31.775
32.11
32.445
32.78
33.115
33.45
33.785
34.12
34.455
34.79
35.31
35.83
36.35
36.87
37.39
37.91
38.203
38.496
38.789
39.082
39.375
39.67
40.0
40.33
40.66
40.99
41.32
41.65
41.98
42.31
42.64
42.97
43.3
43.53
43.76
43.99
44.22
44.45
44.68
44.91
45.14
45.37
45.6
45.83
46.383
46.936
47.49
47.796
48.102
48.408
48.714
49.02
49.326
49.63
50.075
50.52
50.965
51.41
51.855
52.3
52.745
53.19
53.427
53.664
53.901
54.138
54.375
54.612
54.849
55.086
55.323
55.56
55.862
56.164
56.466
56.768
57.07
57.372
57.674
57.976
58.278
58.58
58.88
59.535
60.19
60.62
61.05
61.48
61.91
62.34
62.77
63.2
63.468
63.736
64.004
64.272
64.54
64.808
65.076
65.344
65.61
66.114
66.618
67.122
67.626
68.13
68.634
69.138
69.642
70.15
70.467
70.784
71.101
71.418
71.735
72.052
72.369
72.686
73.003
73.32
73.637
73.957
74.262
74.567
74.872
75.177
75.483
75.79
76.29
76.79
77.29
77.79
78.29
78.79
79.229
79.668
80.107
80.546
80.985
81.424
81.863
82.302
82.741
83.18
83.363
83.546
83.729
83.912
84.095
84.278
84.461
84.644
84.827
85.01
85.193
85.37
85.686
86.002
86.318
86.634
86.95
87.266
87.582
87.898
88.214
88.53
88.872
89.214
89.556
89.898
90.24
90.582
90.924
91.266
91.608
91.95
92.223
92.496
92.769
93.042
93.315
93.588
93.86
94.127
94.394
94.661
94.928
95.195
95.462
95.729
95.996
96.264
96.441
96.618
96.795
96.972
97.149
97.326
97.503
97.68
97.843
98.006
98.169
98.332
98.495
98.658
98.821
98.984
99.147
99.31
99.473
99.64
99.974
100.308
100.642
100.976
101.31
101.547
101.784
102.022
102.26
102.498
102.736
102.974
103.21
103.61
104.01
104.41
104.81
105.21
105.61
106.01
106.41
106.81
107.337
107.864
108.39
108.767
109.144
109.521
109.898
110.275
110.652
111.029
111.406
111.78
112.174
112.568
112.962
113.356
113.75
114.144
114.538
114.93
115.253
115.576
115.898
116.221
116.544
116.867
117.19
117.513
117.836
118.155
118.623
119.091
119.559
120.027
120.495
120.963
121.431
121.899
122.37
122.823
123.276
123.729
124.182
124.635
125.088
125.541
125.994
126.447
126.9
127.171
127.442
127.713
127.984
128.255
128.526
128.797
129.07
129.395
129.72
130.045
130.37
130.695
131.02
131.57
132.12
132.67
132.978
133.286
133.594
133.901
134.126
134.351
134.576
134.801
135.026
135.251
135.476
135.701
135.926
136.15
136.59
137.03
137.47
137.91
138.35
138.79
139.053
139.316
139.579
139.842
140.105
140.368
140.631
140.894
141.16
141.613
142.066
142.519
142.972
143.425
143.878
144.329
144.558
144.787
145.016
145.245
145.474
145.703
145.932
146.161
146.39
146.62
146.857
147.094
147.331
147.568
147.805
148.042
148.279
148.516
148.753
148.99
149.211
149.432
149.653
149.874
150.095
150.316
150.537
150.758
150.98
151.402
151.824
152.246
152.668
153.09
153.512
153.934
154.356
154.585
154.814
155.043
155.272
155.501
155.73
156.017
156.304
156.591
156.878
157.165
157.452
157.739
158.026
158.31
158.727
159.144
159.561
159.98
160.145
160.31
160.475
160.64
160.805
160.969
161.177
161.385
161.593
161.801
162.009
162.217
162.425
162.633
162.841
163.049
163.26
163.521
163.782
164.043
164.304
164.565
164.826
165.09
165.31
165.53
165.75
165.97
166.19
166.41
166.631
167.007
167.383
167.759
168.135
168.51
168.847
169.185
169.523
169.861
170.198
170.536
170.874
171.212
171.549
171.887
172.225
172.56
172.85
173.14
173.43
173.72
174.01
174.3
174.59
174.88
175.278
175.676
176.074
176.472
176.87
177.27
177.639
178.008
178.377
178.746
179.115
179.484
179.853
180.222
180.591
180.96
181.33
181.752
182.174
182.596
183.018
183.442
183.72
183.998
184.276
184.554
184.832
185.11
185.388
185.666
185.944
186.222
186.5
186.718
186.936
187.154
187.372
187.59
187.808
188.026
188.244
188.462
188.68
188.898
189.116
189.33
189.671
190.012
190.353
190.694
191.035
191.376
191.717
192.058
192.399
192.74
193.081
193.42
193.921
194.422
194.923
195.424
195.925
196.426
196.927
197.428
197.929
198.43
198.931
199.43
201.051
202.672
204.293
205.914
207.535
209.156
210.78
211.196
211.612
212.028
212.444
212.86
213.276
213.692
214.11
214.699
215.288
215.877
216.466
217.055
217.644
218.233
218.822
219.41
219.64
219.87
220.1
220.33
220.56
220.79
221.02
221.6
222.18
222.76
223.34
223.92
224.5
224.856
225.212
225.568
225.924
226.28
226.636
226.992
227.35
227.655
227.96
228.265
228.57
228.875
229.18
229.485
229.79
230.095
230.4
230.705
231.01
231.287
231.564
231.841
232.118
232.395
232.672
232.949
233.226
233.503
233.78
234.06
235.021
235.982
236.943
237.904
238.865
239.826
240.788
241.408
242.028
242.648
243.268
243.888
244.508
245.128
245.75
246.177
246.604
247.031
247.458
247.885
248.312
248.739
249.166
249.593
250.02
250.533
251.046
251.559
252.072
252.585
253.098
253.611
254.124
254.637
255.15
255.441
255.732
256.023
256.314
256.605
256.896
257.187
257.478
257.769
258.06
258.363
258.666
258.97
259.203
259.436
259.669
259.902
260.135
260.368
260.601
260.834
261.067
261.3
261.627
261.954
262.281
262.608
262.935
263.262
263.589
263.92
264.129
264.338
264.547
264.756
264.965
265.174
265.383
265.592
265.801
266.01
266.219
266.424
266.663
266.903
267.143
267.382
267.622
267.862
268.102
268.34
268.557
268.774
268.991
269.208
269.425
269.642
269.859
270.076
270.293
270.507
270.715
270.923
271.131
271.339
271.547
271.755
271.964
272.228
272.492
272.756
273.02
273.284
273.548
273.81
274.356
274.902
275.448
275.994
276.54
277.086
277.63
277.872
278.114
278.356
278.598
278.84
279.316
279.792
280.268
280.744
281.22
281.585
281.95
282.315
282.68
283.045
283.41
283.631
283.852
284.073
284.294
284.515
284.736
284.957
285.178
285.399
285.62
286.062
286.504
286.946
287.388
287.83
288.272
288.714
289.156
289.598
290.04
290.48
290.729
290.978
291.227
291.476
291.725
291.974
292.223
292.472
292.72
293.565
294.41
295.255
296.1
296.576
297.052
297.528
298.004
298.48
298.956
299.43
299.728
300.026
300.324
300.622
300.92
301.218
301.516
301.814
302.112
302.41
303.162
303.914
304.666
305.418
306.17
306.506
306.842
307.178
307.514
307.85
308.186
308.52
308.971
309.422
309.873
310.324
310.775
311.226
311.677
312.13
313.142
314.154
315.166
316.178
317.19
318.202
319.214
320.013
320.812
321.611
322.41
323.209
324.01
324.53
325.05
325.57
326.09
326.61
327.13
328.01
328.89
329.428
329.966
330.504
331.042
331.58
332.118
332.656
333.194
333.732
334.27
334.737
335.205
335.673
336.14
338.472
340.804
341.045
341.286
341.527
341.768
342.009
342.25
342.491
342.732
342.97
343.209
343.448
343.687
343.926
344.165
344.404
344.643
344.882
345.121
345.36
345.597
345.834
346.071
346.308
346.545
346.782
347.019
347.256
347.493
347.73
348.65
349.57
350.041
350.512
350.983
351.454
351.925
352.396
352.867
353.34
353.884
354.428
354.972
355.516
356.06
356.604
357.15
358.082
359.014
359.946
360.878
361.81
362.742
363.674
364.604
364.996
365.388
365.78
366.172
366.564
366.956
367.348
367.74
368.132
368.524
368.916
369.308
369.7
370.127
370.555
370.983
371.411
371.839
372.267
372.695
373.12
374.023
374.926
375.829
376.732
377.635
378.54
380.154
381.768
383.382
384.996
386.61
388.224
389.838
391.452
393.07
393.373
393.675
393.978
394.281
394.584
394.887
395.19
395.49
395.95
396.41
396.87
397.33
397.79
398.25
398.71
399.17
400.281
401.392
402.503
403.614
404.725
405.836
406.947
408.06
408.254
408.448
408.642
408.836
409.03
409.224
409.418
409.61
409.947
410.284
410.621
410.958
411.295
411.63
411.894
412.158
412.422
412.686
412.95
413.214
413.48
413.766
414.052
414.338
414.624
414.91
415.196
415.48
415.744
416.008
416.272
416.536
416.8
417.064
417.328
417.592
417.856
418.12
418.38
418.872
419.364
419.856
420.348
420.84
421.141
421.442
421.743
422.044
422.345
422.646
422.947
423.248
423.549
423.85
424.15
424.592
425.034
425.476
425.918
426.36
426.8
427.175
427.55
427.925
428.3
428.537
428.774
429.011
429.248
429.485
429.722
429.96
430.273
430.586
430.899
431.212
431.525
431.838
432.151
432.464
432.78
433.238
433.696
434.154
434.612
435.07
435.53
436.222
436.914
437.606
438.298
438.99
439.68
439.927
440.174
440.421
440.668
440.915
441.16
441.397
441.634
441.871
442.108
442.345
442.58
442.972
443.364
443.756
444.148
444.54
444.93
445.48
446.03
446.58
447.13
447.68
448.23
448.78
449.301
449.822
450.343
450.864
451.385
451.906
452.427
452.948
453.47
454.266
455.062
455.858
456.654
457.45
457.803
458.156
458.509
458.862
459.215
459.568
459.921
460.274
460.63
461.927
463.224
464.521
465.818
467.115
468.412
469.709
471.006
472.303
473.604
473.806
474.008
474.21
474.412
474.614
474.816
475.02
475.307
475.594
475.881
476.168
476.455
476.742
477.03
477.267
477.504
477.741
477.978
478.215
478.452
478.69
478.95
479.21
479.47
479.73
479.99
480.25
480.802
481.354
481.906
482.458
483.01
483.562
484.114
484.666
485.218
485.77
486.32
486.607
486.894
487.181
487.468
487.755
488.042
488.329
488.616
488.903
489.19
489.477
489.764
490.05
490.605
491.16
491.715
492.27
492.825
493.38
493.935
494.49
495.045
495.6
496.106
496.612
497.118
497.624
498.13
498.636
499.142
499.648
500.152
500.365
500.579
500.793
501.007
501.221
501.435
501.649
501.86
502.181
502.502
502.823
503.144
503.465
503.786
504.11
504.702
505.294
505.886
506.478
507.07
507.662
508.254
508.846
509.438
510.03
510.62
510.968
511.316
511.664
512.012
512.36
512.708
513.056
513.404
513.752
514.1
514.448
514.796
515.14
515.417
515.694
515.971
516.248
516.525
516.802
517.079
517.356
517.633
517.91
518.187
518.46
518.891
519.322
519.753
520.184
520.615
521.046
521.48
522.288
523.096
523.904
524.712
525.52
525.982
526.444
526.906
527.368
527.831
528.293
528.755
529.22
529.673
530.126
530.579
531.032
531.485
531.938
532.391
532.844
533.3
533.765
534.23
534.695
535.16
535.625
536.09
536.555
537.02
537.485
537.95
538.415
538.88
539.34
539.706
540.072
540.438
540.804
541.17
541.536
541.902
542.268
542.634
543.0
543.381
543.762
544.143
544.524
544.905
545.286
545.67
545.97
546.27
546.57
546.87
547.17
547.47
547.77
548.07
548.372
548.616
548.86
549.104
549.348
549.592
549.836
550.08
550.79
551.5
552.21
552.92
553.537
554.154
554.771
555.388
556.005
556.622
557.237
557.441
557.645
557.849
558.053
558.257
558.461
558.665
558.869
559.07
559.543
560.016
560.489
560.962
561.435
561.908
562.38
562.73
563.08
563.43
563.78
564.13
564.48
564.83
565.18
565.53
565.779
566.028
566.277
566.526
566.775
567.024
567.273
567.522
567.771
568.02
568.27
568.943
569.616
570.289
570.962
571.635
572.31
572.542
572.774
573.006
573.238
573.47
573.702
573.934
574.166
574.398
574.63
574.86
575.51
576.16
576.81
577.46
578.11
578.343
578.576
578.809
579.042
579.275
579.508
579.74
579.972
580.204
580.436
580.668
580.9
581.15
581.4
581.65
581.9
582.15
582.4
582.65
582.9
583.15
583.399
583.858
584.317
584.776
585.236
585.389
585.542
585.695
585.848
586.001
586.154
586.307
586.46
586.61
587.17
587.73
588.29
588.85
589.41
589.97
590.53
592.405
594.28
595.802
597.324
598.846
600.368
601.892
602.168
602.444
602.72
602.996
603.272
603.548
603.824
604.1
604.424
604.748
605.072
605.396
605.72
606.503
607.286
608.069
608.852
609.635
610.42
610.701
610.982
611.263
611.544
611.825
612.106
612.385
614.941
617.497
620.053
622.61
622.992
623.374
623.756
624.138
624.52
624.902
625.284
625.666
626.048
626.43
626.812
627.194
627.576
627.96
628.646
629.332
630.018
630.704
631.39
632.076
632.762
633.448
634.134
634.82
635.506
636.19
636.807
637.424
638.041
638.658
639.275
639.89
640.128
640.366
640.604
640.842
641.08
641.32
641.556
641.792
642.028
642.264
642.5
642.736
642.972
643.208
643.445
643.668
643.89
644.112
644.334
644.556
644.779
645.001
645.223
645.445
645.67
645.873
646.076
646.279
646.482
646.685
646.888
647.091
647.294
647.497
647.7
647.9
648.162
648.424
648.686
648.948
649.21
649.472
649.734
649.996
650.258
650.52
650.782
651.044
651.31
651.837
652.364
652.89
653.126
653.362
653.598
653.834
654.07
654.306
654.542
654.778
655.014
655.25
655.486
655.722
655.958
656.19
656.5
656.81
657.12
657.43
657.74
658.05
658.36
658.67
658.98
659.29
659.6
659.91
660.22
660.53
661.054
661.578
662.102
662.626
663.15
663.674
664.198
664.722
665.246
665.77
666.29
666.673
667.056
667.439
667.822
668.205
668.588
668.971
669.354
669.737
670.12
671.545
672.97
673.4
673.83
674.26
674.69
675.12
675.41
675.7
676.372
677.044
677.716
678.388
679.06
679.732
680.405
680.695
680.985
681.275
681.565
681.855
682.145
682.435
682.725
683.015
683.305
683.596
686.8
687.839
688.01
688.181
688.352
688.523
688.694
688.865
689.036
689.207
689.38
689.724
690.068
690.412
690.756
691.1
691.444
691.788
692.132
692.48
692.731
692.982
693.233
693.484
693.735
693.986
694.24
694.768
695.296
695.824
696.352
696.88
697.408
697.936
698.464
698.992
699.52
700.048
700.576
701.104
701.632
702.16
703.206
704.252
705.298
706.344
707.39
708.436
709.482
710.53
710.786
711.042
711.298
711.554
711.81
712.066
712.322
712.58
713.054
713.528
714.002
714.476
714.95
715.424
715.898
716.372
716.846
717.32
717.606
717.892
718.178
718.464
718.75
719.036
719.32
720.083
720.846
721.61
721.915
722.22
722.488
722.756
723.024
723.292
723.56
723.83
724.123
724.416
724.709
725.002
725.295
725.588
725.881
726.174
726.467
726.76
727.217
727.674
728.131
728.59
728.779
728.968
729.157
729.346
729.535
729.724
729.913
730.1
730.456
730.812
731.168
731.524
731.88
732.236
732.592
732.948
733.304
733.659
733.883
734.107
734.331
734.555
734.779
735.003
735.227
735.45
735.791
736.132
736.473
736.814
737.155
737.496
737.837
738.178
738.52
738.795
739.07
739.345
739.62
739.895
740.17
740.445
740.72
740.995
741.27
741.55
741.777
742.005
742.232
742.459
742.686
742.915
743.323
743.731
744.139
744.547
744.955
745.363
745.77
746.071
746.372
746.673
746.974
747.275
747.576
747.88
748.28
748.68
749.08
749.48
749.88
750.28
750.68
751.08
751.48
752.48
753.762
755.044
756.326
757.608
758.89
760.172
761.454
762.736
764.018
765.3
766.58
768.016
769.452
770.888
772.324
773.76
775.196
776.632
778.07
778.541
779.012
779.483
779.954
780.425
780.896
781.367
781.84
782.058
782.276
782.494
782.712
782.93
783.148
783.366
783.584
783.802
784.022
784.223
784.424
784.625
784.826
785.027
785.228
785.429
785.63
785.831
786.032
786.23
786.426
786.622
786.818
787.014
787.21
787.406
787.602
787.798
787.994
788.19
788.39
788.598
788.806
789.014
789.222
789.43
789.638
789.848
790.127
790.406
790.685
790.964
791.243
791.522
791.801
792.08
792.356
792.632
792.908
793.184
793.46
793.736
794.012
794.288
794.564
794.84
795.12
795.477
795.834
796.191
796.548
796.905
797.262
797.62
797.987
798.354
798.721
799.088
799.455
799.822
800.189
800.56
800.973
801.386
801.799
802.212
802.625
803.038
803.451
803.864
804.277
804.69
805.1
805.324
805.548
805.772
805.996
806.22
806.444
806.668
806.892
807.116
807.34
807.64
807.94
808.24
808.54
808.84
809.14
809.44
809.74
810.04
810.34
810.64
810.94
811.24
811.922
812.604
813.286
813.968
814.65
815.332
816.014
816.696
817.38
818.253
819.126
819.999
820.872
821.745
822.618
823.49
823.823
824.156
824.489
824.822
825.155
825.488
825.821
826.154
826.487
826.82
827.153
827.49
828.556
829.622
830.688
831.754
832.82
833.886
834.952
836.02
836.277
836.534
836.791
837.048
837.305
837.56
838.026
838.492
838.958
839.424
839.89
840.356
840.822
841.288
841.754
842.22
842.686
843.152
843.618
844.084
844.55
845.016
845.49
845.759
846.028
846.297
846.566
846.835
847.104
847.373
847.642
847.911
848.18
848.449
848.72
849.263
849.806
850.349
850.892
851.437
851.965
852.493
853.021
853.549
854.077
854.605
855.13
855.44
855.75
856.06
856.37
856.68
857.694
858.708
859.722
860.736
861.75
862.764
863.778
864.792
865.806
866.82
867.03
867.24
867.45
867.66
867.87
868.08
868.29
868.5
868.71
868.92
869.13
869.34
869.565
869.79
870.015
870.24
870.465
870.69
870.915
871.14
871.558
871.976
872.394
872.812
873.23
873.438
873.646
873.854
874.062
874.27
874.478
874.686
874.894
875.102
875.31
875.518
875.725
876.428
877.13
877.81
878.49
879.17
879.85
880.53
881.21
881.89
882.57
883.25
883.93
884.61
885.29
885.51
885.73
885.95
886.17
886.39
886.61
886.83
887.248
887.666
888.084
888.501
888.918
889.335
889.548
889.76
889.972
890.184
890.396
890.608
890.82
891.033
891.245
891.46
891.909
892.358
892.807
893.256
893.705
894.154
894.603
895.05
895.364
895.678
895.992
896.306
896.62
896.934
897.248
897.562
897.88
898.201
898.522
898.843
899.164
899.485
899.806
900.127
900.448
900.769
901.09
901.411
901.732
902.053
902.374
902.69
902.989
903.288
903.587
903.886
904.185
904.484
904.783
905.082
905.381
905.68
906.487
907.294
908.101
908.908
909.715
910.522
911.329
912.136
912.94
913.282
913.624
913.966
914.308
914.65
914.99
915.333
915.676
916.019
916.362
916.705
917.048
917.391
917.734
918.077
918.42
918.763
919.106
919.449
919.79
920.347
920.904
921.462
922.02
923.535
925.05
926.565
928.08
929.595
931.11
931.327
931.544
931.761
931.978
932.195
932.412
932.629
932.846
933.06
933.906
934.752
935.598
936.444
937.29
937.87
938.45
939.03
939.61
940.19
940.77
941.35
941.93
942.51
943.09
943.67
944.395
945.12
945.845
946.57
947.295
948.02
948.745
949.47
950.195
950.92
951.64
952.141
952.642
953.143
953.644
954.145
954.646
955.147
955.65
955.954
956.258
956.562
956.866
957.17
957.474
957.778
958.082
958.386
958.69
958.893
959.096
959.299
959.502
959.705
959.91
960.901
961.892
962.883
963.874
964.865
965.856
966.847
967.838
968.83
970.141
971.452
972.763
974.074
975.385
976.696
978.007
979.318
980.63
980.891
981.152
981.413
981.674
981.935
982.196
982.457
982.718
982.981
983.185
983.389
983.593
983.797
984.001
984.205
984.409
984.613
984.817
985.021
985.23
985.567
985.904
986.241
986.578
986.915
987.252
987.589
987.926
988.263
988.6
988.937
989.272
989.598
989.924
990.25
990.576
990.902
991.23
991.527
991.824
992.121
992.418
992.715
993.01
993.265
993.52
993.775
994.03
994.285
994.54
994.795
995.05
995.305
995.56
995.727
995.894
996.062
996.23
996.398
996.566
996.734
996.9
997.132
997.364
997.596
997.828
998.06
998.292
998.525
998.787
999.049
999.311
999.573
999.835
1000.097
1000.359
1000.62
1000.894
1001.168
1001.442
1001.716
1001.99
1002.264
1002.54
1002.866
1003.192
1003.518
1003.844
1004.17
1004.496
1004.82
1005.239
1005.658
1006.077
1006.496
1006.915
1007.332
1007.624
1007.916
1008.208
1008.5
1008.792
1009.084
1009.376
1009.67
1009.916
1010.162
1010.408
1010.654
1010.9
1011.146
1011.392
1011.638
1011.884
1012.13
1012.376
1012.625
1012.893
1013.161
1013.429
1013.697
1013.965
1014.233
1014.5
1014.724
1014.948
1015.172
1015.396
1015.62
1015.844
1016.068
1016.291
1016.605
1016.919
1017.233
1017.547
1017.861
1018.175
1018.49
1018.928
1019.366
1019.804
1020.242
1020.68
1021.279
1021.878
1022.477
1023.076
1023.675
1024.274
1024.876
1025.333
1025.79
1026.247
1026.704
1027.161
1027.618
1028.075
1028.532
1028.989
1029.446
1029.9
1031.182
1032.464
1033.745
1035.026
1036.308
1037.589
1037.875
1038.161
1038.447
1038.733
1039.019
1039.305
1039.591
1039.88
1040.116
1040.352
1040.588
1040.824
1041.06
1041.296
1041.53
1041.957
1042.384
1042.811
1043.238
1043.665
1044.092
1044.52
1044.841
1045.162
1045.483
1045.804
1046.125
1046.446
1046.767
1047.086
1047.302
1047.518
1047.734
1047.95
1048.166
1048.382
1048.598
1048.814
1049.03
1049.246
1049.46
1049.795
1050.13
1050.465
1050.8
1051.135
1051.47
1051.805
1052.14
1052.475
1052.81
1053.145
1053.48
1054.235
1054.99
1055.239
1055.488
1055.737
1055.986
1056.235
1056.484
1056.73
1057.048
1057.366
1057.684
1058.002
1058.32
1058.638
1058.956
1059.274
1059.59
1059.977
1060.365
1060.753
1061.14
1061.528
1061.916
1062.303
1062.69
1063.553
1064.416
1065.279
1066.142
1067.005
1067.868
1068.731
1069.594
1070.457
1071.32
1071.899
1072.478
1073.057
1073.636
1074.215
1074.794
1075.373
1075.952
1076.53
1076.747
1076.964
1077.181
1077.398
1077.615
1077.832
1078.049
1078.266
1078.483
1078.7
1079.087
1079.474
1079.861
1080.248
1080.635
1081.022
1081.409
1081.796
1082.183
1082.57
1082.957
1083.34
1084.097
1084.854
1085.611
1086.368
1087.125
1087.88
1088.216
1088.552
1088.888
1089.224
1089.56
1089.896
1090.23
1090.543
1090.856
1091.169
1091.482
1091.795
1092.108
1092.42
1093.21
1094.0
1094.79
1095.58
1096.37
1097.16
1097.95
1098.74
1099.061
1099.382
1099.703
1100.024
1100.345
1100.666
1100.987
1101.31
1103.402
1105.494
1107.586
1109.678
1111.77
1112.088
1112.405
1112.722
1113.039
1113.356
1113.673
1113.99
1114.31
1114.677
1115.044
1115.411
1115.778
1116.145
1116.51
1116.781
1117.052
1117.323
1117.594
1117.865
1118.136
1118.41
1119.028
1119.646
1120.264
1120.881
1121.499
1122.117
1122.735
1123.35
1123.604
1123.858
1124.112
1124.366
1124.62
1124.874
1125.128
1125.38
1125.765
1126.15
1126.535
1126.92
1127.305
1127.69
1129.554
1131.418
1133.282
1135.146
1137.01
1138.874
1140.738
1142.606
1150.672
1150.964
1151.256
1151.548
1151.84
1152.13
1152.489
1152.848
1153.207
1153.566
1153.925
1154.284
1154.643
1155.002
1155.361
1155.72
1156.047
1156.374
1156.701
1157.028
1157.355
1157.682
1158.009
1158.336
1158.66
1159.072
1159.484
1159.896
1160.308
1160.72
1160.997
1161.274
1161.551
1161.828
1162.105
1162.382
1162.659
1162.94
1163.19
1163.44
1163.69
1163.94
1164.19
1164.44
1164.69
1165.092
1165.494
1165.896
1166.298
1166.7
1167.054
1167.408
1167.762
1168.116
1168.47
1168.824
1169.18
1169.559
1169.938
1170.317
1170.696
1171.075
1171.454
1171.833
1172.212
1172.591
1172.97
1173.204
1173.438
1173.672
1173.906
1174.14
1174.374
1174.608
1174.842
1175.076
1175.31
1175.544
1175.78
1176.015
1176.25
1176.485
1176.72
1176.955
1177.19
1177.425
1177.66
1177.895
1178.13
1178.36
1178.79
1179.22
1179.65
1180.08
1180.51
1180.94
1181.37
1181.8
1182.728
1183.656
1184.584
1185.512
1186.44
1186.607
1186.774
1186.941
1187.108
1187.275
1187.442
1187.609
1187.776
1187.94
1188.198
1188.456
1188.714
1188.972
1189.23
1189.488
1189.746
1190.004
1190.26
1190.813
1191.366
1191.919
1192.472
1193.025
1193.58
1193.994
1194.408
1194.822
1195.236
1195.65
1196.064
1196.478
1196.892
1197.31
1197.648
1197.986
1198.324
1198.662
1199.0
1199.338
1199.676
1200.014
1200.352
1200.69
1201.028
1201.37
1201.625
1201.88
1202.135
1202.39
1202.645
1202.9
1203.155
1203.41
1203.665
1203.92
1204.18
1204.397
1204.614
1204.831
1205.048
1205.265
1205.482
1205.699
1205.916
1206.133
1206.35
1207.07
1207.417
1207.764
1208.111
1208.478
1208.845
1209.212
1209.58
1210.474
1211.368
1212.262
1213.156
1214.05
1214.944
1215.836
1216.032
1216.228
1216.424
1216.62
1216.816
1217.012
1217.21
1217.88
1218.55
1219.22
1219.89
1220.56
1221.23
1221.9
1222.57
1222.793
1223.016
1223.239
1223.462
1223.685
1223.908
1224.131
1224.354
1224.577
1224.8
1225.113
1225.426
1225.739
1226.052
1226.365
1226.678
1226.991
1227.304
1227.619
1227.831
1228.043
1228.255
1228.467
1228.679
1228.891
1229.103
1229.315
1229.527
1229.739
1229.951
1230.16
1231.6
1231.989
1232.378
1232.767
1233.156
1233.545
1233.934
1234.323
1234.712
1235.1
1235.389
1235.678
1235.967
1236.256
1236.545
1236.834
1237.123
1237.412
1237.705
1238.089
1238.473
1238.857
1239.241
1239.625
1240.009
1240.393
1240.777
1241.161
1241.545
1241.93
1242.267
1242.604
1242.941
1243.278
1243.615
1243.952
1244.289
1244.626
1244.96
1245.767
1246.574
1247.381
1248.188
1248.995
1249.802
1250.61
1251.034
1251.458
1251.882
1252.306
1252.73
1253.154
1253.578
1254.002
1254.43
1254.648
1254.866
1255.084
1255.302
1255.52
1255.738
1255.956
1256.174
1256.39
1256.739
1257.088
1257.437
1257.786
1258.135
1258.484
1258.83
1259.246
1259.662
1260.078
1260.494
1260.91
1261.326
1261.742
1262.158
1262.57
1262.916
1263.262
1263.608
1263.954
1264.3
1264.646
1264.992
1265.338
1265.68
1266.241
1266.802
1267.363
1267.924
1268.485
1269.046
1269.607
1270.168
1270.729
1270.922
1271.115
1271.308
1271.501
1271.694
1271.887
1272.08
1272.27
1273.188
1274.106
1275.024
1275.942
1276.86
1277.78
1278.129
1278.478
1278.827
1279.176
1279.525
1279.874
1280.225
1280.421
1280.617
1280.813
1281.009
1281.205
1281.401
1281.6
1281.944
1282.288
1282.632
1282.976
1283.32
1283.664
1284.008
1284.35
1284.8
1285.25
1285.7
1286.243
1286.786
1287.329
1287.872
1288.415
1288.958
1289.501
1290.044
1290.587
1291.13
1291.673
1292.216
1293.09
1293.964
1294.184
1294.404
1294.624
1294.844
1295.064
1295.284
1295.504
1295.724
1295.944
1296.164
1296.38
1296.76
1297.14
1297.52
1297.9
1298.28
1298.66
1299.04
1299.42
1299.8
1300.18
1300.56
1301.142
1301.724
1302.306
1302.888
1303.47
1304.05
1304.378
1304.706
1305.034
1305.362
1305.69
1306.018
1306.346
1306.674
1307.002
1307.33
1307.66
1308.005
1308.35
1308.695
1309.04
1309.385
1309.73
1310.075
1310.42
1310.765
1311.11
1311.61
1312.37
1313.13
1313.89
1314.65
1315.41
1316.17
1316.93
1317.69
1318.45
1319.21
1320.43
1321.65
1322.87
1324.09
1325.31
1326.53
1327.75
1328.97
1330.19
1331.41
1331.686
1331.962
1332.238
1332.514
1332.79
1333.066
1333.342
1333.618
1333.89
1334.145
1334.4
1334.655
1334.91
1335.165
1335.42
1335.675
1335.93
1336.185
1336.44
1336.915
1337.39
1337.865
1338.34
1339.105
1339.309
1339.513
1339.717
1339.921
1340.125
1340.329
1340.533
1340.74
1340.995
1341.25
1341.505
1341.76
1342.015
1342.271
1342.5
1342.729
1342.958
1343.187
1343.416
1343.645
1344.067
1344.489
1344.911
1345.333
1345.755
1346.177
1346.599
1347.021
1347.443
1347.865
1348.287
1348.709
1349.13
1349.347
1349.564
1349.781
1349.998
1350.215
1350.432
1350.649
1350.866
1351.083
1351.3
1351.52
1351.882
1352.245
1352.607
1352.969
1353.332
1353.695
1354.057
1354.419
1354.782
1355.144
1355.506
1355.87
1356.262
1356.654
1357.046
1357.438
1357.83
1358.222
1358.614
1359.006
1359.398
1359.79
1360.182
1360.574
1360.97
1361.268
1361.566
1361.864
1362.162
1362.46
1362.934
1363.408
1363.882
1364.356
1364.83
1365.304
1365.778
1366.252
1366.73
1366.944
1367.158
1367.372
1367.586
1367.8
1368.014
1368.23
1368.609
1368.988
1369.367
1369.746
1370.125
1370.504
1370.883
1371.262
1371.641
1372.02
1372.399
1372.778
1373.157
1373.53
1374.21
1374.89
1375.57
1376.25
1376.93
1377.529
1378.128
1378.727
1379.326
1379.925
1380.524
1381.123
1381.722
1382.321
1382.92
1383.519
1384.118
1384.72
1384.989
1385.258
1385.527
1385.796
1386.065
1386.334
1386.603
1386.87
1387.119
1387.368
1387.617
1387.866
1388.115
1388.364
1388.613
1388.862
1389.11
1389.296
1389.482
1389.668
1389.854
1390.04
1390.226
1390.412
1390.598
1390.786
1391.061
1391.336
1391.611
1391.886
1392.16
1392.482
1392.804
1393.126
1393.448
1393.77
1394.567
1395.364
1396.161
1396.958
1397.755
1398.552
1399.349
1400.146
1400.94
1403.367
1405.794
1408.22
1408.87
1409.52
1410.17
1410.82
1411.47
1412.12
1412.77
1413.42
1413.92
1414.328
1414.736
1415.144
1415.552
1415.96
1416.368
1416.776
1417.184
1417.59
1417.865
1418.14
1418.415
1418.69
1418.965
1419.24
1419.515
1419.79
1420.065
1420.34
1420.61
1420.98
1421.35
1421.624
1421.898
1422.172
1422.446
1422.72
1422.994
1423.27
1423.635
1424.0
1424.365
1424.73
1424.965
1425.2
1425.435
1425.67
1425.905
1426.14
1426.375
1426.61
1426.845
1427.08
1427.322
1427.564
1427.806
1428.048
1428.29
1428.532
1428.774
1429.016
1429.258
1429.5
1429.742
1429.984
1430.226
1430.47
1430.843
1431.216
1431.589
1431.962
1432.335
1432.708
1433.08
1433.339
1433.598
1433.857
1434.116
1434.375
1434.634
1434.893
1435.15
1435.526
1435.902
1436.278
1436.654
1437.03
1437.406
1437.78
1438.915
1440.05
1441.185
1442.32
1443.455
1444.59
1445.725
1446.859
1447.086
1447.313
1447.54
1447.767
1447.994
1448.221
1448.448
1448.675
1448.9
1449.429
1449.958
1450.487
1451.016
1451.545
1452.074
1452.603
1453.132
1453.661
1454.19
1454.719
1455.25
1456.007
1456.764
1457.52
1458.132
1458.745
1459.357
1459.969
1460.582
1461.195
1461.807
1462.419
1463.032
1463.644
1464.256
1464.87
1465.182
1465.494
1465.806
1466.118
1466.43
1466.742
1467.054
1467.366
1467.678
1467.99
1468.302
1468.614
1468.93
1470.275
1471.62
1472.965
1474.31
1475.655
1477.0
1478.345
1479.69
1481.035
1482.38
1483.725
1485.07
1486.41
1486.67
1486.93
1487.19
1487.45
1487.71
1487.97
1488.23
1488.49
1490.398
1492.306
1494.214
1496.122
1498.03
1499.938
1501.849
1502.214
1502.579
1502.944
1503.309
1503.674
1504.039
1504.404
1504.769
1505.134
1505.5
1505.901
1506.302
1506.703
1507.104
1507.505
1507.906
1508.31
1508.691
1509.072
1509.453
1509.834
1510.215
1510.596
1510.977
1511.358
1511.739
1512.12
1512.377
1512.634
1512.891
1513.148
1513.405
1513.662
1513.919
1514.176
1514.433
1514.69
1514.95
1515.497
1516.044
1516.591
1517.138
1517.685
1518.232
1518.779
1519.326
1519.873
1520.42
1520.967
1521.51
1522.105
1522.7
1523.295
1523.89
1524.485
1525.08
1525.675
1526.27
1526.557
1526.844
1527.131
1527.418
1527.705
1527.992
1528.279
1528.566
1528.853
1529.14
1529.43
1529.675
1529.92
1530.165
1530.41
1530.655
1530.9
1531.145
1531.39
1531.635
1531.88
1532.13
1532.436
1532.742
1533.048
1533.354
1533.66
1533.966
1534.272
1534.578
1534.88
1535.313
1535.746
1536.179
1536.612
1537.045
1537.478
1537.91
1538.182
1538.454
1538.726
1538.998
1539.27
1539.542
1539.814
1540.086
1540.358
1540.63
1540.904
1541.171
1541.438
1541.705
1541.972
1542.239
1542.506
1542.773
1543.04
1543.307
1543.57
1543.902
1544.235
1544.567
1544.9
1545.227
1545.554
1545.881
1546.208
1546.535
1546.862
1547.189
1547.516
1547.843
1548.17
1548.503
1548.836
1549.169
1549.502
1549.835
1550.17
1550.62
1551.07
1551.52
1551.77
1552.02
1552.318
1552.616
1552.914
1553.212
1553.51
1553.808
1554.106
1554.404
1554.702
1555.0
1555.205
1555.41
1555.615
1555.82
1556.025
1556.23
1556.435
1556.64
1556.845
1557.05
1557.25
1557.482
1557.714
1557.946
1558.178
1558.41
1558.642
1558.874
1559.106
1559.338
1559.57
1559.799
1559.97
1560.141
1560.312
1560.483
1560.654
1560.825
1560.996
1561.167
1561.34
1561.548
1561.756
1561.964
1562.172
1562.38
1562.588
1562.796
1563.004
1563.212
1563.42
1563.628
1563.836
1564.044
1564.25
1564.591
1564.932
1565.273
1565.614
1565.955
1566.296
1566.64
1567.025
1567.41
1567.795
1568.18
1568.565
1568.95
1569.335
1569.72
1570.105
1570.49
1570.88
1571.128
1571.376
1571.624
1571.872
1572.12
1572.368
1572.616
1572.864
1573.112
1573.36
1573.608
1573.853
1574.101
1574.349
1574.597
1574.845
1575.093
1575.341
1575.589
1575.837
1576.085
1576.33
1576.562
1576.794
1577.027
1577.26
1577.493
1577.726
1577.959
1578.192
1578.425
1578.658
1578.89
1579.12
1579.472
1579.824
1580.176
1580.528
1580.88
1581.232
1581.584
1581.936
1582.288
1582.64
1582.99
1583.206
1583.422
1583.638
1583.854
1584.07
1584.286
1584.502
1584.718
1584.934
1585.15
1585.366
1585.582
1585.772
1585.962
1586.152
1586.342
1586.532
1586.722
1586.912
1587.102
1587.29
1587.489
1587.688
1587.887
1588.086
1588.285
1588.484
1588.683
1588.882
1589.081
1589.377
1589.673
1589.969
1590.265
1590.561
1590.857
1591.153
1591.45
1591.816
1592.182
1592.548
1592.914
1593.28
1593.648
1594.016
1594.384
1594.752
1595.12
1595.488
1595.856
1596.227
1596.472
1596.717
1596.962
1597.207
1597.452
1597.697
1597.942
1598.185
1598.884
1599.583
1600.282
1600.981
1601.68
1601.967
1602.254
1602.541
1602.828
1603.115
1603.402
1603.689
1603.976
1604.26
1604.551
1604.842
1605.133
1605.424
1605.715
1606.006
1606.297
1606.588
1606.879
1607.17
1607.561
1607.952
1608.343
1608.734
1609.125
1609.516
1609.907
1610.298
1610.689
1611.08
1611.471
1611.862
1612.253
1612.65
1612.88
1613.11
1613.34
1613.57
1613.8
1614.03
1614.26
1614.49
1614.72
1614.95
1615.183
1615.416
1615.649
1615.882
1616.115
1616.348
1616.581
1616.814
1617.05
1617.222
1617.394
1617.566
1617.738
1617.91
1618.082
1618.254
1618.425
1618.733
1619.041
1619.349
1619.657
1619.965
1620.273
1620.581
1620.89
1621.232
1621.574
1621.916
1622.258
1622.6
1622.972
1623.344
1623.716
1624.088
1624.46
1624.832
1625.205
1625.58
1625.873
1626.166
1626.459
1626.752
1627.045
1627.338
1627.631
1627.924
1628.217
1628.51
1628.848
1629.186
1629.524
1629.862
1630.2
1630.538
1630.876
1631.214
1631.552
1631.887
1632.116
1632.345
1632.574
1632.803
1633.032
1633.261
1633.49
1633.72
1633.993
1634.266
1634.539
1634.812
1635.085
1635.358
1635.63
1636.033
1636.436
1636.839
1637.242
1637.645
1638.048
1638.451
1638.854
1639.257
1639.664
1639.877
1640.09
1640.303
1640.516
1640.729
1640.942
1641.155
1641.368
1641.58
1641.902
1642.225
1642.547
1642.87
1643.14
1643.41
1643.68
1643.95
1644.22
1644.49
1644.76
1645.03
1645.431
1645.832
1646.233
1646.634
1647.035
1647.436
1647.837
1648.24
1648.619
1648.998
1649.377
1649.756
1650.135
1650.514
1650.893
1651.272
1651.65
1651.904
1652.158
1652.412
1652.666
1652.92
1653.174
1653.428
1653.682
1653.94
1654.156
1654.372
1654.588
1654.804
1655.02
1655.236
1655.444
1655.652
1655.86
1656.068
1656.276
1656.484
1656.692
1656.9
1657.11
1657.62
1658.13
1658.64
1659.15
1659.66
1660.17
1660.68
1661.19
1661.619
1662.048
1662.477
1662.906
1663.335
1663.764
1664.193
1664.62
1665.105
1665.59
1666.075
1666.56
1666.955
1667.35
1667.745
1668.14
1668.535
1668.93
1669.325
1669.72
1670.115
1670.51
1670.9
1671.309
1671.718
1672.127
1672.536
1672.945
1673.354
1673.76
1674.106
1674.452
1674.798
1675.144
1675.49
1675.836
1676.182
1676.53
1677.112
1677.694
1678.276
1678.858
1679.44
1680.02
1682.563
1685.106
1687.649
1690.192
1692.735
1695.28
1695.795
1696.31
1696.825
1697.34
1697.855
1698.37
1698.885
1699.4
1699.915
1700.43
1700.95
1701.387
1701.824
1702.261
1702.698
1703.135
1703.57
1703.932
1704.294
1704.656
1705.018
1705.38
1705.74
1705.96
1706.18
1706.4
1706.62
1706.84
1707.06
1708.176
1709.292
1710.408
1711.524
1712.64
1713.025
1713.41
1713.795
1714.18
1714.565
1714.95
1715.84
1716.73
1717.62
1718.51
1719.4
1720.29
1721.18
1721.51
1721.84
1722.17
1722.5
1722.83
1723.16
1723.46
1723.76
1724.06
1724.36
1724.66
1724.96
1725.458
1725.956
1726.454
1726.952
1727.45
1727.95
1728.287
1728.624
1728.961
1729.298
1729.635
1729.972
1730.31
1730.546
1730.782
1731.018
1731.254
1731.49
1731.726
1731.962
1732.198
1732.434
1732.67
1732.906
1733.142
1733.378
1733.61
1734.059
1734.508
1734.957
1735.406
1735.855
1736.304
1736.753
1737.202
1737.651
1738.1
1738.549
1739.0
1739.27
1739.54
1739.81
1740.08
1740.35
1740.62
1740.933
1741.246
1741.559
1741.872
1742.185
1742.498
1742.81
1743.115
1743.42
1743.725
1744.03
1744.335
1744.64
1744.945
1745.25
1746.005
1746.76
1747.515
1748.27
1749.025
1749.78
1750.535
1751.29
1752.045
1752.8
1753.555
1754.31
1755.065
1755.82
1756.656
1757.492
1758.328
1759.164
1760.0
1760.836
1761.672
1762.508
1763.344
1764.18
1764.459
1764.738
1765.017
1765.296
1765.575
1765.854
1766.133
1766.412
1766.69
1767.01
1767.33
1767.65
1767.97
1768.29
1768.61
1768.93
1769.25
1769.57
1769.89
1770.21
1770.762
1771.314
1771.866
1772.418
1772.97
1773.551
1774.132
1774.713
1775.294
1775.875
1776.456
1777.037
1777.618
1778.2
1778.609
1779.018
1779.427
1779.836
1780.245
1780.654
1781.063
1781.47
1781.979
1782.488
1782.997
1783.506
1784.015
1784.524
1785.033
1785.542
1786.05
1786.236
1786.422
1786.608
1786.794
1786.98
1787.166
1787.352
1787.54
1787.872
1788.205
1788.537
1788.87
1789.202
1789.534
1789.867
1790.2
1790.818
1791.436
1792.053
1792.671
1793.289
1793.907
1794.524
1795.14
1795.396
1795.652
1795.908
1796.164
1796.42
1796.676
1796.932
1797.188
1797.44
1797.827
1798.214
1798.601
1798.988
1799.375
1799.762
1800.149
1800.536
1800.923
1801.31
1801.7
1801.983
1802.265
1802.548
1802.831
1803.113
1803.396
1803.678
1803.96
1804.271
1804.582
1804.893
1805.204
1805.515
1805.826
1806.137
1806.45
1806.812
1807.174
1807.536
1807.898
1808.26
1808.622
1808.984
1809.346
1809.71
1809.906
1810.102
1810.298
1810.494
1810.69
1810.886
1811.082
1811.278
1811.474
1811.67
1811.866
1812.062
1812.26
1812.588
1812.916
1813.244
1813.572
1813.9
1814.115
1814.33
1814.545
1814.76
1814.975
1815.19
1815.405
1815.62
1815.938
1816.256
1816.574
1816.892
1817.21
1817.46
1817.71
1817.96
1818.21
1818.46
1818.71
1818.96
1819.21
1819.388
1819.566
1819.744
1819.922
1820.1
1820.278
1820.456
1820.634
1820.812
1820.99
1821.223
1821.456
1821.689
1821.922
1822.155
1822.388
1822.62
1822.866
1823.112
1823.358
1823.604
1823.85
1824.95
1826.05
1826.55
1827.049
1827.573
1828.098
1829.198
1830.298
1831.398
1832.498
1833.598
1834.7
1835.137
1835.574
1836.011
1836.448
1836.885
1837.322
1837.76
1838.055
1838.35
1838.645
1838.94
1839.235
1839.53
1840.022
1840.514
1841.006
1841.498
1841.99
1842.915
1843.84
1844.765
1845.69
1846.615
1847.54
1848.465
1849.39
1850.074
1850.758
1851.442
1852.126
1852.81
1853.494
1854.178
1854.86
1855.142
1855.424
1855.706
1855.988
1856.27
1856.552
1856.834
1857.116
1857.398
1857.68
1858.475
1859.27
1860.065
1860.86
1861.195
1861.53
1861.865
1862.2
1862.535
1862.87
1863.205
1863.54
1863.875
1864.21
1864.55
1864.875
1865.2
1865.525
1865.85
1866.175
1866.5
1866.825
1867.15
1867.475
1867.8
1868.12
1868.708
1869.296
1869.884
1870.472
1871.06
1871.335
1871.61
1871.885
1872.16
1872.435
1872.71
1872.985
1873.26
1873.535
1873.81
1874.085
1874.36
1874.635
1874.91
1875.371
1875.832
1876.293
1876.754
1877.215
1877.676
1878.14
1879.052
1879.964
1880.876
1881.788
1882.7
1883.612
1884.524
1885.436
1886.348
1887.26
1887.639
1888.018
1888.397
1888.776
1889.155
1889.534
1889.913
1890.292
1890.67
1891.446
1892.222
1892.998
1893.774
1894.55
1895.326
1896.102
1896.878
1897.65
1898.391
1899.132
1899.873
1900.614
1901.355
1902.096
1902.84
1903.483
1904.126
1904.769
1905.412
1906.055
1906.698
1907.341
1907.984
1908.627
1909.27
1909.91
1910.268
1910.626
1910.984
1911.342
1911.7
1912.058
1912.416
1912.774
1913.132
1913.49
1916.164
1918.838
1921.512
1924.186
1926.86
1929.534
1932.205
1932.707
1933.21
1933.71
1934.21
1934.71
1934.894
1935.078
1935.262
1935.446
1935.63
1935.814
1935.998
1936.182
1936.366
1936.55
1936.734
1936.912
1937.108
1937.304
1937.5
1937.696
1937.892
1938.088
1938.284
1938.48
1938.676
1938.87
1939.051
1939.232
1939.413
1939.594
1939.775
1939.956
1940.137
1940.318
1940.499
1940.68
1940.925
1941.17
1941.415
1941.66
1941.905
1942.149
1942.405
1942.661
1942.917
1943.173
1943.429
1943.685
1943.94
1944.118
1944.296
1944.474
1944.652
1944.83
1945.008
1945.186
1945.364
1945.542
1945.72
1945.898
1946.076
1946.256
1947.344
1948.432
1949.52
1950.29
1951.142
1951.994
1952.846
1953.698
1954.55
1955.402
1956.254
1957.106
1957.958
1958.81
1959.199
1959.588
1959.977
1960.366
1960.755
1961.144
1961.533
1961.922
1962.31
1963.027
1963.744
1964.461
1965.178
1965.895
1966.612
1967.329
1968.046
1968.76
1969.514
1970.268
1971.022
1971.776
1972.53
1973.284
1974.04
1974.285
1974.53
1974.775
1975.02
1975.265
1975.51
1975.755
1976.0
1976.301
1976.602
1976.903
1977.204
1977.505
1977.806
1978.107
1978.408
1978.709
1979.01
1979.31
1979.566
1979.822
1980.078
1980.334
1980.59
1980.846
1981.102
1981.358
1981.614
1981.87
1982.397
1982.924
1983.45
1983.954
1984.458
1984.962
1985.466
1985.97
1986.474
1986.976
1987.163
1987.35
1987.537
1987.724
1987.911
1988.1
1988.334
1988.568
1988.802
1989.036
1989.27
1989.504
1989.738
1989.972
1990.21
1990.446
1990.682
1990.918
1991.154
1991.39
1991.626
1992.269
1992.912
1993.555
1994.198
1994.841
1995.484
1996.127
1996.77
1997.095
1997.42
1997.745
1998.07
1998.395
1998.72
1999.045
1999.37
1999.695
2000.02
2000.345
2000.67
2000.926
2001.182
2001.438
2001.694
2001.95
2002.206
2002.464
2003.028
2003.592
2004.156
2004.72
2005.284
2005.848
2006.412
2006.977
2007.237
2007.497
2007.757
2008.017
2008.277
2008.537
2008.797
2009.06
2009.922
2010.784
2011.646
2012.508
2013.37
2014.232
2015.094
2015.956
2016.822
2018.2
2018.55
2018.9
2019.25
2019.6
2019.95
2020.53
2021.11
2021.69
2022.27
2022.85
2023.43
2028.807
2034.184
2035.093
2036.002
2036.911
2037.82
2038.729
2039.35
2039.971
2040.592
2041.213
2041.834
2042.455
2043.076
2043.697
2044.318
2044.94
2045.45
2045.96
2046.47
2046.98
2047.49
2048.0
2048.51
2049.02
2049.358
2049.696
2050.034
2050.372
2050.71
2051.048
2051.386
2051.724
2052.062
2052.4
2052.763
2053.126
2053.489
2053.852
2054.215
2054.578
2054.941
2055.3
2055.72
2056.14
2056.56
2056.98
2057.4
2057.722
2058.044
2058.367
2058.69
2058.934
2059.178
2059.422
2059.666
2059.91
2060.154
2060.398
2060.642
2060.886
2061.13
2061.37
2061.838
2062.306
2062.774
2063.242
2063.71
2064.178
2064.646
2065.11
2065.438
2065.766
2066.094
2066.422
2066.75
2067.078
2067.409
2067.863
2068.317
2068.771
2069.225
2069.679
2070.133
2070.59
2070.826
2071.062
2071.298
2071.534
2071.77
2072.007
2072.215
2072.423
2072.631
2072.839
2073.047
2073.255
2073.464
2073.654
2073.844
2074.034
2074.224
2074.414
2074.604
2074.794
2074.984
2075.174
2075.364
2075.55
2075.935
2076.32
2076.705
2077.09
2077.475
2077.86
2078.245
2078.63
2079.015
2079.4
2079.79
2080.003
2080.216
2080.428
2080.64
2080.852
2081.064
2081.276
2081.488
2081.7
2081.912
2082.124
2082.34
2082.571
2082.802
2083.033
2083.264
2083.495
2083.726
2083.957
2084.188
2084.419
2084.65
2084.881
2085.112
2085.343
2085.57
2085.834
2086.098
2086.362
2086.626
2086.89
2087.154
2087.418
2087.682
2087.946
2088.21
2088.469
2089.042
2089.615
2090.188
2090.76
2091.356
2091.952
2092.548
2093.144
2093.739
2094.204
2094.669
2095.134
2095.599
2096.064
2096.53
2096.769
2097.008
2097.247
2097.486
2097.725
2097.964
2098.203
2098.442
2098.681
2098.92
2099.158
2099.396
2099.634
2099.872
2100.11
2100.348
2100.586
2100.824
2101.06
2101.281
2101.502
2101.723
2101.944
2102.165
2102.386
2102.607
2102.828
2103.049
2103.268
2103.75
2104.232
2104.714
2105.196
2105.678
2106.16
2106.347
2106.535
2106.722
2106.91
2107.097
2107.285
2107.472
2107.66
2107.847
2108.035
2108.222
2108.41
2108.773
2109.136
2109.499
2109.861
2110.224
2110.587
2110.95
2111.31
2111.585
2111.86
2112.135
2112.41
2112.685
2112.96
2113.235
2113.51
2113.785
2114.06
2114.597
2115.134
2115.671
2116.208
2116.745
2117.282
2117.819
2118.356
2118.893
2119.43
2119.677
2119.924
2120.171
2120.418
2120.665
2120.912
2121.159
2121.406
2121.653
2121.9
2122.147
2122.394
2122.64
2123.02
2123.4
2123.78
2124.16
2124.54
2124.92
2125.3
2125.68
2126.06
2126.44
2127.212
2127.984
2128.756
2129.528
2130.3
2131.07
2132.044
2133.018
2133.992
2134.966
2135.94
2136.914
2137.89
2138.861
2139.832
2140.803
2141.774
2142.745
2143.716
2144.687
2145.658
2146.632
2146.929
2147.226
2147.523
2147.82
2148.117
2148.414
2148.711
2149.008
2149.305
2149.6
2150.085
2150.57
2151.055
2151.54
2152.025
2152.51
2152.995
2153.48
2153.965
2154.45
2155.106
2155.762
2156.418
2157.074
2157.73
2158.386
2159.042
2159.697
2159.923
2160.149
2160.375
2160.601
2160.827
2161.053
2161.28
2161.506
2161.732
2161.958
2162.184
2162.41
2162.636
2162.863
2163.069
2163.275
2163.481
2163.687
2163.893
2164.099
2164.305
2164.51
2164.773
2165.036
2165.299
2165.562
2165.825
2166.09
2166.383
2166.676
2166.969
2167.262
2167.555
2167.848
2168.14
2168.53
2168.92
2169.31
2169.7
2170.09
2170.48
2170.87
2171.075
2171.28
2171.485
2171.69
2171.895
2172.1
2172.305
2172.51
2172.715
2172.92
2173.12
2173.494
2173.868
2174.242
2174.616
2174.99
2175.364
2175.738
2176.112
2176.486
2176.86
2177.234
2177.608
2177.98
2178.177
2178.374
2178.571
2178.768
2178.965
2179.162
2179.359
2179.556
2179.75
2179.946
2180.142
2180.338
2180.534
2180.73
2180.926
2181.122
2181.318
2181.51
2181.712
2181.914
2182.116
2182.318
2182.52
2182.719
2182.927
2183.135
2183.343
2183.551
2183.759
2183.967
2184.175
2184.383
2184.591
2184.799
2185.009
2185.231
2185.453
2185.675
2185.897
2186.119
2186.341
2186.56
2186.848
2187.136
2187.424
2187.712
2188.0
2188.499
2188.998
2189.497
2189.996
2190.495
2190.994
2191.493
2191.99
2192.37
2192.75
2193.13
2193.51
2193.89
2194.27
2194.65
2195.121
2195.592
2196.063
2196.534
2197.005
2197.476
2197.947
2198.418
2198.889
2199.36
2199.801
2200.242
2200.683
2201.124
2201.565
2202.006
2202.447
2202.888
2203.329
2203.77
2204.211
2204.652
2205.093
2205.54
2205.867
2206.194
2206.521
2206.848
2207.175
2207.502
2207.83
2208.012
2208.194
2208.376
2208.558
2208.74
2208.922
2209.104
2209.286
2209.468
2209.65
2209.83
2210.095
2210.36
2210.625
2210.89
2211.155
2211.42
2211.687
2211.954
2212.221
2212.488
2212.755
2213.022
2213.29
2213.834
2214.378
2214.922
2215.466
2216.01
2216.554
2217.098
2217.642
2218.186
2218.73
2219.053
2219.376
2219.699
2220.022
2220.345
2220.668
2220.991
2221.314
2221.64
2222.558
2223.476
2224.394
2225.312
2226.23
2227.148
2228.066
2228.984
2229.902
2230.82
2231.738
2232.66
2233.076
2233.492
2233.908
2234.324
2234.74
2235.156
2235.572
2235.988
2236.4
2237.795
2239.19
2240.585
2241.98
2243.375
2244.769
2244.973
2245.177
2245.381
2245.585
2245.789
2245.993
2246.197
2246.401
2246.605
2246.81
2246.992
2247.174
2247.356
2247.538
2247.72
2247.902
2248.084
2248.266
2248.448
2248.63
2248.812
2248.995
2249.353
2249.711
2250.069
2250.427
2250.785
2251.143
2251.501
2251.859
2252.22
2252.605
2252.99
2253.375
2253.76
2254.145
2254.53
2255.08
2255.63
2256.18
2256.73
2257.28
2258.22
2259.16
2260.1
2261.04
2261.98
2262.92
2263.86
2264.8
2265.74
2266.68
2267.122
2267.564
2268.006
2268.448
2268.89
2269.332
2269.774
2270.22
2270.637
2271.054
2271.471
2271.888
2272.305
2272.722
2273.139
2273.556
2273.973
2274.39
2274.637
2274.884
2275.131
2275.378
2275.625
2275.872
2276.119
2276.366
2276.61
2276.959
2277.308
2277.657
2278.006
2278.355
2278.704
2279.053
2279.402
2279.751
2280.1
2280.7
2281.3
2281.9
2282.5
2283.1
2283.7
2286.42
2287.037
2287.654
2288.271
2288.888
2289.505
2290.122
2290.739
2291.356
2291.973
2292.59
2293.216
2293.842
2294.468
2295.094
2295.72
2296.346
2296.972
2297.598
2298.224
2298.85
2299.476
2300.102
2300.728
2301.36
2301.631
2301.902
2302.173
2302.444
2302.715
2302.986
2303.257
2303.528
2303.799
2304.07
2304.34
2304.54
2304.74
2304.94
2305.14
2305.34
2305.54
2305.74
2305.94
2306.14
2306.34
2306.751
2307.162
2307.573
2307.984
2308.395
2308.806
2309.217
2309.628
2310.039
2310.45
2310.746
2311.042
2311.338
2311.634
2311.93
2312.226
2312.522
2312.818
2313.114
2313.41
2313.706
2314.002
2314.3
2314.911
2315.522
2316.133
2316.744
2317.355
2317.966
2318.58
2319.067
2319.554
2320.04
2320.559
2321.078
2321.597
2322.116
2322.635
2323.154
2323.673
2324.192
2324.71
2325.039
2325.368
2325.697
2326.026
2326.355
2326.684
2327.01
2327.21
2327.41
2327.61
2327.81
2328.01
2328.21
2328.41
2328.61
2328.81
2329.01
2329.398
2329.785
2330.172
2330.559
2330.947
2331.334
2331.721
2332.11
2332.587
2333.064
2333.541
2334.018
2334.495
2334.972
2335.45
2335.831
2336.212
2336.593
2336.974
2337.355
2337.736
2338.117
2338.498
2338.88
2339.204
2339.528
2339.852
2340.176
2340.5
2341.41
2342.32
2343.23
2344.14
2345.05
2345.96
2346.87
2347.78
2348.69
2349.03
2349.37
2349.71
2350.05
2350.39
2350.73
2351.07
2351.41
2351.75
2352.266
2352.782
2353.298
2353.814
2354.33
2354.846
2355.36
2356.149
2356.938
2357.727
2358.516
2359.305
2360.094
2360.883
2361.672
2362.461
2363.25
2364.04
2364.773
2365.506
2366.239
2366.972
2367.705
2368.438
2369.171
2369.904
2370.637
2371.37
2372.1
2372.373
2372.646
2372.919
2373.192
2373.465
2373.74
2373.962
2374.184
2374.406
2374.628
2374.85
2375.072
2375.294
2375.516
2375.738
2375.96
2376.18
2376.622
2377.064
2377.506
2377.948
2378.39
2378.832
2379.274
2379.716
2380.159
2380.602
2381.044
2381.49
2382.089
2382.688
2383.287
2383.886
2384.485
2385.084
2385.683
2386.282
2386.881
2387.48
2388.079
2388.678
2389.277
2389.88
2390.237
2390.594
2390.951
2391.308
2391.665
2392.022
2392.379
2392.736
2393.09
2393.383
2393.675
2393.968
2394.26
2394.553
2394.845
2395.137
2395.43
2395.722
2396.015
2396.307
2396.6
2397.031
2397.462
2397.893
2398.324
2398.755
2399.186
2399.617
2400.048
2400.48
2401.531
2402.582
2403.633
2404.684
2405.735
2406.786
2407.837
2408.89
2409.244
2409.598
2409.952
2410.306
2410.66
2410.914
2411.168
2411.422
2411.676
2411.93
2412.184
2412.438
2412.692
2412.946
2413.2
2413.401
2413.602
2413.803
2414.004
2414.205
2414.406
2414.607
2414.808
2415.005
2415.331
2415.657
2415.983
2416.309
2416.635
2416.961
2417.287
2417.613
2417.939
2418.265
2418.59
2418.846
2419.102
2419.358
2419.614
2419.87
2420.126
2420.382
2420.638
2420.894
2421.15
2421.41
2421.691
2421.972
2422.253
2422.534
2422.815
2423.096
2423.377
2423.658
2423.939
2424.22
2424.5
2425.015
2425.53
2426.045
2426.56
2427.075
2427.59
2428.105
2428.62
2429.135
2429.65
2430.16
2430.381
2430.602
2430.823
2431.044
2431.265
2431.486
2431.71
2431.988
2432.266
2432.544
2432.822
2433.1
2433.378
2433.656
2433.934
2434.212
2434.49
2434.905
2435.32
2435.735
2436.15
2436.565
2436.98
2437.395
2437.81
2438.225
2438.637
2438.811
2438.985
2439.159
2439.333
2439.507
2439.681
2439.855
2440.029
2440.203
2440.377
2440.551
2440.72
2441.015
2441.31
2441.605
2441.9
2442.195
2442.49
2442.785
2443.08
2443.377
2443.561
2443.745
2443.929
2444.113
2444.297
2444.481
2444.666
2444.851
2445.035
2445.219
2445.403
2445.587
2445.771
2445.96
2447.027
2448.094
2449.16
2449.46
2449.76
2450.06
2450.36
2450.66
2450.96
2451.26
2451.56
2451.86
2452.258
2452.656
2453.054
2453.452
2453.85
2454.25
2455.261
2456.272
2457.283
2458.294
2459.305
2460.316
2461.327
2462.338
2463.35
2463.586
2463.822
2464.058
2464.294
2464.53
2464.766
2465.002
2465.238
2465.474
2465.71
2465.95
2466.333
2466.716
2467.099
2467.482
2467.865
2468.248
2468.631
2469.014
2469.397
2469.78
2470.138
2470.495
2470.852
2471.209
2471.566
2471.923
2472.28
2472.64
2473.202
2473.764
2474.326
2474.888
2475.45
2476.012
2476.577
2476.81
2477.043
2477.276
2477.509
2477.742
2477.975
2478.208
2478.441
2478.674
2478.91
2479.105
2479.3
2479.495
2479.69
2479.885
2480.08
2480.275
2480.47
2480.665
2480.86
2481.055
2481.25
2481.451
2481.77
2482.089
2482.408
2482.727
2483.046
2483.365
2483.684
2484.003
2484.322
2484.641
2484.96
2485.456
2485.952
2486.448
2486.944
2487.44
2487.936
2488.432
2488.93
2489.176
2489.422
2489.668
2489.914
2490.16
2490.406
2490.652
2490.898
2491.144
2491.39
2491.636
2491.882
2492.128
2492.38
2492.724
2493.068
2493.412
2493.756
2494.1
2494.444
2494.788
2495.132
2495.48
2495.98
2496.504
2497.028
2497.552
2498.076
2498.6
2499.312
2500.024
2500.736
2501.448
2502.16
2502.872
2503.584
2504.296
2505.008
2505.72
2507.548
2509.376
2511.204
2513.032
2514.86
2516.69
2517.075
2517.46
2517.845
2518.23
2518.615
2519.0
2519.385
2519.77
2520.155
2520.54
2520.93
2521.23
2521.53
2521.83
2522.13
2522.43
2522.73
2523.03
2523.33
2523.63
2523.93
2524.235
2532.34
2532.879
2533.418
2533.957
2534.496
2535.035
2535.574
2536.113
2536.652
2537.191
2537.73
2538.27
2538.645
2539.02
2539.395
2539.77
2540.145
2540.52
2540.895
2541.131
2541.367
2541.603
2541.839
2542.075
2542.311
2542.547
2542.783
2543.02
2543.161
2543.302
2543.443
2543.584
2543.725
2543.866
2544.007
2544.15
2544.359
2544.568
2544.777
2544.986
2545.195
2545.404
2545.613
2545.822
2546.03
2546.241
2546.452
2546.663
2546.874
2547.085
2547.296
2547.507
2547.72
2547.934
2548.148
2548.362
2548.576
2548.79
2549.004
2549.22
2549.536
2549.852
2550.168
2550.484
2550.8
2551.116
2551.432
2551.747
2551.973
2552.199
2552.425
2552.651
2552.877
2553.103
2553.33
2553.549
2553.768
2553.987
2554.206
2554.425
2554.644
2554.863
2555.082
2555.301
2555.52
2555.739
2555.96
2557.285
2558.61
2559.935
2561.26
2561.725
2562.19
2562.655
2563.12
2563.585
2564.05
2564.774
2565.498
2566.222
2566.946
2567.67
2568.394
2569.118
2569.842
2570.57
2571.022
2571.474
2571.926
2572.378
2572.83
2573.282
2573.734
2574.186
2574.638
2575.09
2576.085
2577.08
2577.482
2577.884
2578.286
2578.688
2579.09
2579.492
2579.894
2580.296
2580.698
2581.1
2581.5
2581.91
2582.32
2582.73
2583.14
2583.55
2583.822
2584.094
2584.366
2584.638
2584.91
2585.182
2585.454
2585.726
2585.998
2586.27
2586.896
2587.522
2588.148
2588.774
2589.4
2590.026
2590.652
2591.278
2591.904
2592.53
2593.156
2593.78
2594.61
2595.44
2596.27
2597.1
2597.93
2598.76
2599.59
2600.419
2600.627
2600.835
2601.043
2601.251
2601.46
2601.983
2602.506
2603.028
2603.55
2603.814
2604.078
2604.342
2604.606
2604.87
2605.134
2605.4
2605.716
2606.032
2606.348
2606.664
2606.98
2607.296
2607.612
2607.929
2608.102
2608.275
2608.448
2608.621
2608.794
2608.97
2609.218
2609.466
2609.714
2609.962
2610.21
2610.458
2610.706
2610.954
2611.2
2611.534
2611.868
2612.202
2612.536
2612.87
2613.204
2613.538
2613.87
2614.122
2614.374
2614.626
2614.878
2615.13
2615.382
2615.634
2615.886
2616.138
2616.39
2616.642
2616.892
2617.136
2617.38
2617.624
2617.868
2618.112
2618.356
2618.6
2618.894
2619.188
2619.482
2619.776
2620.07
2620.237
2620.404
2620.571
2620.738
2620.905
2621.072
2621.239
2621.406
2621.573
2621.74
2621.907
2622.07
2622.42
2622.77
2623.12
2623.47
2623.82
2624.17
2624.451
2624.732
2625.013
2625.294
2625.575
2625.856
2626.14
2626.31
2626.48
2626.65
2626.82
2626.99
2627.16
2627.33
2627.665
2628.0
2628.335
2628.67
2629.005
2629.34
2629.675
2630.01
2630.345
2630.68
2631.02
2632.182
2633.344
2634.506
2635.668
2636.83
2637.992
2639.154
2640.316
2641.478
2642.64
2643.802
2644.964
2646.126
2647.288
2648.45
2648.985
2649.52
2650.055
2650.59
2651.125
2651.66
2652.195
2652.73
2652.993
2653.256
2653.519
2653.782
2654.045
2654.308
2654.571
2654.834
2655.097
2655.36
2655.623
2655.886
2656.149
2656.41
2656.911
2657.412
2657.913
2658.414
2658.915
2659.416
2659.917
2660.418
2660.919
2661.42
2661.921
2662.659
2663.397
2664.135
2664.873
2665.611
2666.35
2666.623
2666.896
2667.169
2667.442
2667.715
2667.988
2668.26
2668.928
2669.596
2670.264
2670.932
2671.6
2672.27
2672.482
2672.694
2672.906
2673.118
2673.33
2673.542
2673.754
2673.966
2674.178
2674.39
2674.602
2674.81
2675.183
2675.556
2675.93
2676.257
2676.584
2676.911
2677.238
2677.565
2677.892
2678.219
2678.546
2678.873
2679.2
2679.527
2679.85
2680.906
2681.962
2683.018
2684.074
2685.13
2685.339
2685.548
2685.757
2685.966
2686.175
2686.384
2686.593
2686.802
2687.011
2687.22
2687.429
2687.638
2687.847
2688.05
2688.227
2688.404
2688.581
2688.758
2688.935
2689.112
2689.289
2689.466
2689.643
2689.82
2689.997
2690.174
2690.352
2690.629
2690.906
2691.183
2691.46
2691.655
2691.85
2692.045
2692.24
2692.435
2692.63
2692.825
2693.02
2693.215
2693.41
2693.62
2693.83
2694.04
2694.25
2694.46
2694.67
2694.88
2695.09
2695.3
2695.51
2695.72
2695.93
2696.14
2696.366
2696.592
2696.818
2697.044
2697.27
2697.496
2697.722
2697.95
2698.447
2698.944
2699.441
2699.938
2700.435
2700.932
2701.431
2702.429
2703.427
2704.425
2705.423
2706.421
2707.419
2708.417
2709.415
2710.41
2711.675
2712.94
2714.205
2715.47
2716.735
2718.0
2719.265
2720.53
2721.795
2723.06
2724.325
2725.59
2726.855
2728.12
2728.437
2728.754
2729.071
2729.388
2729.705
2730.022
2730.339
2730.656
2730.973
2731.29
2731.49
2731.69
2731.89
2732.09
2732.29
2732.49
2732.69
2732.89
2733.09
2733.29
2734.006
2734.722
2735.438
2736.154
2736.87
2737.363
2737.856
2738.349
2738.842
2739.335
2739.828
2740.321
2740.814
2741.307
2741.8
2742.29
2742.656
2743.022
2743.388
2743.754
2744.12
2744.486
2744.852
2745.218
2745.584
2745.95
2746.316
2746.68
2746.948
2747.216
2747.484
2747.752
2748.02
2748.288
2748.556
2748.824
2749.09
2749.586
2750.082
2750.578
2751.074
2751.57
2752.066
2752.562
2753.059
2753.674
2754.289
2754.904
2755.519
2756.134
2756.749
2757.364
2757.98
2759.71
2761.44
2761.625
2761.81
2761.995
2762.18
2762.365
2762.55
2762.735
2762.92
2763.105
2763.29
2763.48
2764.017
2764.554
2765.091
2765.628
2766.165
2766.702
2767.239
2767.776
2768.313
2768.85
2769.347
2769.844
2770.34
2770.885
2771.43
2771.975
2772.52
2773.065
2773.61
2774.155
2774.697
2775.471
2776.245
2777.019
2777.793
2778.567
2779.341
2780.115
2780.889
2781.663
2782.437
2783.21
2783.549
2783.888
2784.227
2784.566
2784.905
2785.244
2785.583
2785.922
2786.261
2786.6
2786.836
2787.072
2787.308
2787.544
2787.78
2788.016
2788.252
2788.488
2788.724
2788.96
2789.199
2789.394
2789.589
2789.784
2789.979
2790.174
2790.369
2790.564
2790.759
2790.954
2791.149
2791.344
2791.539
2791.74
2791.982
2792.224
2792.466
2792.708
2792.95
2793.141
2793.332
2793.523
2793.714
2793.905
2794.096
2794.287
2794.478
2794.669
2794.86
2795.05
2795.309
2795.568
2795.827
2796.084
2796.251
2796.418
2796.585
2796.752
2796.919
2797.086
2797.253
2797.42
2797.587
2797.75
2798.924
2800.098
2801.272
2802.446
2803.62
2804.794
2805.97
2807.717
2809.465
2811.213
2812.96
2813.211
2813.462
2813.713
2813.964
2814.215
2814.466
2814.717
2814.968
2815.219
2815.47
2815.767
2816.064
2816.361
2816.659
2816.957
2817.255
2817.553
2817.85
2818.201
2818.552
2818.903
2819.254
2819.605
2819.956
2820.31
2820.7
2821.09
2821.48
2821.87
2822.26
2822.65
2823.04
2823.43
2823.917
2824.404
2824.891
2825.378
2825.867
2828.43
2830.993
2833.556
2836.119
2836.377
2836.635
2836.893
2837.151
2837.41
2838.362
2839.314
2840.266
2841.218
2842.17
2843.12
2844.356
2845.592
2846.828
2848.064
2849.3
2850.536
2851.772
2853.01
2854.13
2855.25
2856.37
2856.648
2856.926
2857.204
2857.482
2857.76
2858.04
2858.332
2858.624
2858.916
2859.209
2859.501
2859.794
2860.086
2860.378
2860.671
2860.963
2861.256
2861.55
2861.876
2862.202
2862.528
2862.854
2863.18
2863.506
2863.832
2864.16
2864.401
2864.642
2864.883
2865.124
2865.365
2865.606
2865.85
2866.106
2866.362
2866.618
2866.874
2867.13
2867.386
2867.64
2867.956
2868.272
2868.588
2868.904
2869.22
2869.536
2869.852
2870.168
2870.484
2870.8
2871.116
2871.432
2871.75
2872.19
2872.63
2873.07
2873.51
2873.95
2874.39
2874.67
2874.95
2875.23
2875.51
2875.79
2876.07
2876.35
2876.63
2876.91
2877.19
2877.47
2877.75
2878.03
2878.31
2878.59
2878.865
2879.14
2879.415
2879.69
2879.965
2880.24
2880.515
2880.79
2881.065
2881.34
2881.615
2881.89
2882.165
2882.44
2882.72
2883.119
2883.518
2883.917
2884.316
2884.715
2885.114
2885.513
2885.91
2886.302
2886.694
2887.086
2887.478
2887.87
2888.262
2888.654
2889.046
2889.44
2889.792
2890.144
2890.496
2890.848
2891.2
2891.552
2891.904
2892.256
2892.608
2892.96
2893.31
2893.514
2893.718
2893.922
2894.126
2894.33
2894.534
2894.738
2894.942
2895.15
2895.51
2895.87
2896.23
2896.59
2896.95
2897.31
2897.67
2898.03
2898.44
2898.85
2899.26
2899.67
2900.08
2900.49
2900.9
2901.31
2901.72
2902.13
2902.602
2903.074
2903.546
2904.018
2904.49
2904.9
2905.31
2905.72
2906.13
2906.54
2906.95
2907.36
2907.77
2908.179
2908.403
2908.627
2908.851
2909.075
2909.299
2909.523
2909.747
2909.97
2910.174
2910.378
2910.582
2910.786
2910.99
2911.194
2911.398
2911.602
2911.806
2912.011
2912.309
2912.607
2912.905
2913.203
2913.501
2913.799
2914.097
2914.395
2914.693
2914.991
2915.29
2915.732
2916.174
2916.616
2917.058
2917.5
2917.942
2918.384
2918.826
2919.268
2919.71
2920.156
2920.498
2920.84
2921.182
2921.524
2921.866
2922.208
2922.55
2922.892
2923.23
2923.531
2923.832
2924.133
2924.434
2924.735
2925.036
2925.337
2925.638
2925.939
2926.24
2926.54
2927.972
2929.404
2930.836
2932.268
2933.7
2934.073
2934.446
2934.819
2935.192
2935.565
2935.938
2936.311
2936.684
2937.057
2937.43
2937.803
2938.176
2938.55
2938.834
2939.118
2939.402
2939.686
2939.97
2940.254
2940.538
2940.822
2941.106
2941.39
2941.767
2942.144
2942.521
2942.9
2943.691
2944.482
2945.273
2946.064
2946.855
2947.646
2948.437
2949.23
2949.513
2949.796
2950.079
2950.362
2950.645
2950.928
2951.211
2951.494
2951.777
2952.06
2952.34
2952.703
2953.066
2953.428
2953.791
2954.154
2954.517
2954.88
2955.243
2955.606
2955.969
2956.332
2956.69
2956.931
2957.172
2957.413
2957.654
2957.895
2958.136
2958.377
2958.62
2959.15
2959.68
2960.21
2960.74
2961.27
2961.8
2962.08
2962.36
2962.64
2962.92
2963.2
2963.48
2963.76
2964.04
2964.32
2964.6
2965.178
2965.756
2966.334
2966.912
2967.49
2968.068
2968.646
2969.224
2969.802
2970.38
2970.815
2971.25
2971.685
2972.12
2972.555
2972.99
2973.425
2973.86
2974.295
2974.73
2974.925
2975.12
2975.315
2975.51
2975.705
2975.9
2976.095
2976.29
2976.485
2976.68
2976.87
2977.197
2977.524
2977.851
2978.178
2978.505
2978.721
2978.937
2979.153
2979.369
2979.585
2979.801
2980.017
2980.233
2980.449
2980.665
2980.88
2981.22
2981.56
2981.9
2982.24
2982.582
2982.964
2983.346
2983.728
2984.11
2984.49
2984.8
2985.11
2985.42
2985.73
2986.04
2986.35
2986.66
2986.97
2987.197
2987.424
2987.651
2987.878
2988.105
2988.332
2988.559
2988.786
2989.013
2989.24
2989.606
2989.972
2990.338
2990.704
2991.07
2991.485
2991.9
2992.315
2992.73
2993.145
2993.56
2993.975
2994.39
2994.805
2995.22
2995.509
2995.798
2996.087
2996.376
2996.665
2996.954
2997.243
2997.53
2997.764
2997.998
2998.232
2998.466
2998.7
2998.934
2999.168
2999.402
2999.64
3000.076
3000.512
3000.948
3001.384
3001.82
3002.256
3002.692
3003.128
3003.56
3003.988
3004.416
3004.844
3005.272
3005.7
3006.128
3006.556
3006.984
3007.41
3007.75
3008.09
3008.43
3008.77
3009.11
3009.45
3009.79
3010.13
3010.47
3010.81
3011.15
3011.49
3011.83
3012.071
3012.312
3012.553
3012.794
3013.035
3013.276
3013.517
3013.758
3013.999
3014.24
3014.542
3014.844
3015.146
3015.448
3015.75
3016.05
3016.475
3016.9
3017.325
3017.75
3018.175
3018.6
3019.025
3019.45
3019.89
3020.33
3020.77
3021.21
3021.65
3022.09
3022.53
3022.97
3023.41
3023.836
3024.262
3024.688
3025.114
3025.54
3025.966
3026.39
3026.772
3027.154
3027.536
3027.918
3028.3
3028.68
3029.282
3029.885
3030.488
3031.09
3031.359
3031.628
3031.897
3032.166
3032.435
3032.704
3032.973
3033.242
3033.511
3033.78
3034.049
3034.318
3034.59
3035.458
3036.326
3037.194
3038.062
3038.93
3039.496
3040.062
3040.628
3041.194
3041.76
3042.114
3042.468
3042.822
3043.176
3043.53
3043.884
3044.238
3044.592
3044.946
3045.3
3045.654
3046.008
3046.36
3046.55
3046.74
3046.93
3047.12
3047.31
3047.5
3047.69
3047.88
3048.094
3048.308
3048.522
3048.736
3048.95
3049.164
3049.378
3049.592
3049.806
3050.02
3050.234
3050.448
3050.662
3050.87
3051.069
3051.268
3051.467
3051.666
3051.865
3052.064
3052.263
3052.46
3052.88
3053.3
3053.72
3054.14
3054.56
3054.98
3055.4
3055.82
3056.24
3056.66
3057.011
3057.362
3057.713
3058.064
3058.415
3058.766
3059.117
3059.468
3059.82
3060.182
3060.544
3060.907
3061.27
3061.632
3061.994
3062.356
3062.72
3063.073
3063.426
3063.779
3064.132
3064.485
3064.838
3065.191
3065.544
3065.899
3066.092
3066.285
3066.478
3066.671
3066.864
3067.057
3067.25
3067.44
3067.774
3068.108
3068.442
3068.776
3069.11
3069.444
3069.778
3070.112
3070.446
3070.78
3071.11
3071.536
3071.962
3072.388
3072.814
3073.24
3073.666
3074.09
3074.486
3074.882
3075.278
3075.674
3076.07
3076.466
3076.862
3077.258
3077.65
3077.885
3078.12
3078.355
3078.59
3078.825
3079.06
3079.415
3079.77
3080.125
3080.48
3080.835
3081.19
3081.545
3081.9
3082.255
3082.61
3082.96
3083.387
3083.815
3084.243
3084.67
3084.899
3085.128
3085.357
3085.586
3085.815
3086.044
3086.273
3086.502
3086.731
3086.96
3087.19
3087.707
3088.224
3088.741
3089.258
3089.775
3090.292
3090.81
3091.653
3092.495
3093.337
3094.18
3094.528
3094.876
3095.224
3095.572
3095.92
3096.27
3096.676
3097.082
3097.488
3097.894
3098.3
3098.706
3099.112
3099.518
3099.92
3100.351
3100.782
3101.213
3101.644
3102.075
3102.506
3102.937
3103.368
3103.8
3104.15
3104.5
3104.85
3105.2
3105.55
3105.83
3106.11
3106.39
3106.67
3106.95
3107.23
3107.51
3107.809
3108.108
3108.407
3108.706
3109.005
3109.304
3109.603
3109.902
3110.201
3110.5
3110.9
3111.3
3111.7
3112.1
3112.5
3112.9
3113.208
3113.516
3113.824
3114.132
3114.44
3114.748
3115.056
3115.364
3115.67
3115.955
3116.24
3116.525
3116.81
3117.095
3117.38
3117.665
3117.95
3118.11
3118.27
3118.43
3118.59
3118.75
3118.91
3119.07
3119.23
3119.39
3119.55
3119.975
3120.4
3120.825
3121.25
3121.675
3122.1
3122.525
3122.95
3123.225
3123.5
3123.775
3124.05
3124.325
3124.6
3124.875
3125.15
3125.425
3125.7
3125.98
3126.321
3126.662
3127.003
3127.344
3127.685
3128.026
3128.367
3128.708
3129.049
3129.39
3129.698
3130.006
3130.314
3130.622
3130.93
3131.238
3131.546
3131.854
3132.16
3132.391
3132.622
3132.853
3133.084
3133.315
3133.546
3133.777
3134.008
3134.239
3134.47
3134.701
3134.932
3135.163
3135.394
3135.62
3135.94
3136.26
3136.58
3136.9
3137.22
3137.54
3137.86
3138.18
3138.5
3138.82
3139.173
3139.526
3139.88
3140.428
3140.976
3141.524
3142.07
3142.828
3143.586
3144.344
3145.102
3145.86
3146.293
3146.726
3147.159
3147.59
3148.025
3148.46
3148.895
3149.33
3149.765
3150.2
3150.635
3151.07
3151.505
3151.94
3152.137
3152.334
3152.531
3152.728
3152.925
3153.12
3153.484
3153.848
3154.212
3154.576
3154.94
3155.304
3155.668
3156.032
3156.4
3156.587
3156.774
3156.961
3157.148
3157.335
3157.522
3157.709
3157.896
3158.083
3158.27
3158.27
3158.27
3158.27
3158.27
3158.27
3158.27
