27.322
27.614
27.906
28.198
28.49
28.78
29.195
29.61
30.025
30.44
30.855
31.27
31.659
32.048
32.437
32.826
33.215
33.604
33.993
34.382
34.771
35.16
35.55
36.198
36.846
37.494
38.142
38.79
39.44
40.102
40.764
41.427
42.09
42.364
42.638
42.912
43.186
43.46
43.734
44.008
44.282
44.556
44.83
45.259
45.688
46.117
46.546
46.975
47.404
47.833
48.26
48.519
48.778
49.037
49.296
49.555
49.814
50.073
50.332
50.591
50.85
51.11
51.461
51.812
52.163
52.514
52.865
53.216
53.567
53.92
54.303
54.686
55.069
55.452
55.835
56.22
56.493
56.766
57.039
57.312
57.585
57.858
58.13
58.674
59.218
59.762
60.306
60.85
61.394
61.94
62.225
62.51
62.795
63.08
63.365
63.65
63.935
64.22
64.505
64.79
65.075
65.36
65.656
65.952
66.248
66.544
66.84
67.136
67.432
67.728
68.02
68.497
68.974
69.451
69.928
70.405
70.88
71.14
71.4
71.66
71.92
72.18
72.44
72.7
72.96
73.22
73.452
73.684
73.916
74.148
74.38
74.612
74.844
75.076
75.31
75.728
76.146
76.564
76.982
77.4
77.911
78.422
78.933
79.444
79.955
80.158
80.361
80.564
80.767
80.97
81.173
81.376
81.58
81.851
82.122
82.393
82.664
82.935
83.206
83.477
83.748
84.019
84.292
84.51
84.728
84.946
85.164
85.382
85.6
85.818
86.036
86.25
86.444
86.638
86.832
87.026
87.22
87.414
87.608
87.802
87.999
88.277
88.555
88.833
89.111
89.389
89.667
89.945
90.223
90.501
90.779
91.056
91.209
91.362
91.515
91.668
91.821
91.974
92.127
92.28
92.43
92.7
92.97
93.24
93.51
93.78
94.05
94.32
94.967
95.614
96.261
96.908
97.555
98.2
98.574
98.948
99.322
99.696
100.07
100.444
100.818
101.192
101.57
101.907
102.245
102.583
102.921
103.259
103.597
103.934
104.27
104.564
104.858
105.152
105.446
105.74
106.034
106.328
106.62
106.843
107.066
107.288
107.51
107.733
107.956
108.178
108.4
108.664
108.928
109.192
109.456
109.72
109.984
110.248
110.512
110.776
111.04
111.304
111.568
111.83
112.194
112.558
112.922
113.286
113.65
114.014
114.378
114.744
114.918
115.092
115.266
115.44
115.614
115.788
115.962
116.136
116.31
116.484
116.66
116.827
116.994
117.161
117.328
117.493
117.995
118.497
119.0
119.444
119.888
120.332
120.776
121.22
121.664
122.11
125.206
128.302
131.398
134.494
137.59
138.063
138.536
139.009
139.482
139.955
140.428
140.901
141.377
141.871
142.365
142.859
143.353
143.847
144.341
144.835
145.329
145.823
146.32
147.426
148.532
149.638
150.744
151.85
152.956
154.062
155.168
156.27
156.553
156.836
157.119
157.402
157.685
157.968
158.25
160.287
162.324
164.361
166.398
168.435
170.47
170.657
170.845
171.032
171.22
171.407
171.595
171.782
171.97
172.157
172.345
172.532
172.72
173.042
173.364
173.686
174.008
174.33
174.652
174.974
175.296
175.618
175.94
176.287
176.634
176.981
177.328
177.675
178.02
178.248
178.476
178.704
178.932
179.16
179.388
179.616
179.844
180.072
180.3
180.528
180.756
180.98
181.252
181.525
181.798
182.071
182.344
182.617
182.889
183.16
183.419
183.678
183.937
184.196
184.455
184.714
184.973
185.232
185.491
185.75
186.243
186.736
187.229
187.722
188.215
188.708
189.2
190.195
191.19
192.185
193.18
194.175
195.17
196.165
197.16
198.155
199.15
200.145
201.14
201.574
202.008
202.442
202.876
203.31
203.744
204.178
204.612
205.046
205.48
205.914
206.35
208.131
209.912
211.693
213.474
215.255
217.036
218.82
219.451
220.082
220.713
221.344
221.975
222.606
223.24
224.01
224.78
225.55
226.32
227.09
227.86
228.63
229.4
229.658
229.916
230.174
230.432
230.69
230.95
231.652
232.354
233.056
233.758
234.46
234.792
235.124
235.456
235.788
236.12
236.452
236.784
237.115
237.362
237.609
237.856
238.103
238.35
238.597
238.844
239.091
239.34
239.643
239.946
240.249
240.552
240.855
241.158
241.461
241.764
242.067
242.37
242.691
243.012
243.333
243.654
243.975
244.296
244.62
244.87
245.12
245.37
245.62
245.87
246.12
246.37
246.637
246.904
247.171
247.438
247.705
247.97
248.207
248.444
248.681
248.918
249.155
249.392
249.63
249.896
250.162
250.428
250.694
250.96
251.226
251.492
251.758
252.024
252.29
252.57
252.85
253.13
253.41
253.69
253.97
254.251
254.472
254.693
254.914
255.135
255.356
255.577
255.798
256.019
256.24
256.459
256.775
257.091
257.407
257.722
257.912
258.102
258.292
258.482
258.672
258.862
259.052
259.242
259.43
259.764
260.098
260.432
260.766
261.1
261.434
261.768
262.102
262.436
262.77
263.104
263.44
263.711
263.982
264.253
264.524
264.795
265.066
265.337
265.61
266.158
266.706
267.254
267.802
268.35
268.898
269.446
269.994
270.542
271.09
271.638
272.19
273.212
274.234
274.442
274.65
274.858
275.066
275.274
275.482
275.69
275.9
276.42
276.94
277.46
277.764
278.068
278.372
278.676
278.98
279.284
279.588
279.892
280.196
280.5
280.804
281.11
281.384
281.658
281.932
282.206
282.48
282.696
282.912
283.128
283.344
283.56
283.776
283.992
284.208
284.42
284.627
284.834
285.041
285.248
285.455
285.664
285.817
285.97
286.123
286.276
286.429
286.58
286.757
286.934
287.111
287.288
287.465
287.642
287.816
288.012
288.208
288.404
288.6
288.796
288.992
289.19
289.389
289.588
289.787
289.986
290.185
290.384
290.583
290.78
291.074
291.368
291.662
291.956
292.25
292.544
292.838
293.13
293.59
294.05
294.51
294.97
295.43
295.89
296.35
296.81
297.27
297.527
297.784
298.041
298.298
298.555
298.812
299.07
299.33
299.569
299.808
300.047
300.286
300.473
300.66
300.847
301.034
301.221
301.41
301.744
302.078
302.412
302.746
303.08
303.414
303.748
304.082
304.416
304.75
305.228
305.706
306.184
306.662
307.14
307.619
307.827
308.035
308.243
308.451
308.659
308.867
309.075
309.283
309.491
309.699
309.91
310.142
310.374
310.606
310.838
311.07
311.302
311.534
311.823
312.112
312.401
312.69
312.98
313.229
313.478
313.727
313.976
314.225
314.474
314.723
314.972
315.221
315.47
315.719
315.968
316.22
316.504
316.788
317.072
317.356
317.64
317.924
318.208
318.492
318.78
319.151
319.522
319.893
320.264
320.635
321.006
321.377
321.748
322.119
322.49
322.861
323.23
323.682
324.134
324.586
325.038
325.49
325.94
327.283
328.626
329.969
331.312
332.655
333.998
335.341
336.684
338.03
338.476
338.922
339.368
339.814
340.26
340.706
341.152
341.598
342.044
342.49
342.94
343.223
343.506
343.789
344.072
344.355
344.638
344.921
345.204
345.487
345.77
346.012
346.255
346.498
346.74
347.24
347.74
348.24
348.74
349.24
349.74
350.195
350.65
351.105
351.56
351.79
352.02
352.25
352.48
352.709
352.938
353.167
353.396
353.625
353.855
354.079
354.303
354.527
354.751
354.975
355.199
355.423
355.647
355.871
356.095
356.32
356.658
356.996
357.334
357.672
358.01
358.514
359.018
359.522
360.026
360.53
361.034
361.538
362.042
362.546
363.05
363.553
364.004
364.455
364.906
365.357
365.81
366.016
366.222
366.428
366.634
366.84
367.046
367.252
367.458
367.664
367.87
368.1
368.33
368.56
368.79
369.02
369.25
369.48
369.654
369.828
370.002
370.176
370.35
370.524
370.698
370.872
371.045
371.23
371.415
371.6
371.785
371.97
372.155
372.34
372.525
372.711
374.111
375.511
376.91
377.163
377.416
377.668
377.921
378.173
378.425
378.678
378.93
379.197
379.464
379.731
379.998
380.265
380.532
380.8
381.11
381.42
381.73
382.04
382.35
382.66
382.97
383.28
383.59
383.9
384.48
384.655
384.83
385.005
385.18
385.355
385.53
385.705
385.88
386.055
386.229
386.538
386.847
387.156
387.465
387.774
388.083
388.392
388.701
389.01
389.319
389.63
389.933
390.236
390.538
390.84
391.39
391.94
392.21
392.48
392.75
393.02
393.29
393.56
394.031
394.502
394.973
395.444
395.915
396.386
396.857
397.328
397.8
398.108
398.416
398.724
399.032
399.34
399.507
399.675
399.843
400.011
400.179
400.346
400.514
400.68
400.856
401.032
401.208
401.384
401.56
401.736
401.912
402.088
402.264
402.44
402.616
402.792
402.968
403.14
403.399
403.658
403.917
404.176
404.435
404.694
404.953
405.212
405.471
405.73
405.989
406.25
406.668
407.086
407.504
407.922
408.34
408.76
409.332
409.904
410.476
411.048
411.62
412.192
412.764
413.336
413.908
414.48
415.052
415.62
416.332
417.044
417.756
418.47
419.833
421.196
422.559
423.922
425.285
426.648
428.011
429.374
430.737
432.1
432.468
432.836
433.204
433.572
433.94
434.308
434.676
435.044
435.412
435.78
436.26
436.74
437.22
437.7
438.18
438.66
439.14
439.62
440.1
440.58
441.06
441.54
441.95
442.36
442.77
443.18
443.59
444.0
444.41
444.82
445.062
445.304
445.546
445.788
446.03
446.272
446.514
446.756
446.998
447.24
447.48
447.908
448.336
448.764
449.192
449.62
450.048
450.476
450.904
451.332
451.76
452.188
452.616
453.04
453.313
453.586
453.859
454.132
454.405
454.678
454.951
455.224
455.497
455.77
456.043
456.32
456.542
456.764
456.986
457.208
457.43
457.652
457.874
458.096
458.32
458.82
459.32
459.82
460.32
460.82
461.32
461.82
462.32
462.82
463.32
463.82
464.32
464.816
465.17
465.524
465.878
466.232
466.586
466.94
467.294
467.648
468.002
468.356
468.71
469.337
469.964
470.59
470.915
471.24
471.565
471.89
472.215
472.54
472.865
473.19
473.515
473.84
474.16
475.499
476.838
478.177
479.516
480.855
482.194
483.533
484.87
485.09
485.31
485.53
485.75
485.97
486.19
486.41
486.63
486.85
487.812
488.774
489.736
490.698
491.66
492.62
492.933
493.246
493.559
493.872
494.185
494.498
494.811
495.124
495.437
495.75
496.063
496.38
496.798
497.216
497.634
498.052
498.47
498.888
499.306
499.724
500.142
500.56
500.98
501.588
502.196
502.804
503.41
503.853
504.296
504.739
505.182
505.625
506.068
506.511
506.954
507.397
507.84
508.28
508.688
509.096
509.504
509.912
510.32
510.73
511.342
511.954
512.566
513.178
513.79
514.4
514.78
515.16
515.54
515.92
516.3
516.68
517.06
517.44
517.82
518.2
518.58
518.96
519.34
520.4
521.46
522.52
523.58
524.128
524.676
525.224
525.772
526.32
526.868
527.416
527.96
528.384
528.808
529.232
529.656
530.08
530.504
530.928
531.35
531.72
532.09
532.46
532.83
533.2
533.57
533.94
534.31
534.68
535.05
535.42
536.158
536.896
537.633
538.37
538.639
538.908
539.177
539.446
539.715
539.984
540.253
540.52
540.857
541.194
541.531
541.868
542.205
542.542
542.879
543.216
543.553
543.89
544.23
544.499
544.768
545.037
545.306
545.575
545.844
546.113
546.382
546.651
546.92
547.189
547.46
547.667
547.874
548.081
548.288
548.495
548.702
548.909
549.116
549.323
549.53
549.737
549.944
550.15
550.53
550.91
551.29
551.67
552.05
552.43
552.81
553.19
553.57
553.95
554.515
555.08
555.645
556.21
556.775
557.34
557.905
558.47
559.035
559.6
560.166
560.353
560.54
560.727
560.914
561.101
561.29
561.734
562.178
562.622
563.066
563.51
563.954
564.398
564.842
565.286
565.73
566.038
566.346
566.654
566.962
567.27
567.578
567.886
568.194
568.502
568.81
569.12
569.524
569.928
570.332
570.736
571.14
571.547
571.741
571.935
572.129
572.323
572.517
572.711
572.905
573.099
573.293
573.487
573.681
573.88
574.428
574.975
575.293
575.611
575.928
576.245
576.562
576.88
577.209
577.538
577.867
578.196
578.525
578.854
579.183
579.512
579.841
580.17
580.425
580.68
580.935
581.19
581.445
581.7
581.955
582.21
582.406
582.602
582.798
582.994
583.19
583.409
583.628
583.847
584.066
584.285
584.504
584.72
584.966
585.212
585.458
585.704
585.95
586.196
586.442
586.69
586.971
587.252
587.533
587.814
588.095
588.376
588.657
588.94
589.499
590.058
590.617
591.176
591.735
592.164
592.593
593.022
593.451
593.88
594.366
594.852
595.338
595.824
596.31
596.796
597.282
597.768
598.254
598.736
599.747
600.758
601.77
602.46
603.15
603.84
604.53
605.22
605.91
606.6
607.29
607.984
608.158
608.332
608.506
608.68
608.854
609.028
609.202
609.376
609.55
609.724
609.9
612.22
612.94
613.66
614.38
615.1
615.314
615.528
615.742
615.956
616.17
616.384
616.598
616.812
617.026
617.24
617.454
617.67
618.233
618.796
619.359
619.922
620.484
622.36
623.3
623.548
623.796
624.044
624.292
624.54
624.788
625.036
625.284
625.532
625.78
626.028
626.276
626.53
626.76
626.99
627.22
627.45
627.68
627.91
628.14
628.37
628.6
628.83
629.06
629.417
629.774
630.131
630.488
630.846
631.203
631.56
631.92
632.182
632.444
632.706
632.968
633.23
633.766
634.302
634.838
635.374
635.91
636.446
636.982
637.518
638.054
638.59
639.126
639.662
640.198
640.73
641.041
641.352
641.663
641.974
642.285
642.596
642.907
643.218
643.529
643.84
644.072
644.304
644.536
644.768
645.0
645.23
645.577
645.924
646.271
646.618
646.966
647.313
647.66
648.01
648.256
648.502
648.748
648.994
649.24
649.486
649.732
649.978
650.224
650.47
650.72
651.012
651.304
651.596
651.888
652.18
652.472
652.764
653.056
653.348
653.64
653.992
654.344
654.696
655.048
655.4
655.752
656.104
656.456
656.808
657.16
657.512
657.86
658.072
658.284
658.496
658.708
658.92
659.132
659.344
659.556
659.77
660.03
660.29
660.55
660.81
661.07
661.33
661.59
661.85
662.11
662.37
662.615
662.86
663.105
663.35
663.595
663.84
664.085
664.33
664.575
664.82
665.065
665.31
665.553
665.933
666.313
666.693
667.073
667.453
667.833
668.213
668.593
668.973
669.353
669.731
669.981
670.231
670.481
670.731
670.981
671.23
671.423
671.616
671.809
672.002
672.195
672.388
672.581
672.774
672.967
673.16
673.355
673.563
673.771
673.979
674.187
674.395
674.604
674.816
675.028
675.24
675.452
675.664
675.876
676.088
676.3
676.512
676.724
676.936
677.15
677.513
677.876
678.239
678.602
678.965
679.328
679.69
679.941
680.192
680.444
680.629
680.814
680.999
681.184
681.369
681.554
681.739
681.924
682.11
682.48
682.85
683.22
683.59
683.96
684.33
684.7
685.07
685.44
685.74
686.04
686.34
686.64
686.94
687.24
687.54
687.84
688.14
688.44
689.097
689.754
690.41
691.067
691.724
692.381
693.038
695.93
697.499
697.726
697.953
698.18
698.407
698.634
698.861
699.088
699.315
699.54
700.159
700.778
701.397
702.016
702.635
703.254
703.873
704.492
705.111
705.73
706.35
706.564
706.778
706.992
707.206
707.42
707.878
708.336
708.794
709.252
709.71
710.387
711.064
711.741
712.418
713.095
713.772
714.45
714.66
714.87
715.08
715.29
715.5
715.71
715.92
716.13
716.34
717.101
717.862
718.623
719.384
720.145
720.906
721.667
722.428
723.189
723.95
724.71
727.423
730.136
732.849
735.562
738.275
740.99
742.265
743.54
744.815
746.09
747.367
747.589
747.811
748.033
748.255
748.477
748.7
750.622
752.544
753.488
754.432
754.747
755.062
755.376
755.847
756.318
756.789
757.262
757.97
758.335
758.7
759.065
759.428
759.622
759.816
760.011
760.206
760.4
760.595
760.803
761.011
761.219
761.427
761.635
761.843
762.051
762.259
762.467
762.675
762.886
763.05
763.214
763.378
763.542
763.706
763.87
764.034
764.198
764.362
764.53
764.742
764.954
765.166
765.378
765.59
765.8
766.048
766.296
766.544
766.792
767.04
767.288
767.536
767.784
768.03
768.342
768.654
768.966
769.279
769.591
769.904
770.216
770.53
771.004
771.477
771.95
772.424
772.898
773.371
773.844
774.318
775.004
775.69
776.52
777.35
778.18
779.01
779.84
780.67
781.5
782.618
783.736
784.853
785.97
787.088
788.206
789.323
790.44
790.72
791.0
791.28
791.56
791.84
792.12
792.357
792.594
792.831
793.068
793.305
793.542
793.782
793.945
794.108
794.271
794.434
794.597
794.76
794.923
795.086
795.249
795.412
795.575
795.74
795.994
796.248
796.502
796.756
797.01
797.264
797.518
797.77
798.04
798.31
798.58
798.85
799.12
799.39
799.66
799.93
800.431
800.932
801.433
801.934
802.435
802.936
803.437
803.938
804.439
804.94
805.426
805.912
806.398
806.884
807.37
807.856
808.34
808.65
808.96
809.27
809.58
809.89
810.2
810.51
811.236
811.962
812.688
813.414
814.14
814.866
815.592
816.315
817.19
818.065
818.939
819.132
819.325
819.518
819.711
819.904
820.097
820.29
820.48
820.913
821.346
821.779
822.212
822.645
823.08
825.087
827.094
829.101
831.108
833.115
835.121
835.621
835.925
836.229
836.533
836.837
837.141
837.445
837.749
838.05
838.278
838.506
838.734
838.962
839.19
839.418
839.646
839.874
840.102
840.33
840.648
840.966
841.284
841.602
841.92
842.238
842.555
842.771
842.987
843.203
843.419
843.635
843.85
844.037
844.224
844.411
844.598
844.785
844.972
845.159
845.346
845.533
845.72
845.907
846.09
846.402
846.714
847.026
847.338
847.65
847.96
849.603
851.246
852.889
854.532
856.175
857.818
859.46
859.782
860.104
860.426
860.748
861.07
861.392
861.714
862.036
862.358
862.68
862.936
863.192
863.448
863.704
863.96
864.315
864.67
865.025
865.38
865.735
866.09
866.445
866.8
867.155
867.51
867.865
868.22
868.575
868.936
869.089
869.242
869.395
869.548
869.701
869.854
870.007
870.16
870.31
870.549
870.788
871.027
871.266
871.505
871.744
871.98
872.24
872.5
872.76
873.02
873.28
873.54
873.8
874.06
874.49
874.92
875.35
875.78
876.21
876.64
877.07
877.5
877.93
878.202
878.475
878.748
879.021
879.293
879.566
879.839
880.11
880.5
880.89
881.28
881.67
882.06
882.45
882.732
883.014
883.296
883.578
883.86
884.142
884.424
884.706
884.988
885.27
885.55
885.982
886.414
886.846
887.278
887.71
888.142
888.574
889.006
889.438
889.87
890.302
890.73
891.002
891.274
891.546
891.818
892.09
892.362
892.634
892.906
893.178
893.45
893.72
894.304
894.888
895.472
896.056
896.64
896.951
897.262
897.573
897.884
898.195
898.506
898.817
899.128
899.439
899.75
900.286
900.822
901.358
901.894
902.43
902.966
903.502
904.038
904.574
905.11
905.649
905.81
905.971
906.132
906.293
906.454
906.615
906.776
906.94
907.416
907.892
908.368
908.844
909.32
909.796
910.272
910.748
911.224
911.7
911.922
912.144
912.366
912.588
912.81
913.032
913.254
913.476
913.7
913.92
914.14
914.36
914.58
914.8
915.02
915.241
915.413
915.585
915.757
915.929
916.101
916.273
916.445
916.617
916.789
916.961
917.133
917.3
917.541
917.782
918.023
918.264
918.505
918.746
918.987
919.228
919.47
919.742
920.014
920.286
920.558
920.83
921.102
921.374
921.646
921.918
922.19
922.462
922.734
923.01
923.281
923.552
923.823
924.094
924.365
924.636
924.907
925.178
925.449
925.72
925.935
926.15
926.365
926.58
926.795
927.01
927.225
927.44
927.655
927.87
928.085
928.3
928.515
928.696
928.877
929.058
929.239
929.42
929.601
929.782
929.963
930.14
930.591
931.042
931.493
931.944
932.395
932.846
933.297
933.748
934.2
935.067
935.934
936.801
937.668
938.535
938.861
939.187
939.513
939.839
940.165
940.491
940.817
941.143
941.47
941.964
942.458
942.952
943.446
943.94
944.316
944.692
945.068
945.444
945.82
946.196
946.572
946.948
947.32
947.651
947.982
948.313
948.644
948.975
949.306
949.64
949.954
950.268
950.582
950.896
951.21
951.524
951.838
952.15
952.478
952.806
953.134
953.462
953.79
954.12
954.348
954.576
954.804
955.032
955.26
955.488
955.715
955.958
956.201
956.444
956.687
956.93
957.173
957.416
957.659
957.9
958.118
958.336
958.554
958.772
958.99
959.21
959.454
959.698
959.942
960.186
960.43
960.674
960.918
961.16
961.509
961.858
962.207
962.556
962.905
963.254
963.603
963.952
964.301
964.65
965.0
965.712
966.424
967.136
967.848
968.56
969.272
969.984
970.696
971.408
972.12
972.832
973.544
974.256
974.968
975.68
976.981
978.282
979.583
980.884
982.185
983.485
984.94
985.716
986.492
987.268
988.044
988.82
989.114
989.408
989.702
989.996
990.29
990.584
990.878
991.172
991.466
991.76
992.054
992.348
992.64
993.096
993.552
993.917
994.282
994.647
995.01
995.183
995.356
995.529
995.702
995.875
996.051
997.015
997.98
998.625
999.27
999.915
1000.56
1001.205
1001.85
1002.495
1003.14
1003.781
1005.056
1006.331
1007.606
1008.881
1010.156
1011.431
1012.709
1012.902
1013.095
1013.288
1013.481
1013.674
1013.867
1014.06
1014.25
1014.975
1015.7
1016.425
1017.15
1017.875
1018.6
1019.325
1020.05
1020.775
1021.5
1022.23
1022.455
1022.68
1022.905
1023.13
1023.355
1023.58
1023.805
1024.03
1024.255
1024.48
1024.7
1025.97
1026.201
1026.432
1026.663
1026.894
1027.125
1027.356
1027.589
1028.185
1028.781
1029.377
1029.973
1030.569
1031.165
1031.76
1032.13
1032.5
1032.869
1033.141
1033.413
1033.685
1033.957
1034.229
1034.501
1034.773
1035.042
1035.828
1036.614
1037.4
1038.186
1038.972
1039.758
1040.544
1041.329
1042.03
1042.731
1042.96
1043.189
1043.418
1043.647
1043.876
1044.105
1044.314
1044.523
1044.732
1044.941
1045.15
1045.359
1045.568
1045.777
1045.985
1046.713
1047.441
1048.17
1048.43
1048.69
1048.95
1049.582
1050.214
1050.846
1051.478
1052.11
1052.742
1053.377
1053.581
1053.785
1053.989
1054.193
1054.397
1054.601
1054.805
1055.009
1055.21
1057.149
1059.088
1061.027
1062.966
1064.905
1066.844
1067.03
1067.216
1067.402
1067.588
1067.773
1067.993
1068.213
1068.433
1068.653
1068.873
1069.093
1069.314
1069.551
1069.788
1070.025
1070.262
1070.499
1070.736
1070.973
1071.21
1071.445
1071.77
1072.095
1072.42
1072.745
1073.07
1073.285
1073.5
1073.715
1073.93
1074.145
1074.36
1074.619
1074.878
1075.137
1075.396
1075.655
1075.914
1076.173
1076.431
1079.504
1079.689
1079.874
1080.059
1080.244
1080.429
1080.614
1080.799
1080.984
1081.17
1081.409
1081.648
1081.887
1082.126
1082.365
1082.604
1082.843
1083.082
1083.32
1083.514
1083.708
1083.902
1084.096
1084.29
1084.484
1084.678
1084.872
1085.066
1085.26
1085.624
1085.988
1086.352
1086.716
1087.08
1087.444
1087.808
1088.172
1088.54
1089.531
1090.522
1091.513
1092.504
1093.495
1094.486
1095.477
1096.468
1097.46
1097.918
1098.376
1098.834
1099.292
1099.75
1100.32
1100.89
1101.46
1102.03
1102.896
1103.762
1104.628
1105.494
1106.36
1107.226
1108.09
1108.359
1108.628
1108.897
1109.166
1109.435
1109.704
1109.973
1110.242
1110.511
1110.78
1111.049
1111.318
1111.587
1111.85
1112.472
1113.094
1113.716
1114.338
1114.96
1115.58
1115.892
1116.205
1116.517
1116.83
1117.392
1117.955
1118.517
1119.08
1119.595
1120.11
1120.625
1121.14
1121.361
1121.582
1121.803
1122.024
1122.245
1122.466
1122.687
1122.908
1123.129
1123.35
1123.571
1123.795
1124.343
1124.891
1125.44
1125.851
1126.262
1126.673
1127.084
1127.495
1127.906
1128.317
1128.728
1129.139
1129.55
1129.961
1130.372
1130.783
1131.194
1131.601
1132.1
1132.516
1132.932
1133.348
1133.764
1134.18
1134.596
1135.01
1135.35
1135.69
1136.03
1136.37
1136.71
1137.05
1137.471
1137.892
1138.313
1138.734
1139.155
1139.576
1139.997
1140.42
1140.68
1140.94
1141.2
1141.46
1141.72
1141.98
1142.24
1142.5
1142.76
1143.02
1143.373
1143.726
1144.079
1144.432
1144.785
1145.138
1145.491
1145.844
1146.197
1146.55
1146.903
1147.26
1147.57
1147.88
1148.19
1148.5
1148.81
1149.12
1149.43
1149.74
1150.05
1150.36
1150.67
1150.98
1151.29
1151.703
1152.116
1152.529
1152.942
1153.355
1153.768
1154.181
1154.594
1155.007
1155.42
1155.833
1156.25
1156.447
1156.644
1156.841
1157.038
1157.235
1157.432
1157.63
1158.671
1159.712
1160.753
1161.794
1162.835
1163.876
1164.92
1165.59
1166.26
1166.93
1167.6
1167.897
1168.194
1168.491
1168.788
1169.085
1169.382
1169.679
1169.976
1170.273
1170.57
1170.87
1171.12
1171.37
1171.62
1171.87
1172.12
1172.37
1172.62
1172.87
1173.275
1173.68
1174.085
1174.49
1174.895
1175.3
1175.705
1176.11
1176.54
1176.97
1177.4
1177.83
1178.26
1178.69
1179.12
1179.414
1179.708
1180.002
1180.296
1180.59
1180.884
1181.178
1181.472
1181.766
1182.06
1182.354
1182.65
1183.521
1184.392
1185.263
1186.134
1187.005
1187.876
1188.746
1189.708
1190.67
1191.015
1191.36
1191.705
1192.05
1192.395
1192.74
1193.085
1193.43
1193.96
1194.49
1195.02
1195.55
1196.08
1196.61
1197.14
1197.67
1198.2
1198.73
1199.196
1199.662
1200.128
1200.594
1201.06
1201.526
1201.992
1202.458
1202.924
1203.39
1203.856
1204.32
1204.598
1204.876
1205.154
1205.432
1205.71
1205.988
1206.266
1206.544
1206.822
1207.1
1207.397
1207.694
1207.991
1208.288
1208.585
1208.882
1209.18
1209.523
1209.865
1210.207
1210.55
1210.892
1211.235
1211.508
1211.781
1212.054
1212.327
1212.6
1212.873
1213.146
1213.419
1213.692
1213.965
1214.238
1214.511
1214.79
1214.984
1215.178
1215.372
1215.566
1215.76
1215.954
1216.148
1216.342
1216.54
1216.781
1217.022
1217.263
1217.504
1217.745
1217.986
1218.227
1218.468
1218.709
1218.95
1219.191
1219.432
1219.673
1219.91
1220.236
1220.562
1220.888
1221.214
1221.54
1221.866
1222.192
1222.518
1222.844
1223.17
1223.496
1223.822
1224.148
1224.48
1224.852
1225.224
1225.596
1225.968
1226.34
1226.712
1227.084
1227.456
1227.828
1228.2
1228.572
1228.944
1229.32
1229.65
1229.98
1230.31
1230.546
1230.782
1231.018
1231.254
1231.49
1231.726
1231.962
1232.198
1232.434
1232.67
1232.91
1233.253
1233.596
1233.939
1234.282
1234.625
1234.968
1235.31
1235.569
1235.828
1236.087
1236.346
1236.605
1236.864
1237.123
1237.382
1237.64
1237.859
1238.078
1238.297
1238.516
1238.735
1238.954
1239.173
1239.392
1239.611
1239.83
1240.053
1240.276
1240.499
1240.722
1240.945
1241.168
1241.391
1241.614
1241.837
1242.06
1242.28
1242.893
1243.506
1244.12
1244.325
1244.53
1244.735
1244.94
1245.145
1245.35
1245.555
1245.76
1245.965
1246.17
1246.372
1246.593
1246.814
1247.035
1247.256
1247.477
1247.698
1247.919
1248.14
1248.361
1248.58
1248.818
1249.056
1249.294
1249.532
1249.77
1250.008
1250.246
1250.484
1250.722
1250.96
1251.191
1251.422
1251.653
1251.884
1252.115
1252.346
1252.577
1252.81
1253.087
1253.364
1253.641
1253.918
1254.195
1254.472
1254.749
1255.026
1255.303
1255.58
1255.86
1256.076
1256.292
1256.508
1256.724
1256.94
1257.326
1257.712
1258.098
1258.484
1258.87
1259.256
1259.642
1260.028
1260.414
1260.8
1261.046
1261.292
1261.538
1261.784
1262.03
1262.276
1262.522
1262.768
1263.014
1263.26
1263.506
1263.752
1263.998
1264.244
1264.49
1264.73
1265.419
1266.108
1266.797
1267.486
1268.175
1268.864
1269.55
1269.77
1269.99
1270.21
1270.43
1270.65
1270.87
1271.09
1271.31
1271.718
1272.126
1272.534
1272.942
1273.35
1273.76
1273.974
1274.188
1274.402
1274.616
1274.83
1275.044
1275.258
1275.472
1275.686
1275.9
1276.114
1276.324
1276.526
1276.728
1276.93
1277.132
1277.334
1277.536
1277.74
1278.354
1278.968
1279.582
1280.196
1280.81
1281.424
1282.038
1282.65
1282.959
1283.268
1283.577
1283.886
1284.195
1284.504
1284.813
1285.12
1285.468
1285.816
1286.164
1286.512
1286.86
1287.003
1287.146
1287.289
1287.432
1287.575
1287.718
1287.861
1288.004
1288.147
1288.29
1288.603
1288.916
1289.229
1289.542
1289.855
1290.168
1290.48
1290.869
1291.258
1291.647
1292.036
1292.425
1292.814
1293.203
1293.592
1293.98
1294.275
1294.57
1294.865
1295.16
1295.455
1295.75
1296.045
1296.34
1296.635
1296.93
1297.23
1297.925
1298.62
1299.315
1300.01
1300.705
1301.4
1302.095
1302.79
1303.485
1304.18
1304.875
1305.57
1306.26
1306.744
1307.228
1307.712
1308.196
1308.68
1309.164
1309.648
1310.132
1310.616
1311.1
1311.584
1312.068
1312.557
1312.761
1312.965
1313.169
1313.373
1313.577
1313.781
1313.985
1314.189
1314.39
1314.645
1314.9
1315.155
1315.41
1315.665
1315.92
1316.175
1316.43
1316.685
1316.94
1317.195
1317.45
1317.708
1317.966
1318.224
1318.482
1318.74
1319.048
1319.356
1319.664
1319.97
1320.865
1321.76
1322.655
1323.55
1324.445
1325.34
1326.235
1327.13
1327.924
1328.718
1329.512
1330.306
1331.1
1331.894
1332.688
1333.48
1333.68
1333.88
1334.08
1334.28
1334.48
1334.68
1334.88
1335.266
1335.652
1336.038
1336.424
1336.81
1337.196
1337.582
1337.968
1338.354
1338.74
1339.126
1339.512
1339.899
1340.083
1340.267
1340.451
1340.635
1340.819
1341.003
1341.19
1341.466
1341.742
1342.018
1342.294
1342.57
1342.926
1343.282
1343.638
1343.994
1344.35
1344.507
1344.665
1344.822
1344.98
1345.507
1346.034
1346.561
1347.088
1347.615
1348.142
1348.669
1349.196
1349.723
1350.25
1350.78
1351.154
1351.528
1351.902
1352.276
1352.65
1353.084
1353.518
1353.952
1354.386
1354.82
1355.254
1355.688
1356.122
1356.556
1356.99
1357.2
1357.41
1357.62
1357.83
1358.04
1358.25
1358.892
1359.534
1360.177
1360.819
1361.461
1362.103
1362.745
1363.39
1365.008
1366.626
1368.244
1369.862
1371.48
1373.1
1373.375
1373.65
1373.925
1374.2
1374.387
1374.574
1374.761
1374.948
1375.135
1375.322
1375.509
1375.696
1375.883
1376.07
1376.366
1376.662
1376.958
1377.254
1377.55
1377.846
1378.14
1378.397
1378.654
1378.911
1379.168
1379.425
1379.682
1379.939
1380.196
1380.453
1380.71
1381.136
1381.562
1381.988
1382.414
1382.84
1383.081
1383.322
1383.562
1383.802
1384.043
1384.284
1384.524
1384.764
1385.005
1385.245
1385.572
1385.899
1386.226
1386.553
1386.882
1387.09
1387.298
1387.506
1387.714
1387.922
1388.13
1388.34
1388.516
1388.692
1388.868
1389.044
1389.22
1389.396
1389.572
1389.748
1389.923
1390.195
1390.467
1390.739
1391.011
1391.283
1391.555
1391.827
1392.099
1392.371
1392.643
1392.915
1393.187
1393.459
1393.73
1395.38
1397.03
1397.226
1397.422
1397.618
1397.815
1398.206
1398.597
1398.988
1399.379
1399.77
1400.161
1400.552
1400.943
1401.33
1401.725
1402.12
1402.515
1402.91
1403.305
1403.7
1404.095
1404.49
1404.885
1405.28
1405.675
1406.07
1406.47
1406.71
1406.95
1407.19
1407.43
1407.67
1407.91
1408.15
1408.39
1408.762
1409.134
1409.506
1409.878
1410.25
1410.622
1410.994
1411.366
1411.738
1412.11
1412.46
1412.81
1413.16
1413.51
1413.86
1414.21
1414.56
1414.91
1415.26
1415.686
1416.112
1416.538
1416.964
1417.39
1417.816
1418.242
1418.668
1419.094
1419.52
1419.946
1420.372
1420.798
1421.23
1421.499
1421.768
1422.037
1422.306
1422.575
1422.844
1423.11
1423.767
1424.424
1425.081
1425.738
1426.395
1427.052
1427.709
1428.366
1429.02
1429.283
1429.546
1429.809
1430.072
1430.335
1430.598
1430.861
1431.124
1431.387
1431.654
1433.228
1434.802
1436.376
1437.95
1439.526
1444.84
1445.103
1445.366
1445.629
1445.892
1446.155
1446.418
1446.681
1446.944
1447.207
1447.47
1447.73
1448.172
1448.614
1449.056
1449.498
1449.94
1450.282
1450.624
1450.966
1451.308
1451.65
1451.992
1452.334
1452.676
1453.018
1453.36
1453.628
1453.896
1454.164
1454.432
1454.7
1454.968
1455.236
1455.504
1455.772
1456.04
1456.251
1456.462
1456.673
1456.884
1457.095
1457.306
1457.517
1457.728
1457.94
1458.119
1458.298
1458.477
1458.656
1458.835
1459.014
1459.193
1459.372
1459.551
1459.73
1459.91
1460.239
1460.568
1460.897
1461.226
1461.555
1461.884
1462.213
1462.542
1462.87
1463.147
1463.424
1463.701
1463.978
1464.255
1464.532
1464.809
1465.086
1465.367
1465.534
1465.701
1465.868
1466.035
1466.202
1466.369
1466.536
1466.7
1467.21
1467.72
1468.23
1468.74
1469.25
1469.76
1470.27
1470.837
1471.404
1471.971
1472.538
1473.105
1473.67
1474.195
1474.72
1475.245
1475.77
1476.295
1476.82
1477.345
1477.87
1478.398
1478.612
1478.826
1479.04
1479.254
1479.468
1479.682
1479.896
1480.11
1480.324
1480.538
1480.75
1480.995
1481.24
1481.485
1481.73
1481.975
1482.22
1482.426
1482.632
1482.838
1483.044
1483.25
1483.456
1483.662
1483.87
1484.113
1484.356
1484.599
1484.842
1485.085
1485.328
1485.571
1485.817
1486.049
1486.281
1486.513
1486.745
1486.977
1487.21
1487.518
1487.826
1488.134
1488.442
1488.75
1489.058
1489.366
1489.674
1489.876
1490.078
1490.28
1490.482
1490.684
1490.886
1491.09
1491.331
1491.572
1491.813
1492.054
1492.295
1492.536
1492.78
1493.091
1493.402
1493.713
1494.024
1494.335
1494.646
1494.957
1495.268
1495.58
1495.804
1496.028
1496.252
1496.476
1496.7
1496.924
1497.148
1497.37
1497.814
1498.258
1498.702
1499.146
1499.59
1500.034
1500.48
1501.067
1501.654
1502.241
1502.828
1503.415
1504.002
1504.589
1505.176
1505.763
1506.35
1506.67
1506.99
1507.31
1507.63
1507.95
1508.27
1508.59
1508.862
1509.134
1509.406
1509.678
1509.95
1510.199
1510.448
1510.697
1510.946
1511.195
1511.444
1511.693
1511.942
1512.191
1512.44
1512.691
1512.913
1513.135
1513.357
1513.579
1513.801
1514.023
1514.245
1514.467
1514.69
1514.919
1515.148
1515.377
1515.606
1515.835
1516.064
1516.293
1516.522
1516.754
1516.956
1517.158
1517.36
1517.562
1517.764
1517.966
1518.17
1518.685
1519.2
1519.715
1520.23
1520.745
1521.26
1521.775
1522.29
1522.805
1523.32
1523.83
1524.184
1524.538
1524.892
1525.246
1525.6
1525.954
1526.308
1526.66
1526.976
1527.292
1527.608
1527.924
1528.24
1528.556
1528.872
1529.19
1529.887
1530.584
1531.281
1531.978
1532.675
1533.372
1534.069
1534.766
1535.46
1535.986
1536.512
1537.038
1537.564
1538.09
1538.41
1538.73
1539.05
1539.37
1539.69
1540.01
1540.33
1540.65
1540.849
1541.048
1541.247
1541.446
1541.645
1541.844
1542.04
1542.248
1542.456
1542.664
1542.872
1543.08
1543.288
1543.496
1543.706
1543.985
1544.264
1544.543
1544.822
1545.101
1545.38
1545.66
1545.922
1546.184
1546.446
1546.708
1546.97
1547.232
1547.494
1547.754
1547.951
1548.148
1548.345
1548.542
1548.739
1548.936
1549.133
1549.33
1549.527
1549.724
1549.92
1550.356
1550.792
1551.228
1551.664
1552.1
1552.536
1552.972
1553.408
1553.844
1554.28
1554.716
1555.152
1555.588
1556.03
1556.533
1557.036
1557.539
1558.042
1558.545
1559.048
1559.551
1560.054
1560.557
1561.06
1561.56
1561.947
1562.334
1562.722
1563.11
1563.497
1563.885
1564.273
1564.66
1565.799
1565.992
1566.185
1566.378
1566.571
1566.764
1566.957
1567.15
1567.34
1567.659
1567.978
1568.297
1568.616
1568.935
1569.254
1569.57
1569.894
1570.218
1570.542
1570.866
1571.19
1571.514
1571.838
1572.162
1572.486
1572.81
1573.13
1573.638
1574.146
1574.654
1575.162
1575.67
1575.92
1576.17
1576.42
1576.67
1576.92
1577.17
1577.42
1577.67
1577.92
1578.503
1579.086
1579.669
1580.252
1580.835
1581.418
1582.0
1582.312
1582.624
1582.936
1583.248
1583.56
1583.872
1584.184
1584.496
1584.81
1585.26
1585.71
1586.16
1586.673
1587.186
1587.699
1588.212
1588.725
1589.238
1589.751
1590.264
1590.777
1591.29
1591.8
1592.61
1593.42
1594.23
1595.04
1595.85
1596.66
1597.47
1598.28
1599.09
1599.9
1600.71
1600.899
1601.088
1601.277
1601.466
1601.655
1601.844
1602.033
1602.22
1602.456
1602.692
1602.928
1603.164
1603.4
1603.636
1604.061
1604.486
1604.911
1605.336
1605.76
1605.968
1606.176
1606.384
1606.592
1606.8
1607.189
1607.578
1607.967
1608.356
1608.745
1609.134
1609.52
1609.858
1610.196
1610.534
1610.872
1611.21
1611.548
1611.886
1612.224
1612.562
1612.899
1613.236
1613.57
1613.914
1614.258
1614.602
1614.946
1615.29
1615.634
1615.978
1616.32
1616.68
1617.04
1617.4
1617.76
1618.12
1618.48
1618.84
1619.574
1620.308
1621.042
1621.776
1622.51
1623.059
1623.608
1624.157
1624.706
1625.255
1625.804
1626.353
1626.902
1627.451
1628.0
1628.549
1629.1
1630.437
1631.774
1633.111
1634.448
1635.785
1637.122
1638.46
1638.876
1639.292
1639.708
1640.124
1640.54
1640.956
1641.372
1641.788
1642.202
1643.16
1644.118
1645.076
1646.035
1646.439
1646.843
1647.247
1647.651
1648.055
1648.459
1648.863
1649.27
1649.881
1650.492
1651.103
1651.714
1652.325
1652.936
1653.55
1653.916
1654.282
1654.648
1655.014
1655.38
1655.746
1656.112
1656.478
1656.84
1657.093
1657.346
1657.599
1657.852
1658.105
1658.36
1658.58
1658.8
1659.02
1659.24
1659.46
1659.68
1659.9
1660.12
1660.34
1660.56
1660.78
1661.0
1661.308
1661.616
1661.924
1662.232
1662.54
1662.848
1663.156
1663.464
1663.772
1664.08
1664.393
1664.876
1665.359
1665.842
1666.325
1666.808
1667.29
1667.575
1667.86
1668.145
1668.43
1668.715
1669.0
1669.779
1670.558
1671.337
1672.115
1672.432
1672.749
1673.066
1673.383
1673.702
1674.302
1674.902
1675.502
1676.102
1676.7
1677.167
1677.633
1678.1
1678.566
1679.033
1679.499
1680.18
1680.861
1681.542
1682.223
1682.904
1683.585
1683.781
1683.977
1684.173
1684.369
1684.565
1684.761
1684.96
1685.22
1685.48
1685.74
1686.0
1686.26
1686.46
1686.66
1686.86
1687.06
1687.26
1687.454
1687.648
1687.842
1688.036
1688.23
1688.424
1688.618
1688.812
1689.01
1689.32
1689.63
1689.94
1690.25
1690.56
1690.87
1691.18
1691.49
1691.734
1691.978
1692.222
1692.466
1692.71
1692.954
1693.198
1693.442
1693.686
1693.93
1694.174
1694.418
1694.662
1694.906
1695.15
1695.622
1696.095
1696.568
1697.04
1697.73
1698.42
1699.11
1699.8
1700.49
1701.18
1701.423
1701.666
1701.909
1702.152
1702.395
1702.638
1702.881
1703.124
1703.367
1703.61
1703.853
1704.1
1704.352
1704.605
1704.858
1705.111
1705.364
1705.617
1705.87
1706.12
1706.356
1706.592
1706.828
1707.064
1707.3
1707.536
1707.772
1708.008
1708.244
1708.48
1708.694
1708.908
1709.122
1709.336
1709.55
1709.764
1709.979
1710.289
1710.599
1710.909
1711.219
1711.53
1711.706
1711.882
1712.058
1712.234
1712.41
1712.586
1712.762
1712.938
1713.114
1713.29
1713.49
1713.69
1713.89
1714.09
1714.29
1714.49
1714.69
1714.89
1715.09
1715.29
1716.103
1716.916
1717.73
1718.089
1718.448
1718.807
1719.166
1719.525
1719.884
1720.243
1720.602
1720.961
1721.32
1721.751
1722.182
1722.613
1723.044
1723.475
1723.906
1724.337
1724.768
1725.199
1725.63
1726.007
1726.384
1726.761
1727.138
1727.515
1727.892
1728.269
1728.645
1728.882
1729.12
1729.357
1729.594
1729.832
1730.07
1730.307
1730.544
1730.782
1731.02
1731.214
1731.408
1731.602
1731.796
1731.99
1732.186
1732.392
1732.598
1732.804
1733.01
1733.216
1733.422
1733.628
1733.834
1734.067
1734.3
1734.533
1734.766
1735.0
1735.2
1735.4
1735.6
1735.8
1736.0
1736.2
1736.4
1736.6
1736.8
1736.999
1737.184
1737.369
1737.554
1737.739
1737.924
1738.109
1738.294
1738.48
1738.678
1738.876
1739.074
1739.272
1739.47
1739.668
1739.866
1740.064
1740.262
1740.46
1740.658
1740.856
1741.06
1741.372
1741.684
1741.996
1742.308
1742.62
1742.844
1743.068
1743.292
1743.516
1743.74
1743.964
1744.188
1744.412
1744.64
1744.936
1745.232
1745.528
1745.824
1746.12
1746.416
1746.712
1747.01
1747.404
1747.798
1748.192
1748.586
1748.98
1749.318
1749.656
1749.994
1750.332
1750.67
1751.008
1751.346
1751.684
1752.022
1752.36
1752.64
1752.92
1753.2
1753.48
1753.76
1754.04
1754.32
1754.684
1755.048
1755.412
1755.776
1756.142
1756.385
1756.628
1756.871
1757.114
1757.357
1757.6
1757.987
1758.374
1758.761
1759.148
1759.535
1759.922
1760.31
1760.614
1760.918
1761.222
1761.526
1761.83
1762.134
1762.438
1762.74
1763.058
1763.376
1763.694
1764.012
1764.33
1764.803
1765.276
1765.749
1766.222
1766.695
1767.168
1767.641
1768.114
1768.587
1769.06
1769.53
1770.46
1770.886
1771.312
1771.738
1772.164
1772.59
1773.016
1773.442
1773.868
1774.294
1774.72
1775.158
1775.595
1776.033
1776.47
1776.908
1777.345
1777.783
1778.22
1778.658
1779.095
1779.533
1779.97
1780.377
1780.784
1781.191
1781.598
1782.005
1782.412
1782.819
1783.226
1783.633
1784.04
1784.447
1784.85
1785.057
1785.264
1785.471
1785.678
1785.885
1786.092
1786.3
1786.668
1787.035
1787.403
1787.771
1788.139
1788.506
1788.874
1789.242
1789.61
1789.977
1790.345
1790.71
1790.968
1791.226
1791.484
1791.742
1792.0
1792.26
1793.342
1794.424
1795.506
1796.588
1797.67
1798.752
1799.834
1800.916
1802.0
1802.464
1802.928
1803.392
1803.856
1804.32
1804.784
1805.248
1805.712
1806.176
1806.64
1807.104
1807.57
1807.834
1808.099
1808.363
1808.628
1808.892
1809.157
1809.421
1809.686
1809.95
1810.215
1810.479
1810.744
1810.952
1811.16
1811.368
1811.576
1811.784
1811.992
1812.2
1812.41
1812.627
1812.844
1813.061
1813.278
1813.495
1813.712
1813.929
1814.145
1814.374
1814.603
1814.832
1815.061
1815.29
1815.519
1815.748
1815.977
1816.206
1816.436
1816.688
1816.94
1817.192
1817.444
1817.696
1817.948
1818.2
1818.451
1818.624
1818.797
1818.97
1819.143
1819.316
1819.489
1819.662
1819.835
1820.008
1820.181
1820.354
1820.527
1820.7
1820.89
1821.08
1821.27
1821.46
1821.65
1821.84
1822.03
1822.22
1822.683
1823.146
1823.609
1824.072
1824.535
1824.998
1825.461
1825.924
1826.39
1826.863
1827.336
1827.809
1828.282
1828.755
1829.228
1829.704
1829.906
1830.108
1830.31
1830.512
1830.714
1830.916
1831.12
1831.659
1832.198
1832.737
1833.276
1833.815
1834.354
1834.89
1835.382
1835.874
1836.366
1836.858
1837.35
1837.842
1838.334
1838.826
1839.32
1839.508
1839.696
1839.884
1840.072
1840.26
1840.448
1840.636
1840.824
1841.012
1841.2
1841.388
1841.576
1841.76
1841.998
1842.236
1842.474
1842.712
1842.95
1843.843
1844.736
1845.629
1846.522
1847.415
1848.308
1849.201
1850.094
1850.99
1851.299
1851.608
1851.917
1852.226
1852.535
1852.844
1853.153
1853.462
1853.771
1854.08
1854.39
1854.762
1855.134
1855.506
1855.878
1856.25
1856.622
1856.992
1857.21
1857.428
1857.646
1857.864
1858.082
1858.3
1858.518
1858.736
1858.95
1859.355
1859.76
1860.165
1860.57
1860.975
1861.38
1861.785
1862.19
1862.516
1862.842
1863.168
1863.494
1863.82
1864.146
1864.472
1864.798
1865.124
1865.45
1865.78
1866.224
1866.668
1867.112
1867.556
1868.0
1868.444
1868.888
1869.332
1869.776
1870.22
1870.664
1871.11
1871.551
1871.992
1872.433
1872.874
1873.315
1873.756
1874.197
1874.638
1875.079
1875.52
1875.961
1876.4
1876.644
1876.888
1877.132
1877.376
1877.62
1877.864
1878.108
1878.352
1878.596
1878.84
1879.084
1879.33
1879.687
1880.044
1880.401
1880.758
1881.115
1881.472
1881.829
1882.186
1882.543
1882.9
1883.26
1883.685
1884.11
1884.302
1884.494
1884.686
1884.878
1885.07
1885.262
1885.454
1885.646
1885.838
1886.03
1886.22
1886.502
1886.784
1887.066
1887.348
1887.63
1887.912
1888.194
1888.477
1888.755
1889.033
1889.31
1889.829
1890.348
1890.867
1891.386
1891.905
1892.424
1892.943
1893.462
1893.98
1894.375
1894.77
1895.165
1895.56
1895.955
1896.35
1896.745
1897.14
1897.535
1897.93
1898.33
1899.196
1900.062
1900.928
1901.794
1902.66
1903.466
1904.272
1905.078
1905.884
1906.69
1907.496
1908.302
1909.108
1909.91
1913.046
1916.182
1919.318
1922.454
1925.59
1928.726
1931.862
1934.998
1938.134
1941.27
1944.41
1944.634
1944.858
1945.082
1945.306
1945.53
1945.754
1945.978
1946.202
1946.426
1946.65
1946.87
1947.344
1947.818
1948.292
1948.766
1949.24
1949.714
1950.188
1950.662
1951.14
1951.464
1951.788
1952.112
1952.436
1952.76
1953.02
1953.28
1953.54
1953.8
1954.062
1954.305
1954.548
1954.791
1955.034
1955.277
1955.52
1955.96
1956.4
1956.84
1957.28
1957.72
1958.16
1958.6
1959.04
1959.351
1959.662
1959.973
1960.284
1960.595
1960.906
1961.22
1961.46
1961.7
1961.94
1962.18
1962.42
1962.66
1962.9
1963.14
1963.565
1963.99
1964.415
1964.84
1965.265
1965.69
1966.115
1966.54
1966.721
1966.902
1967.083
1967.264
1967.445
1967.626
1967.807
1967.988
1968.169
1968.35
1968.531
1968.712
1968.893
1969.08
1969.356
1969.632
1969.908
1970.184
1970.46
1970.736
1971.012
1971.29
1971.547
1971.804
1972.061
1972.318
1972.575
1972.832
1973.089
1973.346
1973.603
1973.86
1974.117
1974.37
1974.637
1974.904
1975.171
1975.438
1975.705
1975.972
1976.24
1976.541
1976.842
1977.143
1977.444
1977.745
1978.046
1978.347
1978.648
1978.949
1979.25
1979.801
1980.352
1980.903
1981.454
1982.005
1982.556
1983.11
1983.424
1983.738
1984.052
1984.366
1984.68
1984.994
1985.308
1985.622
1985.936
1986.25
1986.564
1986.88
1987.394
1987.908
1988.422
1988.936
1989.45
1989.964
1990.478
1990.992
1991.506
1992.02
1992.53
1992.812
1993.094
1993.377
1993.66
1993.898
1994.136
1994.374
1994.612
1994.85
1995.088
1995.326
1995.564
1995.802
1996.04
1996.278
1996.52
1996.788
1997.056
1997.324
1997.592
1997.86
1998.128
1998.396
1998.664
1998.932
1999.2
1999.47
1999.772
2000.074
2000.375
2000.616
2000.857
2001.098
2001.339
2001.58
2001.821
2002.062
2002.3
2002.616
2002.932
2003.248
2003.564
2003.88
2004.196
2004.512
2004.828
2005.14
2005.463
2005.786
2006.109
2006.432
2006.755
2007.078
2007.401
2007.724
2008.05
2008.308
2008.566
2008.824
2009.082
2009.34
2009.598
2009.856
2010.114
2010.372
2010.63
2010.89
2011.196
2011.502
2011.808
2012.114
2012.42
2012.726
2013.03
2014.126
2015.222
2016.318
2017.414
2018.51
2019.606
2020.7
2021.243
2021.786
2022.329
2022.872
2023.415
2023.958
2024.501
2025.044
2025.587
2026.13
2026.363
2026.596
2026.829
2027.062
2027.295
2027.528
2027.761
2027.994
2028.227
2028.46
2028.693
2028.93
2029.362
2029.794
2030.226
2030.658
2031.09
2031.522
2031.954
2032.386
2032.818
2033.25
2033.682
2034.114
2034.54
2034.771
2035.002
2035.233
2035.464
2035.695
2035.926
2036.16
2036.335
2036.51
2036.685
2036.86
2037.035
2037.21
2037.385
2037.56
2037.735
2037.909
2038.709
2039.509
2040.309
2041.109
2041.91
2042.305
2042.7
2043.095
2043.49
2043.885
2044.28
2044.578
2044.876
2045.174
2045.472
2045.77
2046.068
2046.366
2046.664
2046.962
2047.26
2047.56
2047.79
2048.02
2048.25
2048.48
2048.71
2048.94
2049.17
2049.4
2049.63
2050.013
2050.396
2050.779
2051.162
2051.545
2051.929
2052.358
2052.787
2053.215
2053.644
2054.072
2054.501
2054.93
2055.358
2055.787
2056.215
2056.644
2057.071
2057.275
2057.479
2057.683
2057.887
2058.091
2058.295
2058.499
2058.703
2058.907
2059.111
2059.32
2059.636
2059.952
2060.268
2060.584
2060.9
2061.216
2061.532
2061.848
2062.164
2062.48
2062.844
2063.208
2063.572
2063.936
2064.3
2064.664
2065.028
2065.392
2065.76
2066.05
2066.34
2066.63
2066.92
2067.21
2067.5
2067.79
2068.08
2068.37
2068.66
2068.949
2069.327
2069.705
2070.082
2070.459
2070.836
2071.213
2071.591
2071.969
2072.328
2072.687
2073.046
2073.405
2073.764
2074.123
2074.482
2074.841
2075.2
2075.559
2075.918
2076.277
2076.63
2077.349
2078.068
2078.787
2079.506
2080.225
2080.944
2081.663
2082.382
2083.16
2083.938
2084.716
2085.494
2086.27
2087.766
2087.938
2088.11
2088.282
2088.454
2088.626
2088.798
2088.97
2089.14
2089.418
2089.696
2089.974
2090.252
2090.53
2090.808
2091.086
2091.36
2091.527
2091.694
2091.861
2092.028
2092.195
2092.362
2092.529
2092.696
2092.86
2093.12
2093.38
2093.64
2093.9
2094.328
2094.756
2095.184
2095.612
2096.04
2096.468
2096.896
2097.324
2097.752
2098.18
2099.676
2100.124
2100.572
2101.02
2101.468
2101.916
2102.364
2102.597
2102.83
2103.063
2103.296
2103.53
2103.693
2103.856
2104.019
2104.182
2104.345
2104.508
2104.671
2104.834
2105.0
2105.244
2105.488
2105.732
2105.976
2106.22
2106.464
2106.708
2107.32
2107.932
2108.544
2109.156
2109.768
2110.38
2110.992
2111.604
2112.22
2112.96
2113.7
2114.44
2115.18
2115.92
2116.163
2116.406
2116.649
2116.892
2117.135
2117.378
2117.621
2117.864
2118.065
2118.266
2118.467
2118.668
2118.869
2119.07
2119.271
2119.472
2119.673
2119.874
2120.075
2120.28
2120.523
2120.766
2121.009
2121.252
2121.495
2121.738
2122.153
2122.568
2122.983
2123.398
2123.812
2125.043
2126.274
2127.505
2128.736
2129.967
2131.198
2132.429
2133.662
2133.883
2134.104
2134.325
2134.546
2134.767
2134.988
2135.209
2135.43
2135.651
2135.87
2136.08
2136.29
2136.5
2136.71
2136.92
2137.13
2137.39
2137.65
2137.91
2138.171
2138.482
2138.793
2139.104
2139.415
2139.726
2140.037
2140.348
2140.659
2140.97
2141.281
2141.592
2141.9
2142.279
2142.658
2143.037
2143.416
2143.795
2144.174
2144.553
2144.932
2145.312
2145.646
2145.98
2146.211
2146.442
2146.673
2146.904
2147.135
2147.366
2147.595
2147.82
2148.045
2148.27
2148.495
2148.72
2148.945
2149.17
2149.667
2150.164
2150.661
2151.158
2151.655
2152.152
2152.649
2153.146
2153.64
2153.95
2154.26
2154.57
2154.88
2155.19
2155.5
2155.81
2156.12
2156.426
2156.622
2156.818
2157.014
2157.21
2157.406
2157.602
2157.8
2158.446
2159.092
2159.738
2160.384
2161.03
2161.676
2162.32
2162.883
2163.446
2164.009
2164.572
2165.135
2165.698
2166.261
2166.824
2167.387
2167.95
2168.51
2169.106
2169.702
2170.298
2170.894
2171.49
2172.086
2172.682
2173.278
2173.874
2174.47
2175.066
2175.66
2176.02
2176.38
2176.74
2177.1
2177.46
2177.82
2178.18
2178.54
2178.9
2179.1
2179.3
2179.5
2179.7
2179.9
2180.1
2180.3
2180.5
2180.7
2180.9
2181.1
2181.3
2181.5
2181.852
2182.204
2182.556
2182.908
2183.26
2183.61
2183.895
2184.18
2184.464
2184.672
2184.88
2185.088
2185.296
2185.504
2185.712
2185.92
2186.13
2186.421
2186.712
2187.003
2187.294
2187.585
2187.876
2188.167
2188.458
2188.749
2189.04
2189.33
2189.597
2189.865
2190.132
2190.4
2190.571
2190.742
2190.913
2191.084
2191.255
2191.426
2191.597
2191.768
2191.941
2192.541
2193.141
2193.74
2194.264
2194.788
2195.312
2195.836
2196.36
2196.884
2197.41
2197.84
2198.27
2198.7
2199.13
2199.56
2199.99
2200.42
2200.85
2201.28
2201.71
2202.238
2202.766
2203.294
2203.822
2204.35
2204.88
2205.244
2205.608
2205.972
2206.336
2206.7
2207.023
2207.346
2207.669
2207.992
2208.315
2208.64
2209.156
2209.672
2210.188
2210.704
2211.22
2211.736
2212.252
2212.768
2213.287
2213.495
2213.703
2213.911
2214.12
2215.234
2216.348
2217.462
2217.726
2217.99
2218.254
2218.518
2218.782
2219.046
2219.31
2219.798
2220.286
2220.774
2221.262
2221.75
2222.24
2222.791
2223.342
2223.893
2224.444
2224.995
2225.546
2226.097
2226.648
2227.2
2227.446
2227.692
2227.938
2228.184
2228.43
2228.676
2228.922
2229.168
2229.41
2229.751
2230.092
2230.433
2230.774
2231.115
2231.456
2231.797
2232.137
2232.72
2233.292
2233.865
2234.153
2234.441
2234.729
2235.017
2235.305
2235.593
2235.881
2236.169
2236.457
2236.745
2237.03
2237.334
2237.638
2237.942
2238.246
2238.55
2238.854
2239.158
2239.462
2239.766
2240.07
2240.336
2240.602
2240.868
2241.134
2241.4
2241.666
2241.932
2242.198
2242.464
2242.73
2243.127
2243.524
2243.921
2244.318
2244.715
2245.11
2246.404
2247.698
2248.992
2250.286
2251.58
2252.874
2254.17
2254.399
2254.628
2254.857
2255.086
2255.315
2255.544
2255.773
2256.002
2256.231
2256.46
2256.745
2257.03
2257.315
2257.6
2257.885
2258.17
2258.455
2258.74
2259.025
2259.314
2259.552
2259.79
2260.028
2260.266
2260.504
2260.742
2260.98
2261.23
2261.48
2261.73
2261.98
2262.23
2262.48
2262.73
2263.296
2263.862
2264.428
2264.994
2265.562
2265.775
2265.988
2266.201
2266.414
2266.628
2266.841
2267.054
2267.27
2267.715
2268.16
2268.605
2269.05
2269.495
2269.94
2270.493
2271.046
2271.599
2272.152
2272.705
2273.26
2273.923
2274.586
2275.249
2275.912
2276.575
2277.24
2277.704
2278.168
2278.632
2279.096
2279.56
2280.024
2280.49
2281.453
2282.416
2283.379
2284.342
2285.305
2286.268
2287.23
2287.897
2288.564
2289.231
2289.898
2290.565
2291.232
2291.899
2292.566
2293.233
2293.9
2294.786
2295.672
2296.558
2297.444
2298.33
2298.857
2299.384
2299.911
2300.438
2300.965
2301.492
2302.019
2302.546
2303.073
2303.6
2303.811
2304.022
2304.233
2304.444
2304.655
2304.866
2305.077
2305.288
2305.499
2305.71
2305.921
2306.13
2306.337
2306.544
2306.751
2306.958
2307.165
2307.372
2307.579
2307.786
2307.993
2308.2
2308.41
2308.648
2308.886
2309.124
2309.362
2309.6
2309.838
2310.076
2310.312
2310.483
2310.654
2310.825
2310.996
2311.167
2311.338
2311.509
2311.68
2311.851
2312.02
2312.35
2312.68
2313.01
2313.34
2313.672
2313.873
2314.074
2314.275
2314.476
2314.677
2314.878
2315.079
2315.28
2315.481
2315.682
2315.88
2316.224
2316.568
2316.912
2317.256
2317.6
2317.944
2318.288
2318.632
2318.972
2319.161
2319.35
2319.539
2319.728
2319.917
2320.106
2320.295
2320.484
2320.673
2320.862
2321.051
2321.24
2321.43
2321.811
2322.192
2322.573
2322.954
2323.335
2323.716
2324.097
2324.478
2324.859
2325.24
2325.621
2326.002
2326.38
2326.803
2327.226
2327.649
2328.072
2328.495
2328.918
2329.341
2329.764
2330.187
2330.61
2331.033
2331.455
2332.063
2332.671
2333.279
2333.887
2334.495
2335.103
2335.711
2336.319
2336.927
2337.535
2338.14
2338.593
2339.046
2339.499
2339.952
2340.405
2340.858
2341.311
2341.764
2342.22
2342.458
2342.696
2342.934
2343.172
2343.41
2343.648
2343.885
2344.334
2344.783
2345.232
2345.681
2346.13
2346.579
2347.03
2347.259
2347.488
2347.717
2347.946
2348.175
2348.404
2348.633
2348.862
2349.09
2349.554
2350.018
2350.482
2350.946
2351.41
2351.874
2352.339
2352.518
2352.697
2352.876
2353.055
2353.234
2353.413
2353.592
2353.771
2353.95
2354.13
2354.346
2354.562
2354.778
2354.994
2355.21
2355.426
2355.642
2355.858
2356.074
2356.29
2356.506
2356.722
2356.938
2357.15
2357.365
2357.58
2357.795
2358.01
2358.225
2358.44
2358.655
2358.87
2359.085
2359.3
2359.598
2359.896
2360.194
2360.492
2360.79
2361.088
2361.386
2361.684
2361.982
2362.28
2362.58
2363.28
2363.98
2364.68
2365.38
2365.784
2366.188
2366.592
2366.996
2367.4
2367.804
2368.208
2368.612
2369.016
2369.42
2369.824
2370.228
2370.63
2371.662
2372.693
2373.725
2374.756
2375.787
2376.818
2377.85
2378.882
2379.095
2379.308
2379.521
2379.735
2379.948
2380.161
2380.374
2380.59
2381.104
2381.618
2382.132
2382.646
2383.16
2383.674
2384.188
2384.702
2385.22
2385.387
2385.554
2385.72
2386.081
2386.442
2386.803
2387.164
2387.525
2387.886
2388.247
2388.608
2388.97
2389.29
2389.61
2389.93
2390.25
2390.57
2390.892
2391.093
2391.294
2391.495
2391.696
2391.897
2392.098
2392.299
2392.5
2392.701
2392.902
2393.1
2393.349
2393.598
2393.847
2394.096
2394.345
2394.594
2394.843
2395.092
2395.341
2395.59
2395.839
2396.09
2396.284
2396.478
2396.672
2396.866
2397.06
2397.254
2397.448
2397.642
2397.84
2398.142
2398.444
2398.746
2399.048
2399.35
2399.652
2399.954
2400.256
2400.558
2400.86
2401.806
2402.752
2403.697
2404.349
2405.001
2405.653
2406.305
2406.957
2407.609
2408.261
2408.913
2409.565
2410.217
2410.87
2411.09
2411.31
2411.53
2411.75
2411.97
2412.19
2412.41
2412.63
2412.85
2413.097
2413.344
2413.591
2413.838
2414.085
2414.33
2414.775
2415.22
2415.665
2416.11
2416.555
2417.0
2417.445
2417.89
2418.335
2418.78
2419.297
2419.814
2420.331
2420.848
2421.365
2421.88
2425.18
2428.48
2431.78
2435.08
2438.38
2438.981
2439.582
2440.182
2440.782
2441.383
2441.983
2442.584
2443.184
2443.85
2444.233
2444.616
2444.999
2445.382
2445.765
2446.148
2446.53
2446.772
2447.014
2447.256
2447.498
2447.74
2447.98
2448.346
2448.712
2449.078
2449.444
2449.81
2450.176
2450.542
2450.908
2451.274
2451.64
2451.859
2452.078
2452.297
2452.516
2452.735
2452.954
2453.17
2453.551
2453.932
2454.313
2454.694
2455.075
2455.456
2456.079
2456.702
2457.325
2457.948
2458.571
2459.194
2459.817
2460.44
2461.06
2461.286
2461.512
2461.738
2461.964
2462.19
2462.416
2462.642
2462.87
2463.249
2463.628
2464.007
2464.386
2464.765
2465.144
2465.523
2465.9
2466.118
2466.336
2466.554
2466.772
2466.99
2467.208
2467.426
2467.644
2467.862
2468.08
2468.298
2468.516
2468.73
2469.502
2470.274
2471.046
2471.818
2472.59
2472.76
2472.93
2473.1
2473.27
2473.44
2473.61
2473.78
2473.95
2474.12
2474.741
2475.362
2475.983
2476.604
2477.225
2477.846
2478.467
2479.088
2479.705
2480.398
2481.091
2481.784
2482.477
2483.17
2483.379
2483.588
2483.797
2484.006
2484.215
2484.424
2484.633
2484.84
2487.737
2490.634
2493.531
2496.428
2499.325
2502.22
2502.901
2503.582
2504.263
2504.944
2505.625
2506.306
2506.987
2507.668
2508.349
2509.03
2509.508
2509.986
2510.464
2510.942
2511.42
2511.898
2512.376
2512.854
2513.332
2513.81
2514.098
2514.386
2514.674
2514.962
2515.25
2515.538
2515.826
2516.114
2516.4
2516.605
2516.81
2517.015
2517.22
2517.425
2517.63
2517.835
2518.04
2518.269
2518.498
2518.727
2518.955
2519.421
2519.887
2520.353
2520.819
2521.285
2521.751
2522.22
2522.586
2522.952
2523.318
2523.684
2524.05
2524.416
2524.779
2525.547
2526.315
2527.083
2527.85
2528.097
2528.344
2528.591
2528.838
2529.085
2529.33
2530.394
2531.458
2532.522
2533.586
2534.65
2535.714
2536.78
2537.002
2537.224
2537.446
2537.668
2537.89
2538.112
2538.334
2538.556
2538.778
2539.004
2539.24
2539.476
2539.712
2539.948
2540.184
2540.42
2540.587
2540.754
2540.921
2541.088
2541.253
2541.624
2541.995
2542.366
2542.737
2543.108
2543.479
2543.85
2544.157
2544.465
2544.773
2545.08
2545.71
2546.28
2546.85
2547.42
2547.99
2548.56
2549.13
2549.7
2550.327
2550.954
2551.58
2551.804
2552.028
2552.252
2552.476
2552.7
2552.924
2553.148
2553.372
2553.596
2553.82
2554.044
2554.27
2554.803
2555.336
2555.869
2556.402
2556.935
2557.47
2557.685
2557.9
2558.115
2558.33
2558.545
2558.76
2558.975
2559.19
2559.405
2559.62
2559.835
2560.05
2560.484
2560.918
2561.352
2561.786
2562.22
2562.654
2563.086
2563.304
2563.523
2563.742
2563.96
2564.192
2564.424
2564.656
2564.888
2565.12
2565.434
2565.748
2566.062
2566.376
2566.69
2567.004
2567.318
2567.63
2567.966
2568.302
2568.638
2568.974
2569.31
2569.646
2569.982
2570.32
2570.617
2570.914
2571.211
2571.508
2571.805
2572.102
2572.399
2572.696
2572.993
2573.29
2573.587
2573.88
2574.116
2574.352
2574.588
2574.824
2575.06
2575.296
2575.53
2576.013
2576.496
2576.98
2577.45
2577.92
2578.39
2578.86
2579.065
2579.27
2579.475
2579.68
2579.885
2580.09
2580.295
2580.5
2580.707
2582.271
2583.835
2585.399
2586.963
2588.527
2590.091
2590.59
2591.017
2591.444
2591.872
2592.3
2592.727
2593.154
2593.582
2594.01
2594.482
2594.954
2595.426
2595.898
2596.37
2596.842
2597.315
2597.668
2598.021
2598.374
2598.727
2599.08
2599.351
2599.622
2599.893
2600.164
2600.435
2600.706
2600.98
2601.227
2601.474
2601.721
2601.968
2602.215
2602.462
2602.709
2602.956
2603.203
2603.45
2603.7
2604.322
2604.944
2605.566
2606.188
2606.81
2607.43
2607.662
2607.894
2608.126
2608.358
2608.59
2608.822
2609.054
2609.286
2609.52
2609.818
2610.116
2610.414
2610.712
2611.01
2611.308
2611.606
2611.9
2612.505
2613.11
2613.715
2614.32
2614.856
2615.392
2615.928
2616.464
2617.0
2617.536
2618.072
2618.608
2619.14
2619.44
2619.74
2620.04
2620.34
2620.64
2620.94
2621.24
2621.54
2621.84
2622.302
2622.764
2623.226
2623.688
2624.15
2624.612
2625.074
2625.536
2625.998
2626.46
2627.079
2627.698
2628.317
2628.936
2629.555
2630.174
2630.793
2631.41
2631.625
2631.84
2632.055
2632.27
2632.485
2632.7
2632.915
2633.13
2633.345
2633.56
2633.818
2634.076
2634.334
2634.592
2634.85
2635.108
2635.366
2635.624
2635.882
2636.14
2636.515
2636.89
2637.265
2637.64
2638.015
2638.389
2638.58
2638.771
2638.962
2639.153
2639.344
2639.535
2639.726
2639.917
2640.108
2640.299
2640.49
2640.68
2640.884
2641.088
2641.292
2641.496
2641.7
2641.904
2642.108
2642.312
2642.513
2642.853
2643.193
2643.533
2643.873
2644.213
2644.553
2644.893
2645.233
2645.57
2645.923
2646.276
2646.63
2646.801
2646.972
2647.143
2647.314
2647.485
2647.656
2647.827
2647.998
2648.171
2648.449
2648.727
2649.005
2649.283
2649.56
2649.843
2650.126
2650.409
2650.692
2650.975
2651.258
2651.541
2651.824
2652.107
2652.39
2652.673
2652.96
2653.209
2653.458
2653.707
2653.956
2654.205
2654.454
2654.7
2655.366
2656.032
2656.698
2657.364
2658.03
2659.11
2660.19
2661.27
2662.15
2663.03
2663.91
2664.79
2665.67
2666.55
2667.43
2667.745
2668.06
2668.375
2668.69
2669.005
2669.32
2669.635
2669.95
2670.265
2670.58
2670.9
2671.446
2671.992
2672.538
2673.084
2673.63
2674.176
2674.722
2675.268
2675.814
2676.36
2676.906
2677.452
2678.0
2678.395
2678.79
2679.185
2679.58
2679.895
2680.21
2680.525
2680.84
2681.155
2681.47
2681.785
2682.1
2682.435
2682.77
2683.105
2683.44
2683.706
2683.972
2684.238
2684.504
2684.77
2685.036
2685.302
2685.568
2685.834
2686.101
2686.326
2686.551
2686.776
2687.001
2687.226
2687.451
2687.676
2687.901
2688.126
2688.35
2688.515
2688.68
2688.845
2689.01
2689.175
2689.34
2689.505
2689.67
2689.835
2690.0
2690.16
2690.374
2690.588
2690.802
2691.016
2691.23
2691.559
2691.888
2692.216
2692.544
2692.872
2693.2
2693.528
2693.856
2694.185
2694.515
2694.708
2694.901
2695.094
2695.287
2695.48
2695.673
2695.866
2696.059
2696.252
2696.445
2696.64
2696.86
2697.08
2697.3
2697.52
2697.74
2697.96
2698.18
2698.4
2698.62
2698.84
2699.089
2699.338
2699.587
2699.836
2700.084
2700.332
2700.581
2700.83
2701.079
2701.325
2702.068
2702.811
2703.553
2704.296
2705.038
2705.78
2706.002
2706.224
2706.446
2706.668
2706.89
2707.112
2707.334
2707.556
2707.78
2709.363
2710.946
2712.529
2714.112
2715.695
2717.28
2717.584
2717.888
2718.192
2718.496
2718.8
2719.104
2719.408
2719.712
2720.016
2720.32
2720.629
2720.887
2721.145
2721.403
2721.661
2721.92
2722.153
2722.386
2722.619
2722.852
2723.085
2723.318
2723.551
2723.784
2724.017
2724.253
2724.508
2724.763
2725.018
2725.273
2725.528
2725.783
2726.038
2726.292
2726.493
2726.694
2726.895
2727.096
2727.297
2727.5
2727.782
2728.064
2728.346
2728.628
2728.91
2729.138
2729.366
2729.594
2729.822
2730.05
2730.278
2730.506
2730.734
2730.962
2731.19
2731.418
2731.646
2731.88
2732.134
2732.388
2732.642
2732.896
2733.15
2733.404
2733.658
2733.91
2734.164
2734.418
2734.672
2734.926
2735.18
2735.434
2735.688
2735.94
2736.953
2737.966
2738.98
2739.482
2739.984
2740.486
2740.988
2741.49
2741.992
2742.494
2742.996
2743.498
2744.0
2744.502
2745.0
2745.232
2745.464
2745.696
2745.928
2746.16
2746.392
2746.624
2746.856
2747.084
2747.286
2747.488
2747.69
2747.892
2748.094
2748.296
2748.5
2748.786
2749.072
2749.358
2749.644
2749.93
2750.216
2750.502
2750.79
2751.04
2751.29
2751.609
2751.928
2752.247
2752.566
2752.885
2753.204
2753.523
2753.842
2754.161
2754.48
2754.8
2755.288
2755.775
2756.262
2756.75
2757.157
2757.564
2757.971
2758.378
2758.785
2759.192
2759.599
2760.006
2760.413
2760.82
2761.227
2761.64
2761.948
2762.256
2762.564
2762.872
2763.18
2763.49
2763.762
2764.034
2764.306
2764.578
2764.85
2765.34
2765.83
2766.32
2766.81
2767.3
2767.573
2767.846
2768.119
2768.392
2768.665
2768.938
2769.211
2769.484
2769.757
2770.03
2770.303
2770.58
2770.873
2771.166
2771.459
2771.752
2772.045
2772.34
2772.989
2773.638
2774.287
2774.936
2775.585
2776.234
2776.88
2777.1
2777.32
2777.54
2777.76
2777.98
2778.2
2778.42
2778.64
2778.86
2779.168
2779.476
2779.784
2780.092
2780.4
2780.809
2781.218
2781.627
2782.036
2782.445
2782.854
2783.26
2783.5
2783.74
2783.98
2784.22
2784.46
2784.7
2784.856
2785.012
2785.168
2785.324
2785.48
2785.636
2785.79
2786.022
2786.254
2786.486
2786.718
2786.95
2787.182
2787.415
2787.904
2788.393
2788.882
2789.371
2789.86
2790.349
2790.84
2792.124
2793.408
2793.88
2794.352
2794.824
2795.296
2795.768
2796.24
2796.71
2796.992
2797.274
2797.556
2797.838
2798.12
2798.343
2798.566
2798.789
2799.012
2799.235
2799.458
2799.681
2799.904
2800.127
2800.35
2800.577
2800.769
2800.961
2801.153
2801.345
2801.535
2801.864
2802.193
2802.522
2802.851
2803.18
2803.51
2803.805
2804.1
2804.395
2804.69
2804.985
2805.28
2805.575
2805.87
2806.165
2806.46
2806.767
2807.074
2807.381
2807.688
2807.995
2808.3
2808.508
2808.716
2808.924
2809.132
2809.34
2809.548
2809.756
2809.964
2810.172
2810.38
2810.588
2810.796
2811.01
2811.367
2811.724
2812.081
2812.438
2812.795
2813.152
2813.51
2813.969
2814.428
2814.887
2815.346
2815.805
2816.264
2816.72
2817.02
2817.32
2817.62
2817.92
2818.22
2818.52
2818.777
2819.034
2819.291
2819.548
2819.805
2820.062
2820.32
2820.843
2821.366
2821.889
2822.412
2822.935
2823.458
2823.98
2824.524
2825.068
2825.612
2826.156
2826.7
2827.244
2827.788
2828.332
2828.876
2829.42
2829.912
2830.404
2830.896
2831.39
2831.601
2831.812
2832.023
2832.234
2832.445
2832.656
2832.867
2833.078
2833.289
2833.5
2833.844
2834.188
2834.532
2834.876
2835.22
2835.564
2835.91
2836.585
2837.26
2837.935
2838.61
2839.285
2839.96
2840.635
2841.31
2841.639
2841.968
2842.297
2842.626
2842.955
2843.284
2843.613
2843.942
2844.27
2845.38
2846.49
2847.6
2848.71
2848.93
2849.15
2849.37
2849.59
2849.81
2850.03
2850.35
2850.67
2850.99
2851.31
2851.63
2851.95
2852.27
2852.638
2853.006
2853.374
2853.742
2854.11
2854.478
2854.846
2855.214
2855.58
2855.836
2856.092
2856.348
2856.604
2856.86
2857.116
2857.372
2857.628
2857.884
2858.14
2858.479
2858.818
2859.157
2859.496
2859.835
2860.174
2860.513
2860.852
2861.19
2861.458
2861.726
2861.994
2862.262
2862.53
2862.8
2863.092
2863.384
2863.676
2863.968
2864.26
2864.55
2864.998
2865.446
2865.894
2866.342
2866.79
2867.24
2867.455
2867.67
2867.885
2868.1
2868.315
2868.53
2868.745
2868.96
2869.176
2869.392
2869.608
2869.824
2870.04
2870.21
2870.38
2870.55
2870.72
2870.89
2871.06
2871.23
2871.4
2871.57
2871.74
2871.91
2872.08
2872.26
2872.441
2872.621
2872.802
2872.983
2873.164
2873.345
2873.525
2873.706
2873.887
2874.068
2874.246
2874.453
2874.66
2874.867
2875.074
2875.281
2875.487
2875.685
2875.883
2876.081
2876.279
2876.477
2876.675
2876.873
2877.07
2877.32
2877.57
2877.82
2878.07
2878.32
2878.57
2878.82
2879.155
2879.49
2879.825
2880.16
2880.495
2880.83
2881.165
2881.5
2881.815
2882.13
2882.445
2882.76
2883.075
2883.39
2883.705
2884.02
2884.335
2884.592
2884.849
2885.106
2885.363
2885.62
2886.36
2887.1
2887.84
2888.313
2888.786
2889.259
2889.732
2890.205
2890.678
2891.151
2891.626
2891.851
2892.076
2892.301
2892.526
2892.75
2893.152
2893.554
2893.956
2894.358
2894.76
2895.166
2895.572
2895.978
2896.384
2896.79
2897.196
2897.602
2898.008
2898.41
2898.618
2898.826
2899.034
2899.242
2899.45
2899.658
2899.866
2900.074
2900.282
2900.49
2900.698
2900.91
2901.332
2901.754
2902.176
2902.598
2903.02
2903.44
2903.975
2904.51
2905.045
2905.58
2905.816
2906.052
2906.288
2906.524
2906.76
2906.996
2907.229
2907.453
2907.677
2907.901
2908.125
2908.349
2908.573
2908.797
2909.02
2909.222
2909.424
2909.626
2909.828
2910.03
2910.232
2910.436
2910.751
2911.066
2911.381
2911.696
2912.011
2912.326
2912.641
2912.956
2913.27
2913.522
2913.774
2914.026
2914.278
2914.53
2914.782
2915.034
2915.286
2915.54
2915.741
2915.942
2916.143
2916.344
2916.545
2916.746
2916.947
2917.148
2917.349
2917.55
2917.751
2917.957
2918.146
2918.335
2918.524
2918.713
2918.902
2919.091
2919.28
2919.469
2919.658
2919.847
2920.04
2920.326
2920.612
2920.898
2921.184
2921.47
2921.756
2922.04
2922.528
2923.015
2923.502
2923.99
2926.7
2926.95
2927.2
2927.513
2927.826
2928.14
2928.633
2929.126
2929.619
2930.112
2930.605
2931.098
2931.593
2932.231
2932.869
2933.507
2934.145
2934.783
2935.421
2936.059
2936.358
2936.657
2936.956
2937.255
2937.553
2937.85
2938.147
2938.444
2938.741
2939.038
2939.335
2939.632
2939.929
2940.226
2940.523
2940.82
2941.174
2941.528
2941.882
2942.236
2942.59
2942.944
2943.298
2943.652
2944.009
2944.307
2944.605
2944.903
2945.201
2945.499
2945.8
2946.086
2946.372
2946.658
2946.944
2947.23
2947.516
2947.802
2948.09
2948.348
2948.606
2948.864
2949.122
2949.38
2949.38
2949.38
2949.38
2949.38
2949.38
2949.38
2949.38
2949.38
2949.38
