22.72
23.164
23.608
24.052
24.496
24.94
25.384
25.828
26.27
26.61
26.95
27.29
27.63
27.97
28.31
28.65
28.989
29.612
30.235
30.858
31.481
32.104
32.729
33.153
33.577
34.001
34.425
34.849
35.273
35.697
36.12
36.427
36.734
37.041
37.348
37.655
37.962
38.27
38.58
39.15
39.72
40.29
40.548
40.806
41.064
41.322
41.58
41.838
42.096
42.354
42.612
42.87
43.13
43.324
43.518
43.712
43.906
44.1
44.294
44.488
44.682
44.88
45.094
45.308
45.522
45.736
45.95
46.164
46.378
46.592
46.806
47.02
47.323
47.626
47.929
48.232
48.535
48.838
49.14
49.758
50.376
50.994
51.612
52.23
52.85
53.093
53.336
53.579
53.822
54.065
54.308
54.551
54.794
55.04
55.343
55.646
55.949
56.252
56.555
56.858
57.161
57.464
57.767
58.07
58.373
58.676
58.979
59.28
59.586
59.892
60.198
60.504
60.81
61.116
61.422
61.728
62.034
62.34
62.646
62.95
63.124
63.298
63.472
63.646
63.82
63.994
64.168
64.342
64.519
64.717
64.915
65.113
65.311
65.509
65.707
65.905
66.103
66.301
66.499
66.697
66.893
67.137
67.381
67.625
67.869
68.113
68.357
68.601
68.845
69.089
69.333
69.58
69.953
70.326
70.699
71.072
71.445
71.818
72.191
72.564
72.937
73.31
73.68
74.381
75.082
75.783
76.484
77.185
77.886
78.587
79.288
79.989
80.69
81.39
82.18
82.97
83.76
84.875
85.99
86.27
86.55
86.83
87.11
87.39
87.67
87.95
88.23
88.51
89.69
90.87
92.05
93.23
94.41
95.59
96.108
96.626
97.144
97.662
98.18
98.698
99.216
99.736
99.965
100.194
100.423
100.652
100.881
101.11
101.522
101.934
102.346
102.758
103.17
103.582
103.994
104.41
105.06
105.71
106.36
107.01
107.66
108.31
108.96
109.273
109.586
109.899
110.212
110.525
110.838
111.15
111.545
111.94
112.107
112.274
112.44
115.12
115.34
115.56
115.78
116.0
116.22
116.44
116.66
117.197
117.734
118.272
118.81
119.605
120.4
121.569
123.353
125.137
126.921
128.705
130.489
132.273
134.057
135.841
137.625
139.409
141.19
141.374
141.558
141.742
141.926
142.11
142.294
142.478
142.662
142.846
143.03
143.21
143.876
144.542
145.208
145.874
146.54
147.206
147.872
148.538
149.2
149.347
149.494
149.641
149.788
149.935
150.082
150.229
150.376
150.523
150.67
150.817
150.964
151.111
151.258
151.405
151.552
151.7
152.199
152.629
153.059
153.489
153.919
154.35
154.761
155.172
155.583
155.994
156.405
156.816
157.227
157.638
158.05
158.446
158.842
159.238
159.634
160.03
160.426
160.822
161.218
161.614
162.01
162.3
162.59
162.88
163.17
163.537
163.904
164.271
164.638
165.005
165.37
165.603
165.837
166.07
166.303
166.536
166.769
167.002
167.236
167.469
167.705
168.018
168.331
168.644
168.957
169.27
169.583
169.896
170.209
170.522
170.835
171.148
171.46
171.668
171.876
172.084
172.292
172.5
172.708
172.916
173.12
173.314
173.508
173.702
173.896
174.09
174.284
174.478
174.672
174.87
175.237
175.604
175.971
176.338
176.705
177.07
177.362
177.654
177.946
178.238
178.53
178.822
179.114
179.406
179.698
179.99
180.287
180.509
180.731
180.953
181.175
181.397
181.62
182.062
182.505
182.947
183.39
183.725
184.06
184.395
184.73
185.065
185.4
185.735
186.07
186.662
187.254
187.846
188.438
189.03
189.62
189.951
190.282
190.613
190.944
191.275
191.606
191.94
192.822
193.704
194.586
195.468
196.35
197.232
198.114
198.996
199.878
200.76
202.127
203.494
204.86
205.246
205.632
206.018
206.404
206.79
207.176
207.562
207.949
208.248
208.546
208.844
209.142
209.44
209.74
209.859
209.978
210.097
210.216
210.335
210.454
210.573
210.692
210.811
210.93
211.315
211.7
212.085
212.47
212.776
213.082
213.388
213.694
214.0
214.291
214.582
214.873
215.164
215.455
215.746
216.04
216.309
216.578
216.847
217.116
217.385
217.654
217.923
218.192
218.46
218.717
218.974
219.231
219.488
219.745
220.002
220.259
220.516
220.77
221.556
222.342
223.128
223.914
224.7
225.486
226.272
227.058
227.844
228.63
229.416
230.2
230.828
231.456
232.084
232.712
233.34
233.968
234.596
235.224
235.852
236.48
237.024
237.568
238.112
238.656
239.2
239.744
240.288
240.832
241.376
241.92
242.386
242.852
243.318
243.784
244.25
244.716
245.18
245.555
245.93
246.305
246.68
247.055
247.43
247.805
248.18
248.555
248.93
249.356
249.782
250.208
250.634
251.06
251.486
251.91
252.097
252.285
252.472
252.66
252.847
253.035
253.222
253.41
253.887
254.364
254.841
255.319
255.796
256.274
256.752
257.23
257.708
258.186
258.663
259.14
259.486
259.832
260.178
260.524
260.87
261.216
261.562
261.908
262.254
262.6
262.946
263.29
263.713
264.136
264.559
264.982
265.405
265.828
266.25
266.754
267.258
267.762
268.266
268.77
269.274
269.78
270.293
270.805
271.118
271.43
272.697
273.964
275.231
276.5
276.925
277.35
277.775
278.2
278.625
279.05
279.475
279.9
282.42
284.94
287.46
289.98
290.555
291.13
291.705
292.28
292.601
292.922
293.243
293.564
293.885
294.206
294.53
294.742
294.954
295.166
295.378
295.59
295.802
296.014
296.226
296.438
296.65
296.863
297.184
297.505
297.826
298.147
298.47
299.03
299.59
300.15
300.71
301.27
301.83
302.39
302.702
303.014
303.327
303.639
303.952
304.264
304.577
304.89
305.295
305.7
306.105
306.464
306.822
307.18
307.538
307.897
308.255
308.613
308.971
309.329
309.69
310.07
310.45
310.83
311.21
311.59
311.97
312.35
312.73
313.106
313.32
313.534
313.748
313.962
314.176
314.39
314.605
315.1
315.595
316.09
316.585
317.08
317.563
318.046
318.529
319.012
319.495
319.977
320.157
320.337
320.517
320.697
320.877
321.06
321.386
321.712
322.038
322.364
322.69
323.016
323.34
324.344
325.348
326.352
327.356
328.36
329.013
329.666
330.319
330.972
331.625
332.278
332.931
333.584
334.237
334.89
335.543
336.2
336.612
337.024
337.436
337.848
338.26
338.672
339.084
339.496
339.908
340.32
340.73
341.367
342.004
342.641
343.278
343.915
344.552
345.189
345.826
346.463
347.1
347.74
348.884
350.028
351.172
352.314
352.58
352.846
353.112
353.378
353.644
353.91
354.176
354.44
354.772
355.104
355.436
355.768
356.1
356.432
356.764
357.096
357.428
357.76
358.09
358.502
358.914
359.326
359.738
360.15
360.56
360.809
361.058
361.307
361.556
361.805
362.054
362.303
362.552
362.801
363.05
363.585
364.12
364.655
365.19
365.725
366.26
366.559
366.858
367.157
367.456
367.755
368.054
368.353
368.65
368.947
369.244
369.54
369.743
369.946
370.149
370.352
370.555
370.758
370.961
371.164
371.37
371.873
372.376
372.879
373.382
373.885
374.39
374.79
375.19
375.59
375.99
376.39
376.79
377.19
377.59
377.99
378.39
378.569
378.748
378.927
379.106
379.285
379.464
379.64
379.88
380.12
380.36
380.6
380.84
381.08
381.322
381.54
381.758
381.976
382.194
382.412
382.63
382.848
383.066
383.28
383.567
383.854
384.141
384.428
384.715
385.002
385.29
385.947
386.604
387.261
387.918
388.575
389.23
390.633
392.036
393.44
393.72
394.0
394.28
394.56
394.84
395.12
395.4
395.68
395.976
396.272
396.568
396.864
397.16
397.668
398.175
398.683
399.19
399.456
399.722
399.988
400.254
400.52
400.786
401.052
401.32
401.497
401.674
401.851
402.028
402.205
402.382
402.559
402.736
402.913
403.09
403.267
403.44
403.721
404.002
404.283
404.564
404.845
405.126
405.407
405.69
406.01
406.33
406.65
406.97
407.29
407.61
407.93
408.25
408.57
408.89
409.142
409.394
409.646
409.898
410.15
410.402
410.654
410.906
411.158
411.41
411.66
412.059
412.458
412.857
413.256
413.655
414.054
414.453
414.852
415.25
415.729
416.208
416.687
417.166
417.645
418.124
418.603
419.085
419.418
419.751
420.084
420.417
420.75
421.083
421.416
421.749
422.08
422.862
423.644
424.427
425.21
425.614
426.018
426.422
426.826
427.23
427.634
428.038
428.442
428.846
429.25
429.654
430.06
430.582
431.104
431.626
432.15
432.432
432.714
432.996
433.278
433.56
433.842
434.124
434.406
434.688
434.97
435.25
435.501
435.752
436.003
436.254
436.505
436.756
437.007
437.258
437.51
438.08
438.65
439.22
439.619
440.018
440.417
440.816
441.215
441.614
442.013
442.412
442.811
443.21
443.531
443.852
444.173
444.494
444.815
445.136
445.457
445.78
446.001
446.222
446.443
446.664
446.885
447.106
447.327
447.548
447.77
447.96
448.15
448.34
448.53
448.72
448.91
449.1
449.29
449.504
449.718
449.932
450.146
450.36
450.574
450.788
451.002
451.216
451.43
451.644
451.858
452.072
452.29
452.683
453.075
453.467
453.859
454.251
454.643
455.035
455.428
455.82
456.212
456.604
457.0
457.369
457.738
458.107
458.476
458.845
459.214
459.583
459.952
460.321
460.69
461.059
461.43
461.694
461.958
462.222
462.486
462.75
463.014
463.278
463.542
463.806
464.07
464.334
464.598
464.862
465.13
465.89
466.65
467.41
468.17
468.93
469.905
470.88
471.637
472.394
473.151
473.909
474.666
475.423
476.18
476.94
477.223
477.506
477.789
478.072
478.355
478.638
478.92
479.205
479.49
479.775
480.06
480.345
480.63
480.972
481.314
481.656
481.998
482.34
482.561
482.782
483.003
483.224
483.445
483.666
483.887
484.108
484.329
484.55
484.771
484.99
485.237
485.484
485.731
485.978
486.225
486.47
486.752
487.034
487.316
487.598
487.88
488.162
488.442
488.627
488.812
488.997
489.182
489.367
489.552
489.737
489.922
490.107
490.292
490.476
490.661
490.846
491.025
491.275
491.525
491.775
492.025
492.275
492.525
492.775
493.025
493.275
493.524
493.726
493.928
494.13
494.332
494.534
494.736
494.94
495.178
495.416
495.654
495.892
496.13
496.365
496.568
496.771
496.974
497.177
497.38
497.583
497.786
497.99
498.362
498.734
499.106
499.478
499.85
500.222
500.594
500.966
501.338
501.71
502.082
502.454
502.83
503.137
503.444
503.751
504.058
504.365
504.672
504.98
505.325
505.67
506.015
506.36
506.705
507.05
507.395
507.74
509.148
510.556
511.964
513.372
514.78
515.625
516.47
517.315
518.16
519.005
519.85
520.695
521.54
522.385
523.23
524.075
524.92
525.76
525.926
526.092
526.258
526.424
526.59
526.756
526.922
527.088
527.254
527.42
527.586
527.752
527.92
528.245
528.57
528.895
529.22
529.545
529.87
530.195
530.52
530.845
531.17
531.5
531.843
532.186
532.529
532.872
533.215
533.558
533.901
534.244
534.587
534.93
535.366
535.802
536.238
536.674
537.11
538.003
538.896
539.789
540.682
541.575
542.468
543.361
544.254
545.147
546.04
548.375
550.71
553.045
555.38
557.715
560.05
562.385
564.72
565.123
565.526
565.929
566.332
566.735
567.14
567.503
567.866
568.229
568.592
568.955
569.32
569.859
570.398
570.937
571.476
572.015
572.554
573.093
573.632
574.171
574.71
575.064
575.418
575.772
576.126
576.48
576.834
577.188
577.54
578.052
578.564
579.076
579.588
580.1
580.612
581.124
581.636
582.15
583.283
584.416
585.549
586.68
587.39
588.1
588.81
589.52
590.23
590.94
591.65
592.36
593.07
593.323
593.576
593.829
594.082
594.335
594.588
594.841
595.094
595.347
595.6
595.876
596.152
596.428
596.704
596.98
597.256
597.532
597.808
598.084
598.36
598.536
598.712
598.888
599.064
599.24
599.416
599.592
599.768
599.944
600.12
600.31
600.5
600.69
600.88
601.07
601.26
601.453
601.736
602.019
602.302
602.585
602.868
603.151
603.434
603.717
604.0
604.376
604.752
605.128
605.504
605.88
606.256
606.632
607.008
607.384
607.76
608.137
608.381
608.625
608.869
609.113
609.357
609.601
609.845
610.267
610.689
611.111
611.532
611.858
612.184
612.51
612.836
613.16
613.65
614.14
614.63
615.12
615.61
616.1
616.59
617.08
617.478
617.875
618.273
618.671
619.069
619.466
619.864
620.26
620.661
621.062
621.463
621.864
622.265
622.666
623.067
623.468
623.869
624.27
624.663
625.056
625.449
625.84
626.126
626.412
626.698
626.984
627.27
627.556
627.842
628.13
628.38
628.63
628.88
629.13
629.38
629.63
630.069
630.508
630.947
631.386
631.825
632.264
632.703
633.142
633.58
633.835
634.09
634.345
634.6
634.855
635.11
635.365
635.62
635.875
636.13
636.385
636.64
636.89
637.254
637.618
637.982
638.346
638.71
639.074
639.438
639.802
640.166
640.53
640.89
641.387
641.884
642.38
642.659
642.938
643.217
643.496
643.775
644.054
644.33
645.067
645.804
646.54
647.14
647.74
648.34
648.54
648.74
648.94
649.14
649.34
649.54
649.74
649.94
650.14
650.34
650.573
650.806
651.039
651.272
651.505
651.738
651.971
652.204
652.437
652.67
652.903
653.136
653.37
653.543
653.716
653.889
654.062
654.235
654.408
654.581
654.754
654.93
655.182
655.434
655.686
655.938
656.19
656.44
656.619
656.798
656.977
657.156
657.335
657.514
657.69
658.171
658.652
659.133
659.614
660.095
660.576
661.057
661.538
662.02
662.217
662.414
662.611
662.808
663.005
663.202
663.399
663.596
663.793
663.99
666.858
669.726
672.594
675.462
678.33
681.198
684.066
686.934
689.8
690.12
690.44
690.76
691.08
691.4
691.72
692.04
692.36
692.68
692.895
693.11
693.325
693.54
693.755
693.97
694.185
694.4
694.615
694.83
695.05
695.363
695.676
695.989
696.302
696.615
696.928
697.241
697.556
697.785
698.014
698.243
698.472
698.701
698.93
699.65
700.37
701.09
701.447
701.804
702.161
702.518
702.875
703.232
703.589
703.95
704.36
704.77
705.18
705.59
706.0
706.448
706.896
707.344
707.792
708.24
708.878
709.516
710.154
710.792
711.43
711.745
712.06
712.375
712.69
713.005
713.32
714.128
714.936
715.744
716.55
717.02
717.49
717.96
718.43
718.9
719.37
719.56
719.75
719.94
720.13
720.32
720.51
720.7
720.89
721.08
721.693
722.306
722.92
723.88
724.153
724.426
724.699
724.972
725.245
725.52
725.82
726.12
726.42
726.72
727.02
727.32
727.62
727.92
728.205
728.49
728.775
729.06
729.345
729.63
729.915
730.2
730.566
730.932
731.298
731.664
732.03
732.396
732.76
733.066
733.372
733.678
733.984
734.29
734.906
735.522
736.139
736.755
737.371
737.989
738.209
738.429
738.649
738.869
739.089
739.309
739.53
739.762
739.994
740.226
740.458
740.69
740.92
741.301
741.682
742.063
742.444
742.825
743.206
743.59
743.949
744.308
744.667
745.026
745.385
745.744
746.1
747.021
747.942
748.863
749.784
750.705
751.626
752.547
753.468
754.389
755.309
755.495
755.681
755.867
756.053
756.239
756.425
756.611
756.797
756.983
757.169
757.35
757.643
757.936
758.229
758.52
758.857
759.194
759.531
759.868
760.206
760.543
760.88
761.22
761.487
761.754
762.021
762.288
762.555
762.82
763.023
763.226
763.429
763.632
763.835
764.038
764.241
764.445
764.884
765.323
765.762
766.201
766.64
767.039
767.438
767.837
768.236
768.635
769.034
769.433
769.832
770.23
770.435
770.64
770.845
771.05
771.255
771.46
771.818
772.176
772.534
772.892
773.25
773.61
773.898
774.186
774.474
774.762
775.049
775.257
775.465
775.673
775.881
776.09
776.291
776.492
776.693
776.894
777.095
777.296
777.5
778.013
778.526
779.039
779.552
780.684
781.816
782.948
784.08
784.505
784.93
785.355
785.78
786.205
786.63
787.055
787.48
787.905
788.33
788.75
789.113
789.476
789.839
790.202
790.565
790.928
791.291
791.654
792.02
792.48
792.94
793.4
793.613
793.826
794.039
794.252
794.465
794.678
794.891
795.104
795.317
795.53
795.743
795.956
796.169
796.38
796.66
796.94
797.22
797.5
797.78
798.06
798.406
798.752
799.098
799.444
799.79
800.136
800.482
800.828
801.174
801.52
801.87
802.782
803.694
804.606
805.518
806.43
807.34
807.572
807.804
808.036
808.268
808.5
808.732
808.964
809.196
809.43
810.072
810.714
811.356
811.998
812.64
813.28
813.479
813.678
813.877
814.076
814.275
814.474
814.673
814.87
815.242
815.614
815.986
816.358
816.73
817.102
817.474
817.846
818.218
818.59
818.96
819.93
820.9
821.87
822.312
822.754
823.196
823.638
824.08
824.522
824.964
825.406
825.85
826.178
826.505
826.832
827.159
827.486
827.813
828.14
828.47
828.745
829.02
829.295
829.57
829.845
830.12
830.395
830.67
830.992
831.314
831.636
831.96
832.196
832.432
832.668
832.904
833.14
833.376
833.615
834.154
834.693
835.232
835.77
836.005
836.24
836.475
836.71
836.945
837.18
837.415
837.647
838.085
838.523
838.961
839.399
839.837
840.275
840.713
841.151
841.589
842.027
842.465
842.9
843.347
843.794
844.241
844.688
845.135
845.582
846.029
846.474
846.691
846.908
847.125
847.342
847.559
847.776
847.993
848.21
848.427
848.64
849.614
850.588
851.562
852.536
853.51
854.484
855.458
856.432
857.406
858.38
859.35
860.647
861.944
863.241
864.538
865.835
867.132
868.43
868.783
869.136
869.489
869.842
870.195
870.548
870.901
871.254
871.607
871.96
872.31
872.71
873.11
873.51
873.91
874.31
874.583
874.856
875.129
875.402
875.675
875.948
876.22
876.839
877.458
878.077
878.696
879.315
879.934
880.553
881.172
881.79
882.489
883.188
883.887
884.586
885.285
885.984
886.683
887.382
888.081
888.78
889.479
890.178
890.877
891.58
892.279
892.978
893.677
894.376
895.075
895.774
896.473
897.172
897.871
898.57
899.062
899.554
900.046
900.538
901.03
901.522
902.014
902.506
903.0
903.305
903.61
903.915
904.22
904.451
904.682
904.913
905.144
905.375
905.606
905.837
906.07
906.359
906.648
906.937
907.226
907.515
907.804
908.093
908.382
908.671
908.96
909.249
909.538
909.827
910.11
910.342
910.574
910.806
911.038
911.27
911.502
911.734
911.969
912.145
912.321
912.497
912.673
912.849
913.025
913.201
913.377
913.553
913.729
913.905
914.081
914.26
914.795
915.33
915.865
916.4
916.935
917.47
918.005
918.54
919.075
919.61
920.145
920.68
921.215
921.75
922.057
922.364
922.671
922.978
923.285
923.592
923.899
924.206
924.51
924.902
925.294
925.686
926.078
926.47
926.862
927.254
927.646
928.038
928.43
928.798
929.166
929.534
929.902
930.27
930.638
931.006
931.374
931.742
932.11
932.352
932.594
932.836
933.078
933.32
933.562
933.804
934.046
934.29
934.71
935.13
935.55
935.97
936.39
936.81
937.07
937.33
937.59
937.85
938.207
938.564
938.921
939.278
939.635
939.992
940.349
940.706
941.06
941.398
941.736
942.074
942.412
942.75
943.07
943.39
943.71
944.03
944.35
944.67
944.99
945.31
945.63
945.95
946.416
946.882
947.348
947.814
948.28
948.746
949.212
949.676
950.322
950.968
951.614
952.26
952.499
952.738
952.977
953.216
953.455
953.694
953.933
954.17
954.748
955.326
955.904
956.482
957.06
957.64
957.972
958.304
958.636
958.968
959.3
959.63
960.001
960.372
960.743
961.114
961.485
961.856
962.227
962.598
962.969
963.34
963.71
963.912
964.114
964.316
964.518
964.72
965.083
965.446
965.809
966.172
966.535
966.898
967.261
967.627
967.817
968.007
968.197
968.387
968.577
968.767
968.96
969.204
969.448
969.692
969.936
970.18
971.575
972.97
973.226
973.482
973.738
973.994
974.25
974.506
974.762
975.018
975.274
975.53
975.786
976.04
976.601
977.162
977.723
978.284
978.845
979.406
979.967
980.528
981.089
981.65
982.21
983.832
985.454
987.076
988.698
990.32
991.94
992.309
992.678
993.047
993.416
993.785
994.154
994.523
994.892
995.26
995.801
996.342
996.883
997.424
997.965
998.506
999.047
999.588
1000.129
1000.67
1001.211
1001.75
1002.151
1002.552
1002.953
1003.354
1003.755
1004.156
1004.557
1004.958
1005.36
1005.927
1006.494
1007.061
1007.628
1008.195
1008.762
1009.329
1009.896
1010.46
1010.725
1010.99
1011.255
1011.52
1011.785
1012.05
1012.315
1012.58
1012.845
1013.11
1013.435
1013.76
1014.085
1014.41
1014.735
1015.06
1015.257
1015.454
1015.651
1015.848
1016.045
1016.242
1016.439
1016.636
1016.83
1017.193
1017.556
1017.919
1018.282
1018.645
1019.01
1019.587
1020.164
1020.741
1021.32
1021.526
1021.732
1021.938
1022.144
1022.35
1022.66
1022.97
1023.28
1023.59
1023.9
1024.21
1024.52
1024.829
1025.218
1025.607
1025.996
1026.385
1026.774
1027.163
1027.55
1028.084
1028.618
1029.152
1029.686
1030.22
1030.754
1031.288
1031.822
1032.356
1032.89
1035.842
1038.794
1041.746
1044.698
1047.65
1050.6
1050.84
1051.08
1051.32
1051.56
1051.8
1052.04
1052.28
1052.52
1052.76
1053.0
1053.245
1053.637
1054.029
1054.421
1054.813
1055.205
1055.597
1055.989
1056.381
1056.773
1057.165
1057.557
1057.95
1058.318
1058.686
1059.054
1059.422
1059.79
1060.16
1060.395
1060.63
1060.865
1061.1
1061.335
1061.57
1061.805
1062.04
1062.427
1062.814
1063.201
1063.388
1063.575
1063.762
1063.949
1064.136
1064.323
1064.51
1064.7
1064.958
1065.216
1065.474
1065.732
1065.99
1066.247
1066.414
1066.581
1066.748
1066.915
1067.082
1067.249
1067.416
1067.583
1067.75
1067.917
1068.084
1068.251
1068.418
1068.58
1068.884
1069.188
1069.492
1069.796
1070.1
1070.404
1070.708
1071.01
1071.27
1071.53
1071.79
1072.05
1072.31
1072.57
1073.246
1073.922
1074.598
1075.274
1075.95
1076.196
1076.442
1076.688
1076.934
1077.18
1077.426
1077.67
1078.043
1078.416
1078.789
1079.162
1079.535
1079.908
1080.281
1080.654
1081.027
1081.402
1081.575
1081.748
1081.921
1082.094
1082.267
1082.44
1082.61
1083.235
1083.86
1084.485
1085.11
1085.87
1086.63
1087.39
1087.663
1087.936
1088.209
1088.482
1088.755
1089.028
1089.301
1089.574
1089.847
1090.12
1090.39
1090.96
1091.53
1091.754
1091.978
1092.202
1092.426
1092.65
1092.874
1093.1
1093.705
1094.31
1094.915
1095.52
1096.367
1097.214
1098.061
1098.908
1099.755
1100.602
1101.45
1102.974
1107.85
1108.75
1109.141
1109.532
1109.923
1110.314
1110.705
1111.096
1111.487
1111.878
1112.27
1112.89
1113.51
1114.13
1114.75
1115.37
1115.99
1116.319
1116.648
1116.977
1117.306
1117.635
1117.964
1118.293
1118.622
1118.951
1119.28
1119.61
1120.058
1120.506
1120.954
1121.402
1121.85
1122.3
1122.553
1122.806
1123.059
1123.312
1123.565
1123.82
1124.861
1125.902
1126.943
1127.984
1129.025
1130.066
1131.11
1131.314
1131.518
1131.722
1131.926
1132.13
1132.334
1132.538
1132.742
1132.946
1133.15
1133.354
1133.558
1133.762
1133.97
1134.47
1134.97
1135.47
1135.97
1136.47
1136.97
1137.47
1137.972
1138.162
1138.352
1138.542
1138.732
1138.922
1139.112
1139.302
1139.492
1139.68
1139.967
1140.255
1140.543
1140.83
1141.117
1141.404
1141.691
1141.98
1142.29
1142.6
1142.91
1143.22
1143.53
1143.84
1144.067
1144.294
1144.521
1144.748
1144.975
1145.202
1145.429
1145.656
1145.88
1146.267
1146.654
1147.04
1147.325
1147.61
1147.895
1148.18
1148.465
1148.75
1149.552
1150.354
1151.156
1151.958
1152.76
1153.56
1154.395
1155.23
1156.065
1156.9
1157.735
1158.57
1159.405
1160.24
1161.075
1161.91
1162.747
1163.391
1164.035
1164.679
1165.323
1165.967
1166.611
1167.252
1168.07
1168.888
1169.706
1170.524
1171.342
1172.16
1172.978
1173.796
1174.616
1174.98
1175.344
1175.708
1176.072
1176.436
1176.8
1177.164
1177.528
1177.89
1178.382
1178.874
1179.366
1179.858
1180.35
1180.842
1181.334
1181.826
1182.32
1182.515
1182.71
1182.905
1183.1
1183.295
1183.49
1183.685
1183.88
1184.075
1184.27
1184.46
1185.321
1186.182
1187.043
1187.904
1188.765
1189.626
1190.487
1191.348
1192.21
1192.577
1192.944
1193.311
1193.678
1194.045
1194.412
1194.779
1195.146
1195.513
1195.88
1196.247
1196.614
1196.981
1197.35
1197.835
1198.32
1198.805
1199.29
1199.775
1200.26
1200.745
1201.23
1201.715
1202.2
1202.685
1203.17
1203.65
1204.048
1204.446
1204.844
1205.242
1205.64
1206.262
1206.884
1207.506
1208.128
1208.75
1209.197
1209.644
1210.091
1210.538
1210.986
1211.434
1211.881
1212.33
1212.681
1213.032
1213.383
1213.734
1214.085
1214.436
1214.736
1215.036
1215.336
1215.636
1215.936
1216.236
1216.536
1216.836
1217.136
1217.436
1217.74
1217.987
1218.235
1218.482
1218.729
1218.976
1219.224
1219.471
1219.72
1221.277
1222.834
1224.391
1225.948
1227.505
1229.062
1230.619
1232.176
1233.73
1234.076
1234.422
1234.768
1235.114
1235.46
1235.806
1236.152
1236.498
1236.84
1237.239
1237.638
1238.037
1238.436
1238.835
1239.234
1239.633
1240.032
1240.434
1240.638
1240.842
1241.046
1241.25
1241.454
1241.658
1241.862
1242.066
1242.27
1242.475
1242.789
1243.103
1243.417
1243.731
1244.045
1244.36
1244.577
1244.794
1245.011
1245.228
1245.443
1245.792
1246.141
1246.49
1246.839
1247.19
1247.569
1247.948
1248.327
1248.706
1249.085
1249.464
1249.843
1250.222
1250.597
1250.814
1251.031
1251.248
1251.465
1251.68
1252.21
1252.74
1253.27
1253.8
1254.33
1254.86
1255.255
1255.65
1256.045
1256.44
1256.799
1257.158
1257.517
1257.876
1258.235
1258.594
1258.953
1259.31
1260.283
1261.256
1262.229
1263.202
1264.175
1265.148
1266.121
1267.094
1268.067
1269.04
1269.305
1269.57
1269.835
1270.1
1270.365
1270.63
1270.895
1271.16
1271.425
1271.69
1271.95
1272.397
1272.844
1273.291
1273.738
1274.185
1274.632
1275.08
1275.413
1275.746
1276.079
1276.412
1276.745
1277.078
1277.41
1277.843
1278.276
1278.709
1279.142
1279.576
1279.851
1280.126
1280.401
1280.676
1280.95
1281.183
1281.416
1281.649
1281.882
1282.116
1282.528
1282.94
1283.352
1283.764
1284.176
1284.588
1285.0
1285.41
1285.646
1285.882
1286.118
1286.354
1286.59
1286.826
1287.062
1287.3
1287.705
1288.11
1288.515
1288.92
1289.325
1289.73
1290.114
1290.498
1290.882
1291.266
1291.65
1292.034
1292.418
1292.8
1293.5
1294.2
1294.9
1295.6
1296.3
1297.0
1297.7
1298.4
1299.1
1299.8
1300.447
1301.094
1301.741
1302.388
1303.035
1303.682
1303.917
1304.152
1304.387
1304.622
1304.857
1305.092
1305.327
1305.562
1305.797
1306.03
1306.306
1306.582
1306.858
1307.134
1307.41
1307.686
1307.962
1308.238
1308.514
1308.79
1309.095
1309.4
1309.705
1310.01
1310.507
1311.005
1311.503
1312.0
1312.497
1312.995
1313.492
1313.99
1314.152
1314.314
1314.476
1314.638
1314.8
1315.118
1315.436
1315.754
1316.072
1316.39
1316.589
1316.788
1316.987
1317.186
1317.385
1317.584
1317.783
1317.982
1318.182
1318.338
1318.494
1318.65
1318.806
1318.962
1319.118
1319.274
1319.431
1319.627
1319.823
1320.019
1320.215
1320.41
1320.723
1321.035
1321.348
1321.66
1321.887
1322.114
1322.341
1322.568
1322.795
1323.022
1323.249
1323.476
1323.703
1323.93
1324.16
1324.952
1325.744
1326.536
1327.328
1328.12
1328.91
1329.748
1330.586
1331.424
1332.262
1333.1
1333.938
1334.776
1335.614
1336.452
1337.29
1338.128
1338.97
1339.782
1340.594
1341.406
1342.218
1343.03
1343.842
1344.652
1345.406
1346.16
1346.914
1347.668
1348.42
1349.106
1349.792
1350.478
1351.164
1351.85
1352.536
1353.222
1353.908
1354.59
1356.222
1357.854
1359.486
1361.119
1362.751
1364.383
1366.015
1367.65
1367.936
1368.222
1368.508
1368.794
1369.08
1369.366
1369.652
1369.938
1370.224
1370.51
1370.8
1371.054
1371.308
1371.562
1371.816
1372.07
1372.324
1372.578
1372.832
1373.086
1373.342
1373.606
1373.87
1374.134
1374.398
1374.662
1374.926
1375.19
1375.431
1375.672
1375.913
1376.154
1376.395
1376.636
1376.877
1377.119
1377.318
1377.517
1377.716
1377.915
1378.114
1378.313
1378.512
1378.711
1378.91
1379.177
1379.444
1379.711
1379.978
1380.245
1380.512
1380.779
1381.046
1381.313
1381.58
1381.874
1382.168
1382.462
1382.756
1383.05
1383.344
1383.638
1383.93
1384.157
1384.384
1384.611
1384.838
1385.065
1385.292
1385.519
1385.746
1385.973
1386.2
1386.43
1386.924
1387.418
1387.912
1388.406
1388.9
1389.189
1389.478
1389.767
1390.056
1390.345
1390.634
1390.923
1391.212
1391.5
1391.702
1391.905
1392.108
1392.311
1392.514
1392.716
1392.918
1393.12
1393.447
1393.774
1394.101
1394.428
1394.755
1395.082
1395.409
1395.736
1396.063
1396.39
1396.717
1397.04
1397.368
1397.696
1398.024
1398.351
1398.679
1399.007
1399.335
1399.66
1399.891
1400.122
1400.353
1400.584
1400.815
1401.046
1401.277
1401.508
1401.739
1401.974
1402.182
1402.39
1402.598
1402.806
1403.014
1403.222
1403.43
1403.64
1404.005
1404.37
1404.735
1405.1
1405.384
1405.668
1405.952
1406.236
1406.52
1406.804
1407.088
1407.372
1407.656
1407.94
1408.26
1408.58
1408.882
1409.184
1409.486
1409.788
1410.09
1410.39
1410.644
1410.898
1411.152
1411.406
1411.66
1411.914
1412.168
1412.422
1412.676
1412.93
1413.184
1413.438
1413.692
1413.94
1414.61
1415.28
1415.95
1416.62
1417.29
1417.62
1417.95
1418.28
1418.61
1418.94
1419.27
1419.6
1419.93
1420.26
1420.702
1421.144
1421.586
1422.028
1422.47
1422.912
1423.354
1423.8
1424.85
1427.65
1430.45
1431.624
1432.798
1433.972
1435.146
1436.32
1436.912
1437.504
1438.096
1438.688
1439.28
1439.871
1440.071
1440.271
1440.471
1440.671
1440.871
1441.071
1441.271
1441.471
1441.671
1441.87
1442.352
1442.834
1443.316
1443.798
1444.28
1444.56
1444.84
1445.12
1445.4
1445.68
1445.96
1446.24
1446.52
1446.8
1447.08
1447.36
1447.64
1448.03
1448.42
1448.81
1449.2
1449.59
1449.98
1450.37
1450.76
1451.15
1451.423
1451.696
1451.968
1452.241
1452.514
1452.786
1453.059
1453.332
1453.605
1453.878
1454.15
1454.42
1454.75
1455.08
1455.41
1455.739
1455.943
1456.147
1456.351
1456.555
1456.759
1456.963
1457.167
1457.371
1457.575
1457.78
1458.178
1458.576
1458.974
1459.372
1459.77
1460.17
1460.355
1460.54
1460.725
1460.91
1461.343
1461.776
1462.21
1462.471
1462.732
1462.993
1463.254
1463.515
1463.775
1463.988
1464.201
1464.414
1464.627
1464.84
1465.053
1465.266
1465.479
1465.692
1465.9
1466.05
1466.2
1466.35
1466.5
1466.65
1466.8
1466.95
1467.1
1467.25
1467.4
1467.55
1467.831
1468.112
1468.393
1468.674
1468.955
1469.236
1469.52
1469.843
1470.166
1470.489
1470.812
1471.135
1471.458
1471.781
1472.104
1472.426
1472.791
1473.156
1473.521
1473.886
1474.251
1474.616
1474.98
1475.322
1475.664
1476.006
1476.348
1476.69
1477.032
1477.374
1477.716
1478.058
1478.4
1478.742
1479.08
1479.432
1479.784
1480.136
1480.488
1480.84
1481.192
1481.544
1481.894
1482.107
1482.32
1482.533
1482.746
1482.959
1483.172
1483.385
1483.598
1483.81
1484.178
1484.546
1484.914
1485.28
1485.518
1485.756
1485.994
1486.232
1486.47
1486.708
1486.946
1487.184
1487.422
1487.66
1487.983
1488.306
1488.629
1488.952
1489.275
1489.6
1489.88
1490.16
1490.44
1490.642
1490.845
1491.048
1491.251
1491.454
1491.657
1491.86
1492.06
1492.331
1492.602
1492.873
1493.144
1493.415
1493.686
1493.957
1494.228
1494.499
1494.77
1495.226
1495.682
1496.138
1496.594
1497.05
1497.506
1497.962
1498.418
1498.874
1499.33
1499.678
1500.026
1500.374
1500.722
1501.07
1501.332
1501.595
1501.858
1502.12
1502.492
1502.864
1503.236
1503.608
1503.98
1504.247
1504.514
1504.78
1505.038
1505.296
1505.555
1505.743
1505.93
1506.118
1506.305
1506.493
1506.68
1507.084
1507.488
1507.892
1508.296
1508.7
1509.104
1509.508
1509.912
1510.316
1510.72
1511.12
1511.349
1511.578
1511.807
1512.036
1512.265
1512.494
1512.723
1512.952
1513.181
1513.41
1513.64
1513.928
1514.216
1514.504
1514.792
1515.08
1515.368
1515.656
1515.944
1516.232
1516.52
1516.808
1517.1
1517.512
1517.924
1518.336
1518.748
1519.16
1519.572
1519.984
1520.396
1520.808
1521.22
1521.972
1522.724
1523.476
1524.228
1524.98
1525.338
1525.696
1526.054
1526.412
1526.77
1527.128
1527.486
1527.844
1528.2
1528.492
1528.784
1529.076
1529.368
1529.66
1529.952
1530.244
1530.536
1530.828
1531.12
1531.476
1531.832
1532.188
1532.544
1532.9
1533.256
1533.612
1533.97
1534.269
1534.568
1534.867
1535.166
1535.465
1535.764
1536.063
1536.36
1536.639
1536.918
1537.197
1537.476
1537.755
1538.034
1538.313
1538.592
1538.871
1539.15
1539.429
1539.71
1540.098
1540.486
1540.874
1541.262
1541.65
1542.038
1542.426
1542.814
1543.202
1543.59
1543.98
1544.406
1544.832
1545.258
1545.684
1546.11
1546.536
1546.962
1547.388
1547.814
1548.24
1548.67
1550.358
1552.046
1553.734
1555.422
1557.11
1557.822
1558.534
1559.246
1559.958
1560.67
1561.382
1561.643
1561.904
1562.165
1562.426
1562.687
1562.95
1563.181
1563.412
1563.643
1563.874
1564.105
1564.336
1564.567
1564.8
1565.055
1565.31
1565.565
1565.82
1566.075
1566.33
1566.799
1567.268
1567.737
1568.206
1568.675
1569.144
1569.613
1570.082
1570.551
1571.02
1571.49
1571.765
1572.04
1572.315
1572.59
1572.865
1573.14
1573.415
1573.69
1573.965
1574.24
1574.52
1580.039
1585.558
1591.077
1596.596
1602.115
1607.634
1613.152
1613.37
1613.588
1613.806
1614.024
1614.242
1614.46
1614.678
1614.896
1615.11
1615.638
1616.166
1616.694
1617.222
1617.75
1618.278
1618.806
1619.334
1619.862
1620.39
1620.918
1621.45
1621.806
1622.162
1622.518
1622.874
1623.23
1623.586
1623.942
1624.3
1624.748
1625.196
1625.644
1626.092
1626.54
1626.988
1627.437
1627.62
1627.803
1627.986
1628.169
1628.352
1628.535
1628.718
1628.901
1629.084
1629.27
1629.516
1629.762
1630.008
1630.254
1630.5
1630.746
1630.992
1631.238
1631.484
1631.73
1631.98
1632.469
1632.958
1633.447
1633.936
1634.425
1634.914
1635.4
1635.706
1636.012
1636.318
1636.624
1636.93
1637.236
1637.54
1637.851
1638.162
1638.473
1638.784
1639.095
1639.406
1639.717
1640.028
1640.339
1640.65
1640.961
1641.27
1642.15
1643.03
1643.91
1644.79
1645.149
1645.508
1645.867
1646.226
1646.585
1646.944
1647.303
1647.66
1648.242
1648.824
1649.406
1649.988
1650.57
1651.15
1652.491
1653.832
1655.173
1656.514
1657.855
1659.196
1660.537
1661.88
1662.77
1663.66
1664.55
1665.44
1666.33
1667.22
1668.11
1669.0
1669.89
1670.185
1670.48
1670.775
1671.07
1671.365
1671.66
1671.955
1672.25
1672.545
1672.84
1673.14
1673.388
1673.635
1673.882
1674.13
1674.52
1674.91
1675.3
1675.69
1676.08
1676.396
1676.712
1677.028
1677.344
1677.66
1677.976
1678.292
1678.608
1678.924
1679.24
1679.56
1679.828
1680.096
1680.364
1680.632
1680.9
1681.114
1681.328
1681.542
1681.756
1681.97
1682.184
1682.4
1682.646
1682.892
1683.138
1683.384
1683.63
1683.876
1684.122
1684.37
1684.758
1685.146
1685.534
1685.922
1686.31
1686.632
1686.955
1687.277
1687.6
1688.04
1688.48
1688.92
1689.36
1689.8
1690.033
1690.265
1690.498
1690.731
1690.964
1691.197
1691.429
1691.66
1691.909
1692.158
1692.407
1692.656
1692.905
1693.154
1693.4
1693.65
1693.9
1694.15
1694.4
1694.65
1694.9
1695.15
1695.4
1695.786
1696.172
1696.558
1696.944
1697.33
1697.716
1698.1
1698.513
1698.926
1699.339
1699.752
1700.165
1700.578
1700.991
1701.404
1701.817
1702.23
1702.643
1703.06
1703.351
1703.642
1703.933
1704.224
1704.515
1704.806
1705.097
1705.388
1705.679
1705.97
1706.261
1706.552
1706.843
1707.134
1707.42
1707.815
1708.21
1708.605
1709.0
1709.395
1709.79
1710.018
1710.246
1710.474
1710.702
1710.93
1711.16
1711.413
1711.666
1711.919
1712.172
1712.425
1712.68
1712.923
1713.166
1713.409
1713.652
1713.895
1714.138
1714.38
1714.62
1714.944
1715.268
1715.592
1715.916
1716.24
1716.564
1716.888
1717.212
1717.54
1717.835
1718.13
1718.425
1718.72
1719.015
1719.31
1719.605
1719.9
1720.214
1720.528
1720.842
1721.156
1721.47
1721.784
1722.1
1722.301
1722.502
1722.703
1722.904
1723.105
1723.306
1723.507
1723.71
1724.186
1724.662
1725.138
1725.614
1726.09
1726.566
1727.04
1727.618
1728.196
1728.774
1729.351
1729.929
1730.507
1731.085
1731.66
1732.332
1733.004
1733.676
1734.349
1734.542
1734.735
1734.928
1735.121
1735.314
1735.507
1735.7
1735.89
1736.127
1736.364
1736.601
1736.838
1737.075
1737.31
1737.489
1737.668
1737.847
1738.026
1738.205
1738.384
1738.563
1738.742
1738.921
1739.1
1739.279
1739.458
1739.64
1740.178
1740.716
1741.253
1741.79
1742.327
1742.864
1743.401
1743.94
1744.43
1744.92
1745.41
1745.9
1746.39
1746.88
1747.37
1747.86
1748.099
1748.338
1748.577
1748.816
1749.055
1749.294
1749.534
1749.772
1750.01
1750.248
1750.486
1750.724
1750.962
1751.2
1751.534
1751.868
1752.202
1752.536
1752.87
1753.204
1753.538
1753.872
1754.21
1754.41
1754.61
1754.81
1755.01
1755.21
1755.41
1755.61
1755.81
1756.301
1756.792
1757.283
1757.774
1758.265
1758.756
1759.247
1759.738
1760.23
1760.692
1761.154
1761.616
1762.078
1762.54
1763.002
1763.464
1763.926
1764.388
1764.85
1765.312
1765.774
1766.23
1766.578
1766.926
1767.274
1767.622
1767.97
1768.318
1768.666
1769.017
1769.234
1769.451
1769.668
1769.885
1770.1
1770.33
1770.56
1770.79
1771.02
1771.25
1771.48
1771.71
1771.94
1772.218
1772.496
1772.774
1773.052
1773.33
1773.61
1773.903
1774.196
1774.489
1774.782
1775.075
1775.368
1775.661
1775.954
1776.247
1776.54
1776.873
1777.206
1777.539
1777.872
1778.205
1778.538
1778.87
1779.239
1779.608
1779.977
1780.346
1780.715
1781.084
1781.45
1781.632
1781.814
1781.996
1782.178
1782.36
1782.542
1782.724
1782.906
1783.088
1783.27
1783.45
1783.79
1784.13
1784.47
1784.81
1785.15
1785.528
1785.906
1786.284
1786.662
1787.04
1787.42
1788.122
1788.824
1789.526
1790.228
1790.93
1791.632
1792.334
1793.036
1793.74
1794.044
1794.348
1794.652
1794.956
1795.26
1795.564
1795.87
1796.361
1796.852
1797.343
1797.834
1798.325
1798.816
1799.307
1799.798
1800.29
1800.744
1801.198
1801.652
1802.106
1802.56
1803.014
1803.468
1803.922
1804.38
1804.728
1805.076
1805.424
1805.772
1806.12
1806.468
1806.816
1807.164
1807.512
1807.86
1808.18
1808.5
1808.82
1809.14
1809.46
1809.78
1810.034
1810.288
1810.542
1810.796
1811.05
1811.304
1811.558
1811.812
1812.064
1812.277
1812.49
1812.703
1812.916
1813.129
1813.342
1813.555
1813.768
1813.98
1814.44
1814.9
1815.36
1815.82
1816.28
1816.74
1817.2
1817.66
1818.12
1818.492
1818.864
1819.236
1819.608
1819.98
1820.352
1820.724
1821.096
1821.468
1821.84
1822.027
1822.215
1822.402
1822.59
1822.777
1822.965
1823.152
1823.34
1823.587
1823.834
1824.081
1824.328
1824.575
1824.82
1824.987
1825.154
1825.321
1825.488
1825.655
1825.822
1825.989
1826.156
1826.323
1826.486
1826.952
1827.418
1827.884
1828.35
1828.816
1829.28
1829.52
1829.76
1830.0
1830.237
1830.474
1830.711
1830.948
1831.185
1831.42
1831.831
1832.242
1832.653
1833.064
1833.475
1833.886
1834.297
1834.71
1835.344
1835.978
1836.612
1837.246
1837.88
1838.514
1839.148
1839.782
1840.416
1841.047
1842.128
1843.209
1844.29
1845.01
1845.73
1846.45
1846.758
1847.066
1847.374
1847.682
1847.99
1848.298
1848.606
1848.914
1849.22
1849.449
1849.678
1849.907
1850.136
1850.365
1850.594
1850.823
1851.049
1851.276
1851.503
1851.73
1851.957
1852.184
1852.411
1852.638
1852.865
1853.09
1853.277
1853.465
1853.652
1853.84
1854.027
1854.215
1854.402
1854.59
1854.782
1854.974
1855.166
1855.358
1855.55
1855.742
1855.934
1856.126
1856.32
1857.014
1857.708
1858.402
1859.096
1859.79
1860.359
1860.928
1861.497
1862.066
1862.635
1863.204
1863.773
1864.342
1864.91
1865.648
1866.386
1867.124
1867.862
1868.6
1869.611
1870.622
1871.633
1872.644
1873.655
1874.666
1875.677
1876.69
1877.06
1877.43
1877.8
1878.17
1878.54
1878.91
1879.242
1879.574
1879.906
1880.238
1880.57
1880.902
1881.234
1881.566
1881.9
1882.328
1882.755
1883.183
1883.611
1884.039
1884.466
1884.893
1885.321
1885.748
1886.176
1886.603
1887.03
1887.372
1887.714
1888.056
1888.398
1888.74
1889.08
1889.476
1889.872
1890.268
1890.664
1891.06
1891.37
1891.68
1891.99
1892.3
1892.61
1892.92
1893.23
1893.54
1893.85
1894.16
1894.384
1894.608
1894.832
1895.056
1895.28
1895.529
1895.778
1896.027
1896.276
1896.525
1896.774
1897.023
1897.272
1897.521
1897.77
1898.02
1898.52
1899.02
1899.52
1900.02
1900.199
1900.378
1900.557
1900.736
1900.915
1901.094
1901.27
1901.581
1901.892
1902.203
1902.514
1902.825
1903.136
1903.447
1903.758
1904.07
1904.475
1904.88
1905.285
1905.69
1906.095
1906.5
1906.824
1907.148
1907.472
1907.796
1908.12
1908.444
1908.768
1909.092
1909.416
1909.742
1909.884
1910.026
1910.168
1910.31
1910.45
1910.917
1911.384
1911.851
1912.318
1912.785
1913.25
1913.484
1913.718
1913.952
1914.186
1914.42
1914.654
1914.888
1915.122
1915.36
1915.785
1916.21
1916.635
1917.06
1917.485
1917.91
1918.335
1918.76
1919.185
1919.61
1920.04
1920.396
1920.752
1921.108
1921.464
1921.82
1922.176
1922.532
1922.888
1923.24
1923.474
1923.708
1923.942
1924.176
1924.41
1924.644
1924.878
1925.112
1925.346
1925.58
1925.81
1926.184
1926.558
1926.932
1927.306
1927.68
1927.977
1928.274
1928.571
1928.868
1929.165
1929.462
1929.759
1930.056
1930.353
1930.65
1930.95
1931.378
1931.805
1932.233
1932.66
1933.088
1933.515
1933.943
1934.37
1934.529
1934.688
1934.847
1935.006
1935.165
1935.324
1935.483
1935.642
1935.801
1935.96
1936.12
1936.544
1936.968
1937.392
1937.816
1938.24
1938.664
1939.088
1939.51
1939.825
1940.14
1940.455
1940.77
1941.085
1941.4
1941.681
1941.962
1942.243
1942.524
1942.805
1943.086
1943.367
1943.648
1943.929
1944.21
1944.623
1945.036
1945.449
1945.862
1946.275
1946.688
1947.101
1947.514
1947.93
1948.181
1948.432
1948.683
1948.934
1949.185
1949.436
1949.69
1949.931
1950.172
1950.413
1950.654
1950.895
1951.136
1951.377
1951.618
1951.859
1952.1
1952.494
1952.888
1953.282
1953.676
1954.07
1954.464
1954.858
1955.25
1955.525
1955.8
1956.075
1956.35
1956.625
1956.9
1957.175
1957.45
1957.727
1961.604
1965.48
1965.761
1966.042
1966.323
1966.604
1966.885
1967.166
1967.45
1967.792
1968.134
1968.476
1968.818
1969.16
1969.502
1969.844
1970.186
1970.528
1970.87
1972.532
1974.195
1975.858
1977.52
1977.725
1977.93
1978.135
1978.34
1978.545
1978.75
1978.955
1979.16
1979.385
1979.61
1979.835
1980.06
1980.285
1980.51
1980.735
1980.96
1981.185
1981.41
1982.048
1982.686
1983.323
1983.96
1984.472
1984.984
1985.496
1986.008
1986.52
1987.032
1987.545
1988.293
1989.041
1989.789
1990.537
1991.285
1992.033
1992.781
1993.53
1994.386
1995.242
1996.098
1996.954
1997.81
1998.666
1999.52
2001.076
2002.632
2004.188
2005.744
2007.3
2007.634
2007.968
2008.303
2008.638
2008.972
2009.306
2009.64
2009.975
2010.309
2010.645
2012.421
2014.197
2015.973
2017.749
2019.525
2021.301
2023.077
2024.85
2025.226
2025.602
2025.978
2026.354
2026.73
2027.106
2027.482
2027.86
2028.029
2028.198
2028.367
2028.536
2028.705
2028.874
2029.043
2029.212
2029.381
2029.55
2029.796
2030.042
2030.288
2030.534
2030.78
2031.071
2031.362
2031.653
2031.944
2032.235
2032.526
2032.817
2033.108
2033.4
2033.725
2034.05
2034.375
2034.7
2035.025
2035.35
2035.675
2036.0
2036.242
2036.484
2036.726
2036.968
2037.21
2037.452
2037.694
2037.936
2038.178
2038.42
2040.152
2040.36
2040.568
2040.776
2040.984
2041.192
2041.4
2041.61
2041.923
2042.236
2042.55
2042.788
2043.026
2043.264
2043.502
2043.74
2044.133
2044.526
2044.92
2045.433
2045.946
2046.458
2046.971
2047.484
2047.996
2048.508
2049.02
2050.11
2051.2
2052.29
2053.38
2053.607
2053.834
2054.061
2054.288
2054.515
2054.742
2054.969
2055.196
2055.423
2055.65
2055.88
2057.508
2059.136
2060.764
2062.392
2064.02
2064.602
2065.184
2065.767
2066.35
2066.582
2066.814
2067.046
2067.278
2067.51
2067.928
2068.346
2068.764
2069.182
2069.6
2070.02
2070.207
2070.394
2070.581
2070.769
2070.956
2071.144
2071.331
2071.52
2071.881
2072.242
2072.603
2072.964
2073.325
2073.686
2074.047
2074.408
2074.77
2075.63
2076.49
2077.35
2077.872
2078.394
2078.916
2079.438
2079.96
2080.482
2081.004
2081.524
2082.05
2082.576
2083.102
2083.628
2084.154
2084.68
2085.206
2085.732
2086.258
2086.784
2087.31
2087.836
2088.364
2088.577
2088.79
2089.003
2089.216
2089.429
2089.642
2089.855
2090.068
2090.28
2090.786
2091.292
2091.798
2092.304
2092.81
2093.316
2093.822
2094.328
2094.834
2095.34
2095.628
2095.916
2096.204
2096.492
2096.78
2097.068
2097.356
2097.644
2097.93
2098.27
2098.61
2098.95
2099.29
2099.63
2099.97
2100.31
2100.65
2100.99
2101.33
2102.066
2102.802
2103.538
2104.274
2105.01
2105.746
2106.48
2106.872
2107.264
2107.656
2108.048
2108.44
2108.83
2109.431
2110.032
2110.633
2111.234
2111.835
2112.436
2113.037
2113.638
2114.239
2114.84
2115.441
2116.042
2116.64
2117.021
2117.402
2117.783
2118.164
2118.545
2118.926
2119.307
2119.688
2120.07
2120.733
2121.396
2122.059
2122.722
2123.385
2124.048
2124.711
2125.374
2126.04
2126.707
2127.374
2128.041
2128.708
2129.375
2130.042
2130.709
2131.376
2132.04
2132.469
2132.898
2133.327
2133.756
2134.185
2134.614
2135.043
2135.472
2135.9
2136.351
2136.802
2137.253
2137.704
2138.155
2138.606
2139.06
2139.273
2139.486
2139.698
2139.91
2140.122
2140.334
2140.546
2140.76
2141.218
2141.676
2142.134
2142.592
2143.05
2143.508
2143.966
2144.424
2144.882
2145.34
2145.8
2147.69
2148.62
2149.55
2149.76
2149.97
2150.18
2150.39
2150.6
2150.809
2151.017
2151.225
2151.433
2151.641
2151.849
2152.057
2152.265
2152.473
2152.681
2152.889
2153.1
2153.475
2153.85
2154.225
2154.6
2154.975
2155.35
2155.725
2156.1
2156.475
2156.85
2157.22
2157.557
2157.894
2158.231
2158.569
2158.907
2159.245
2159.582
2159.92
2160.107
2160.294
2160.481
2160.668
2160.855
2161.042
2161.229
2161.416
2161.603
2161.79
2161.982
2162.474
2162.966
2163.458
2163.95
2164.442
2164.934
2165.426
2165.92
2166.24
2166.56
2166.88
2167.2
2167.52
2167.84
2168.16
2168.458
2168.756
2169.054
2169.352
2169.65
2169.929
2170.208
2170.487
2170.766
2171.045
2171.324
2171.603
2171.88
2172.666
2173.452
2174.238
2175.024
2175.81
2176.596
2177.382
2178.168
2178.954
2179.739
2179.943
2180.147
2180.351
2180.555
2180.759
2180.963
2181.167
2181.371
2181.575
2181.78
2182.135
2182.49
2182.845
2183.2
2183.555
2183.91
2184.184
2184.458
2184.732
2185.006
2185.28
2185.554
2185.83
2186.176
2186.522
2186.868
2187.214
2187.56
2187.906
2188.252
2188.598
2188.944
2189.29
2189.64
2190.346
2191.052
2191.758
2192.464
2193.17
2194.123
2195.076
2196.03
2196.713
2197.396
2198.079
2198.76
2200.25
2201.74
2203.23
2204.72
2206.21
2206.652
2207.094
2207.536
2207.978
2208.42
2209.633
2210.846
2212.059
2213.272
2214.485
2215.698
2216.911
2218.124
2219.34
2219.583
2219.826
2220.069
2220.312
2220.555
2220.798
2221.041
2221.284
2221.527
2221.77
2222.01
2222.252
2222.494
2222.736
2222.978
2223.22
2223.462
2223.704
2223.946
2224.188
2224.43
2224.672
2224.91
2225.153
2225.396
2225.639
2225.882
2226.125
2226.368
2226.611
2226.854
2227.097
2227.34
2227.58
2227.887
2228.194
2228.501
2228.808
2229.115
2229.422
2229.729
2230.036
2230.34
2230.676
2231.012
2231.348
2231.684
2232.02
2232.356
2232.692
2233.03
2233.401
2233.772
2234.143
2234.514
2234.885
2235.256
2235.627
2236.0
2236.312
2236.624
2236.936
2237.248
2237.56
2237.872
2238.184
2238.496
2238.808
2239.12
2239.43
2239.673
2239.916
2240.159
2240.402
2240.645
2240.888
2241.131
2241.374
2241.617
2241.86
2242.103
2242.35
2242.543
2242.736
2242.929
2243.122
2243.315
2243.508
2243.7
2244.016
2244.332
2244.648
2244.964
2245.28
2245.596
2245.912
2246.228
2246.544
2246.86
2247.176
2247.49
2247.895
2248.3
2248.705
2249.11
2249.515
2249.92
2250.218
2250.515
2250.812
2251.11
2251.408
2251.706
2252.004
2252.3
2252.585
2252.87
2253.155
2253.44
2253.725
2254.01
2254.295
2254.58
2254.865
2255.15
2255.43
2255.646
2255.862
2256.078
2256.294
2256.51
2256.726
2256.942
2257.158
2257.374
2257.59
2257.876
2258.162
2258.448
2258.734
2259.02
2259.306
2259.592
2259.878
2260.164
2260.45
2260.736
2261.02
2261.408
2261.796
2262.184
2262.572
2262.96
2263.348
2263.736
2264.124
2264.512
2264.9
2265.29
2266.72
2268.15
2269.58
2271.01
2271.28
2271.55
2271.82
2272.09
2272.36
2272.63
2273.866
2275.102
2276.338
2277.574
2278.81
2280.153
2281.495
2282.838
2284.181
2285.524
2286.867
2288.21
2289.55
2289.824
2290.098
2290.372
2290.646
2290.92
2291.194
2291.47
2291.747
2292.024
2292.301
2292.578
2292.855
2293.132
2293.409
2293.686
2293.96
2294.224
2294.488
2294.752
2295.016
2295.28
2295.544
2295.808
2296.072
2296.34
2296.652
2296.964
2297.276
2297.588
2297.9
2298.21
2299.038
2299.866
2300.694
2301.522
2302.35
2303.178
2304.006
2304.834
2305.662
2306.49
2307.7
2308.91
2310.12
2311.33
2312.54
2313.75
2314.96
2316.17
2317.38
2318.59
2319.54
2320.49
2321.44
2322.39
2322.796
2323.202
2323.608
2324.014
2324.42
2324.826
2325.232
2325.638
2326.04
2326.262
2326.484
2326.706
2326.928
2327.15
2327.372
2327.594
2327.816
2328.038
2328.26
2328.482
2328.704
2328.922
2329.104
2329.286
2329.468
2329.65
2329.832
2330.014
2330.196
2330.38
2330.667
2330.954
2331.241
2331.528
2331.815
2332.102
2332.39
2332.601
2332.812
2333.023
2333.234
2333.445
2333.656
2333.867
2334.078
2334.289
2334.5
2334.711
2334.922
2335.13
2335.468
2335.806
2336.144
2336.482
2336.82
2337.158
2337.494
2337.68
2337.866
2338.052
2338.238
2338.424
2338.61
2338.796
2338.982
2339.168
2339.354
2339.535
2339.728
2339.921
2340.114
2340.307
2340.5
2340.693
2340.886
2341.079
2341.272
2341.465
2341.658
2341.85
2342.113
2342.376
2342.639
2342.902
2343.165
2343.428
2343.69
2344.107
2344.524
2344.94
2345.287
2345.634
2345.981
2346.328
2346.675
2347.022
2347.37
2347.689
2348.008
2348.327
2348.646
2348.965
2349.284
2349.603
2349.92
2350.222
2350.525
2350.828
2351.131
2351.434
2351.736
2352.038
2352.341
2352.644
2352.947
2353.249
2353.55
2353.99
2354.43
2354.87
2355.31
2355.75
2356.304
2356.858
2357.412
2357.966
2358.52
2359.247
2359.974
2360.701
2361.428
2362.155
2362.88
2363.57
2364.26
2364.95
2365.64
2366.33
2367.02
2367.71
2368.08
2368.45
2368.82
2369.19
2369.56
2369.93
2370.3
2370.67
2370.948
2371.226
2371.504
2371.782
2372.06
2372.335
2372.646
2372.957
2373.268
2373.579
2373.89
2374.201
2374.512
2374.694
2374.876
2375.058
2375.24
2375.422
2375.604
2375.786
2375.97
2376.22
2376.47
2376.72
2376.97
2377.22
2377.47
2377.72
2377.97
2378.152
2378.334
2378.516
2378.698
2378.88
2379.062
2379.244
2379.426
2379.608
2379.79
2379.97
2380.287
2380.604
2380.921
2381.238
2381.555
2381.872
2382.189
2382.506
2382.823
2383.14
2383.457
2383.77
2384.08
2384.39
2384.7
2385.01
2385.32
2385.63
2385.94
2386.25
2386.56
2386.87
2387.18
2387.49
2387.8
2388.073
2388.346
2388.619
2388.892
2389.165
2389.438
2389.711
2389.984
2390.257
2390.53
2390.803
2391.076
2391.35
2391.777
2392.204
2392.631
2393.058
2393.485
2393.912
2394.339
2394.766
2395.19
2395.631
2396.072
2396.513
2396.954
2397.395
2397.836
2398.277
2398.72
2399.427
2400.135
2400.843
2401.55
2401.78
2402.01
2402.24
2402.457
2402.675
2402.893
2403.111
2403.329
2403.547
2403.765
2403.983
2404.201
2404.419
2404.637
2404.85
2406.2
2407.55
2407.89
2408.23
2408.57
2408.91
2409.25
2409.59
2409.948
2410.305
2410.662
2411.02
2411.689
2412.358
2413.027
2413.696
2414.365
2415.034
2415.703
2416.369
2420.291
2424.213
2428.135
2432.057
2435.98
2436.688
2437.396
2438.104
2438.812
2439.52
2440.228
2440.936
2441.644
2442.352
2443.06
2443.77
2444.016
2444.262
2444.508
2444.754
2445.0
2445.246
2445.492
2445.738
2445.98
2446.227
2446.474
2446.721
2446.968
2447.215
2447.462
2447.71
2448.014
2448.318
2448.622
2448.926
2449.23
2449.521
2449.812
2450.103
2450.394
2450.685
2450.976
2451.27
2454.004
2456.738
2459.472
2462.206
2464.94
2467.674
2470.408
2473.142
2475.876
2478.61
2478.956
2479.302
2479.648
2479.994
2480.34
2480.686
2481.032
2481.38
2481.752
2482.124
2482.496
2482.868
2483.24
2483.612
2483.984
2484.354
2484.556
2484.758
2484.96
2485.162
2485.364
2485.566
2485.77
2486.019
2486.268
2486.517
2486.766
2487.015
2487.264
2487.513
2487.762
2488.01
2488.663
2489.316
2489.97
2490.227
2490.484
2490.741
2490.998
2491.255
2491.512
2491.77
2492.026
2492.282
2492.538
2492.794
2493.05
2493.306
2493.562
2493.818
2494.074
2494.33
2494.59
2495.003
2495.416
2495.83
2496.14
2496.45
2496.76
2497.054
2497.348
2497.642
2497.936
2498.23
2498.524
2498.82
2499.222
2499.624
2500.026
2500.428
2500.83
2501.186
2501.542
2501.898
2502.254
2502.61
2502.966
2503.322
2503.678
2504.03
2504.337
2504.644
2504.951
2505.258
2505.565
2505.872
2506.182
2506.372
2506.562
2506.752
2506.942
2507.132
2507.322
2507.512
2507.702
2507.89
2508.164
2508.438
2508.712
2508.986
2509.26
2509.534
2509.808
2510.082
2510.356
2510.63
2511.123
2511.616
2512.109
2512.602
2513.095
2513.588
2514.081
2514.574
2515.07
2515.305
2515.54
2515.775
2516.01
2516.245
2516.48
2516.715
2516.95
2517.153
2517.356
2517.559
2517.762
2517.965
2518.168
2518.371
2518.574
2518.777
2518.98
2519.18
2519.407
2519.635
2519.863
2520.09
2520.318
2520.546
2520.773
2521.0
2521.193
2521.386
2521.579
2521.772
2521.965
2522.158
2522.351
2522.544
2522.737
2522.93
2523.093
2523.256
2523.419
2523.582
2523.745
2523.908
2524.071
2524.234
2524.397
2524.56
2524.721
2524.89
2525.059
2525.228
2525.397
2525.566
2525.735
2525.904
2526.073
2526.242
2526.41
2526.647
2526.884
2527.121
2527.358
2527.595
2527.832
2528.069
2528.306
2528.543
2528.78
2529.015
2529.244
2529.473
2529.702
2529.931
2530.16
2530.39
2533.16
2534.241
2535.322
2536.403
2537.484
2538.565
2539.646
2540.73
2541.496
2542.262
2543.028
2543.794
2544.56
2545.326
2546.092
2546.858
2547.624
2548.39
2549.156
2549.922
2550.69
2551.25
2551.81
2552.37
2552.651
2552.932
2553.213
2553.494
2553.775
2554.056
2554.337
2554.618
2554.899
2555.18
2555.46
2556.113
2556.766
2557.419
2558.072
2558.725
2559.378
2560.031
2560.684
2561.337
2561.99
2562.64
2563.342
2564.044
2564.746
2565.448
2566.15
2566.852
2567.554
2568.256
2568.958
2569.66
2570.362
2571.064
2571.766
2572.47
2573.199
2573.928
2574.657
2575.386
2576.115
2576.844
2577.573
2578.3
2579.055
2579.81
2580.24
2580.67
2580.847
2581.024
2581.201
2581.378
2581.555
2581.732
2581.909
2582.086
2582.263
2582.44
2582.617
2582.794
2582.98
2583.166
2583.352
2583.538
2583.724
2583.91
2584.096
2584.282
2584.466
2585.39
2586.18
2586.653
2587.126
2587.6
2587.845
2588.09
2588.335
2588.58
2588.825
2589.07
2589.315
2589.56
2589.805
2590.05
2590.35
2590.65
2590.95
2591.25
2591.876
2592.502
2593.128
2593.754
2594.38
2594.598
2594.816
2595.034
2595.252
2595.47
2595.688
2595.906
2596.125
2596.304
2596.483
2596.662
2596.841
2597.02
2597.199
2597.375
2597.636
2597.897
2598.158
2598.419
2598.68
2598.94
2599.3
2599.66
2600.02
2600.38
2600.74
2601.1
2601.277
2601.454
2601.631
2601.808
2601.985
2602.16
2602.86
2603.56
2604.26
2604.96
2605.49
2606.02
2606.55
2607.08
2607.61
2608.14
2608.417
2608.694
2608.971
2609.248
2609.525
2609.802
2610.079
2610.356
2610.63
2610.996
2611.362
2611.728
2612.094
2612.46
2613.098
2613.736
2614.374
2615.012
2615.65
2616.288
2616.926
2617.564
2618.202
2618.84
2619.117
2619.394
2619.671
2619.948
2620.225
2620.502
2620.78
2621.077
2621.374
2621.671
2621.968
2622.265
2622.562
2622.859
2623.156
2623.453
2623.75
2624.32
2624.57
2624.82
2625.07
2625.32
2625.57
2625.82
2626.07
2626.29
2626.51
2626.73
2626.95
2627.17
2627.9
2628.218
2628.536
2628.854
2629.172
2629.492
2629.715
2629.938
2630.161
2630.384
2630.607
2630.83
2631.053
2631.276
2631.499
2631.722
2631.95
2632.365
2632.78
2633.215
2633.65
2634.085
2634.52
2634.862
2635.204
2635.546
2635.888
2636.23
2636.57
2637.62
2638.67
2639.72
2640.77
2641.82
2642.87
2643.92
2644.349
2644.778
2645.206
2645.635
2646.064
2646.492
2646.921
2647.349
2647.778
2648.205
2648.401
2648.597
2648.793
2648.989
2649.185
2649.381
2649.58
2650.213
2650.846
2651.479
2652.111
2652.744
2653.377
2654.01
2654.64
2655.103
2655.566
2656.029
2656.492
2656.955
2657.418
2657.884
2658.061
2658.238
2658.415
2658.592
2658.769
2658.946
2659.123
2659.3
2659.517
2659.734
2659.952
2660.169
2660.386
2660.604
2660.822
2661.039
2661.257
2661.475
2661.693
2661.91
2662.306
2662.702
2663.098
2663.494
2663.89
2664.326
2664.762
2665.198
2665.634
2666.07
2666.99
2667.633
2668.276
2668.92
2669.455
2669.99
2670.525
2671.06
2671.597
2671.787
2671.977
2672.167
2672.357
2672.547
2672.737
2672.93
2673.282
2673.634
2673.986
2674.338
2674.69
2675.042
2675.394
2675.746
2676.098
2676.45
2676.802
2677.15
2677.523
2677.896
2678.269
2678.642
2679.015
2679.39
2679.775
2680.16
2680.545
2680.93
2681.315
2681.7
2682.085
2682.47
2682.983
2683.495
2684.007
2684.52
2685.033
2685.546
2686.059
2686.57
2686.862
2687.154
2687.446
2687.738
2688.03
2688.322
2688.614
2688.906
2689.2
2689.417
2689.634
2689.851
2690.068
2690.285
2690.5
2690.86
2691.22
2691.58
2691.94
2692.3
2692.66
2692.936
2693.212
2693.488
2693.764
2694.04
2694.316
2694.59
2694.894
2695.198
2695.502
2695.806
2696.11
2696.414
2696.72
2697.047
2697.374
2697.701
2698.028
2698.355
2698.682
2699.009
2699.336
2699.663
2699.99
2700.647
2701.304
2701.96
2702.275
2702.59
2702.905
2703.22
2703.462
2703.704
2703.946
2704.188
2704.43
2704.67
2704.959
2705.248
2705.537
2705.826
2706.115
2706.404
2706.693
2706.982
2707.271
2707.562
2707.808
2708.054
2708.3
2708.546
2708.792
2709.038
2709.284
2709.53
2709.776
2710.02
2710.7
2710.908
2711.116
2711.324
2711.532
2711.74
2711.948
2712.156
2712.364
2712.572
2712.78
2712.988
2713.2
2713.557
2713.914
2714.272
2714.63
2715.124
2715.618
2716.112
2716.606
2717.1
2717.482
2717.864
2718.246
2718.628
2719.01
2719.392
2719.774
2720.156
2720.538
2720.92
2721.302
2721.68
2722.161
2722.642
2723.123
2723.604
2724.085
2724.566
2725.047
2725.532
2725.714
2725.896
2726.078
2726.26
2726.442
2726.624
2726.806
2726.99
2727.294
2727.598
2727.902
2728.206
2728.51
2728.814
2729.118
2729.422
2729.73
2730.32
2730.91
2731.094
2731.278
2731.462
2731.646
2731.832
2732.054
2732.276
2732.498
2732.72
2732.942
2733.165
2733.413
2733.661
2733.909
2734.157
2734.405
2734.653
2734.9
2735.452
2736.004
2736.556
2737.108
2737.66
2740.31
2740.491
2740.672
2740.853
2741.034
2741.215
2741.396
2741.577
2741.758
2741.939
2742.12
2742.301
2742.482
2742.663
2742.844
2743.03
2743.301
2743.572
2743.843
2744.114
2744.385
2744.656
2744.927
2745.2
2745.492
2745.785
2746.077
2746.37
2746.798
2747.226
2747.654
2748.082
2748.51
2748.938
2749.366
2749.794
2750.22
2750.605
2750.99
2751.47
2751.95
2752.325
2752.7
2753.61
2753.892
2754.174
2754.456
2754.738
2755.02
2755.302
2755.584
2755.866
2756.148
2756.43
2756.712
2756.99
2757.19
2757.39
2757.59
2757.79
2757.99
2758.19
2758.39
2758.59
2758.79
2758.99
2759.642
2760.294
2760.946
2761.598
2762.25
2762.9
2763.209
2763.518
2763.827
2764.136
2764.445
2764.754
2765.063
2765.372
2765.682
2765.855
2766.028
2766.201
2766.374
2766.547
2766.72
2766.89
2767.142
2767.394
2767.646
2767.898
2768.15
2768.4
2769.97
2770.203
2770.436
2770.669
2770.902
2771.135
2771.368
2771.6
2772.024
2772.448
2772.872
2773.296
2773.72
2774.144
2774.57
2774.82
2775.07
2775.32
2775.57
2775.82
2776.07
2776.32
2776.57
2776.829
2777.088
2777.347
2777.606
2777.865
2778.124
2778.383
2778.64
2778.9
2779.16
2779.42
2779.68
2779.94
2780.202
2780.41
2780.618
2780.826
2781.034
2781.242
2781.45
2781.66
2781.98
2782.3
2782.62
2782.94
2783.26
2783.58
2783.9
2784.22
2784.54
2784.86
2785.267
2785.674
2786.081
2786.488
2786.895
2787.302
2787.709
2788.12
2788.389
2788.658
2788.927
2789.196
2789.465
2789.734
2790.003
2790.272
2790.541
2790.81
2791.199
2791.588
2791.977
2792.366
2792.755
2793.144
2793.533
2793.922
2794.31
2795.194
2796.078
2796.962
2797.846
2798.73
2799.614
2800.498
2801.38
2801.686
2801.992
2802.298
2802.604
2802.91
2803.216
2803.522
2803.83
2805.577
2807.325
2809.072
2810.82
2812.568
2814.316
2816.063
2817.81
2818.01
2818.21
2818.41
2818.61
2818.909
2819.208
2819.507
2819.806
2820.105
2820.404
2820.703
2821.0
2821.293
2821.586
2821.879
2822.172
2822.465
2822.758
2823.051
2823.344
2823.637
2823.93
2824.434
2824.938
2825.442
2825.946
2826.45
2826.716
2826.982
2827.248
2827.514
2827.78
2828.046
2828.312
2828.578
2828.844
2829.11
2829.376
2829.642
2829.908
2830.17
2830.521
2830.872
2831.223
2831.574
2831.925
2832.276
2832.627
2832.978
2833.329
2833.68
2834.03
2834.322
2834.614
2834.906
2835.198
2835.49
2835.78
2836.13
2836.48
2836.83
2837.18
2837.53
2837.88
2838.23
2838.702
2839.174
2839.646
2840.118
2840.59
2841.062
2841.534
2842.006
2842.478
2842.95
2843.334
2843.718
2844.102
2844.486
2844.87
2845.254
2845.638
2846.022
2846.406
2846.79
2847.077
2847.364
2847.651
2847.938
2848.225
2848.512
2848.8
2849.522
2850.244
2850.966
2851.688
2852.41
2852.689
2852.968
2853.247
2853.526
2853.805
2854.084
2854.36
2854.66
2854.96
2855.26
2855.56
2855.86
2856.16
2856.46
2856.76
2857.06
2857.329
2857.598
2857.867
2858.136
2858.405
2858.674
2858.943
2859.21
2859.819
2860.428
2861.037
2861.646
2862.255
2862.864
2863.47
2863.727
2863.984
2864.241
2864.498
2864.755
2865.012
2865.27
2865.642
2866.014
2866.386
2866.758
2867.13
2867.502
2867.874
2868.246
2868.618
2868.99
2869.863
2870.736
2871.609
2872.482
2873.355
2874.228
2875.101
2875.974
2876.847
2877.72
2878.593
2879.466
2880.339
2881.212
2882.09
2882.377
2882.664
2882.951
2883.238
2883.525
2883.812
2884.099
2884.386
2884.673
2884.96
2885.247
2885.534
2885.82
2886.016
2886.212
2886.408
2886.604
2886.8
2886.996
2887.192
2887.388
2887.584
2887.78
2887.976
2888.172
2888.368
2888.57
2888.824
2889.078
2889.332
2889.586
2889.84
2890.094
2890.348
2890.602
2890.856
2891.11
2891.536
2891.962
2892.388
2892.814
2893.24
2893.666
2894.092
2894.518
2894.94
2895.19
2895.44
2895.69
2895.94
2896.19
2896.44
2896.69
2896.94
2897.19
2897.44
2897.83
2898.22
2898.61
2899.0
2899.39
2899.78
2900.17
2900.56
2900.95
2901.34
2901.73
2902.12
2902.51
2902.9
2903.216
2903.532
2903.848
2904.164
2904.48
2904.796
2905.112
2905.43
2905.674
2905.918
2906.162
2906.406
2906.65
2906.894
2907.14
2907.461
2907.782
2908.103
2908.424
2908.745
2909.066
2909.387
2909.708
2910.029
2910.35
2910.671
2910.99
2911.267
2911.544
2911.822
2912.1
2912.378
2912.656
2912.934
2913.21
2913.753
2914.296
2914.839
2915.382
2915.925
2916.47
2916.775
2917.08
2917.385
2917.69
2917.995
2918.3
2918.605
2918.91
2919.215
2919.52
2919.82
2920.08
2920.34
2920.6
2920.86
2921.12
2921.38
2921.64
2921.9
2922.27
2922.64
2923.01
2923.38
2923.75
2924.12
2924.687
2925.254
2925.821
2926.388
2926.955
2927.52
2927.951
2928.382
2928.813
2929.244
2929.675
2930.106
2930.537
2930.968
2931.4
2931.763
2932.126
2932.489
2932.852
2933.215
2933.58
2933.861
2934.142
2934.423
2934.704
2934.985
2935.266
2935.547
2935.828
2936.11
2936.51
2936.91
2937.31
2937.531
2937.752
2937.973
2938.194
2938.415
2938.636
2938.857
2939.08
2940.436
2941.792
2943.148
2944.504
2945.86
2947.216
2948.57
2948.919
2949.268
2949.617
2949.966
2950.315
2950.664
2951.013
2951.362
2951.711
2952.06
2952.302
2952.544
2952.786
2953.028
2953.27
2953.512
2953.754
2953.996
2954.238
2954.48
2954.963
2955.446
2955.93
2956.301
2956.672
2957.043
2957.414
2957.785
2958.156
2958.527
2958.896
2959.057
2959.218
2959.379
2959.54
2959.701
2959.862
2960.02
2960.222
2960.424
2960.626
2960.828
2961.03
2961.232
2961.434
2961.636
2961.838
2962.04
2962.506
2962.972
2963.438
2963.904
2964.37
2964.836
2965.302
2965.77
2966.497
2967.224
2967.952
2968.68
2969.055
2969.43
2969.805
2970.18
2970.555
2970.93
2971.305
2971.68
2971.858
2972.036
2972.214
2972.392
2972.57
2972.748
2972.926
2973.104
2973.28
2973.525
2973.77
2974.015
2974.26
2974.505
2974.75
2974.995
2975.238
2975.861
2976.484
2977.107
2977.73
2978.277
2978.824
2979.371
2979.918
2980.465
2981.012
2981.56
2982.37
2983.18
2983.99
2985.36
2985.877
2986.394
2986.911
2987.428
2987.945
2988.462
2988.979
2989.496
2990.013
2990.53
2991.047
2991.564
2992.081
2992.598
2993.12
2993.602
2994.084
2994.566
2995.05
2995.254
2995.458
2995.662
2995.866
2996.07
2996.274
2996.478
2996.682
2996.886
2997.09
2997.294
2997.499
2997.714
2997.929
2998.144
2998.359
2998.574
2998.79
2999.196
2999.602
3000.008
3000.414
3000.82
3001.226
3001.634
3001.867
3002.1
3002.333
3002.566
3002.8
3003.052
3003.304
3003.556
3003.808
3004.06
3004.31
3004.57
3004.83
3005.09
3005.35
3005.61
3005.864
3006.118
3006.372
3006.626
3006.88
3007.067
3007.254
3007.441
3007.628
3007.815
3008.002
3008.189
3008.376
3008.563
3008.754
3008.994
3009.234
3009.474
3009.714
3009.954
3010.194
3010.434
3010.674
3010.91
3011.2
3011.49
3011.78
3012.07
3012.36
3012.903
3013.446
3013.989
3014.532
3015.075
3015.62
3015.889
3016.158
3016.427
3016.696
3016.965
3017.234
3017.503
3017.772
3018.041
3018.31
3018.58
3019.48
3020.027
3020.574
3021.121
3021.668
3022.215
3022.76
3023.223
3023.686
3024.149
3024.61
3024.945
3025.28
3025.523
3025.766
3026.01
3026.271
3026.532
3026.793
3027.054
3027.315
3027.576
3027.84
3028.093
3028.346
3028.599
3028.852
3029.105
3029.358
3029.611
3029.864
3030.117
3030.37
3030.62
3031.25
3031.88
3032.062
3032.244
3032.426
3032.608
3032.79
3032.972
3033.154
3033.338
3033.566
3033.794
3034.022
3034.25
3034.478
3034.706
3034.934
3035.162
3035.39
3035.62
3035.933
3036.246
3036.559
3036.872
3037.185
3037.5
3038.13
3038.76
3039.39
3040.02
3040.432
3040.844
3041.256
3041.669
3041.827
3041.985
3042.143
3042.301
3042.46
3042.703
3042.946
3043.189
3043.432
3043.675
3043.918
3044.16
3044.452
3044.743
3044.958
3045.173
3045.388
3045.603
3045.818
3046.033
3046.248
3046.463
3046.678
3046.893
3047.108
3047.323
3047.532
3047.775
3048.018
3048.261
3048.504
3048.747
3048.99
3049.237
3049.484
3049.731
3049.978
3050.225
3050.47
3050.849
3051.228
3051.607
3051.986
3052.365
3052.744
3053.123
3053.5
3053.83
3054.16
3054.49
3054.82
3055.15
3055.48
3055.81
3056.139
3056.337
3056.535
3056.733
3056.93
3057.188
3057.446
3057.704
3057.962
3058.221
3058.516
3058.811
3059.106
3059.401
3059.696
3059.99
3060.23
3060.47
3060.71
3060.95
3061.19
3061.43
3061.67
3061.91
3062.15
3062.39
3062.906
3063.422
3063.938
3064.454
3064.97
3065.486
3066.002
3066.518
3067.03
3067.312
3067.594
3067.876
3068.16
3068.16
3068.16
3068.16
3068.16
