20.552
20.795
21.038
21.281
21.524
21.767
22.01
22.331
22.652
22.973
23.294
23.615
23.936
24.257
24.578
24.9
25.319
25.738
26.157
26.576
26.995
27.414
27.833
28.25
28.79
29.33
29.87
30.41
30.95
31.49
32.03
32.57
33.11
33.95
34.407
34.864
35.321
35.778
36.235
36.692
37.149
37.606
38.063
38.52
38.878
39.236
39.594
39.952
40.31
40.67
41.343
42.016
42.69
42.904
43.118
43.332
43.546
43.76
43.974
44.188
44.402
44.616
44.83
45.04
45.351
45.662
45.973
46.284
46.595
46.906
47.217
47.528
47.839
48.15
48.461
48.77
49.62
50.47
51.588
52.706
53.824
54.942
56.06
56.823
57.586
58.349
59.112
59.875
60.638
61.4
61.9
62.327
62.754
63.18
63.471
63.762
64.053
64.346
64.612
64.878
65.144
65.41
65.676
65.942
66.208
66.474
66.74
67.006
67.272
67.538
67.804
68.07
68.336
68.6
69.175
69.75
70.325
70.9
71.475
72.05
72.625
73.2
73.775
74.35
74.92
75.967
77.014
78.06
78.657
79.254
79.851
80.448
81.045
81.642
82.239
82.836
83.43
83.916
84.402
84.888
85.374
85.86
86.346
86.83
87.49
88.15
88.81
89.47
90.13
90.79
91.45
92.11
92.672
93.234
93.796
94.358
94.92
95.482
96.044
96.606
97.168
97.73
98.29
98.716
99.142
99.568
99.994
100.42
100.846
101.27
102.547
103.824
105.101
106.378
107.655
108.93
109.319
109.708
110.097
110.486
110.875
111.264
111.653
112.042
112.431
112.82
113.21
114.139
115.068
115.997
116.926
117.855
118.784
119.713
120.642
121.57
121.884
122.198
122.512
122.826
123.14
123.454
123.77
124.136
124.502
124.868
125.234
125.6
125.966
126.332
126.698
127.06
127.409
127.758
128.107
128.456
128.805
129.154
129.503
129.852
130.201
130.55
130.9
131.529
132.158
132.787
133.416
134.045
134.674
135.3
135.604
135.908
136.212
136.516
136.82
137.124
137.43
138.318
139.206
140.094
140.982
141.87
142.352
142.834
143.316
143.798
144.28
144.762
145.244
145.726
146.208
146.69
147.17
147.473
147.776
148.079
148.382
148.685
148.988
149.291
149.594
149.897
150.2
150.503
150.806
151.109
151.412
151.72
152.072
152.424
152.776
153.128
153.48
153.832
154.184
154.536
154.888
155.24
155.784
156.328
156.872
157.416
157.96
158.41
158.86
159.31
159.76
160.21
160.66
161.11
161.56
162.01
162.461
162.912
163.363
163.814
164.265
164.716
165.17
165.869
166.568
167.267
167.966
168.665
169.364
170.063
170.762
171.461
172.16
172.855
173.154
173.453
173.752
174.051
174.35
174.65
174.85
175.05
175.25
175.45
175.65
175.914
176.178
176.442
176.706
176.97
177.234
177.498
177.76
178.081
178.402
178.723
179.044
179.365
179.686
180.007
180.328
180.649
180.97
181.291
181.612
181.933
182.254
182.58
183.024
183.468
183.912
184.356
184.8
185.244
185.69
186.17
186.65
187.13
187.61
188.09
188.57
189.05
189.53
190.01
190.8
191.59
192.38
193.17
193.96
194.75
195.54
195.952
196.364
196.776
197.19
197.825
198.46
199.095
199.73
200.365
201.0
201.635
202.27
202.905
203.54
204.17
204.702
205.234
205.766
206.298
206.83
207.362
207.894
208.426
208.96
209.48
210.0
210.52
211.04
211.56
212.08
212.6
213.44
214.28
214.685
215.09
215.495
215.9
216.305
216.71
217.116
217.697
218.278
218.859
219.44
220.02
220.353
220.686
221.019
221.352
221.685
222.018
222.351
222.684
223.017
223.35
223.683
224.016
224.349
224.68
225.037
225.394
225.751
226.108
226.465
226.822
227.18
227.42
227.66
227.9
228.14
228.38
228.669
228.958
229.247
229.536
229.825
230.114
230.403
230.692
230.981
231.27
231.525
231.78
232.035
232.29
232.545
232.8
233.055
233.31
233.565
233.82
234.07
234.546
235.022
235.498
235.974
236.45
236.926
237.4
237.978
238.556
239.134
239.712
240.29
240.868
241.446
242.024
242.602
243.18
243.76
244.222
244.684
245.146
245.608
246.07
246.532
246.994
247.456
247.918
248.38
248.842
249.304
249.77
250.46
251.15
251.84
252.53
253.199
253.868
254.537
255.206
255.875
256.544
257.213
257.88
258.336
258.792
259.248
259.704
260.16
260.616
261.07
261.406
261.742
262.078
262.414
262.75
263.086
263.422
263.758
264.094
264.43
264.766
265.102
265.438
265.774
266.11
266.422
266.734
267.046
267.358
267.67
268.108
268.546
268.983
269.421
269.858
270.296
270.733
271.17
271.554
271.938
272.322
272.706
273.09
273.474
273.858
274.24
274.598
274.956
275.314
275.672
276.03
276.387
276.745
277.1
277.72
278.34
278.96
279.58
280.2
280.82
281.44
281.673
281.906
282.139
282.372
282.605
282.838
283.071
283.304
283.54
284.206
284.872
285.538
286.204
286.87
287.326
287.782
288.238
288.694
289.15
289.606
290.06
290.589
291.118
291.647
292.176
292.705
293.234
293.763
294.29
294.877
295.464
296.051
296.638
297.225
297.812
298.399
298.986
299.57
299.83
300.09
300.35
300.61
300.87
301.13
301.39
301.65
301.91
302.17
302.751
303.332
303.913
304.494
305.075
305.656
306.237
306.818
307.4
307.94
308.48
309.02
309.56
310.1
310.464
310.828
311.192
311.556
311.92
312.32
312.72
313.12
313.52
313.92
314.32
314.72
315.285
315.85
316.415
316.98
317.393
317.805
318.217
318.63
319.043
319.456
319.869
320.28
320.798
321.316
321.833
322.35
322.703
323.056
323.409
323.762
324.115
324.468
324.821
325.174
325.53
325.931
326.332
326.733
327.134
327.535
327.936
328.337
328.738
329.14
329.424
329.708
329.992
330.276
330.56
330.844
331.128
331.412
331.696
331.98
332.264
332.548
332.83
333.044
333.258
333.472
333.686
333.9
334.114
334.33
334.753
335.176
335.599
336.022
336.445
336.868
337.291
337.714
338.137
338.56
338.936
339.312
339.688
340.064
340.44
340.816
341.192
341.568
341.944
342.32
342.696
343.072
343.45
343.705
343.96
344.215
344.47
344.725
344.98
345.235
345.49
345.745
346.0
346.346
346.692
347.038
347.384
347.73
348.076
348.422
348.77
349.191
349.612
350.033
350.454
350.875
351.296
351.72
352.031
352.342
352.653
352.964
353.275
353.586
353.897
354.21
354.498
354.786
355.074
355.362
355.65
355.938
356.226
356.514
356.802
357.09
357.38
357.698
358.016
358.334
358.652
358.97
359.288
359.606
359.924
360.24
360.504
360.768
361.032
361.296
361.56
361.824
362.09
362.414
362.738
363.062
363.386
363.71
364.034
364.358
364.682
365.006
365.33
365.654
365.98
366.653
367.326
367.999
368.67
369.097
369.524
369.951
370.378
370.805
371.232
371.659
372.086
372.513
372.94
373.37
373.686
374.002
374.318
374.634
374.95
375.266
375.582
375.898
376.215
376.898
377.581
378.264
378.947
379.63
380.313
380.996
381.679
382.362
383.045
383.73
384.285
384.84
385.395
385.95
386.504
387.058
387.612
388.166
388.72
389.274
389.828
390.382
390.936
391.49
392.04
392.599
393.158
393.717
394.276
394.835
395.395
395.989
396.583
397.177
397.771
398.365
398.96
399.715
400.47
401.225
401.98
402.735
403.49
404.245
405.0
405.756
406.024
406.292
406.56
406.828
407.096
407.364
407.63
407.961
408.292
408.623
408.954
409.285
409.616
409.95
410.501
411.052
411.603
412.154
412.705
413.256
413.81
414.226
414.642
415.058
415.474
415.89
416.306
416.722
417.138
417.554
417.97
418.39
418.754
419.118
419.482
419.846
420.21
420.574
420.938
421.302
421.67
422.23
422.79
423.35
423.91
424.41
424.91
425.41
425.91
426.436
426.962
427.488
428.014
428.54
428.721
428.902
429.083
429.264
429.445
429.626
429.807
429.988
430.17
430.406
430.642
430.878
431.114
431.35
431.814
432.278
432.742
433.206
433.67
434.134
434.598
435.06
435.343
435.626
435.909
436.192
436.475
436.758
437.04
437.267
437.494
437.721
437.948
438.175
438.402
438.632
439.279
439.926
440.573
441.22
441.867
442.515
443.044
443.573
444.102
444.631
445.16
445.689
446.218
446.75
447.031
447.312
447.593
447.874
448.155
448.436
448.72
449.123
449.526
449.929
450.332
450.735
451.138
451.541
451.944
452.347
452.75
453.322
453.894
454.466
455.038
455.61
456.18
456.423
456.666
456.909
457.152
457.395
457.638
457.881
458.124
458.367
458.61
458.85
459.525
460.2
460.875
461.55
461.899
462.248
462.597
462.946
463.295
463.644
463.993
464.34
465.114
465.888
466.662
467.436
468.21
468.642
469.075
469.507
469.94
470.26
470.58
470.9
471.22
471.54
471.86
472.18
472.5
472.82
473.14
473.46
473.78
474.086
474.392
474.698
475.004
475.31
475.616
475.92
476.569
477.218
477.867
478.516
479.165
479.814
480.463
481.112
481.76
481.991
482.222
482.453
482.684
482.915
483.146
483.377
483.608
483.839
484.07
484.749
485.428
486.107
486.786
487.465
488.144
488.823
489.502
490.181
490.86
491.539
492.22
492.81
493.4
493.99
494.512
495.034
495.556
496.078
496.6
497.12
497.454
497.788
498.122
498.456
498.79
499.124
499.458
499.79
500.314
500.838
501.362
501.886
502.41
502.934
503.458
503.98
504.738
505.496
506.254
507.012
507.77
508.528
509.286
510.044
510.802
511.56
512.32
513.668
515.016
516.364
517.712
519.059
519.502
519.945
520.388
520.831
521.274
521.717
522.16
522.603
523.046
523.49
524.286
525.082
525.878
526.674
527.47
528.266
529.062
529.858
530.657
530.869
531.081
531.293
531.505
531.717
531.929
532.141
532.353
532.565
532.777
532.99
533.485
533.98
534.475
534.97
535.465
535.96
536.455
536.95
537.433
537.916
538.4
538.877
539.354
539.831
540.308
540.785
541.262
541.739
542.216
542.69
542.996
543.302
543.608
543.914
544.22
544.526
544.83
545.769
546.708
547.647
548.586
549.525
550.464
551.4
552.284
553.168
554.052
554.936
555.82
556.704
557.59
558.01
558.43
558.85
559.27
559.69
560.015
560.34
560.665
560.99
561.315
561.64
561.965
562.29
562.615
562.94
563.27
563.585
563.9
564.215
564.53
564.845
565.16
565.475
565.79
566.085
566.38
566.675
566.97
567.265
567.56
567.855
568.15
568.445
568.74
569.03
569.308
569.586
569.864
570.142
570.42
570.698
570.976
571.254
571.532
571.81
572.095
572.38
572.665
572.95
573.235
573.52
574.067
574.614
575.161
575.708
576.255
576.8
577.146
577.492
577.838
578.184
578.53
578.876
579.222
579.57
580.054
580.538
581.022
581.506
581.99
582.472
582.954
583.436
583.918
584.4
584.88
585.114
585.348
585.582
585.816
586.05
586.284
586.518
586.752
586.986
587.22
587.454
587.69
588.19
588.395
588.6
588.805
589.01
589.215
589.42
589.717
590.014
590.312
590.61
590.908
591.206
591.504
591.8
592.484
593.168
593.852
594.536
595.22
595.904
596.588
597.272
597.96
598.34
598.72
599.1
599.48
599.86
600.24
600.62
601.019
601.418
601.817
602.216
602.615
603.014
603.413
603.812
604.211
604.61
605.009
605.41
605.793
606.176
606.56
606.888
607.216
607.544
607.872
608.2
608.528
608.856
609.184
609.512
609.84
610.536
611.232
611.928
612.624
613.32
614.016
614.71
615.149
615.588
616.027
616.466
616.905
617.344
617.784
618.226
618.398
618.57
618.742
618.914
619.086
619.258
619.43
619.6
619.936
620.272
620.608
620.944
621.28
621.616
621.952
622.29
622.679
623.068
623.457
623.845
624.077
624.309
624.541
624.773
625.005
625.237
625.47
626.004
626.538
627.072
627.606
628.14
628.674
629.21
629.689
630.168
630.647
631.126
631.605
632.084
632.563
633.042
633.521
634.0
634.48
634.846
635.212
635.578
635.944
636.31
636.602
636.894
637.186
637.478
637.77
638.062
638.354
638.646
638.94
639.316
639.692
640.068
640.444
640.82
641.196
641.572
641.948
642.324
642.7
643.08
643.554
644.028
644.502
644.976
645.45
645.924
646.398
646.872
647.346
647.82
648.167
648.514
648.86
649.32
649.78
650.24
650.7
651.16
651.62
652.08
652.671
653.262
653.853
654.444
655.035
655.626
656.217
656.808
657.399
657.99
658.716
659.442
660.168
660.894
661.62
662.176
662.732
663.288
663.844
664.4
664.956
665.51
665.918
666.326
666.734
667.142
667.55
667.761
667.972
668.183
668.394
668.605
668.816
669.03
669.4
669.77
670.14
670.51
670.88
671.25
671.62
671.99
672.337
672.684
673.031
673.38
673.572
673.764
673.956
674.148
674.34
674.532
674.724
674.916
675.108
675.3
675.492
675.68
675.954
676.228
676.502
676.776
677.05
677.324
677.598
677.872
678.146
678.42
678.694
678.97
679.614
680.258
680.902
681.546
682.19
682.834
683.48
683.898
684.316
684.734
685.152
685.57
686.116
686.662
687.208
687.754
688.3
688.846
689.392
689.938
690.484
691.029
691.233
691.437
691.641
691.845
692.049
692.253
692.457
692.661
692.865
693.07
693.697
694.324
694.951
695.578
696.205
696.832
697.46
698.008
698.556
699.104
699.652
700.2
701.103
702.006
702.909
703.812
704.715
705.62
706.436
707.252
708.068
708.884
709.7
710.516
711.332
712.148
712.96
713.46
713.96
714.46
714.96
715.46
715.976
716.492
717.008
717.524
718.04
718.556
719.072
719.588
720.104
720.62
720.849
721.078
721.307
721.536
721.765
721.994
722.22
722.458
722.696
722.934
723.172
723.41
723.65
723.94
724.23
724.52
724.81
725.1
725.39
725.68
726.357
727.034
727.711
728.388
729.065
729.742
730.42
730.656
730.892
731.128
731.364
731.6
731.836
732.07
732.75
733.43
734.11
734.79
735.47
736.15
736.83
737.455
738.08
738.705
739.33
739.955
740.58
740.783
740.986
741.189
741.392
741.595
741.8
742.242
742.684
743.126
743.568
744.01
744.452
744.894
745.336
745.778
746.22
746.662
747.104
747.54
747.745
747.95
748.155
748.36
748.946
749.532
750.118
750.704
751.29
751.876
752.462
753.048
753.63
753.929
754.228
754.527
754.825
755.021
755.217
755.413
755.609
755.805
756.001
756.2
756.667
757.134
757.601
758.068
758.535
759.002
759.469
759.936
760.403
760.87
761.34
762.111
762.882
763.653
764.424
765.195
765.966
766.74
767.045
767.35
767.655
767.96
768.265
768.57
768.875
769.18
769.688
770.196
770.704
771.212
771.72
772.23
772.821
773.412
774.003
774.594
775.185
775.776
776.367
776.958
777.549
778.14
778.731
779.322
779.913
780.51
780.903
781.296
781.689
782.082
782.475
782.868
783.261
783.654
784.047
784.44
784.833
785.226
785.62
786.006
786.392
786.778
787.164
787.55
787.936
788.322
788.707
788.89
789.073
789.256
789.439
789.622
789.805
789.988
790.171
790.354
790.54
790.945
791.35
791.755
792.16
792.565
792.97
793.375
793.78
794.093
794.406
794.719
795.032
795.345
795.66
796.361
797.062
797.763
798.464
799.165
799.866
800.57
800.839
801.108
801.377
801.646
801.915
802.184
802.453
802.722
802.991
803.26
803.771
804.282
804.793
805.304
805.815
806.326
806.837
807.348
807.86
808.417
808.974
809.531
810.088
810.645
811.2
811.655
812.11
812.565
813.02
813.475
813.93
814.385
814.84
815.295
815.75
816.035
816.32
816.605
816.89
817.175
817.46
817.745
818.03
818.315
818.6
818.885
819.17
819.46
819.706
819.952
820.198
820.444
820.69
820.936
821.18
821.42
821.66
821.9
822.14
822.38
822.62
822.86
823.1
823.34
823.58
823.776
823.972
824.168
824.364
824.56
824.756
824.952
825.148
825.344
825.54
825.93
826.32
826.71
827.1
827.855
828.61
829.365
830.12
830.875
831.63
832.385
833.14
833.895
834.65
834.979
835.308
835.637
835.966
836.295
836.624
836.953
837.28
837.875
838.47
839.065
839.66
840.255
840.85
841.445
842.04
842.635
843.23
843.696
844.162
844.628
845.094
845.56
846.026
846.492
846.96
847.438
847.915
848.392
848.87
849.227
849.584
849.941
850.298
850.655
851.012
851.369
851.726
852.083
852.44
852.797
853.154
853.51
854.083
854.656
855.229
855.802
856.375
856.948
857.521
858.094
858.67
859.023
859.376
859.729
860.082
860.435
860.79
861.19
861.59
861.99
862.39
862.79
863.19
863.59
863.964
864.338
864.712
865.086
865.46
865.834
866.208
866.58
866.937
867.294
867.651
868.008
868.365
868.722
869.079
869.436
869.79
870.114
870.438
870.762
871.086
871.41
871.734
872.058
872.382
872.71
873.3
873.89
874.48
875.07
875.66
876.25
876.84
877.43
878.02
878.553
879.086
879.619
880.152
880.685
881.218
881.751
882.284
882.82
882.993
883.166
883.339
883.512
883.685
883.858
884.031
884.204
884.377
884.55
884.723
884.896
885.069
885.242
885.415
885.588
885.761
885.934
886.11
886.696
887.282
887.868
888.454
889.04
889.626
890.21
891.074
891.938
892.802
893.666
894.53
895.394
896.258
897.122
897.99
899.673
901.356
903.038
904.72
904.949
905.178
905.407
905.636
905.865
906.094
906.32
906.792
907.264
907.736
908.208
908.68
909.15
909.54
909.93
910.32
910.71
911.1
911.457
911.814
912.171
912.528
912.885
913.241
913.449
913.657
913.865
914.073
914.281
914.489
914.697
914.905
915.113
915.321
915.529
915.74
916.28
916.82
917.36
917.9
918.44
918.98
919.52
920.057
920.255
920.453
920.651
920.849
921.047
921.245
921.443
921.64
922.06
922.48
922.9
923.32
923.74
924.16
924.58
925.0
925.425
925.85
926.275
926.7
927.125
927.55
927.975
928.4
928.825
929.25
930.386
931.522
932.658
933.794
934.93
935.414
935.898
936.382
936.866
937.35
937.834
938.318
938.802
939.286
939.77
940.254
940.738
941.222
941.706
942.19
942.67
944.06
945.45
946.84
948.23
949.62
951.01
952.4
952.893
953.386
953.879
954.372
954.865
955.358
955.851
956.344
956.837
957.33
957.93
958.53
959.13
959.73
960.33
960.93
961.53
962.13
962.731
962.927
963.123
963.319
963.515
963.711
963.907
964.106
964.467
964.828
965.189
965.55
965.911
966.27
966.48
966.69
966.9
967.11
967.32
967.53
967.74
967.95
968.16
968.37
968.943
969.516
970.09
970.638
971.186
971.734
972.282
972.83
973.379
973.599
973.819
974.039
974.259
974.479
974.699
974.92
975.335
975.75
976.165
976.58
976.995
977.41
977.643
977.876
978.109
978.342
978.575
978.808
979.041
979.274
979.507
979.74
979.973
980.207
980.419
980.631
980.843
981.055
981.267
981.479
981.691
981.903
982.115
982.327
982.54
982.821
983.102
983.383
983.664
983.945
984.226
984.507
984.79
985.07
985.35
985.63
985.91
986.19
986.47
986.75
987.03
987.312
987.988
988.664
989.34
990.016
990.692
991.37
991.73
992.09
992.45
992.81
993.17
993.53
993.89
994.25
994.61
995.084
995.558
996.032
996.506
996.98
997.454
997.928
998.402
998.876
999.35
999.602
999.854
1000.106
1000.358
1000.61
1000.862
1001.114
1001.366
1001.618
1001.874
1002.378
1002.882
1003.386
1003.89
1004.394
1004.898
1005.4
1005.999
1006.598
1007.197
1007.796
1008.395
1008.994
1009.59
1010.323
1011.056
1011.789
1012.522
1013.255
1013.987
1014.191
1014.395
1014.599
1014.803
1015.007
1015.211
1015.415
1015.619
1015.82
1016.362
1016.904
1017.446
1017.988
1018.53
1019.07
1019.362
1019.654
1019.946
1020.238
1020.53
1020.82
1021.189
1021.558
1021.927
1022.296
1022.665
1023.034
1023.403
1023.772
1024.141
1024.511
1024.761
1025.011
1025.261
1025.511
1025.761
1026.01
1026.317
1026.624
1026.931
1027.238
1027.545
1027.852
1028.16
1028.455
1028.75
1029.045
1029.34
1029.635
1029.93
1030.225
1030.52
1030.815
1031.11
1031.405
1031.7
1032.0
1032.323
1032.646
1032.969
1033.292
1033.615
1033.94
1034.474
1035.008
1035.542
1036.076
1036.61
1037.144
1037.678
1038.21
1038.815
1039.42
1040.025
1040.63
1041.235
1041.84
1042.445
1043.05
1043.356
1043.662
1043.968
1044.274
1044.58
1044.886
1045.192
1045.498
1045.8
1046.208
1046.616
1047.024
1047.432
1047.84
1048.248
1048.656
1049.064
1049.47
1049.834
1050.198
1050.562
1050.926
1051.29
1051.654
1052.018
1052.382
1052.746
1053.11
1053.47
1054.75
1055.035
1055.32
1055.605
1055.89
1056.449
1057.008
1057.567
1058.126
1058.685
1059.244
1059.8
1060.159
1060.518
1060.877
1061.236
1061.595
1061.954
1062.313
1062.672
1063.031
1063.39
1063.75
1064.438
1065.126
1065.813
1066.5
1066.77
1067.04
1067.31
1067.58
1067.85
1068.12
1068.544
1068.968
1069.392
1069.816
1070.24
1070.664
1071.088
1071.512
1071.936
1072.36
1072.78
1073.075
1073.37
1073.665
1073.96
1074.255
1074.55
1074.845
1075.14
1075.435
1075.73
1076.025
1076.32
1076.684
1077.048
1077.412
1077.776
1078.14
1078.498
1078.856
1079.214
1079.572
1079.929
1080.287
1080.645
1081.0
1081.39
1081.78
1082.17
1082.56
1082.88
1083.2
1083.52
1083.84
1084.16
1084.48
1084.8
1085.12
1085.44
1085.76
1086.12
1086.48
1086.84
1087.2
1087.56
1087.92
1088.28
1089.028
1089.776
1090.524
1091.272
1092.02
1092.77
1094.171
1095.572
1096.973
1098.374
1099.775
1101.176
1102.577
1103.978
1105.379
1106.78
1113.94
1114.181
1114.422
1114.663
1114.904
1115.145
1115.386
1115.63
1116.519
1117.408
1118.297
1119.186
1120.075
1120.964
1121.85
1122.475
1123.1
1123.725
1124.35
1124.975
1125.6
1126.225
1126.85
1127.186
1127.522
1127.858
1128.194
1128.53
1128.866
1129.202
1129.535
1129.731
1129.927
1130.123
1130.319
1130.515
1130.711
1130.91
1131.654
1132.398
1133.142
1133.886
1134.63
1135.374
1136.12
1136.352
1136.584
1136.816
1137.048
1137.28
1137.512
1137.744
1137.976
1138.208
1138.44
1138.672
1138.9
1139.305
1139.71
1140.115
1140.52
1141.012
1141.504
1141.996
1142.488
1142.98
1143.472
1143.964
1144.456
1144.948
1145.44
1145.932
1146.424
1146.91
1147.167
1147.424
1147.681
1147.938
1148.195
1148.45
1148.764
1149.078
1149.392
1149.706
1150.02
1150.382
1150.744
1151.106
1151.468
1151.83
1152.082
1152.335
1152.588
1152.841
1153.093
1153.346
1153.599
1153.85
1154.257
1154.664
1155.071
1155.478
1155.885
1156.292
1156.699
1157.106
1157.513
1157.92
1158.327
1158.734
1159.14
1161.5
1161.817
1162.134
1162.451
1162.768
1163.085
1163.402
1163.719
1164.036
1164.353
1164.67
1165.241
1165.812
1166.383
1166.954
1167.525
1168.096
1168.667
1169.238
1169.81
1170.053
1170.297
1170.541
1170.784
1171.028
1171.271
1172.074
1172.877
1173.68
1174.483
1175.286
1176.089
1176.892
1177.694
1177.923
1178.152
1178.381
1178.61
1178.784
1178.958
1179.132
1179.306
1179.48
1179.654
1179.825
1180.059
1180.293
1180.527
1180.761
1180.995
1181.229
1181.463
1181.7
1182.051
1182.402
1182.753
1183.104
1183.455
1183.806
1184.159
1184.332
1184.506
1184.68
1184.854
1185.028
1185.2
1185.632
1186.064
1186.439
1186.814
1187.189
1187.564
1187.939
1188.327
1188.714
1189.279
1189.844
1190.41
1190.66
1190.91
1191.16
1191.41
1191.66
1191.91
1192.16
1192.354
1192.548
1192.742
1192.936
1193.13
1193.324
1193.52
1194.435
1195.35
1196.265
1197.181
1197.68
1198.321
1198.962
1199.603
1200.244
1200.887
1201.22
1201.553
1201.886
1202.22
1202.28
1202.34
1202.4
1202.46
1202.595
1202.73
1202.865
1203.0
1203.243
1203.486
1203.729
1203.972
1204.215
1204.46
1205.17
1205.88
1206.312
1206.744
1207.176
1207.608
1208.04
1208.472
1208.904
1209.336
1209.768
1210.2
1210.632
1211.06
1211.569
1212.078
1212.587
1213.096
1213.605
1214.114
1214.623
1215.132
1215.641
1216.15
1216.409
1216.668
1216.927
1217.186
1217.445
1217.704
1217.963
1218.222
1218.48
1219.51
1220.54
1221.57
1222.6
1223.63
1224.66
1225.69
1226.72
1227.75
1228.78
1229.809
1231.132
1232.455
1233.778
1235.1
1235.503
1235.906
1236.309
1236.712
1237.115
1237.518
1237.92
1238.374
1238.828
1239.282
1239.736
1240.19
1240.644
1241.1
1242.361
1243.622
1244.883
1246.144
1247.405
1248.666
1249.927
1251.188
1252.449
1253.71
1255.28
1256.85
1258.42
1259.99
1261.56
1263.13
1264.7
1266.27
1267.84
1268.867
1269.894
1270.921
1271.948
1272.975
1274.002
1275.029
1276.056
1277.083
1278.111
1278.463
1278.815
1279.167
1279.519
1279.87
1280.214
1280.558
1280.902
1281.246
1281.59
1281.934
1282.278
1282.622
1282.97
1283.154
1283.338
1283.522
1283.706
1283.89
1284.074
1284.258
1284.442
1284.63
1284.97
1285.31
1285.65
1285.99
1286.33
1286.67
1287.338
1288.006
1288.674
1289.342
1290.01
1290.678
1291.346
1292.014
1292.682
1293.35
1294.018
1294.69
1295.236
1295.782
1296.328
1296.874
1297.422
1297.636
1297.85
1298.063
1298.277
1298.491
1298.705
1298.918
1299.13
1299.853
1300.576
1301.299
1302.022
1302.745
1303.47
1304.094
1304.718
1305.342
1305.966
1306.59
1307.214
1307.838
1308.46
1309.044
1309.628
1310.212
1310.796
1311.38
1311.964
1312.548
1313.132
1313.716
1314.3
1314.884
1315.468
1316.05
1316.536
1317.022
1317.508
1317.994
1318.48
1318.966
1319.452
1319.938
1320.424
1320.91
1321.4
1321.867
1322.334
1322.801
1323.268
1323.735
1324.202
1324.67
1325.195
1325.72
1326.245
1326.77
1327.295
1327.82
1330.43
1330.801
1331.172
1331.543
1331.914
1332.285
1332.656
1333.027
1333.398
1333.769
1334.14
1334.511
1334.88
1335.38
1335.726
1336.072
1336.418
1336.764
1337.11
1337.456
1337.8
1342.88
1343.783
1344.686
1345.589
1346.492
1347.395
1348.298
1349.201
1350.104
1351.007
1351.91
1352.322
1352.734
1353.146
1353.558
1353.97
1354.382
1354.794
1355.206
1355.618
1356.03
1356.442
1356.854
1357.26
1357.63
1358.0
1358.37
1358.74
1359.189
1359.638
1360.087
1360.536
1360.985
1361.434
1361.883
1362.332
1362.781
1363.23
1364.03
1364.83
1365.63
1366.43
1367.23
1368.03
1368.83
1369.63
1370.43
1371.23
1372.03
1372.83
1373.63
1374.43
1375.23
1376.03
1376.676
1377.322
1377.968
1378.614
1379.26
1379.906
1380.552
1381.198
1381.844
1382.49
1383.136
1383.782
1384.428
1385.074
1385.72
1386.366
1387.012
1387.656
1387.828
1388.0
1388.172
1388.344
1388.516
1388.688
1388.86
1389.03
1389.414
1389.798
1390.182
1390.566
1390.95
1391.334
1391.718
1392.102
1392.486
1392.87
1393.25
1393.587
1393.924
1394.261
1394.598
1394.935
1395.272
1395.609
1395.946
1396.283
1396.62
1397.117
1397.614
1398.111
1398.608
1399.105
1399.602
1400.099
1400.596
1401.093
1401.59
1402.095
1402.6
1403.105
1403.61
1404.115
1404.62
1405.125
1405.63
1406.135
1406.64
1407.028
1407.416
1407.804
1408.192
1408.58
1408.968
1409.356
1409.744
1410.132
1410.52
1410.91
1411.497
1412.084
1412.671
1413.258
1413.845
1414.432
1415.02
1415.328
1415.636
1415.944
1416.252
1416.56
1417.745
1418.93
1420.115
1421.3
1422.485
1423.67
1424.855
1426.04
1427.225
1428.41
1429.266
1430.122
1430.978
1431.834
1432.69
1433.546
1434.402
1435.258
1436.11
1436.704
1437.298
1437.892
1438.486
1439.08
1439.674
1440.268
1440.862
1441.46
1442.219
1442.978
1443.737
1444.496
1445.255
1446.014
1446.773
1447.532
1448.291
1449.05
1449.809
1450.568
1451.33
1451.827
1452.324
1452.821
1453.318
1453.815
1454.312
1454.81
1455.228
1455.646
1456.064
1456.482
1456.9
1457.322
1457.744
1458.166
1458.588
1459.01
1459.432
1459.854
1460.276
1460.698
1461.12
1461.435
1461.75
1462.065
1462.38
1462.695
1463.01
1463.325
1463.64
1463.955
1464.27
1464.59
1464.926
1465.262
1465.598
1465.934
1466.27
1466.606
1466.942
1467.28
1467.589
1467.898
1468.207
1468.516
1468.825
1469.134
1469.443
1469.752
1470.061
1470.37
1470.679
1470.99
1471.46
1471.93
1472.4
1472.87
1473.161
1473.452
1473.743
1474.034
1474.325
1474.616
1474.907
1475.198
1475.489
1475.78
1476.006
1476.232
1476.458
1476.684
1476.91
1477.379
1477.848
1478.317
1478.786
1479.255
1479.724
1480.193
1480.662
1481.131
1481.6
1482.069
1482.538
1483.007
1483.48
1484.287
1485.094
1485.901
1486.708
1487.515
1488.322
1489.129
1489.936
1490.743
1491.55
1492.36
1492.773
1493.186
1493.599
1494.012
1494.425
1494.838
1495.251
1495.66
1496.018
1496.376
1496.734
1497.092
1497.45
1497.808
1498.166
1498.524
1498.88
1499.404
1499.928
1500.452
1500.976
1501.5
1502.024
1502.548
1503.072
1503.596
1504.12
1504.644
1505.17
1505.777
1506.384
1506.991
1507.598
1508.205
1508.812
1509.419
1510.026
1510.63
1511.983
1513.336
1514.689
1516.042
1517.395
1518.748
1520.101
1521.454
1522.81
1523.447
1524.084
1524.721
1525.358
1525.995
1526.632
1527.27
1527.616
1527.962
1528.308
1528.654
1529.0
1529.346
1529.692
1530.038
1530.384
1530.73
1531.08
1531.761
1532.442
1533.123
1533.804
1534.485
1535.166
1535.847
1536.53
1536.923
1537.316
1537.709
1538.102
1538.495
1538.888
1539.28
1539.582
1539.884
1540.186
1540.488
1540.79
1541.087
1541.384
1541.681
1541.978
1542.275
1542.57
1542.801
1543.032
1543.263
1543.494
1543.725
1543.956
1544.19
1544.498
1544.806
1545.114
1545.422
1545.73
1546.038
1546.346
1546.654
1546.962
1547.27
1547.578
1547.886
1548.2
1548.524
1548.848
1549.172
1549.496
1549.82
1550.144
1550.47
1550.719
1550.968
1551.217
1551.466
1551.715
1551.964
1552.213
1552.462
1552.711
1552.96
1553.207
1553.454
1553.701
1553.948
1554.195
1554.442
1554.69
1555.141
1555.592
1556.043
1556.494
1556.945
1557.396
1557.847
1558.298
1558.749
1559.2
1559.65
1560.135
1560.62
1561.104
1561.589
1562.073
1562.557
1562.819
1563.081
1563.343
1563.605
1563.867
1564.129
1564.39
1564.426
1564.462
1564.498
1564.534
1564.57
1568.804
1569.017
1569.23
1569.443
1569.656
1569.869
1570.082
1570.295
1570.508
1570.72
1570.987
1571.254
1571.521
1571.788
1572.055
1572.322
1572.59
1572.864
1573.138
1573.412
1573.686
1573.96
1574.234
1574.51
1574.74
1574.97
1575.2
1575.43
1575.66
1575.89
1576.12
1576.35
1576.58
1576.81
1577.04
1577.695
1578.35
1579.005
1579.66
1579.999
1580.338
1580.677
1581.016
1581.355
1581.694
1582.033
1582.37
1582.859
1583.348
1583.837
1584.326
1584.815
1585.304
1585.793
1586.282
1586.77
1587.445
1588.12
1588.795
1589.47
1590.043
1590.616
1591.189
1591.762
1592.335
1592.91
1593.214
1593.518
1593.822
1594.126
1594.43
1594.734
1595.04
1595.256
1595.472
1595.688
1595.904
1596.12
1596.336
1596.552
1596.768
1596.98
1597.54
1598.1
1598.66
1599.22
1599.66
1600.1
1600.54
1600.98
1601.42
1601.86
1602.3
1602.74
1603.18
1604.39
1606.89
1608.275
1609.66
1610.41
1611.16
1611.446
1611.732
1612.018
1612.304
1612.59
1612.876
1613.162
1613.45
1614.477
1615.505
1616.533
1617.56
1618.37
1619.18
1619.99
1620.8
1621.61
1622.247
1622.884
1623.521
1624.158
1624.795
1625.432
1626.07
1626.326
1626.582
1626.838
1627.094
1627.35
1628.06
1628.77
1629.269
1629.768
1630.267
1630.766
1631.265
1631.764
1632.26
1632.643
1633.026
1633.409
1633.792
1634.175
1634.558
1634.941
1635.321
1635.743
1636.165
1636.587
1637.01
1637.299
1637.588
1637.877
1638.166
1638.455
1638.744
1639.03
1639.655
1640.28
1640.905
1641.53
1642.155
1642.539
1642.923
1643.307
1643.691
1644.075
1644.459
1644.843
1645.23
1645.444
1645.658
1645.872
1646.086
1646.3
1646.514
1646.728
1646.94
1647.223
1647.506
1647.789
1648.072
1648.355
1648.638
1648.921
1649.204
1649.487
1649.77
1650.05
1650.426
1650.802
1651.178
1651.554
1651.93
1652.306
1652.682
1653.058
1653.434
1653.81
1654.19
1654.42
1654.65
1654.88
1655.11
1655.34
1655.57
1655.8
1656.061
1656.322
1656.583
1656.844
1657.105
1657.366
1657.627
1657.888
1658.149
1658.41
1658.671
1658.93
1659.56
1660.19
1660.82
1661.049
1661.278
1661.507
1661.736
1661.965
1662.194
1662.423
1662.654
1662.895
1663.136
1663.377
1663.618
1663.859
1664.1
1664.341
1664.582
1664.82
1665.21
1665.6
1665.99
1666.38
1666.77
1666.981
1667.192
1667.403
1667.614
1667.825
1668.036
1668.247
1668.458
1668.67
1669.136
1669.602
1670.068
1670.534
1671.0
1671.466
1671.93
1672.168
1672.406
1672.644
1672.882
1673.12
1673.358
1673.596
1673.834
1674.072
1674.31
1674.548
1674.786
1675.02
1675.268
1675.516
1675.764
1676.012
1676.26
1676.51
1676.82
1677.13
1677.44
1677.75
1678.06
1678.37
1678.68
1678.99
1679.797
1680.604
1681.411
1682.218
1683.025
1683.832
1684.639
1685.446
1686.253
1687.06
1687.867
1688.67
1693.072
1697.474
1701.876
1706.278
1710.68
1710.963
1711.246
1711.529
1711.812
1712.095
1712.378
1712.661
1712.944
1713.227
1713.51
1713.79
1714.693
1715.596
1716.499
1717.402
1718.305
1719.208
1720.111
1721.014
1721.92
1722.217
1722.514
1722.811
1723.108
1723.405
1723.702
1723.999
1724.296
1724.593
1724.89
1725.187
1725.48
1725.933
1726.386
1726.839
1727.292
1727.745
1728.198
1728.651
1729.107
1729.336
1729.565
1729.794
1730.023
1730.252
1730.481
1730.71
1730.94
1731.312
1731.684
1732.056
1732.428
1732.8
1733.172
1733.544
1733.916
1734.29
1734.615
1734.94
1735.265
1735.59
1735.915
1736.24
1736.565
1736.89
1737.215
1737.54
1737.87
1738.132
1738.394
1738.656
1738.918
1739.18
1739.442
1739.704
1739.966
1740.228
1740.49
1740.752
1741.01
1741.277
1741.544
1741.811
1742.078
1742.345
1742.612
1742.879
1743.146
1743.413
1743.68
1743.95
1744.194
1744.438
1744.682
1744.926
1745.17
1745.414
1745.658
1745.9
1746.288
1746.676
1747.064
1747.452
1747.84
1748.23
1748.46
1748.69
1748.92
1749.15
1749.38
1749.725
1750.07
1750.415
1750.76
1751.105
1751.45
1751.795
1752.14
1752.485
1752.83
1753.17
1754.21
1755.25
1756.29
1757.33
1757.539
1757.748
1757.957
1758.166
1758.375
1758.584
1758.793
1759.0
1759.279
1759.558
1759.837
1760.116
1760.395
1760.674
1760.953
1761.232
1761.511
1761.79
1762.115
1762.44
1762.765
1763.09
1763.417
1763.744
1764.071
1764.398
1764.725
1765.052
1765.379
1765.706
1766.033
1766.36
1766.69
1766.926
1767.162
1767.398
1767.634
1767.87
1768.106
1768.342
1768.58
1769.354
1770.128
1770.902
1771.676
1772.45
1773.224
1773.998
1774.772
1775.55
1775.805
1776.06
1776.315
1776.57
1776.825
1777.08
1777.335
1777.59
1777.845
1778.1
1778.5
1778.9
1779.3
1779.7
1779.976
1780.252
1780.528
1780.804
1781.08
1781.356
1781.632
1781.908
1782.18
1782.405
1782.63
1782.855
1783.08
1783.305
1783.53
1783.747
1783.964
1784.181
1784.398
1784.615
1784.832
1785.049
1785.266
1785.483
1785.696
1785.986
1786.276
1786.566
1786.856
1787.146
1787.436
1787.726
1788.016
1788.302
1788.507
1788.712
1788.917
1789.122
1789.327
1789.532
1789.737
1789.942
1790.147
1790.352
1790.557
1790.76
1791.029
1791.298
1791.567
1791.836
1792.105
1792.374
1792.643
1792.912
1793.18
1794.931
1796.682
1798.433
1800.184
1801.935
1803.686
1805.44
1805.961
1806.482
1807.003
1807.524
1808.045
1808.566
1809.087
1809.608
1810.13
1810.443
1810.756
1811.069
1811.382
1811.695
1812.008
1812.321
1812.634
1812.947
1813.26
1813.998
1814.736
1815.475
1816.214
1816.488
1816.762
1817.036
1817.31
1817.584
1817.858
1818.13
1818.46
1818.79
1819.12
1819.45
1819.78
1820.21
1820.64
1821.07
1821.5
1821.93
1822.36
1822.754
1823.148
1823.542
1823.936
1824.33
1824.724
1825.118
1825.512
1825.906
1826.3
1826.616
1826.932
1827.248
1827.564
1827.88
1828.196
1828.512
1828.828
1829.144
1829.46
1829.776
1830.092
1830.41
1830.701
1830.992
1831.283
1831.574
1831.865
1832.156
1832.447
1832.738
1833.029
1833.32
1833.647
1833.974
1834.301
1834.628
1834.955
1835.282
1835.609
1835.936
1836.26
1836.766
1837.272
1837.778
1838.284
1838.79
1839.687
1840.584
1841.481
1842.379
1842.603
1842.827
1843.051
1843.275
1843.499
1843.723
1843.947
1844.17
1844.703
1845.236
1845.769
1846.3
1846.549
1846.798
1847.047
1847.296
1847.545
1847.794
1848.043
1848.292
1848.54
1848.712
1848.884
1849.056
1849.228
1849.4
1849.57
1849.855
1850.14
1850.425
1850.71
1850.995
1851.28
1851.573
1851.866
1852.159
1852.452
1852.745
1853.04
1853.494
1853.948
1854.402
1854.856
1855.31
1855.764
1856.218
1856.672
1857.126
1857.58
1858.034
1858.488
1858.942
1859.39
1859.617
1859.844
1860.071
1860.298
1860.525
1860.752
1860.979
1861.206
1861.433
1861.66
1862.11
1862.56
1863.01
1863.436
1863.862
1864.288
1864.714
1865.14
1865.566
1865.992
1866.42
1866.772
1867.124
1867.476
1867.828
1868.18
1868.532
1868.884
1869.236
1869.588
1869.94
1870.387
1870.834
1871.281
1871.728
1872.175
1872.622
1873.07
1873.322
1873.574
1873.826
1874.078
1874.33
1874.582
1874.834
1875.086
1875.338
1875.59
1875.842
1876.09
1876.614
1877.138
1877.662
1878.186
1878.71
1879.22
1879.73
1880.24
1880.75
1881.26
1881.77
1882.28
1882.79
1883.3
1883.81
1884.881
1885.952
1887.022
1887.302
1887.582
1887.862
1888.142
1888.422
1888.702
1888.98
1889.376
1889.772
1890.168
1890.564
1890.96
1891.356
1891.752
1892.148
1892.544
1892.94
1893.347
1893.754
1894.161
1894.568
1894.975
1895.382
1895.789
1896.196
1896.603
1897.01
1897.42
1898.015
1898.61
1899.047
1899.484
1899.921
1900.357
1900.619
1900.881
1901.143
1901.405
1901.667
1901.929
1902.19
1902.51
1902.83
1903.15
1903.47
1903.74
1904.01
1904.28
1904.55
1904.82
1905.09
1905.287
1905.484
1905.681
1905.878
1906.075
1906.272
1906.469
1906.666
1906.86
1907.081
1907.302
1907.523
1907.744
1907.965
1908.186
1908.407
1908.628
1908.85
1909.174
1909.498
1909.822
1910.146
1910.47
1910.794
1911.118
1911.442
1911.766
1912.09
1912.41
1912.772
1913.134
1913.496
1913.858
1914.22
1914.464
1914.708
1914.952
1915.196
1915.44
1915.684
1915.928
1916.172
1916.42
1916.92
1917.337
1917.754
1918.171
1918.588
1919.005
1919.422
1919.839
1920.256
1920.673
1921.09
1921.507
1921.92
1922.184
1922.448
1922.712
1922.976
1923.24
1923.57
1923.9
1924.23
1924.56
1924.89
1925.563
1926.236
1926.909
1927.582
1928.255
1928.928
1929.6
1929.885
1930.17
1930.455
1930.74
1931.036
1931.332
1931.628
1931.924
1932.22
1932.516
1932.812
1933.108
1933.4
1933.674
1933.948
1934.222
1934.496
1934.77
1935.044
1935.318
1935.59
1936.061
1936.532
1937.003
1937.474
1937.945
1938.416
1938.887
1939.358
1939.829
1940.3
1940.77
1941.025
1941.28
1941.535
1941.79
1942.045
1942.3
1942.555
1942.81
1943.065
1943.32
1943.87
1944.42
1944.97
1945.52
1945.754
1945.988
1946.222
1946.456
1946.69
1946.924
1947.16
1947.352
1947.544
1947.736
1947.928
1948.12
1948.312
1948.504
1948.696
1948.888
1949.08
1949.272
1949.464
1949.65
1949.921
1950.192
1950.463
1950.733
1951.127
1951.521
1951.915
1952.309
1952.703
1953.097
1953.49
1954.05
1954.61
1955.17
1955.73
1956.29
1956.85
1957.41
1957.97
1958.53
1959.09
1959.584
1960.078
1960.572
1961.066
1961.56
1962.054
1962.55
1963.007
1963.464
1963.921
1964.378
1964.835
1965.292
1965.75
1966.028
1966.306
1966.584
1966.862
1967.14
1967.365
1967.59
1967.815
1968.04
1968.265
1968.49
1968.715
1968.94
1969.165
1969.39
1969.582
1969.774
1969.966
1970.158
1970.35
1970.542
1970.734
1970.926
1971.12
1971.376
1971.632
1971.888
1972.144
1972.4
1972.656
1972.91
1973.109
1973.308
1973.507
1973.706
1973.905
1974.104
1974.3
1974.55
1974.8
1975.05
1975.3
1975.55
1975.8
1976.05
1976.3
1976.497
1976.694
1976.891
1977.088
1977.285
1977.482
1977.679
1977.876
1978.073
1978.27
1978.467
1978.664
1978.859
1979.057
1979.255
1979.453
1979.65
1980.084
1980.518
1980.952
1981.386
1981.82
1982.254
1982.688
1983.122
1983.556
1983.99
1984.42
1984.613
1984.806
1984.999
1985.192
1985.385
1985.58
1985.816
1986.052
1986.288
1986.524
1986.76
1986.996
1987.232
1987.468
1987.7
1988.03
1988.36
1988.69
1989.02
1989.35
1989.68
1989.902
1990.124
1990.346
1990.568
1990.79
1991.012
1991.234
1991.456
1991.678
1991.9
1992.12
1992.46
1992.8
1993.14
1993.48
1993.82
1994.16
1994.5
1994.84
1995.18
1995.436
1995.692
1995.948
1996.204
1996.46
1996.716
1996.97
1997.185
1997.4
1997.615
1997.83
1998.045
1998.26
1998.475
1998.69
1998.905
1999.12
1999.34
1999.564
1999.788
2000.012
2000.236
2000.46
2000.684
2000.908
2001.132
2001.356
2001.58
2001.967
2002.354
2002.741
2003.128
2003.515
2003.9
2004.176
2004.452
2004.728
2005.004
2005.28
2005.556
2005.832
2006.108
2006.384
2006.662
2006.88
2007.098
2007.316
2007.534
2007.752
2007.97
2008.188
2008.406
2008.62
2009.4
2010.18
2010.96
2011.74
2012.312
2012.884
2013.456
2014.028
2014.599
2014.778
2014.957
2015.136
2015.315
2015.494
2015.673
2015.852
2016.031
2016.21
2016.39
2016.688
2016.986
2017.284
2017.582
2017.88
2018.178
2018.476
2018.77
2019.085
2019.4
2019.741
2020.082
2020.423
2020.764
2021.105
2021.446
2021.787
2022.128
2022.469
2022.81
2023.15
2023.573
2023.996
2024.419
2024.842
2025.265
2025.69
2025.912
2026.134
2026.356
2026.578
2026.8
2027.022
2027.244
2027.466
2027.69
2028.192
2028.694
2029.196
2029.698
2030.2
2030.7
2031.124
2031.548
2031.972
2032.396
2032.82
2033.162
2033.505
2033.848
2034.19
2034.533
2034.875
2035.217
2035.56
2035.902
2036.245
2036.587
2036.93
2037.38
2037.83
2038.28
2038.73
2039.18
2039.63
2040.08
2040.695
2041.31
2041.505
2041.7
2041.895
2042.09
2042.285
2042.48
2042.676
2042.872
2043.068
2043.264
2043.46
2044.047
2044.634
2045.221
2045.808
2046.395
2046.98
2047.411
2047.842
2048.273
2048.704
2049.135
2049.566
2049.997
2050.428
2050.859
2051.29
2051.721
2052.152
2052.583
2053.01
2053.403
2053.795
2054.188
2054.581
2054.974
2055.367
2055.76
2056.15
2056.977
2057.804
2058.631
2059.458
2060.285
2061.112
2061.94
2062.279
2062.618
2062.957
2063.296
2063.635
2063.974
2064.31
2064.56
2064.81
2065.06
2065.31
2065.56
2065.796
2066.032
2066.268
2066.504
2066.74
2066.976
2067.212
2067.448
2067.684
2067.92
2068.156
2068.392
2068.63
2069.027
2069.424
2069.821
2070.218
2070.615
2071.012
2071.409
2071.83
2072.251
2072.672
2073.093
2073.514
2073.935
2074.356
2074.777
2075.199
2075.619
2076.039
2076.459
2076.881
2077.048
2077.215
2077.382
2077.549
2077.716
2077.883
2078.05
2078.217
2078.38
2079.16
2079.94
2080.72
2081.5
2082.281
2082.664
2083.047
2083.43
2083.813
2084.196
2084.579
2084.962
2085.345
2085.728
2086.111
2086.494
2086.877
2087.26
2087.642
2087.85
2088.058
2088.266
2088.474
2088.682
2088.89
2089.1
2089.682
2090.264
2090.846
2091.428
2092.008
2092.243
2092.478
2092.713
2092.948
2093.183
2093.42
2093.688
2093.956
2094.224
2094.492
2094.76
2095.03
2095.625
2096.22
2096.815
2097.41
2098.005
2098.6
2099.021
2099.442
2099.863
2100.284
2100.705
2101.126
2101.547
2101.968
2102.39
2102.956
2103.522
2104.088
2104.654
2105.22
2105.786
2106.35
2110.32
2114.29
2115.221
2116.152
2117.083
2118.014
2118.945
2119.876
2125.2
2125.452
2125.704
2125.956
2126.208
2126.46
2126.712
2126.964
2127.216
2127.47
2127.748
2128.026
2128.304
2128.582
2128.86
2129.138
2129.417
2129.643
2129.869
2130.095
2130.321
2130.547
2130.773
2131.0
2131.306
2131.612
2131.918
2132.224
2132.53
2132.708
2132.886
2133.064
2133.242
2133.42
2133.6
2133.881
2134.162
2134.443
2134.724
2135.226
2135.728
2136.23
2136.732
2137.234
2137.736
2138.24
2138.745
2139.25
2141.915
2144.58
2144.783
2144.986
2145.189
2145.392
2145.595
2145.798
2146.001
2146.204
2146.407
2146.61
2146.813
2147.02
2147.249
2147.478
2147.707
2147.936
2148.165
2148.394
2148.623
2148.852
2149.081
2149.311
2149.788
2150.265
2150.742
2151.219
2151.696
2152.173
2152.65
2152.967
2153.284
2153.601
2153.918
2154.235
2154.552
2154.869
2155.186
2155.503
2155.82
2156.14
2156.995
2157.85
2158.705
2159.56
2159.945
2160.33
2160.715
2161.1
2161.485
2161.87
2162.255
2162.64
2163.025
2163.41
2163.79
2164.117
2164.444
2164.77
2165.031
2165.292
2165.553
2165.814
2166.075
2166.336
2166.6
2166.79
2166.98
2167.17
2167.36
2167.55
2167.817
2168.084
2168.351
2168.618
2168.887
2169.118
2169.349
2169.58
2169.811
2170.042
2170.273
2170.504
2170.735
2170.97
2171.277
2171.584
2171.891
2172.198
2172.505
2172.81
2173.147
2173.484
2173.821
2174.158
2174.495
2174.832
2175.17
2175.534
2175.898
2176.262
2176.626
2176.99
2177.354
2177.718
2178.08
2178.463
2178.846
2179.229
2179.611
2179.994
2180.377
2180.76
2181.14
2181.34
2181.54
2181.74
2181.94
2182.14
2182.34
2182.54
2182.74
2182.94
2183.14
2184.248
2185.356
2186.464
2187.572
2188.68
2189.79
2190.168
2190.546
2190.924
2191.302
2191.68
2192.058
2192.436
2192.814
2193.192
2193.57
2193.95
2194.22
2194.49
2194.76
2195.03
2195.319
2195.608
2195.897
2196.186
2196.475
2196.764
2197.053
2197.34
2197.727
2198.114
2198.501
2198.888
2199.275
2199.662
2200.047
2200.193
2200.339
2200.485
2200.63
2200.828
2201.026
2201.224
2201.422
2201.62
2201.818
2202.016
2202.214
2202.412
2202.61
2202.983
2203.356
2203.729
2204.102
2204.475
2204.85
2205.043
2205.236
2205.428
2205.62
2205.812
2206.005
2206.198
2206.39
2206.557
2206.724
2206.891
2207.058
2207.225
2207.392
2207.559
2207.723
2208.071
2208.419
2208.767
2209.115
2209.463
2209.811
2210.159
2210.507
2210.855
2211.2
2211.523
2211.846
2212.169
2212.492
2212.815
2213.138
2213.461
2213.784
2214.107
2214.43
2214.75
2215.097
2215.444
2215.791
2216.138
2216.485
2216.832
2217.179
2217.526
2217.873
2218.22
2218.567
2218.914
2219.26
2219.549
2219.838
2220.127
2220.416
2220.705
2220.994
2221.283
2221.57
2222.832
2224.094
2225.356
2226.618
2227.88
2229.14
2230.447
2231.755
2233.062
2234.369
2235.677
2236.985
2238.293
2239.6
2239.86
2240.12
2240.38
2240.64
2240.9
2241.16
2241.42
2241.68
2241.94
2242.2
2242.46
2242.817
2243.174
2243.531
2243.888
2244.245
2244.6
2244.841
2245.082
2245.323
2245.564
2245.805
2246.046
2246.287
2246.528
2246.77
2247.163
2247.556
2247.949
2248.342
2248.735
2249.128
2249.521
2249.914
2250.307
2250.7
2251.093
2251.49
2251.796
2252.102
2252.408
2252.714
2253.02
2253.326
2253.632
2253.938
2254.244
2254.55
2254.856
2255.162
2255.466
2255.882
2256.298
2256.714
2257.13
2257.546
2257.962
2258.378
2258.794
2259.21
2259.626
2260.047
2260.269
2260.491
2260.713
2260.935
2261.157
2261.38
2261.798
2262.215
2262.633
2263.05
2263.468
2263.885
2264.303
2264.72
2264.951
2265.182
2265.413
2265.644
2265.875
2266.106
2266.34
2266.673
2267.006
2267.339
2267.672
2268.005
2268.338
2268.671
2269.004
2269.34
2269.768
2270.196
2270.624
2271.052
2271.48
2271.908
2272.336
2272.764
2273.192
2273.62
2274.048
2274.476
2274.904
2275.332
2275.76
2276.19
2276.519
2276.848
2277.177
2277.506
2277.835
2278.164
2278.49
2279.157
2279.825
2280.492
2281.16
2281.393
2281.626
2281.859
2282.092
2282.325
2282.558
2282.791
2283.024
2283.257
2283.49
2283.72
2285.77
2286.113
2286.456
2286.8
2287.064
2287.328
2287.592
2287.856
2288.12
2288.384
2288.648
2288.912
2289.176
2289.44
2289.704
2289.968
2290.23
2290.573
2290.916
2291.259
2291.602
2291.945
2292.288
2292.631
2292.974
2293.317
2293.66
2294.003
2294.346
2294.689
2295.032
2295.375
2295.71
2296.254
2296.798
2297.342
2297.886
2298.43
2298.974
2299.518
2300.062
2300.61
2301.006
2301.402
2301.798
2302.194
2302.59
2302.986
2303.382
2303.778
2304.174
2304.57
2304.97
2305.229
2305.488
2305.747
2306.006
2306.265
2306.524
2306.78
2307.103
2307.426
2307.749
2308.072
2308.395
2308.718
2309.041
2309.364
2309.687
2309.867
2310.048
2310.228
2310.409
2310.59
2310.77
2311.008
2311.246
2311.484
2311.722
2311.96
2312.198
2312.436
2312.674
2312.912
2313.15
2313.39
2313.636
2313.882
2314.128
2314.374
2314.62
2314.866
2315.112
2315.358
2315.604
2315.85
2316.081
2316.312
2316.543
2316.774
2317.005
2317.236
2317.467
2317.698
2317.93
2318.089
2318.248
2318.407
2318.566
2318.725
2318.884
2319.043
2319.202
2319.36
2319.669
2319.978
2320.287
2320.596
2320.905
2321.214
2321.523
2321.832
2322.14
2322.414
2322.688
2322.962
2323.236
2323.51
2323.784
2324.058
2324.332
2324.607
2324.912
2325.217
2325.523
2325.829
2326.135
2326.44
2327.386
2328.332
2329.278
2330.224
2331.17
2332.116
2333.065
2333.452
2333.839
2334.226
2334.613
2335.0
2335.387
2335.774
2336.161
2336.548
2336.935
2337.322
2337.709
2338.1
2338.68
2339.26
2339.84
2340.42
2341.0
2341.58
2342.16
2342.74
2343.001
2343.262
2343.523
2343.784
2344.045
2344.306
2344.57
2344.965
2345.36
2345.755
2346.15
2346.545
2346.94
2347.335
2347.73
2348.125
2348.52
2348.92
2349.82
2350.326
2350.832
2351.338
2351.844
2352.35
2352.856
2353.362
2353.87
2354.29
2354.71
2355.13
2355.55
2355.97
2356.39
2356.81
2357.266
2357.722
2358.178
2358.634
2359.09
2359.904
2360.718
2361.532
2362.346
2363.16
2363.974
2364.788
2365.602
2366.42
2366.81
2367.2
2367.59
2367.98
2368.37
2368.76
2369.144
2369.528
2369.912
2370.296
2370.68
2371.064
2371.448
2371.83
2372.581
2373.332
2374.083
2374.834
2375.585
2376.336
2377.087
2377.84
2378.288
2378.736
2379.184
2379.632
2380.08
2380.53
2381.956
2383.382
2384.807
2385.789
2386.771
2387.753
2388.735
2389.717
2390.7
2390.931
2391.162
2391.393
2391.624
2391.855
2392.086
2392.317
2392.548
2392.78
2393.811
2394.842
2395.873
2396.904
2397.935
2398.966
2399.997
2401.025
2401.259
2401.493
2401.727
2401.961
2402.195
2402.429
2402.663
2402.9
2403.122
2403.344
2403.566
2403.788
2404.01
2404.233
2404.866
2405.499
2406.132
2406.765
2407.398
2408.03
2408.232
2408.434
2408.636
2408.838
2409.04
2409.242
2409.444
2409.646
2409.85
2410.217
2410.584
2410.951
2411.318
2411.685
2412.05
2412.269
2412.488
2412.707
2412.926
2413.145
2413.364
2413.583
2413.8
2414.648
2415.495
2416.342
2417.19
2417.493
2417.796
2418.099
2418.402
2418.705
2419.008
2419.311
2419.614
2419.917
2420.22
2420.528
2421.1
2421.672
2422.244
2422.816
2423.39
2423.661
2423.932
2424.203
2424.474
2424.745
2425.016
2425.287
2425.56
2426.271
2426.982
2427.693
2428.404
2429.115
2429.826
2430.537
2431.248
2431.955
2434.818
2437.68
2438.14
2438.6
2439.06
2439.52
2440.026
2440.532
2441.039
2441.546
2441.771
2441.996
2442.221
2442.446
2442.67
2442.899
2443.128
2443.357
2443.586
2443.815
2444.044
2444.338
2444.632
2444.926
2445.22
2445.383
2445.546
2445.709
2445.872
2446.035
2446.2
2446.443
2446.686
2446.929
2447.172
2447.415
2447.658
2447.901
2448.144
2448.387
2448.63
2448.87
2449.153
2449.435
2449.717
2450.0
2450.255
2450.51
2450.765
2451.02
2451.275
2451.53
2452.016
2452.502
2452.988
2453.474
2453.96
2454.6
2455.24
2455.746
2456.252
2456.758
2457.264
2457.77
2460.1
2462.43
2464.76
2467.09
2469.42
2471.75
2474.08
2476.41
2478.74
2481.07
2481.298
2481.526
2481.754
2481.982
2482.21
2482.438
2482.666
2482.894
2483.122
2483.35
2483.58
2483.894
2484.208
2484.522
2484.836
2485.15
2485.464
2485.778
2486.092
2486.406
2486.72
2487.034
2487.348
2487.662
2487.98
2488.234
2488.488
2488.742
2488.996
2489.252
2489.465
2489.678
2489.891
2490.104
2490.317
2490.53
2490.744
2490.96
2491.237
2491.514
2491.791
2492.068
2492.345
2492.622
2492.899
2493.176
2493.453
2493.73
2494.007
2494.28
2494.786
2495.292
2495.798
2496.304
2496.81
2497.316
2497.822
2498.33
2498.726
2499.122
2499.518
2499.914
2500.31
2500.706
2501.1
2501.287
2501.474
2501.662
2501.849
2502.037
2502.224
2502.412
2502.6
2502.917
2503.234
2503.551
2503.868
2504.185
2504.502
2504.82
2505.205
2505.59
2505.975
2506.36
2507.064
2507.768
2508.472
2509.176
2509.88
2510.584
2511.288
2511.992
2512.7
2513.057
2513.414
2513.771
2514.128
2514.485
2514.842
2515.199
2515.556
2515.913
2516.27
2516.627
2516.849
2517.071
2517.293
2517.515
2517.737
2517.96
2518.281
2518.602
2518.923
2519.244
2519.565
2519.886
2520.207
2520.53
2520.932
2521.334
2521.736
2522.138
2522.54
2522.82
2523.1
2523.38
2523.66
2523.94
2524.22
2524.5
2524.78
2524.993
2525.206
2525.419
2525.632
2525.845
2526.06
2526.348
2526.636
2526.924
2527.212
2527.5
2527.788
2528.076
2528.364
2528.655
2529.771
2530.887
2532.003
2533.119
2534.235
2535.351
2536.467
2537.583
2538.7
2539.21
2539.72
2540.23
2540.74
2541.03
2541.32
2541.61
2541.9
2542.19
2542.48
2542.668
2542.856
2543.044
2543.231
2543.419
2543.606
2543.794
2543.98
2544.177
2544.374
2544.571
2544.768
2544.965
2545.162
2545.36
2545.635
2545.91
2546.185
2546.46
2546.735
2547.01
2547.285
2547.56
2547.765
2547.97
2548.175
2548.38
2548.585
2548.79
2548.995
2549.2
2549.405
2549.61
2549.92
2550.23
2550.54
2550.85
2551.16
2551.47
2551.78
2552.09
2552.4
2552.71
2553.02
2553.33
2554.47
2555.61
2555.98
2556.35
2556.72
2556.914
2557.108
2557.302
2557.496
2557.69
2557.884
2558.078
2558.272
2558.47
2558.787
2559.104
2559.421
2559.738
2560.055
2560.372
2560.689
2561.006
2561.323
2561.64
2561.957
2562.28
2562.552
2562.824
2563.096
2563.368
2563.64
2563.935
2564.23
2564.525
2564.82
2565.115
2565.41
2565.733
2566.056
2566.378
2566.7
2567.004
2567.308
2567.612
2567.916
2568.22
2568.524
2568.828
2569.132
2569.44
2569.863
2570.285
2570.707
2571.13
2571.707
2572.284
2572.86
2573.28
2573.7
2574.12
2574.54
2574.96
2575.38
2575.8
2576.162
2576.524
2576.886
2577.248
2577.61
2577.972
2578.334
2578.696
2579.06
2579.544
2580.028
2580.512
2580.996
2581.48
2581.913
2582.346
2582.78
2582.981
2583.182
2583.383
2583.584
2583.785
2583.986
2584.19
2584.409
2584.628
2584.847
2585.067
2585.275
2585.483
2585.691
2585.899
2586.107
2586.315
2586.523
2586.731
2586.939
2587.15
2587.822
2588.494
2589.166
2589.838
2590.51
2590.861
2591.212
2591.563
2591.914
2592.265
2592.616
2592.967
2593.318
2593.67
2594.022
2594.374
2594.726
2595.078
2595.43
2595.782
2596.132
2596.412
2596.692
2596.972
2597.252
2597.532
2597.812
2598.09
2598.158
2598.226
2598.294
2598.362
2598.43
2598.758
2599.086
2599.414
2599.742
2600.07
2600.4
2600.725
2601.05
2601.375
2601.7
2602.025
2602.35
2602.675
2603.454
2604.233
2605.012
2605.791
2606.57
2607.35
2607.65
2607.95
2608.25
2608.55
2608.8
2609.05
2609.3
2609.55
2609.8
2610.05
2610.287
2610.524
2610.761
2610.998
2611.235
2611.472
2611.709
2611.949
2612.206
2612.463
2612.72
2612.977
2613.234
2613.49
2613.613
2613.736
2613.86
2614.11
2614.36
2614.61
2614.86
2615.111
2615.331
2615.551
2615.771
2615.991
2616.211
2616.431
2616.651
2616.87
2617.089
2617.308
2617.527
2617.746
2617.965
2618.184
2618.4
2618.663
2618.926
2619.189
2619.452
2619.715
2619.98
2620.185
2620.39
2620.595
2620.8
2621.292
2621.784
2622.276
2622.768
2623.26
2623.752
2624.244
2624.736
2625.228
2625.72
2626.212
2626.7
2627.21
2627.72
2628.23
2628.74
2629.25
2629.524
2629.798
2630.072
2630.346
2630.62
2630.894
2631.168
2631.439
2631.663
2631.887
2632.111
2632.335
2632.559
2632.783
2633.007
2633.23
2633.79
2634.35
2634.91
2635.47
2636.03
2636.59
2637.15
2637.71
2637.947
2638.184
2638.421
2638.658
2638.895
2639.13
2639.557
2639.984
2640.41
2640.639
2640.868
2641.097
2641.326
2641.555
2641.784
2642.013
2642.24
2642.8
2643.36
2643.92
2644.48
2645.04
2645.6
2646.159
2646.416
2646.673
2646.93
2647.187
2647.444
2647.7
2647.919
2648.138
2648.357
2648.576
2648.795
2649.014
2649.234
2649.553
2649.872
2650.191
2650.51
2650.829
2651.15
2651.996
2652.842
2653.063
2653.284
2653.505
2653.726
2653.947
2654.168
2654.389
2654.61
2654.831
2655.05
2655.323
2655.596
2655.869
2656.142
2656.415
2656.688
2656.961
2657.234
2657.507
2657.78
2658.053
2658.33
2658.548
2658.766
2658.984
2659.202
2659.42
2659.639
2660.359
2661.079
2661.799
2662.519
2663.237
2663.472
2663.707
2663.942
2664.177
2664.412
2664.647
2664.882
2665.117
2665.352
2665.587
2665.82
2666.155
2666.49
2666.825
2667.16
2667.495
2667.727
2667.959
2668.191
2668.423
2668.655
2668.887
2669.12
2669.57
2670.02
2670.47
2670.92
2671.37
2671.82
2672.272
2672.515
2672.758
2673.001
2673.244
2673.487
2673.73
2674.24
2674.75
2675.26
2675.77
2676.28
2676.79
2677.046
2677.302
2677.558
2677.814
2678.07
2678.326
2678.582
2678.838
2679.094
2679.35
2679.61
2679.737
2679.864
2679.991
2680.118
2680.245
2680.37
2681.175
2681.98
2682.785
2683.59
2683.95
2684.31
2684.65
2684.99
2685.33
2685.67
2686.01
2686.321
2686.632
2686.943
2687.254
2687.565
2687.876
2688.187
2688.498
2688.809
2689.12
2689.431
2689.74
2690.211
2690.682
2691.153
2691.624
2692.095
2692.566
2693.037
2693.508
2693.979
2694.45
2694.922
2695.165
2695.408
2695.651
2695.894
2696.137
2696.38
2696.652
2696.924
2697.196
2697.468
2697.74
2698.012
2698.281
2699.098
2699.915
2700.732
2701.55
2701.85
2702.15
2702.45
2702.75
2703.05
2703.342
2703.634
2703.926
2704.218
2704.508
2704.846
2705.184
2705.522
2705.86
2706.198
2706.537
2707.649
2708.761
2709.873
2710.985
2712.097
2713.21
2713.51
2713.81
2714.11
2714.41
2714.71
2714.92
2715.13
2715.34
2715.55
2715.784
2716.018
2716.252
2716.486
2716.72
2716.954
2717.19
2717.726
2718.262
2718.799
2719.053
2719.307
2719.561
2719.815
2720.069
2720.323
2720.577
2720.831
2721.085
2721.34
2721.616
2721.892
2722.168
2722.444
2722.72
2722.996
2723.27
2723.624
2723.978
2724.332
2724.686
2725.04
2725.394
2725.748
2726.102
2726.46
2726.85
2727.24
2727.63
2728.02
2728.41
2728.8
2729.189
2729.497
2729.805
2730.113
2730.421
2730.73
2730.846
2730.962
2731.078
2731.194
2731.31
2731.551
2731.792
2732.033
2732.274
2732.515
2732.756
2732.997
2733.238
2733.479
2733.72
2733.96
2738.695
2739.195
2742.3
2742.573
2742.846
2743.12
2743.528
2743.936
2744.344
2744.752
2745.16
2745.568
2745.976
2746.384
2746.791
2747.041
2747.29
2747.833
2748.376
2748.919
2749.461
2755.279
2755.587
2755.895
2756.203
2756.511
2756.82
2756.936
2757.052
2757.168
2757.284
2757.4
2757.655
2757.91
2758.165
2758.42
2758.675
2758.93
2759.185
2759.44
2760.058
2760.676
2761.294
2761.912
2762.53
2763.148
2763.769
2764.026
2764.283
2764.54
2764.797
2765.054
2765.31
2765.602
2765.894
2766.186
2766.478
2766.77
2767.062
2767.352
2767.644
2767.936
2768.228
2768.52
2768.81
2769.17
2769.53
2769.822
2770.114
2770.406
2770.698
2770.988
2771.196
2771.404
2771.612
2771.82
2772.028
2772.236
2772.444
2772.652
2772.86
2773.07
2773.421
2773.772
2774.123
2774.474
2774.824
2775.186
2775.548
2775.91
2776.272
2776.634
2776.996
2777.358
2777.72
2778.08
2778.559
2779.038
2779.517
2779.996
2780.475
2780.954
2781.43
2781.782
2782.134
2782.486
2782.838
2783.19
2783.542
2783.894
2784.246
2784.598
2784.95
2785.302
2785.654
2786.01
2786.338
2786.666
2786.994
2787.322
2787.65
2789.543
2791.436
2793.329
2795.22
2795.533
2795.846
2796.159
2796.472
2796.785
2797.1
2797.361
2797.622
2797.883
2798.144
2798.405
2798.666
2798.927
2799.188
2799.449
2799.772
2800.095
2800.418
2800.74
