21.31
21.832
22.355
22.878
23.4
24.093
24.786
25.48
25.688
25.896
26.104
26.312
26.52
26.73
26.965
27.2
27.435
27.67
27.905
28.14
28.375
28.61
29.114
29.618
30.122
30.626
31.13
31.634
32.138
32.642
33.15
33.644
34.138
34.632
35.126
35.62
36.114
36.61
36.916
37.222
37.529
37.836
38.142
38.449
38.755
39.062
39.368
39.675
40.29
41.011
41.732
42.453
43.174
43.895
44.616
45.34
45.59
45.84
46.118
46.396
46.674
46.952
47.23
47.508
47.786
48.064
48.342
48.62
48.994
49.368
49.742
50.116
50.49
50.864
51.238
51.61
52.01
52.41
52.81
53.21
53.61
54.01
54.41
54.81
55.21
55.61
56.01
56.41
56.651
56.892
57.133
57.374
57.615
57.856
58.097
58.338
58.58
59.244
59.908
60.572
61.236
61.9
62.562
63.224
63.886
64.548
65.21
65.874
66.134
66.394
66.654
66.914
67.174
67.434
67.694
67.954
68.21
71.377
74.544
77.71
78.56
79.41
82.18
84.95
85.281
85.612
85.943
86.274
86.605
86.938
87.427
87.916
88.405
88.894
89.383
89.873
90.133
90.393
90.653
90.914
92.851
94.788
96.725
98.662
100.601
102.176
103.751
105.327
108.475
111.622
113.05
113.537
114.024
114.511
114.998
115.485
115.972
116.46
116.837
117.215
117.593
117.971
118.349
118.727
119.105
119.483
119.861
120.239
120.617
120.99
121.653
122.316
122.978
123.641
124.304
124.966
125.629
126.29
126.675
127.06
127.445
127.83
128.215
128.6
128.985
129.37
129.749
130.128
130.507
130.886
131.265
131.644
132.02
132.785
133.55
134.315
135.08
135.845
136.61
137.375
138.142
141.666
145.19
148.714
152.24
152.561
152.882
153.203
153.524
153.845
154.166
154.487
154.808
155.129
155.45
155.774
156.01
156.246
156.482
156.718
156.954
157.19
157.51
157.83
158.15
158.47
158.79
159.11
159.43
159.75
160.66
161.57
162.48
163.39
164.3
165.21
166.12
167.03
167.94
168.85
169.76
172.385
175.01
175.483
175.956
176.429
176.902
177.375
177.848
178.32
178.599
178.878
179.157
179.436
179.715
179.994
180.27
180.751
181.232
181.713
182.194
182.675
183.156
183.64
183.94
184.24
184.54
184.84
185.14
185.44
185.74
186.04
186.449
186.858
187.267
187.676
188.085
188.494
188.903
189.312
189.721
190.13
190.539
190.948
191.36
191.59
191.82
192.05
192.28
192.51
192.74
192.97
193.2
193.43
194.245
195.06
195.875
196.69
197.505
198.32
199.135
199.95
200.269
200.588
200.907
201.226
201.545
201.864
202.183
202.5
203.112
203.724
204.336
204.948
205.56
205.984
206.408
206.832
207.256
207.68
208.104
208.528
208.952
209.376
209.8
210.74
211.68
212.62
213.56
214.5
215.44
216.38
217.32
218.26
218.567
218.874
219.181
219.488
219.795
220.102
220.409
220.716
221.023
221.33
221.637
221.944
222.25
222.782
223.314
223.846
224.378
224.91
226.136
227.362
228.588
229.814
231.04
232.267
232.471
232.675
232.879
233.083
233.287
233.491
233.695
233.899
234.1
234.499
234.898
235.297
235.696
236.095
236.494
236.893
237.29
237.627
237.964
238.301
238.638
238.975
239.312
239.649
239.986
240.323
240.66
241.0
241.302
241.604
241.906
242.208
242.51
242.812
243.114
243.416
243.718
244.02
244.538
245.056
245.574
246.092
246.61
247.128
247.646
248.164
248.682
249.2
249.72
250.163
250.606
251.049
251.492
251.935
252.378
252.821
253.264
253.707
254.15
254.59
254.923
255.256
255.589
255.922
256.255
256.588
256.921
257.254
257.589
257.892
258.195
258.498
258.801
259.104
259.407
259.71
260.013
260.316
260.619
260.922
261.22
262.065
262.91
263.755
264.6
265.445
266.29
267.135
267.98
268.829
269.086
269.343
269.6
269.857
270.114
270.37
271.312
272.255
273.197
274.14
274.64
274.807
274.974
275.141
275.308
275.475
275.642
275.806
276.148
276.49
276.832
277.174
277.516
277.858
278.2
278.542
278.884
279.23
279.632
280.034
280.435
280.837
281.238
281.639
281.859
282.079
282.299
282.519
282.739
282.959
283.18
283.868
284.556
285.244
285.932
286.62
287.391
288.162
288.933
289.704
290.475
291.246
292.017
292.79
293.52
294.25
294.98
295.71
296.44
297.17
297.9
298.63
299.873
301.116
302.359
303.602
304.845
306.088
307.33
307.792
308.254
308.716
309.178
309.64
310.102
310.564
311.026
311.488
311.95
312.412
312.874
313.336
313.798
314.26
314.722
315.18
315.631
316.082
316.533
316.984
317.435
317.886
318.337
318.788
319.239
319.69
320.14
320.563
320.986
321.409
321.832
322.255
322.678
323.101
323.524
323.95
324.194
324.438
324.682
324.926
325.17
325.414
325.658
325.902
326.146
326.39
326.634
326.878
327.122
327.37
327.707
328.044
328.381
328.718
329.055
329.39
329.914
330.438
330.962
331.486
332.01
332.534
333.058
333.582
334.11
334.433
334.756
335.079
335.402
335.725
336.048
336.371
336.694
337.017
337.34
337.66
337.964
338.268
338.572
338.876
339.18
339.484
339.79
340.007
340.224
340.441
340.658
340.875
341.092
341.309
341.53
341.874
342.218
342.562
342.906
343.25
343.502
343.754
344.006
344.258
344.51
344.762
345.014
345.266
345.518
345.77
346.022
346.27
347.38
347.82
348.26
348.7
349.14
349.331
349.522
349.713
349.904
350.095
350.286
350.477
350.668
350.859
351.05
351.458
351.866
352.274
352.682
353.09
353.338
353.586
353.834
354.082
354.33
354.578
354.826
355.074
355.32
355.709
356.098
356.487
356.876
357.265
357.654
358.04
358.518
358.996
359.474
359.952
360.43
360.908
361.386
361.864
362.342
362.82
363.298
363.776
364.254
364.73
365.483
366.236
366.988
367.74
368.024
368.308
368.592
368.876
369.16
369.444
369.728
370.012
370.296
370.58
370.864
371.148
371.432
371.71
372.409
373.108
373.807
374.506
375.205
375.904
376.603
377.302
378.001
378.7
379.399
380.098
380.8
380.987
381.174
381.361
381.548
381.735
381.922
382.109
382.296
382.483
382.67
382.86
383.182
383.504
383.826
384.148
384.47
384.792
385.114
385.436
385.758
386.08
386.4
386.695
386.99
387.285
387.58
387.875
388.17
388.465
388.76
389.055
389.35
389.64
389.911
390.182
390.453
390.724
390.995
391.266
391.537
391.808
392.079
392.35
392.62
392.951
393.282
393.613
393.944
394.275
394.606
394.94
395.275
395.61
395.945
396.28
396.615
396.95
397.572
398.194
398.816
399.438
400.06
400.294
400.528
400.762
400.996
401.23
401.464
401.698
401.932
402.166
402.4
402.634
402.868
403.102
403.33
403.621
403.912
404.203
404.494
404.785
405.076
405.37
405.666
405.962
406.258
406.554
406.85
407.146
407.442
407.74
408.717
409.694
410.67
410.917
411.164
411.411
411.658
411.905
412.152
412.4
412.797
413.194
413.591
413.988
414.385
414.782
415.179
415.576
415.973
416.37
416.828
417.286
417.744
418.202
418.66
419.118
419.576
420.034
420.492
420.95
421.203
421.456
421.709
421.962
422.215
422.468
422.721
422.974
423.227
423.48
423.73
423.962
424.194
424.426
424.658
424.89
425.122
425.354
425.586
425.818
426.05
426.282
426.514
426.74
427.044
427.348
427.652
427.956
428.26
428.564
428.868
429.172
429.476
429.78
430.156
430.533
430.91
431.286
431.649
432.012
432.375
432.738
433.101
433.464
433.827
434.016
434.205
434.394
434.583
434.772
434.961
435.15
435.339
435.528
435.717
435.91
438.05
438.325
438.6
438.875
439.15
439.425
439.7
439.975
440.25
440.438
440.626
440.814
441.002
441.19
441.378
441.566
441.754
441.942
442.13
442.318
442.506
442.696
442.921
443.146
443.371
443.596
443.82
444.028
444.236
444.444
444.652
444.86
445.068
445.276
445.484
445.69
445.907
446.124
446.341
446.558
446.775
446.992
447.209
447.426
447.643
447.86
448.08
448.644
449.208
449.772
450.336
450.9
451.898
452.896
453.894
454.892
455.89
456.888
457.886
458.884
459.882
460.88
461.161
461.442
461.723
462.004
462.285
462.566
462.85
464.085
465.32
466.555
467.79
469.025
470.26
471.495
472.73
473.965
475.2
476.435
477.67
478.905
480.14
480.356
480.572
480.788
481.004
481.22
481.436
481.652
481.868
482.084
482.3
482.516
482.73
483.148
483.566
483.984
484.402
484.82
485.238
485.656
486.074
486.492
486.91
487.328
487.75
488.25
488.464
488.678
488.892
489.106
489.32
489.534
489.748
489.962
490.176
490.39
490.604
490.818
491.032
491.246
491.46
491.67
491.921
492.172
492.423
492.674
492.925
493.176
493.427
493.68
493.913
494.146
494.379
494.612
494.845
495.078
495.311
495.544
495.78
496.047
496.314
496.581
496.848
497.115
497.38
497.88
498.212
498.544
498.876
499.208
499.54
499.87
500.253
500.636
501.019
501.402
501.785
502.168
502.552
502.725
502.898
503.071
503.244
503.417
503.59
503.76
504.282
504.804
505.326
505.848
506.37
506.852
507.334
507.816
508.298
508.78
509.183
509.586
509.989
510.392
510.795
511.198
511.601
512.004
512.409
512.811
513.213
513.615
514.017
514.419
514.636
514.853
515.07
515.287
515.504
515.721
515.938
516.155
516.372
516.589
516.809
517.142
517.475
517.808
518.141
518.474
518.807
519.14
519.473
519.806
520.139
520.472
520.805
521.138
521.471
521.799
522.277
522.755
523.234
523.713
524.191
524.67
525.026
525.382
525.738
526.094
526.45
526.806
527.162
527.518
527.874
528.23
528.412
528.594
528.776
528.958
529.14
529.322
529.504
529.686
529.868
530.05
530.23
531.127
532.024
532.92
533.203
533.486
533.769
534.052
534.335
534.618
534.901
535.184
535.467
535.75
536.15
536.55
536.95
537.35
537.75
538.15
538.55
538.95
539.35
539.536
539.722
539.908
540.094
540.28
540.466
540.65
540.84
541.03
541.22
541.41
541.6
541.79
541.98
542.17
542.358
542.61
542.862
543.114
543.366
543.62
543.873
544.126
544.379
544.632
544.885
545.138
545.391
545.644
545.897
546.109
546.321
546.533
546.745
546.957
547.169
547.381
547.593
547.805
548.017
548.23
548.562
548.894
549.226
549.558
549.89
550.222
550.554
550.89
551.19
551.49
551.79
552.09
552.39
552.69
552.99
553.199
553.408
553.617
553.826
554.035
554.244
554.453
554.662
554.871
555.08
555.29
555.641
555.992
556.343
556.694
557.045
557.396
557.75
558.044
558.338
558.632
558.926
559.22
559.514
559.81
560.1
560.39
560.68
560.97
561.26
561.55
561.84
562.13
562.399
562.668
562.937
563.206
563.475
563.744
564.013
564.282
564.55
564.874
565.198
565.522
565.846
566.17
566.494
566.82
567.137
567.454
567.771
568.088
568.405
568.722
569.04
569.288
569.536
569.784
570.032
570.28
570.528
570.776
571.024
571.272
571.52
571.77
572.089
572.408
572.727
573.046
573.365
573.684
574.003
574.322
574.641
574.96
575.28
575.732
576.184
576.636
577.088
577.54
577.992
578.444
578.9
579.933
580.966
581.999
583.03
583.53
583.965
584.4
584.835
585.27
585.967
586.664
587.361
588.058
588.755
589.452
590.149
590.846
591.543
592.24
592.527
592.814
593.101
593.388
593.675
593.96
594.46
594.95
595.23
595.51
595.79
596.29
596.807
597.324
597.841
598.358
598.875
599.392
599.91
600.27
600.63
600.694
600.758
600.822
600.886
600.95
601.179
601.408
601.637
601.866
602.068
602.27
602.472
602.674
602.876
603.078
603.283
603.782
604.188
604.594
605.0
605.363
605.726
606.09
606.332
606.574
606.816
607.058
607.3
607.542
607.784
608.034
608.284
608.534
608.74
608.947
609.154
609.36
609.574
609.788
610.002
610.216
610.43
610.644
610.86
611.091
611.322
611.553
611.784
612.015
612.246
612.477
612.708
612.939
613.17
613.38
613.59
613.8
614.01
614.22
614.43
614.639
615.18
615.299
615.418
615.537
615.656
615.775
615.894
616.01
616.352
616.694
617.036
617.38
617.872
618.118
618.364
618.659
618.954
619.249
619.544
619.84
620.157
620.474
620.791
621.108
621.425
621.742
622.059
622.376
622.693
623.01
623.327
623.649
623.913
624.177
624.44
624.693
624.946
625.199
625.452
625.705
625.958
626.211
626.464
626.72
627.173
627.626
628.08
629.537
630.994
632.45
632.95
633.215
633.48
633.745
634.01
634.275
634.54
634.805
635.07
635.334
636.62
637.907
639.194
640.48
641.9
642.266
642.632
642.998
643.364
643.73
644.096
644.462
644.828
645.33
645.832
646.334
646.836
647.34
648.243
649.146
650.049
650.952
651.855
652.758
653.661
654.564
655.467
656.37
657.273
658.176
658.504
658.832
659.16
659.488
659.816
660.144
660.472
660.8
661.128
661.456
661.784
662.11
662.453
662.796
663.139
663.482
663.825
664.168
664.511
664.854
665.197
665.54
665.88
666.61
667.34
668.07
668.8
669.53
670.26
670.99
671.72
672.45
673.18
673.418
673.656
673.894
674.132
674.37
674.608
674.846
675.084
675.322
675.56
675.798
676.036
676.274
676.51
676.743
676.976
677.209
677.442
677.675
677.91
678.71
680.725
682.74
684.755
686.77
687.015
687.26
687.505
687.75
687.995
688.24
688.485
688.73
688.975
689.216
689.464
689.712
689.96
690.208
690.456
690.704
690.952
691.2
691.448
691.696
691.944
692.192
692.44
692.662
692.884
693.106
693.328
693.55
693.772
693.994
694.216
694.438
694.66
694.882
695.1
695.442
695.784
696.126
696.47
696.691
696.912
697.133
697.354
697.575
697.796
698.02
698.562
699.104
699.646
700.188
700.73
701.272
701.814
702.356
702.898
703.44
703.982
704.524
705.066
705.608
706.15
706.69
707.101
707.512
707.923
708.334
708.745
709.156
709.567
709.978
710.389
710.8
711.21
711.664
712.118
712.572
713.026
713.48
714.104
714.728
715.352
715.976
716.6
717.224
717.848
718.47
718.777
719.084
719.391
719.698
720.005
720.312
720.619
720.926
721.233
721.54
721.987
722.434
722.881
723.328
723.775
724.22
724.529
724.838
725.147
725.456
725.765
726.074
726.383
726.69
727.09
727.49
727.89
728.29
728.69
729.09
729.49
729.89
730.29
730.545
730.8
731.055
731.31
731.565
731.82
732.075
732.33
732.743
733.156
733.569
733.982
734.395
734.81
735.272
735.735
736.197
736.659
737.121
737.583
738.045
738.507
738.969
739.432
739.894
740.36
740.961
741.562
742.163
742.764
743.365
743.966
744.567
745.168
745.769
746.37
746.971
747.572
748.173
748.774
749.375
749.976
750.58
750.819
751.058
751.297
751.536
751.775
752.014
752.253
752.49
752.961
753.432
753.903
754.374
754.845
755.316
755.79
756.14
756.49
756.84
757.19
757.54
757.89
758.24
758.59
758.94
759.29
759.492
759.694
759.896
760.098
760.3
760.502
760.704
760.906
761.108
761.31
761.512
761.714
761.916
762.118
762.32
762.52
762.989
763.458
763.927
764.396
764.865
765.334
765.803
766.272
766.74
766.915
767.09
767.265
767.44
767.615
767.79
767.965
768.14
768.315
768.49
769.159
769.828
770.497
771.166
771.835
772.504
773.173
773.842
774.511
775.18
775.445
775.71
775.975
776.24
776.505
776.77
777.035
777.3
777.565
777.83
778.1
778.913
779.726
780.538
781.351
782.163
782.976
783.788
784.6
784.831
785.062
785.293
785.524
785.755
785.986
786.22
786.519
786.818
787.117
787.416
787.715
788.014
788.313
788.612
788.911
789.21
789.806
790.402
790.998
791.594
792.19
792.786
793.382
793.978
794.574
795.17
795.766
796.362
796.96
797.275
797.59
797.905
798.22
798.535
798.85
799.165
799.48
799.795
800.11
800.538
800.966
801.394
801.822
802.25
802.678
803.106
803.534
803.962
804.39
804.898
805.406
805.914
806.422
806.93
807.44
808.274
809.108
809.941
810.149
810.357
810.565
810.773
810.981
811.189
811.397
811.605
811.813
812.021
812.229
812.44
812.978
813.516
814.054
814.592
815.13
815.951
816.772
817.593
818.414
819.235
820.056
820.877
821.698
822.519
823.34
824.161
824.982
825.8
826.592
827.384
828.176
828.968
829.76
830.55
830.792
831.034
831.276
831.518
831.76
832.002
832.244
832.486
832.728
832.97
833.212
833.45
833.709
833.968
834.227
834.486
834.745
835.004
835.263
835.522
835.781
836.04
836.347
836.654
836.962
837.269
837.577
837.885
838.192
838.5
838.808
839.115
839.423
839.73
840.0
840.27
840.54
840.81
841.081
841.281
841.481
841.681
841.881
842.081
842.281
842.481
842.681
842.881
843.08
843.518
843.956
844.394
844.832
845.269
845.707
846.144
846.58
847.145
847.71
848.275
848.84
849.405
849.97
850.535
851.1
851.664
851.965
852.266
852.567
852.868
853.169
853.47
853.771
854.072
854.373
854.674
854.975
855.276
855.575
855.85
856.125
856.4
856.675
856.95
857.213
857.476
857.739
858.002
858.265
858.528
858.79
859.136
859.482
859.828
860.174
860.52
860.866
861.212
861.558
861.904
862.25
862.535
862.82
863.105
863.39
863.675
863.96
864.245
864.53
864.815
865.1
865.38
865.644
865.908
866.172
866.436
866.7
866.964
867.228
867.492
867.756
868.02
868.248
868.476
868.704
868.932
869.16
869.388
869.616
869.844
870.072
870.3
870.573
870.846
871.119
871.392
871.665
871.938
872.211
872.484
872.757
873.03
873.6
874.17
874.74
875.31
875.88
876.096
876.312
876.528
876.744
876.96
877.176
877.392
877.608
877.824
878.04
878.256
878.472
878.688
878.91
879.36
879.81
880.26
880.71
881.16
881.61
882.029
882.448
882.867
883.286
883.705
884.124
884.543
884.962
885.381
885.8
886.22
886.625
887.03
887.864
888.698
889.198
889.562
889.926
890.29
890.654
891.018
891.382
891.746
892.109
892.307
892.505
892.703
892.9
893.117
893.334
893.551
893.768
893.985
894.202
894.419
894.636
894.851
895.392
895.614
895.836
896.058
896.28
896.502
896.724
896.946
897.168
897.39
897.609
897.869
898.129
898.389
898.65
898.973
899.296
899.62
899.944
901.356
902.768
904.18
905.591
906.09
909.508
912.926
916.344
919.762
923.18
923.68
923.883
924.086
924.289
924.492
924.695
924.898
925.101
925.304
925.534
925.764
925.994
926.224
926.454
926.684
926.914
927.144
927.377
927.606
927.835
928.064
928.293
928.522
928.751
928.98
929.21
929.498
929.786
930.074
930.362
930.65
930.938
931.226
931.514
931.8
932.14
932.48
932.782
933.084
933.386
933.688
933.99
934.304
934.618
934.932
935.246
935.56
935.874
936.19
936.664
937.138
937.612
938.086
938.56
939.034
939.508
939.982
940.456
940.93
941.4
941.669
941.938
942.207
942.476
942.745
943.014
943.283
943.552
943.821
944.09
944.393
944.696
944.999
945.3
945.736
946.172
946.608
947.044
947.48
947.915
948.186
948.457
948.728
948.999
949.27
949.54
950.803
952.066
953.329
954.592
955.855
957.118
958.38
960.93
961.323
961.716
962.109
962.502
962.895
963.288
963.681
964.074
964.467
964.86
965.341
965.822
966.303
966.784
967.265
967.746
968.227
968.708
969.189
969.671
969.92
970.17
970.373
970.576
970.779
970.982
971.185
971.388
971.591
971.794
972.0
972.247
972.494
972.741
972.988
973.235
973.482
973.729
973.976
974.22
974.633
975.046
975.459
975.871
976.284
976.697
977.11
977.52
978.193
978.866
979.539
980.212
980.885
981.558
982.23
982.76
983.29
983.82
984.35
984.88
985.41
985.94
986.47
987.0
987.53
987.898
988.266
988.634
989.002
989.37
989.738
990.106
990.474
990.842
991.21
991.578
991.946
992.314
992.68
993.238
993.796
994.354
994.912
995.47
996.028
996.586
997.141
997.64
998.02
998.4
998.78
999.16
999.54
999.92
1000.3
1000.55
1000.8
1001.05
1001.327
1001.604
1001.881
1002.158
1002.435
1002.66
1002.885
1003.11
1003.335
1003.56
1004.032
1004.504
1004.976
1005.448
1005.92
1006.392
1006.864
1007.336
1007.808
1008.28
1008.75
1009.085
1009.42
1009.755
1010.09
1010.424
1010.626
1010.828
1011.03
1011.232
1011.434
1011.636
1011.84
1012.34
1013.077
1013.814
1013.971
1014.128
1014.285
1014.442
1014.599
1014.756
1014.913
1015.07
1015.23
1015.665
1016.099
1016.355
1016.611
1016.867
1017.123
1017.379
1017.635
1017.89
1018.189
1018.488
1018.787
1019.03
1019.273
1019.516
1019.759
1020.002
1020.245
1020.503
1020.761
1021.019
1021.277
1021.535
1021.793
1022.051
1022.311
1022.561
1022.81
1023.007
1023.204
1023.401
1023.598
1023.795
1023.992
1024.19
1024.515
1024.84
1025.165
1025.49
1025.815
1026.14
1026.465
1026.79
1027.115
1027.44
1027.843
1028.246
1028.649
1029.052
1029.455
1029.859
1030.159
1030.459
1030.759
1031.059
1031.359
1031.659
1031.959
1032.26
1032.707
1033.154
1033.601
1034.048
1034.495
1034.942
1035.389
1035.839
1036.119
1036.399
1036.679
1036.959
1037.239
1037.519
1037.799
1038.079
1038.356
1038.633
1038.91
1039.187
1039.464
1039.741
1040.018
1040.295
1040.572
1040.849
1041.116
1041.383
1041.65
1041.917
1042.184
1042.451
1042.72
1042.98
1043.24
1043.5
1043.76
1044.02
1044.28
1044.464
1044.648
1044.832
1045.016
1045.2
1045.384
1045.568
1045.752
1045.936
1046.12
1046.303
1046.487
1046.671
1046.849
1047.409
1047.968
1050.32
1050.733
1051.146
1051.559
1051.972
1052.385
1052.8
1053.587
1054.374
1055.161
1055.948
1056.736
1057.524
1058.311
1059.1
1059.373
1059.646
1059.919
1060.192
1060.465
1060.74
1065.365
1069.99
1070.49
1071.07
1071.65
1072.23
1072.81
1073.39
1073.97
1074.55
1075.153
1075.756
1076.36
1076.78
1077.2
1077.62
1078.04
1078.46
1078.88
1079.3
1079.72
1079.97
1080.22
1080.721
1081.222
1081.722
1082.183
1082.644
1083.105
1083.566
1084.027
1084.488
1084.949
1085.283
1085.617
1085.951
1086.285
1086.619
1086.953
1087.29
1087.717
1088.144
1088.57
1088.829
1089.088
1089.347
1089.606
1089.865
1090.124
1090.383
1090.642
1090.901
1091.16
1092.239
1093.318
1094.397
1095.476
1096.555
1097.634
1098.71
1099.33
1099.591
1099.852
1100.113
1100.374
1100.635
1100.896
1101.157
1101.42
1101.725
1102.03
1102.335
1102.64
1102.945
1103.25
1103.555
1103.86
1104.165
1104.47
1104.78
1105.19
1105.6
1106.01
1106.42
1106.83
1107.24
1107.74
1108.24
1108.74
1109.24
1109.74
1110.24
1110.74
1111.24
1111.74
1112.24
1112.49
1112.74
1113.083
1113.426
1113.769
1114.112
1114.455
1114.798
1115.141
1115.484
1115.827
1116.17
1116.51
1116.955
1117.4
1117.845
1118.29
1118.735
1119.18
1119.625
1120.07
1120.515
1120.96
1121.223
1121.486
1121.749
1122.012
1122.275
1122.538
1122.801
1123.064
1123.327
1123.59
1123.853
1124.116
1124.379
1124.64
1125.915
1127.19
1127.76
1128.33
1128.58
1128.83
1129.08
1133.92
1134.285
1134.65
1135.015
1135.38
1135.746
1136.113
1136.48
1136.847
1137.214
1137.581
1137.95
1138.2
1138.45
1138.7
1138.91
1139.12
1139.33
1139.54
1139.75
1139.96
1140.17
1140.38
1140.615
1140.85
1141.085
1141.32
1141.555
1141.79
1142.025
1142.26
1142.495
1142.73
1142.965
1143.2
1143.43
1144.07
1144.71
1145.35
1145.99
1146.63
1147.27
1147.91
1148.55
1149.19
1149.83
1150.471
1150.97
1151.601
1152.232
1152.863
1153.494
1154.125
1154.756
1155.387
1156.018
1156.649
1157.28
1157.911
1158.542
1159.173
1159.81
1162.011
1164.212
1166.412
1167.855
1168.24
1168.625
1169.01
1169.395
1169.78
1170.057
1170.334
1170.61
1170.854
1171.098
1171.342
1171.586
1171.83
1172.074
1172.318
1172.56
1173.045
1173.53
1173.78
1174.03
1174.28
1174.778
1175.276
1175.774
1176.272
1176.77
1177.268
1177.766
1178.264
1178.762
1179.26
1179.61
1179.96
1180.31
1180.66
1181.01
1181.36
1181.978
1182.596
1183.214
1183.832
1184.45
1185.068
1185.686
1186.304
1186.922
1187.54
1188.16
1188.543
1188.926
1189.309
1189.692
1190.075
1190.458
1190.841
1191.224
1191.61
1192.354
1193.098
1193.842
1194.586
1195.33
1195.636
1195.942
1196.248
1196.554
1196.86
1197.166
1197.472
1197.778
1198.084
1198.39
1198.594
1198.798
1199.002
1199.206
1199.41
1199.614
1199.818
1200.02
1200.28
1200.54
1200.8
1201.061
1201.477
1201.893
1202.309
1202.725
1203.141
1203.557
1203.973
1204.39
1204.671
1204.952
1205.233
1205.514
1205.795
1206.076
1206.357
1206.638
1206.919
1207.2
1207.481
1207.764
1208.999
1210.234
1211.469
1212.704
1213.941
1214.44
1214.66
1214.917
1215.174
1215.431
1215.688
1215.945
1216.201
1216.523
1216.845
1217.167
1217.489
1217.811
1218.133
1218.452
1218.673
1218.894
1219.115
1219.336
1219.557
1219.778
1219.999
1220.22
1220.441
1220.66
1220.932
1221.204
1221.476
1221.748
1222.021
1222.52
1222.819
1223.118
1223.417
1223.716
1224.015
1224.314
1224.613
1224.912
1225.213
1225.656
1226.099
1227.43
1227.737
1228.044
1228.35
1229.88
1230.683
1231.486
1231.773
1232.06
1232.347
1232.634
1232.921
1233.208
1233.495
1233.78
1234.03
1234.28
1234.53
1234.742
1234.954
1235.166
1235.378
1235.59
1235.8
1236.144
1236.488
1236.832
1237.176
1237.52
1237.864
1238.208
1238.552
1238.896
1239.24
1239.58
1239.903
1240.226
1240.549
1240.872
1241.195
1241.518
1241.841
1242.164
1242.49
1242.862
1243.234
1243.606
1243.978
1244.35
1244.722
1245.094
1245.466
1245.838
1246.21
1246.58
1247.485
1248.39
1249.295
1250.2
1251.105
1252.01
1252.915
1253.82
1254.725
1255.63
1256.535
1257.437
1257.613
1257.789
1257.965
1258.141
1258.317
1258.493
1258.669
1258.845
1259.02
1259.291
1259.562
1259.833
1260.104
1260.375
1260.644
1260.843
1261.042
1261.241
1261.44
1261.639
1261.84
1262.244
1262.648
1263.052
1263.456
1263.86
1264.264
1264.67
1265.081
1265.492
1265.903
1266.314
1266.725
1267.136
1267.547
1267.958
1268.371
1268.87
1269.326
1269.782
1270.238
1270.694
1271.15
1271.606
1272.06
1273.152
1274.244
1275.336
1276.428
1277.518
1282.45
1282.882
1283.314
1283.746
1284.178
1284.61
1285.042
1285.474
1285.906
1286.338
1286.77
1287.2
1288.025
1288.85
1289.378
1289.906
1290.434
1290.962
1291.49
1292.018
1292.546
1293.075
1293.797
1294.519
1295.241
1295.963
1296.685
1297.407
1298.129
1298.851
1299.57
1299.818
1300.066
1300.314
1300.562
1300.81
1301.058
1301.306
1301.554
1301.802
1302.05
1302.3
1302.534
1302.768
1303.002
1303.236
1303.47
1303.704
1303.938
1304.172
1304.406
1304.64
1304.874
1305.11
1305.696
1306.282
1306.868
1307.454
1308.04
1308.626
1309.212
1309.8
1310.496
1310.93
1311.364
1311.799
1312.059
1312.319
1312.579
1312.84
1313.873
1314.906
1315.94
1317.755
1319.57
1321.385
1323.2
1323.59
1323.98
1324.37
1324.76
1325.15
1325.54
1325.931
1326.173
1326.415
1326.657
1326.899
1327.141
1327.383
1327.625
1327.867
1328.109
1328.347
1328.597
1328.847
1329.119
1329.391
1329.664
1330.33
1330.572
1330.814
1331.056
1331.298
1331.538
1331.985
1332.432
1332.88
1333.43
1333.979
1334.528
1335.077
1335.626
1336.177
1336.357
1336.537
1336.717
1336.898
1337.078
1337.26
1337.422
1337.584
1337.745
1338.009
1338.273
1338.536
1340.17
1340.603
1341.036
1341.47
1341.995
1342.52
1343.045
1343.57
1344.095
1344.62
1345.145
1345.67
1346.195
1346.72
1347.062
1347.404
1347.746
1348.09
1348.437
1348.784
1349.131
1349.478
1349.825
1350.172
1350.519
1350.866
1351.21
1351.71
1351.909
1352.108
1352.307
1352.506
1352.705
1352.904
1353.103
1353.302
1353.501
1353.7
1353.9
1354.812
1355.724
1356.636
1357.548
1358.46
1359.372
1360.284
1361.196
1362.108
1363.02
1363.932
1364.844
1365.752
1365.914
1366.076
1366.238
1366.4
1366.562
1366.724
1366.886
1367.048
1367.21
1367.836
1368.462
1369.088
1369.714
1370.34
1370.966
1371.592
1372.218
1372.844
1373.47
1374.725
1375.98
1376.49
1376.73
1376.97
1377.21
1377.45
1377.69
1377.93
1378.18
1378.43
1378.68
1378.991
1379.302
1379.613
1379.924
1380.235
1380.546
1380.771
1380.996
1381.221
1381.446
1381.67
1383.294
1384.65
1385.103
1385.556
1386.01
1386.69
1387.1
1387.51
1388.039
1388.568
1389.097
1389.626
1390.155
1390.684
1391.213
1391.742
1392.27
1392.649
1393.028
1393.407
1393.786
1394.165
1394.544
1394.92
1395.538
1396.156
1396.774
1397.392
1398.01
1398.628
1399.246
1399.864
1400.482
1401.1
1401.274
1401.448
1401.622
1401.796
1401.97
1402.144
1402.318
1402.492
1402.67
1402.91
1403.15
1403.39
1403.63
1403.87
1404.11
1404.35
1404.59
1405.54
1406.49
1407.44
1408.39
1409.34
1410.29
1411.24
1412.19
1413.14
1414.09
1415.04
1415.99
1416.94
1417.89
1418.84
1419.79
1421.77
1423.75
1424.049
1424.348
1424.647
1424.946
1425.245
1425.544
1425.843
1426.142
1426.441
1426.74
1427.04
1427.378
1427.716
1428.053
1428.391
1428.729
1429.067
1429.405
1429.74
1430.22
1430.7
1431.18
1431.66
1432.14
1432.62
1433.1
1433.58
1434.06
1434.54
1435.02
1435.5
1435.98
1439.72
1440.73
1440.937
1441.144
1441.351
1441.558
1441.765
1441.972
1442.179
1442.386
1442.593
1442.8
1443.01
1443.451
1443.892
1444.333
1444.774
1445.215
1445.656
1446.097
1446.538
1446.979
1447.237
1447.495
1447.753
1448.011
1448.269
1448.527
1448.785
1449.046
1449.481
1449.916
1450.351
1450.786
1451.221
1451.656
1452.09
1452.437
1452.784
1453.131
1453.478
1453.825
1454.172
1454.519
1454.866
1455.213
1455.56
1455.91
1456.421
1456.932
1457.443
1457.954
1458.465
1458.976
1459.487
1459.998
1460.509
1461.017
1461.725
1461.932
1462.139
1462.346
1462.553
1462.76
1462.965
1469.62
1470.195
1470.77
1471.019
1471.268
1471.517
1471.766
1472.015
1472.264
1472.513
1472.762
1473.01
1474.208
1475.406
1476.604
1477.802
1479.0
1480.198
1481.396
1482.594
1483.79
1484.29
1484.467
1484.644
1484.821
1484.998
1485.175
1485.352
1485.529
1485.706
1486.025
1486.344
1486.663
1486.982
1487.301
1487.62
1487.94
1488.15
1488.36
1488.57
1488.78
1488.99
1489.2
1489.41
1489.62
1489.83
1490.04
1490.25
1490.46
1490.67
1490.88
1491.09
1491.904
1492.718
1493.532
1494.346
1495.16
1495.974
1496.79
1497.6
1498.41
1499.22
1500.03
1500.84
1501.65
1502.46
1503.27
1504.08
1504.89
1505.7
1506.51
1507.32
1508.135
1512.32
1512.54
1512.76
1512.98
1513.2
1513.42
1513.64
1513.86
1514.08
1514.3
1514.52
1514.74
1514.963
1519.793
1520.354
1520.915
1521.476
1522.037
1522.598
1523.16
1523.908
1524.656
1525.405
1525.63
1525.855
1526.08
1526.305
1526.53
1526.946
1527.362
1527.778
1528.194
1528.609
1528.873
1529.137
1529.4
1529.916
1530.432
1530.948
1531.464
1531.98
1532.507
1533.034
1533.561
1534.088
1534.615
1535.142
1535.669
1536.196
1536.723
1537.25
1537.728
1538.206
1538.684
1539.162
1539.64
1540.12
1543.25
1543.615
1543.98
1544.345
1544.71
1545.075
1545.44
1545.805
1546.17
1546.71
1547.25
1547.79
1548.33
1548.87
1549.41
1549.95
1550.489
1551.028
1551.567
1552.106
1552.645
1553.184
1553.723
1554.262
1554.801
1555.34
1555.879
1556.42
1556.656
1556.892
1557.128
1557.364
1557.6
1557.836
1558.07
1558.27
1558.47
1558.67
1558.87
1559.07
1559.27
1559.47
1559.67
1559.87
1560.097
1560.324
1560.551
1560.778
1561.005
1561.232
1561.46
1562.018
1565.97
1566.42
1566.87
1567.32
1567.77
1568.22
1568.67
1569.12
1569.462
1569.804
1570.147
1570.49
1570.826
1571.162
1571.498
1571.834
1572.17
1572.886
1574.713
1576.54
1576.834
1577.128
1577.422
1577.716
1578.01
1578.304
1578.598
1578.89
1579.171
1579.452
1579.733
1580.014
1580.295
1580.576
1580.857
1581.138
1581.419
1581.7
1581.981
1582.26
1583.307
1584.354
1585.401
1586.45
1586.986
1587.522
1588.058
1588.594
1589.13
1589.666
1590.201
1590.7
1591.118
1591.536
1591.954
1592.372
1592.79
1593.21
1593.607
1594.004
1594.401
1594.798
1595.195
1595.592
1595.989
1596.386
1596.783
1597.18
1597.577
1597.974
1598.371
1598.774
1598.989
1599.204
1599.419
1599.634
1599.849
1600.064
1600.279
1600.494
1600.709
1600.924
1601.139
1601.35
1602.48
1602.73
1602.98
1603.23
1603.907
1604.584
1605.261
1605.938
1606.615
1607.292
1607.969
1608.646
1609.323
1610.0
1610.677
1611.354
1612.031
1612.708
1613.39
1613.862
1614.334
1614.806
1615.278
1615.75
1616.049
1616.348
1616.647
1616.946
1617.245
1617.544
1617.843
1618.14
1618.8
1619.46
1620.12
1620.78
1621.44
1622.1
1622.76
1623.42
1624.08
1624.74
1625.4
1626.06
1626.72
1627.737
1628.754
1629.771
1630.788
1631.805
1632.822
1633.839
1634.856
1635.873
1636.89
1637.907
1638.924
1639.941
1640.958
1641.975
1642.99
1643.324
1643.658
1643.992
1644.326
1644.66
1644.994
1645.328
1645.662
1645.996
1646.33
1646.664
1646.998
1647.33
1647.674
1648.018
1648.362
1648.706
1649.05
1649.394
1649.738
1650.082
1650.426
1650.77
1651.114
1651.458
1651.805
1652.15
1652.495
1652.84
1653.185
1653.53
1653.875
1654.22
1654.565
1654.91
1655.255
1655.605
1656.397
1657.189
1657.98
1658.47
1658.96
1659.45
1659.861
1660.272
1660.683
1661.094
1661.505
1661.916
1662.33
1663.23
1663.99
1664.75
1665.05
1665.35
1665.65
1665.95
1666.25
1666.509
1666.768
1667.027
1667.286
1667.545
1667.804
1668.063
1668.322
1668.581
1668.84
1669.1
1669.417
1669.734
1670.05
1670.523
1670.995
1671.467
1671.94
1672.413
1672.886
1673.359
1673.83
1674.08
1674.33
1674.58
1674.747
1674.914
1675.081
1675.248
1675.415
1675.582
1675.746
1676.491
1678.37
1680.249
1682.128
1684.007
1685.884
1686.134
1686.384
1686.714
1687.044
1687.374
1687.704
1688.034
1688.364
1688.694
1689.024
1689.354
1689.68
1690.41
1691.14
1691.87
1692.6
1693.33
1694.06
1694.79
1695.52
1696.25
1696.98
1697.71
1698.44
1699.17
1699.898
1700.261
1700.624
1700.987
1701.35
1701.713
1702.076
1702.439
1702.802
1703.167
1703.371
1703.575
1703.779
1703.983
1704.187
1704.391
1704.595
1704.799
1705.0
1705.69
1706.38
1707.07
1707.76
1708.547
1709.334
1710.121
1710.909
1711.697
1712.485
1713.365
1714.245
1715.125
1716.005
1716.885
1717.765
1718.645
1719.525
1720.405
1721.678
1722.951
1724.224
1725.497
1726.77
1728.043
1729.315
1729.613
1729.911
1730.209
1730.507
1730.805
1731.103
1731.401
1731.702
1731.994
1732.285
1732.78
1733.275
1733.77
1734.265
1734.544
1734.823
1735.102
1735.381
1735.66
1735.939
1736.218
1736.497
1736.776
1737.055
1737.334
1737.613
1737.892
1738.171
1738.45
1738.757
1739.064
1739.371
1739.678
1739.985
1740.292
1740.599
1740.906
1741.21
1741.567
1741.924
1742.281
1742.638
1742.995
1743.352
1743.709
1744.066
1744.423
1744.78
1745.14
1745.815
1746.49
1747.165
1747.84
1748.515
1749.19
1749.865
1750.54
1751.215
1751.89
1752.565
1753.24
1753.91
1755.706
1757.502
1759.298
1761.094
1762.892
1763.54
1764.188
1764.836
1765.484
1766.132
1766.78
1767.428
1768.076
1768.724
1769.372
1770.02
1770.666
1771.153
1771.64
1772.127
1772.614
1773.101
1773.588
1774.075
1774.562
1775.049
1775.536
1776.023
1776.51
1776.995
1777.22
1777.445
1777.67
1777.895
1778.12
1778.345
1778.57
1778.795
1779.02
1779.245
1779.47
1779.695
1779.92
1780.268
1780.616
1780.964
1781.312
1781.66
1782.685
1783.71
1784.735
1785.76
1786.785
1787.81
1788.835
1789.86
1790.885
1791.91
1792.935
1793.96
1794.98
1795.2
1795.42
1795.64
1795.86
1796.08
1796.3
1796.52
1796.74
1796.96
1797.727
1798.494
1799.261
1800.028
1800.795
1801.562
1802.329
1803.096
1803.863
1804.63
1805.397
1806.164
1806.931
1807.698
1808.465
1809.236
1809.619
1810.002
1810.385
1810.768
1811.151
1811.534
1811.917
1812.3
1812.683
1813.07
1813.262
1813.454
1813.646
1813.838
1814.03
1814.222
1814.414
1814.606
1814.798
1814.99
1815.18
1815.441
1815.702
1815.963
1816.224
1816.485
1816.746
1817.007
1817.27
1817.571
1817.872
1818.173
1819.231
1820.29
1820.715
1821.14
1821.702
1822.264
1822.826
1823.388
1823.95
1824.51
1824.743
1824.976
1825.209
1825.442
1825.675
1825.908
1826.14
1826.37
1826.606
1826.842
1827.078
1827.314
1827.55
1827.786
1828.022
1828.26
1828.562
1828.864
1829.167
1829.47
1829.745
1830.02
1830.295
1830.57
1830.845
1831.12
1831.395
1831.67
1831.945
1832.22
1832.495
1832.77
1833.045
1833.32
1833.787
1834.254
1834.721
1835.188
1835.655
1836.12
1836.299
1836.478
1836.657
1836.836
1837.015
1837.194
1837.373
1837.55
1837.844
1838.138
1838.432
1838.726
1839.02
1839.49
1839.96
1840.43
1840.9
1841.37
1841.84
1842.31
1842.78
1843.394
1844.008
1844.622
1845.236
1845.85
1846.464
1847.078
1847.692
1848.31
1849.758
1851.206
1852.654
1854.102
1855.55
1856.998
1858.446
1859.894
1861.342
1862.79
1864.238
1865.686
1867.13
1867.436
1867.742
1868.048
1868.354
1868.66
1868.966
1869.272
1869.578
1869.88
1870.379
1870.878
1871.377
1871.876
1872.377
1873.386
1874.395
1875.404
1876.413
1877.422
1878.431
1879.44
1880.45
1880.95
1882.52
1884.09
1885.66
1887.23
1887.825
1888.42
1890.32
1890.806
1891.292
1891.778
1892.264
1892.75
1893.236
1893.722
1894.21
1895.13
1896.532
1899.869
1903.206
1906.543
1909.88
1913.217
1916.554
1919.89
1920.39
1920.614
1920.838
1921.062
1921.286
1921.51
1921.734
1921.958
1922.182
1922.41
1922.645
1922.88
1923.115
1923.35
1923.585
1923.82
1924.037
1924.255
1924.473
1924.69
1924.908
1925.125
1925.342
1925.56
1925.831
1926.102
1926.373
1926.644
1926.915
1927.186
1927.457
1927.728
1928.0
1928.332
1928.664
1928.996
1929.328
1929.66
1929.992
1930.324
1930.656
1930.988
1931.316
1932.365
1933.414
1934.463
1935.512
1936.56
1938.447
1940.334
1942.22
1942.476
1942.732
1942.988
1943.244
1943.5
1943.756
1944.012
1944.27
1944.786
1945.302
1945.818
1946.334
1946.85
1947.366
1947.882
1948.398
1948.914
1949.43
1949.946
1950.46
1950.96
1951.278
1951.596
1951.914
1952.232
1952.55
1952.87
1953.363
1953.856
1954.349
1954.842
1955.335
1955.828
1956.32
1957.123
1957.926
1958.729
1959.532
1960.335
1961.138
1961.941
1962.744
1963.547
1964.35
1965.153
1965.956
1966.759
1967.562
1968.37
1968.747
1969.124
1969.501
1969.878
1970.255
1970.632
1971.009
1971.386
1971.763
1972.14
1972.517
1972.89
1973.105
1973.32
1973.535
1973.75
1973.965
1974.18
1974.395
1974.61
1974.844
1975.078
1975.312
1975.546
1975.78
1976.014
1976.248
1976.482
1976.72
1977.152
1977.584
1978.016
1978.448
1978.88
1979.312
1979.744
1980.176
1980.608
1981.04
1981.508
1981.976
1982.444
1982.912
1983.38
1983.848
1984.316
1984.784
1985.252
1985.72
1986.106
1986.492
1986.878
1987.264
1987.65
1988.036
1988.422
1988.808
1989.194
1989.58
1989.966
1990.355
1990.568
1990.781
1990.994
1991.207
1991.42
1991.633
1991.846
1992.059
1992.272
1992.48
1995.105
1997.73
1998.37
1998.87
1999.221
1999.572
1999.923
2000.274
2000.625
2000.976
2001.327
2001.678
2002.029
2002.378
2002.884
2003.39
2003.64
2003.89
2004.14
2004.423
2004.706
2004.989
2005.272
2005.555
2005.84
2007.27
2007.579
2007.888
2008.197
2008.506
2008.815
2009.124
2009.433
2009.74
2009.933
2010.126
2010.319
2010.512
2010.705
2010.898
2011.089
2011.714
2012.036
2012.358
2012.68
2013.002
2013.324
2013.646
2013.968
2014.29
2015.377
2016.464
2017.55
2019.145
2020.74
2022.335
2023.93
2024.197
2024.464
2024.731
2024.998
2025.265
2025.532
2025.799
2026.066
2026.334
2026.526
2026.718
2026.91
2027.102
2027.294
2027.486
2027.678
2027.87
2028.062
2028.25
2028.54
2028.83
2029.12
2029.41
2029.797
2030.184
2030.571
2030.958
2031.345
2031.73
2032.038
2032.346
2032.654
2032.962
2033.27
2033.578
2033.886
2034.194
2034.5
2035.51
2036.52
2037.53
2038.64
2039.08
2039.52
2039.96
2040.4
2040.84
2041.28
2041.72
2042.16
2042.933
2043.706
2044.48
2044.752
2045.024
2045.296
2045.568
2046.046
2046.524
2047.002
2047.48
2047.958
2048.436
2048.914
2049.392
2049.87
2050.178
2050.486
2050.794
2051.102
2051.41
2051.72
2051.97
2052.22
2052.469
2052.685
2052.901
2053.117
2053.333
2053.549
2053.765
2053.982
2054.209
2054.436
2054.663
2054.89
2055.117
2055.344
2055.571
2055.798
2056.025
2056.25
2056.466
2056.682
2056.898
2057.114
2057.33
2057.546
2057.76
2059.389
2059.805
2060.221
2060.637
2061.053
2061.468
2061.992
2062.516
2063.04
2063.564
2064.088
2064.612
2065.136
2065.66
2066.184
2066.704
2067.022
2067.34
2067.659
2067.976
2068.293
2068.61
2068.927
2069.244
2069.56
2069.977
2070.394
2070.811
2071.229
2071.646
2072.064
2072.481
2072.9
2073.196
2073.492
2073.788
2074.084
2074.38
2074.676
2074.972
2075.268
2075.564
2075.86
2076.079
2076.298
2076.517
2076.736
2076.955
2077.174
2077.393
2077.612
2077.831
2078.05
2078.269
2078.483
2078.785
2079.087
2079.389
2079.691
2079.993
2080.295
2080.597
2080.897
2081.105
2081.313
2081.521
2081.729
2081.937
2082.145
2082.353
2082.561
2082.769
2082.961
2083.153
2083.345
2083.537
2083.729
2083.921
2084.11
2084.384
2084.658
2084.932
2085.206
2085.48
2085.754
2086.028
2086.302
2086.58
2086.83
2087.08
2087.33
2087.606
2087.882
2088.158
2088.434
2088.71
2088.986
2089.262
2089.538
2089.814
2090.09
2090.366
2090.642
2090.918
2091.194
2091.469
2091.678
2091.887
2092.096
2092.305
2092.514
2092.723
2092.929
2093.135
2093.341
2093.547
2093.753
2093.959
2094.165
2094.371
2094.577
2094.783
2094.989
2095.371
2095.753
2096.135
2096.517
2096.899
2097.281
2097.663
2098.045
2098.427
2098.809
2099.191
2099.573
2099.955
2100.34
2100.621
2100.902
2101.183
2101.464
2101.745
2102.026
2102.307
2102.588
2102.869
2103.15
2103.431
2103.712
2103.99
2104.267
2104.544
2104.821
2105.098
2105.375
2105.652
2106.901
2108.15
2109.399
2110.65
2110.961
2111.272
2111.583
2111.894
2112.205
2112.516
2112.827
2113.14
2113.452
2113.764
2114.076
2114.388
2114.7
2115.147
2115.594
2116.041
2116.488
2116.935
2117.382
2117.83
2118.145
2118.46
2118.775
2119.09
2119.447
2119.804
2120.16
2120.385
2120.61
2120.835
2121.06
2121.407
2121.754
2122.101
2122.448
2122.795
2123.142
2123.489
2123.836
2124.181
2124.395
2124.609
2124.823
2125.037
2125.251
2125.465
2125.68
2126.043
2126.406
2126.769
2127.132
2127.495
2127.858
2129.83
2130.08
2130.33
2130.58
2131.56
2131.966
2132.372
2132.778
2133.184
2133.59
2133.931
2134.272
2134.613
2134.954
2135.295
2135.636
2135.977
2136.318
2136.659
2137.0
2137.346
2137.523
2137.7
2137.877
2138.054
2138.231
2138.408
2138.585
2138.762
2138.939
2139.116
2139.293
2139.47
2139.716
2139.962
2140.208
2140.454
2140.7
2140.946
2141.192
2141.438
2141.684
2141.93
2142.176
2142.42
2142.6
2142.78
2142.96
2143.14
2145.18
2145.502
2145.824
2146.146
2146.468
2146.79
2147.11
2148.403
2149.695
2150.988
2152.28
2153.16
2154.04
2154.92
2155.8
2156.68
2157.56
2158.44
2159.32
2160.2
2161.08
2161.889
2162.698
2163.507
2164.316
2165.125
2165.934
2166.74
2167.139
2167.538
2167.937
2168.336
2168.735
2169.134
2169.533
2169.93
2170.22
2170.51
2170.8
2171.09
2171.38
2171.67
2171.96
2172.25
2172.532
2172.814
2173.096
2173.378
2173.66
2174.252
2174.844
2175.436
2176.028
2176.62
2177.212
2177.804
2178.396
2178.988
2179.584
2179.804
2180.024
2180.244
2180.464
2180.684
2180.904
2181.124
2181.344
2181.564
2181.784
2182.0
2182.172
2182.344
2182.516
2182.688
2182.86
2183.032
2183.204
2183.376
2183.548
2183.72
2183.89
2184.082
2184.274
2184.466
2184.66
2186.1
2186.423
2186.746
2187.069
2187.392
2187.715
2188.038
2188.361
2188.684
2189.01
2190.345
2191.68
2193.015
2194.35
2195.493
2196.636
2197.78
2197.965
2198.15
2198.335
2198.52
2198.77
2199.02
2199.285
2199.55
2199.815
2200.08
2200.345
2200.61
2200.794
2200.978
2201.162
2201.346
2201.53
2201.714
2201.9
2202.26
2202.62
2202.98
2203.34
2203.7
2204.06
2204.42
2204.78
2205.14
2205.5
2205.86
2206.22
2206.58
2206.94
2207.588
2208.236
2208.883
2209.53
2210.03
2210.218
2210.405
2210.593
2210.78
2210.968
2211.155
2211.343
2211.53
2211.732
2211.934
2212.136
2212.338
2212.54
2212.742
2212.944
2213.146
2213.348
2213.55
2213.752
2213.954
2214.15
2214.777
2215.404
2216.03
2216.834
2217.638
2218.442
2219.246
2220.05
2220.398
2220.745
2221.092
2221.44
2222.67
2222.977
2223.284
2223.591
2223.898
2224.205
2224.512
2224.819
2225.126
2225.43
2225.771
2226.112
2226.453
2226.794
2227.135
2227.476
2227.82
2228.392
2228.964
2229.536
2230.108
2230.68
2231.254
2231.411
2231.568
2231.725
2231.882
2232.039
2232.196
2232.353
2232.51
2232.67
2233.347
2234.024
2234.701
2235.378
2236.055
2236.732
2237.409
2238.086
2238.763
2239.44
2240.117
2240.794
2241.471
2242.146
2243.047
2243.948
2244.849
2245.75
2246.062
2246.374
2246.686
2246.999
2247.311
2247.624
2247.936
2248.25
2248.56
2248.87
2249.18
2249.413
2249.646
2249.879
2250.112
2250.345
2250.578
2250.81
2251.161
2251.512
2251.863
2252.214
2252.565
2252.916
2253.078
2253.24
2253.402
2253.564
2253.726
2253.888
2254.05
2254.212
2254.374
2254.54
2254.755
2254.97
2255.185
2255.4
2255.615
2255.83
2256.045
2256.26
2256.475
2256.69
2256.905
2257.12
2257.33
2257.602
2257.874
2258.146
2258.418
2258.69
2258.962
2259.234
2259.506
2259.778
2260.05
2260.322
2260.59
2261.157
2261.724
2262.29
2262.663
2263.036
2263.409
2263.782
2264.155
2264.528
2264.901
2265.274
2265.647
2266.02
2266.39
2267.01
2267.63
2268.25
2268.87
2269.49
2270.11
2270.612
2271.114
2271.616
2272.118
2272.62
2273.122
2273.624
2274.126
2274.628
2275.13
2275.632
2276.13
2276.617
2277.104
2277.591
2278.078
2278.565
2279.052
2279.54
2279.804
2280.068
2280.332
2280.596
2280.86
2281.124
2281.388
2281.65
2282.262
2282.874
2283.486
2284.098
2284.71
2285.322
2285.934
2286.546
2287.158
2287.77
2288.178
2288.586
2288.994
2289.402
2289.81
2290.218
2290.626
2291.034
2291.442
2291.85
2292.258
2292.666
2293.074
2293.482
2293.89
2294.604
2295.318
2296.032
2296.746
2297.46
2298.174
2298.888
2299.602
2300.316
2301.03
2301.744
2302.46
2302.727
2302.994
2303.261
2303.528
2303.795
2304.062
2304.33
2304.543
2304.756
2304.969
2305.182
2305.395
2305.608
2305.821
2306.034
2306.247
2306.46
2306.839
2307.218
2307.597
2307.976
2308.355
2308.734
2309.113
2309.492
2309.871
2310.25
2310.63
2311.088
2311.546
2312.003
2312.46
2312.709
2312.958
2313.207
2313.456
2313.705
2313.954
2314.203
2314.45
2315.912
2317.374
2318.836
2320.298
2321.76
2323.223
2324.686
2326.15
2326.581
2327.012
2327.443
2327.874
2328.305
2328.736
2329.167
2329.598
2330.029
2330.46
2330.891
2331.322
2331.753
2332.184
2332.62
2333.02
2333.42
2333.82
2334.22
2334.62
2335.02
2335.42
2335.82
2336.22
2336.595
2336.97
2337.345
2337.72
2338.095
2338.47
2338.845
2339.22
2339.595
2339.97
2340.345
2340.72
2341.095
2341.47
2341.84
2342.284
2342.728
2343.172
2343.616
2344.06
2344.479
2344.898
2345.317
2345.736
2346.155
2346.574
2346.993
2347.412
2347.831
2348.25
2348.669
2349.088
2349.51
2350.533
2351.556
2352.579
2353.602
2354.625
2355.648
2356.67
2357.936
2359.202
2360.468
2361.734
2363.0
2364.266
2365.53
2365.873
2366.216
2366.559
2366.902
2367.245
2367.588
2367.931
2368.274
2368.617
2368.96
2369.303
2369.646
2369.989
2370.332
2370.675
2371.02
2371.465
2371.91
2372.355
2372.8
2373.245
2373.69
2374.135
2374.58
2375.025
2375.47
2375.912
2376.094
2376.276
2376.458
2376.64
2376.822
2377.004
2377.186
2377.37
2377.589
2377.808
2378.027
2378.246
2378.465
2378.684
2378.903
2379.12
2379.686
2380.252
2380.818
2381.384
2381.95
2382.2
2382.45
2382.7
2382.95
2383.2
2383.434
2383.668
2383.902
2384.136
2384.37
2384.604
2384.838
2385.072
2385.306
2385.54
2385.77
2386.083
2386.396
2386.709
2387.022
2387.336
2387.573
2387.81
2388.047
2388.284
2388.521
2388.758
2388.995
2389.232
2389.469
2389.71
2390.012
2390.315
2390.618
2390.921
2391.224
2391.526
2391.828
2392.13
2392.425
2392.72
2393.015
2393.31
2393.605
2393.9
2394.195
2394.49
2394.785
2395.08
2396.043
2397.006
2397.968
2398.93
2400.4
2400.65
2400.9
2401.15
2401.388
2401.626
2401.864
2402.102
2402.34
2402.578
2402.816
2403.054
2403.292
2403.53
2403.768
2404.006
2404.25
2404.91
2406.56
2408.21
2409.319
2410.428
2411.537
2412.646
2413.755
2414.864
2415.97
2416.426
2416.882
2417.338
2417.794
2418.25
2418.706
2419.162
2419.618
2420.074
2420.53
2420.986
2421.442
2421.898
2422.35
2423.016
2423.682
2424.348
2425.014
2425.68
2426.346
2427.012
2427.678
2428.344
2429.01
2429.68
2430.186
2430.692
2431.198
2431.704
2432.21
2432.716
2433.222
2433.728
2434.234
2434.74
2435.246
2435.752
2436.258
2436.77
2437.021
2437.272
2437.523
2437.774
2438.025
2438.276
2438.527
2438.78
2439.078
2439.376
2439.674
2439.972
2440.27
2440.568
2440.866
2441.164
2441.462
2441.76
2442.058
2442.356
2442.66
2443.757
2444.854
2445.951
2447.048
2448.145
2449.242
2450.339
2451.436
2452.534
2453.45
2454.274
2455.098
2455.922
2456.746
2457.57
2459.52
2461.47
2461.74
2462.01
2462.28
2462.55
2462.82
2463.09
2463.36
2463.63
2463.9
2464.17
2464.44
2464.71
2464.98
2465.25
2465.955
2466.66
2467.365
2468.07
2468.775
2469.48
2470.185
2470.89
2471.595
2472.3
2473.005
2473.71
2474.415
2475.12
2476.008
2476.896
2477.784
2478.672
2479.56
2479.871
2480.182
2480.493
2480.804
2481.115
2481.426
2481.737
2482.048
2482.359
2482.67
2483.189
2483.708
2484.227
2484.746
2485.265
2485.784
2486.303
2486.822
2487.341
2487.86
2488.379
2488.9
2489.119
2489.338
2489.557
2489.776
2489.995
2490.214
2490.433
2490.652
2490.87
2491.849
2492.828
2493.807
2494.785
2495.764
2496.743
2497.722
2498.701
2499.68
2500.655
2505.26
2505.76
2506.352
2506.944
2507.537
2508.13
2508.75
2509.086
2509.422
2509.758
2510.094
2510.43
2510.766
2511.102
2511.435
2511.898
2512.361
2512.824
2513.287
2513.75
2514.213
2514.676
2515.139
2515.604
2516.087
2516.57
2517.053
2517.536
2518.019
2518.452
2518.885
2519.318
2519.751
2520.184
2520.617
2521.05
2521.483
2521.916
2522.35
2522.6
2522.85
2523.1
2523.403
2523.706
2524.009
2524.312
2524.615
2524.918
2525.221
2525.524
2525.827
2526.13
2526.43
2526.916
2527.402
2527.888
2528.374
2528.862
2530.51
2530.893
2531.276
2531.66
2532.076
2532.492
2532.908
2533.324
2533.74
2534.156
2534.572
2534.99
2535.384
2535.778
2536.172
2536.566
2536.96
2537.354
2537.75
2538.031
2538.312
2538.593
2538.874
2539.155
2539.436
2539.717
2539.998
2540.279
2540.56
2540.841
2541.122
2541.4
2541.826
2542.252
2542.678
2543.104
2543.53
2543.956
2544.382
2544.808
2545.234
2545.66
2546.096
2546.532
2546.968
2547.404
2547.84
2548.276
2548.712
2549.15
2549.522
2549.894
2550.266
2550.638
2551.01
2551.382
2551.754
2552.126
2552.498
2552.87
2553.242
2553.614
2553.986
2554.358
2554.726
2555.264
2555.802
2556.34
2556.878
2557.416
2557.954
2558.492
2559.03
2559.336
2559.642
2559.948
2560.254
2560.56
2560.866
2561.172
2561.478
2561.784
2562.094
2562.302
2562.51
2562.718
2562.926
2563.134
2563.342
2563.55
2563.76
2563.921
2564.082
2564.243
2564.404
2564.565
2564.726
2564.89
2565.052
2565.215
2565.378
2565.54
2565.722
2565.904
2566.086
2566.268
2566.45
2566.63
2567.513
2568.396
2569.279
2570.162
2571.045
2571.928
2572.811
2573.694
2574.576
2576.395
2582.44
2582.808
2583.176
2583.544
2583.912
2584.28
2584.65
2586.238
2587.825
2589.412
2590.999
2592.586
2594.173
2595.76
2597.35
2597.657
2597.964
2598.271
2598.578
2598.885
2599.192
2599.499
2599.806
2600.113
2600.42
2601.02
2601.62
2602.22
2602.82
2603.42
2604.02
2604.62
2605.22
2605.82
2606.42
2607.02
2609.571
2612.122
2614.673
2617.224
2619.775
2622.326
2624.877
2627.428
2629.98
2630.518
2631.056
2631.594
2632.132
2632.67
2633.21
2633.993
2634.776
2635.559
2636.342
2637.125
2637.91
2641.039
2644.168
2647.297
2650.426
2653.555
2656.684
2659.813
2662.94
2663.344
2663.748
2664.152
2664.556
2664.96
2665.364
2665.768
2666.172
2666.58
2666.915
2667.25
2667.585
2667.92
2668.255
2668.59
2668.925
2669.26
2669.518
2669.776
2670.034
2670.292
2670.55
2670.773
2670.996
2671.219
2671.442
2671.665
2671.888
2672.11
2672.443
2672.776
2673.108
2673.44
2673.918
2674.396
2674.874
2675.35
2675.629
2675.908
2676.187
2676.466
2676.745
2677.024
2677.303
2677.582
2677.861
2678.14
2678.39
2678.64
2678.89
2679.14
2679.39
2679.64
2679.89
2680.14
2680.39
2680.7
2681.01
2681.32
2681.63
2682.084
2682.538
2682.992
2683.446
2683.9
2684.354
2684.808
2685.262
2685.72
2686.182
2686.644
2687.106
2687.568
2688.03
2688.49
2691.476
2694.462
2697.448
2700.434
2702.246
2704.058
2705.87
2707.681
2707.93
2708.18
2708.414
2708.648
2708.882
2709.116
2709.35
2709.584
2709.818
2710.052
2710.286
2710.52
2710.754
2710.988
2711.22
2711.848
2712.476
2713.105
2713.646
2713.942
2714.238
2714.534
2714.83
2715.128
2715.343
2715.558
2715.773
2715.988
2716.203
2716.418
2716.634
2716.861
2717.088
2717.315
2717.542
2717.769
2717.996
2718.223
2718.45
2718.675
2718.999
2719.323
2719.647
2719.971
2720.295
2720.619
2720.943
2721.267
2721.59
2722.209
2722.828
2723.448
2724.265
2725.082
2725.899
2726.716
2727.533
2728.35
2729.17
2729.56
2729.95
2730.34
2730.73
2731.12
2731.51
2731.9
2732.292
2734.371
2736.45
2738.529
2740.608
2742.686
2743.475
2744.264
2745.053
2745.842
2746.63
2747.52
2748.409
2748.664
2748.919
2749.174
2749.429
2749.684
2749.939
2750.194
2750.45
2750.95
2751.434
2751.918
2752.402
2752.886
2753.37
2753.854
2754.338
2754.822
2755.306
2755.788
2756.241
2756.694
2757.147
2757.6
2757.864
2758.128
2758.391
2758.681
2758.971
2759.261
2759.551
2759.841
2760.131
2760.421
2760.711
2761.001
2761.29
2762.24
2763.36
2764.48
2765.6
2768.923
2772.246
2775.57
2775.786
2776.002
2776.218
2776.434
2776.65
2776.95
2777.25
2777.55
2777.85
2778.15
2778.45
2778.75
2778.981
2779.212
2779.443
2779.674
2779.905
2780.136
2780.367
2780.601
2780.779
2780.957
2781.135
2781.313
2781.491
2781.669
2781.85
2782.253
2782.656
2783.06
2783.271
2783.482
2783.693
2783.904
2784.115
2784.326
2784.537
2784.748
2784.959
2785.169
2785.323
2785.477
2785.631
2785.785
2785.939
2786.093
2786.247
2786.401
2786.555
2786.71
2786.903
2787.096
2787.289
2787.482
2787.675
2787.868
2788.061
2788.251
2788.573
2788.895
2789.217
2789.539
2789.861
2790.183
2790.505
2790.827
2791.149
2791.471
2791.793
2792.11
2792.767
2793.115
2793.463
2793.811
2794.159
2794.507
2794.855
2795.202
2795.477
2795.752
2796.027
2796.302
2796.577
2796.852
2797.13
2797.705
2798.28
2798.856
2799.16
2799.464
2799.768
2800.072
2800.376
2800.68
2800.984
2801.288
2801.59
2801.854
2802.118
2802.382
2802.646
2802.91
2803.437
2803.964
2804.49
2804.704
2804.918
2805.132
2805.346
2805.56
2805.774
2805.99
2806.339
2806.688
2807.037
2807.386
2807.735
2808.084
2808.43
2808.728
2809.026
2809.229
2809.432
2809.635
2809.838
2810.041
2810.244
2810.447
2810.65
2811.003
2811.356
2811.709
2812.062
2812.415
2812.768
2813.121
2813.474
2813.827
2814.18
2814.53
2814.934
2815.338
2815.742
2816.146
2816.55
2816.954
2817.358
2817.762
2818.166
2818.57
2819.136
2819.702
2820.268
2820.834
2821.4
2821.917
2822.148
2822.379
2822.61
2822.841
2823.072
2823.303
2823.534
2823.765
2824.0
2824.274
2824.548
2824.822
2825.096
2825.37
2825.644
2825.918
2826.192
2826.462
2826.768
2827.074
2827.38
2827.686
2827.992
2828.3
2828.567
2828.834
2829.1
2829.304
2829.508
2829.712
2829.916
2830.12
2830.324
2830.528
2830.732
2830.94
2831.81
2832.68
2833.55
2834.42
2835.29
2836.161
2836.66
2837.358
2838.056
2838.754
2839.452
2840.15
2840.848
2841.546
2842.244
2842.942
2843.64
2844.338
2845.034
2845.228
2845.422
2845.616
2845.81
2846.004
2846.2
2847.036
2847.872
2848.708
2849.544
2850.38
2851.216
2852.05
2852.55
2853.483
2854.416
2855.349
2856.28
2856.557
2856.834
2857.111
2857.388
2857.665
2857.942
2858.219
2858.496
2858.773
2859.05
2859.46
2859.87
2860.102
2860.334
2860.566
2860.798
2861.03
2862.39
2862.67
2862.95
2866.18
2867.74
2868.013
2868.286
2868.559
2868.832
2869.105
2869.378
2869.65
2870.056
2870.462
2870.868
2871.274
2871.68
2872.087
2873.46
2874.307
2875.154
2876.0
2877.83
2878.495
2879.16
2879.825
2880.49
2881.155
2881.82
2882.175
2882.53
2882.885
2883.24
2883.595
2883.95
2884.313
2884.676
2885.039
2885.402
2885.765
2886.13
2886.474
2886.818
2887.162
2887.506
2887.85
2888.194
2888.538
2888.882
2889.23
2889.467
2889.704
2889.941
2890.18
2890.517
2890.854
2891.191
2891.528
2891.865
2892.2
2892.481
2892.762
2893.043
2893.324
2893.605
2893.886
2894.167
2894.45
2894.676
2894.902
2895.128
2895.354
2895.58
2895.806
2896.032
2896.26
2896.598
2896.936
2897.274
2897.611
2897.948
2898.285
2898.622
2898.96
2899.249
2899.538
2899.827
2900.116
2900.405
2900.694
2900.983
2901.272
2901.561
2901.85
2902.139
2902.428
2902.717
2903.006
2903.29
2903.63
2903.97
2904.31
2904.65
2904.99
2905.33
2906.07
2906.81
2907.55
2908.29
2908.79
2909.279
2909.768
2910.257
2910.746
2911.235
2911.724
2912.213
2912.702
2913.191
2913.68
2914.169
2914.66
2915.238
2915.816
2916.394
2916.972
2917.55
2918.128
2918.706
2919.284
2919.862
2920.44
2921.02
2921.473
2921.926
2922.379
2922.832
2923.285
2923.738
2924.191
2924.644
2925.1
2926.765
2928.43
2928.65
2928.87
2929.09
2929.31
2929.53
2929.75
2929.97
2930.19
2930.41
2930.63
2930.85
2931.394
2931.938
2932.482
2933.026
2933.57
2934.114
2934.66
2934.888
2935.116
2935.344
2935.572
2935.8
2936.506
2937.212
2937.918
2938.624
2939.33
2940.036
2940.742
2941.45
2941.942
2942.434
2942.926
2943.418
2943.91
2944.402
2944.894
2945.386
2945.878
2946.37
2946.862
2947.354
2947.84
2948.086
2948.332
2948.578
2948.824
2949.07
2949.316
2949.562
2949.81
2950.124
2950.438
2950.752
2951.066
2951.38
2951.694
2952.008
2952.322
2952.636
2952.95
2953.723
2954.496
2955.269
2956.042
2956.815
2957.59
2958.09
2958.376
2958.662
2958.948
2959.234
2959.52
2959.806
2960.09
2960.434
2960.778
2961.122
2961.466
2961.81
2962.154
2962.498
2962.842
2963.186
2963.53
2963.874
2964.291
2964.708
2964.924
2965.14
2965.356
2965.572
2965.79
2966.02
2966.25
2966.48
2966.71
2967.11
2967.51
2967.91
2968.31
2968.71
2969.244
2969.778
2970.312
2970.846
2971.38
2972.15
2972.92
2973.48
2973.694
2973.908
2974.122
2974.336
2974.55
2974.764
2974.98
2975.148
2975.316
2975.483
2975.65
2976.098
2976.315
2976.532
2976.749
2976.966
2977.181
2978.126
2978.342
2978.558
2978.774
2978.99
2979.206
2979.422
2979.638
2979.854
2980.07
2980.286
2980.5
2980.98
2981.46
2982.223
2982.986
2983.749
2984.512
2985.275
2986.038
2986.8
2987.087
2987.374
2987.661
2987.948
2988.235
2988.522
2988.809
2989.096
2989.383
2989.67
2989.957
2990.244
2990.531
2990.818
2991.1
2991.414
2991.728
2992.042
2992.356
2992.67
2992.984
2993.298
2993.612
2993.926
2994.24
2994.554
2994.868
2995.182
2995.5
3000.31
3000.837
3001.364
3001.891
3002.418
3002.945
3003.472
3003.999
3004.526
3005.053
3005.58
3006.11
3006.605
3007.1
3007.595
3008.09
3008.584
3009.299
3009.559
3009.819
3010.079
3010.34
3011.23
3012.12
3013.01
3013.453
3013.896
3014.34
3014.557
3014.774
3014.992
3015.21
3015.812
3016.414
3017.016
3017.618
3018.22
3018.82
3020.3
3020.721
3021.142
3021.563
3021.984
3022.405
3022.826
3023.247
3023.668
3024.09
3025.028
3025.966
3026.904
3027.842
3028.78
3029.718
3030.656
3031.594
3032.532
3033.47
3034.408
3035.35
3035.643
3035.936
3036.229
3036.522
3036.815
3037.108
3037.401
3037.694
3037.987
3038.28
3038.573
3038.87
3039.505
3040.14
3040.775
3041.41
3042.045
3042.68
3043.315
3043.95
3044.585
3045.22
3045.855
3046.49
3047.122
3048.572
3050.022
3051.472
3052.922
3054.37
3054.871
3055.372
3055.873
3056.374
3056.875
3057.376
3057.877
3058.38
3058.88
3059.129
3059.378
3059.627
3059.876
3060.125
3060.374
3060.62
3060.76
3060.9
3061.04
3061.18
3061.54
3061.745
3061.95
3062.667
3063.384
3064.101
3064.818
3065.535
3066.252
3066.969
3067.686
3068.4
3068.708
3069.016
3069.324
3069.632
3069.94
3070.248
3070.556
3070.866
3071.597
3071.875
3072.153
3072.43
3073.402
3074.374
3075.346
3076.318
3077.29
3078.613
3079.936
3081.26
3083.02
3083.371
3083.722
3084.073
3084.424
3084.775
3085.126
3085.477
3085.828
3086.18
3086.396
3086.612
3086.828
3087.044
3087.26
3087.476
3087.692
3087.908
3088.124
3088.34
3088.556
3088.77
3088.929
3089.088
3089.247
3089.406
3089.565
3089.724
3089.88
3090.47
3091.06
3091.446
3091.832
3092.218
3092.604
3092.99
3093.235
3093.48
3093.725
3093.97
3094.215
3094.46
3094.705
3094.95
3095.195
3095.44
3095.68
3095.903
3096.126
3096.349
3096.572
3096.795
3097.018
3097.24
3097.596
3097.952
3098.308
3098.664
3099.02
3099.376
3099.732
3100.088
3100.444
3100.8
3101.759
3102.718
3103.677
3104.636
3105.595
3106.552
3106.734
3106.916
3107.098
3107.28
3107.462
3107.644
3107.826
3108.01
3108.816
3109.622
3110.428
3111.234
3112.04
3112.846
3113.652
3114.458
3115.264
3116.07
3116.876
3117.68
3117.981
3118.282
3118.583
3118.884
3119.185
3119.486
3119.985
3120.225
3120.465
3120.705
3120.945
3121.185
3121.425
3121.665
3121.905
3122.39
3122.709
3123.028
3123.348
3123.826
3124.304
3124.782
3125.101
3125.42
3125.74
3126.112
3126.485
3126.858
3127.23
3127.575
3127.92
3128.265
3128.61
3128.955
3129.3
3129.645
3129.99
3130.243
3130.496
3130.749
3131.002
3131.255
3131.508
3131.761
3132.014
3132.267
3132.52
3132.773
3133.026
3133.28
3133.614
3133.948
3134.282
3134.616
3134.95
3135.284
3135.618
3135.95
3136.297
3136.645
3136.993
3137.34
3138.006
3138.672
3139.338
3140.004
3140.67
3141.336
3142.002
3142.668
3143.334
3144.0
3144.666
3145.332
3146.0
3146.471
3146.942
3147.413
3147.884
3148.355
3148.826
3149.297
3149.77
3150.202
3150.634
3151.066
3151.498
3151.93
3152.362
3152.794
3153.226
3153.658
3154.09
3154.522
3154.954
3155.38
3156.063
3156.746
3157.429
3158.112
3158.795
3159.478
3160.161
3160.844
3161.527
3162.211
3162.461
3162.71
3162.982
3163.254
3163.526
3163.798
3164.07
3164.342
3164.614
3164.886
3165.158
3165.43
3165.702
3165.974
3166.25
3166.541
3166.832
3167.123
3167.414
3167.705
3167.996
3168.287
3168.578
3168.87
3169.182
3169.494
3169.806
3170.118
3170.43
3170.74
3170.907
3171.074
3171.241
3171.408
3171.575
3171.74
3172.048
3172.356
3172.664
3172.972
3173.28
3174.22
3174.507
3174.794
3175.081
3175.368
3175.655
3175.942
3176.229
3176.516
3176.8
3177.553
3178.305
3179.057
3179.809
3180.562
3181.315
3181.517
3181.719
3181.921
3182.123
3182.325
3182.527
3182.729
3182.931
3183.133
3183.335
3183.537
3183.739
3183.94
3184.111
3184.282
3184.453
3184.624
3184.795
3184.966
3185.137
3185.308
3185.479
3185.648
3185.898
3186.148
3186.398
3186.648
3186.898
3187.148
3187.4
3187.621
3187.842
3188.063
3188.284
3188.505
3188.726
3188.95
3189.217
3189.484
3189.751
3190.018
3190.285
3190.552
3190.819
3191.086
3191.35
3191.633
3191.916
3192.199
3192.482
3192.765
3193.048
3193.331
3193.614
3193.901
3194.4
3194.775
3195.15
3195.525
3195.9
3197.094
3197.371
3197.648
3197.925
3198.202
3198.479
3198.756
3199.033
3199.31
3199.589
3199.849
3200.109
3200.369
3200.63
3200.92
3201.21
3201.5
3201.79
3202.08
3202.37
3202.66
3202.95
3203.24
3203.81
3204.38
3204.919
3205.458
3205.997
3206.536
3207.075
3207.614
3208.153
3208.692
3209.23
3209.636
3210.042
3210.448
3210.854
3211.26
3211.666
3212.072
3212.48
3212.864
3213.248
3213.632
3214.016
3214.4
3214.784
3215.168
3215.55
3215.772
3215.994
3216.216
3216.438
3216.66
3216.882
3217.104
3217.326
3217.548
3217.77
3217.992
3218.214
3218.436
3218.66
3218.98
3219.3
3219.62
3219.94
3220.26
3220.58
3220.9
3221.199
3221.498
3221.797
3222.096
3222.395
3222.694
3222.993
3223.29
3223.691
3224.092
3224.493
3224.894
3225.295
3225.696
3226.097
3226.498
3226.9
3227.055
3227.21
3227.365
3227.52
3227.52
3227.52
