20.749
20.978
21.207
21.436
21.665
21.894
22.123
22.352
22.581
22.81
23.04
23.269
23.498
23.727
23.956
24.185
24.414
24.643
24.872
25.101
25.33
25.56
25.879
26.198
26.517
26.836
27.155
27.474
27.793
28.112
28.431
28.75
29.047
29.344
29.641
29.938
30.235
30.532
30.829
31.126
31.423
31.72
32.018
32.316
32.614
32.912
33.21
33.508
33.806
34.104
34.402
34.7
34.929
35.158
35.387
35.616
35.845
36.074
36.303
36.532
36.76
36.995
37.23
37.465
37.7
37.935
38.17
38.405
38.64
38.875
39.11
39.345
39.58
39.83
40.08
40.33
40.58
40.83
41.08
41.33
41.58
41.83
42.08
42.349
42.618
42.887
43.156
43.425
43.694
43.96
44.185
44.41
44.635
44.86
45.085
45.31
45.535
45.76
46.066
46.372
46.678
46.984
47.29
47.596
47.902
48.208
48.51
48.735
48.96
49.185
49.41
49.635
49.86
50.085
50.31
50.535
50.76
50.985
51.21
51.513
51.816
52.119
52.422
52.725
53.03
53.346
53.662
53.978
54.294
54.61
54.926
55.242
55.558
55.874
56.19
56.481
56.772
57.063
57.354
57.645
57.936
58.227
58.518
58.809
59.1
59.349
59.598
59.847
60.096
60.345
60.594
60.843
61.092
61.341
61.59
62.003
62.416
62.829
63.242
63.655
64.069
64.252
64.435
64.618
64.801
64.984
65.167
65.35
65.53
66.06
66.59
67.12
67.65
68.18
68.46
68.74
69.02
69.3
69.58
69.86
70.253
70.646
71.039
71.432
71.825
72.218
72.61
73.343
74.076
74.81
74.996
75.182
75.368
75.554
75.74
75.926
76.112
76.298
76.484
76.67
76.86
77.129
77.398
77.667
77.936
78.205
78.474
78.743
79.01
79.241
79.472
79.703
79.934
80.165
80.396
80.627
80.858
81.089
81.32
81.8
82.28
82.76
83.24
83.72
84.2
84.68
85.16
85.637
86.25
86.863
87.476
88.089
88.702
89.315
89.928
90.54
90.959
91.378
91.797
92.216
92.635
93.054
93.47
94.532
95.594
96.656
97.72
99.098
100.476
101.854
103.232
104.61
105.99
107.642
109.294
110.946
112.598
114.25
114.764
115.278
115.792
116.306
116.82
117.016
117.212
117.408
117.604
117.8
117.996
118.192
118.388
118.58
118.916
119.252
119.588
119.924
120.26
120.596
120.932
121.268
121.604
121.94
123.034
124.128
125.222
126.316
127.41
127.692
127.974
128.256
128.538
128.82
130.22
130.817
131.415
132.012
132.61
132.843
133.076
133.309
133.542
133.775
134.008
134.241
134.474
134.707
134.94
135.173
135.406
135.64
135.986
136.332
136.678
137.024
137.37
137.716
138.06
138.634
139.208
139.782
140.356
140.93
141.312
141.694
142.076
142.458
142.84
143.731
144.622
145.513
146.404
147.295
148.186
149.08
149.347
149.614
149.881
150.148
150.415
150.682
150.95
151.313
151.676
152.039
152.402
152.765
153.128
153.491
153.854
154.217
154.58
154.943
155.306
155.67
156.037
156.404
156.771
157.138
157.505
157.87
158.394
158.918
159.442
159.966
160.49
161.014
161.538
162.062
162.586
163.112
163.294
163.476
163.658
163.84
164.022
164.204
164.386
164.57
164.825
165.08
165.335
165.59
165.845
166.1
166.355
166.61
166.865
167.12
167.635
168.15
168.665
169.18
169.695
170.21
170.725
171.24
171.755
172.27
172.78
173.002
173.224
173.446
173.668
173.89
174.112
174.334
174.556
174.778
175.0
175.222
175.44
175.754
176.068
176.382
176.696
177.01
177.324
177.64
179.508
181.376
181.869
182.362
182.855
183.348
183.84
184.217
184.594
184.97
186.353
187.735
189.072
190.41
190.843
191.276
191.71
192.525
193.34
193.778
194.215
194.653
195.09
196.03
196.97
197.278
197.585
197.893
198.2
199.721
201.242
201.561
201.88
202.2
202.84
203.48
204.12
204.76
205.335
205.91
206.705
207.5
207.692
207.885
208.077
208.27
209.25
210.231
210.481
210.731
210.981
211.23
211.985
212.74
213.019
213.298
213.577
213.857
214.439
215.02
215.442
215.864
216.286
216.708
217.656
218.604
219.425
220.247
221.069
221.89
222.313
222.736
223.159
223.582
224.005
224.428
224.85
225.435
226.02
226.605
227.19
227.526
227.862
228.198
228.534
228.87
229.206
229.542
229.88
230.328
230.776
231.224
231.672
232.12
232.57
232.769
232.968
233.167
233.366
233.565
233.764
233.963
234.16
234.367
234.574
234.781
234.988
235.195
235.402
235.609
235.816
236.024
236.218
236.412
236.606
236.8
236.994
237.19
237.42
237.65
237.88
238.11
238.34
238.57
238.8
239.413
240.026
240.639
241.252
241.865
242.476
242.708
242.94
243.172
243.404
243.636
243.868
244.1
244.255
244.41
244.565
244.72
244.875
245.03
245.185
245.34
245.495
245.65
245.808
246.216
246.624
247.032
247.44
247.85
248.127
248.405
248.683
248.96
249.238
249.516
249.793
250.071
250.349
250.626
250.904
251.18
251.525
251.87
252.215
252.56
252.905
253.25
253.634
254.018
254.402
254.786
255.17
255.554
255.94
256.358
256.776
257.194
257.61
257.979
258.348
258.717
259.086
259.455
259.824
260.193
260.56
260.915
261.27
261.625
261.98
262.279
262.578
262.877
263.176
263.475
263.774
264.073
264.372
264.671
264.97
265.269
265.57
266.028
266.486
266.944
267.402
267.86
268.3
268.74
269.18
269.62
270.06
270.5
270.94
271.38
271.82
272.26
272.7
273.14
273.58
274.004
274.428
274.852
275.276
275.7
276.124
276.548
276.972
277.4
277.781
278.162
278.543
278.924
279.305
279.686
280.067
280.45
280.714
280.978
281.242
281.506
281.77
282.034
282.298
282.562
282.735
282.908
283.081
283.254
283.427
283.6
283.77
283.97
284.17
284.37
284.57
284.77
284.97
285.17
285.727
286.284
286.841
287.398
287.955
288.514
288.747
288.98
289.213
289.446
289.68
290.342
291.004
291.666
292.328
292.99
293.652
294.314
294.976
295.638
296.3
296.96
297.92
298.087
298.254
298.421
298.588
298.755
298.92
299.171
299.422
299.672
300.049
300.426
300.803
301.18
301.557
301.934
302.311
302.688
303.065
303.445
303.748
304.051
304.354
304.657
304.96
305.263
305.566
305.87
306.356
306.842
307.328
307.814
308.3
308.573
308.846
309.119
309.392
309.665
309.938
310.211
310.482
310.69
310.898
311.106
311.314
311.522
311.73
311.94
312.55
313.16
313.77
314.38
314.99
315.6
315.904
316.208
316.512
316.816
317.12
317.337
317.554
317.771
317.989
318.207
318.424
318.641
318.86
319.038
319.216
319.394
319.572
319.75
319.928
320.106
320.28
320.494
320.708
320.922
321.136
321.35
321.564
321.778
321.992
322.206
322.42
322.696
322.972
323.248
323.524
323.8
324.076
324.352
324.628
324.904
325.18
325.454
325.709
325.964
326.219
326.474
326.729
326.984
327.239
327.494
327.75
328.0
328.25
328.5
328.765
329.03
329.295
329.56
329.825
330.09
330.355
330.62
330.916
331.212
331.508
331.804
332.1
332.396
332.69
333.01
333.33
333.65
333.97
334.64
335.043
335.446
335.85
336.304
336.758
337.068
337.378
337.688
337.998
338.308
338.618
338.927
339.142
339.357
339.572
339.787
340.002
340.217
340.432
340.647
340.862
341.077
341.292
341.51
342.067
342.624
343.181
343.739
344.072
344.405
344.738
345.07
345.84
346.61
347.38
347.69
348.0
348.31
348.62
348.93
349.24
349.765
350.29
350.816
351.247
351.678
352.109
352.54
352.971
353.4
353.65
353.9
354.15
355.73
355.98
356.23
356.48
356.814
357.148
357.482
357.816
358.15
358.484
358.82
359.096
359.372
359.648
359.924
360.2
360.476
360.75
361.027
361.304
361.58
361.768
361.956
362.144
362.332
362.52
362.708
362.896
363.084
363.272
363.46
363.648
363.836
364.02
364.251
364.482
364.713
364.944
365.175
365.406
365.637
365.868
366.099
366.33
366.553
366.776
366.999
367.222
367.445
367.668
367.891
368.114
368.336
368.519
368.702
368.885
369.068
369.251
369.434
369.617
369.8
369.983
370.166
370.349
370.532
370.71
370.955
371.2
371.445
371.69
371.935
372.18
372.425
372.67
373.07
373.47
373.87
374.27
374.67
375.07
375.47
375.87
376.27
376.67
376.927
377.184
377.441
377.698
377.955
378.212
378.469
378.726
378.983
379.24
379.497
379.754
380.01
380.78
381.082
381.384
381.686
381.988
382.29
382.592
382.894
383.196
383.5
383.719
383.938
384.157
384.376
384.595
384.814
385.033
385.252
385.471
385.69
385.909
386.13
386.893
387.656
388.419
389.182
389.945
390.708
391.47
391.864
392.258
392.652
393.046
393.44
393.663
393.886
394.109
394.332
394.555
394.778
395.001
395.224
395.447
395.67
395.89
396.156
396.422
396.688
396.954
397.22
397.486
397.752
398.02
398.377
398.735
399.093
399.451
399.809
400.167
400.524
400.88
401.111
401.342
401.573
401.804
402.035
402.266
402.497
402.73
403.093
403.456
403.819
404.182
404.545
404.908
405.271
405.63
405.967
406.304
406.641
406.978
407.315
407.652
407.99
408.225
408.46
408.695
408.93
409.165
409.4
409.635
409.87
410.214
410.558
410.902
411.246
411.59
411.934
412.278
412.622
412.966
413.31
413.65
413.955
414.26
414.565
414.87
415.175
415.48
415.785
416.09
416.395
416.7
417.01
417.214
417.418
417.622
417.826
418.03
418.234
418.438
418.642
418.846
419.05
419.254
419.46
419.69
419.92
420.15
420.38
420.61
421.28
421.95
422.62
423.29
423.96
424.327
424.693
425.059
425.426
425.793
426.159
426.525
426.892
427.052
427.212
427.372
427.532
427.692
427.85
428.363
428.876
429.389
429.902
430.415
430.928
431.44
432.4
432.648
432.896
433.144
433.392
433.64
433.888
434.136
434.384
434.632
434.88
435.13
435.651
436.172
436.693
437.214
437.735
438.256
438.777
439.298
439.82
440.071
440.322
440.573
440.824
441.075
441.326
441.577
441.828
442.08
442.309
442.538
442.767
442.996
443.225
443.454
443.683
443.912
444.141
444.37
444.649
444.928
445.207
445.486
445.765
446.044
446.323
446.602
446.881
447.16
447.439
447.72
448.043
448.365
448.688
449.01
449.332
449.654
449.976
450.3
450.528
450.756
450.984
451.212
451.44
451.668
451.896
452.124
452.352
452.58
453.044
453.508
453.972
454.436
454.9
455.364
455.828
456.292
456.756
457.224
458.392
459.56
460.728
461.896
463.064
464.23
464.548
464.866
465.184
465.502
465.82
466.14
466.516
466.892
467.268
467.644
468.02
468.396
468.772
469.15
469.528
469.906
470.284
470.662
471.04
472.204
473.368
474.532
475.696
476.86
478.024
479.188
480.352
481.52
482.332
483.144
483.957
484.77
485.796
486.822
487.848
488.874
489.9
490.926
491.95
492.534
493.118
493.702
494.286
494.87
495.454
496.038
496.622
497.21
498.465
499.72
500.975
502.23
503.485
504.74
505.995
507.25
508.505
509.76
511.01
511.7
512.08
512.46
512.84
513.22
513.466
513.712
513.958
514.204
514.45
514.696
514.942
515.188
515.434
515.679
516.221
516.763
517.305
517.847
518.389
518.931
519.473
520.015
520.557
521.1
521.71
522.32
522.93
523.54
524.15
524.76
525.37
526.064
526.758
527.452
528.146
528.84
529.224
529.608
529.992
530.376
530.76
531.144
531.528
531.912
532.3
532.558
532.816
533.074
533.332
533.59
533.848
534.106
534.364
534.622
534.88
535.138
535.396
535.654
535.912
536.17
536.497
536.824
537.151
537.478
537.805
538.132
538.459
538.79
539.022
539.254
539.486
539.718
539.95
540.182
540.414
540.646
540.878
541.11
541.44
541.77
542.1
542.43
542.76
543.09
543.42
543.794
544.168
544.542
544.916
545.29
545.486
545.682
545.878
546.074
546.27
546.466
546.662
546.858
547.05
547.73
548.41
549.09
549.77
550.45
551.13
551.81
553.596
555.382
557.168
558.954
560.74
562.526
564.312
566.1
566.403
566.706
567.009
567.312
567.615
567.918
568.221
568.524
568.827
569.13
569.431
569.732
570.033
570.334
570.635
570.936
571.237
571.538
571.839
572.14
572.44
572.746
573.052
573.358
573.664
573.97
574.276
574.58
575.683
576.786
577.889
578.992
580.095
581.198
582.301
583.404
584.51
585.696
586.882
588.068
589.254
590.44
591.626
592.812
593.998
595.184
596.37
596.586
596.802
597.018
597.234
597.45
597.666
597.882
598.098
598.314
598.53
598.735
598.94
599.145
599.35
599.555
599.76
599.965
600.17
600.375
600.58
600.78
601.202
601.624
602.046
602.468
602.89
603.314
603.522
603.73
603.938
604.146
604.354
604.562
604.77
604.98
605.176
605.372
605.568
605.764
605.96
606.156
606.354
606.612
606.87
607.128
607.386
607.644
607.902
608.16
608.418
608.676
608.934
609.192
609.45
609.71
610.005
610.3
610.595
610.89
611.185
611.48
611.775
612.07
612.365
612.66
612.96
613.347
613.734
614.121
614.508
614.895
615.282
615.669
616.056
616.443
616.83
617.214
617.416
617.618
617.82
618.022
618.224
618.426
618.63
618.987
619.344
619.701
620.058
620.415
620.772
622.458
624.144
625.83
626.157
626.484
626.811
627.138
627.465
627.792
628.119
628.446
628.773
629.1
629.43
629.789
630.148
630.507
630.866
631.225
631.584
631.94
632.366
632.792
633.218
633.644
634.07
634.496
634.92
635.249
635.578
635.907
636.236
636.565
636.894
637.223
637.552
637.881
638.21
638.54
639.135
639.73
640.325
640.92
641.515
642.11
642.705
643.3
643.896
644.914
645.932
646.95
647.2
647.45
647.7
648.02
648.34
648.66
648.98
649.3
649.62
649.94
650.213
650.486
650.759
651.032
651.305
651.578
651.851
652.124
652.4
652.848
653.296
653.744
654.192
654.64
655.088
655.536
655.984
656.43
656.921
657.412
657.903
658.394
658.885
659.376
659.867
660.36
660.639
660.918
661.197
661.476
661.755
662.034
662.313
662.59
662.94
663.29
663.64
663.99
664.34
664.69
665.04
665.39
665.74
666.09
666.44
666.79
667.14
667.685
668.23
668.775
669.32
669.865
670.41
670.955
671.5
672.045
672.59
672.859
673.128
673.397
673.666
673.935
674.204
674.473
674.742
675.011
675.28
675.549
675.82
678.36
680.9
681.336
681.772
682.208
682.644
683.08
683.514
684.027
684.54
685.053
685.566
686.079
686.592
687.105
687.618
688.131
688.644
689.157
689.67
690.178
690.649
691.12
691.591
691.818
692.045
692.272
692.499
692.726
692.953
693.18
693.407
693.634
693.861
694.09
694.303
694.516
694.729
694.942
695.155
695.368
695.582
695.798
696.236
696.674
697.112
697.55
697.988
698.426
698.864
699.302
699.74
700.18
700.449
700.718
700.987
701.256
701.525
701.794
702.063
702.33
702.766
703.202
703.638
704.074
704.51
704.892
705.274
705.656
706.038
706.42
706.802
707.184
707.566
707.948
708.33
708.712
709.09
709.329
709.568
709.807
710.046
710.285
710.524
710.763
711.002
711.241
711.48
711.719
711.958
712.2
712.486
712.772
713.058
713.344
713.63
713.916
714.2
714.394
714.588
714.782
714.976
715.17
715.364
715.558
715.752
715.95
716.204
716.458
716.712
716.966
717.22
717.474
717.728
717.98
718.179
718.378
718.577
718.776
718.975
719.174
719.373
719.572
719.771
719.97
720.662
721.354
722.046
722.738
723.43
723.69
723.95
724.21
724.54
724.87
725.078
725.286
725.494
725.702
725.91
726.118
726.326
726.534
726.742
726.95
727.158
727.369
727.63
727.891
728.152
728.413
728.674
728.935
729.196
729.454
729.655
729.856
730.057
730.258
730.459
730.66
730.861
731.062
731.263
731.464
731.665
731.87
733.62
735.37
737.12
738.87
739.105
739.34
739.575
739.81
740.045
740.28
740.612
740.944
741.276
741.608
741.94
742.272
742.604
742.936
743.268
743.6
743.932
744.264
744.59
745.002
745.414
745.826
746.238
746.65
747.06
747.378
747.696
748.014
748.332
748.65
748.968
749.286
749.604
749.92
750.221
750.522
750.823
751.124
751.425
751.726
752.027
752.328
752.629
752.93
753.23
753.612
753.994
754.376
754.758
755.14
755.52
756.357
757.194
758.031
758.87
759.127
759.384
759.641
759.898
760.155
760.412
760.669
760.926
761.183
761.44
761.697
761.954
762.21
762.362
762.514
762.666
762.818
762.97
763.122
763.274
763.426
763.578
763.73
763.882
764.03
764.342
764.654
764.966
765.278
765.59
765.902
766.214
766.526
766.84
767.152
767.464
767.776
768.088
768.4
768.712
769.024
769.336
769.648
769.96
770.213
770.466
770.719
770.972
771.225
771.478
771.732
771.94
772.148
772.356
772.564
772.772
772.98
773.19
773.541
773.892
774.243
774.594
774.945
775.296
775.647
775.998
776.349
776.7
777.208
777.716
778.224
778.732
779.24
779.748
780.256
780.764
781.27
781.546
781.822
782.098
782.374
782.65
782.926
783.202
783.478
783.754
784.03
784.665
785.3
785.935
786.57
787.205
787.84
788.475
789.11
790.406
791.702
792.998
794.294
795.59
796.886
798.18
802.555
806.93
808.093
809.256
810.419
811.582
812.745
813.91
814.13
814.35
814.57
814.79
815.01
815.23
815.45
815.67
816.168
816.666
817.164
817.662
818.16
818.658
819.156
819.654
820.152
820.65
821.73
822.142
822.554
822.966
824.159
825.352
826.545
827.739
828.003
828.267
828.53
828.88
829.23
829.58
829.93
830.28
830.63
830.98
831.33
831.844
832.358
832.872
833.386
833.9
834.414
834.928
835.442
835.956
836.47
836.984
837.5
838.598
839.696
840.794
841.892
842.99
844.088
845.186
846.284
847.38
847.622
847.864
848.106
848.348
848.59
848.83
849.16
849.49
849.82
850.15
850.48
850.81
851.14
851.554
851.968
852.382
852.796
853.21
853.624
854.04
854.433
854.826
855.219
855.612
856.005
856.398
856.791
857.181
859.95
860.45
860.95
861.45
862.555
863.66
864.127
864.594
865.061
865.528
866.355
866.98
867.303
867.626
867.95
868.273
868.596
868.918
869.24
869.63
870.02
870.41
870.8
871.19
871.58
871.97
872.36
872.82
873.28
873.74
874.2
874.66
875.121
876.462
876.952
877.442
877.932
878.42
878.611
878.802
878.993
879.184
879.375
879.566
879.757
879.948
880.14
880.403
880.666
880.929
881.192
881.455
881.718
881.981
882.244
882.507
882.77
883.03
883.595
884.16
884.725
885.29
886.15
887.01
887.87
888.73
889.017
889.304
889.591
889.878
890.165
890.452
890.739
891.026
891.313
891.6
891.95
892.3
892.65
893.0
893.35
893.7
894.05
894.4
894.75
895.25
895.75
896.25
896.505
896.76
897.015
897.27
897.526
898.107
898.688
899.27
900.017
900.764
901.51
902.152
902.794
903.436
904.078
904.72
905.362
906.004
906.646
907.29
907.566
907.842
908.118
908.394
908.67
908.946
909.22
909.702
910.184
910.666
911.148
911.63
912.112
912.594
913.076
913.558
914.04
914.52
915.005
915.49
915.975
916.46
916.945
917.43
917.661
917.892
918.123
918.354
918.585
918.816
919.05
919.275
919.5
919.725
919.95
920.175
920.4
920.625
920.85
921.075
921.3
921.681
922.062
922.443
922.824
923.205
923.586
923.97
924.187
924.404
924.621
924.838
925.055
925.272
925.489
925.706
925.92
926.576
927.232
927.888
928.544
929.2
930.602
931.94
932.333
932.726
933.119
933.512
933.905
934.3
934.538
934.776
935.014
935.252
935.49
935.728
935.966
936.204
936.442
936.68
936.918
937.16
937.438
937.716
937.994
938.272
938.55
938.828
939.109
939.984
942.022
942.265
942.508
942.751
942.994
943.237
943.48
943.751
944.022
944.293
944.564
944.835
945.106
945.377
945.65
946.1
946.55
947.0
947.45
947.9
948.35
948.8
949.005
949.21
949.415
949.62
949.825
950.03
950.39
950.75
951.11
951.47
951.83
952.19
952.55
953.003
953.456
953.909
954.362
954.558
954.754
954.95
955.146
955.342
955.538
955.734
955.93
956.126
956.32
956.723
957.126
957.53
957.889
958.248
958.607
958.966
959.325
959.684
960.043
960.4
960.73
961.06
961.39
961.72
962.05
962.38
962.735
963.09
963.445
963.8
964.155
964.51
964.865
965.22
965.576
965.784
965.992
966.2
966.408
966.616
966.824
967.032
967.24
967.45
967.773
968.096
968.419
968.742
969.065
969.388
969.711
970.034
970.357
970.68
971.103
971.526
971.949
972.372
972.795
973.218
973.641
974.064
974.487
974.91
975.233
975.556
975.879
976.202
976.525
976.848
977.17
977.402
977.635
977.867
978.099
978.332
978.564
978.796
979.029
979.261
979.493
979.726
979.96
980.191
980.422
980.653
980.884
981.115
981.346
981.577
981.808
982.04
982.385
982.73
983.075
983.42
983.765
984.11
984.455
984.8
985.202
985.604
986.006
986.408
986.81
987.375
987.94
988.505
989.07
989.635
990.2
990.765
991.33
991.659
991.988
992.317
992.646
992.975
993.304
993.633
993.962
994.29
994.763
995.236
995.709
996.182
996.655
997.13
997.511
997.892
998.273
998.654
999.035
999.416
999.797
1000.178
1000.559
1000.942
1001.789
1002.636
1003.483
1004.33
1004.658
1004.986
1005.313
1005.64
1006.06
1006.48
1006.9
1007.32
1007.74
1008.2
1008.66
1009.12
1009.58
1010.04
1010.5
1010.96
1011.317
1011.674
1012.031
1012.388
1012.745
1013.102
1013.459
1013.82
1014.1
1014.38
1014.66
1014.94
1015.22
1015.5
1015.78
1016.06
1016.34
1016.84
1017.141
1017.442
1017.743
1018.044
1018.345
1018.646
1018.947
1019.248
1019.549
1019.85
1020.27
1020.69
1021.11
1021.464
1021.818
1022.172
1022.526
1022.88
1023.234
1023.588
1023.942
1024.294
1024.502
1024.71
1024.918
1025.126
1025.334
1025.542
1025.75
1025.96
1026.228
1026.496
1026.764
1027.032
1027.3
1027.568
1027.836
1028.104
1028.372
1028.64
1028.91
1029.399
1029.888
1030.377
1030.866
1031.355
1031.844
1032.333
1032.822
1033.311
1033.8
1034.058
1034.316
1034.574
1034.832
1035.09
1035.348
1035.606
1035.864
1036.122
1036.38
1036.638
1036.896
1037.154
1037.412
1037.67
1037.93
1038.368
1038.805
1039.243
1039.68
1040.892
1042.104
1043.316
1044.528
1045.74
1046.952
1048.164
1049.374
1049.696
1050.018
1050.34
1050.662
1050.984
1051.306
1051.629
1053.868
1056.107
1058.345
1059.452
1060.559
1061.666
1062.773
1063.88
1064.629
1065.378
1066.127
1066.876
1067.625
1068.374
1069.123
1069.872
1070.8
1071.108
1071.416
1071.724
1072.032
1072.341
1072.721
1073.101
1073.481
1073.861
1074.24
1074.527
1074.814
1075.101
1075.388
1075.675
1075.962
1076.249
1076.536
1076.823
1077.11
1077.397
1077.68
1078.013
1078.346
1078.679
1079.012
1079.345
1079.678
1080.011
1080.344
1080.68
1080.973
1081.266
1081.559
1081.852
1082.145
1082.438
1082.731
1083.024
1083.32
1083.587
1083.854
1084.121
1084.388
1084.655
1084.922
1085.19
1085.713
1086.236
1086.759
1087.282
1087.805
1088.328
1088.851
1089.374
1089.897
1090.42
1090.943
1091.47
1092.23
1092.771
1093.312
1093.853
1094.394
1094.935
1095.476
1096.017
1096.56
1097.142
1097.724
1098.306
1098.888
1099.47
1100.05
1100.533
1101.016
1101.499
1101.982
1102.465
1102.948
1103.428
1104.422
1105.416
1106.41
1106.649
1106.888
1107.127
1107.366
1107.605
1107.844
1108.083
1108.322
1108.561
1108.8
1109.039
1109.278
1113.45
1113.76
1114.07
1114.38
1114.69
1115.0
1115.31
1115.62
1115.807
1115.994
1116.181
1116.368
1116.555
1116.742
1116.929
1117.116
1117.303
1117.49
1117.841
1118.192
1118.543
1118.894
1119.245
1119.596
1119.95
1120.165
1120.38
1120.595
1120.81
1121.025
1121.24
1121.455
1121.67
1121.885
1122.1
1122.31
1122.668
1123.026
1123.384
1123.742
1124.1
1124.458
1124.816
1125.174
1125.532
1125.89
1126.248
1126.61
1126.896
1127.182
1127.468
1127.754
1128.04
1128.326
1128.61
1128.87
1129.13
1129.39
1129.644
1129.898
1130.152
1130.406
1130.66
1130.914
1131.168
1131.422
1131.676
1131.93
1132.18
1132.498
1132.816
1133.134
1133.452
1133.77
1134.09
1134.716
1135.342
1135.968
1136.594
1137.22
1137.846
1138.472
1139.098
1139.724
1140.35
1140.976
1141.6
1143.97
1146.34
1148.71
1149.084
1149.458
1149.832
1150.206
1150.58
1150.954
1151.33
1151.821
1152.312
1152.803
1153.294
1153.785
1154.276
1154.77
1155.244
1155.718
1156.192
1156.666
1157.14
1157.763
1158.386
1159.01
1159.503
1159.995
1160.487
1160.98
1161.473
1161.966
1162.459
1162.952
1163.445
1163.938
1164.431
1164.924
1165.417
1165.91
1166.078
1166.246
1166.414
1166.582
1166.75
1166.92
1167.174
1167.428
1167.682
1167.936
1168.19
1168.444
1168.7
1169.4
1170.1
1170.8
1171.5
1172.2
1172.9
1173.6
1174.858
1175.29
1175.722
1176.154
1176.586
1177.018
1177.45
1177.882
1178.316
1179.141
1179.966
1180.79
1181.066
1181.342
1181.618
1181.894
1182.17
1182.446
1182.722
1182.998
1183.274
1183.55
1183.908
1184.265
1184.623
1184.981
1185.339
1185.697
1186.054
1186.412
1186.77
1187.128
1187.486
1187.84
1188.269
1188.698
1189.127
1189.556
1189.985
1190.414
1190.84
1192.115
1193.39
1193.663
1193.936
1194.208
1194.481
1194.754
1195.026
1195.299
1195.57
1197.116
1198.662
1200.208
1200.695
1201.182
1201.669
1202.156
1202.643
1203.13
1203.62
1203.842
1204.064
1204.286
1204.508
1204.73
1204.952
1205.174
1205.396
1205.62
1206.305
1206.99
1207.675
1208.36
1209.045
1209.73
1210.413
1211.619
1212.825
1214.031
1215.237
1216.443
1217.649
1218.855
1220.46
1222.065
1223.67
1224.242
1224.814
1225.386
1225.958
1226.53
1227.102
1227.674
1228.246
1228.818
1229.39
1229.962
1230.534
1231.106
1231.68
1232.58
1233.48
1234.38
1235.28
1236.18
1237.08
1237.98
1238.88
1239.78
1240.68
1240.936
1241.192
1241.448
1241.704
1241.96
1242.216
1242.47
1243.016
1243.562
1244.108
1244.654
1245.2
1245.746
1246.292
1246.84
1247.231
1247.622
1248.013
1248.404
1248.795
1249.186
1249.577
1249.968
1250.36
1250.533
1250.706
1250.879
1251.052
1251.225
1251.398
1251.571
1251.744
1251.917
1252.09
1252.263
1252.44
1252.701
1252.962
1253.223
1253.484
1253.745
1254.006
1254.267
1254.53
1254.83
1255.13
1255.43
1255.73
1256.03
1256.33
1256.63
1256.93
1257.23
1257.544
1257.858
1258.172
1258.486
1258.8
1259.114
1259.428
1259.742
1260.052
1260.296
1260.54
1260.784
1261.028
1261.272
1261.516
1261.76
1262.004
1262.248
1262.492
1262.738
1262.966
1263.194
1263.422
1263.65
1263.878
1264.106
1264.334
1264.562
1264.792
1265.105
1265.418
1265.731
1266.044
1266.357
1266.67
1266.983
1267.296
1267.61
1267.804
1267.998
1268.192
1268.386
1268.58
1268.774
1268.968
1269.162
1269.36
1269.629
1269.898
1270.167
1270.436
1270.705
1270.974
1271.243
1271.512
1271.781
1272.05
1272.316
1272.863
1273.41
1273.957
1274.504
1275.051
1275.6
1276.427
1277.254
1278.08
1278.451
1278.822
1279.193
1279.564
1279.935
1280.306
1280.677
1281.048
1281.419
1281.79
1282.161
1282.532
1282.903
1283.27
1283.494
1283.718
1283.942
1284.166
1284.39
1284.614
1284.838
1285.062
1285.286
1285.51
1285.734
1285.958
1286.182
1286.41
1286.964
1287.518
1288.072
1288.626
1289.18
1289.734
1290.288
1290.842
1291.396
1291.95
1292.505
1293.06
1293.432
1293.804
1294.177
1294.55
1295.168
1295.785
1296.403
1297.02
1297.96
1298.9
1299.84
1300.78
1301.72
1302.11
1302.5
1302.89
1303.28
1303.67
1304.06
1304.45
1304.84
1305.23
1305.62
1306.473
1307.326
1308.18
1308.414
1308.648
1308.882
1309.116
1309.35
1309.584
1309.818
1310.052
1310.286
1310.52
1310.861
1311.202
1311.543
1311.884
1312.225
1312.566
1312.907
1313.248
1313.589
1313.93
1314.409
1314.888
1315.367
1315.846
1316.325
1316.804
1317.28
1317.511
1317.742
1317.973
1318.204
1318.435
1318.666
1318.897
1319.128
1319.36
1319.569
1319.778
1319.987
1320.196
1320.405
1320.614
1320.823
1321.032
1321.241
1321.45
1321.661
1321.88
1322.099
1322.318
1322.537
1322.756
1322.975
1323.194
1323.411
1323.817
1324.223
1324.629
1325.035
1325.441
1325.847
1326.253
1326.659
1327.065
1327.47
1328.097
1328.724
1329.35
1329.627
1329.904
1330.181
1330.458
1330.735
1331.012
1331.289
1331.566
1331.843
1332.12
1332.4
1333.038
1333.676
1334.313
1334.95
1335.335
1335.72
1336.105
1336.49
1336.875
1337.26
1337.645
1338.03
1338.28
1338.53
1338.78
1339.03
1339.28
1339.694
1340.108
1340.522
1340.936
1341.35
1341.63
1341.91
1342.19
1342.47
1342.75
1343.031
1343.312
1343.593
1343.874
1344.155
1344.436
1344.717
1345.3
1345.592
1345.884
1346.175
1346.424
1346.673
1346.922
1347.17
1347.812
1348.454
1349.095
1349.97
1350.418
1350.866
1351.314
1351.762
1352.21
1352.658
1353.106
1353.557
1354.14
1354.352
1354.564
1354.776
1354.988
1355.2
1355.412
1355.624
1355.836
1356.048
1356.26
1356.47
1356.921
1357.372
1357.823
1358.274
1358.725
1359.176
1359.627
1360.08
1360.521
1360.961
1363.91
1364.163
1364.416
1364.669
1364.922
1365.175
1365.428
1365.681
1365.934
1366.187
1366.44
1366.693
1366.95
1367.183
1367.416
1367.649
1367.882
1368.115
1368.348
1368.581
1368.814
1369.047
1369.284
1369.465
1369.645
1369.825
1370.005
1370.186
1370.366
1370.546
1370.726
1370.907
1371.087
1371.267
1371.45
1371.922
1372.394
1372.866
1373.338
1373.81
1373.994
1374.178
1374.362
1374.546
1374.73
1374.914
1375.1
1375.661
1376.222
1376.783
1377.344
1377.905
1378.466
1379.027
1379.59
1379.888
1380.186
1380.484
1380.782
1381.08
1381.378
1381.676
1381.974
1382.272
1382.57
1382.809
1383.048
1383.287
1383.526
1383.765
1384.004
1384.243
1384.482
1384.721
1384.96
1385.298
1385.636
1385.974
1386.312
1386.65
1387.98
1388.465
1388.95
1389.435
1389.92
1390.405
1390.89
1391.375
1391.86
1392.345
1392.83
1393.431
1394.032
1394.633
1395.234
1395.835
1396.436
1397.035
1397.277
1397.519
1397.761
1398.003
1398.243
1399.17
1399.703
1400.236
1400.769
1401.302
1401.835
1402.368
1402.901
1403.434
1403.967
1404.5
1405.031
1408.81
1409.406
1410.002
1410.598
1411.194
1411.79
1412.069
1412.348
1412.627
1412.906
1413.183
1413.419
1413.655
1413.891
1414.127
1414.363
1414.599
1414.835
1415.071
1415.307
1415.543
1415.779
1416.017
1416.368
1416.719
1417.07
1417.421
1417.772
1418.123
1418.471
1418.721
1418.971
1419.22
1419.72
1420.22
1420.512
1420.804
1421.096
1421.388
1421.68
1421.97
1422.213
1422.456
1422.699
1422.942
1423.185
1423.428
1423.671
1423.914
1424.16
1424.533
1424.906
1425.279
1425.652
1426.025
1426.4
1427.5
1427.867
1428.234
1428.601
1428.967
1429.54
1430.113
1430.686
1431.259
1431.832
1432.405
1432.978
1433.551
1434.12
1434.38
1434.64
1434.9
1435.16
1435.42
1435.68
1435.94
1436.2
1436.46
1436.72
1436.975
1438.007
1439.04
1439.362
1439.684
1440.006
1440.328
1440.65
1441.12
1441.59
1442.06
1442.53
1443.0
1443.256
1443.512
1443.768
1444.024
1444.28
1444.536
1444.792
1445.05
1445.928
1446.806
1447.684
1448.562
1449.44
1450.32
1452.11
1452.61
1452.983
1453.356
1453.729
1454.102
1454.475
1454.85
1455.78
1456.14
1456.5
1456.86
1457.22
1457.58
1457.94
1458.3
1458.66
1459.02
1459.338
1459.656
1459.974
1460.292
1460.61
1460.928
1461.246
1461.564
1461.88
1464.11
1464.36
1464.61
1464.86
1465.12
1465.322
1465.524
1465.726
1465.928
1466.13
1466.332
1466.534
1466.736
1466.938
1467.14
1467.34
1467.8
1468.05
1468.3
1468.55
1468.802
1469.054
1469.306
1469.558
1469.81
1470.062
1470.314
1470.566
1470.814
1473.154
1474.09
1474.87
1475.65
1476.43
1476.721
1477.012
1477.303
1477.594
1477.885
1478.176
1478.467
1478.758
1479.049
1479.342
1479.543
1479.744
1479.945
1480.146
1480.347
1480.548
1480.749
1480.95
1481.151
1481.352
1481.55
1481.73
1481.91
1482.091
1482.489
1482.887
1483.285
1483.683
1484.08
1484.269
1484.458
1484.647
1484.836
1485.025
1485.214
1485.403
1485.592
1485.781
1485.97
1486.159
1486.348
1486.537
1486.726
1486.91
1487.143
1487.376
1487.609
1487.842
1488.075
1488.308
1488.541
1488.774
1489.01
1489.251
1489.492
1489.733
1489.974
1490.215
1490.456
1490.697
1490.938
1491.178
1491.415
1491.81
1491.974
1492.138
1492.302
1492.466
1492.63
1493.614
1494.107
1494.6
1495.093
1495.586
1496.08
1496.346
1496.612
1496.878
1497.144
1497.41
1497.676
1497.942
1498.208
1498.474
1498.74
1499.006
1499.27
1499.495
1499.72
1499.945
1500.17
1500.395
1500.62
1500.845
1501.07
1501.296
1501.713
1502.13
1502.263
1502.396
1502.529
1502.662
1502.795
1502.93
1503.096
1503.262
1503.428
1503.594
1503.76
1503.926
1504.092
1504.26
1505.87
1507.48
1507.674
1507.868
1508.062
1508.256
1508.45
1508.644
1508.838
1509.032
1509.23
1509.696
1510.162
1510.628
1511.094
1511.56
1512.026
1512.49
1512.777
1513.064
1513.351
1513.638
1513.925
1514.212
1514.499
1514.789
1514.968
1515.147
1515.326
1515.505
1515.684
1515.863
1516.042
1516.221
1516.4
1516.58
1517.021
1517.462
1517.903
1518.344
1518.785
1519.226
1519.67
1520.288
1520.906
1521.524
1522.142
1522.76
1523.378
1523.996
1524.614
1525.232
1525.85
1526.468
1527.086
1527.704
1528.32
1528.604
1528.888
1529.172
1529.456
1529.74
1530.137
1530.534
1530.93
1531.264
1531.598
1531.932
1532.266
1532.6
1532.934
1533.268
1533.6
1534.096
1534.592
1535.088
1535.584
1536.08
1536.576
1537.07
1538.36
1538.672
1538.985
1539.297
1539.61
1540.288
1540.966
1541.643
1542.106
1542.569
1543.032
1543.495
1543.958
1544.421
1544.884
1546.929
1547.193
1547.457
1547.72
1548.75
1548.975
1549.2
1549.425
1549.65
1549.875
1550.1
1550.325
1550.55
1550.775
1550.999
1551.273
1551.547
1551.821
1552.095
1552.369
1552.643
1552.917
1553.19
1554.2
1555.21
1555.68
1556.15
1556.62
1557.09
1557.56
1558.032
1560.512
1561.008
1561.504
1562.0
1562.415
1562.83
1563.245
1563.66
1564.075
1564.49
1564.905
1565.32
1565.735
1566.15
1566.565
1567.531
1568.471
1569.411
1570.351
1571.291
1572.231
1573.17
1573.932
1574.694
1575.456
1576.218
1576.98
1577.742
1578.505
1579.4
1580.428
1581.456
1582.484
1583.512
1584.54
1586.727
1587.258
1587.789
1588.32
1588.851
1589.382
1589.913
1590.444
1590.975
1591.506
1592.037
1592.568
1593.099
1594.282
1595.465
1596.649
1596.927
1597.205
1597.482
1597.774
1598.066
1598.358
1598.65
1598.942
1599.234
1599.526
1599.818
1600.11
1600.404
1600.621
1600.838
1601.055
1601.272
1601.489
1601.706
1601.923
1602.14
1602.36
1602.487
1602.615
1602.743
1602.87
1603.82
1604.08
1604.34
1604.6
1604.861
1605.095
1605.329
1605.563
1605.797
1606.03
1606.298
1606.566
1606.834
1607.102
1607.37
1607.638
1607.906
1608.174
1608.442
1608.71
1608.98
1609.415
1609.85
1610.285
1610.72
1611.155
1611.59
1612.025
1612.46
1612.895
1613.124
1613.353
1613.582
1613.811
1614.04
1614.27
1614.646
1615.022
1615.398
1615.774
1616.15
1616.385
1616.62
1616.855
1617.09
1617.325
1617.56
1617.795
1618.03
1618.265
1618.5
1618.735
1618.97
1619.574
1620.178
1620.782
1621.386
1621.99
1622.594
1623.198
1623.802
1624.406
1625.01
1625.614
1626.218
1626.822
1627.43
1627.89
1628.35
1628.81
1629.27
1629.73
1630.19
1630.65
1631.11
1631.368
1631.626
1631.884
1632.142
1632.4
1632.658
1632.916
1633.174
1633.432
1633.69
1633.948
1634.206
1634.464
1634.72
1634.975
1635.23
1635.485
1635.74
1635.995
1636.25
1636.766
1637.282
1637.798
1638.314
1638.83
1639.344
1640.2
1640.506
1640.812
1641.118
1641.424
1641.73
1642.136
1642.542
1642.948
1643.354
1643.76
1644.166
1644.572
1644.98
1645.452
1645.924
1646.396
1646.868
1647.34
1648.16
1648.98
1649.8
1650.62
1651.44
1652.262
1652.444
1652.626
1652.808
1652.99
1653.172
1653.354
1653.536
1653.72
1654.53
1654.794
1655.058
1655.322
1655.586
1655.85
1656.114
1656.38
1656.659
1656.938
1657.217
1657.496
1657.775
1658.054
1658.333
1658.612
1658.89
1659.533
1660.175
1660.817
1661.46
1662.464
1663.468
1664.472
1665.476
1666.48
1666.766
1667.052
1667.338
1667.624
1667.91
1668.196
1668.482
1668.768
1669.054
1669.34
1669.626
1669.912
1670.198
1670.48
1670.84
1671.2
1671.56
1671.92
1672.28
1672.64
1672.867
1673.094
1673.321
1673.548
1673.775
1674.002
1674.229
1674.456
1674.683
1674.91
1675.137
1675.36
1675.872
1676.384
1676.896
1677.408
1677.92
1678.18
1678.44
1678.7
1678.96
1679.22
1679.48
1679.74
1680.0
1680.26
1680.52
1680.742
1680.964
1681.186
1681.408
1681.63
1681.852
1682.074
1682.296
1682.518
1682.74
1682.962
1683.18
1683.455
1683.73
1684.005
1684.28
1684.555
1684.83
1685.105
1686.35
1686.446
1686.542
1686.638
1686.734
1686.83
1686.926
1687.022
1687.118
1687.214
1687.31
1687.512
1687.714
1687.916
1688.118
1688.32
1688.522
1688.724
1688.926
1689.128
1689.33
1689.532
1689.73
1690.483
1691.236
1691.989
1692.742
1693.494
1694.239
1694.984
1695.729
1696.474
1697.219
1697.964
1698.247
1698.53
1698.813
1699.096
1699.38
1699.739
1700.098
1700.457
1700.816
1701.177
1701.593
1702.01
1702.267
1702.524
1702.781
1703.038
1703.295
1703.55
1703.765
1703.98
1704.195
1704.41
1704.625
1704.841
1705.209
1705.577
1705.945
1706.313
1706.681
1707.049
1707.417
1707.784
1708.66
1709.536
1710.412
1711.288
1712.164
1713.04
1713.916
1714.792
1715.67
1716.104
1716.538
1716.972
1717.406
1718.343
1719.28
1719.735
1720.19
1720.645
1721.1
1721.255
1721.41
1721.565
1721.72
1721.875
1722.03
1722.185
1722.34
1722.495
1723.37
1723.59
1723.81
1724.03
1724.25
1724.47
1724.69
1724.91
1725.13
1725.331
1725.532
1725.733
1725.934
1726.135
1726.336
1726.537
1726.74
1727.364
1727.656
1727.947
1728.238
1728.53
1728.953
1729.376
1729.8
1730.644
1731.488
1732.331
1732.535
1732.739
1732.943
1733.147
1733.351
1733.555
1733.759
1733.963
1734.167
1734.371
1734.58
1735.012
1735.445
1735.878
1736.311
1736.744
1737.177
1737.61
1738.043
1738.476
1738.909
1739.341
1739.77
1740.23
1740.69
1741.15
1741.61
1742.07
1742.53
1742.99
1743.45
1743.91
1744.37
1744.736
1745.102
1745.468
1745.834
1746.2
1746.566
1746.932
1747.298
1747.66
1747.998
1748.336
1748.674
1749.012
1749.35
1749.688
1750.026
1750.364
1750.7
1751.038
1751.376
1751.714
1752.052
1752.39
1752.728
1753.066
1753.404
1753.742
1754.08
1754.418
1754.76
1754.948
1755.136
1755.324
1755.512
1755.7
1755.888
1756.076
1756.264
1756.452
1756.64
1756.885
1757.13
1757.375
1757.62
1757.865
1758.11
1758.355
1758.6
1758.845
1759.09
1759.34
1759.69
1760.04
1760.39
1760.74
1761.09
1761.44
1761.79
1762.14
1762.49
1762.801
1763.112
1763.423
1763.734
1764.045
1764.356
1764.667
1764.98
1765.327
1765.674
1766.021
1766.368
1766.715
1767.062
1767.409
1767.756
1768.1
1768.397
1768.694
1768.991
1769.289
1769.553
1769.817
1770.08
1770.773
1771.466
1772.159
1772.852
1773.545
1774.237
1774.929
1775.621
1776.313
1777.005
1777.699
1777.957
1778.215
1778.473
1778.731
1778.99
1779.486
1779.982
1780.478
1780.974
1781.47
1781.8
1782.13
1782.46
1782.79
1783.12
1783.45
1783.78
1784.11
1784.44
1784.77
1785.1
1785.43
1785.76
1786.083
1786.406
1786.729
1787.052
1787.375
1787.698
1788.021
1788.344
1788.667
1788.99
1789.313
1789.64
1789.917
1790.194
1790.471
1790.748
1791.025
1791.302
1791.579
1791.856
1792.133
1792.41
1792.681
1792.952
1793.223
1793.494
1793.765
1794.036
1794.307
1794.58
1795.149
1795.718
1796.287
1796.856
1797.425
1797.994
1798.563
1799.132
1799.701
1800.27
1800.839
1801.408
1801.977
1802.546
1803.11
1803.372
1803.634
1803.896
1804.158
1804.42
1804.682
1804.944
1805.206
1805.468
1805.73
1805.981
1806.232
1806.483
1806.734
1806.985
1807.236
1807.49
1807.731
1807.972
1808.213
1808.454
1808.695
1808.936
1809.177
1809.418
1809.659
1809.9
1810.14
1810.349
1810.558
1810.767
1810.976
1811.185
1811.394
1811.603
1811.812
1812.021
1812.23
1813.224
1814.218
1815.212
1816.206
1817.202
1817.525
1817.849
1818.172
1818.495
1818.818
1819.141
1819.465
1819.79
1820.29
1820.79
1821.29
1821.79
1822.45
1822.66
1822.87
1823.08
1823.29
1823.5
1823.71
1823.92
1824.13
1824.34
1824.55
1824.728
1824.906
1825.084
1825.262
1825.44
1825.618
1825.796
1825.974
1826.15
1826.661
1827.172
1827.683
1828.194
1828.705
1829.216
1829.727
1830.238
1830.749
1831.26
1831.621
1831.982
1832.343
1832.704
1833.065
1833.426
1833.79
1833.987
1834.184
1834.381
1834.578
1834.775
1834.972
1835.169
1835.366
1835.563
1835.76
1835.957
1836.15
1836.57
1836.99
1837.41
1837.83
1838.25
1838.67
1839.09
1839.434
1839.778
1840.122
1840.466
1840.81
1841.154
1841.498
1841.842
1842.186
1842.53
1843.57
1844.61
1845.062
1845.514
1845.966
1846.418
1846.87
1847.32
1848.034
1848.748
1849.462
1850.176
1850.89
1851.69
1852.49
1853.29
1854.09
1854.89
1855.69
1856.471
1857.252
1858.034
1858.947
1859.86
1860.132
1860.404
1860.676
1860.948
1861.22
1861.492
1861.764
1862.036
1862.308
1862.58
1862.851
1863.476
1864.081
1864.686
1865.29
1866.19
1867.09
1867.99
1868.187
1868.384
1868.581
1868.778
1868.975
1869.17
1869.484
1869.798
1870.112
1870.426
1870.74
1871.054
1871.368
1871.682
1872.0
1873.001
1874.002
1875.003
1876.004
1877.005
1878.006
1879.01
1879.489
1879.968
1880.447
1880.926
1881.405
1881.884
1882.363
1882.842
1883.321
1883.8
1884.279
1884.758
1885.237
1885.71
1886.311
1886.912
1887.513
1888.114
1888.715
1889.316
1889.917
1890.518
1891.119
1891.72
1892.321
1892.922
1893.524
1893.864
1894.204
1895.759
1897.314
1898.87
1899.308
1899.746
1900.184
1900.622
1901.06
1901.498
1901.934
1902.362
1902.79
1903.33
1903.87
1904.41
1904.95
1906.131
1907.312
1908.493
1909.674
1910.855
1912.036
1913.217
1914.398
1915.139
1915.88
1916.329
1916.778
1917.227
1917.676
1918.125
1919.0
1919.448
1919.896
1920.344
1920.792
1921.24
1921.688
1922.136
1922.584
1923.03
1924.618
1924.988
1925.359
1925.729
1926.1
1926.325
1926.55
1926.775
1927.0
1927.225
1927.45
1927.825
1928.2
1928.575
1928.948
1929.629
1930.31
1930.61
1930.91
1931.21
1931.51
1931.81
1932.09
1932.37
1932.65
1934.88
1935.247
1935.614
1935.981
1936.348
1936.715
1937.08
1937.535
1937.99
1938.597
1939.204
1939.81
1940.562
1941.314
1942.067
1942.82
1943.572
1944.324
1945.077
1945.83
1946.323
1946.816
1947.309
1947.802
1948.295
1948.788
1949.28
1949.707
1950.135
1950.562
1950.989
1951.417
1951.844
1952.272
1952.699
1953.127
1953.554
1953.982
1954.41
1954.962
1955.514
1956.066
1956.618
1957.17
1957.722
1958.274
1958.826
1959.38
1959.709
1960.038
1960.367
1960.696
1961.025
1961.354
1961.683
1962.01
1962.426
1962.842
1963.258
1963.674
1964.09
1964.506
1964.922
1965.338
1965.754
1966.17
1966.442
1966.714
1966.986
1967.258
1967.53
1967.802
1968.074
1968.346
1968.618
1968.89
1969.16
1969.461
1969.762
1970.063
1970.364
1970.665
1970.966
1971.267
1971.568
1971.869
1972.17
1972.471
1972.772
1973.073
1973.38
1973.723
1974.065
1974.408
1974.75
1975.092
1975.435
1975.777
1976.12
1976.557
1976.994
1977.431
1977.868
1978.305
1978.74
1979.121
1979.502
1979.883
1980.264
1980.645
1981.026
1981.407
1981.788
1982.169
1982.55
1982.931
1983.312
1983.693
1984.07
1984.398
1984.726
1985.054
1985.382
1985.71
1986.038
1986.366
1986.694
1987.022
1987.35
1987.569
1987.788
1988.007
1988.226
1988.445
1988.664
1988.883
1989.102
1989.321
1989.54
1989.759
1989.978
1990.197
1990.416
1990.63
1991.285
1991.94
1992.431
1992.922
1993.413
1993.904
1994.395
1994.886
1995.377
1995.868
1996.359
1996.85
1997.34
1997.995
1998.65
1999.305
1999.96
2000.615
2001.27
2001.925
2002.58
2002.872
2003.165
2003.457
2003.75
2004.043
2004.335
2004.628
2004.92
2005.31
2005.7
2006.09
2006.48
2006.87
2007.26
2007.65
2008.04
2008.432
2009.197
2009.962
2010.727
2011.492
2012.257
2013.02
2013.263
2013.506
2013.749
2013.992
2014.235
2014.478
2014.721
2014.964
2015.207
2015.45
2015.693
2015.936
2016.179
2016.422
2016.67
2016.886
2017.102
2017.318
2017.534
2017.75
2017.966
2018.182
2018.398
2018.61
2018.816
2019.022
2019.228
2019.434
2019.64
2019.846
2020.052
2020.26
2020.654
2021.048
2021.442
2021.836
2022.23
2022.624
2023.02
2023.386
2023.752
2024.118
2024.484
2024.85
2025.216
2025.582
2025.948
2026.314
2026.68
2027.05
2027.262
2027.474
2027.686
2027.898
2028.11
2028.322
2028.534
2028.746
2032.92
2033.176
2033.432
2033.688
2033.944
2034.2
2034.456
2034.712
2034.968
2035.226
2035.421
2035.616
2035.811
2036.006
2036.2
2036.471
2036.742
2037.013
2037.284
2037.555
2037.826
2038.097
2038.366
2038.972
2039.577
2040.182
2040.787
2041.392
2041.997
2042.602
2043.21
2043.449
2043.688
2043.927
2044.166
2044.405
2044.644
2044.883
2045.122
2045.36
2045.706
2046.052
2046.398
2046.744
2047.09
2047.436
2047.782
2048.13
2048.646
2049.162
2049.678
2050.194
2050.71
2051.226
2051.739
2052.051
2052.363
2052.675
2052.987
2053.299
2053.611
2053.923
2054.235
2054.547
2054.86
2055.626
2056.392
2057.158
2057.924
2058.69
2059.456
2060.222
2060.988
2061.754
2062.52
2063.313
2064.106
2064.899
2065.692
2066.485
2067.278
2068.069
2068.59
2069.111
2069.632
2070.153
2070.674
2071.195
2071.716
2072.24
2074.65
2074.987
2075.324
2075.661
2075.998
2076.335
2076.672
2077.009
2077.346
2077.683
2078.02
2078.187
2078.354
2078.521
2078.688
2078.855
2079.022
2079.189
2079.356
2079.523
2079.69
2079.857
2080.02
2080.489
2080.958
2081.427
2081.896
2082.365
2082.834
2083.303
2083.772
2084.241
2084.71
2085.179
2085.648
2086.117
2086.586
2087.055
2087.53
2087.803
2088.076
2088.349
2088.622
2088.895
2089.168
2089.441
2089.714
2089.989
2090.391
2090.793
2091.195
2091.597
2091.999
2092.401
2092.803
2093.205
2093.607
2094.009
2094.411
2094.813
2095.219
2095.679
2096.139
2096.599
2097.059
2097.519
2097.979
2098.439
2098.899
2099.359
2099.82
2100.04
2100.26
2100.48
2100.7
2100.92
2101.14
2101.36
2101.58
2101.953
2102.326
2102.699
2103.072
2103.445
2103.818
2104.191
2104.564
2104.937
2105.31
2105.615
2105.92
2106.225
2106.53
2106.836
2107.142
2107.448
2107.754
2108.06
2108.366
2108.672
2108.978
2109.284
2109.59
2109.904
2110.218
2110.532
2110.846
2111.16
2111.474
2111.788
2112.102
2112.42
2113.093
2113.766
2114.439
2115.112
2115.785
2116.458
2117.131
2117.804
2118.477
2119.15
2119.447
2119.744
2120.041
2120.338
2120.635
2120.932
2121.229
2121.526
2121.823
2122.12
2122.417
2122.714
2123.01
2123.438
2123.866
2124.294
2124.722
2125.15
2125.578
2126.006
2126.434
2126.862
2127.29
2127.72
2127.895
2128.07
2128.245
2128.42
2128.595
2128.77
2128.945
2129.12
2129.295
2129.47
2129.645
2129.82
2130.0
2130.508
2131.016
2131.524
2132.032
2132.54
2133.048
2133.556
2134.064
2134.572
2135.08
2136.32
2137.56
2138.8
2140.04
2141.28
2142.52
2143.76
2143.985
2144.21
2144.435
2144.66
2144.885
2145.11
2145.335
2145.56
2145.785
2146.01
2146.51
2147.01
2147.51
2148.01
2148.51
2149.01
2149.51
2150.01
2150.51
2151.723
2152.936
2154.149
2155.361
2156.573
2157.785
2158.997
2160.21
2160.807
2161.404
2162.001
2162.599
2163.197
2163.794
2164.391
2164.99
2165.24
2165.49
2165.74
2167.349
2168.958
2170.567
2172.176
2173.785
2175.394
2177.0
2177.462
2177.924
2178.386
2178.848
2179.31
2179.77
2181.038
2182.306
2183.574
2184.842
2186.11
2187.378
2188.646
2189.914
2191.18
2191.444
2191.708
2191.972
2192.236
2192.5
2192.764
2193.028
2193.292
2193.556
2193.82
2194.118
2194.416
2194.714
2195.012
2195.31
2195.608
2195.906
2196.204
2196.5
2196.805
2197.11
2197.415
2197.72
2198.025
2198.33
2198.635
2198.94
2199.741
2200.542
2201.343
2202.144
2202.945
2203.746
2204.547
2205.348
2206.149
2206.95
2207.751
2208.552
2209.353
2210.15
2210.57
2210.99
2211.41
2211.83
2212.25
2212.67
2213.09
2213.51
2213.93
2214.733
2215.536
2216.339
2217.142
2217.945
2218.748
2219.551
2220.354
2221.157
2221.96
2222.763
2223.566
2224.369
2225.17
2225.476
2225.782
2226.088
2226.394
2226.7
2227.006
2227.312
2227.618
2227.924
2228.23
2228.536
2228.84
2229.205
2229.57
2229.935
2230.3
2230.665
2231.03
2231.395
2231.76
2232.125
2232.49
2232.86
2233.249
2233.638
2234.027
2234.416
2234.805
2235.194
2235.58
2236.27
2236.96
2237.65
2238.34
2239.03
2239.72
2240.41
2241.1
2241.79
2242.221
2242.652
2243.083
2243.514
2243.945
2244.376
2244.807
2245.238
2245.669
2246.1
2246.531
2246.962
2247.393
2247.83
2248.18
2248.53
2248.88
2249.23
2249.58
2249.93
2250.28
2250.63
2250.98
2251.33
2251.679
2252.542
2253.405
2254.268
2255.13
2255.541
2255.952
2256.363
2256.774
2257.185
2257.596
2258.007
2258.418
2258.83
2259.77
2261.4
2261.694
2261.988
2262.282
2262.576
2262.87
2263.164
2263.46
2263.823
2264.186
2264.549
2264.912
2265.274
2265.637
2266.0
2266.36
2267.392
2268.424
2268.714
2269.004
2269.294
2269.584
2269.873
2270.133
2270.393
2270.653
2270.914
2271.171
2271.428
2271.685
2271.942
2272.199
2272.455
2273.37
2274.285
2275.201
2275.451
2275.701
2275.95
2277.005
2278.06
2278.385
2278.71
2279.035
2279.36
2279.685
2280.01
2280.335
2280.66
2280.985
2281.31
2281.635
2281.96
2282.28
2282.87
2283.46
2284.05
2284.64
2285.23
2285.82
2286.41
2287.0
2287.59
2288.18
2288.77
2289.36
2289.954
2290.548
2291.142
2291.736
2292.33
2292.924
2293.518
2294.112
2294.706
2295.3
2295.845
2296.39
2296.935
2297.48
2298.025
2298.57
2299.115
2299.66
2300.205
2300.75
2301.295
2301.84
2302.288
2302.735
2303.182
2303.63
2304.078
2304.525
2304.972
2305.42
2305.629
2305.838
2306.047
2306.256
2306.465
2306.674
2306.88
2307.18
2307.48
2307.78
2308.08
2308.38
2308.68
2308.98
2309.28
2309.58
2309.88
2310.234
2310.588
2310.942
2311.296
2311.65
2312.004
2312.358
2312.712
2313.066
2313.42
2313.77
2313.983
2314.196
2314.409
2314.622
2314.834
2315.046
2315.258
2315.47
2315.961
2316.452
2316.943
2317.434
2317.925
2318.416
2318.907
2319.398
2319.89
2320.095
2320.3
2320.505
2320.71
2320.915
2321.12
2321.325
2321.53
2322.243
2322.956
2323.669
2324.38
2325.087
2325.794
2326.501
2327.208
2327.915
2328.622
2329.329
2330.036
2330.743
2331.45
2332.157
2332.864
2333.57
2334.152
2334.734
2335.316
2335.898
2336.48
2336.939
2337.398
2337.857
2338.316
2338.775
2339.234
2339.69
2339.932
2340.174
2340.416
2340.658
2340.9
2341.142
2341.384
2341.626
2341.868
2342.11
2342.352
2342.594
2342.84
2343.074
2343.308
2343.542
2343.776
2344.01
2344.244
2344.478
2344.71
2345.084
2345.458
2345.832
2346.206
2346.58
2346.954
2347.328
2347.702
2348.076
2348.45
2348.69
2348.93
2349.17
2349.41
2349.65
2349.89
2350.13
2350.37
2350.657
2350.944
2351.231
2351.518
2351.805
2352.092
2352.379
2352.666
2352.953
2353.24
2353.527
2353.814
2354.1
2354.339
2354.578
2354.817
2355.056
2355.295
2355.534
2355.773
2356.012
2356.251
2356.49
2356.729
2356.968
2357.207
2357.44
2358.927
2360.414
2361.901
2363.387
2363.97
2364.743
2365.516
2366.29
2366.623
2366.956
2367.289
2367.622
2367.955
2368.288
2368.621
2368.954
2369.287
2369.62
2369.953
2370.286
2370.62
2371.284
2371.948
2372.612
2373.276
2373.94
2374.604
2375.268
2375.932
2376.596
2377.265
2382.27
2382.71
2383.15
2383.59
2384.03
2384.47
2384.91
2385.35
2385.79
2386.01
2386.23
2386.45
2386.67
2386.89
2387.11
2387.33
2387.572
2387.814
2388.056
2388.298
2388.54
2388.782
2389.027
2389.258
2389.489
2389.72
2389.951
2390.182
2390.413
2390.644
2390.875
2391.11
2391.474
2391.838
2392.202
2392.566
2392.93
2393.294
2393.658
2394.022
2394.386
2394.75
2395.11
2395.516
2395.922
2396.328
2396.734
2397.14
2397.546
2397.952
2398.358
2398.76
2399.023
2399.286
2399.549
2399.812
2400.075
2400.338
2400.601
2400.864
2401.13
2401.346
2401.562
2401.778
2401.994
2402.21
2402.426
2402.642
2402.85
2403.058
2403.266
2403.474
2403.682
2403.89
2404.1
2404.451
2404.802
2405.153
2405.504
2405.855
2406.206
2406.557
2406.908
2407.259
2407.61
2407.878
2408.146
2408.414
2408.682
2408.95
2409.218
2409.486
2409.754
2410.022
2410.29
2410.535
2410.78
2411.025
2411.27
2411.515
2411.76
2412.002
2412.184
2412.366
2412.548
2412.73
2412.912
2413.094
2413.276
2413.46
2413.602
2413.744
2413.886
2414.028
2414.17
2414.312
2414.454
2414.596
2414.738
2414.88
2415.064
2415.248
2415.432
2415.616
2415.8
2415.984
2416.168
2416.352
2416.536
2416.72
2416.904
2417.088
2417.272
2417.45
2417.605
2417.76
2417.915
2418.07
2418.225
2418.38
2418.535
2418.69
2418.845
2419.0
2419.158
2419.4
2419.642
2419.884
2420.126
2420.368
2420.61
2420.85
2421.12
2421.39
2421.66
2421.93
2422.2
2422.47
2422.74
2423.01
2423.28
2423.509
2423.738
2423.967
2424.196
2424.425
2424.654
2424.883
2425.114
2425.3
2425.486
2425.672
2425.858
2426.044
2426.23
2426.416
2426.602
2426.788
2426.974
2427.16
2427.346
2427.53
2429.3
2431.07
2431.502
2431.934
2432.366
2432.798
2433.23
2433.662
2434.094
2434.526
2434.958
2435.39
2435.82
2437.12
2437.339
2437.558
2437.777
2437.996
2438.215
2438.434
2438.653
2438.872
2439.091
2439.31
2440.208
2441.106
2442.004
2442.902
2443.8
2444.7
2445.89
2447.08
2448.27
2449.46
2450.65
2451.84
2453.03
2453.639
2454.248
2454.857
2455.466
2456.075
2456.684
2457.293
2457.9
2458.564
2459.228
2459.892
2460.556
2461.22
2461.884
2462.548
2463.212
2463.876
2464.54
2465.2
2465.623
2466.046
2466.469
2466.892
2467.315
2467.738
2468.161
2468.584
2469.007
2469.43
2469.997
2470.564
2471.131
2471.698
2472.265
2472.832
2473.399
2473.966
2474.533
2475.1
2475.417
2475.734
2476.051
2476.368
2476.685
2477.002
2477.319
2477.636
2477.953
2478.27
2478.89
2479.51
2480.13
2480.75
2481.37
2481.99
2482.61
2483.23
2483.85
2484.47
2485.09
2485.71
2486.33
2486.589
2486.848
2487.107
2487.366
2487.625
2487.884
2488.146
2488.642
2489.138
2489.634
2490.13
2490.6
2491.07
2491.54
2492.01
2492.48
2492.95
2493.42
2493.644
2493.868
2494.092
2494.316
2494.54
2494.764
2494.988
2495.212
2495.44
2495.906
2496.372
2496.838
2497.304
2497.77
2498.236
2498.702
2499.17
2499.659
2500.148
2500.637
2501.126
2501.615
2502.104
2502.593
2503.082
2503.571
2504.06
2504.279
2504.498
2504.717
2504.936
2505.155
2505.374
2505.59
2506.03
2506.47
2506.91
2507.35
2507.79
2508.23
2508.67
2509.11
2509.684
2510.258
2510.832
2511.406
2511.98
2512.554
2513.13
2513.611
2514.092
2514.573
2515.054
2515.535
2516.016
2516.497
2516.98
2517.42
2517.86
2518.3
2518.74
2519.18
2519.62
2520.06
2520.5
2520.94
2521.38
2521.82
2522.26
2522.705
2523.636
2524.567
2525.498
2526.43
2526.87
2527.311
2527.752
2528.193
2528.634
2529.075
2529.515
2529.956
2530.397
2530.838
2531.279
2531.716
2533.04
2533.736
2534.432
2535.128
2535.824
2536.52
2537.216
2537.912
2538.608
2539.304
2539.531
2539.758
2539.985
2540.212
2540.439
2540.666
2540.893
2541.12
2541.345
2541.706
2542.067
2542.428
2542.789
2543.15
2543.511
2543.872
2544.233
2544.594
2544.955
2545.316
2545.68
2545.93
2546.18
2546.43
2546.68
2546.89
2547.1
2547.31
2547.52
2547.73
2547.94
2548.15
2548.36
2548.701
2549.042
2549.383
2549.724
2550.065
2550.406
2550.747
2551.088
2551.43
2551.717
2552.004
2552.291
2552.578
2552.865
2553.152
2553.439
2553.726
2554.013
2554.3
2554.587
2554.874
2555.161
2555.45
2555.71
2555.97
2556.23
2556.49
2556.75
2557.01
2557.27
2557.832
2558.394
2558.956
2559.518
2560.08
2560.64
2561.123
2561.606
2562.089
2562.572
2563.055
2563.538
2564.021
2564.504
2564.987
2565.47
2565.953
2566.44
2566.828
2567.216
2567.604
2567.992
2568.38
2568.768
2569.156
2569.544
2569.932
2570.32
2570.704
2570.971
2571.238
2571.505
2571.772
2572.039
2572.306
2572.573
2572.84
2573.107
2573.37
2573.787
2574.204
2574.62
2574.966
2575.312
2575.658
2576.004
2576.35
2576.696
2577.042
2577.39
2577.651
2577.912
2578.173
2578.434
2578.695
2578.956
2579.22
2579.65
2580.08
2580.51
2580.94
2581.37
2581.8
2582.23
2582.66
2583.177
2583.694
2584.21
2585.62
2585.968
2586.316
2586.664
2587.012
2587.36
2587.708
2588.056
2588.404
2588.75
2589.143
2589.536
2589.929
2590.322
2590.715
2591.108
2591.501
2591.894
2592.287
2592.68
2593.073
2593.47
2593.689
2593.908
2594.127
2594.346
2594.565
2594.784
2595.003
2595.222
2595.441
2595.662
2595.907
2596.152
2596.397
2596.642
2596.887
2597.132
2597.377
2597.62
2597.826
2598.032
2598.238
2598.444
2598.65
2598.856
2599.062
2599.268
2599.474
2599.68
2599.89
2600.285
2600.68
2601.075
2601.47
2601.865
2602.26
2602.655
2603.05
2603.445
2603.84
2604.235
2604.63
2606.305
2607.98
2609.655
2611.33
2611.618
2611.906
2612.194
2612.482
2612.77
2613.076
2613.382
2613.688
2613.994
2614.3
2614.606
2614.912
2615.218
2615.524
2615.83
2616.14
2616.488
2616.836
2617.184
2617.532
2617.88
2618.228
2618.576
2618.924
2619.27
2619.475
2619.68
2619.885
2620.09
2620.295
2620.5
2620.705
2620.91
2621.115
2621.32
2621.525
2621.73
2621.94
2622.17
2622.4
2622.63
2622.86
2623.09
2623.32
2623.548
2623.83
2624.112
2624.394
2624.676
2624.958
2625.24
2625.524
2625.579
2625.634
2625.689
2625.744
2625.799
2625.854
2625.909
2625.964
2626.018
2626.518
2626.764
2627.01
2627.256
2627.502
2627.748
2627.994
2628.24
2628.488
2628.72
2628.952
2629.184
2629.416
2629.648
2629.88
2630.112
2630.344
2630.572
2630.877
2631.182
2631.488
2631.702
2631.916
2632.13
2632.344
2632.557
2632.974
2633.39
2633.933
2634.476
2635.02
2635.239
2635.458
2635.677
2635.896
2636.115
2636.334
2636.553
2636.77
2637.105
2637.44
2637.775
2638.11
2638.445
2638.78
2639.115
2639.45
2639.785
2640.12
2640.46
2640.883
2641.305
2641.727
2642.149
2642.572
2642.995
2643.418
2643.84
2644.334
2644.828
2645.322
2645.816
2646.31
2646.804
2647.298
2647.792
2648.286
2648.78
2649.014
2649.248
2649.482
2649.716
2649.95
2650.184
2650.418
2650.652
2650.886
2651.124
2651.429
2651.734
2652.04
2652.291
2652.542
2652.793
2653.044
2653.295
2653.546
2653.797
2654.05
2654.415
2654.78
2655.145
2655.51
2655.875
2656.24
2656.563
2656.886
2657.209
2657.532
2657.855
2658.178
2658.501
2658.824
2659.15
2659.509
2659.868
2660.227
2660.587
2660.892
2661.197
2661.503
2661.809
2662.115
2662.42
2662.684
2662.948
2663.212
2663.476
2663.74
2664.003
2664.545
2664.786
2665.027
2665.268
2665.509
2665.75
2665.991
2666.232
2666.473
2666.711
2666.906
2667.101
2667.296
2667.491
2667.686
2667.881
2668.076
2668.271
2668.466
2668.66
2668.879
2669.098
2669.317
2669.535
2669.85
2670.165
2670.48
2670.795
2671.11
2671.425
2671.74
2672.055
2672.37
2672.899
2673.428
2673.957
2674.486
2675.015
2675.544
2676.07
2676.825
2677.58
2678.335
2679.09
2679.577
2680.064
2680.551
2681.038
2681.525
2682.01
2682.588
2683.166
2683.744
2684.322
2684.899
2685.476
2686.053
2686.63
2687.433
2688.236
2689.04
2689.443
2689.846
2690.25
2690.626
2691.002
2691.378
2691.754
2692.13
2692.506
2692.88
2693.178
2693.476
2693.774
2694.072
2694.37
2694.668
2694.966
2695.264
2695.562
2695.86
2696.198
2696.536
2696.874
2697.212
2697.55
2697.888
2698.226
2698.564
2698.902
2699.24
2699.578
2699.916
2700.26
2700.573
2700.885
2701.198
2701.51
2701.953
2702.396
2702.839
2703.282
2703.725
2704.168
2704.611
2705.054
2705.497
2705.94
2706.38
2706.994
2707.608
2708.222
2708.836
2709.45
2710.064
2710.678
2711.29
2711.805
2712.32
2712.835
2713.35
2713.865
2714.38
2714.895
2715.41
2715.908
2716.406
2716.904
2717.402
2717.9
2718.398
2718.895
2721.297
2723.699
2724.929
2726.159
2727.39
2728.24
2729.09
2729.275
2729.46
2729.645
2729.83
2730.015
2730.2
2730.385
2730.57
2730.755
2730.94
2731.13
2731.95
2732.77
2733.59
2734.41
2735.23
2736.05
2736.87
2737.11
2737.35
2737.59
2737.83
2738.07
2738.31
2738.55
2738.79
2739.03
2739.27
2740.086
2740.902
2741.718
2742.534
2743.35
2744.166
2744.983
2747.478
2749.973
2750.309
2750.645
2750.98
2751.03
2751.631
2752.232
2752.833
2753.434
2754.035
2754.636
2755.237
2755.835
2756.085
2756.335
2757.0
2757.204
2757.408
2757.612
2757.816
2758.02
2758.224
2758.428
2758.632
2758.833
2759.133
2759.433
2759.733
2760.033
2760.333
2760.633
2760.932
2761.774
2762.616
2763.458
2764.299
2764.62
2764.941
2765.261
2765.986
2766.711
2767.436
2768.16
2768.57
2768.98
2769.39
2769.63
2769.87
2770.11
2770.35
2770.59
2770.83
2771.07
2771.31
2771.55
2771.793
2772.66
2772.957
2773.254
2773.551
2773.848
2774.145
2774.44
2774.659
2774.878
2775.097
2775.316
2775.535
2775.754
2775.973
2776.19
2776.378
2776.566
2776.753
2776.941
2777.128
2777.316
2777.503
2777.691
2777.878
2778.065
2778.496
2778.927
2779.358
2779.79
2780.251
2780.712
2781.173
2781.634
2782.095
2782.556
2783.017
2783.478
2783.94
2784.32
2784.7
2785.08
2785.46
2786.11
2786.363
2786.615
2786.867
2787.12
2787.372
2787.624
2787.876
2788.13
2788.47
2788.81
2789.15
2789.49
2789.83
2790.17
2790.51
2790.85
2791.19
2791.727
2792.264
2792.802
2793.34
2793.878
2794.416
2794.954
2795.49
2795.793
2796.096
2796.399
2796.702
2797.005
2797.308
2797.611
2797.914
2798.22
2798.58
2798.94
2799.3
2799.66
2800.02
2800.38
2800.74
2801.1
2801.46
2801.734
2802.008
2802.282
2802.556
2802.83
2803.104
2803.378
2803.652
2803.926
2804.2
2804.47
2805.293
2806.116
2806.94
2807.437
2807.934
2808.431
2808.928
2809.425
2809.922
2810.419
2810.916
2811.41
2814.23
2817.05
2819.87
2820.967
2822.064
2823.161
2824.258
2825.355
2826.452
2827.55
2828.001
2828.452
2828.903
2829.354
2829.805
2830.256
2830.707
2831.158
2831.609
2832.06
2832.511
2832.96
2833.247
2833.534
2833.821
2834.108
2834.395
2834.682
2834.969
2835.256
2835.543
2835.83
2836.12
2836.511
2836.902
2837.293
2837.684
2838.075
2838.466
2838.857
2839.248
2839.64
2840.093
2840.546
2840.999
2841.452
2841.905
2842.358
2842.81
2842.998
2843.186
2843.374
2843.562
2843.75
2843.938
2844.126
2844.314
2844.5
2844.85
2845.2
2845.55
2845.9
2846.25
2846.6
2846.95
2847.3
2847.65
2848.0
2848.595
2849.19
2849.785
2850.38
2850.975
2851.57
2852.165
2852.76
2853.355
2853.95
2854.545
2855.14
2855.74
2856.26
2856.78
2857.3
2858.36
2859.42
2860.48
2861.54
2862.6
2863.304
2864.008
2864.712
2865.416
2866.12
2866.824
2867.528
2868.232
2868.936
2869.64
2870.344
2871.048
2871.752
2872.46
2872.994
2873.528
2874.062
2874.596
2875.13
2875.664
2876.198
2876.732
2877.266
2877.8
2878.33
2878.543
2878.756
2878.969
2879.182
2879.395
2879.608
2879.821
2880.034
2880.247
2880.46
2880.67
2881.087
2881.504
2881.921
2882.338
2882.755
2883.172
2883.589
2884.006
2884.423
2884.84
2885.257
2885.67
2886.249
2886.828
2887.407
2887.986
2888.565
2889.144
2889.723
2890.302
2890.88
2892.63
2894.38
2896.13
2897.88
2898.214
2898.548
2898.882
2899.216
2899.55
2899.884
2900.218
2900.55
2900.873
2901.196
2901.519
2901.842
2902.165
2902.488
2902.81
2903.169
2903.528
2903.887
2904.246
2904.605
2904.964
2905.323
2905.68
2905.895
2906.11
2906.325
2906.54
2906.755
2906.97
2907.185
2907.4
2907.615
2907.83
2908.147
2908.464
2908.781
2909.098
2909.415
2909.732
2910.05
2910.408
2910.765
2911.122
2911.479
2911.836
2912.193
2912.551
2912.91
2913.216
2913.522
2913.828
2914.134
2914.44
2914.824
2915.208
2915.592
2915.976
2916.36
2916.744
2917.13
2917.475
2917.82
2918.165
2918.51
2918.855
2919.2
2919.545
2919.89
2920.235
2920.58
2920.925
2921.27
2921.693
2922.116
2922.539
2922.962
2923.385
2923.808
2924.231
2924.65
2924.895
2925.14
2925.385
2925.63
2925.875
2926.12
2926.365
2926.61
2926.855
2927.1
2927.34
2928.019
2928.698
2929.377
2930.056
2930.735
2930.954
2931.173
2931.392
2931.61
2932.58
2933.55
2934.52
2935.49
2937.91
2940.33
2942.751
2942.934
2943.117
2943.3
2943.483
2943.666
2943.849
2944.032
2944.215
2944.398
2944.584
2945.582
2946.58
2947.577
2947.794
2948.011
2948.228
2948.445
2948.66
2949.71
2949.859
2950.008
2950.157
2950.306
2950.455
2950.604
2950.753
2950.902
2951.051
2951.2
2951.349
2951.5
2952.021
2952.541
2952.977
2953.413
2953.849
2954.285
2954.721
2955.157
2955.593
2956.029
2956.465
2956.901
2957.335
2958.2
2958.553
2958.906
2959.259
2959.612
2959.965
2960.318
2960.671
2961.024
2961.377
2961.73
2962.08
2962.558
2963.036
2963.514
2963.992
2964.47
2964.948
2965.426
2965.904
2966.382
2968.11
2968.538
2968.966
2969.394
2969.822
2970.25
2970.68
2971.62
2971.935
2972.25
2972.565
2972.88
2973.195
2973.51
2973.825
2974.14
2974.455
2974.77
2975.085
2975.402
2976.326
2976.885
2977.444
2978.003
2978.562
2979.121
2979.68
2980.239
2980.796
2981.014
2981.233
2981.452
2981.67
2981.847
2982.024
2982.201
2982.378
2982.555
2982.732
2982.909
2983.086
2983.266
2983.447
2983.628
2983.809
2983.99
2984.17
2984.351
2984.53
2984.771
2985.012
2985.253
2985.494
2985.735
2985.976
2986.217
2986.458
2986.699
2986.94
2987.181
2987.422
2987.963
2988.431
2988.899
2989.367
2989.571
2989.775
2989.979
2990.183
2990.387
2990.591
2990.795
2990.999
2991.2
2991.504
2991.808
2992.112
2992.416
2992.72
2993.024
2993.328
2993.632
2993.94
2995.092
2996.244
2997.396
2998.548
2999.7
3000.854
3001.046
3001.238
3001.43
3001.622
3001.814
3002.006
3002.198
3002.39
3002.582
3002.77
3003.157
3003.544
3003.931
3004.318
3004.705
3005.092
3005.479
3005.866
3006.25
3006.856
3007.463
3007.989
3008.515
3009.041
3009.567
3010.093
3010.619
3011.145
3011.671
3012.2
3012.456
3012.712
3012.968
3013.224
3013.48
3013.736
3013.992
3014.248
3014.504
3014.76
3015.02
3015.644
3016.268
3016.892
3017.516
3018.14
3018.764
3019.39
3019.65
3019.91
3020.17
3020.43
3020.69
3020.95
3021.21
3021.47
3021.73
3021.99
3022.25
3022.492
3022.735
3022.977
3023.219
3023.461
3023.703
3023.945
3024.19
3024.49
3024.79
3025.09
3025.39
3025.69
3025.99
3026.29
3026.59
3027.782
3028.974
3030.166
3031.358
3032.55
3033.05
3033.55
3034.05
3034.55
3035.05
3035.55
3036.05
3036.55
3037.05
3037.55
3038.05
3038.492
3038.934
3039.376
3039.818
3040.26
3040.702
3041.144
3041.586
3042.028
3042.47
3042.912
3043.35
3043.653
3043.956
3044.259
3044.562
3044.865
3045.168
3045.471
3045.774
3046.08
3046.639
3047.198
3047.757
3048.316
3048.875
3049.434
3049.99
3050.299
3050.608
3050.917
3051.226
3051.535
3051.844
3052.153
3052.462
3052.771
3053.08
3053.389
3053.7
3054.892
3055.136
3055.38
3055.624
3055.868
3056.112
3056.356
3056.6
3057.118
3057.636
3058.154
3058.672
3059.19
3059.708
3060.226
3060.744
3061.262
3061.78
3062.298
3062.814
3063.024
3063.234
3063.444
3063.654
3063.864
3064.074
3064.287
3065.436
3066.585
3067.734
3068.883
3070.032
3071.18
3071.592
3072.004
3072.416
3072.828
3073.24
3073.652
3074.064
3074.476
3074.888
3075.3
3075.596
3075.892
3076.188
3076.484
3076.78
3077.076
3077.372
3077.668
3077.964
3078.26
3078.556
3078.852
3079.15
3079.36
3079.57
3079.78
3079.99
3080.2
3080.41
3080.62
3080.83
3081.036
3081.307
3081.578
3081.849
3082.12
3082.391
3082.662
3082.933
3083.204
3083.475
3083.746
3084.012
3084.326
3084.64
3084.954
3085.268
3085.58
3086.233
3086.886
3087.539
3088.192
3088.845
3089.498
3090.151
3090.804
3091.457
3092.11
3092.76
3093.087
3093.414
3093.741
3094.068
3094.395
3094.722
3095.05
3095.423
3095.796
3096.169
3096.542
3096.915
3097.288
3097.66
3098.02
3098.38
3098.74
3099.1
3099.46
3099.82
3100.18
3100.486
3100.792
3101.098
3101.404
3101.71
3102.016
3102.322
3102.628
3102.934
3103.24
3103.546
3103.85
3104.056
3104.262
3104.468
3104.674
3104.88
3105.086
3105.292
3105.498
3105.704
3105.91
3106.212
3106.515
3106.818
3107.12
3107.422
3107.725
3108.028
3108.33
3108.606
3108.882
3109.158
3109.434
3109.709
3109.893
3110.077
3110.261
3110.445
3110.629
3110.813
3111.0
3111.893
3112.786
3113.679
3114.572
3118.676
3122.78
3123.059
3123.338
3123.617
3123.896
3124.175
3124.454
3124.733
3125.012
3125.291
3125.57
3125.849
3126.128
3126.41
3126.638
3126.866
3127.094
3127.322
3127.55
3127.778
3128.006
3128.234
3128.462
3128.69
3128.949
3129.208
3129.467
3129.726
3129.985
3130.244
3130.503
3130.762
3131.02
3131.303
3131.586
3131.869
3132.152
3132.435
3132.718
3133.001
3133.284
3133.567
3133.85
3134.494
3135.138
3135.782
3136.426
3137.07
3137.714
3138.358
3139.0
