22.03
22.57
23.11
23.65
24.19
24.73
25.27
25.77
27.22
27.515
27.81
28.105
28.4
28.695
28.99
29.285
29.58
29.875
30.17
30.465
30.76
31.474
32.189
32.446
32.703
32.96
33.215
33.423
33.631
33.839
34.047
34.255
34.463
34.671
34.879
35.09
35.444
35.798
36.152
36.506
36.718
36.93
37.142
37.354
37.566
37.778
37.99
38.202
38.414
38.63
38.992
39.354
39.716
40.078
40.44
40.8
41.019
41.238
41.457
41.676
41.895
42.114
42.334
42.526
42.718
42.91
43.102
43.294
43.486
43.678
43.87
44.062
44.25
44.674
45.098
45.522
45.946
46.37
46.571
46.772
46.973
47.174
47.375
47.577
47.735
47.893
48.051
48.209
48.367
48.525
48.683
48.841
48.999
49.16
49.621
50.082
50.543
51.004
51.466
51.734
52.002
52.27
52.538
52.806
53.074
53.34
53.546
53.752
53.958
54.164
54.37
54.576
54.784
55.45
55.766
56.082
56.399
56.872
57.345
57.818
58.291
58.764
59.237
59.71
60.183
60.656
61.128
61.42
61.712
62.004
62.296
62.588
62.88
63.13
63.38
63.63
63.88
64.13
64.379
64.629
64.876
65.61
67.07
68.53
69.99
70.187
70.384
70.58
70.747
70.914
71.081
71.248
71.413
71.61
71.807
72.004
72.201
72.398
72.595
72.792
72.989
73.186
73.383
73.58
73.755
73.93
74.105
74.28
74.455
74.63
74.805
74.98
75.155
75.33
75.571
75.812
76.053
76.294
76.535
76.776
77.017
77.258
77.5
77.758
78.016
78.274
78.532
78.79
79.028
79.266
79.504
79.742
79.98
80.22
80.374
80.528
80.682
80.836
80.99
81.144
81.298
81.452
81.606
81.76
82.065
82.37
82.676
83.051
83.426
83.801
84.176
84.551
84.926
85.3
85.678
86.056
86.434
86.812
87.19
87.568
87.946
88.324
88.702
89.08
89.46
89.802
90.144
90.486
90.828
91.17
91.512
91.852
91.994
92.136
92.278
92.42
92.56
92.777
92.994
93.211
93.428
93.645
93.862
94.079
94.296
94.513
94.73
94.947
95.16
95.329
95.498
95.667
95.836
96.005
96.174
96.343
96.512
96.681
96.85
97.019
97.188
97.36
97.581
97.802
98.023
98.244
98.465
98.686
98.907
99.13
99.316
99.502
99.688
99.874
100.06
100.535
101.01
101.485
101.96
103.638
103.916
104.194
104.472
104.75
105.028
105.304
105.678
106.052
106.426
106.8
107.174
107.548
107.922
108.294
108.532
108.77
109.008
109.246
109.484
109.722
109.96
110.303
110.646
110.989
111.332
111.675
112.018
112.361
112.704
113.047
113.394
117.35
117.597
117.844
118.091
118.338
118.585
118.832
119.079
119.326
119.573
119.82
120.07
120.356
120.642
120.928
121.214
121.5
121.786
122.07
122.3
122.53
122.76
122.99
123.22
123.45
123.68
123.91
124.14
124.37
124.57
124.77
124.97
125.17
125.37
125.57
125.77
125.97
126.17
126.37
126.526
126.682
126.838
126.994
127.15
127.306
127.462
127.619
128.826
130.032
131.0
131.968
132.936
133.904
134.87
137.08
137.538
137.996
138.454
138.912
139.37
139.828
140.286
140.74
142.825
144.91
145.41
145.778
146.145
146.513
146.881
147.249
147.617
147.984
148.35
148.847
149.344
149.84
150.653
151.466
152.279
153.092
153.905
154.72
155.29
155.53
155.77
156.01
156.329
156.648
156.967
157.286
157.605
157.924
158.243
158.56
158.912
159.264
159.617
159.97
160.192
160.414
160.636
160.858
161.08
161.302
161.524
161.746
161.968
162.19
162.412
162.634
162.851
163.038
163.225
163.412
163.599
163.786
163.973
164.16
164.347
164.534
164.721
164.908
165.1
165.374
165.648
165.922
166.196
166.47
166.744
167.018
167.292
167.566
167.84
168.114
168.388
168.66
168.899
169.138
169.377
169.616
169.855
170.094
170.333
170.572
170.811
171.05
171.29
172.148
173.006
173.864
174.722
175.58
176.438
177.296
178.154
179.01
179.457
179.904
180.351
180.798
181.245
181.69
182.202
182.714
183.226
183.738
184.25
184.762
185.274
185.79
186.044
186.298
186.552
186.806
187.06
187.314
187.57
188.29
189.01
189.73
190.45
190.925
191.4
191.875
192.35
192.825
193.3
193.775
194.25
194.725
195.2
195.367
195.534
195.701
195.868
196.035
196.202
196.369
196.536
196.7
197.895
199.09
200.285
201.48
202.675
203.87
205.065
206.26
207.455
208.65
210.23
211.81
212.61
213.41
214.21
215.01
215.81
216.61
217.41
218.21
219.01
219.81
220.61
220.92
221.23
221.54
221.85
222.16
222.47
223.09
225.857
228.624
231.39
231.641
231.892
232.143
232.394
232.645
232.896
233.147
233.398
233.649
233.9
234.15
234.507
234.864
235.221
235.578
235.935
236.292
236.649
237.006
237.36
237.686
238.012
238.338
238.664
238.99
239.316
239.642
239.97
240.346
240.722
241.098
241.474
241.85
242.226
242.602
242.978
243.354
243.73
244.005
244.28
244.555
244.831
245.106
245.381
245.656
245.931
246.207
246.482
246.757
247.036
253.34
254.39
254.926
255.462
255.998
256.534
257.072
261.416
265.76
266.476
267.192
267.908
268.624
273.321
278.017
278.6
279.034
279.468
279.902
280.336
280.77
281.204
281.638
282.072
282.506
282.94
283.37
283.928
284.486
285.044
285.602
286.16
286.72
287.282
287.844
288.406
288.968
289.53
290.092
290.654
291.216
291.78
292.046
292.312
292.578
292.844
293.11
293.376
293.642
293.908
294.17
294.565
294.96
295.355
295.75
296.145
296.54
296.935
297.33
297.645
297.96
298.275
298.59
298.905
299.22
299.535
299.85
300.244
300.638
301.032
301.426
301.82
302.214
302.608
303.002
303.396
303.79
304.18
304.973
305.766
306.559
307.352
308.145
308.938
309.73
309.985
310.24
310.495
310.75
311.005
311.26
311.515
311.77
312.025
312.28
312.53
312.85
313.17
313.49
313.81
314.13
314.45
314.77
315.09
315.43
315.77
316.11
316.45
316.79
317.13
317.47
317.812
318.154
318.496
318.838
319.18
319.522
319.864
320.21
320.94
321.67
322.4
323.13
323.86
324.59
325.32
326.05
326.78
327.51
328.24
328.97
329.7
330.43
330.77
331.11
331.45
331.79
332.13
332.47
332.81
333.186
333.562
333.938
334.314
334.69
335.066
335.442
335.818
336.19
336.547
336.904
337.261
337.618
337.975
338.332
338.69
338.876
339.062
339.248
339.434
339.62
339.806
339.992
340.178
340.364
340.55
340.74
340.969
341.198
341.427
341.656
341.885
342.114
342.343
342.572
342.8
343.121
343.442
343.763
344.084
344.405
344.726
345.047
345.368
345.689
346.01
346.417
346.824
347.231
347.638
348.045
348.452
348.859
349.266
349.673
350.084
350.542
351.0
351.458
351.915
352.226
352.537
352.848
353.16
355.38
355.97
356.56
357.15
357.683
358.216
358.749
359.282
359.815
360.348
360.881
361.41
361.884
362.358
362.832
363.306
363.78
364.344
364.908
365.472
366.036
366.6
367.164
367.728
368.29
368.508
368.726
368.944
369.162
369.38
369.598
369.816
370.034
370.252
370.47
370.688
370.91
371.131
371.352
371.574
371.928
372.282
372.502
372.722
372.942
373.162
373.382
373.602
373.822
374.042
374.262
374.482
374.702
374.924
375.59
376.059
376.528
376.997
377.466
377.935
378.404
378.873
379.342
379.811
380.28
380.65
381.02
381.39
381.76
382.13
382.5
382.87
383.24
383.61
383.98
384.35
384.885
385.42
385.955
386.49
387.566
388.642
389.718
390.794
391.87
392.946
394.02
394.38
394.74
395.1
395.46
395.82
396.18
396.54
396.9
397.133
397.366
397.599
397.832
398.065
398.298
398.531
398.764
398.997
399.23
399.467
403.82
403.998
404.175
404.353
404.53
405.225
405.92
406.206
406.492
406.778
407.064
407.35
407.636
407.922
408.284
408.645
409.006
409.367
409.728
410.089
410.45
410.811
411.172
411.534
411.895
412.26
413.07
415.3
415.663
416.026
416.389
416.752
417.115
417.478
417.841
418.2
418.476
418.752
419.028
419.304
419.58
420.086
420.592
421.098
421.604
422.11
422.616
423.122
423.63
424.038
424.446
424.854
425.261
425.668
426.076
426.484
426.89
427.163
427.436
427.709
427.982
428.255
428.528
428.8
428.97
429.14
429.31
429.48
429.65
429.82
429.99
430.16
430.533
430.906
431.279
431.652
432.025
432.4
436.953
441.506
446.06
446.356
446.652
446.948
447.244
447.54
447.836
448.132
448.428
448.724
449.02
449.316
449.61
449.891
450.172
450.453
450.734
451.015
451.296
451.577
451.858
452.139
452.42
452.7
453.297
453.894
454.492
458.88
460.062
461.244
462.426
463.608
464.79
465.972
467.154
468.335
470.14
471.945
473.75
475.13
476.509
476.724
476.939
477.154
477.369
477.584
477.8
478.094
478.388
478.682
478.976
479.27
479.588
479.906
480.224
480.542
480.86
481.178
481.496
481.814
482.132
482.45
482.737
483.024
483.311
483.598
483.885
484.172
484.459
484.746
485.033
485.32
485.607
485.89
486.301
486.712
487.123
487.534
487.945
488.359
488.811
489.263
489.715
490.167
490.619
491.071
491.523
491.975
492.427
492.879
493.33
493.565
493.8
494.035
494.27
494.505
494.74
494.975
495.21
495.793
496.376
496.959
497.542
498.125
498.71
499.405
500.1
500.795
501.49
502.185
502.88
503.13
503.38
503.63
503.88
504.13
504.38
504.63
504.88
505.13
505.38
505.658
505.936
506.213
506.49
506.768
507.045
507.322
507.6
507.777
507.954
508.131
508.308
508.485
508.662
508.839
509.016
509.193
509.37
509.547
509.724
509.901
510.08
510.308
510.536
510.764
510.992
511.22
511.448
511.676
511.904
512.132
512.36
512.588
512.82
513.293
513.766
514.239
514.712
515.185
515.658
516.131
516.604
517.077
517.549
517.847
518.145
518.443
518.741
519.039
519.337
519.635
519.933
520.231
520.529
520.83
521.141
521.452
521.763
522.074
522.385
522.696
523.009
523.229
523.449
523.669
523.889
524.109
524.329
524.55
524.91
525.27
525.63
525.99
526.35
527.944
529.538
531.132
532.726
534.32
534.844
535.368
535.892
536.416
536.94
537.464
537.988
538.512
539.036
539.56
540.08
540.403
540.726
541.049
541.372
541.695
542.018
542.341
542.664
542.987
543.31
544.4
545.49
546.58
547.513
548.446
549.379
550.312
551.245
552.178
553.114
553.392
553.67
553.948
554.226
554.504
554.78
555.218
555.656
556.094
556.532
556.97
557.41
558.16
558.401
558.642
558.883
559.124
559.365
559.606
559.847
560.088
560.33
560.83
561.33
561.851
562.372
562.893
563.414
563.935
564.456
564.977
565.498
566.019
566.54
567.061
567.58
567.874
568.168
568.462
568.756
569.05
569.344
569.638
569.932
570.23
570.777
571.324
571.87
572.289
572.708
573.127
573.546
573.965
574.384
574.803
575.222
575.641
576.06
576.546
577.032
577.518
578.004
578.49
578.974
579.729
580.484
581.239
581.994
582.75
583.8
584.85
585.9
586.95
588.0
588.275
588.55
588.825
589.1
589.375
589.65
589.925
590.2
591.59
591.906
592.222
592.538
592.854
593.17
593.486
593.802
594.118
594.434
594.75
595.066
595.38
595.703
596.026
596.349
596.672
596.995
597.318
597.641
597.964
598.29
598.675
599.06
599.445
599.83
600.215
600.6
600.95
601.3
601.65
602.0
602.35
602.7
603.05
603.4
603.75
604.1
604.45
604.753
605.056
605.359
605.662
605.965
606.268
606.571
606.874
607.177
607.358
607.538
607.718
607.899
608.08
608.26
608.429
608.598
608.767
608.936
609.105
609.274
609.44
610.08
610.72
611.36
612.64
613.92
615.2
615.7
615.914
616.128
616.342
616.556
616.77
616.984
617.198
617.412
617.626
617.84
618.054
618.251
618.448
618.645
618.842
619.039
619.236
619.433
619.63
619.827
620.024
620.22
620.542
620.864
621.186
621.508
621.83
622.07
622.31
622.55
622.79
623.03
623.27
624.965
626.66
628.355
630.05
631.745
633.44
635.135
636.83
637.109
637.388
637.667
637.946
638.225
638.504
638.783
639.062
639.341
639.62
639.899
640.178
640.457
640.73
641.029
641.328
641.627
641.926
642.225
642.524
642.82
643.108
643.396
643.684
643.972
644.26
644.55
644.82
645.09
645.36
645.63
645.9
646.17
646.44
646.71
646.993
647.276
647.559
647.842
648.125
648.408
648.691
648.974
649.257
649.54
649.819
650.584
651.349
652.114
652.879
653.644
654.409
655.174
655.94
656.271
656.602
656.933
657.264
657.595
657.926
658.26
660.13
662.0
663.87
665.74
667.61
669.48
669.907
670.334
670.761
671.188
671.615
672.04
672.73
673.3
673.87
674.44
675.01
675.58
676.15
676.365
676.58
676.795
677.01
677.225
677.44
677.655
677.87
678.812
679.754
680.696
681.638
682.58
683.522
684.464
685.407
685.99
686.246
686.502
686.758
687.014
687.27
687.526
687.782
688.038
688.29
689.01
689.304
689.598
689.892
690.186
690.48
690.774
691.07
691.406
691.742
692.078
692.414
692.75
693.086
693.42
693.628
693.836
694.044
694.252
694.46
694.668
694.876
695.084
695.292
695.5
695.708
695.916
696.124
696.332
696.54
696.982
697.424
697.866
698.31
699.281
700.252
701.223
702.194
703.165
704.136
705.108
705.363
705.618
705.873
706.128
706.383
706.638
706.893
707.148
707.4
708.22
709.1
709.436
709.772
710.108
710.444
710.78
711.116
711.452
711.79
712.002
712.214
712.427
712.64
712.884
713.128
713.372
713.616
713.86
714.106
714.267
714.428
714.589
714.75
714.911
715.072
715.23
715.68
716.13
716.58
717.03
717.48
717.93
718.38
718.592
718.804
719.016
719.228
719.44
719.652
719.864
720.076
720.288
720.5
720.712
720.92
721.555
722.19
724.367
726.544
728.72
730.38
732.04
733.7
735.36
737.02
738.68
739.097
739.514
739.931
740.348
740.765
741.182
741.6
742.043
742.486
742.929
743.372
743.815
744.258
744.7
745.155
745.61
746.065
746.52
746.975
747.43
747.736
748.042
748.348
748.654
748.96
749.266
749.572
749.878
750.18
750.381
750.582
750.783
750.984
751.185
751.386
751.59
752.31
753.03
753.75
754.47
755.19
755.91
756.63
757.35
758.07
758.79
759.51
760.799
762.088
763.377
764.666
765.955
767.244
768.533
769.822
771.11
771.61
772.11
772.61
773.11
773.61
774.11
774.61
775.11
775.61
776.11
776.747
777.384
778.021
778.658
779.295
779.932
780.569
781.206
781.84
782.111
782.382
782.653
782.924
783.195
783.466
783.737
784.008
784.279
784.55
784.821
785.09
785.3
785.51
785.72
785.93
786.14
786.35
786.56
786.77
787.24
787.71
788.18
788.65
789.12
789.59
790.06
790.53
791.0
791.47
791.94
792.41
792.88
793.35
793.658
793.966
794.274
794.582
794.89
795.198
795.506
795.814
796.122
796.43
796.738
797.05
797.645
798.24
798.835
799.43
799.785
800.14
800.495
800.85
801.205
801.56
801.915
802.27
802.625
802.98
803.34
803.621
803.902
804.183
804.464
804.745
805.026
805.307
805.588
805.869
806.15
806.586
807.022
807.458
807.894
808.33
808.766
809.202
809.638
810.074
810.51
810.95
811.169
811.388
811.607
811.826
812.045
812.264
812.483
812.702
812.921
813.14
813.36
813.675
813.99
814.305
814.62
814.935
815.25
815.672
816.094
816.516
816.938
817.36
817.782
818.204
818.626
819.048
819.47
819.89
820.203
820.516
820.829
821.142
821.455
821.768
822.081
822.394
822.71
822.957
823.204
823.451
823.698
823.945
824.192
824.439
824.686
824.933
825.18
825.658
826.136
826.613
827.09
827.374
827.658
827.942
828.226
828.51
828.794
829.078
829.362
829.642
829.831
830.02
830.209
830.398
830.587
830.776
830.965
831.154
831.343
831.532
831.721
831.91
832.1
833.513
834.926
836.34
836.519
836.698
836.877
837.056
837.235
837.414
837.59
838.04
838.49
838.94
839.39
839.84
840.29
840.74
841.19
841.64
842.221
842.802
843.383
843.964
844.545
845.126
845.707
846.288
846.869
847.45
847.887
848.324
848.761
849.198
849.635
850.071
850.988
851.425
851.862
854.031
856.2
858.37
858.61
858.85
859.09
859.33
859.57
859.81
863.726
866.68
867.021
867.362
867.703
868.044
868.385
868.726
869.07
869.366
869.662
869.958
870.254
870.55
870.846
871.142
871.438
871.734
872.03
872.33
872.603
872.876
873.149
873.422
873.695
873.968
874.241
874.514
874.787
875.06
875.333
875.61
875.867
876.124
876.381
876.638
876.895
877.152
877.409
877.666
877.92
878.635
879.35
880.065
880.78
881.495
882.21
882.427
882.644
882.861
883.078
883.295
883.51
883.825
884.14
884.455
884.77
885.085
885.4
886.254
887.108
887.962
888.816
889.67
890.524
891.378
892.232
893.09
893.447
893.804
894.161
894.518
894.875
895.232
895.589
895.946
896.303
896.66
897.017
897.374
897.73
898.032
898.334
898.636
898.938
899.24
899.542
899.844
900.146
900.448
900.75
901.052
901.35
901.943
902.536
903.129
903.722
904.315
904.908
905.501
906.094
906.69
907.378
908.066
908.754
909.442
910.13
910.818
911.506
912.194
912.882
913.57
913.881
914.192
914.503
914.814
915.125
915.436
915.747
916.058
916.369
916.68
917.07
917.46
917.85
918.24
918.63
919.02
919.41
919.8
920.19
920.58
920.847
921.114
921.381
921.648
921.915
922.182
922.449
922.716
922.983
923.25
923.512
923.972
924.432
924.892
925.352
925.812
926.272
926.732
927.192
927.652
928.112
928.572
929.03
929.255
929.48
929.705
929.93
930.155
930.38
930.605
930.83
931.055
931.28
931.796
932.312
932.828
933.344
933.86
934.376
934.892
935.408
935.924
936.44
936.96
937.312
937.664
938.016
938.368
938.72
939.072
939.424
939.776
940.128
940.48
940.832
941.184
941.53
942.147
942.764
943.381
943.998
944.615
945.23
945.691
946.152
946.613
947.074
947.535
947.996
948.457
948.918
949.379
949.84
950.3
951.033
951.766
952.498
953.81
955.107
955.367
955.627
955.887
956.148
957.072
957.336
957.6
957.864
958.128
958.392
958.656
958.92
959.941
960.44
960.804
961.168
961.532
961.896
962.26
962.42
962.58
962.74
962.9
963.06
963.22
963.38
963.54
964.52
964.747
964.974
965.201
965.428
965.655
965.882
966.193
966.504
966.815
967.126
967.437
967.748
968.059
968.258
968.457
968.656
968.855
969.054
969.253
969.452
969.651
969.85
970.516
970.804
971.092
971.38
971.668
971.956
972.244
972.53
972.735
972.94
973.145
973.35
973.555
973.76
974.05
974.34
974.63
974.92
975.21
975.5
975.79
976.323
976.856
977.389
977.922
978.455
978.988
979.52
979.838
980.156
980.474
980.792
981.11
981.428
981.746
982.064
982.382
982.7
983.018
983.336
983.654
983.97
984.663
985.356
986.048
986.74
987.433
988.125
988.817
989.51
989.81
990.11
990.41
990.71
991.01
991.31
991.61
991.91
992.406
992.902
993.398
993.894
994.39
994.886
995.382
995.878
996.377
997.174
997.971
998.768
999.565
1000.362
1001.161
1002.229
1003.297
1004.365
1005.433
1006.501
1007.57
1008.155
1008.74
1009.325
1009.91
1010.495
1011.08
1011.665
1012.25
1012.835
1013.42
1014.005
1014.588
1015.149
1015.71
1016.271
1016.83
1018.95
1019.29
1019.63
1019.97
1020.31
1020.65
1020.99
1021.33
1021.67
1022.01
1022.35
1022.647
1022.944
1023.241
1023.538
1023.835
1024.13
1024.479
1024.828
1025.177
1025.526
1025.875
1026.224
1026.573
1026.922
1027.271
1027.619
1027.97
1028.321
1028.672
1029.023
1029.374
1029.725
1030.076
1030.427
1030.778
1031.129
1031.48
1031.819
1032.158
1032.497
1032.836
1033.175
1033.514
1033.853
1034.192
1034.531
1034.87
1035.209
1035.548
1035.887
1036.23
1036.436
1036.642
1036.848
1037.054
1037.26
1037.466
1037.672
1037.88
1038.12
1038.36
1038.6
1038.84
1039.08
1039.32
1039.56
1039.8
1040.036
1040.234
1040.432
1040.63
1040.828
1041.026
1041.224
1041.422
1041.619
1041.953
1042.287
1042.621
1042.955
1043.289
1043.623
1043.957
1044.291
1044.625
1044.959
1045.293
1045.632
1047.653
1050.327
1053.001
1056.34
1056.667
1056.994
1057.321
1057.648
1057.975
1058.302
1058.629
1058.956
1059.283
1059.61
1059.94
1060.214
1060.488
1060.762
1061.036
1061.31
1061.584
1061.858
1062.132
1062.406
1062.68
1063.504
1064.328
1065.152
1065.976
1066.8
1067.041
1067.282
1067.523
1067.764
1068.005
1068.246
1068.487
1068.728
1068.969
1069.21
1069.47
1069.73
1069.99
1070.25
1070.508
1070.766
1071.024
1071.282
1071.54
1071.798
1072.056
1072.314
1072.572
1072.83
1073.09
1073.488
1073.886
1074.284
1074.682
1075.08
1075.48
1075.819
1076.158
1076.497
1076.836
1077.175
1077.514
1077.853
1078.195
1078.549
1078.903
1079.257
1079.611
1079.965
1080.319
1080.673
1081.027
1081.381
1081.735
1082.089
1082.44
1082.741
1083.042
1083.343
1083.644
1083.946
1084.249
1084.552
1084.855
1085.158
1085.461
1085.764
1085.961
1086.158
1086.355
1086.552
1086.749
1086.946
1087.143
1087.34
1087.537
1087.734
1087.93
1088.23
1088.53
1088.662
1088.794
1088.927
1089.059
1089.191
1089.323
1089.456
1089.59
1089.87
1090.105
1090.34
1090.575
1090.81
1091.045
1091.28
1091.467
1091.655
1091.842
1092.03
1092.217
1092.405
1092.592
1092.78
1092.995
1093.21
1093.425
1093.64
1093.855
1094.071
1094.333
1094.595
1094.857
1095.119
1095.381
1095.643
1095.905
1096.167
1096.429
1096.691
1096.953
1097.215
1097.48
1098.1
1098.72
1099.34
1099.96
1100.58
1101.2
1101.594
1101.988
1102.382
1102.776
1103.17
1103.564
1103.958
1104.352
1104.746
1105.14
1105.53
1105.752
1105.974
1106.196
1106.418
1106.64
1106.862
1107.084
1107.306
1107.528
1107.75
1107.976
1108.148
1108.32
1108.492
1108.664
1108.836
1109.008
1109.18
1109.35
1109.667
1109.984
1110.301
1110.618
1110.935
1111.252
1111.569
1111.886
1112.203
1112.52
1112.84
1113.135
1113.43
1113.725
1114.02
1114.315
1114.61
1114.905
1115.2
1115.495
1115.79
1116.08
1116.33
1116.58
1116.83
1117.08
1117.33
1117.58
1117.83
1118.08
1118.33
1118.58
1118.83
1119.085
1119.317
1119.549
1119.781
1120.013
1120.245
1120.477
1120.71
1121.335
1121.96
1122.585
1123.21
1123.835
1124.46
1124.698
1124.936
1125.174
1125.412
1125.65
1125.888
1126.126
1126.364
1126.602
1126.84
1127.078
1127.32
1127.559
1127.798
1128.037
1128.276
1128.515
1128.754
1128.993
1129.232
1129.47
1129.969
1130.468
1130.967
1131.466
1131.965
1132.464
1132.963
1133.462
1133.96
1134.308
1134.656
1135.004
1135.352
1135.7
1136.048
1136.394
1136.702
1137.01
1137.318
1137.626
1137.934
1138.242
1138.55
1138.854
1139.093
1139.332
1139.571
1139.81
1140.049
1140.288
1140.527
1140.766
1141.005
1141.244
1141.483
1141.722
1141.965
1142.223
1142.481
1142.739
1142.997
1143.255
1143.513
1143.771
1144.029
1144.287
1144.545
1144.803
1145.552
1146.301
1147.05
1147.799
1148.122
1148.445
1148.768
1149.09
1151.105
1153.12
1155.134
1157.637
1160.14
1160.472
1160.804
1161.136
1161.468
1161.8
1162.132
1162.464
1162.796
1163.128
1163.46
1163.79
1164.046
1164.302
1164.558
1164.814
1165.07
1165.326
1165.58
1166.096
1166.612
1167.128
1167.644
1168.16
1168.48
1168.8
1169.12
1171.285
1173.45
1173.787
1174.124
1174.461
1174.798
1175.135
1175.472
1175.809
1176.146
1176.483
1176.82
1177.16
1177.47
1177.78
1178.09
1178.399
1178.708
1179.018
1179.328
1179.636
1179.886
1180.136
1180.386
1180.636
1180.886
1181.135
1181.421
1181.707
1181.993
1182.279
1182.565
1182.851
1183.137
1183.423
1183.709
1183.997
1184.287
1184.577
1184.867
1185.157
1185.74
1186.4
1187.06
1187.72
1188.82
1189.152
1189.484
1189.816
1190.148
1190.48
1190.83
1191.18
1191.53
1191.88
1192.23
1192.58
1192.93
1193.215
1193.5
1193.785
1194.07
1194.355
1194.64
1194.925
1195.21
1195.495
1195.78
1196.06
1196.539
1197.018
1197.497
1197.976
1198.455
1198.934
1199.413
1199.892
1200.371
1200.85
1201.329
1201.808
1202.287
1202.771
1203.27
1203.472
1203.673
1203.874
1204.075
1204.276
1204.477
1204.678
1204.882
1205.545
1206.208
1206.871
1207.534
1208.197
1208.86
1209.523
1210.186
1210.849
1211.51
1212.208
1212.906
1213.604
1214.302
1215.0
1215.698
1216.396
1217.094
1217.792
1218.49
1219.19
1219.45
1219.71
1219.97
1220.23
1220.49
1220.75
1221.01
1221.27
1221.53
1221.945
1222.36
1222.775
1223.19
1223.605
1224.02
1224.435
1224.85
1225.265
1225.68
1226.095
1226.51
1226.93
1227.18
1227.43
1229.48
1231.53
1231.699
1231.868
1232.036
1232.933
1233.83
1234.727
1235.624
1236.521
1237.42
1238.023
1238.626
1239.23
1239.99
1240.308
1240.626
1240.944
1241.262
1241.58
1241.897
1242.214
1242.531
1242.848
1243.165
1243.482
1243.8
1244.206
1244.612
1245.018
1245.424
1245.83
1246.236
1246.642
1247.048
1247.454
1247.86
1248.281
1248.702
1249.123
1249.544
1249.965
1250.386
1250.807
1251.228
1251.649
1252.07
1252.491
1252.912
1253.333
1253.75
1255.723
1257.696
1259.669
1261.642
1261.915
1262.188
1262.461
1262.734
1263.007
1263.28
1263.53
1263.78
1264.03
1264.28
1264.53
1264.78
1265.058
1265.336
1265.614
1265.892
1266.17
1266.448
1266.726
1267.004
1267.282
1267.56
1267.833
1268.106
1268.379
1268.652
1268.925
1269.198
1269.471
1269.744
1270.02
1270.209
1270.398
1270.587
1270.776
1270.965
1271.154
1271.343
1271.532
1271.721
1271.91
1272.099
1272.288
1272.48
1272.68
1272.88
1273.08
1273.28
1273.492
1273.704
1273.916
1274.128
1274.34
1274.923
1275.161
1275.399
1275.637
1275.875
1276.113
1276.351
1276.589
1276.827
1277.065
1277.336
1277.607
1277.878
1278.149
1278.42
1278.69
1278.986
1279.282
1279.578
1279.874
1280.17
1281.637
1282.22
1282.787
1283.354
1283.921
1284.488
1285.055
1285.622
1286.19
1286.923
1287.656
1288.39
1288.606
1288.822
1289.038
1289.254
1289.47
1289.686
1289.902
1290.118
1290.334
1290.55
1290.766
1290.98
1291.338
1291.696
1292.054
1292.412
1292.77
1293.128
1293.486
1293.844
1294.202
1294.56
1294.92
1295.221
1295.522
1295.823
1296.124
1296.425
1296.726
1297.027
1297.328
1297.63
1297.889
1298.148
1298.407
1298.666
1298.925
1299.184
1299.443
1299.702
1299.961
1300.22
1300.479
1300.738
1301.0
1301.177
1301.354
1301.531
1301.708
1301.885
1302.062
1302.239
1302.416
1302.593
1302.77
1303.006
1303.242
1303.478
1303.714
1303.95
1304.186
1304.422
1304.658
1304.89
1305.118
1305.346
1305.574
1305.802
1306.03
1306.258
1306.486
1306.714
1306.942
1307.17
1307.398
1307.626
1307.854
1308.082
1308.31
1308.538
1308.76
1309.101
1309.442
1309.783
1310.124
1310.465
1310.806
1311.144
1311.334
1311.524
1311.714
1311.904
1312.094
1312.284
1312.474
1312.664
1312.852
1313.184
1313.515
1313.847
1314.178
1314.51
1314.841
1315.172
1315.504
1315.835
1316.167
1316.498
1316.83
1318.066
1319.302
1320.538
1321.774
1323.01
1324.246
1325.482
1326.718
1327.95
1328.155
1328.36
1328.565
1328.77
1330.16
1332.24
1332.886
1333.532
1334.178
1334.824
1335.47
1335.757
1336.044
1336.332
1336.62
1336.907
1337.194
1337.481
1337.77
1338.067
1338.364
1338.661
1338.958
1339.255
1339.55
1339.772
1339.994
1340.216
1340.438
1340.66
1340.882
1341.104
1341.326
1341.55
1341.876
1342.202
1342.528
1342.854
1343.18
1343.506
1343.832
1344.158
1344.484
1344.81
1345.58
1345.87
1346.16
1346.45
1346.74
1347.03
1347.32
1347.61
1347.9
1348.19
1348.48
1348.77
1349.129
1349.488
1349.847
1350.206
1350.565
1350.926
1351.501
1352.076
1352.651
1353.226
1353.801
1354.376
1354.951
1355.526
1356.101
1356.68
1357.111
1357.542
1357.973
1358.404
1358.835
1359.266
1359.697
1360.13
1360.607
1361.084
1361.561
1362.038
1362.515
1362.992
1363.469
1363.946
1364.42
1365.827
1367.234
1368.641
1370.048
1371.455
1372.86
1373.123
1373.386
1373.649
1373.912
1374.175
1374.438
1374.701
1374.964
1375.227
1375.49
1375.753
1376.016
1376.28
1377.848
1379.416
1380.984
1382.552
1384.12
1385.69
1386.079
1386.468
1386.857
1387.246
1387.635
1388.024
1388.413
1388.802
1389.19
1390.518
1390.986
1391.454
1391.922
1392.39
1392.858
1393.168
1393.477
1393.787
1394.097
1394.407
1394.715
1394.976
1395.237
1395.498
1395.759
1396.02
1396.28
1396.694
1397.108
1397.522
1397.936
1398.35
1398.764
1399.178
1399.592
1400.006
1400.42
1401.7
1401.968
1402.236
1402.504
1402.772
1403.04
1403.308
1403.576
1403.844
1404.112
1404.38
1404.648
1404.916
1405.19
1406.012
1406.834
1407.656
1408.478
1409.3
1410.12
1410.594
1411.068
1411.542
1412.016
1412.49
1412.767
1413.044
1413.321
1413.598
1413.875
1414.152
1414.429
1414.706
1414.98
1415.605
1415.966
1416.327
1416.688
1417.049
1417.41
1417.771
1418.132
1418.493
1418.854
1419.215
1419.576
1419.94
1420.28
1420.62
1420.96
1421.3
1421.805
1422.31
1422.815
1423.32
1423.825
1424.33
1424.835
1425.34
1425.845
1426.35
1426.85
1427.191
1427.532
1427.873
1428.214
1428.555
1428.896
1429.237
1429.58
1429.845
1430.11
1430.375
1430.64
1430.91
1431.18
1431.45
1431.72
1431.99
1432.26
1432.53
1432.8
1433.07
1433.34
1433.61
1433.88
1434.324
1434.768
1435.212
1435.656
1436.1
1436.544
1436.988
1437.43
1438.116
1438.802
1439.488
1440.174
1440.86
1441.22
1441.58
1441.94
1442.3
1442.66
1443.02
1443.38
1443.74
1444.097
1444.771
1445.445
1446.119
1446.793
1447.467
1448.14
1448.499
1448.858
1449.217
1449.576
1449.935
1450.294
1450.65
1451.022
1451.394
1451.766
1452.138
1452.51
1452.805
1453.1
1453.395
1453.69
1453.985
1454.28
1454.575
1454.87
1455.165
1455.46
1455.76
1456.111
1456.462
1456.813
1457.164
1457.516
1457.724
1457.932
1458.14
1458.348
1458.556
1458.764
1458.972
1459.18
1459.39
1459.576
1459.762
1459.948
1460.134
1460.32
1460.506
1460.692
1460.878
1461.064
1461.25
1461.435
1461.724
1462.013
1462.302
1462.591
1462.88
1463.167
1463.334
1463.501
1463.668
1463.835
1464.002
1464.169
1464.336
1464.503
1464.67
1464.837
1465.0
1465.491
1465.982
1466.473
1466.964
1467.455
1467.946
1468.437
1468.928
1469.42
1469.771
1470.122
1470.473
1470.824
1471.175
1471.526
1471.877
1472.23
1472.564
1472.898
1473.232
1473.566
1473.9
1474.234
1474.57
1474.764
1474.958
1475.152
1475.346
1475.54
1475.734
1475.93
1476.126
1476.322
1476.518
1476.714
1476.91
1477.106
1477.302
1477.498
1477.694
1477.89
1478.086
1478.282
1478.805
1479.329
1479.852
1480.376
1480.899
1481.422
1481.946
1482.47
1482.696
1482.922
1483.148
1483.374
1483.6
1483.826
1484.052
1484.28
1485.227
1486.174
1487.12
1487.563
1488.006
1488.45
1488.796
1489.142
1489.488
1489.834
1490.18
1490.526
1491.019
1491.512
1492.005
1492.498
1492.991
1493.484
1493.977
1494.47
1494.962
1495.67
1496.209
1496.748
1497.287
1497.826
1498.365
1498.904
1499.443
1499.982
1500.52
1501.782
1503.044
1504.306
1505.568
1506.83
1507.622
1508.414
1509.206
1509.998
1510.79
1511.582
1512.374
1513.166
1513.96
1514.478
1514.996
1515.514
1516.032
1516.55
1517.068
1517.586
1518.104
1518.622
1519.14
1519.658
1520.176
1520.694
1521.212
1521.73
1522.052
1522.374
1522.696
1523.018
1523.34
1523.66
1524.018
1524.376
1524.734
1525.091
1525.448
1525.806
1526.164
1526.522
1526.88
1527.238
1527.596
1527.95
1528.403
1528.856
1529.309
1529.762
1530.215
1530.668
1531.12
1531.57
1532.414
1533.258
1534.102
1534.946
1535.79
1536.634
1537.478
1538.32
1538.713
1539.106
1539.499
1539.892
1540.285
1540.678
1541.07
1541.314
1541.558
1541.802
1542.046
1542.29
1542.534
1542.778
1543.022
1543.266
1543.51
1543.746
1543.982
1544.218
1544.454
1544.69
1544.926
1545.165
1545.352
1545.54
1545.727
1545.915
1546.102
1546.29
1546.48
1546.67
1546.86
1547.05
1547.24
1547.43
1547.623
1547.923
1548.223
1548.523
1548.822
1549.121
1549.42
1550.232
1551.044
1551.856
1552.668
1553.479
1553.744
1554.009
1554.274
1554.539
1554.804
1555.07
1555.408
1555.745
1556.082
1556.42
1556.758
1557.096
1557.434
1557.77
1558.465
1559.16
1559.855
1560.55
1561.245
1561.94
1562.635
1563.33
1563.766
1564.202
1564.638
1565.074
1565.51
1565.946
1566.382
1566.818
1567.254
1567.69
1567.962
1568.234
1568.506
1568.778
1569.05
1569.322
1569.594
1569.866
1570.138
1570.41
1570.682
1570.954
1571.23
1571.463
1571.696
1571.929
1572.162
1572.395
1572.628
1572.861
1573.094
1573.33
1573.71
1574.09
1574.47
1574.85
1575.23
1575.61
1575.99
1576.37
1576.75
1577.006
1577.262
1577.518
1577.774
1578.03
1578.286
1578.542
1578.798
1579.054
1579.314
1579.467
1579.62
1579.773
1579.926
1580.079
1580.23
1580.544
1580.858
1581.172
1581.486
1581.8
1582.114
1582.43
1582.7
1582.97
1583.24
1583.51
1583.78
1584.05
1584.32
1584.59
1584.86
1585.13
1585.4
1585.67
1585.94
1586.21
1587.362
1588.514
1589.666
1590.818
1591.97
1593.122
1594.274
1595.426
1596.578
1597.73
1598.882
1600.03
1600.702
1601.374
1602.046
1602.72
1603.001
1603.282
1603.563
1603.844
1604.125
1604.406
1604.687
1604.968
1605.249
1605.53
1605.81
1606.012
1606.214
1606.416
1606.618
1606.82
1607.022
1607.224
1607.426
1607.628
1607.83
1608.032
1608.23
1608.438
1608.646
1608.854
1609.062
1609.27
1609.478
1609.686
1609.894
1610.1
1610.526
1610.952
1611.378
1611.804
1612.23
1612.656
1613.082
1613.508
1613.934
1614.36
1614.786
1615.212
1615.64
1615.898
1616.155
1616.412
1616.67
1617.004
1617.338
1617.672
1618.006
1618.34
1618.674
1619.01
1619.26
1619.51
1619.76
1620.01
1620.26
1620.51
1620.939
1621.368
1621.797
1622.226
1622.655
1623.084
1623.513
1623.94
1624.2
1624.46
1624.72
1624.98
1625.24
1625.573
1625.906
1626.239
1626.572
1626.905
1627.238
1627.57
1627.904
1628.238
1628.572
1628.906
1629.24
1629.574
1629.908
1630.244
1630.452
1630.66
1630.868
1631.076
1631.284
1631.492
1631.7
1631.91
1632.24
1632.57
1632.899
1633.057
1633.215
1633.373
1633.531
1633.69
1634.2
1634.71
1635.22
1635.73
1636.24
1636.75
1637.241
1637.732
1638.223
1638.714
1639.205
1639.696
1640.187
1640.678
1641.17
1642.629
1644.088
1645.546
1646.865
1649.152
1651.439
1653.726
1656.012
1657.305
1658.598
1659.89
1660.468
1661.046
1661.624
1662.2
1662.417
1662.634
1662.851
1663.068
1663.285
1663.5
1663.962
1664.424
1664.886
1666.29
1667.8
1668.004
1668.208
1668.412
1668.616
1668.82
1669.012
1669.204
1669.396
1669.59
1670.177
1670.764
1671.351
1671.938
1672.525
1673.111
1677.38
1677.709
1678.038
1678.367
1678.696
1679.025
1679.354
1679.68
1680.399
1681.117
1681.835
1682.554
1687.307
1687.538
1687.769
1688.0
1688.231
1688.462
1688.693
1688.924
1689.155
1689.39
1689.538
1689.686
1689.834
1689.982
1690.13
1690.278
1690.426
1690.574
1690.722
1690.87
1691.02
1691.228
1691.436
1691.644
1691.852
1692.06
1692.27
1692.491
1692.712
1692.933
1693.154
1693.375
1693.596
1693.817
1694.038
1694.259
1694.48
1694.72
1694.96
1695.2
1695.44
1695.68
1695.92
1696.16
1696.47
1696.78
1697.09
1697.4
1697.71
1697.998
1698.286
1698.574
1698.862
1699.15
1699.438
1699.726
1700.014
1700.306
1700.476
1700.646
1700.816
1700.986
1701.156
1701.326
1701.496
1701.666
1701.836
1702.006
1702.18
1702.43
1702.68
1702.93
1703.18
1703.43
1703.679
1704.031
1704.383
1704.735
1705.087
1705.439
1705.791
1706.143
1706.495
1706.847
1707.199
1707.551
1707.903
1708.255
1708.612
1708.806
1709.0
1709.194
1709.388
1709.582
1709.776
1709.97
1710.164
1710.358
1710.552
1710.744
1711.183
1711.622
1712.06
1712.359
1712.658
1712.957
1713.256
1713.555
1713.854
1714.153
1714.452
1714.751
1715.05
1715.349
1715.648
1715.942
1716.321
1716.7
1717.08
1717.58
1718.081
1718.582
1719.083
1719.584
1720.085
1720.586
1721.087
1721.588
1722.089
1722.59
1723.091
1723.59
1723.954
1724.318
1724.682
1725.046
1725.41
1725.774
1726.138
1726.502
1726.866
1727.23
1727.594
1727.96
1728.323
1728.686
1729.049
1729.412
1729.775
1730.138
1730.502
1730.987
1731.472
1731.957
1732.442
1732.927
1733.41
1733.742
1734.074
1734.406
1734.738
1735.07
1735.4
1735.781
1736.162
1736.543
1736.924
1737.305
1737.686
1738.07
1739.643
1740.939
1741.166
1741.393
1741.62
1741.847
1742.074
1742.301
1742.528
1742.755
1742.98
1743.27
1743.56
1743.85
1744.14
1744.467
1744.794
1745.121
1745.448
1745.775
1746.102
1746.43
1746.695
1746.96
1747.225
1747.49
1747.755
1748.02
1748.435
1748.85
1749.265
1749.68
1749.878
1750.076
1750.274
1750.472
1750.67
1751.178
1751.686
1752.193
1752.7
1753.207
1753.715
1754.222
1754.73
1755.02
1755.31
1755.6
1755.89
1756.18
1756.47
1756.76
1757.05
1757.34
1757.63
1758.073
1758.516
1758.96
1759.251
1759.542
1759.833
1760.124
1760.415
1760.706
1760.997
1761.288
1761.58
1761.915
1762.25
1762.585
1762.92
1763.255
1763.59
1763.925
1764.26
1764.619
1764.978
1765.337
1765.696
1766.055
1766.414
1766.773
1767.132
1767.491
1767.85
1768.303
1768.756
1769.209
1769.662
1770.115
1770.57
1770.765
1770.96
1771.155
1771.35
1771.545
1771.74
1771.935
1772.13
1772.325
1772.52
1772.715
1772.91
1773.105
1773.3
1773.9
1774.5
1775.1
1775.7
1776.3
1776.9
1777.574
1778.248
1778.922
1779.596
1780.27
1780.944
1781.62
1782.084
1782.548
1783.012
1783.476
1783.94
1784.404
1784.868
1785.33
1785.606
1785.882
1786.158
1786.434
1786.71
1786.986
1787.26
1787.463
1787.666
1787.869
1788.072
1788.275
1788.478
1788.681
1788.884
1789.087
1789.29
1789.622
1789.954
1790.286
1790.618
1790.95
1791.183
1791.416
1791.649
1791.882
1792.115
1792.348
1792.581
1792.814
1793.047
1793.28
1793.51
1793.742
1793.974
1794.206
1794.438
1794.67
1794.902
1795.134
1795.366
1795.598
1795.83
1796.062
1796.29
1796.504
1796.718
1796.932
1797.146
1797.36
1797.574
1797.79
1798.098
1798.406
1798.714
1799.022
1799.33
1799.497
1799.664
1799.831
1799.998
1800.165
1800.332
1800.499
1800.666
1800.83
1801.08
1801.33
1801.58
1801.83
1802.08
1802.329
1802.714
1803.099
1803.484
1803.869
1804.254
1804.64
1804.962
1805.284
1805.606
1805.928
1806.25
1806.572
1806.894
1807.216
1807.54
1808.447
1809.354
1810.261
1811.168
1812.075
1812.982
1813.89
1814.133
1814.376
1814.619
1814.861
1815.104
1815.347
1815.59
1815.83
1816.143
1816.456
1816.769
1817.082
1817.395
1817.71
1818.693
1819.676
1820.66
1821.389
1822.118
1823.819
1825.52
1826.145
1826.77
1827.395
1828.02
1828.645
1829.27
1829.894
1830.38
1830.867
1831.353
1831.84
1832.631
1833.818
1835.005
1836.192
1837.379
1838.566
1839.753
1840.94
1842.13
1842.393
1842.656
1842.919
1843.182
1843.445
1843.708
1843.971
1844.234
1844.497
1844.76
1845.02
1845.438
1845.856
1846.274
1846.692
1847.11
1847.53
1847.737
1847.945
1848.152
1848.36
1848.567
1848.774
1848.981
1849.19
1849.772
1850.354
1850.936
1851.518
1852.1
1852.649
1853.198
1853.747
1854.296
1855.168
1856.039
1856.91
1857.782
1858.781
1859.78
1861.68
1862.329
1862.978
1863.627
1864.276
1864.925
1865.574
1866.223
1866.872
1867.521
1868.17
1868.82
1869.11
1869.4
1869.69
1869.98
1870.27
1870.56
1870.85
1871.14
1871.43
1871.598
1871.766
1871.934
1872.102
1872.27
1872.438
1872.606
1872.774
1872.94
1873.22
1873.5
1873.78
1874.06
1874.34
1874.62
1874.9
1875.18
1875.46
1875.74
1876.02
1876.3
1876.575
1878.03
1878.72
1879.112
1879.504
1879.896
1880.288
1880.68
1881.072
1881.464
1881.856
1882.248
1882.64
1883.008
1883.376
1883.744
1884.112
1884.48
1884.848
1885.216
1885.584
1885.952
1886.32
1886.593
1886.866
1887.139
1887.412
1887.685
1887.958
1888.231
1888.504
1888.78
1889.031
1889.282
1889.533
1889.784
1890.035
1890.286
1890.537
1890.79
1893.38
1895.97
1898.56
1898.923
1899.286
1899.649
1900.012
1900.375
1900.738
1901.101
1901.464
1901.827
1902.19
1902.695
1903.2
1903.705
1904.21
1904.715
1905.22
1905.725
1906.23
1906.738
1907.246
1907.754
1908.262
1908.77
1909.278
1909.786
1910.294
1910.8
1911.069
1911.338
1911.607
1911.876
1912.145
1912.414
1912.683
1912.952
1913.221
1913.49
1913.759
1914.028
1914.3
1914.898
1915.495
1916.092
1916.69
1917.288
1917.886
1918.484
1919.08
1919.52
1919.96
1920.4
1920.84
1921.28
1921.72
1922.7
1923.68
1923.958
1924.236
1924.514
1924.792
1925.07
1925.348
1925.626
1925.904
1926.182
1926.46
1926.74
1927.171
1927.602
1928.033
1928.464
1928.895
1929.326
1929.757
1930.19
1930.703
1931.216
1931.73
1931.977
1932.225
1932.472
1932.719
1932.966
1933.213
1933.46
1933.707
1933.955
1934.202
1934.449
1934.7
1934.951
1935.202
1935.453
1935.704
1935.955
1936.206
1936.457
1936.708
1936.959
1937.21
1937.461
1937.712
1937.96
1938.28
1938.6
1938.92
1939.24
1939.56
1942.35
1942.574
1942.798
1943.022
1943.246
1943.47
1943.694
1943.918
1944.142
1944.366
1944.59
1945.001
1945.412
1945.824
1946.007
1946.19
1946.373
1946.556
1946.74
1947.03
1947.32
1947.61
1947.9
1948.19
1948.48
1948.77
1949.121
1949.472
1949.823
1950.174
1950.525
1950.877
1951.03
1951.183
1951.336
1951.489
1951.642
1951.795
1951.948
1952.101
1952.254
1952.407
1952.56
1952.71
1953.082
1953.454
1953.826
1954.198
1954.57
1954.94
1955.129
1955.318
1955.507
1955.696
1955.885
1956.074
1956.263
1956.452
1956.641
1956.83
1957.086
1957.342
1957.598
1957.854
1958.11
1958.417
1958.724
1959.031
1959.338
1959.645
1959.952
1960.259
1960.566
1960.87
1961.471
1962.072
1962.673
1963.274
1963.875
1964.476
1965.08
1965.358
1965.636
1965.914
1966.192
1966.47
1966.748
1967.026
1967.304
1967.58
1967.98
1968.38
1968.78
1969.18
1969.58
1969.98
1970.38
1970.78
1971.18
1971.58
1971.98
1972.221
1972.462
1972.703
1972.944
1973.185
1973.426
1973.67
1974.271
1974.872
1975.473
1976.074
1976.675
1977.276
1977.877
1978.478
1979.079
1979.68
1980.202
1980.724
1981.246
1981.768
1982.29
1982.812
1983.334
1983.856
1984.38
1984.6
1984.82
1985.04
1985.26
1985.48
1985.7
1985.92
1986.14
1986.36
1986.61
1986.86
1987.11
1987.36
1987.61
1987.86
1988.307
1988.754
1989.201
1989.648
1990.095
1990.54
1990.88
1991.22
1991.56
1991.9
1992.24
1992.58
1992.92
1993.26
1993.6
1993.94
1994.229
1994.518
1994.807
1995.096
1995.385
1995.674
1995.963
1996.252
1996.541
1996.83
1997.12
1997.445
1997.77
1998.095
1998.42
1998.745
1998.977
1999.209
1999.441
1999.673
1999.905
2000.137
2000.37
2000.746
2001.122
2001.498
2001.874
2002.25
2002.626
2003.002
2003.378
2003.754
2004.13
2004.51
2004.999
2005.488
2005.977
2006.466
2006.955
2007.444
2007.93
2008.222
2008.514
2008.806
2009.098
2009.39
2009.682
2009.974
2010.266
2010.56
2010.976
2011.392
2011.808
2012.224
2012.64
2013.056
2013.472
2013.888
2014.304
2014.72
2015.14
2015.561
2015.982
2016.403
2016.824
2017.026
2017.228
2017.43
2017.632
2017.834
2018.036
2018.24
2018.604
2018.968
2019.332
2019.696
2020.06
2020.424
2020.788
2021.152
2021.52
2022.045
2022.57
2023.095
2023.62
2024.145
2024.67
2024.96
2025.25
2025.54
2025.83
2026.12
2026.41
2026.7
2026.99
2027.28
2027.57
2027.86
2028.15
2028.456
2028.762
2029.068
2029.374
2029.68
2029.986
2030.292
2030.598
2030.9
2031.192
2031.484
2031.776
2032.068
2032.36
2032.652
2032.944
2033.236
2033.528
2033.82
2034.112
2034.404
2034.7
2035.03
2035.36
2035.69
2036.02
2036.35
2036.68
2037.01
2037.34
2037.832
2038.324
2038.816
2039.308
2039.8
2040.29
2042.2
2042.66
2043.12
2043.58
2043.913
2044.246
2044.579
2044.912
2045.245
2045.578
2045.911
2046.244
2046.58
2046.92
2047.26
2047.6
2047.94
2048.28
2048.62
2048.96
2049.3
2049.639
2050.129
2050.619
2051.109
2051.599
2052.089
2052.58
2052.997
2053.414
2053.831
2054.248
2054.665
2055.082
2055.499
2055.916
2056.33
2057.033
2057.736
2058.44
2058.852
2059.264
2059.676
2060.088
2060.5
2061.076
2061.652
2062.228
2062.804
2063.38
2063.956
2064.53
2064.74
2064.95
2065.16
2065.37
2065.58
2065.79
2066.0
2066.21
2066.42
2066.63
2066.84
2067.166
2067.492
2067.818
2068.144
2068.47
2068.796
2069.122
2069.448
2069.77
2070.037
2070.304
2070.571
2070.838
2071.105
2071.372
2071.639
2071.906
2072.173
2072.44
2079.04
2085.64
2092.24
2098.84
2105.44
2106.509
2107.578
2108.647
2109.716
2110.785
2111.854
2112.923
2113.992
2115.061
2116.13
2116.584
2117.038
2117.492
2117.946
2118.4
2118.854
2119.308
2119.765
2120.39
2120.605
2120.82
2121.035
2121.25
2121.465
2121.68
2121.895
2122.11
2122.411
2122.712
2123.013
2123.314
2123.615
2123.916
2124.217
2124.518
2124.819
2125.12
2125.421
2125.72
2126.366
2127.012
2127.658
2128.304
2128.95
2129.596
2130.24
2130.508
2130.776
2131.044
2131.312
2131.58
2131.848
2132.116
2132.384
2132.652
2132.92
2133.19
2133.535
2133.88
2134.225
2134.57
2134.915
2135.26
2135.605
2135.95
2136.295
2136.64
2136.974
2137.308
2137.642
2137.976
2138.31
2138.644
2138.978
2139.31
2139.798
2140.286
2140.774
2141.262
2141.75
2142.24
2142.551
2142.862
2143.173
2143.484
2143.795
2144.106
2144.42
2144.805
2145.19
2145.575
2145.96
2146.345
2146.73
2147.114
2147.306
2147.498
2147.69
2147.882
2148.074
2148.266
2148.458
2148.65
2148.842
2149.03
2149.526
2150.022
2150.518
2151.014
2151.51
2151.973
2152.436
2152.899
2153.362
2153.825
2154.288
2154.751
2155.214
2155.677
2156.14
2157.069
2157.998
2158.927
2159.856
2160.785
2161.714
2162.643
2163.572
2164.501
2165.43
2166.359
2167.288
2168.22
2169.299
2170.378
2171.457
2172.536
2173.615
2174.694
2175.773
2176.85
2177.753
2178.656
2179.559
2180.462
2181.365
2182.268
2183.171
2184.074
2184.977
2185.88
2186.783
2187.686
2188.589
2189.492
2190.625
2191.758
2192.89
2193.974
2195.058
2196.142
2197.226
2198.31
2199.394
2200.478
2201.562
2202.646
2203.73
2203.912
2204.094
2204.276
2204.458
2204.64
2204.822
2205.004
2205.186
2205.37
2205.654
2205.938
2206.222
2206.506
2206.79
2207.074
2207.358
2207.642
2207.926
2208.21
2208.49
2208.749
2209.008
2209.267
2209.526
2209.785
2210.044
2210.303
2210.562
2210.82
2211.033
2211.246
2211.459
2211.672
2211.885
2212.098
2212.311
2212.524
2212.74
2213.073
2213.406
2213.739
2214.072
2214.405
2214.738
2215.071
2215.404
2215.737
2216.069
2216.248
2216.427
2216.606
2216.785
2216.964
2217.143
2217.322
2217.501
2217.68
2217.86
2218.207
2218.554
2218.901
2219.248
2219.595
2219.94
2220.18
2220.42
2220.66
2220.9
2221.14
2221.38
2221.62
2221.86
2222.1
2222.34
2222.58
2222.82
2223.06
2223.3
2223.671
2224.042
2224.413
2224.784
2225.155
2225.526
2225.897
2226.27
2226.635
2227.0
2227.365
2227.73
2228.095
2228.46
2228.825
2229.19
2229.555
2229.92
2230.285
2230.65
2232.043
2233.436
2234.829
2236.222
2237.615
2239.01
2240.185
2241.36
2242.535
2243.71
2244.885
2246.06
2247.235
2248.408
2249.018
2249.628
2250.238
2250.848
2251.459
2251.715
2251.971
2252.227
2252.483
2252.739
2252.995
2253.25
2253.45
2253.65
2253.85
2254.05
2254.249
2254.58
2254.911
2255.242
2255.573
2255.904
2256.235
2256.566
2256.9
2257.16
2257.42
2257.68
2257.94
2258.2
2258.46
2258.72
2258.98
2259.24
2259.558
2259.876
2260.194
2260.512
2260.83
2261.148
2261.466
2261.784
2262.102
2262.42
2262.738
2263.06
2263.555
2264.05
2264.545
2265.04
2265.292
2265.544
2265.796
2266.048
2266.3
2266.552
2266.804
2267.056
2267.31
2267.54
2267.77
2268.0
2268.23
2268.46
2269.059
2269.658
2270.256
2270.854
2271.452
2272.051
2272.649
2273.248
2274.706
2275.108
2275.51
2275.912
2276.823
2277.734
2278.645
2279.556
2280.467
2281.378
2282.288
2282.591
2282.894
2283.197
2283.499
2283.801
2284.104
2284.407
2284.708
2285.179
2285.65
2286.121
2286.592
2287.063
2287.534
2288.005
2288.477
2288.81
2289.143
2289.476
2289.81
2290.299
2290.788
2291.277
2291.766
2292.255
2292.744
2293.233
2293.72
2294.054
2294.388
2294.722
2295.056
2295.39
2295.724
2296.06
2296.342
2296.624
2296.907
2297.19
2297.472
2297.755
2298.038
2298.32
2298.611
2298.902
2299.193
2299.484
2299.775
2300.066
2300.357
2300.648
2300.939
2301.23
2301.52
2302.048
2302.576
2303.104
2303.632
2304.16
2304.41
2304.66
2304.91
2305.16
2305.41
2305.66
2305.91
2306.316
2306.722
2307.128
2307.534
2307.94
2308.346
2308.752
2309.16
2309.411
2309.662
2309.913
2310.164
2310.415
2310.666
2310.917
2311.165
2311.337
2311.509
2311.681
2311.853
2312.025
2312.197
2312.369
2312.54
2312.714
2312.888
2313.062
2313.236
2313.41
2313.584
2313.758
2313.93
2314.16
2314.39
2314.62
2314.85
2315.08
2315.31
2315.54
2315.77
2316.0
2316.23
2317.1
2317.97
2318.84
2319.71
2320.621
2321.532
2322.443
2323.354
2324.265
2325.175
2325.529
2325.883
2326.237
2326.591
2326.945
2327.3
2328.2
2328.448
2328.696
2328.944
2329.192
2329.44
2329.688
2329.936
2330.184
2330.432
2330.68
2330.93
2331.155
2331.38
2331.605
2331.83
2332.055
2332.28
2332.505
2332.731
2333.228
2333.725
2334.222
2334.72
2335.088
2335.456
2335.824
2336.192
2336.56
2336.93
2337.116
2337.302
2337.488
2337.674
2337.86
2338.046
2338.232
2338.418
2338.6
2339.017
2339.434
2339.852
2340.27
2340.77
2341.27
2341.77
2342.27
2342.77
2343.27
2343.77
2344.23
2344.69
2345.15
2345.61
2346.07
2346.53
2346.99
2347.45
2347.91
2348.37
2348.721
2349.072
2349.423
2349.774
2350.125
2350.476
2350.827
2351.178
2351.529
2351.88
2352.231
2352.582
2352.933
2353.284
2353.635
2353.99
2354.49
2354.697
2354.905
2355.113
2355.32
2355.528
2355.735
2355.943
2356.15
2356.31
2356.47
2356.63
2356.79
2356.95
2357.11
2357.27
2357.43
2357.59
2357.75
2357.91
2358.036
2358.162
2358.288
2358.414
2358.54
2358.666
2358.792
2358.918
2359.044
2359.17
2359.3
2359.525
2359.75
2359.975
2360.2
2360.424
2361.017
2361.61
2362.081
2362.552
2363.023
2363.492
2363.674
2363.856
2364.038
2364.22
2364.402
2364.584
2364.766
2364.95
2365.127
2365.304
2365.481
2365.658
2365.835
2366.012
2366.189
2366.366
2366.89
2367.414
2367.938
2368.462
2368.986
2369.51
2370.034
2370.561
2371.06
2371.627
2372.194
2372.761
2373.328
2373.895
2374.462
2375.03
2375.314
2375.598
2375.882
2376.166
2376.45
2376.734
2377.018
2377.302
2377.59
2377.769
2377.948
2378.127
2378.306
2378.485
2378.664
2378.843
2379.02
2379.349
2379.678
2380.007
2380.336
2380.665
2380.994
2381.323
2381.652
2381.98
2382.246
2382.512
2382.778
2383.044
2383.31
2383.576
2383.842
2384.108
2384.374
2384.64
2385.091
2385.542
2385.993
2386.444
2386.895
2387.346
2387.8
2388.035
2388.27
2388.505
2388.74
2388.975
2389.21
2389.445
2389.68
2389.915
2390.15
2390.38
2390.684
2390.988
2391.292
2391.596
2391.9
2392.204
2392.51
2392.848
2393.186
2393.524
2393.862
2394.2
2394.77
2395.34
2395.91
2396.67
2397.43
2398.19
2398.95
2399.71
2400.47
2401.227
2403.265
2405.202
2407.14
2407.434
2407.728
2408.022
2408.316
2408.61
2408.904
2409.2
2409.527
2409.854
2410.181
2410.508
2410.835
2411.162
2411.489
2411.816
2412.143
2412.47
2412.637
2412.804
2412.971
2413.138
2413.305
2413.472
2413.639
2413.806
2413.97
2414.177
2414.384
2414.591
2414.798
2415.005
2415.212
2415.419
2415.626
2415.833
2416.04
2416.25
2416.758
2417.266
2417.774
2418.282
2418.79
2419.3
2420.377
2420.96
2421.595
2422.23
2423.113
2423.996
2424.879
2425.762
2426.645
2427.53
2427.999
2428.468
2428.937
2429.406
2429.875
2430.344
2430.813
2431.282
2431.751
2432.22
2432.689
2433.16
2433.484
2433.808
2434.132
2434.456
2434.78
2435.104
2435.43
2435.832
2436.234
2436.636
2437.038
2437.44
2437.842
2438.244
2438.646
2439.048
2439.45
2439.852
2440.25
2440.671
2441.092
2441.513
2441.934
2442.355
2442.776
2443.197
2443.618
2444.039
2444.46
2444.881
2445.302
2445.72
2446.0
2446.28
2446.56
2446.84
2447.12
2447.334
2447.548
2447.762
2447.976
2448.19
2448.404
2448.618
2448.83
2449.23
2449.63
2450.03
2450.43
2450.83
2453.47
2454.688
2455.906
2457.124
2458.342
2459.56
2460.778
2461.994
2462.91
2463.53
2464.76
2465.295
2465.83
2466.424
2467.018
2467.612
2468.206
2468.8
2469.566
2470.331
2471.097
2471.862
2472.499
2473.137
2476.46
2477.449
2478.438
2479.427
2480.416
2481.407
2485.988
2490.569
2495.15
2495.407
2495.664
2495.921
2496.178
2496.435
2496.692
2496.949
2497.206
2497.463
2497.72
2497.977
2498.237
2498.95
2499.353
2499.756
2500.16
2501.127
2502.094
2503.06
2503.285
2503.51
2503.735
2503.96
2504.185
2504.41
2504.635
2504.86
2505.085
2505.31
2505.535
2506.16
2506.412
2506.664
2506.916
2507.168
2507.42
2507.672
2507.924
2508.176
2508.428
2508.68
2509.056
2509.432
2509.808
2510.184
2510.56
2510.936
2511.312
2511.688
2512.064
2512.44
2512.816
2513.192
2513.57
2513.769
2513.968
2514.167
2514.366
2514.565
2514.764
2514.963
2515.162
2515.361
2515.56
2516.673
2517.786
2518.899
2520.012
2521.125
2522.24
2522.521
2522.802
2523.083
2523.364
2523.645
2523.926
2524.21
2524.638
2525.066
2525.494
2525.922
2526.35
2526.778
2527.207
2534.53
2534.765
2535.0
2535.235
2535.47
2535.705
2535.94
2536.175
2536.41
2536.718
2537.026
2537.334
2537.642
2537.95
2538.258
2538.566
2538.874
2539.18
2539.456
2539.732
2540.008
2540.284
2540.56
2540.836
2541.112
2541.388
2541.664
2541.94
2542.216
2542.492
2542.768
2543.04
2543.866
2544.692
2545.518
2546.344
2547.17
2547.406
2547.642
2547.878
2548.114
2548.35
2548.586
2548.822
2549.058
2549.294
2549.53
2549.77
2550.195
2550.62
2551.045
2551.47
2551.895
2552.32
2552.528
2552.736
2552.944
2553.152
2553.36
2553.568
2553.776
2553.984
2554.192
2554.4
2554.83
2555.26
2555.69
2556.12
2556.55
2556.738
2556.925
2557.113
2557.3
2557.488
2557.675
2557.863
2558.05
2558.548
2559.046
2559.544
2560.042
2560.54
2561.038
2561.536
2562.034
2562.532
2563.03
2563.528
2564.03
2564.325
2564.62
2564.915
2565.21
2565.505
2565.8
2566.095
2566.39
2566.685
2566.98
2567.275
2567.575
2568.484
2569.393
2570.302
2571.21
2571.624
2572.038
2572.452
2572.866
2573.28
2573.694
2574.108
2574.522
2574.936
2575.35
2575.764
2576.178
2576.592
2577.0
2577.193
2577.386
2577.579
2577.772
2577.965
2578.158
2578.351
2578.544
2578.737
2578.93
2579.123
2579.316
2579.51
2579.72
2579.93
2580.14
2580.35
2580.56
2580.77
2580.98
2581.19
2581.4
2581.61
2581.82
2582.09
2582.36
2582.63
2582.9
2583.17
2583.44
2583.71
2583.991
2584.272
2584.553
2584.834
2585.115
2585.396
2585.68
2586.582
2587.484
2588.386
2589.288
2590.19
2591.09
2592.47
2593.731
2596.89
2597.63
2598.37
2599.11
2599.85
2600.161
2600.472
2600.783
2601.094
2601.405
2601.716
2602.027
2602.338
2602.65
2602.97
2603.29
2603.61
2603.93
2604.25
2604.57
2604.89
2605.21
2605.587
2605.964
2606.341
2606.718
2607.095
2607.47
2607.931
2608.392
2608.853
2609.314
2609.775
2610.236
2610.697
2611.158
2611.62
2611.979
2612.338
2612.697
2613.056
2613.415
2613.774
2614.13
2614.361
2614.592
2614.823
2615.054
2615.285
2615.516
2615.747
2615.978
2616.209
2616.44
2616.671
2616.902
2617.133
2617.36
2617.583
2617.806
2618.029
2618.252
2618.475
2618.698
2618.921
2619.144
2619.367
2619.59
2619.81
2620.03
2620.25
2620.47
2620.69
2620.91
2621.13
2621.35
2621.57
2621.919
2622.268
2622.617
2622.966
2623.315
2623.664
2624.013
2624.362
2624.711
2625.06
2625.382
2625.704
2626.026
2626.348
2626.67
2626.992
2627.314
2627.636
2627.957
2628.179
2628.401
2628.623
2628.845
2629.067
2629.29
2629.526
2629.762
2629.998
2630.234
2630.47
2630.706
2630.94
2631.255
2631.57
2631.885
2632.2
2632.515
2632.83
2633.145
2633.46
2633.859
2634.258
2634.657
2635.056
2635.455
2635.854
2636.253
2636.652
2637.051
2637.45
2637.849
2638.248
2638.647
2639.046
2639.445
2639.84
2640.655
2641.47
2642.285
2643.1
2643.915
2644.73
2645.545
2646.36
2647.54
2648.72
2649.423
2650.126
2650.829
2651.532
2652.235
2652.938
2653.641
2654.344
2655.047
2655.75
2656.453
2657.16
2657.436
2657.712
2657.988
2658.264
2658.54
2658.816
2659.092
2659.37
2659.726
2660.082
2660.438
2660.794
2661.15
2661.506
2661.862
2662.218
2662.574
2662.93
2663.29
2663.796
2664.302
2664.808
2665.314
2665.82
2666.326
2666.832
2667.338
2667.844
2668.35
2669.248
2670.146
2671.044
2671.942
2672.84
2673.737
2673.968
2674.199
2674.43
2674.661
2674.892
2675.123
2675.354
2675.585
2675.82
2676.143
2676.466
2676.789
2677.112
2677.435
2677.758
2678.081
2678.404
2678.727
2679.05
2679.416
2679.782
2680.148
2680.514
2680.88
2681.246
2681.612
2681.978
2682.344
2682.71
2682.98
2683.25
2683.52
2683.79
2684.06
2684.33
2684.6
2684.87
2685.14
2685.41
2685.606
2685.802
2685.998
2686.194
2686.39
2686.586
2686.782
2686.978
2687.174
2687.37
2687.847
2688.324
2688.8
2689.02
2689.24
2689.46
2689.68
2689.9
2690.12
2690.34
2690.56
2690.891
2691.222
2691.553
2691.884
2692.215
2692.546
2692.877
2693.208
2693.539
2693.87
2694.205
2695.161
2696.117
2697.073
2698.03
2698.225
2698.42
2698.615
2698.81
2699.005
2699.2
2699.395
2699.59
2699.785
2699.98
2700.175
2700.37
2700.592
2700.814
2701.036
2701.258
2701.48
2701.702
2701.924
2702.146
2702.368
2702.59
2702.812
2703.034
2703.256
2703.478
2703.7
2703.92
2704.315
2704.71
2705.105
2705.5
2705.808
2706.116
2706.424
2706.732
2707.04
2707.348
2707.656
2707.964
2708.27
2708.914
2709.558
2710.202
2710.846
2711.49
2712.134
2712.778
2713.42
2713.771
2714.122
2714.473
2714.824
2715.175
2715.526
2715.877
2716.228
2716.579
2716.93
2717.194
2717.458
2717.722
2717.986
2718.25
2718.514
2718.778
2719.042
2719.306
2719.57
2719.834
2720.095
2720.677
2721.26
2721.758
2722.256
2722.754
2723.252
2723.75
2724.248
2724.746
2725.244
2725.742
2726.24
2726.738
2727.236
2727.74
2728.047
2728.354
2728.661
2728.968
2729.275
2729.582
2729.889
2730.197
2730.505
2730.812
2731.119
2731.43
2731.703
2731.976
2732.25
2732.674
2733.098
2733.522
2733.946
2734.37
2734.794
2735.218
2735.642
2736.066
2736.49
2736.914
2737.34
2737.596
2737.852
2738.108
2738.364
2738.62
2738.876
2739.132
2739.388
2739.64
2740.006
2740.372
2740.738
2741.104
2741.47
2741.836
2742.202
2742.568
2742.934
2743.3
2743.67
2744.043
2744.416
2744.789
2745.162
2745.535
2745.908
2746.281
2746.654
2747.027
2747.4
2747.913
2748.426
2748.94
2751.66
2752.014
2752.368
2752.722
2753.076
2753.43
2753.784
2754.138
2754.492
2754.846
2755.201
2757.682
2757.927
2758.172
2758.417
2758.662
2758.907
2759.152
2759.397
2759.64
2759.832
2760.024
2760.216
2760.408
2760.6
2760.792
2760.984
2761.176
2761.368
2761.56
2761.752
2761.944
2762.139
2762.376
2762.613
2762.85
2763.087
2763.324
2763.561
2763.8
2764.189
2764.578
2764.967
2765.356
2765.745
2766.134
2766.52
2766.952
2767.384
2767.816
2768.248
2768.68
2768.995
2769.31
2769.625
2769.94
2770.255
2770.57
2770.885
2771.2
2771.856
2772.512
2773.168
2773.824
2774.48
2775.136
2775.79
2776.015
2776.24
2776.465
2776.69
2776.915
2777.14
2777.365
2777.59
2778.077
2778.564
2779.051
2779.538
2780.025
2780.512
2780.999
2781.486
2781.97
2782.255
2782.54
2782.825
2783.11
2783.395
2783.68
2783.965
2784.25
2785.154
2786.058
2786.962
2787.866
2788.77
2789.674
2790.58
2791.132
2791.685
2792.238
2792.79
2794.14
2794.649
2795.158
2795.667
2796.176
2796.685
2797.194
2797.703
2798.212
2798.721
2799.23
2799.677
2800.124
2800.572
2801.02
2801.467
2801.914
2802.361
2802.809
2803.257
2803.704
2804.151
2804.599
2805.047
2805.494
2805.941
2806.39
2806.678
2806.966
2807.254
2807.542
2807.83
2808.118
2808.406
2808.694
2808.982
2809.27
2809.558
2809.85
2810.302
2810.754
2811.206
2811.658
2812.11
2812.562
2813.014
2813.466
2813.918
2814.37
2814.635
2814.9
2815.165
2815.43
2815.695
2815.96
2816.225
2816.49
2816.755
2817.02
2817.285
2817.55
2817.85
2818.15
2818.45
2818.75
2819.05
2819.35
2819.65
2819.95
2820.25
2820.55
2820.85
2821.304
2821.758
2822.212
2822.666
2823.12
2823.574
2824.028
2824.482
2824.936
2825.39
2825.844
2826.298
2826.752
2827.21
2827.55
2827.89
2828.23
2828.57
2828.91
2829.25
2829.59
2829.93
2830.27
2830.61
2830.95
2831.29
2831.778
2832.266
2832.754
2833.242
2833.73
2834.218
2834.706
2835.194
2835.684
2836.385
2837.086
2837.787
2838.488
2839.189
2839.89
2840.151
2840.412
2840.673
2840.934
2841.195
2841.456
2841.717
2841.978
2842.239
2842.5
2842.792
2843.084
2843.376
2843.668
2843.96
2844.252
2844.544
2844.836
2845.128
2845.42
2845.712
2846.004
2846.3
2846.508
2846.716
2846.924
2847.132
2847.34
2847.548
2847.756
2847.964
2848.17
2848.463
2848.756
2849.05
2849.228
2849.406
2849.584
2849.762
2849.94
2850.193
2850.446
2850.698
2850.95
2851.392
2851.834
2852.276
2852.72
2852.983
2853.246
2853.509
2853.772
2854.035
2854.298
2854.561
2854.824
2855.087
2855.35
2855.61
2855.857
2856.104
2856.351
2856.598
2856.845
2857.177
2857.51
2857.843
2858.175
2858.508
2858.84
2859.116
2859.392
2859.668
2859.944
2860.22
2860.496
2860.772
2861.048
2861.324
2861.6
2861.876
2862.152
2862.428
2862.704
2862.98
2863.267
2863.554
2863.841
2864.128
2864.415
2864.702
2864.989
2865.276
2865.563
2865.85
2866.14
2866.423
2866.706
2866.989
2867.272
2867.555
2867.84
2868.025
2868.21
2868.395
2868.58
2868.76
2868.94
2869.12
2869.3
2869.707
2870.114
2870.52
2870.898
2871.276
2871.653
2872.03
2872.46
2872.89
2873.32
2873.75
2874.55
2875.35
2876.15
2876.463
2876.776
2877.089
2877.402
2877.715
2878.03
2878.286
2878.542
2878.798
2879.054
2879.31
2879.645
2879.98
2880.315
2880.65
2880.985
2881.32
2881.639
2881.958
2882.277
2882.596
2882.915
2883.236
2883.433
2883.63
2883.827
2884.024
2884.221
2884.42
2884.823
2885.226
2885.63
2886.85
2887.262
2887.675
2888.088
2888.5
2888.807
2889.114
2889.421
2889.73
2890.1
2890.47
2890.84
2891.21
2891.58
2891.95
2892.32
2892.613
2892.905
2893.198
2893.49
2893.782
2894.075
2894.367
2894.66
2894.952
2895.245
2895.537
2895.83
2896.127
2896.424
2896.721
2897.018
2897.315
2897.61
2897.974
2898.338
2898.702
2899.066
2899.43
2899.794
2900.16
2901.31
2901.623
2901.936
2902.249
2902.562
2902.875
2903.188
2903.501
2903.814
2904.127
2904.44
2904.753
2905.069
2905.26
2905.451
2905.642
2905.833
2906.024
2906.215
2906.406
2906.597
2906.788
2906.979
2907.17
2907.36
2908.139
2908.918
2909.697
2910.475
2911.248
2912.021
2912.794
2913.567
2914.34
2914.613
2914.886
2915.159
2915.432
2915.705
2915.978
2916.251
2916.524
2916.797
2917.07
2917.34
2917.628
2917.916
2918.204
2918.509
2918.814
2919.12
2919.422
2919.724
2920.026
2920.328
2920.931
2921.534
2922.137
2922.74
2923.343
2923.946
2924.549
2925.152
2925.755
2926.36
2926.865
2927.37
2927.645
2927.92
2928.195
2928.47
2929.136
2929.534
2929.932
2930.33
2930.728
2931.126
2931.524
2931.922
2932.32
2932.714
2932.997
2933.28
2933.563
2933.846
2934.13
2934.455
2934.78
2935.105
2935.43
2935.755
2936.08
2936.352
2936.624
2936.896
2937.168
2937.44
2937.71
2937.981
2938.252
2938.523
2938.794
2939.065
2939.336
2939.61
2939.967
2940.324
2940.681
2941.038
2941.395
2941.752
2942.109
2942.466
2942.823
2943.18
2943.482
2943.784
2944.086
2944.388
2944.69
2944.992
2945.294
2945.596
2945.898
2946.2
2946.502
2946.8
2947.028
2947.255
2947.483
2947.71
2947.953
2948.196
2948.439
2948.682
2948.925
2949.168
2949.411
2949.654
2949.897
2950.14
2950.382
2951.007
2951.479
2951.951
2952.423
2952.895
2953.367
2953.84
2954.229
2954.618
2955.007
2955.396
2955.785
2956.174
2956.56
2956.892
2957.224
2957.557
2957.889
2958.222
2958.555
2958.887
2959.22
2959.552
2959.885
2960.218
2960.55
2960.823
2961.096
2961.369
2961.642
2961.915
2962.188
2962.461
2962.734
2963.007
2963.28
2963.55
2963.902
2964.254
2964.606
2964.958
2965.31
2965.662
2966.014
2966.366
2966.718
2967.07
2967.422
2967.774
2968.126
2968.478
2968.83
2969.255
2969.68
2970.105
2970.53
2970.955
2971.38
2971.805
2972.23
2972.655
2973.08
2973.509
2974.157
2974.805
2975.453
2976.101
2976.75
2976.994
2977.238
2977.482
2977.726
2977.97
2978.214
2978.458
2978.702
2978.946
2979.19
2979.434
2979.678
2979.92
2980.4
2980.88
2981.36
2981.84
2982.32
2982.8
2983.44
2984.08
2984.72
2985.113
2985.506
2985.899
2986.292
2986.685
2987.078
2987.471
2987.864
2988.257
2988.65
2989.043
2989.436
2989.83
2990.092
2990.354
2990.616
2990.878
2991.14
2991.402
2991.664
2991.926
2992.188
2992.45
2992.712
2992.974
2993.23
2993.757
2994.284
2994.811
2995.338
2995.865
2996.392
2996.919
2997.446
2997.973
2998.5
2999.027
2999.55
2999.935
3000.32
3000.705
3001.063
3001.421
3001.779
3002.137
3002.495
3002.853
3003.214
3003.447
3003.68
3003.913
3004.146
3004.38
3006.034
3006.7
3007.212
3007.724
3008.236
3008.748
3009.26
3009.77
3010.63
3011.03
3011.43
3011.83
3012.23
3012.63
3013.03
3013.376
3013.722
3014.068
3014.414
3014.76
3015.106
3015.452
3015.8
3016.415
3017.03
3017.645
3018.26
3018.875
3019.49
3019.736
3019.982
3020.228
3020.474
3020.72
3020.966
3021.212
3021.458
3021.7
3023.342
3024.984
3026.626
3028.268
3029.91
3030.187
3030.464
3030.74
3031.028
3031.316
3031.604
3031.892
3032.18
3032.468
3032.756
3033.044
3033.332
3033.62
3033.908
3034.196
3034.48
3034.923
3035.366
3035.809
3036.252
3036.695
3037.14
3037.473
3037.806
3038.139
3038.472
3038.805
3039.138
3039.471
3039.804
3040.137
3040.47
3040.803
3041.136
3041.47
3041.77
3042.07
3042.37
3042.67
3042.97
3043.27
3043.57
3043.87
3044.17
3045.022
3045.874
3046.726
3047.578
3048.43
3049.282
3050.134
3050.986
3051.84
3052.63
3053.528
3054.426
3055.324
3056.222
3057.12
3058.018
3058.916
3059.814
3060.71
3060.948
3061.186
3061.424
3061.662
3061.9
3062.103
3062.306
3062.509
3062.712
3062.915
3063.118
3063.321
3063.524
3063.727
3063.93
3064.133
3064.34
3064.524
3064.708
3064.892
3065.076
3065.26
3065.444
3065.628
3065.81
3066.006
3066.202
3066.398
3066.594
3066.79
3066.986
3067.182
3067.378
3067.574
3067.768
3067.979
3068.19
3068.401
3068.612
3068.823
3069.034
3069.245
3069.456
3069.667
3069.878
3070.089
3070.3
3070.51
3071.39
3071.604
3071.818
3072.032
3072.246
3072.46
3072.674
3072.888
3073.102
3073.32
3073.469
3073.618
3073.767
3073.916
3074.065
3074.214
3074.363
3074.512
3074.66
3074.827
3074.994
3075.161
3075.328
3075.495
3075.662
3075.829
3075.996
3076.163
3076.33
3076.497
3076.66
3076.862
3077.064
3077.266
3077.468
3077.67
3078.905
3080.14
3080.338
3080.536
3080.734
3080.932
3081.13
3081.328
3081.526
3081.724
3081.922
3082.12
3082.318
3082.52
3083.14
3083.76
3084.38
3085.0
3085.62
3086.24
3086.86
3087.277
3087.694
3088.111
3088.528
3088.945
3089.362
3089.779
3090.196
3090.61
3090.907
3091.204
3091.501
3091.798
3092.095
3092.392
3092.689
3092.986
3093.283
3093.58
3093.88
3094.689
3095.498
3096.92
3097.54
3098.16
3098.707
3099.255
3099.803
3100.351
3100.899
3101.447
3101.995
3102.54
3102.852
3103.164
3103.476
3103.788
3104.1
3104.412
3104.724
3105.036
3105.348
3105.66
3105.981
3106.302
3106.623
3106.944
3107.265
3107.586
3107.907
3108.228
3108.55
3108.776
3109.002
3109.228
3109.454
3109.68
3109.906
3110.132
3110.358
3110.58
3110.852
3111.124
3111.396
3111.668
3111.94
3112.212
3112.484
3112.756
3113.028
3113.301
3116.7
3117.89
3119.08
3119.448
3119.815
3120.182
3120.55
3120.97
3121.39
3121.81
3122.23
3122.65
3123.07
3123.49
3123.786
3124.082
3124.378
3124.674
3124.97
3125.266
3125.56
3126.17
3126.78
3127.22
3127.66
3127.953
3128.246
3128.54
3128.82
3129.1
3129.38
3129.66
3129.94
3130.22
3130.499
3130.753
3131.007
3131.261
3131.515
3131.769
3132.023
3132.277
3132.531
3132.785
3133.04
3133.205
3133.37
3133.535
3133.7
3133.971
3134.242
3134.513
3134.784
3135.055
3135.325
3135.582
3135.839
3136.096
3136.353
3136.61
3136.867
3137.124
3137.381
3137.64
3137.97
3138.3
3138.63
3138.96
3139.29
3139.62
3139.946
3140.272
3140.598
3140.924
3141.25
3141.576
3141.902
3142.23
3142.519
3142.808
3143.097
3143.386
3143.675
3143.964
3144.253
3144.542
3144.831
3145.12
3145.409
3145.697
3145.895
3146.093
3146.291
3146.489
3146.687
3146.885
3147.083
3147.28
3147.645
3148.01
3148.375
3148.74
3149.105
3149.47
3149.835
3150.2
3150.565
3150.93
3151.295
3151.66
3151.983
3152.306
3152.629
3152.952
3153.275
3153.596
3153.887
3154.178
3154.469
3154.76
3155.052
3155.345
3155.608
3155.871
3156.134
3156.397
3156.66
3156.923
3157.186
3157.45
3157.635
3157.82
3158.005
3158.19
3158.375
3158.56
3158.745
3158.93
3159.115
3159.3
3159.486
3159.849
3160.212
3160.575
3160.938
3161.301
3161.664
3162.027
3162.39
3162.753
3163.12
3163.552
3163.984
3164.416
3164.848
3165.28
3165.712
3166.144
3166.579
3166.77
3166.961
3167.152
3167.343
3167.534
3167.725
3167.916
3168.107
3168.298
3168.489
3168.68
3168.87
3169.283
3169.696
3170.11
3170.347
3170.584
3170.821
3171.059
3171.267
3171.475
3171.683
3171.891
3172.099
3172.307
3172.515
3172.723
3172.931
3173.139
3173.35
3173.605
3173.86
3174.115
3174.37
3174.625
3174.88
3175.135
3175.39
3175.645
3175.9
3176.16
3176.54
3176.92
3177.3
3177.68
3177.95
3178.22
3178.49
3178.76
3179.031
3179.302
3179.573
3179.844
3180.018
3180.192
3180.366
3180.54
3180.714
3180.888
3181.062
3181.236
3181.41
3181.584
3181.76
3181.916
3182.072
3182.228
3182.384
3182.54
3182.696
3182.852
3183.01
3183.206
3183.402
3183.598
3183.794
3183.99
3184.186
3184.382
3184.578
3184.774
3184.97
3187.67
3188.892
3190.114
3191.336
3192.558
3193.78
3195.0
3195.418
3195.836
3196.254
3196.672
3197.09
3197.508
3197.926
3198.344
3198.76
3199.72
3200.13
3200.54
3200.95
3201.36
3201.77
3202.18
3202.59
3203.0
3203.41
3203.82
3204.23
3204.64
3205.05
3205.58
3206.11
3206.64
3207.17
3207.7
3207.958
3208.216
3208.474
3208.732
3208.99
3209.248
3209.506
3209.764
3210.022
3210.28
3210.54
3210.785
3211.03
3211.275
3211.52
3211.765
3212.009
3212.265
3212.521
3212.777
3213.033
3213.289
3213.545
3213.8
3214.17
3214.54
3214.91
3215.28
3215.73
3216.18
3216.63
3217.08
3217.53
3217.98
3218.43
3218.88
3219.293
3219.706
3220.119
3220.532
3220.945
3221.36
3221.706
3222.052
3222.398
3222.744
3223.09
3223.436
3223.782
3224.128
3224.474
3224.82
3225.14
3225.46
3225.78
3226.1
3226.427
3226.754
3227.081
3227.408
3227.735
3228.062
3228.389
3228.716
3229.04
3229.511
3229.982
3230.453
3230.924
3231.395
3231.866
3232.337
3232.81
3233.291
3233.772
3234.253
3234.734
3235.215
3235.696
3236.177
3236.66
3237.067
3237.474
3237.88
3238.148
3238.416
3238.684
3238.952
3239.22
3239.487
3239.755
3240.02
3240.366
3240.712
3241.058
3241.404
3241.75
3242.096
3242.44
3242.722
3243.005
3243.288
3243.57
3243.828
3244.086
3244.343
3244.601
3244.859
3245.117
3245.375
3245.63
3246.158
3246.686
3247.214
3247.742
3248.27
3248.87
3248.87
