21.83
22.08
22.33
22.58
22.83
23.08
23.33
23.58
23.83
24.075
24.32
24.565
24.81
25.055
25.3
26.208
27.116
28.024
28.932
29.84
30.151
30.462
30.773
31.084
31.395
31.706
32.017
32.328
32.64
32.859
33.078
33.297
33.516
33.735
33.954
34.17
34.391
34.612
34.833
35.054
35.275
35.496
35.717
35.94
36.365
36.79
37.215
37.64
38.065
38.49
38.915
39.34
39.765
40.19
40.615
41.04
41.465
41.89
42.312
42.501
42.69
42.879
43.068
43.257
43.446
43.635
43.824
44.013
44.202
44.391
44.58
44.77
45.097
45.424
45.751
46.078
46.405
46.732
47.059
47.386
47.713
48.04
48.367
48.694
49.021
49.348
49.675
50.0
51.324
52.648
53.972
55.296
56.62
57.12
57.936
58.106
58.276
58.446
58.616
58.786
58.956
59.126
59.296
59.466
59.636
59.81
60.088
60.366
60.644
60.922
61.2
61.478
61.756
62.034
62.31
62.811
63.312
63.813
64.314
64.815
65.316
65.817
66.32
66.485
66.65
66.815
66.98
67.145
67.31
67.475
67.64
67.805
67.97
68.135
68.3
68.465
68.63
68.857
69.084
69.311
69.538
69.765
69.992
70.219
70.446
70.673
70.9
71.129
71.308
71.487
71.666
71.845
72.024
72.203
72.382
72.561
72.74
72.92
73.135
73.35
73.565
73.78
73.995
74.21
74.425
74.64
74.855
75.07
75.558
76.046
76.534
77.022
77.51
77.998
78.486
78.974
79.46
79.749
80.038
80.327
80.616
80.905
81.194
81.483
81.77
82.61
83.45
83.659
83.868
84.077
84.286
84.495
84.704
84.913
85.12
85.93
86.74
87.55
88.36
89.17
89.982
90.324
90.666
91.008
91.35
91.69
91.933
92.176
92.419
92.662
92.905
93.148
93.391
93.634
93.877
94.12
94.358
94.916
95.474
96.032
96.274
96.516
96.758
97.0
97.24
97.676
98.112
98.548
98.984
99.42
99.856
100.292
100.73
101.666
102.602
103.538
104.474
105.41
105.859
106.308
106.757
107.206
107.655
108.104
108.553
109.002
109.452
109.734
110.016
110.298
110.58
110.851
111.122
111.393
111.664
111.935
112.205
113.748
115.291
116.834
118.376
118.641
118.906
119.171
119.436
119.701
119.966
120.23
120.77
121.31
122.002
122.694
123.386
124.08
124.424
124.768
125.112
125.456
125.8
126.144
126.49
126.999
127.508
128.017
128.526
129.035
129.544
130.05
130.412
130.774
131.136
131.498
131.86
132.222
132.584
132.946
133.31
133.551
133.792
134.033
134.274
134.515
134.756
134.997
135.238
135.48
135.94
136.4
136.86
137.32
137.78
138.24
138.7
139.16
139.62
140.08
140.54
140.858
141.177
141.495
141.814
142.132
142.451
142.769
143.088
143.404
143.72
144.036
144.352
144.669
144.992
145.315
145.638
145.96
146.504
147.048
147.592
148.136
148.68
148.871
149.062
149.253
149.444
149.635
149.826
150.017
150.208
150.399
150.59
150.781
150.972
151.163
151.36
151.539
151.718
151.897
152.076
152.255
152.434
152.613
152.792
152.971
153.151
153.348
153.545
153.742
153.939
154.136
154.333
154.53
154.744
154.958
155.172
155.386
155.6
155.814
156.028
156.242
156.456
156.67
156.884
157.098
157.312
157.526
157.74
157.95
158.321
158.692
159.063
159.434
159.805
160.176
160.55
160.913
161.276
161.64
161.889
162.138
162.387
162.636
162.885
163.134
163.38
163.712
164.044
164.376
164.708
165.04
165.372
165.704
166.036
166.368
166.7
167.03
167.305
167.58
167.855
168.13
168.405
168.68
168.955
169.23
169.505
169.78
170.14
170.5
170.86
171.22
171.58
171.94
172.3
173.182
174.064
174.946
175.828
176.71
177.59
178.46
178.918
179.376
179.834
180.292
180.75
181.208
181.666
182.124
182.582
183.042
183.291
183.54
183.789
184.038
184.287
184.536
184.744
184.952
185.161
185.405
185.649
185.893
186.137
186.381
186.625
186.869
187.084
187.299
187.514
187.729
187.944
188.159
188.374
188.589
188.804
189.018
189.267
189.516
189.765
190.014
190.263
190.512
190.761
191.01
191.259
191.508
191.757
192.006
192.26
192.427
192.594
192.76
193.118
193.476
193.834
194.192
194.55
194.908
195.266
195.624
195.982
196.34
196.694
197.192
197.69
198.188
198.686
199.184
199.682
200.18
200.678
201.176
201.67
201.999
202.328
202.657
202.985
204.344
205.703
207.062
208.422
208.612
208.802
208.992
209.182
209.372
209.562
209.752
209.942
210.13
210.348
210.566
210.784
211.002
211.22
211.438
211.656
211.874
212.092
212.31
212.53
212.816
213.102
213.388
213.675
214.372
215.069
215.766
216.463
217.16
217.461
217.762
218.063
218.364
218.665
218.966
219.267
219.566
220.294
221.022
221.75
222.478
223.206
223.934
224.662
225.39
226.118
226.844
230.73
230.926
231.122
231.318
231.514
231.71
231.906
232.102
232.298
232.494
232.69
233.005
233.32
233.635
233.95
234.265
234.58
234.895
235.21
235.525
235.84
236.15
236.403
236.656
236.909
237.162
237.415
237.67
237.854
238.038
238.222
238.406
238.59
238.774
238.958
239.14
239.36
239.58
239.8
240.11
240.42
240.73
241.04
241.35
241.66
241.97
242.2
242.43
242.66
242.89
243.12
243.35
243.58
243.81
244.04
244.359
244.678
244.997
245.316
245.635
245.954
246.273
246.592
246.91
247.373
247.835
248.298
248.76
249.032
249.304
249.576
249.848
250.12
250.392
250.664
250.936
251.208
251.48
251.75
251.989
252.228
252.467
252.706
252.945
253.184
253.423
253.662
253.901
254.14
254.379
254.618
254.86
255.352
255.844
256.336
256.828
257.32
257.81
258.869
259.928
260.987
262.046
263.105
264.162
264.375
264.589
264.803
265.017
265.231
265.445
265.659
265.87
266.172
266.474
266.776
267.078
267.38
267.68
267.849
268.018
268.187
268.356
268.525
268.694
268.863
269.032
269.2
269.539
269.878
270.217
270.556
270.895
271.234
271.573
271.91
272.123
272.335
272.547
272.76
272.972
273.184
273.397
273.61
273.842
274.074
274.306
274.538
274.77
275.0
275.426
275.852
276.278
276.704
277.13
277.556
277.982
278.408
278.834
279.26
279.686
280.112
280.538
280.964
281.39
281.748
282.106
282.464
282.822
283.18
283.538
283.896
284.254
284.612
284.97
285.328
285.68
286.188
286.696
287.204
287.712
288.22
288.728
289.236
289.744
290.252
290.76
291.805
292.85
293.895
294.94
295.362
295.784
296.206
296.628
297.05
297.472
297.894
298.316
298.738
299.16
299.582
300.004
300.42
300.984
301.548
302.112
302.676
303.24
303.51
303.78
304.05
304.32
304.59
304.86
305.13
305.4
305.67
305.94
306.527
307.114
307.701
308.288
308.875
309.46
309.672
309.884
310.096
310.308
310.521
310.77
311.02
315.87
316.067
316.264
316.462
316.659
316.856
317.053
317.25
317.447
317.644
317.841
318.038
318.24
318.447
318.654
318.861
319.068
319.275
319.482
319.689
319.896
320.103
320.31
320.517
320.724
320.93
321.637
322.344
323.051
323.758
324.465
325.172
325.876
326.072
326.268
326.464
326.66
326.856
327.052
327.25
327.794
328.338
328.882
329.426
329.97
330.514
331.058
331.602
332.15
332.524
332.898
333.272
333.646
334.02
334.394
334.77
335.13
335.49
335.85
336.21
336.57
336.93
337.29
337.65
338.01
338.37
338.817
339.264
339.712
340.16
340.547
340.934
341.321
341.708
342.095
342.482
342.87
343.396
343.922
344.448
344.974
345.5
345.781
346.062
346.343
346.624
346.905
347.186
347.467
347.748
348.029
348.31
348.591
348.872
349.15
349.494
349.838
350.182
350.526
350.87
351.214
351.558
351.902
352.246
352.59
352.93
353.332
353.734
354.136
354.538
354.94
355.342
355.744
356.146
356.548
356.95
357.2
357.45
357.7
357.95
358.2
358.45
358.7
358.95
359.2
359.468
359.736
360.004
360.272
360.54
360.808
361.076
361.344
361.612
361.88
362.148
362.42
362.668
362.916
363.164
363.412
363.66
363.908
364.156
364.404
364.652
364.9
365.15
365.47
365.79
366.11
366.43
366.75
367.07
367.39
367.71
368.03
368.479
368.928
369.377
369.826
370.275
370.724
371.173
371.62
371.956
372.292
372.628
372.964
373.3
373.636
373.972
374.308
374.644
374.98
375.22
375.46
375.7
375.94
376.18
376.42
376.66
376.9
377.14
377.38
377.62
377.86
378.1
378.499
378.898
379.297
379.696
380.095
380.494
380.893
381.292
381.69
382.562
383.434
384.306
385.178
386.05
386.259
386.468
386.677
386.886
387.095
387.304
387.513
387.722
387.931
388.14
388.644
389.148
389.652
390.156
390.66
391.164
391.67
391.977
392.284
392.591
392.898
393.205
393.51
394.86
395.217
395.574
395.931
396.288
396.645
397.0
397.402
397.804
398.206
398.608
399.01
399.41
399.955
400.5
401.046
401.368
401.69
402.012
402.334
402.656
402.978
405.876
406.62
407.364
408.107
408.85
409.202
409.554
409.906
410.258
410.61
410.835
411.06
411.285
411.51
411.735
411.96
412.185
412.41
412.635
412.86
413.212
413.564
413.917
414.27
414.597
414.924
415.25
415.842
416.434
417.027
417.62
418.06
418.5
418.94
419.38
419.82
420.26
420.7
421.142
421.533
421.924
422.315
422.706
423.097
423.49
423.843
424.196
424.549
424.902
425.255
425.61
426.029
426.448
426.867
427.286
427.705
428.124
428.54
428.923
429.306
429.689
430.072
430.455
430.838
431.22
431.544
431.868
432.192
432.516
432.84
433.164
433.488
433.812
434.14
434.508
434.876
435.244
435.612
435.98
436.205
436.43
436.655
436.88
437.105
437.33
437.555
437.78
438.005
438.23
438.455
438.732
439.009
439.286
439.564
440.32
440.573
440.826
441.079
441.332
441.585
441.84
442.29
442.74
443.19
443.64
444.09
444.54
444.99
445.44
445.89
446.34
446.79
447.24
447.69
448.14
448.431
448.722
449.013
449.304
449.595
449.886
450.179
450.333
450.487
450.641
450.795
450.949
451.103
451.257
451.411
451.565
451.72
451.995
452.27
452.545
452.82
453.095
453.37
453.645
453.92
454.195
454.47
454.74
455.05
455.36
455.67
455.98
456.29
456.6
456.887
457.174
457.461
457.748
458.035
458.322
458.609
458.896
459.183
459.47
459.757
460.044
460.331
460.618
460.9
461.232
461.564
461.896
462.228
462.56
462.892
463.224
463.556
463.888
464.22
464.55
464.999
465.448
465.897
466.346
466.795
467.244
467.693
468.142
468.591
469.04
469.489
469.94
470.208
470.476
470.744
471.012
471.28
471.548
471.816
472.084
472.352
472.62
472.89
473.219
473.548
473.877
474.206
474.535
474.864
475.193
475.522
475.851
476.18
476.509
476.84
477.228
477.616
478.004
478.392
478.78
479.168
479.556
479.944
480.332
480.72
481.108
481.496
481.88
482.201
482.522
482.843
483.164
483.485
483.806
484.127
484.448
484.769
485.09
485.411
485.732
486.05
486.586
487.122
487.658
488.194
488.73
489.266
489.802
490.338
490.875
491.2
491.525
491.85
492.175
492.5
492.825
493.15
493.475
493.8
494.196
494.592
494.988
495.384
495.78
496.176
496.572
496.968
497.36
497.567
497.774
497.981
498.188
498.395
498.602
498.809
499.016
499.223
499.43
499.824
500.218
500.612
501.006
501.4
501.794
502.188
502.582
502.98
503.374
503.768
504.162
504.556
504.95
505.344
505.738
506.132
506.526
506.92
507.567
508.214
508.861
509.508
510.155
510.802
511.449
512.096
512.743
513.39
514.037
514.684
515.331
515.98
516.538
517.096
517.654
518.212
518.769
519.327
519.885
520.44
520.692
520.944
521.196
521.448
521.7
521.952
522.204
522.456
522.708
522.96
523.212
523.46
523.73
524.0
524.27
524.54
524.81
525.08
525.265
525.45
525.635
525.82
526.005
526.19
526.375
526.56
526.745
526.93
527.115
527.3
527.49
528.57
529.65
530.085
530.52
530.955
531.39
531.825
532.26
532.695
533.13
533.516
533.902
534.288
534.674
535.06
535.446
535.832
536.218
536.604
536.99
537.376
537.762
538.15
538.328
538.506
538.684
538.862
539.04
539.218
539.396
539.574
539.75
540.342
540.934
541.526
542.118
542.71
543.302
543.894
544.486
545.078
545.67
546.262
546.85
547.139
547.428
547.717
548.006
548.295
548.584
548.873
549.162
549.451
549.74
550.029
550.318
550.607
550.896
551.185
551.48
551.823
552.166
552.509
552.852
553.195
553.538
553.881
554.224
554.567
554.91
555.253
555.596
555.939
556.28
556.48
556.68
556.88
557.08
557.28
557.48
557.68
557.88
558.08
558.28
558.476
558.624
558.772
558.92
559.068
559.216
559.364
559.512
559.66
559.808
559.956
560.1
560.305
560.51
560.715
560.92
561.125
561.33
561.535
561.74
561.945
562.15
562.355
562.56
562.765
562.97
563.18
563.628
564.076
564.524
564.972
565.42
565.654
565.888
566.122
566.356
566.59
566.824
567.058
567.292
567.526
567.76
567.994
568.228
568.462
568.69
569.034
569.378
569.722
570.066
570.41
570.754
571.098
571.44
571.699
571.958
572.217
572.476
572.735
572.994
573.253
573.512
573.771
574.03
574.289
574.548
574.807
575.07
575.306
575.542
575.778
576.014
576.25
576.486
576.722
576.958
577.194
577.43
578.103
578.776
579.449
580.122
580.795
581.468
582.14
582.578
583.016
583.454
583.892
584.33
584.77
585.228
585.686
586.144
586.602
587.06
587.518
587.976
588.434
588.892
589.35
589.808
590.27
590.871
591.472
592.073
592.674
593.275
593.876
594.477
595.078
595.679
596.28
596.88
597.605
598.33
598.643
598.956
599.269
599.582
599.895
600.208
600.521
600.834
601.147
601.46
601.77
601.998
602.226
602.454
602.682
602.91
603.138
603.366
603.594
603.822
604.05
604.278
604.506
604.73
605.143
605.556
605.969
606.382
606.794
607.207
607.62
608.033
608.446
608.859
609.272
609.68
610.283
610.886
611.489
612.092
612.695
613.298
613.901
614.504
615.107
615.71
616.31
616.634
616.958
617.282
617.606
617.93
618.254
618.578
618.9
619.374
619.848
620.322
620.796
621.27
621.744
622.218
622.692
623.166
623.64
624.11
624.319
624.528
624.737
624.946
625.155
625.364
625.573
625.782
625.991
626.2
626.409
626.62
626.954
627.288
627.622
627.956
628.29
628.624
628.958
629.292
629.626
629.96
630.294
630.628
630.962
631.296
631.63
632.654
633.678
634.702
635.726
636.75
637.771
638.561
639.351
640.141
640.931
641.72
642.02
642.32
642.62
642.92
643.22
645.39
648.113
650.837
651.129
651.421
651.713
652.005
652.297
652.589
652.881
653.17
653.612
654.054
654.496
654.938
655.38
655.822
656.264
656.706
657.148
657.59
658.032
658.47
658.959
659.448
659.937
660.426
660.915
661.404
661.893
662.382
662.871
663.36
663.849
664.338
664.827
665.316
665.805
666.289
666.459
666.629
666.799
666.969
667.139
667.309
667.479
667.649
667.819
667.989
668.159
668.33
668.555
668.78
669.005
669.23
669.455
669.68
669.905
670.13
670.355
670.58
671.06
671.54
672.02
672.5
672.98
673.46
673.94
674.126
674.312
674.498
674.684
674.87
675.056
675.242
675.428
675.61
675.854
676.098
676.342
676.586
676.83
677.074
677.318
677.562
677.806
678.05
678.261
678.472
678.683
678.894
679.105
679.316
679.527
679.74
680.011
680.282
680.553
680.824
681.095
681.366
681.64
682.777
683.914
685.051
686.188
687.325
688.462
689.6
690.1
690.468
690.836
691.204
691.572
691.94
692.31
692.641
692.972
693.303
693.635
694.919
696.203
697.487
698.77
699.064
699.358
699.652
699.946
700.24
700.534
700.828
701.122
701.416
701.71
702.004
702.298
702.592
702.886
703.18
704.835
706.49
708.145
709.8
710.089
710.378
710.667
710.956
711.245
711.534
711.823
712.11
713.438
714.766
716.094
717.422
718.752
721.68
722.381
723.082
723.784
724.486
724.925
725.364
725.803
726.242
726.681
727.12
727.559
727.998
728.44
728.652
728.864
729.076
729.288
729.5
729.71
731.53
731.778
732.026
732.274
732.522
732.77
733.018
733.266
733.514
733.762
734.01
734.258
734.51
734.71
734.91
735.11
735.31
735.51
735.71
735.91
736.11
736.31
736.51
736.71
736.91
737.127
737.344
737.562
737.779
737.996
738.213
738.43
738.647
738.865
739.082
739.299
739.52
739.871
740.222
740.573
740.924
741.275
741.626
741.98
742.273
742.566
742.859
743.152
743.445
743.738
744.031
744.324
744.617
744.91
745.203
745.496
745.789
746.082
746.38
746.806
747.232
747.658
748.084
748.51
748.936
749.362
749.788
750.21
751.155
752.1
752.403
752.706
753.009
753.31
753.513
753.716
753.919
754.122
754.325
754.53
754.816
755.102
755.388
755.674
755.96
756.246
756.532
756.818
757.104
757.39
757.676
757.962
758.248
758.54
758.781
759.022
759.263
759.504
759.745
759.986
760.227
760.468
760.709
760.95
761.429
761.908
762.387
762.866
763.345
763.824
764.3
764.69
765.08
765.47
765.86
766.25
766.64
767.03
767.42
768.083
768.746
769.409
770.072
770.735
771.398
772.061
772.724
773.387
774.05
774.713
775.376
776.04
776.555
777.07
777.586
778.154
778.722
779.289
780.08
781.209
782.338
783.467
784.596
785.725
786.854
787.983
789.112
790.24
790.913
791.586
792.259
792.932
793.605
794.278
794.951
795.624
796.297
796.97
797.643
798.32
801.21
804.1
804.44
804.78
805.12
805.46
805.8
806.14
806.48
806.82
807.16
807.5
807.837
808.115
808.393
808.67
809.284
809.897
810.164
810.431
810.698
810.965
811.23
811.682
812.134
812.586
813.038
813.49
813.942
814.394
814.846
815.298
815.75
816.2
816.444
816.688
816.932
817.176
817.42
817.664
817.908
818.152
818.4
818.635
818.87
819.106
819.341
819.577
819.812
820.048
820.284
820.629
820.974
821.319
821.664
822.009
822.354
822.7
823.061
823.422
823.783
824.144
824.505
824.866
825.23
825.547
825.864
826.181
826.498
826.815
827.132
827.449
827.766
828.083
828.4
828.717
829.034
829.35
829.815
830.28
830.745
831.21
831.675
832.14
832.605
833.07
833.535
834.0
834.324
834.648
834.972
835.296
835.62
835.944
836.268
836.592
836.916
837.24
837.596
837.952
838.308
838.664
839.02
839.376
839.732
840.088
840.444
840.8
841.16
841.38
841.6
841.82
842.04
842.26
842.48
842.7
842.92
843.14
843.36
843.58
843.804
844.443
845.082
845.721
846.36
846.999
847.638
848.277
848.916
849.555
850.194
850.833
851.47
851.7
851.93
852.16
852.39
852.62
852.85
853.08
853.31
853.54
853.77
854.238
854.706
855.174
855.642
856.11
856.578
857.046
857.514
857.982
858.45
858.92
859.276
859.632
859.988
860.344
860.7
860.93
861.16
861.39
861.62
861.85
862.08
862.31
862.558
862.806
863.054
863.302
863.55
863.798
864.046
864.296
864.468
864.64
864.812
864.984
865.156
865.328
865.5
865.67
866.121
866.572
867.023
867.474
867.925
868.376
868.827
869.28
869.544
869.808
870.072
870.336
870.6
870.864
871.128
871.39
871.889
872.388
872.887
873.386
873.885
874.384
874.883
875.38
875.643
875.906
876.169
876.432
876.695
876.96
878.801
880.642
882.483
884.324
886.165
888.006
889.85
890.109
890.368
890.627
890.886
891.145
891.404
891.663
891.92
892.315
892.71
893.105
893.5
893.895
894.29
894.685
895.08
895.475
895.87
896.183
896.495
896.808
897.12
897.433
897.745
898.058
898.37
898.615
898.86
899.105
899.35
899.595
899.84
900.093
900.346
900.599
900.852
901.105
901.358
901.611
901.864
902.117
902.37
902.623
902.876
903.129
903.324
903.519
903.714
903.909
904.104
904.299
904.494
904.689
904.884
905.079
905.274
905.469
905.67
906.122
906.574
907.026
907.478
907.93
908.382
908.834
909.286
909.738
910.19
910.514
910.838
911.162
911.486
911.81
912.134
912.46
913.024
913.588
914.152
914.716
915.28
915.844
916.408
916.972
917.536
918.1
918.66
919.014
919.368
919.722
920.076
920.43
920.784
921.14
921.495
921.85
922.205
922.56
922.915
923.27
923.625
923.977
924.731
925.485
926.239
926.993
927.747
928.502
928.794
929.086
929.378
929.67
929.96
930.26
930.56
930.86
931.16
931.46
931.798
932.136
932.474
932.812
933.002
933.192
933.382
933.572
933.762
933.952
934.142
934.332
934.52
934.782
935.044
935.306
935.568
935.83
936.09
937.147
946.75
950.914
951.372
951.83
952.145
952.46
953.49
954.52
955.55
956.58
957.61
958.64
959.243
959.846
960.449
961.052
961.655
962.258
962.86
963.172
963.484
963.796
964.108
964.42
964.732
965.044
965.356
965.665
966.079
966.493
966.907
967.321
967.735
968.149
968.563
968.98
969.378
969.776
970.174
970.572
970.97
971.368
971.766
972.164
972.56
973.143
973.726
974.309
974.892
975.475
976.058
976.64
976.984
977.328
977.672
978.016
978.359
978.52
978.681
978.842
979.003
979.164
979.325
979.486
979.65
979.894
980.138
980.382
980.626
980.87
981.175
981.48
981.785
982.09
982.395
982.7
983.005
983.31
983.615
983.92
984.253
984.586
984.919
985.252
985.585
985.918
986.251
986.584
986.917
987.25
987.58
988.24
988.9
989.56
990.22
990.88
991.54
991.827
992.114
992.4
993.119
993.838
994.557
995.276
995.995
996.712
997.64
999.74
1000.055
1000.37
1000.685
1001.0
1001.315
1001.63
1002.982
1004.334
1005.686
1007.038
1008.39
1009.74
1010.288
1010.836
1011.384
1011.932
1012.48
1013.03
1013.52
1014.01
1014.5
1014.99
1015.48
1015.97
1016.46
1019.58
1022.7
1025.819
1026.321
1026.823
1027.325
1027.827
1028.329
1028.831
1029.333
1029.835
1030.186
1030.537
1030.888
1031.239
1031.59
1031.941
1032.292
1032.64
1032.914
1033.188
1033.462
1033.736
1034.01
1034.284
1034.558
1034.829
1035.058
1035.287
1035.516
1035.745
1035.974
1036.203
1036.432
1036.661
1036.89
1037.119
1037.349
1038.49
1038.821
1039.152
1039.483
1039.814
1040.145
1040.476
1040.81
1041.614
1042.418
1043.222
1044.026
1044.829
1045.445
1046.061
1046.677
1047.294
1047.96
1048.192
1048.424
1048.656
1048.888
1049.12
1049.35
1049.684
1050.018
1050.352
1050.686
1051.02
1051.354
1051.69
1051.92
1052.15
1052.38
1052.61
1052.84
1053.07
1053.3
1053.53
1054.011
1054.492
1054.973
1055.454
1055.935
1056.416
1056.897
1057.378
1057.859
1058.34
1058.706
1059.072
1059.438
1059.804
1060.17
1060.536
1060.902
1061.268
1061.634
1062.0
1062.37
1062.588
1062.806
1063.024
1063.242
1063.46
1063.678
1063.896
1064.114
1064.332
1064.55
1064.77
1065.285
1065.8
1066.315
1066.83
1067.345
1067.86
1068.375
1068.89
1069.1
1069.31
1069.52
1069.73
1069.94
1070.15
1070.36
1070.736
1071.112
1071.488
1071.864
1072.24
1072.616
1072.992
1073.364
1073.541
1073.718
1073.895
1074.072
1074.249
1074.426
1074.603
1074.78
1075.664
1076.548
1077.432
1078.316
1079.2
1080.084
1080.97
1081.448
1081.927
1082.116
1082.305
1082.494
1082.683
1082.872
1083.061
1083.25
1083.439
1083.628
1083.817
1084.01
1084.226
1084.442
1084.658
1084.874
1085.09
1085.306
1085.522
1085.738
1085.954
1086.17
1086.39
1087.147
1087.904
1088.66
1088.907
1089.154
1089.401
1089.648
1089.895
1090.14
1090.357
1090.574
1090.79
1091.115
1091.44
1091.765
1092.09
1092.414
1092.852
1093.29
1094.219
1094.41
1094.601
1094.792
1094.983
1095.174
1095.365
1095.556
1095.747
1095.938
1096.129
1096.32
1096.51
1097.14
1097.675
1098.21
1098.731
1099.251
1099.519
1099.787
1100.055
1100.323
1100.591
1100.859
1101.13
1101.41
1101.69
1101.97
1102.25
1102.53
1102.81
1103.09
1103.39
1103.69
1103.99
1104.29
1104.59
1104.89
1105.19
1105.49
1105.79
1106.09
1106.39
1106.69
1106.912
1107.134
1107.356
1107.578
1107.8
1108.022
1108.244
1108.466
1108.69
1109.034
1109.378
1109.722
1110.066
1110.41
1110.754
1111.1
1111.785
1112.47
1113.155
1113.84
1114.044
1114.248
1114.452
1114.656
1114.86
1115.064
1115.27
1115.487
1115.704
1115.921
1116.138
1116.353
1116.597
1116.841
1117.085
1117.329
1117.573
1117.817
1118.061
1118.305
1118.549
1118.79
1118.996
1119.202
1119.408
1119.614
1119.82
1120.026
1120.232
1120.44
1121.003
1121.565
1122.128
1122.69
1123.253
1123.815
1124.378
1124.94
1125.447
1125.954
1126.46
1127.211
1127.962
1128.713
1129.464
1130.215
1130.966
1131.717
1132.468
1133.223
1133.48
1133.737
1133.994
1134.251
1134.508
1134.764
1135.044
1135.324
1135.604
1135.885
1136.51
1136.77
1137.03
1137.29
1137.55
1137.81
1138.07
1138.33
1138.59
1138.85
1139.11
1139.302
1139.494
1139.686
1139.878
1140.07
1140.262
1140.454
1140.646
1140.838
1141.03
1141.497
1141.965
1142.432
1142.9
1143.086
1143.272
1143.458
1143.644
1143.83
1144.016
1144.202
1144.388
1144.57
1145.119
1145.668
1146.217
1146.766
1147.315
1147.864
1148.413
1148.962
1149.511
1150.06
1150.61
1150.816
1151.022
1151.228
1151.434
1151.64
1151.846
1152.052
1152.258
1152.467
1152.675
1152.883
1153.091
1153.299
1153.507
1153.715
1153.923
1154.131
1154.339
1154.55
1154.987
1155.425
1155.862
1156.3
1156.578
1156.856
1157.134
1157.412
1157.69
1157.968
1158.246
1158.524
1158.8
1159.078
1159.356
1159.634
1159.912
1160.19
1160.468
1160.746
1161.024
1161.302
1161.58
1161.912
1162.244
1162.576
1162.908
1163.24
1163.572
1163.904
1164.236
1164.568
1164.9
1165.204
1165.508
1165.812
1166.116
1166.42
1166.724
1167.028
1167.332
1167.64
1168.1
1168.56
1169.02
1169.48
1169.94
1170.4
1170.86
1171.32
1171.78
1172.24
1172.7
1173.049
1173.398
1173.747
1174.096
1174.445
1174.794
1175.143
1175.492
1175.841
1176.19
1176.539
1176.89
1177.41
1177.93
1178.45
1178.97
1179.49
1179.846
1180.202
1180.558
1180.914
1181.27
1181.626
1181.982
1182.336
1182.539
1182.742
1182.945
1183.148
1183.351
1183.554
1183.757
1183.96
1184.313
1184.666
1185.019
1185.372
1185.725
1186.078
1186.43
1187.227
1188.024
1188.821
1189.62
1190.017
1190.414
1190.811
1191.208
1191.605
1192.0
1192.341
1192.682
1193.023
1193.364
1193.705
1194.046
1194.39
1194.735
1195.08
1195.425
1195.77
1196.115
1196.46
1196.812
1197.164
1197.516
1197.868
1198.22
1198.57
1198.837
1199.104
1199.371
1199.638
1199.905
1200.172
1200.439
1200.706
1200.973
1201.24
1201.51
1201.821
1202.132
1202.443
1202.754
1203.065
1203.376
1203.687
1203.998
1204.309
1204.624
1204.821
1205.018
1205.215
1205.412
1205.609
1205.806
1206.003
1206.2
1206.397
1206.594
1206.79
1207.136
1207.482
1207.828
1208.174
1208.52
1208.866
1209.212
1209.558
1209.904
1210.25
1210.73
1211.21
1211.69
1212.17
1212.443
1212.716
1212.989
1213.262
1213.535
1213.808
1214.081
1214.354
1214.63
1214.921
1215.212
1215.503
1215.794
1216.085
1216.376
1216.667
1216.96
1217.197
1217.434
1217.671
1217.908
1218.145
1218.382
1218.619
1218.856
1219.089
1219.297
1219.505
1219.713
1219.921
1220.129
1220.337
1220.545
1220.753
1220.961
1221.169
1221.38
1221.703
1222.026
1222.349
1222.672
1222.995
1223.318
1223.641
1223.964
1224.287
1224.61
1224.933
1225.256
1225.58
1225.81
1226.04
1226.27
1226.5
1226.73
1226.96
1227.19
1227.42
1227.65
1227.88
1228.11
1228.602
1229.095
1229.588
1230.081
1230.573
1231.066
1231.559
1232.05
1232.455
1232.86
1233.265
1233.67
1234.075
1234.48
1234.719
1234.958
1235.197
1235.436
1235.675
1235.914
1236.153
1236.39
1236.811
1237.232
1237.653
1238.074
1238.495
1238.916
1239.337
1239.758
1240.18
1240.446
1240.712
1240.978
1241.244
1241.51
1241.776
1242.042
1242.31
1242.641
1242.972
1243.303
1243.634
1243.965
1244.296
1244.627
1244.958
1245.29
1245.663
1246.036
1246.409
1246.782
1247.155
1247.53
1247.741
1247.952
1248.163
1248.374
1248.585
1248.796
1249.01
1249.61
1250.21
1250.81
1251.41
1252.01
1252.61
1252.933
1253.256
1253.579
1253.902
1254.225
1254.548
1254.87
1255.047
1255.224
1255.401
1255.578
1255.755
1255.93
1256.589
1257.248
1257.907
1258.567
1258.838
1259.109
1259.38
1259.65
1260.225
1260.8
1261.077
1261.354
1261.631
1261.908
1262.185
1262.462
1262.739
1263.016
1263.293
1263.57
1265.541
1267.511
1268.457
1269.248
1270.36
1271.24
1272.12
1273.0
1273.88
1274.191
1274.502
1274.812
1275.122
1275.715
1276.307
1276.89
1277.64
1278.166
1278.692
1279.218
1279.744
1280.27
1280.796
1281.322
1281.848
1282.374
1282.9
1283.43
1283.792
1284.154
1284.516
1284.878
1285.24
1285.6
1288.48
1289.77
1291.133
1292.496
1293.859
1295.222
1296.585
1297.948
1299.31
1300.411
1301.512
1302.613
1303.714
1304.817
1306.168
1307.519
1308.87
1310.221
1311.57
1312.321
1313.072
1313.823
1314.574
1315.325
1316.076
1316.83
1317.47
1318.11
1318.75
1319.39
1319.707
1320.024
1320.341
1320.658
1320.975
1321.292
1321.609
1321.926
1322.243
1322.56
1322.877
1323.19
1323.875
1324.56
1324.79
1325.02
1325.25
1325.571
1325.892
1326.213
1326.534
1326.855
1327.176
1327.497
1327.818
1328.135
1328.676
1329.217
1333.835
1334.018
1334.201
1334.384
1334.567
1334.75
1334.933
1335.116
1335.299
1335.482
1335.665
1335.848
1336.031
1336.21
1336.455
1336.7
1336.945
1337.19
1337.435
1337.68
1337.925
1338.17
1338.415
1338.66
1339.024
1339.388
1339.752
1340.118
1340.382
1340.646
1340.91
1341.174
1341.438
1341.702
1341.966
1342.23
1342.498
1344.245
1344.562
1344.879
1345.196
1345.513
1345.83
1346.147
1346.464
1346.78
1347.136
1347.492
1347.848
1348.204
1348.56
1348.916
1349.272
1349.516
1349.76
1350.004
1350.248
1350.492
1350.736
1350.98
1351.67
1352.36
1353.05
1353.74
1354.43
1355.12
1355.81
1356.5
1356.742
1356.984
1357.226
1357.468
1357.71
1357.95
1358.254
1358.558
1358.862
1359.166
1359.47
1359.774
1360.078
1360.382
1360.686
1360.99
1361.29
1361.551
1361.812
1362.073
1362.334
1362.595
1362.856
1363.117
1363.378
1363.639
1363.9
1364.16
1364.58
1365.0
1365.42
1365.839
1366.258
1366.677
1367.096
1367.515
1367.934
1368.353
1368.77
1369.246
1369.722
1370.198
1370.674
1371.15
1371.626
1372.102
1372.578
1373.05
1373.456
1373.862
1374.268
1374.674
1375.08
1375.486
1375.892
1376.298
1376.7
1377.041
1377.382
1377.723
1378.064
1378.405
1378.746
1379.09
1379.399
1379.708
1380.017
1380.326
1380.635
1380.944
1381.253
1381.562
1381.87
1382.143
1382.416
1382.689
1382.962
1383.235
1383.508
1383.781
1384.054
1384.327
1384.6
1384.873
1385.15
1385.366
1385.582
1385.798
1386.014
1386.23
1386.446
1386.66
1387.089
1387.518
1387.947
1388.376
1388.805
1389.234
1389.66
1390.2
1390.74
1391.28
1391.82
1392.36
1392.9
1393.44
1393.98
1394.31
1394.64
1394.97
1395.3
1395.63
1395.96
1396.25
1396.54
1396.83
1397.12
1397.41
1397.7
1397.99
1398.28
1398.572
1398.886
1399.2
1399.514
1399.828
1400.142
1400.456
1400.893
1401.33
1401.529
1401.728
1401.927
1402.126
1402.325
1402.524
1402.723
1402.922
1403.121
1403.32
1403.515
1403.708
1403.901
1404.094
1404.287
1404.48
1404.673
1404.866
1405.059
1405.252
1405.445
1405.64
1405.863
1406.086
1406.309
1406.532
1406.755
1406.98
1407.41
1407.84
1408.27
1408.7
1409.13
1409.56
1409.99
1410.268
1410.546
1410.824
1411.102
1411.38
1411.658
1411.936
1412.212
1412.408
1412.604
1412.8
1412.996
1413.192
1413.388
1413.584
1413.78
1413.976
1414.17
1414.403
1414.636
1414.869
1415.102
1415.335
1415.568
1415.801
1416.034
1416.267
1416.5
1416.733
1416.97
1417.279
1417.588
1417.897
1418.206
1418.515
1418.824
1419.133
1419.442
1419.751
1420.06
1420.28
1420.5
1420.72
1420.94
1421.16
1421.38
1421.6
1421.82
1422.04
1422.26
1422.48
1422.735
1422.99
1423.245
1423.5
1423.755
1424.01
1424.265
1424.52
1424.775
1425.03
1425.28
1425.571
1425.862
1426.153
1426.444
1426.735
1427.026
1427.317
1427.608
1427.899
1428.19
1428.514
1428.838
1429.162
1429.486
1429.81
1430.134
1430.458
1430.782
1431.11
1431.542
1431.974
1432.406
1432.838
1433.27
1433.47
1433.67
1433.87
1434.07
1434.27
1434.532
1434.794
1435.056
1435.318
1435.58
1435.842
1436.104
1436.366
1436.628
1436.89
1437.241
1437.592
1437.943
1438.294
1438.645
1438.996
1439.347
1439.698
1440.049
1440.4
1440.676
1440.952
1441.228
1441.504
1441.78
1442.056
1442.332
1442.608
1442.884
1443.16
1443.436
1443.712
1443.99
1444.307
1444.624
1444.941
1445.258
1445.575
1445.892
1446.21
1446.536
1446.862
1447.188
1447.514
1447.84
1448.166
1448.492
1448.82
1449.613
1450.406
1451.199
1451.992
1452.785
1453.58
1453.984
1454.388
1454.792
1455.196
1455.6
1456.004
1456.408
1456.81
1457.022
1457.234
1457.445
1457.664
1457.883
1458.102
1458.32
1458.524
1458.728
1458.932
1459.136
1459.34
1459.544
1459.748
1459.952
1460.156
1460.36
1460.564
1460.765
1461.099
1461.432
1461.765
1462.099
1462.432
1462.765
1463.099
1463.432
1463.765
1464.099
1464.432
1464.767
1465.362
1465.957
1466.552
1467.147
1467.742
1468.337
1468.932
1469.527
1470.12
1470.768
1471.416
1472.064
1472.712
1473.36
1474.008
1474.656
1475.303
1475.595
1475.887
1476.178
1476.469
1476.737
1477.005
1477.273
1477.541
1477.809
1478.077
1478.345
1478.613
1478.881
1479.149
1479.415
1479.816
1480.217
1480.618
1481.019
1481.42
1481.821
1482.222
1482.623
1483.024
1483.425
1483.826
1484.23
1484.47
1484.71
1484.949
1485.206
1485.463
1485.72
1485.977
1486.234
1486.49
1486.769
1487.048
1487.327
1487.606
1487.885
1488.164
1488.443
1488.72
1488.936
1489.152
1489.368
1489.584
1489.8
1490.016
1490.232
1490.45
1490.833
1491.216
1491.599
1491.982
1492.365
1492.748
1493.131
1493.514
1493.894
1494.068
1494.242
1494.416
1494.59
1494.764
1494.938
1495.112
1495.286
1495.46
1495.634
1495.81
1495.971
1496.132
1496.293
1496.454
1496.615
1496.776
1496.937
1497.1
1497.31
1497.52
1497.73
1497.94
1498.15
1498.36
1498.57
1498.78
1498.988
1499.466
1499.944
1500.095
1500.246
1500.397
1500.548
1500.699
1500.85
1501.001
1501.152
1501.3
1501.493
1501.686
1501.879
1502.072
1502.159
1502.246
1502.333
1502.42
1503.045
1503.43
1503.815
1504.2
1504.844
1505.488
1506.131
1506.381
1506.631
1506.88
1507.137
1507.394
1507.65
1508.07
1508.49
1508.91
1509.33
1509.75
1510.17
1510.59
1511.01
1511.43
1511.85
1512.303
1512.756
1513.209
1513.662
1514.115
1514.568
1515.021
1515.474
1515.927
1516.38
1517.056
1517.732
1518.408
1519.084
1519.76
1519.949
1520.138
1520.327
1520.516
1520.705
1520.894
1521.083
1521.272
1521.461
1521.65
1521.839
1522.028
1522.217
1522.406
1522.59
1523.705
1524.82
1525.935
1527.05
1528.165
1529.28
1529.532
1529.784
1530.036
1530.288
1530.54
1530.792
1531.044
1531.295
1531.92
1532.715
1533.51
1534.304
1535.052
1535.8
1536.547
1540.82
1541.057
1541.294
1541.531
1541.768
1542.005
1542.242
1542.479
1542.716
1542.953
1543.19
1543.43
1543.761
1544.092
1544.423
1544.754
1545.085
1545.416
1545.747
1546.078
1546.41
1546.803
1547.196
1547.589
1547.982
1548.375
1548.768
1549.161
1549.554
1549.947
1550.34
1550.73
1550.921
1551.112
1551.303
1551.494
1551.685
1551.876
1552.067
1552.258
1552.449
1552.64
1552.941
1553.242
1553.543
1553.844
1554.145
1554.446
1554.747
1555.048
1555.349
1555.65
1556.001
1556.352
1556.703
1557.054
1557.405
1557.756
1558.107
1558.458
1558.809
1559.16
1559.522
1559.884
1560.246
1560.607
1560.815
1561.023
1561.231
1561.439
1561.647
1561.855
1562.063
1562.271
1562.479
1562.69
1563.21
1563.73
1564.25
1564.77
1565.29
1565.81
1567.17
1568.53
1569.76
1570.375
1570.99
1571.605
1572.22
1572.835
1573.45
1574.065
1574.68
1575.295
1575.91
1576.52
1577.12
1577.72
1578.32
1578.588
1578.856
1579.124
1579.392
1579.66
1579.928
1580.196
1580.464
1580.732
1581.0
1581.566
1582.132
1582.698
1583.264
1583.83
1584.216
1584.602
1584.988
1585.374
1585.76
1586.146
1586.532
1586.918
1587.304
1587.69
1588.076
1588.46
1588.989
1589.518
1590.047
1590.576
1591.105
1591.634
1592.163
1592.692
1593.221
1593.75
1594.279
1594.81
1595.399
1595.988
1596.577
1597.166
1597.755
1598.344
1598.933
1599.522
1600.111
1600.7
1601.289
1601.88
1602.124
1602.368
1602.612
1602.856
1603.1
1603.397
1603.694
1603.991
1604.288
1604.585
1604.882
1605.179
1605.476
1605.773
1606.07
1606.37
1606.647
1606.924
1607.201
1607.478
1607.755
1608.032
1608.309
1608.586
1608.863
1609.14
1609.417
1609.69
1610.348
1611.006
1611.664
1612.322
1612.98
1613.64
1616.159
1618.678
1621.197
1623.716
1626.235
1628.754
1631.275
1632.046
1632.817
1633.588
1634.36
1634.592
1634.824
1635.056
1635.288
1635.52
1635.75
1636.48
1637.21
1637.94
1638.67
1639.4
1640.13
1640.86
1641.59
1642.32
1643.05
1643.5
1643.95
1644.4
1644.69
1645.99
1647.29
1648.59
1648.887
1649.184
1649.481
1649.778
1650.075
1650.372
1650.669
1650.966
1651.26
1651.609
1651.958
1652.307
1652.656
1653.005
1653.354
1653.703
1654.051
1655.785
1657.52
1657.723
1657.926
1658.129
1658.332
1658.535
1658.738
1658.941
1659.14
1660.478
1661.816
1663.154
1664.492
1665.83
1666.215
1666.6
1666.985
1667.37
1667.755
1668.14
1668.525
1668.91
1669.295
1669.68
1670.06
1670.328
1670.596
1670.864
1671.132
1671.4
1671.668
1671.936
1672.204
1672.47
1672.751
1673.032
1673.313
1673.594
1673.875
1674.156
1674.437
1674.718
1674.999
1675.28
1675.561
1675.84
1676.202
1676.564
1676.927
1677.289
1677.651
1678.014
1678.376
1678.74
1679.102
1679.464
1679.826
1680.188
1680.55
1680.912
1681.274
1681.635
1681.827
1682.019
1682.211
1682.403
1682.595
1682.787
1682.979
1683.171
1683.363
1683.555
1683.747
1683.939
1684.131
1684.32
1685.069
1685.818
1686.567
1687.316
1688.065
1688.814
1689.563
1690.31
1690.914
1691.518
1692.122
1692.726
1693.33
1693.934
1694.538
1695.142
1695.75
1696.259
1696.768
1697.277
1697.786
1698.295
1698.804
1699.313
1699.82
1702.32
1702.612
1702.904
1703.196
1703.488
1703.78
1704.072
1704.364
1704.656
1704.945
1705.269
1705.593
1705.917
1706.241
1706.565
1706.889
1707.213
1707.54
1707.994
1708.448
1708.902
1709.356
1709.81
1710.224
1710.638
1711.052
1711.466
1711.88
1712.294
1712.71
1713.139
1713.568
1713.996
1714.62
1714.85
1715.08
1715.31
1715.84
1716.37
1716.9
1717.43
1717.96
1718.286
1718.612
1718.938
1719.264
1719.59
1719.916
1720.242
1720.568
1720.894
1721.22
1721.405
1721.59
1721.775
1721.96
1722.145
1722.33
1722.515
1722.7
1722.885
1723.07
1723.255
1723.44
1723.807
1724.174
1724.541
1724.908
1725.275
1725.64
1725.935
1726.23
1726.525
1726.82
1727.115
1727.41
1727.705
1728.0
1728.295
1728.59
1728.88
1729.082
1729.284
1729.486
1729.688
1729.889
1730.089
1730.263
1730.437
1730.611
1730.785
1730.959
1731.13
1731.439
1731.748
1732.057
1732.366
1732.675
1732.984
1733.293
1733.6
1733.866
1734.132
1734.398
1734.664
1734.93
1735.196
1735.462
1735.728
1735.994
1736.26
1736.526
1736.792
1737.058
1737.324
1737.59
1737.914
1738.238
1738.562
1738.886
1739.21
1739.534
1739.86
1740.107
1740.354
1740.601
1740.848
1741.095
1741.342
1741.589
1741.836
1742.083
1742.33
1742.534
1742.738
1742.942
1743.146
1743.35
1743.554
1743.759
1744.499
1745.239
1745.979
1746.719
1747.459
1748.199
1748.939
1749.68
1750.041
1750.402
1750.763
1751.124
1751.485
1751.846
1752.207
1752.568
1752.929
1753.29
1753.646
1754.002
1754.358
1754.714
1755.07
1755.426
1755.782
1756.138
1756.49
1756.72
1756.95
1757.18
1757.41
1757.64
1757.87
1758.1
1758.33
1758.56
1758.79
1759.02
1759.234
1759.448
1759.662
1759.876
1760.09
1760.304
1760.518
1760.732
1760.946
1761.16
1761.37
1761.782
1762.195
1762.608
1763.02
1763.345
1763.67
1763.995
1764.32
1764.645
1764.97
1765.295
1765.62
1765.945
1766.27
1766.595
1766.92
1767.347
1767.774
1768.201
1768.628
1769.055
1769.482
1769.909
1770.336
1770.763
1771.187
1771.366
1771.545
1771.724
1771.903
1772.082
1772.261
1772.44
1772.619
1772.798
1772.977
1773.156
1773.335
1773.52
1773.841
1774.162
1774.483
1774.804
1775.125
1775.446
1775.767
1776.088
1776.409
1776.73
1777.051
1777.372
1777.693
1778.01
1778.262
1778.514
1778.766
1779.018
1779.27
1779.522
1779.776
1779.979
1780.182
1780.385
1780.588
1780.791
1780.994
1781.197
1781.4
1782.102
1782.804
1783.506
1784.208
1784.91
1786.764
1788.618
1790.472
1792.326
1794.18
1796.034
1797.89
1798.303
1798.716
1799.129
1799.542
1799.955
1800.368
1800.78
1802.11
1803.44
1803.658
1803.876
1804.094
1804.312
1804.53
1804.748
1804.966
1805.184
1805.402
1805.62
1805.838
1806.06
1806.56
1807.06
1807.56
1808.06
1808.56
1809.06
1809.56
1810.06
1810.56
1811.06
1811.328
1811.596
1811.864
1812.132
1812.4
1812.668
1812.936
1813.204
1813.472
1813.74
1814.008
1814.276
1814.54
1814.997
1815.454
1815.911
1816.368
1816.825
1817.282
1817.739
1818.196
1818.653
1819.11
1819.567
1820.02
1820.46
1820.9
1824.03
1824.23
1824.43
1824.63
1824.83
1825.03
1825.23
1825.43
1825.63
1825.83
1826.03
1827.135
1827.764
1828.393
1829.022
1829.651
1830.28
1830.909
1831.538
1832.167
1832.8
1833.21
1833.62
1834.03
1834.44
1834.705
1834.97
1835.235
1835.5
1835.765
1836.03
1836.295
1836.56
1836.825
1837.09
1837.411
1837.732
1838.053
1838.374
1838.695
1839.016
1839.337
1839.658
1839.98
1840.251
1840.522
1840.793
1841.064
1841.335
1841.606
1841.877
1842.148
1842.415
1842.617
1842.819
1843.021
1843.223
1843.425
1843.627
1843.829
1844.031
1844.233
1844.435
1844.637
1844.839
1845.04
1845.308
1845.576
1845.844
1846.112
1846.38
1846.648
1846.916
1847.184
1847.452
1847.721
1847.913
1848.105
1848.297
1848.489
1848.681
1848.873
1849.065
1849.257
1849.449
1849.641
1849.833
1850.025
1850.22
1850.629
1851.038
1851.447
1851.856
1852.265
1852.676
1852.874
1853.072
1853.27
1853.468
1853.666
1853.864
1854.062
1854.26
1854.458
1854.656
1854.854
1855.05
1855.401
1855.752
1856.103
1856.454
1856.805
1857.156
1857.507
1857.858
1858.209
1858.56
1858.911
1859.26
1859.581
1859.902
1860.223
1860.544
1860.865
1861.186
1861.507
1861.828
1862.149
1862.47
1862.79
1863.504
1864.217
1864.931
1865.645
1866.359
1867.071
1867.57
1867.895
1868.22
1868.545
1868.87
1869.195
1869.634
1870.073
1870.512
1870.951
1871.39
1871.829
1872.268
1872.707
1873.15
1873.686
1874.222
1874.758
1875.294
1875.83
1876.366
1876.902
1877.435
1877.897
1878.359
1878.82
1879.721
1880.622
1881.211
1881.8
1882.39
1882.806
1883.222
1883.655
1884.088
1884.52
1885.079
1885.638
1886.106
1886.574
1887.042
1887.98
1888.172
1888.364
1888.556
1888.748
1888.94
1889.118
1889.296
1889.474
1889.652
1889.83
1890.008
1890.186
1890.364
1890.54
1890.711
1890.882
1891.053
1891.224
1891.395
1891.566
1891.74
1891.991
1892.242
1892.493
1892.744
1892.995
1893.246
1893.497
1893.748
1894.0
1894.411
1894.822
1895.233
1895.644
1896.055
1896.466
1896.877
1897.29
1897.894
1898.498
1899.102
1899.706
1900.31
1900.914
1901.517
1901.725
1901.933
1902.141
1902.349
1902.557
1902.765
1902.973
1903.181
1903.389
1903.6
1903.912
1904.224
1904.536
1904.848
1905.16
1905.472
1905.784
1906.096
1906.408
1906.72
1907.032
1907.34
1907.614
1907.888
1908.162
1908.436
1908.71
1908.984
1909.258
1909.53
1910.111
1910.692
1911.273
1911.854
1912.435
1913.016
1913.597
1914.18
1914.555
1914.93
1915.305
1915.68
1915.876
1916.072
1916.268
1916.464
1916.66
1916.854
1918.896
1920.938
1922.98
1925.022
1927.064
1929.104
1929.387
1929.67
1929.953
1930.236
1930.52
1930.933
1931.346
1931.759
1932.172
1932.585
1933.0
1933.76
1934.52
1934.776
1935.032
1935.288
1935.544
1935.8
1936.056
1936.31
1936.521
1936.732
1936.943
1937.154
1937.365
1937.576
1937.787
1937.998
1938.209
1938.42
1938.812
1939.204
1939.596
1939.988
1940.38
1940.835
1941.29
1941.745
1942.2
1942.537
1942.874
1943.211
1943.55
1943.812
1944.074
1944.337
1944.6
1944.862
1945.125
1945.308
1945.491
1945.674
1945.857
1946.04
1946.223
1946.406
1946.589
1946.772
1946.955
1947.138
1947.321
1947.5
1947.835
1948.17
1948.505
1948.84
1949.175
1949.51
1949.845
1950.18
1950.73
1951.28
1951.83
1952.38
1952.93
1953.481
1953.98
1954.261
1954.542
1954.823
1955.104
1955.385
1955.666
1955.944
1956.167
1956.39
1956.613
1956.836
1957.059
1957.282
1957.505
1957.728
1957.951
1958.174
1958.399
1958.84
1959.281
1959.722
1960.163
1960.604
1961.045
1961.486
1961.927
1962.368
1962.809
1963.25
1963.686
1964.31
1964.735
1965.16
1965.585
1966.01
1966.435
1966.86
1967.285
1967.71
1968.135
1968.56
1968.985
1969.406
1969.593
1969.78
1969.967
1970.154
1970.341
1970.528
1970.715
1970.902
1971.089
1971.28
1971.556
1971.832
1972.108
1972.384
1972.66
1972.936
1973.215
1973.457
1973.7
1973.943
1974.186
1974.428
1974.67
1974.886
1975.102
1975.318
1975.534
1975.75
1975.966
1976.182
1976.398
1976.61
1976.849
1977.088
1977.327
1977.565
1977.69
1977.815
1977.94
1978.065
1978.259
1978.453
1978.647
1978.841
1979.035
1979.229
1979.423
1979.617
1979.811
1980.005
1980.247
1980.49
1980.733
1980.975
1981.237
1981.499
1981.761
1982.023
1982.285
1982.547
1982.809
1983.071
1983.333
1983.595
1983.855
1984.73
1985.83
1986.93
1987.77
1988.062
1988.353
1988.645
1988.936
1989.256
1989.576
1989.896
1990.216
1990.536
1990.856
1991.176
1992.359
1992.597
1992.835
1993.073
1993.311
1993.549
1993.787
1994.025
1994.47
1994.915
1995.361
1995.807
1996.253
1996.699
1997.145
1997.59
1997.918
1998.246
1998.574
1998.902
1999.23
1999.558
1999.886
2000.214
2000.542
2000.87
2001.198
2001.526
2001.854
2002.184
2002.467
2002.75
2003.033
2003.316
2003.6
2003.767
2003.934
2004.1
2004.342
2004.584
2004.826
2005.068
2005.31
2005.552
2005.873
2006.194
2006.515
2006.836
2007.157
2007.478
2007.799
2008.12
2008.441
2008.762
2009.083
2009.408
2010.86
2011.219
2011.578
2011.937
2012.296
2012.656
2016.41
2016.625
2016.84
2017.055
2017.27
2017.485
2017.7
2017.915
2018.13
2018.345
2018.56
2019.027
2019.494
2019.961
2020.428
2020.895
2021.36
2022.084
2022.313
2022.542
2022.771
2023.0
2023.3
2023.6
2023.9
2024.2
2024.5
2024.8
2025.1
2025.4
2025.7
2026.0
2026.3
2026.6
2026.9
2027.244
2027.588
2027.932
2028.276
2028.62
2028.964
2029.308
2029.652
2029.996
2030.34
2030.684
2031.028
2031.372
2031.72
2031.97
2032.22
2032.47
2032.72
2032.97
2033.22
2033.47
2033.72
2033.97
2034.22
2034.47
2034.72
2034.941
2035.162
2035.383
2035.604
2035.825
2036.046
2036.244
2036.442
2036.64
2036.838
2037.036
2037.234
2037.432
2037.63
2037.828
2038.026
2038.224
2038.42
2038.738
2039.055
2039.372
2039.689
2040.006
2040.323
2040.64
2040.957
2041.274
2041.591
2041.909
2042.23
2042.8
2043.036
2043.272
2043.508
2043.744
2043.98
2044.216
2044.452
2044.688
2044.924
2045.309
2045.694
2046.079
2046.464
2046.849
2047.234
2047.62
2047.869
2048.118
2048.367
2048.616
2048.865
2049.114
2049.36
2049.904
2050.448
2050.991
2051.287
2051.583
2051.88
2052.151
2052.422
2052.693
2052.964
2053.235
2053.506
2053.777
2054.048
2054.319
2054.59
2054.861
2055.132
2055.403
2055.67
2056.44
2056.677
2056.914
2057.151
2057.387
2057.624
2057.86
2058.097
2058.334
2058.57
2058.805
2058.958
2059.111
2059.264
2059.417
2059.57
2059.723
2059.876
2060.029
2060.179
2060.375
2060.571
2060.767
2060.963
2061.159
2061.355
2061.551
2061.747
2061.945
2062.144
2062.343
2062.542
2062.741
2062.94
2063.139
2063.338
2063.54
2063.899
2064.258
2064.617
2064.976
2065.335
2065.694
2066.053
2066.412
2066.77
2067.154
2067.538
2067.922
2068.305
2068.617
2068.929
2069.314
2069.699
2070.109
2070.519
2070.929
2071.339
2071.749
2072.159
2072.569
2072.979
2073.389
2073.8
2074.032
2074.264
2074.496
2074.728
2074.96
2075.192
2075.424
2075.656
2075.889
2076.087
2076.285
2076.483
2076.681
2076.88
2077.12
2077.36
2077.6
2077.838
2078.232
2078.626
2079.02
2079.414
2079.81
2080.036
2080.262
2080.489
2080.957
2081.425
2081.894
2082.362
2082.831
2083.3
2083.516
2083.732
2083.948
2084.164
2084.38
2084.596
2084.812
2085.028
2085.244
2085.46
2085.708
2085.956
2086.204
2086.452
2086.7
2086.948
2087.196
2087.444
2087.692
2087.94
2088.188
2088.44
2089.119
2089.798
2090.477
2091.156
2091.835
2092.514
2093.193
2093.869
2094.113
2094.357
2094.601
2094.845
2095.089
2095.333
2095.577
2095.82
2097.115
2098.41
2099.705
2101.0
2102.296
2103.066
2103.836
2104.606
2105.376
2106.146
2106.915
2108.818
2110.72
2110.994
2111.268
2111.542
2111.816
2112.09
2112.364
2112.638
2112.912
2113.186
2113.46
2113.73
2114.193
2114.656
2115.119
2115.582
2116.045
2116.508
2116.971
2117.434
2117.897
2118.36
2118.82
2119.698
2120.575
2121.452
2122.33
2123.207
2124.084
2124.961
2125.838
2126.716
2127.593
2128.47
2129.35
2130.04
2130.73
2131.42
2132.11
2132.474
2132.838
2133.202
2133.566
2133.93
2134.484
2135.038
2135.592
2136.146
2136.7
2137.254
2137.808
2138.362
2138.916
2139.47
2140.024
2140.578
2141.13
2141.417
2141.704
2141.991
2142.278
2142.565
2142.852
2143.139
2143.426
2143.71
2144.206
2144.702
2145.198
2145.694
2146.19
2146.388
2146.586
2146.784
2146.982
2147.18
2147.378
2147.576
2147.774
2147.972
2148.17
2148.368
2148.566
2148.77
2149.073
2149.376
2149.678
2149.98
2150.283
2150.586
2150.889
2151.191
2151.493
2151.796
2152.099
2152.4
2152.725
2153.05
2153.375
2153.7
2154.026
2154.324
2154.622
2154.92
2155.253
2155.586
2155.919
2156.252
2156.585
2156.918
2157.251
2157.584
2157.917
2158.25
2158.583
2158.916
2159.249
2159.588
2159.837
2160.086
2160.334
2160.582
2160.831
2161.079
2161.264
2161.449
2161.634
2161.819
2162.004
2162.189
2162.374
2162.559
2162.744
2162.929
2163.114
2163.297
2163.88
2164.375
2164.87
2165.455
2166.04
2166.625
2167.21
2167.795
2168.38
2168.965
2169.55
2170.135
2170.72
2171.31
2171.735
2172.16
2172.585
2173.01
2173.435
2173.86
2174.285
2174.71
2175.135
2175.56
2175.985
2176.41
2176.835
2177.26
2177.69
2177.93
2178.17
2178.41
2178.65
2178.89
2179.13
2179.37
2179.721
2180.073
2180.425
2180.776
2181.127
2181.479
2181.831
2182.182
2182.383
2182.584
2182.785
2182.986
2183.187
2183.388
2183.589
2183.79
2183.991
2184.192
2184.39
2184.76
2185.13
2185.5
2185.87
2186.143
2186.416
2186.689
2186.962
2187.235
2187.508
2187.781
2188.054
2188.327
2188.6
2188.87
2189.108
2189.346
2189.584
2189.822
2190.06
2190.298
2190.536
2190.774
2191.012
2191.25
2191.488
2191.726
2191.97
2192.147
2192.324
2192.501
2192.678
2192.855
2193.032
2193.209
2193.386
2193.563
2193.74
2194.182
2194.624
2195.066
2195.508
2195.95
2196.39
2196.802
2197.215
2197.628
2198.041
2198.454
2198.867
2199.28
2199.693
2200.106
2200.519
2200.931
2201.34
2202.26
2203.18
2203.486
2203.792
2204.098
2204.404
2204.71
2205.016
2205.322
2205.63
2206.12
2206.61
2207.1
2207.59
2208.08
2208.57
2209.06
2209.55
2210.04
2210.505
2210.97
2211.435
2211.9
2212.365
2212.83
2213.295
2213.76
2214.333
2214.906
2215.479
2216.052
2216.625
2217.198
2217.771
2218.344
2218.917
2219.49
2219.931
2220.372
2220.813
2221.254
2221.695
2222.136
2222.577
2223.018
2223.459
2223.9
2224.341
2224.78
2225.108
2225.436
2225.764
2226.092
2226.42
2227.838
2229.256
2230.673
2232.09
2232.452
2232.814
2233.176
2233.538
2233.9
2234.262
2234.624
2234.986
2235.348
2235.71
2236.072
2236.434
2236.796
2237.16
2237.66
2237.837
2238.014
2238.191
2238.368
2239.254
2240.14
2241.026
2241.912
2242.798
2243.684
2244.57
2245.456
2246.342
2247.229
2247.563
2247.897
2248.23
2248.813
2249.175
2249.537
2249.9
2250.305
2250.71
2251.115
2251.522
2251.753
2251.984
2252.215
2252.446
2252.677
2252.908
2253.139
2253.37
2254.105
2254.84
2255.575
2256.31
2257.045
2257.78
2258.073
2258.366
2258.659
2258.952
2259.245
2259.538
2259.831
2260.124
2260.417
2260.71
2261.0
2261.333
2261.666
2261.999
2262.332
2262.665
2262.998
2263.331
2263.664
2263.997
2264.33
2264.651
2264.972
2265.293
2265.614
2265.935
2266.256
2266.577
2266.898
2267.219
2267.54
2267.861
2268.18
2268.49
2268.8
2269.11
2269.42
2269.73
2270.04
2270.249
2270.458
2270.667
2270.876
2271.085
2271.294
2271.503
2271.712
2271.921
2272.13
2272.339
2272.55
2272.98
2273.41
2273.84
2274.27
2274.701
2275.132
2275.563
2275.994
2276.425
2276.856
2277.287
2277.718
2278.15
2278.526
2278.902
2279.278
2279.654
2280.03
2280.631
2281.232
2281.833
2282.434
2283.035
2283.636
2284.237
2284.838
2285.439
2286.04
2286.74
2287.44
2288.14
2288.84
2289.54
2290.24
2290.94
2291.64
2292.34
2293.04
2293.603
2294.166
2294.73
2295.02
2295.31
2295.6
2295.89
2296.18
2296.47
2296.76
2297.05
2297.34
2297.63
2297.92
2298.21
2298.68
2299.15
2299.62
2300.09
2300.56
2301.03
2301.5
2301.97
2302.44
2302.91
2304.552
2306.194
2307.836
2309.478
2311.12
2312.76
2313.061
2313.361
2313.661
2313.961
2314.261
2314.561
2314.861
2315.161
2315.461
2315.765
2316.39
2318.027
2319.664
2321.3
2321.675
2322.05
2322.425
2322.8
2323.175
2323.55
2323.925
2324.299
2325.721
2327.143
2328.565
2329.987
2331.41
2331.655
2331.9
2332.145
2332.39
2332.635
2332.88
2333.125
2333.37
2333.615
2333.86
2334.11
2334.552
2334.994
2335.436
2335.878
2336.32
2336.748
2337.176
2337.604
2338.032
2338.46
2338.89
2339.607
2340.324
2341.041
2341.758
2342.475
2343.192
2343.911
2344.192
2344.473
2344.754
2345.035
2345.316
2345.597
2345.878
2346.16
2346.627
2347.094
2347.561
2348.028
2348.495
2348.962
2349.429
2349.653
2349.877
2350.101
2350.325
2350.549
2350.773
2350.997
2351.22
2351.76
2352.3
2352.84
2353.38
2353.92
2354.46
2355.0
2355.54
2356.08
2356.62
2356.985
2357.35
2357.715
2358.08
2358.445
2358.81
2359.175
2359.54
2359.905
2360.27
2360.64
2360.843
2361.046
2361.249
2361.452
2361.655
2361.858
2362.06
2362.388
2362.716
2363.044
2363.372
2363.7
2363.94
2364.18
2364.42
2364.66
2364.9
2365.14
2365.38
2365.62
2365.86
2366.1
2366.34
2366.88
2367.42
2367.96
2368.5
2369.04
2369.58
2370.106
2370.632
2371.158
2371.684
2372.21
2372.736
2373.262
2373.788
2374.31
2374.894
2375.478
2376.062
2376.646
2377.23
2377.814
2378.398
2378.982
2379.566
2380.15
2380.73
2381.017
2381.304
2381.591
2381.878
2382.165
2382.452
2382.74
2383.062
2383.385
2383.708
2384.031
2384.354
2384.677
2385.0
2385.32
2385.789
2386.258
2386.727
2387.196
2387.665
2388.134
2388.603
2389.07
2389.365
2389.66
2389.955
2390.25
2390.545
2390.84
2391.135
2391.43
2391.725
2392.02
2392.315
2392.61
2392.91
2393.492
2394.075
2394.657
2395.24
2395.822
2396.405
2396.988
2397.57
2397.851
2398.132
2398.413
2398.694
2398.975
2399.256
2399.537
2399.818
2400.099
2400.38
2400.661
2400.942
2401.105
2401.268
2401.431
2401.594
2401.757
2401.92
2402.083
2402.246
2402.409
2402.572
2402.735
2402.9
2403.144
2403.388
2403.632
2403.876
2404.12
2404.344
2404.568
2404.792
2405.016
2405.24
2405.464
2405.688
2405.912
2406.136
2406.36
2406.584
2406.81
2407.075
2407.34
2408.338
2409.336
2410.333
2411.33
2411.624
2411.918
2412.212
2412.506
2412.8
2413.094
2413.388
2413.682
2413.976
2414.27
2414.588
2414.906
2415.224
2415.542
2415.86
2416.178
2416.495
2416.81
2417.175
2417.541
2417.907
2418.273
2418.639
2419.005
2419.37
2419.734
2422.706
2425.678
2428.65
2431.624
2432.027
2432.43
2432.833
2433.236
2433.64
2434.234
2434.828
2435.422
2436.036
2436.65
2437.264
2437.878
2438.492
2439.106
2439.718
2440.127
2440.536
2440.945
2441.354
2441.763
2442.172
2442.581
2442.99
2443.399
2443.809
2444.875
2445.941
2447.007
2448.073
2449.139
2450.205
2451.271
2452.337
2453.4
2453.678
2453.956
2454.234
2454.512
2454.79
2455.068
2455.346
2455.624
2455.9
2456.217
2456.534
2456.851
2457.168
2457.485
2457.802
2458.119
2458.436
2458.753
2459.07
2459.588
2460.106
2460.624
2461.142
2461.66
2462.178
2462.696
2463.214
2463.732
2464.25
2465.308
2466.366
2467.424
2468.482
2469.54
2470.598
2471.07
2471.542
2472.014
2472.486
2472.958
2473.43
2473.903
2474.376
2474.85
2475.63
2476.055
2476.48
2476.905
2477.33
2477.755
2478.18
2478.605
2479.03
2479.455
2479.88
2480.3
2480.486
2480.672
2480.858
2481.044
2481.23
2481.416
2481.602
2481.788
2481.974
2482.16
2482.418
2482.676
2482.934
2483.192
2483.45
2483.707
2483.965
2484.223
2484.481
2484.739
2484.997
2485.25
2485.664
2486.078
2486.492
2486.906
2487.32
2487.734
2488.148
2488.56
2488.81
2489.06
2489.31
2489.56
2489.81
2490.164
2490.518
2490.872
2491.226
2491.58
2491.934
2492.288
2492.642
2492.996
2493.35
2493.704
2494.058
2494.412
2494.77
2495.167
2495.564
2495.96
2496.904
2497.848
2498.792
2499.736
2500.68
2501.624
2502.57
2503.168
2503.765
2505.094
2506.423
2507.752
2509.08
2511.616
2512.341
2513.066
2513.79
2514.106
2514.422
2514.738
2515.054
2515.37
2515.686
2516.002
2516.318
2516.63
2517.017
2517.404
2517.791
2518.178
2518.565
2518.952
2519.339
2519.725
2521.488
2523.251
2523.748
2524.245
2524.742
2525.24
2525.507
2525.774
2526.041
2526.308
2526.575
2526.842
2527.109
2527.376
2527.643
2527.91
2528.386
2528.862
2529.338
2529.814
2530.29
2530.766
2531.242
2531.718
2532.194
2532.67
2532.94
2533.21
2533.48
2533.75
2534.02
2534.29
2534.56
2534.83
2535.485
2536.14
2536.795
2537.45
2538.105
2538.76
2539.642
2540.524
2541.406
2542.288
2543.17
2543.366
2543.562
2543.758
2543.954
2544.15
2544.346
2544.542
2544.738
2544.934
2545.13
2545.326
2545.522
2545.718
2545.91
2546.61
2547.31
2548.01
2548.71
2549.14
2549.57
2550.04
2550.51
2551.112
2551.714
2551.881
2552.048
2552.215
2552.382
2552.549
2552.716
2552.88
2554.576
2556.272
2557.968
2559.663
2560.18
2560.697
2561.214
2561.731
2562.248
2562.765
2563.282
2563.797
2564.38
2565.612
2566.844
2568.076
2569.308
2570.54
2571.77
2572.72
2573.67
2574.62
2575.57
2576.52
2577.458
2578.396
2579.334
2580.272
2581.21
2582.148
2583.087
2583.285
2583.483
2583.681
2583.879
2584.077
2584.275
2584.473
2584.67
2585.326
2585.982
2586.638
2587.294
2587.95
2588.606
2589.262
2589.92
2590.128
2590.336
2590.544
2590.752
2590.96
2591.168
2591.376
2591.584
2591.792
2592.0
2592.134
2592.268
2592.402
2592.536
2592.67
2592.804
2592.938
2593.07
2593.946
2594.822
2595.698
2596.574
2597.45
2597.793
2598.136
2598.479
2598.822
2599.165
2599.365
2599.565
2599.765
2599.965
2600.165
2600.365
2600.565
2600.765
2600.965
2601.165
2601.37
2601.579
2601.788
2601.997
2602.206
2602.415
2602.624
2602.83
2603.536
2604.242
2604.948
2605.654
2606.36
2607.066
2607.769
2607.953
2608.137
2608.321
2608.505
2608.689
2608.873
2609.06
2609.414
2609.768
2610.122
2610.476
2610.83
2611.184
2611.538
2611.892
2612.25
2612.992
2613.2
2613.408
2613.616
2613.824
2614.032
2614.24
2614.45
2614.745
2615.04
2615.335
2615.63
2615.925
2616.22
2616.515
2616.81
2617.105
2617.4
2617.695
2617.99
2618.29
2618.657
2619.024
2619.391
2619.758
2620.125
2620.492
2620.859
2621.226
2621.593
2621.96
2622.327
2622.69
2623.484
2624.278
2625.072
2625.866
2626.66
2627.454
2628.25
2628.513
2628.776
2629.039
2629.302
2629.565
2629.828
2630.09
2630.966
2631.842
2632.718
2633.594
2634.47
2635.346
2636.222
2637.098
2637.974
2638.85
2639.726
2640.6
2641.1
2641.463
2641.826
2642.19
2642.46
2642.73
2643.0
2643.27
2643.54
2643.81
2644.08
2644.35
2644.62
2644.89
2645.16
2645.43
2645.7
2645.97
2646.24
2646.51
2646.78
2647.05
2647.32
2647.59
2647.86
2648.927
2649.994
2651.061
2652.128
2653.195
2654.262
2655.329
2656.396
2657.463
2658.53
2659.597
2660.664
2661.73
2663.677
2665.624
2667.572
2669.52
2669.747
2669.974
2670.201
2670.428
2670.655
2670.882
2671.109
2671.336
2671.563
2671.79
2672.02
2673.25
2675.225
2677.2
2677.479
2677.758
2678.037
2678.316
2678.595
2678.874
2679.153
2679.432
2679.711
2679.99
2680.269
2680.45
2680.631
2680.812
2680.994
2681.176
2681.358
2681.54
2681.722
2681.904
2682.086
2682.267
2682.448
2682.63
2682.81
2683.058
2683.306
2683.554
2683.802
2684.05
2684.298
2684.546
2684.794
2685.042
2685.29
2685.624
2685.958
2686.292
2686.626
2686.96
2687.294
2687.628
2687.962
2688.296
2688.63
2688.964
2689.298
2689.632
2689.97
2690.511
2691.052
2691.593
2692.134
2692.675
2693.216
2693.757
2694.298
2694.84
2695.875
2696.91
2697.945
2698.98
2700.015
2701.05
2702.085
2703.12
2704.155
2705.19
2706.225
2707.26
2708.295
2709.33
2710.37
2711.356
2712.342
2713.328
2714.314
2715.3
2716.286
2717.272
2718.258
2719.244
2720.23
2721.216
2722.2
2722.483
2722.766
2723.049
2723.332
2723.615
2723.898
2724.181
2724.464
2724.747
2725.03
2725.255
2725.48
2725.705
2725.93
2726.155
2726.38
2726.605
2726.863
2727.121
2727.379
2727.637
2727.895
2728.153
2728.411
2728.667
2729.186
2729.705
2730.224
2730.743
2731.262
2731.781
2732.3
2732.819
2733.338
2733.857
2734.44
2734.732
2735.024
2735.316
2735.608
2735.9
2736.192
2736.484
2736.776
2737.064
2737.297
2737.53
2737.763
2737.996
2738.23
2738.74
2739.25
2739.76
2740.27
2740.78
2741.29
2741.574
2741.858
2742.142
2742.426
2742.71
2742.994
2743.278
2743.562
2743.846
2744.13
2744.423
2744.715
2745.008
2745.3
2745.57
2745.84
2746.11
2746.38
2746.65
2746.92
2747.19
2747.46
2747.73
2748.0
2748.27
2748.733
2749.196
2749.659
2750.12
2750.468
2750.816
2751.164
2751.512
2751.86
2752.208
2752.556
2752.904
2753.252
2753.6
2753.948
2754.296
2754.65
2754.983
2755.316
2755.649
2755.982
2756.315
2756.648
2756.981
2757.314
2757.65
2758.503
2759.356
2760.209
2761.062
2761.915
2762.768
2763.621
2764.474
2765.327
2766.18
2767.03
2767.324
2767.618
2767.912
2768.206
2768.5
2768.794
2769.088
2769.382
2769.676
2769.97
2770.264
2770.56
2770.824
2771.088
2771.352
2771.616
2771.88
2772.144
2772.408
2772.672
2772.936
2773.2
2773.46
2773.977
2774.494
2775.012
2775.53
2776.048
2776.565
2777.082
2777.6
2777.986
2778.372
2778.758
2779.144
2779.53
2779.916
2780.302
2780.688
2781.074
2781.46
2781.846
2782.232
2782.618
2783.0
2783.741
2784.482
2785.223
2785.964
2786.705
2787.446
2788.187
2788.928
2789.67
2789.913
2790.156
2790.399
2790.642
2790.885
2791.128
2791.371
2791.614
2791.857
2792.1
2792.34
2792.746
2793.152
2793.558
2793.964
2794.37
2794.776
2795.182
2795.588
2795.994
2796.4
2796.806
2797.212
2797.618
2798.03
2799.0
2799.97
2800.94
2801.91
2802.88
2803.258
2803.636
2804.014
2804.392
2804.77
2805.148
2805.526
2805.904
2806.282
2806.66
2807.038
2807.416
2807.794
2808.172
2808.55
2808.906
2809.262
2809.618
2809.974
2810.33
2810.686
2811.042
2811.398
2811.754
2812.11
2812.466
2812.822
2813.18
2813.367
2813.555
2813.742
2813.93
2814.77
2815.61
2816.45
2817.29
2818.087
2818.884
2819.68
2820.323
2820.966
2821.609
2822.252
2822.895
2823.538
2824.181
2824.824
2825.47
2825.978
2826.486
2826.994
2827.502
2828.01
2828.471
2828.932
2829.393
2829.854
2830.315
2830.776
2831.24
2831.535
2831.83
2832.125
2832.42
2832.715
2833.01
2833.305
2833.6
2833.895
2834.19
2834.48
2834.806
2835.132
2835.458
2835.784
2836.11
2836.436
2836.76
2837.074
2837.388
2837.702
2838.016
2838.33
2838.644
2838.958
2839.272
2839.59
2839.861
2840.132
2840.403
2840.674
2840.945
2841.216
2841.487
2841.758
2842.029
2842.3
2842.571
2842.84
2843.519
2844.198
2844.877
2845.556
2846.235
2846.914
2847.593
2848.272
2848.951
2849.63
2850.31
2850.579
2850.848
2851.117
2851.386
2851.655
2851.924
2852.193
2852.462
2852.731
2853.0
2854.257
2855.514
2856.771
2858.028
2859.285
2860.542
2861.799
2863.056
2864.31
2865.36
2865.686
2866.012
2866.338
2866.664
2866.99
2867.316
2867.642
2867.968
2868.294
2868.62
2868.882
2869.144
2869.406
2869.668
2869.93
2870.192
2870.455
2870.627
2870.799
2870.971
2871.143
2871.315
2871.487
2871.659
2871.83
2872.046
2872.262
2872.478
2872.694
2872.91
2873.126
2873.342
2873.558
2873.774
2873.99
2874.21
2874.93
2875.65
2876.37
2877.09
2877.811
2878.533
2878.824
2879.115
2879.407
2879.699
2880.261
2880.823
2881.385
2881.947
2885.67
2886.293
2886.916
2887.54
2887.881
2888.222
2888.563
2888.904
2889.245
2889.586
2889.927
2890.268
2890.609
2890.95
2891.29
2891.749
2892.208
2892.667
2893.126
2893.585
2894.044
2894.503
2894.962
2895.421
2895.88
2896.34
2896.546
2896.752
2896.958
2897.164
2897.37
2897.576
2897.78
2898.073
2898.366
2898.659
2898.952
2899.245
2899.538
2899.831
2900.124
2900.417
2900.71
2901.009
2901.308
2901.607
2901.906
2902.205
2902.504
2902.803
2903.102
2903.401
2903.7
2903.999
2904.3
2904.618
2904.936
2905.254
2905.572
2905.89
2906.208
2906.526
2906.844
2907.162
2907.48
2907.8
2907.991
2908.182
2908.373
2908.564
2908.755
2908.946
2909.137
2909.328
2909.52
2910.027
2910.534
2911.041
2911.548
2912.055
2912.56
2912.778
2912.996
2913.214
2913.432
2913.65
2913.868
2914.086
2914.304
2914.522
2914.74
2915.092
2915.444
2915.796
2916.148
2916.5
2916.769
2917.038
2917.307
2917.576
2917.845
2918.114
2918.383
2918.652
2918.921
2919.19
2919.459
2919.728
2920.0
2920.417
2920.834
2921.251
2921.668
2922.085
2922.5
2923.104
2923.708
2924.312
2924.916
2925.52
2926.124
2926.728
2927.332
2927.94
2928.207
2928.474
2928.741
2929.008
2929.275
2929.542
2929.809
2930.076
2930.343
2930.61
2930.877
2931.14
2931.45
2931.76
2932.07
2932.38
2932.69
2933.0
2933.31
2933.62
2933.93
2934.24
2934.55
2934.86
2935.17
2935.523
2935.876
2936.23
2936.478
2936.726
2936.974
2937.222
2937.47
2937.718
2937.966
2938.214
2938.462
2938.71
2938.958
2939.206
2939.46
2939.961
2940.462
2940.963
2941.464
2941.965
2942.466
2942.967
2943.468
2943.97
2945.56
2947.15
2948.74
2950.33
2951.92
2953.51
2955.103
2955.334
2955.565
2955.796
2956.027
2956.258
2956.489
2956.72
2956.951
2957.186
2957.436
2957.686
2957.936
2958.186
2958.436
2958.686
2958.936
2959.186
2959.436
2959.686
2959.939
2960.247
2960.555
2960.863
2961.171
2961.48
2961.631
2961.782
2961.933
2962.084
2962.235
2962.386
2962.537
2962.684
2962.851
2963.018
2963.185
2963.352
2963.519
2963.686
2963.85
2964.076
2964.302
2964.528
2964.754
2964.98
2965.206
2965.433
2965.844
2966.255
2966.666
2967.077
2967.488
2967.899
2968.31
2968.721
2969.13
2969.61
2970.09
2970.57
2971.05
2971.53
2972.01
2972.49
2972.75
2973.01
2973.27
2973.53
2973.79
2974.05
2974.31
2974.57
2974.83
2975.09
2975.35
2975.856
2976.362
2976.868
2977.374
2977.88
2978.386
2978.892
2979.401
2979.579
2979.758
2979.936
2980.115
2980.293
2980.472
2980.651
2980.829
2981.008
2981.186
2981.365
2981.543
2981.722
2981.9
2982.63
2983.553
2984.476
2985.399
2986.32
2986.509
2986.698
2986.887
2987.076
2987.265
2987.454
2987.643
2987.832
2988.021
2988.21
2988.399
2988.588
2988.777
2988.96
2989.184
2989.408
2989.632
2989.856
2990.08
2990.304
2990.528
2990.75
2991.405
2992.06
2992.715
2993.37
2994.025
2994.679
2995.47
2996.81
2997.259
2997.708
2998.157
2998.606
2999.055
2999.504
2999.95
3000.186
3000.422
3000.659
3000.852
3001.045
3001.238
3001.431
3001.624
3001.817
3002.01
3002.2
3002.598
3002.996
3003.394
3003.792
3004.19
3004.588
3004.986
3005.384
3005.782
3006.18
3006.58
3007.069
3007.558
3008.047
3008.63
3009.046
3009.462
3009.878
3010.294
3010.71
3011.126
3011.542
3011.958
3012.378
3013.324
3014.27
3016.79
3019.31
3020.004
3020.698
3021.392
3022.086
3022.78
3023.474
3024.168
3024.862
3025.56
3026.092
3026.624
3027.156
3027.688
3028.22
3028.752
3029.287
3029.435
3029.583
3029.731
3029.879
3030.027
3030.175
3030.323
3030.471
3030.62
3030.978
3031.336
3031.694
3032.052
3032.41
3032.791
3033.172
3033.553
3033.934
3034.315
3034.696
3035.076
3035.573
3036.07
3036.562
3037.054
3037.546
3038.038
3038.53
3039.023
3039.515
3040.01
3040.635
3041.26
3041.707
3042.154
3042.601
3043.048
3043.495
3043.942
3044.389
3044.836
3045.28
3045.657
3046.034
3046.41
3046.581
3046.752
3046.923
3047.094
3047.265
3047.436
3047.607
3047.778
3047.95
3048.13
3048.311
3048.492
3048.673
3048.853
3049.033
3049.466
3049.899
3050.332
3050.765
3051.198
3051.631
3052.064
3052.497
3052.93
3053.159
3053.388
3053.617
3053.846
3054.075
3054.304
3054.533
3054.762
3054.991
3055.22
3055.449
3055.678
3055.91
3056.157
3056.405
3056.653
3056.9
3057.148
3057.396
3057.644
3057.891
3058.139
3058.387
3058.635
3058.88
3059.193
3059.506
3059.681
3059.856
3060.031
3060.206
3060.38
3063.38
3066.38
3066.66
3066.94
3067.22
3067.5
3068.723
3069.946
3071.169
3071.952
3072.735
3073.518
3074.301
3075.084
3075.867
3076.65
3077.43
3078.653
3079.876
3081.099
3082.32
3083.33
3084.34
3085.35
3086.36
3087.37
3088.38
3089.39
3090.4
3091.41
3091.603
3091.796
3091.989
3092.182
3092.375
3092.568
3092.761
3092.954
3093.15
3093.98
3094.81
3095.64
3096.47
3097.3
3098.13
3099.181
3100.232
3101.283
3102.334
3103.385
3104.436
3105.484
3105.956
3106.428
3106.9
3107.237
3107.574
3107.911
3108.248
3108.585
3108.922
3109.258
3111.349
3113.44
3113.94
3114.307
3114.674
3115.041
3115.409
3115.776
3116.145
3116.624
3117.103
3117.582
3118.061
3118.54
3119.019
3119.498
3119.977
3120.456
3120.935
3121.409
3122.939
3124.469
3126.0
3126.554
3127.108
3127.662
3128.216
3128.77
3129.324
3129.878
3130.432
3130.986
3131.54
3131.732
3131.924
3132.116
3132.308
3132.5
3132.692
3132.884
3133.076
3133.268
3133.46
3133.891
3134.322
3134.753
3135.184
3135.615
3136.046
3136.48
3136.846
3137.212
3137.578
3137.944
3138.31
3138.676
3139.042
3139.41
3139.705
3140.0
3140.295
3140.931
3141.567
3142.203
3142.839
3143.475
3144.111
3144.747
3145.383
3146.02
3146.3
3146.58
3146.966
3147.352
3147.738
3148.124
3148.51
3148.896
3149.28
3150.37
3151.46
3152.55
3153.64
3154.73
3155.82
3156.91
3158.0
3159.09
3160.18
3160.591
3161.002
3161.413
3161.824
3162.235
3162.646
3163.057
3163.468
3163.879
3164.29
3165.443
3166.596
3167.749
3168.902
3170.055
3171.208
3175.66
3175.9
3176.14
3176.38
3176.62
3176.86
3177.1
3177.34
3177.58
3177.793
3178.006
3178.218
3178.43
3178.642
3178.854
3179.066
3179.28
3179.554
3179.828
3180.102
3180.376
3180.65
3180.924
3181.198
3181.472
3181.75
3182.48
3182.938
3183.396
3183.941
3184.486
3185.031
3185.576
3186.121
3186.666
3187.211
3187.756
3188.3
3189.101
3189.902
3190.703
3191.504
3192.305
3193.106
3193.907
3194.71
3195.16
3195.61
3196.06
3196.51
3196.96
3197.41
3197.86
3198.129
3198.398
3198.667
3198.936
3199.205
3199.474
3199.74
3201.51
3203.28
3205.05
3206.82
3207.136
3207.452
3207.768
3208.084
3208.4
3208.716
3209.032
3209.348
3209.66
3209.991
3210.322
3210.653
3210.984
3211.315
3211.646
3211.977
3212.308
3212.639
3212.97
3213.301
3213.632
3213.96
3214.311
3214.662
3215.013
3215.364
3215.715
3216.066
3216.417
3216.768
3217.119
3217.472
3217.716
3217.96
3218.204
3218.448
3218.692
3218.936
3219.18
3219.424
3219.668
3219.912
3220.156
3220.4
3220.644
3220.888
3221.13
3221.446
3221.762
3222.078
3222.394
3222.71
3223.026
3223.342
3223.658
3223.974
3224.29
3224.606
3224.922
3225.24
3225.8
3226.36
3226.92
3227.48
3228.04
3228.6
3229.673
3230.746
3231.819
3232.892
3233.965
3235.038
3236.111
3237.184
3238.257
3239.33
3239.876
3240.422
3240.968
3241.514
3242.06
3242.606
3243.15
3243.811
3244.472
3245.133
3245.794
3246.455
3247.116
3247.777
3248.44
3249.041
3249.642
3250.243
3250.844
3251.445
3252.046
3252.647
3253.248
3253.849
3254.45
3255.05
3255.3
3255.55
3257.53
3257.776
3258.022
3258.268
3258.514
3258.76
3259.006
3259.252
3259.498
3259.744
3259.99
3260.199
3260.408
3260.617
3260.826
3261.035
3261.244
3261.453
3261.662
3261.87
3262.369
3262.868
3263.367
3263.866
3264.365
3264.864
3265.363
3265.862
3266.361
3266.86
3267.359
3267.858
3268.355
3269.169
3269.983
3270.797
3271.611
3272.425
3273.24
3275.245
3277.25
3277.508
3277.766
3278.024
3278.282
3278.54
3278.956
3279.372
3279.788
3280.204
3280.62
3281.036
3281.452
3281.868
3282.284
3282.7
3283.12
3283.522
3283.924
3284.326
3284.728
3285.13
3285.532
3285.934
3286.336
3286.74
3286.991
3287.242
3287.493
3287.744
3287.995
3288.246
3288.497
3288.748
3288.999
3289.25
3289.5
3289.684
3289.868
3290.052
3290.236
3290.42
3290.604
3290.788
3290.972
3291.156
3291.34
3291.524
3291.71
3292.097
3292.485
3292.873
3293.26
3293.542
3293.824
3294.106
3294.388
3294.67
3294.952
3295.234
3295.516
3295.798
3296.08
3296.362
3296.644
3296.92
3297.359
3297.798
3298.237
3298.676
3299.115
3299.554
3299.993
3300.432
3300.871
3301.31
3301.749
3302.188
3302.627
3303.07
3303.283
3303.496
3303.709
3303.922
3304.135
3304.348
3304.561
3304.774
3304.987
3305.2
3305.413
3305.63
3306.013
3306.396
3306.779
3307.162
3307.545
3307.928
3308.311
3308.694
3309.077
3309.46
3309.843
3310.23
3310.635
3311.04
3311.445
3311.85
3312.255
3312.66
3313.066
3313.367
3313.668
3313.969
3314.27
3314.571
3314.872
3315.173
3315.475
3315.782
3316.09
3316.398
3316.706
3317.014
3317.322
3317.63
3317.938
3318.245
3318.55
3318.858
3319.166
3319.474
3319.782
3320.09
3320.398
3320.706
3321.014
3321.322
3321.63
3321.94
3322.85
3323.76
3324.67
3325.58
3325.799
3326.018
3326.237
3326.456
3326.675
3326.894
3327.113
3327.332
3327.551
3327.77
3328.335
3328.9
3329.465
3330.03
3330.595
3331.16
3331.725
3332.29
3332.855
3333.42
3333.99
3334.585
3335.18
3335.775
3336.37
3336.965
3337.56
3338.155
3338.75
3339.345
3339.94
3340.53
3340.782
3341.034
3341.286
3341.538
3341.79
3342.042
3342.294
3342.546
3342.8
3343.236
3343.672
3344.108
3344.544
3344.98
3345.416
3345.85
3346.273
3346.696
3347.119
3347.542
3347.965
3348.388
3348.811
3349.234
3349.657
3350.076
3350.571
3351.066
3351.561
3352.056
3352.551
3353.046
3353.541
3354.039
3354.553
3355.067
3355.58
3356.22
3356.591
3356.962
3357.333
3357.704
3358.075
3358.446
3358.817
3359.19
3359.448
3359.706
3359.964
3360.222
3360.48
3360.738
3360.996
3361.254
3361.512
3361.77
3362.028
3362.29
3362.617
3362.944
3363.271
3363.598
3363.925
3364.252
3364.579
3364.906
3365.233
3365.56
3365.887
3366.214
3366.54
3366.811
3367.082
3367.353
3367.624
3367.895
3368.166
3368.44
3369.13
3369.82
3370.51
3371.2
3371.89
3372.58
3373.27
3373.96
3374.65
3375.44
3376.23
3377.02
3377.339
3377.658
3377.977
3378.296
3378.615
3378.934
3379.25
3379.753
3380.256
3380.759
3380.952
3381.145
3381.338
3381.531
3381.724
3381.917
3382.11
3382.3
3382.655
3383.01
3383.365
3383.72
3384.075
3384.432
3385.304
3386.137
3386.72
3387.108
3387.496
3387.884
3388.271
3388.485
3388.699
3388.913
3389.127
3389.341
3389.555
3389.77
3390.27
3390.9
3391.53
3392.16
3392.791
3392.978
3393.165
3393.352
3393.54
3393.741
3393.942
3394.143
3394.344
3394.545
3394.748
3395.132
3395.516
3395.9
3396.284
3396.668
3397.052
3397.436
3397.82
3398.2
3398.582
3398.964
3399.345
3400.025
3400.705
3401.385
3402.065
3402.745
3403.425
3403.746
3404.067
3404.388
3404.709
3405.03
3405.351
3405.672
3405.993
3406.316
3406.933
3407.55
3407.895
3408.24
3408.585
3408.93
3409.275
3409.62
3409.965
3410.31
3410.655
3411.0
3411.34
3411.649
3411.958
3412.267
3412.576
3412.885
3413.194
3413.503
3413.812
3414.121
3414.43
3414.74
3415.754
3416.768
3417.782
3418.796
3419.81
3420.824
3421.84
3422.178
3422.516
3422.854
3423.192
3423.53
3423.87
3424.345
3424.82
3425.295
3425.77
3426.245
3426.72
3427.195
3427.67
3428.077
3428.484
3428.891
3429.298
3429.705
3430.112
3430.519
3430.926
3431.333
3431.74
3432.15
3432.737
3433.324
3433.91
3434.195
3434.48
3434.765
3435.05
3435.335
3435.62
3435.905
3436.19
3436.539
3436.888
3437.237
3437.586
3437.935
3438.284
3438.633
3438.982
3439.331
3439.68
3439.939
3440.198
3440.457
3440.716
3440.975
3441.234
3441.493
3441.752
3442.011
3442.27
3442.529
3442.79
3443.209
3443.628
3444.047
3444.466
3444.885
3445.305
3445.43
3445.555
3445.68
3445.805
3445.93
3446.055
3446.18
3446.629
3447.078
3447.527
3447.976
3448.425
3448.874
3449.323
3449.774
3450.175
3450.576
3450.977
3451.378
3451.779
3452.18
3452.581
3452.98
3453.385
3453.79
3454.195
3454.6
3455.005
3455.41
3455.818
3456.016
3456.214
3456.412
3456.61
3456.808
3457.006
3457.204
3457.402
3457.6
3457.767
3457.934
3458.101
3458.268
3458.435
3458.602
3458.769
3458.936
3459.1
3460.04
3460.243
3460.446
3460.649
3460.852
3461.055
3461.258
3461.461
3461.664
3461.867
3462.07
3462.273
3462.48
3462.872
3463.264
3463.656
3464.048
3464.44
3464.832
3465.224
3465.616
3466.008
3466.4
3466.68
3466.96
3467.24
3467.52
3467.8
3468.08
3468.36
3468.64
3469.113
3469.586
3470.059
3470.532
3471.005
3471.48
3471.875
3472.27
3472.665
3473.06
3473.455
3473.85
3474.171
3474.492
3474.813
3475.134
3475.455
3475.776
3476.097
3476.418
3476.739
3477.06
3477.379
3477.565
3477.751
3477.937
3478.123
3478.309
3478.495
3478.681
3478.867
3479.053
3479.239
3479.42
3479.677
3479.934
3480.191
3480.448
3480.705
3480.962
3481.219
3481.476
3481.733
3481.99
3482.247
3482.504
3482.76
3483.268
3483.776
3484.284
3484.792
3485.3
3485.81
3486.154
3486.498
3486.842
3487.186
3487.53
3487.874
3488.218
3488.565
3488.784
3489.003
3489.222
3489.441
3489.66
3489.879
3490.098
3490.317
3490.536
3490.755
3490.974
3491.19
3491.576
3491.962
3492.348
3492.734
3493.12
3493.506
3493.892
3494.278
3494.664
3495.05
3495.436
3495.82
3496.298
3496.775
3497.253
3497.731
3498.209
3498.686
3499.164
3499.642
3500.119
3500.597
3501.075
3501.55
3502.111
3502.672
3503.233
3503.794
3504.355
3504.916
3505.478
3506.176
3506.874
3508.757
3510.64
3511.161
3511.682
3512.203
3512.724
3513.245
3513.766
3514.287
3514.808
3515.329
3515.85
3516.09
3516.33
3516.57
3516.81
3517.05
3517.29
3517.53
3517.994
3518.458
3518.922
3519.386
3519.85
3520.314
3520.778
3521.24
3521.429
3521.618
3521.807
3521.996
3522.185
3522.374
3522.563
3522.752
3522.941
3523.13
3523.319
3523.508
3523.697
3523.88
3524.139
3524.398
3524.657
3524.916
3525.175
3525.434
3525.693
3525.952
3526.21
3526.736
3527.262
3527.788
3528.314
3528.84
3529.366
3529.892
3530.418
3530.944
3531.47
3532.0
3532.662
3533.324
3533.986
3534.648
3535.31
3535.922
3536.534
3537.146
3537.758
3538.37
3538.727
3539.084
3539.44
3539.63
3539.82
3540.01
3540.2
3540.39
3540.58
3540.77
3540.96
3541.405
3541.85
3542.295
3542.74
3543.185
3543.63
3544.075
3544.52
3544.965
3545.41
3545.85
3546.242
3546.635
3547.028
3547.42
3547.812
3548.204
3548.597
3548.99
3549.261
3549.532
3549.803
3550.074
3550.345
3550.616
3550.887
3551.158
3551.429
3551.7
3551.971
3552.242
3552.513
3552.79
3552.79
3552.79
3552.79
3552.79
3552.79
