21.742
23.207
24.672
26.137
27.6
27.862
28.124
28.386
28.648
28.91
29.172
29.434
29.696
29.96
30.176
30.392
30.608
30.824
31.04
31.256
31.472
31.69
31.948
32.206
32.464
32.722
32.98
33.238
33.496
33.754
34.012
34.27
34.609
34.948
35.287
35.626
35.965
36.304
36.643
36.982
37.32
37.53
37.74
37.95
38.16
38.37
38.58
38.79
39.0
39.21
39.536
39.862
40.188
40.514
40.84
41.166
41.492
41.818
42.14
42.58
43.02
43.46
43.9
44.34
44.78
45.175
45.57
45.965
46.36
46.755
47.15
49.747
52.344
52.527
52.71
52.893
53.076
53.26
53.847
54.434
55.021
55.61
57.11
58.61
60.11
60.815
61.52
62.225
62.93
63.216
63.502
63.788
64.074
64.36
64.646
64.932
65.218
65.504
65.79
66.08
66.348
66.616
66.884
67.152
67.42
67.686
68.074
68.462
68.85
69.238
69.627
70.21
70.388
70.566
70.744
70.922
71.1
71.279
71.834
72.389
72.945
73.132
73.32
73.507
73.695
73.882
74.07
74.257
74.445
74.632
74.82
75.007
75.195
75.397
75.6
75.802
76.005
76.207
76.41
76.993
77.27
77.547
77.824
78.101
78.378
78.655
78.932
79.209
79.486
79.763
80.04
80.317
80.6
80.844
81.088
81.332
81.576
81.82
82.064
82.308
82.552
82.796
83.04
83.284
83.528
83.772
84.016
84.391
84.766
85.141
85.516
85.891
86.268
86.732
87.196
87.66
88.124
88.588
89.052
89.516
89.98
90.444
90.91
91.525
92.14
92.545
92.95
93.355
93.76
94.165
94.57
94.975
95.38
95.785
96.19
96.706
97.222
97.738
98.254
98.77
99.286
99.802
100.318
100.83
101.264
101.698
102.132
102.566
103.0
103.434
103.868
104.302
104.74
105.597
106.454
107.311
108.168
109.025
109.882
110.739
111.596
112.45
112.704
112.958
113.212
113.466
113.72
113.974
114.228
114.48
114.818
115.156
115.494
115.832
116.169
116.507
116.845
117.18
117.416
117.652
117.888
118.124
118.36
118.596
118.832
119.068
119.304
119.54
119.776
120.012
120.248
120.48
120.733
120.986
121.239
121.492
121.745
121.998
122.251
122.504
122.757
123.01
123.263
123.516
123.77
124.082
124.394
124.706
125.018
125.33
125.642
125.954
126.266
126.578
126.89
127.202
127.514
127.82
128.147
128.474
128.801
129.128
129.455
129.782
130.109
130.436
130.763
131.09
131.42
131.835
132.25
132.665
133.08
133.495
133.91
134.325
135.952
137.58
139.84
142.1
142.803
143.506
144.21
144.615
145.02
145.425
145.83
146.235
146.64
146.973
147.306
147.639
147.972
148.305
148.638
148.971
149.304
149.637
149.97
150.3
150.772
151.244
151.717
155.03
157.041
159.052
160.974
162.897
172.34
172.676
173.012
173.348
173.684
174.02
174.356
174.692
175.026
175.286
175.546
175.806
176.066
176.326
176.586
176.846
177.106
177.366
177.626
178.8
180.285
181.77
183.254
183.89
184.526
185.162
185.798
186.434
187.07
187.594
188.118
188.642
189.166
189.69
190.214
190.738
191.26
191.905
192.55
194.22
194.524
194.828
195.132
195.436
195.74
196.044
196.35
196.886
197.422
197.958
198.494
199.03
199.465
199.9
200.479
201.058
201.636
203.93
205.19
205.512
205.834
206.156
206.478
206.8
207.12
207.713
208.306
208.899
209.492
210.085
210.678
211.269
215.46
216.72
217.683
218.646
219.609
220.572
221.535
222.498
223.46
224.235
225.01
225.785
226.56
227.335
228.11
228.883
232.6
232.946
233.292
233.638
233.984
234.33
234.676
235.02
235.462
235.904
236.346
236.788
237.23
237.672
238.114
238.556
238.998
239.44
239.882
240.32
240.6
240.88
241.387
241.894
242.401
242.909
243.416
243.923
244.43
244.94
245.517
246.094
246.672
247.591
248.51
249.429
250.348
251.267
252.186
253.105
254.024
254.943
255.862
256.785
257.223
257.66
258.321
258.982
259.643
260.304
260.965
261.626
262.29
263.385
264.48
265.943
267.406
268.87
269.069
269.268
269.467
269.666
269.865
270.064
270.263
270.462
270.661
270.86
271.06
271.658
272.256
272.853
273.451
274.049
274.647
275.245
275.84
276.27
276.7
277.13
277.56
277.99
278.42
278.85
279.28
279.589
279.898
280.207
280.516
280.825
281.134
281.44
281.957
282.474
282.991
283.508
284.025
284.542
285.059
285.576
286.093
286.61
287.127
287.64
287.923
288.206
288.489
288.771
289.053
289.336
289.619
289.9
290.105
290.31
290.515
290.72
290.925
291.13
291.335
291.54
291.745
291.95
292.15
292.49
292.83
293.17
293.51
293.85
294.19
294.53
294.87
295.064
295.258
295.452
295.646
295.84
296.034
296.228
296.422
296.616
296.81
297.161
297.512
297.863
298.214
298.565
298.916
299.267
299.618
299.97
300.347
300.724
301.101
301.478
301.855
302.232
302.609
302.986
303.363
303.74
304.12
306.229
308.338
310.447
312.556
314.665
316.774
318.883
320.989
321.359
321.729
322.099
322.47
323.24
323.465
323.69
323.915
324.14
324.868
325.596
326.324
327.052
327.78
328.019
328.258
328.497
328.736
328.975
329.214
329.453
329.692
329.931
330.17
330.727
331.284
331.841
332.398
332.955
333.51
334.049
334.588
335.127
335.666
336.205
336.744
337.283
337.82
338.264
338.708
339.152
339.596
340.039
340.299
340.559
340.819
341.08
341.88
343.67
343.936
344.202
344.468
344.734
345.0
345.266
345.532
345.798
346.064
346.33
346.596
346.862
347.128
347.39
347.973
348.556
349.14
349.439
349.738
350.037
350.336
350.635
350.934
351.233
351.532
351.831
352.13
352.382
352.634
352.886
353.138
353.39
353.642
353.894
354.146
354.398
354.65
354.902
355.154
355.4
355.817
356.234
356.651
357.068
357.485
357.902
358.319
358.736
359.153
359.57
359.99
360.316
360.642
360.968
361.294
361.62
361.946
362.272
362.598
362.924
363.25
363.576
363.902
364.228
364.56
364.782
365.004
365.226
365.448
365.67
365.892
366.114
366.336
366.558
366.78
367.002
367.224
367.446
367.668
367.89
368.277
368.664
369.051
369.438
369.825
370.212
370.599
370.986
371.373
371.756
372.189
372.622
373.055
373.488
373.921
374.354
374.787
375.22
375.65
375.999
376.348
376.697
377.046
377.395
377.744
378.09
378.322
378.555
378.788
379.021
379.254
379.487
379.72
379.95
380.375
380.8
381.225
381.65
381.822
381.994
382.166
382.338
382.51
382.682
382.854
383.026
383.2
383.466
383.732
383.998
384.264
384.53
384.796
385.062
385.328
385.59
386.11
386.63
387.15
387.67
388.19
388.71
389.23
389.75
390.011
390.272
390.533
390.794
391.055
391.316
391.577
391.838
392.099
392.36
392.621
392.885
393.078
393.271
393.464
393.657
393.85
394.043
394.236
394.429
394.622
394.815
395.01
395.362
395.714
396.066
396.418
396.77
396.972
397.174
397.376
397.578
397.78
397.982
398.184
398.386
398.59
398.901
399.212
399.523
399.834
400.145
400.456
400.767
401.078
401.389
401.7
402.011
402.32
402.562
402.805
403.048
403.291
403.534
403.776
404.019
404.262
404.505
404.748
404.99
405.23
405.802
406.374
406.946
407.516
407.803
408.09
408.377
408.664
408.951
409.238
409.525
409.81
410.038
410.266
410.494
410.722
410.95
411.178
411.406
411.634
411.862
412.09
412.317
412.54
413.523
414.506
415.488
416.47
418.283
420.096
421.909
423.722
425.535
427.348
429.161
430.974
432.787
434.6
436.408
437.936
439.464
440.992
442.52
444.05
444.381
444.712
445.043
445.374
445.705
446.036
446.367
446.696
447.317
447.938
448.558
449.178
449.798
450.418
451.038
451.66
452.166
452.672
453.178
453.684
454.19
454.696
455.205
456.071
456.937
457.803
458.669
459.535
460.401
461.267
462.133
462.999
463.862
464.124
464.386
464.648
464.91
465.172
465.434
465.695
466.29
466.885
467.48
468.075
468.67
469.097
469.524
469.951
470.378
470.805
471.232
471.659
472.086
472.513
472.94
473.367
473.79
474.593
475.396
476.199
477.002
477.805
478.608
479.411
480.214
480.485
480.756
481.027
481.298
481.569
481.84
482.111
482.38
482.9
483.42
483.94
484.46
484.98
485.5
486.02
486.54
487.06
487.58
488.1
488.641
489.182
489.723
490.264
490.805
491.346
491.89
492.625
493.36
494.095
494.83
495.565
496.3
497.035
497.77
497.982
498.195
498.408
498.62
498.832
499.044
499.256
499.47
499.699
499.928
500.157
500.386
500.615
500.844
501.073
501.3
501.63
501.96
502.29
502.62
502.95
503.28
503.61
503.94
504.227
504.514
504.801
505.088
505.375
505.66
506.158
506.656
507.154
507.65
508.572
509.494
510.416
511.338
512.26
513.182
514.104
515.026
515.949
516.283
516.617
516.951
517.285
517.619
517.984
518.349
518.714
519.079
519.444
519.809
520.104
520.399
520.694
520.989
521.284
521.579
521.874
522.169
522.46
522.678
522.895
523.112
523.329
523.546
523.764
523.981
524.2
524.727
525.254
525.781
526.308
526.835
527.36
528.323
529.286
530.249
531.212
532.175
533.138
534.101
535.064
536.024
536.352
536.68
537.008
537.336
537.664
537.992
538.32
538.648
538.973
539.371
539.769
540.167
540.565
540.963
541.361
541.759
542.157
542.555
542.95
546.42
547.03
548.033
549.035
550.037
551.04
552.043
553.045
554.047
555.05
555.496
555.942
556.388
556.834
557.28
557.726
558.172
558.618
559.064
559.51
559.956
560.402
560.85
561.575
562.3
562.623
562.946
563.269
563.592
563.915
564.238
564.56
565.164
565.768
566.372
566.976
567.58
568.184
568.79
570.135
571.48
572.825
574.17
574.389
574.608
574.827
575.046
575.265
575.484
575.703
575.922
576.145
576.377
576.609
576.841
577.073
577.305
577.537
577.769
578.001
578.233
578.47
578.85
579.23
579.61
579.99
580.37
580.75
581.13
581.51
581.89
582.27
582.65
583.03
587.66
587.88
588.1
588.32
588.54
588.76
589.323
589.886
590.449
591.012
591.575
592.14
592.584
593.028
593.472
593.916
594.36
594.804
595.248
595.692
596.14
596.486
596.832
597.178
597.524
597.87
598.216
598.562
598.908
599.254
599.6
599.946
600.292
600.64
600.93
601.22
601.51
601.8
602.09
602.38
602.67
603.158
603.646
604.134
604.622
605.11
605.342
605.574
605.806
606.038
606.27
606.502
606.734
606.966
607.198
607.43
607.66
610.11
612.56
612.849
613.138
613.427
613.716
614.005
614.294
614.583
614.872
615.161
615.45
615.74
616.116
616.492
616.868
617.244
617.62
617.996
618.372
618.748
619.124
619.5
619.88
620.394
620.908
621.422
621.936
622.45
622.964
623.478
623.992
624.51
625.062
625.614
626.166
626.718
627.27
627.822
628.374
628.926
629.48
630.493
631.506
632.519
633.532
634.545
635.558
636.57
637.14
637.71
638.28
638.85
639.42
639.99
640.56
641.13
641.7
642.27
642.84
643.376
643.912
644.448
644.984
645.52
646.056
646.592
647.128
647.66
647.935
648.21
648.485
648.76
649.035
649.31
649.588
650.099
650.61
651.121
651.632
652.143
652.654
653.165
653.676
654.187
654.698
655.209
655.715
656.351
656.987
657.623
658.26
658.678
659.096
659.514
659.932
660.35
660.768
661.186
661.604
662.022
662.44
662.858
663.276
663.69
663.962
664.234
664.506
664.778
665.05
665.322
665.594
665.866
666.14
666.483
666.826
667.169
667.512
667.855
668.198
668.541
668.884
669.23
669.836
670.442
671.048
671.654
672.26
672.479
672.698
672.917
673.136
673.355
673.574
673.793
674.01
674.353
674.696
675.039
675.382
675.725
676.068
676.411
676.754
677.097
677.44
677.783
678.126
678.469
678.81
679.202
679.594
679.986
680.378
680.77
681.162
681.554
681.949
682.142
682.335
682.528
682.721
682.914
683.107
683.3
683.49
683.716
683.942
684.168
684.394
684.62
684.846
685.072
685.298
685.524
685.75
686.109
686.468
686.827
687.186
687.545
687.904
688.263
688.62
688.978
689.336
689.694
690.052
690.41
690.768
691.126
691.484
691.842
692.2
692.558
692.916
693.28
693.644
694.008
694.372
694.736
695.1
695.464
695.828
696.192
696.556
696.92
697.284
697.648
698.012
698.376
698.74
699.126
699.512
699.898
700.284
700.67
701.058
701.446
701.834
702.222
702.61
703.0
703.25
703.5
703.75
704.0
704.25
704.5
704.75
705.0
705.25
705.5
705.75
706.0
706.389
706.778
707.167
707.556
707.945
708.334
708.72
708.91
709.1
709.29
709.48
709.67
709.86
710.327
710.794
711.261
711.728
712.195
712.66
713.372
714.084
714.796
715.508
716.22
716.93
717.14
717.35
717.56
717.77
717.98
718.19
718.4
718.61
718.923
719.236
719.549
719.862
720.175
720.488
720.801
721.114
721.427
721.74
721.934
722.128
722.322
722.516
722.71
722.904
723.098
723.292
723.486
723.68
723.874
724.068
724.26
725.159
726.058
726.957
727.856
728.755
729.654
730.55
730.884
731.218
731.552
731.886
732.22
732.554
732.89
733.614
734.338
735.062
735.786
736.51
736.706
736.902
737.098
737.294
737.49
737.686
737.882
738.08
738.354
738.628
738.902
739.176
739.45
739.724
739.998
740.272
740.546
740.82
741.094
741.37
741.566
741.762
741.958
742.154
742.35
742.546
742.742
742.938
743.134
743.33
743.526
743.72
744.38
745.04
745.7
746.36
747.02
747.68
748.34
749.189
750.038
750.887
751.735
751.997
752.259
752.521
752.783
753.045
753.307
753.569
753.831
754.093
754.353
754.654
754.955
755.256
755.557
755.858
756.16
758.89
759.128
759.366
759.603
759.84
760.062
760.284
760.506
760.728
760.95
761.172
761.394
761.616
761.838
762.06
762.28
762.714
763.148
763.582
764.016
764.45
764.884
765.32
765.572
765.824
766.076
766.328
766.58
766.832
767.084
767.336
767.588
767.84
768.092
768.344
768.59
768.834
769.078
769.322
769.566
769.81
770.184
770.558
770.932
771.306
771.68
771.9
772.12
772.34
772.56
772.78
773.0
773.22
773.44
773.66
773.88
774.1
774.32
774.54
774.76
774.98
775.231
775.482
775.733
775.984
776.235
776.486
776.737
776.988
777.24
778.173
779.106
780.039
780.972
781.905
782.838
783.77
784.54
784.88
785.22
785.56
785.9
786.24
786.58
786.92
787.26
787.6
787.94
788.209
788.478
788.747
789.016
789.285
789.554
789.823
790.092
790.361
790.63
790.899
791.168
791.583
791.998
792.413
792.828
793.243
793.658
794.073
794.488
794.903
795.318
795.733
796.148
796.403
796.658
796.913
797.168
797.423
797.678
797.933
798.188
798.444
798.636
798.828
799.02
799.212
799.404
799.596
799.788
799.98
800.172
800.36
801.027
801.694
802.361
803.028
803.695
804.362
805.029
805.696
806.36
806.616
806.872
807.128
807.384
807.64
807.896
808.152
808.408
808.664
808.92
809.176
809.432
809.688
809.94
810.332
810.724
811.116
811.508
811.9
812.292
812.684
813.076
813.47
813.85
814.23
814.61
814.99
815.37
815.75
816.13
816.51
816.89
817.12
817.35
817.58
817.81
818.04
818.27
818.5
818.73
818.96
819.274
819.588
819.902
820.216
820.53
820.844
821.158
821.472
821.786
822.1
822.414
822.728
823.042
823.35
823.641
823.932
824.223
824.514
824.805
825.096
825.387
825.678
825.97
826.242
826.514
826.786
827.058
827.33
827.602
827.874
828.146
828.42
828.747
829.074
829.401
829.728
830.055
830.382
830.709
831.04
831.281
831.522
831.763
832.004
832.245
832.487
832.661
832.835
833.009
833.183
833.357
833.531
833.705
833.879
834.053
834.227
834.401
834.57
834.936
835.302
835.668
836.034
836.4
836.766
837.132
837.5
837.692
837.885
838.077
838.269
838.462
838.654
838.846
839.04
839.318
839.596
839.874
840.152
840.43
840.708
840.986
841.264
841.542
841.82
842.095
843.488
844.881
846.274
847.667
849.06
850.45
850.75
851.05
851.35
851.65
851.95
852.25
852.55
852.85
853.15
853.374
853.598
853.822
854.046
854.27
854.656
855.042
855.428
855.814
856.2
856.586
856.97
857.341
857.712
858.083
858.454
858.825
859.196
859.567
859.938
860.309
860.68
861.051
861.42
861.61
861.8
861.99
862.18
862.37
862.56
862.75
862.94
863.119
863.298
863.477
863.656
863.835
864.014
864.193
864.372
864.551
864.73
864.909
865.09
865.303
865.516
865.729
865.942
866.155
866.37
867.132
867.894
868.657
869.762
870.867
871.972
873.077
874.182
875.287
876.392
877.497
878.602
879.707
880.812
881.917
883.022
884.126
884.431
884.736
885.041
885.346
885.649
886.709
887.769
888.829
889.889
890.95
891.228
891.506
891.784
892.062
892.34
892.618
892.896
893.174
893.452
893.73
894.008
894.286
894.564
894.84
895.152
895.464
895.776
896.088
896.399
897.315
897.94
899.568
901.195
901.646
902.097
902.548
902.999
903.45
903.901
904.355
904.649
904.943
905.237
905.531
905.825
906.119
906.66
907.725
908.79
909.855
910.919
911.143
911.367
911.591
911.815
912.039
912.263
912.487
912.71
912.927
913.144
913.361
913.578
913.795
914.012
914.229
914.446
914.663
914.876
915.058
915.24
915.422
915.604
915.786
915.968
916.15
916.332
916.514
916.696
916.879
917.078
917.277
917.476
917.675
917.874
918.073
918.272
918.471
918.67
919.273
919.876
920.48
920.809
921.138
921.467
921.796
922.125
922.454
922.783
923.112
923.441
923.77
924.099
924.428
924.757
925.08
925.616
926.152
926.688
927.224
927.76
928.308
928.856
929.404
929.952
930.5
931.048
931.596
932.144
932.692
933.24
933.788
934.336
934.88
935.189
935.498
935.807
936.116
936.425
936.734
937.043
937.352
937.661
937.97
938.28
938.492
938.704
938.916
939.129
939.341
939.553
939.765
939.977
940.189
940.401
940.613
940.83
941.262
941.694
942.126
942.558
942.99
943.422
943.854
944.286
944.72
945.123
945.526
945.929
946.332
946.735
947.138
947.541
947.944
948.35
948.737
949.124
949.511
949.898
950.285
950.67
950.945
951.22
951.495
951.77
952.045
952.601
953.157
953.713
954.269
954.825
955.381
955.937
956.493
957.049
957.605
958.16
958.553
958.946
959.339
959.732
960.125
960.518
960.911
961.304
961.7
962.024
962.348
962.672
962.996
963.32
963.644
963.968
964.292
964.616
964.94
965.264
965.588
965.912
966.24
966.627
967.014
967.401
967.788
968.175
968.562
968.949
969.336
969.723
970.11
970.883
971.656
972.429
973.202
973.975
974.748
975.521
976.294
977.067
977.84
978.613
979.386
980.16
980.534
980.908
981.282
981.656
982.03
982.404
982.778
983.152
983.526
983.9
984.27
984.555
984.84
985.125
985.41
985.695
985.98
986.265
986.55
986.835
987.12
987.4
988.529
989.657
990.016
990.375
990.734
991.094
991.413
991.732
992.051
992.37
992.689
993.008
993.327
993.646
993.965
994.284
994.603
994.922
995.241
995.56
995.884
997.33
997.893
998.456
999.02
1000.836
1001.594
1002.352
1003.11
1003.52
1003.93
1004.28
1004.63
1005.013
1005.396
1005.78
1006.363
1007.29
1008.217
1009.144
1010.071
1010.998
1011.925
1012.852
1013.78
1014.081
1014.382
1014.683
1014.984
1015.285
1015.586
1015.887
1016.188
1016.489
1016.79
1017.116
1017.442
1017.768
1018.094
1018.42
1018.746
1019.072
1019.398
1019.72
1019.972
1020.224
1020.476
1020.728
1020.98
1021.232
1021.484
1021.736
1021.99
1022.289
1022.588
1022.887
1023.186
1023.485
1023.784
1024.083
1024.382
1024.681
1024.98
1025.279
1025.578
1025.877
1026.18
1026.45
1026.72
1026.99
1027.26
1027.53
1027.8
1028.07
1028.34
1028.61
1028.88
1029.191
1029.502
1029.813
1030.124
1030.435
1030.746
1031.057
1031.368
1031.679
1031.99
1032.301
1032.609
1032.957
1033.305
1033.653
1034.0
1034.286
1034.572
1034.858
1035.144
1035.43
1035.716
1036.002
1036.288
1036.574
1036.86
1037.146
1037.43
1037.7
1037.97
1038.24
1038.51
1038.78
1039.05
1039.32
1039.59
1039.86
1040.13
1040.4
1040.67
1040.94
1041.11
1041.28
1041.45
1041.62
1041.79
1041.96
1042.13
1042.3
1042.47
1042.64
1042.81
1042.98
1043.15
1043.32
1043.49
1043.881
1044.272
1044.663
1045.054
1045.445
1045.836
1046.23
1046.857
1047.484
1048.111
1048.738
1049.365
1049.99
1050.443
1050.896
1051.349
1051.802
1052.255
1052.708
1053.161
1053.614
1054.067
1054.52
1054.973
1055.43
1055.754
1056.078
1056.402
1056.726
1057.05
1057.374
1057.698
1058.022
1058.346
1058.67
1058.99
1059.46
1059.93
1060.4
1060.87
1061.34
1061.81
1062.192
1062.574
1062.956
1063.338
1063.72
1064.102
1064.484
1064.866
1065.248
1065.628
1065.864
1066.1
1066.336
1066.572
1066.808
1067.044
1067.28
1067.516
1067.753
1067.911
1068.069
1068.227
1068.384
1069.05
1069.345
1069.64
1069.935
1070.23
1070.525
1070.82
1071.384
1071.948
1072.512
1073.076
1073.64
1074.204
1074.768
1075.33
1075.61
1075.89
1076.17
1076.45
1076.73
1077.01
1077.29
1077.57
1077.85
1078.13
1078.41
1078.69
1078.885
1079.08
1079.275
1079.47
1079.665
1079.86
1080.055
1080.25
1080.446
1080.633
1080.82
1081.007
1081.194
1081.381
1081.57
1082.075
1082.58
1083.085
1083.59
1083.821
1084.052
1084.283
1084.514
1084.745
1084.976
1085.207
1085.438
1085.669
1085.9
1086.131
1086.362
1086.517
1086.672
1086.827
1086.982
1087.137
1087.292
1087.447
1087.602
1087.757
1087.912
1088.07
1088.324
1088.578
1088.832
1089.086
1089.34
1089.594
1089.848
1090.102
1090.354
1090.511
1090.668
1090.825
1090.982
1091.139
1091.296
1091.453
1091.61
1091.77
1092.109
1092.448
1092.787
1093.126
1093.465
1093.804
1094.14
1094.406
1094.672
1094.938
1095.204
1095.47
1095.736
1096.002
1096.268
1096.534
1096.8
1097.066
1097.332
1097.598
1097.87
1098.138
1098.406
1098.674
1098.942
1099.21
1099.478
1099.746
1100.014
1100.28
1100.652
1101.024
1101.396
1101.768
1102.14
1102.512
1102.884
1103.256
1103.628
1104.0
1107.22
1107.491
1107.762
1108.033
1108.304
1108.575
1108.846
1109.117
1109.388
1109.66
1110.744
1111.828
1112.912
1113.996
1115.08
1120.42
1121.051
1121.682
1122.313
1122.944
1123.575
1124.206
1124.837
1125.468
1126.099
1126.73
1127.36
1127.556
1127.752
1127.948
1128.144
1128.34
1128.536
1128.732
1128.928
1129.124
1129.32
1129.516
1129.712
1129.91
1130.16
1130.41
1130.66
1130.91
1131.16
1131.41
1131.592
1131.774
1131.956
1132.138
1132.32
1132.502
1132.684
1132.866
1133.048
1133.23
1133.41
1133.538
1133.666
1133.793
1133.92
1134.189
1134.458
1134.727
1134.996
1135.265
1135.534
1135.803
1136.072
1136.341
1136.61
1136.879
1137.148
1137.417
1137.686
1137.955
1138.23
1138.682
1139.134
1139.586
1140.065
1140.544
1141.023
1141.502
1141.981
1142.46
1143.11
1143.446
1143.782
1144.118
1144.454
1144.788
1145.216
1145.644
1146.072
1146.5
1147.71
1148.92
1149.123
1149.326
1149.529
1149.732
1149.935
1150.138
1150.341
1150.544
1150.747
1150.95
1151.153
1151.356
1151.559
1151.762
1151.965
1152.168
1153.001
1153.834
1154.667
1155.5
1156.333
1157.166
1158.0
1158.39
1158.78
1159.17
1159.56
1159.95
1160.34
1160.73
1161.12
1161.51
1161.899
1162.159
1162.419
1162.679
1162.94
1163.529
1164.118
1164.707
1165.296
1165.885
1166.474
1167.06
1168.225
1169.39
1169.725
1170.06
1170.395
1170.73
1171.065
1171.4
1171.735
1172.07
1172.405
1172.74
1173.082
1173.425
1173.767
1174.11
1174.452
1174.794
1175.137
1175.48
1176.04
1176.6
1177.16
1177.72
1178.28
1178.84
1179.4
1179.96
1180.388
1180.816
1181.244
1181.672
1182.1
1182.528
1182.956
1183.384
1183.812
1184.24
1184.668
1185.096
1185.52
1186.546
1187.572
1188.598
1189.624
1190.649
1191.245
1191.841
1192.437
1193.033
1193.629
1194.225
1194.82
1195.441
1196.062
1196.683
1197.304
1197.924
1198.59
1198.934
1199.278
1199.622
1199.966
1200.31
1200.654
1200.998
1201.34
1201.812
1202.284
1202.756
1203.228
1203.7
1204.172
1204.644
1205.116
1205.588
1206.06
1206.532
1207.004
1207.48
1207.747
1208.014
1208.281
1208.548
1208.815
1209.08
1209.47
1209.86
1210.25
1210.64
1211.03
1211.42
1211.81
1212.207
1212.605
1213.003
1213.4
1213.798
1214.196
1214.593
1214.99
1215.378
1215.765
1216.153
1216.541
1216.928
1217.316
1217.704
1218.09
1218.323
1218.556
1218.789
1219.022
1219.255
1219.488
1219.72
1220.13
1220.54
1220.95
1221.36
1221.77
1222.18
1222.59
1223.0
1223.4
1223.8
1224.2
1224.6
1225.494
1226.388
1227.282
1228.176
1229.07
1229.964
1230.858
1231.752
1232.646
1233.54
1233.777
1234.014
1234.251
1234.488
1234.726
1234.964
1235.201
1235.44
1235.904
1236.368
1236.832
1237.296
1237.76
1238.224
1238.69
1238.952
1239.214
1239.476
1239.738
1240.0
1240.262
1240.524
1240.786
1241.048
1241.31
1241.572
1241.834
1242.096
1242.36
1242.574
1242.788
1243.002
1243.216
1243.43
1243.644
1243.86
1244.172
1244.485
1244.797
1245.11
1245.422
1245.735
1246.047
1246.36
1246.786
1247.212
1247.638
1248.064
1248.49
1248.916
1249.34
1249.67
1250.0
1250.33
1250.66
1250.99
1251.32
1251.713
1252.106
1252.499
1252.892
1253.285
1253.678
1254.072
1254.465
1254.858
1255.251
1255.644
1256.042
1256.367
1256.692
1257.017
1257.342
1257.667
1257.992
1258.317
1258.642
1258.967
1259.292
1259.62
1259.871
1260.122
1260.373
1260.624
1260.875
1261.126
1261.38
1261.616
1261.852
1262.088
1262.324
1262.56
1262.796
1263.032
1263.268
1263.504
1263.74
1263.98
1264.484
1264.988
1265.492
1265.996
1266.5
1266.97
1267.44
1267.91
1268.38
1268.85
1269.32
1269.79
1270.26
1270.73
1271.2
1271.472
1271.744
1272.016
1272.288
1272.56
1272.832
1273.104
1273.376
1273.65
1273.862
1274.074
1274.286
1274.498
1274.71
1274.922
1275.134
1275.346
1275.558
1275.77
1275.982
1276.194
1276.41
1276.698
1276.986
1277.274
1277.562
1277.85
1278.138
1278.426
1278.714
1279.002
1279.29
1279.578
1279.866
1280.15
1280.449
1280.748
1281.047
1281.346
1281.645
1281.944
1282.243
1282.54
1283.125
1283.71
1284.295
1284.88
1285.465
1286.05
1286.635
1287.22
1287.805
1288.391
1289.035
1289.679
1290.323
1290.967
1291.611
1292.255
1292.9
1294.328
1295.755
1297.183
1298.61
1298.929
1299.248
1299.567
1299.886
1300.205
1300.524
1300.843
1301.162
1301.481
1301.8
1302.119
1302.44
1302.701
1302.962
1303.223
1303.484
1303.745
1304.006
1304.267
1304.53
1304.993
1305.456
1305.919
1306.382
1306.845
1307.307
1308.084
1308.861
1309.638
1310.415
1311.19
1311.423
1311.656
1311.889
1312.121
1312.354
1312.587
1312.82
1313.053
1313.286
1313.519
1313.752
1313.98
1314.472
1314.964
1315.456
1315.948
1316.44
1316.93
1317.169
1317.408
1317.647
1317.886
1318.125
1318.364
1318.603
1318.842
1319.081
1319.32
1319.559
1319.8
1321.025
1322.25
1323.475
1324.7
1325.925
1327.15
1328.375
1329.6
1330.825
1332.05
1333.275
1334.5
1335.725
1336.95
1337.641
1338.332
1339.023
1339.714
1340.405
1341.096
1341.787
1342.478
1343.169
1343.86
1344.168
1344.476
1344.784
1345.092
1345.4
1345.708
1346.016
1346.324
1346.63
1347.148
1347.666
1348.184
1348.702
1349.22
1349.738
1350.256
1350.774
1351.292
1351.81
1352.328
1352.846
1353.36
1356.003
1358.646
1361.289
1363.932
1366.575
1369.218
1371.86
1372.274
1372.688
1373.102
1373.516
1373.93
1374.344
1374.758
1375.172
1375.586
1376.0
1376.414
1376.828
1377.24
1377.477
1377.714
1377.951
1378.188
1378.425
1378.662
1378.899
1379.136
1379.373
1379.61
1379.847
1380.084
1380.32
1380.593
1380.866
1381.139
1381.412
1381.685
1381.958
1382.231
1382.504
1382.777
1383.05
1383.344
1383.638
1383.932
1384.226
1384.52
1384.814
1385.108
1385.402
1385.7
1386.241
1386.782
1387.323
1387.864
1388.404
1388.584
1388.764
1388.944
1389.124
1389.304
1389.485
1389.665
1389.845
1390.025
1390.206
1390.386
1390.57
1391.258
1391.946
1392.634
1393.322
1394.01
1394.698
1395.386
1396.074
1396.762
1397.45
1398.068
1398.686
1399.304
1399.922
1400.54
1401.16
1402.548
1403.935
1404.276
1404.617
1404.958
1405.299
1405.64
1405.981
1406.32
1406.667
1407.014
1407.361
1407.708
1408.055
1408.402
1408.749
1409.096
1409.443
1409.79
1410.089
1410.388
1410.687
1410.986
1411.285
1411.584
1411.883
1412.182
1412.477
1418.06
1418.443
1418.826
1419.209
1419.592
1419.975
1420.358
1420.74
1421.045
1421.35
1421.655
1421.96
1422.265
1422.57
1422.875
1423.18
1423.485
1423.79
1424.095
1424.4
1424.65
1424.9
1425.15
1425.4
1425.65
1425.9
1426.15
1426.4
1426.65
1426.9
1427.15
1427.557
1427.964
1428.37
1428.584
1428.798
1429.012
1429.226
1429.44
1429.654
1429.87
1430.052
1430.234
1430.416
1430.598
1430.78
1430.962
1431.144
1431.326
1431.51
1431.908
1432.306
1432.704
1433.102
1433.5
1433.8
1434.1
1434.399
1434.698
1434.998
1435.297
1435.495
1435.693
1435.891
1436.089
1436.287
1436.485
1436.683
1436.88
1437.162
1437.444
1437.726
1438.008
1438.29
1438.57
1439.035
1439.5
1439.965
1440.43
1440.895
1441.36
1441.825
1442.29
1442.755
1443.22
1443.685
1444.15
1444.505
1444.86
1445.215
1445.57
1445.925
1446.28
1446.635
1446.99
1447.345
1447.7
1448.05
1448.448
1448.846
1449.244
1449.642
1450.04
1450.44
1450.721
1451.002
1451.283
1451.564
1451.845
1452.126
1452.407
1452.688
1452.97
1453.241
1453.512
1453.783
1454.054
1454.325
1454.596
1454.867
1455.138
1455.409
1455.68
1455.951
1456.221
1456.387
1456.553
1456.72
1456.949
1457.178
1457.407
1457.636
1457.865
1458.094
1458.323
1458.553
1458.779
1459.005
1459.231
1459.457
1459.683
1459.909
1460.135
1460.361
1460.587
1460.813
1461.039
1461.265
1461.491
1461.72
1462.002
1462.284
1462.566
1462.848
1463.13
1463.412
1463.694
1463.976
1464.258
1464.54
1464.822
1465.1
1465.784
1466.468
1467.152
1467.836
1468.52
1468.827
1469.134
1469.441
1469.748
1470.055
1470.362
1470.669
1470.976
1471.283
1471.59
1471.897
1472.204
1472.51
1472.854
1473.198
1473.542
1473.886
1474.23
1474.574
1474.918
1475.262
1475.607
1476.19
1476.781
1477.372
1477.963
1478.554
1479.145
1479.736
1480.33
1480.81
1481.29
1481.77
1482.25
1482.73
1483.21
1483.69
1484.17
1484.65
1485.037
1485.424
1485.811
1486.198
1486.585
1486.972
1487.359
1487.746
1488.133
1488.52
1488.907
1489.294
1489.681
1490.068
1490.455
1490.84
1491.295
1491.75
1492.229
1492.708
1493.187
1493.666
1494.145
1494.398
1494.65
1494.903
1495.156
1495.409
1495.66
1496.094
1496.528
1496.962
1497.396
1497.83
1498.264
1498.698
1499.131
1500.043
1500.955
1501.867
1502.779
1503.69
1503.963
1504.236
1504.509
1504.782
1505.055
1505.328
1505.601
1505.815
1506.029
1506.243
1506.457
1506.671
1506.885
1507.1
1507.824
1508.548
1509.272
1509.996
1510.72
1511.444
1512.168
1512.892
1513.616
1514.34
1515.064
1515.335
1515.606
1515.877
1516.148
1516.419
1516.69
1516.961
1517.23
1517.47
1517.71
1517.95
1518.19
1518.43
1518.67
1518.91
1519.15
1519.973
1520.796
1521.619
1522.442
1523.265
1524.088
1524.911
1525.734
1526.557
1527.38
1528.203
1529.026
1529.849
1530.674
1531.655
1532.636
1533.617
1534.598
1535.579
1536.56
1537.826
1539.092
1540.358
1541.624
1542.89
1544.156
1545.42
1546.558
1547.696
1548.834
1549.972
1551.11
1552.25
1554.15
1554.678
1555.206
1555.734
1556.262
1556.79
1557.564
1558.338
1559.112
1559.886
1560.66
1561.434
1562.208
1562.98
1563.192
1563.404
1563.616
1563.828
1564.04
1564.252
1564.464
1564.676
1564.888
1565.104
1565.947
1566.79
1567.633
1568.476
1569.319
1570.16
1570.4
1570.64
1570.88
1571.12
1571.36
1571.6
1571.84
1572.08
1572.32
1572.56
1572.8
1573.04
1573.285
1574.481
1575.677
1576.873
1578.069
1579.264
1579.547
1579.83
1580.113
1580.396
1580.68
1581.069
1581.458
1581.847
1582.236
1582.625
1583.014
1583.403
1583.79
1584.516
1584.977
1585.438
1585.899
1586.36
1586.821
1587.282
1587.743
1588.204
1588.665
1589.126
1589.592
1590.3
1590.684
1591.068
1591.452
1591.836
1592.22
1592.606
1596.492
1597.017
1597.542
1598.067
1598.592
1599.117
1599.642
1600.17
1600.81
1601.45
1602.09
1602.78
1603.47
1604.39
1604.734
1605.078
1605.422
1605.766
1606.11
1606.454
1606.796
1607.245
1607.694
1608.143
1608.592
1609.041
1609.49
1609.94
1611.045
1612.15
1612.423
1612.696
1612.968
1613.241
1613.514
1613.786
1614.059
1614.33
1614.78
1615.23
1615.68
1616.13
1616.58
1617.03
1617.48
1617.931
1618.256
1618.581
1618.906
1619.231
1619.556
1619.879
1620.254
1620.629
1621.004
1621.379
1621.754
1622.129
1622.504
1622.879
1623.254
1623.629
1624.004
1624.379
1624.749
1624.995
1625.241
1625.487
1625.733
1625.977
1626.56
1627.482
1628.404
1629.326
1630.248
1631.17
1632.092
1633.014
1633.936
1634.858
1635.78
1636.702
1637.624
1638.54
1639.274
1640.008
1640.742
1641.476
1642.21
1642.944
1643.68
1644.052
1644.424
1644.796
1645.168
1645.54
1645.72
1645.9
1646.08
1646.26
1646.44
1646.62
1646.8
1646.98
1647.16
1647.34
1647.52
1647.7
1647.874
1648.067
1648.26
1648.453
1648.646
1648.839
1649.032
1649.225
1649.415
1651.404
1653.393
1655.382
1657.372
1657.873
1658.374
1658.875
1659.376
1659.877
1660.378
1660.879
1661.38
1661.88
1663.67
1663.947
1664.224
1664.501
1664.778
1665.055
1665.332
1665.609
1665.885
1666.088
1666.291
1666.494
1666.697
1666.899
1667.1
1667.766
1668.048
1668.33
1668.612
1668.894
1669.176
1669.458
1669.74
1670.022
1670.304
1670.586
1670.868
1671.15
1671.608
1672.066
1672.524
1672.982
1673.44
1673.898
1674.355
1674.592
1674.83
1675.067
1675.304
1675.542
1675.779
1676.016
1676.254
1676.491
1676.73
1677.657
1678.584
1679.51
1679.97
1680.43
1680.89
1681.35
1681.81
1682.27
1683.149
1684.028
1684.907
1685.786
1686.665
1687.544
1688.423
1689.302
1690.181
1691.06
1691.722
1692.384
1693.046
1693.707
1693.905
1694.103
1694.301
1694.499
1694.697
1694.895
1695.093
1695.29
1695.53
1695.77
1696.01
1696.25
1696.49
1696.73
1696.969
1697.155
1697.341
1697.527
1697.713
1697.899
1698.085
1698.271
1698.457
1698.643
1698.829
1699.01
1699.31
1699.61
1699.91
1700.21
1700.51
1700.81
1701.11
1701.41
1701.71
1702.01
1702.31
1702.645
1702.98
1703.315
1703.65
1703.866
1704.082
1704.298
1704.514
1704.73
1704.946
1705.162
1705.38
1705.77
1706.16
1706.55
1706.94
1707.33
1707.72
1708.11
1708.5
1708.89
1709.087
1709.284
1709.481
1709.678
1709.875
1710.072
1710.27
1710.519
1710.768
1711.017
1711.266
1711.515
1711.764
1712.013
1712.262
1712.511
1712.76
1713.205
1713.65
1714.095
1714.54
1714.985
1715.43
1715.875
1716.32
1716.765
1717.21
1717.695
1718.18
1718.665
1719.15
1719.635
1720.12
1720.605
1721.09
1721.575
1722.06
1722.908
1723.755
1724.603
1725.45
1725.785
1726.12
1726.455
1726.79
1727.125
1727.46
1727.795
1728.13
1728.465
1728.8
1729.136
1729.573
1730.01
1730.55
1731.09
1731.687
1732.284
1732.881
1733.478
1734.075
1734.672
1735.269
1735.866
1736.463
1737.06
1738.228
1739.396
1740.564
1741.732
1742.902
1743.305
1743.708
1744.11
1744.473
1744.836
1745.2
1745.7
1746.174
1746.648
1747.122
1747.596
1748.069
1748.345
1748.621
1748.897
1749.173
1749.449
1749.725
1750.001
1750.264
1750.527
1750.79
1751.053
1751.316
1751.579
1751.842
1752.105
1752.368
1752.635
1752.945
1753.255
1753.565
1753.875
1754.185
1754.495
1754.805
1755.115
1755.425
1755.735
1756.042
1756.625
1756.904
1757.183
1757.462
1757.742
1758.127
1758.512
1758.897
1759.283
1759.614
1759.945
1760.276
1760.607
1760.938
1761.269
1761.602
1761.842
1762.082
1762.322
1762.562
1762.802
1763.04
1763.286
1763.532
1763.778
1764.024
1764.27
1764.517
1765.1
1765.355
1765.61
1765.865
1766.12
1766.375
1766.63
1766.885
1767.14
1767.395
1767.65
1768.081
1768.512
1768.943
1769.374
1769.805
1770.236
1770.67
1770.925
1771.18
1771.435
1771.69
1771.945
1772.2
1772.455
1772.71
1772.965
1773.22
1773.475
1773.73
1773.99
1774.334
1774.678
1775.022
1775.366
1775.71
1776.054
1776.398
1776.742
1777.086
1777.43
1777.646
1777.862
1778.078
1778.294
1778.51
1778.726
1778.942
1779.158
1779.374
1779.59
1779.806
1780.022
1780.24
1780.74
1781.498
1782.256
1783.014
1783.772
1784.53
1785.288
1786.046
1786.804
1787.56
1787.784
1788.008
1788.232
1788.456
1788.68
1788.904
1789.128
1789.352
1789.576
1789.8
1790.024
1790.248
1790.47
1790.678
1790.886
1791.093
1791.301
1791.508
1791.716
1791.923
1792.13
1792.338
1792.545
1792.753
1792.96
1793.322
1793.684
1794.046
1794.408
1794.77
1795.132
1795.494
1795.856
1796.218
1796.58
1796.942
1797.3
1797.812
1798.324
1798.836
1799.348
1799.86
1800.372
1800.884
1801.396
1801.908
1802.42
1802.93
1804.025
1805.12
1806.215
1807.31
1808.405
1809.5
1810.009
1810.518
1811.027
1811.536
1812.047
1812.164
1812.281
1812.398
1812.515
1812.63
1812.912
1813.194
1813.476
1813.758
1814.04
1814.322
1814.604
1814.886
1815.168
1815.45
1816.112
1816.774
1817.436
1818.098
1818.76
1819.073
1819.386
1819.7
1820.267
1820.834
1821.402
1822.293
1823.184
1824.075
1824.966
1825.857
1826.748
1827.639
1828.53
1829.233
1829.936
1830.639
1831.341
1832.043
1832.745
1833.447
1834.15
1834.4
1834.65
1834.9
1835.15
1835.4
1835.65
1835.98
1836.31
1836.64
1836.97
1837.279
1837.588
1837.897
1838.206
1838.515
1838.894
1839.273
1839.652
1840.032
1840.386
1840.74
1841.168
1841.596
1842.024
1842.454
1843.703
1844.952
1846.2
1846.568
1846.936
1847.303
1847.671
1848.039
1848.407
1848.774
1849.14
1849.566
1849.992
1850.418
1850.844
1851.27
1851.519
1851.768
1852.017
1852.266
1852.515
1852.764
1853.015
1853.7
1854.385
1855.07
1855.755
1856.442
1856.965
1857.488
1858.011
1858.534
1859.057
1859.58
1860.103
1860.626
1861.149
1861.672
1862.2
1862.629
1863.058
1863.487
1863.916
1864.345
1864.774
1865.203
1865.632
1866.06
1866.405
1866.75
1867.095
1867.44
1867.785
1868.13
1868.475
1868.82
1869.204
1869.588
1869.972
1870.356
1870.74
1871.124
1871.51
1871.947
1872.384
1872.821
1873.258
1873.695
1874.132
1874.572
1874.793
1875.014
1875.235
1875.456
1875.677
1875.898
1876.119
1876.34
1876.561
1876.78
1877.111
1877.442
1877.773
1878.104
1878.434
1878.708
1878.982
1879.256
1879.53
1879.804
1880.078
1880.35
1880.78
1881.21
1881.64
1882.07
1882.52
1882.97
1883.42
1883.87
1884.32
1885.22
1885.456
1885.692
1885.928
1886.164
1886.4
1886.636
1886.872
1887.108
1887.344
1887.58
1887.82
1888.039
1888.258
1888.477
1888.696
1888.915
1889.134
1889.35
1889.675
1890.0
1890.325
1890.65
1890.975
1891.3
1891.625
1891.95
1892.275
1892.6
1892.92
1893.264
1893.608
1893.952
1894.296
1894.64
1894.984
1895.329
1895.56
1895.791
1896.022
1896.253
1896.484
1896.715
1896.946
1897.177
1897.412
1897.739
1898.066
1898.393
1898.72
1899.047
1899.374
1899.701
1900.028
1900.355
1900.682
1901.009
1901.336
1901.663
1901.99
1902.32
1902.82
1904.507
1906.194
1907.88
1908.276
1908.672
1909.068
1909.464
1909.86
1910.254
1910.564
1910.874
1911.184
1911.494
1911.804
1912.114
1912.424
1912.734
1913.04
1913.372
1913.704
1914.036
1914.368
1914.7
1916.36
1916.585
1916.81
1917.035
1917.26
1917.485
1917.71
1917.935
1918.16
1918.385
1918.61
1918.835
1919.06
1919.285
1919.513
1920.014
1920.515
1921.016
1921.517
1922.018
1922.519
1923.02
1923.521
1924.022
1924.523
1925.02
1925.307
1925.594
1925.881
1926.168
1926.455
1926.742
1927.03
1927.434
1927.838
1928.242
1928.644
1929.31
1929.682
1930.054
1930.426
1930.798
1931.17
1931.542
1931.914
1932.286
1932.658
1933.03
1933.289
1933.548
1933.807
1934.066
1934.325
1934.584
1934.843
1935.102
1935.361
1935.62
1935.879
1936.142
1936.808
1937.037
1937.266
1937.495
1937.724
1937.953
1938.182
1938.411
1938.64
1938.869
1939.1
1939.513
1939.926
1940.339
1940.752
1941.165
1941.578
1941.991
1942.404
1942.817
1943.23
1944.23
1944.873
1945.516
1946.158
1946.404
1946.65
1946.896
1947.142
1947.388
1947.634
1947.88
1948.126
1948.372
1948.616
1949.115
1949.83
1950.123
1950.416
1950.709
1951.002
1951.295
1951.587
1951.92
1952.253
1952.586
1952.92
1953.23
1953.54
1953.85
1954.16
1955.107
1956.054
1957.001
1957.948
1958.895
1959.842
1960.789
1961.736
1962.684
1963.07
1963.456
1963.842
1964.228
1964.614
1964.999
1965.256
1965.513
1965.77
1966.027
1966.284
1966.54
1967.95
1969.36
1970.77
1972.18
1973.59
1975.0
1976.41
1977.82
1979.23
1980.64
1981.215
1981.79
1982.365
1982.94
1983.515
1984.09
1984.665
1984.975
1985.285
1985.595
1986.033
1986.47
1986.781
1987.092
1987.403
1987.714
1988.025
1988.336
1988.65
1989.147
1989.644
1990.141
1990.638
1991.135
1991.632
1992.129
1992.626
1993.123
1993.62
1993.848
1994.076
1994.304
1994.532
1994.76
1994.988
1995.216
1995.444
1995.675
1995.976
1996.277
1996.578
1996.879
1997.18
1997.481
1997.78
1999.403
2001.026
2002.649
2004.272
2005.895
2011.835
2012.284
2012.733
2013.182
2013.631
2014.082
2014.367
2014.652
2014.937
2015.222
2015.507
2015.79
2017.165
2018.54
2019.915
2021.29
2022.36
2022.72
2023.08
2023.44
2023.8
2024.16
2024.52
2024.88
2025.24
2025.6
2026.425
2027.25
2029.13
2029.394
2029.658
2029.922
2030.186
2030.45
2030.714
2030.978
2031.242
2031.506
2031.77
2032.032
2032.435
2032.838
2033.24
2033.446
2033.652
2033.858
2034.064
2034.27
2034.476
2034.682
2034.89
2035.154
2035.418
2035.682
2035.946
2036.21
2036.474
2036.74
2037.557
2038.374
2039.19
2039.463
2039.736
2040.009
2040.282
2040.555
2040.828
2041.1
2041.388
2041.676
2041.964
2042.252
2042.54
2042.828
2043.116
2043.404
2043.692
2043.98
2044.27
2044.554
2044.838
2045.122
2045.406
2045.69
2045.974
2046.258
2046.542
2046.83
2047.246
2047.662
2048.078
2048.494
2048.91
2049.326
2049.742
2050.159
2050.849
2051.539
2052.229
2052.919
2053.609
2054.299
2054.989
2055.325
2055.661
2055.997
2056.333
2056.669
2057.005
2057.341
2057.677
2058.013
2058.349
2058.69
2058.972
2059.254
2059.536
2059.818
2060.1
2060.382
2060.664
2060.946
2061.228
2061.51
2061.79
2062.125
2062.46
2062.795
2063.13
2063.465
2063.8
2064.135
2064.47
2064.805
2065.14
2065.475
2065.81
2066.239
2066.668
2067.097
2067.526
2067.955
2068.384
2068.81
2069.078
2069.346
2069.614
2069.882
2070.15
2070.418
2070.686
2070.954
2071.219
2071.784
2072.349
2072.914
2073.479
2074.044
2074.609
2075.174
2075.739
2075.968
2076.197
2076.426
2076.655
2076.884
2077.113
2077.342
2077.571
2077.8
2078.029
2078.258
2078.487
2078.716
2078.945
2079.179
2079.756
2080.333
2080.91
2081.489
2081.954
2082.419
2082.884
2083.349
2083.814
2084.279
2084.744
2085.209
2085.674
2086.139
2086.6
2087.007
2087.414
2087.821
2088.228
2088.635
2089.042
2089.449
2089.856
2090.263
2090.67
2091.079
2091.656
2092.233
2092.81
2093.387
2093.964
2094.541
2095.12
2095.582
2096.044
2096.506
2096.968
2097.43
2097.892
2098.354
2098.816
2099.278
2099.74
2100.205
2100.642
2101.08
2101.33
2101.58
2101.83
2102.08
2102.33
2102.58
2102.83
2103.08
2103.33
2103.58
2103.83
2104.08
2104.438
2104.796
2105.154
2105.512
2105.87
2106.231
2106.592
2106.953
2107.314
2107.675
2108.036
2108.397
2108.76
2109.149
2109.538
2109.927
2110.316
2110.705
2111.094
2111.48
2111.735
2111.99
2112.245
2112.5
2112.755
2113.01
2113.265
2113.52
2113.766
2114.012
2114.258
2114.504
2114.75
2114.996
2115.242
2115.488
2115.734
2115.98
2116.254
2116.528
2116.802
2117.076
2117.35
2117.624
2117.898
2118.172
2118.446
2118.72
2119.023
2119.326
2119.629
2119.932
2120.235
2120.538
2120.84
2121.065
2121.29
2121.515
2121.74
2121.965
2122.19
2122.415
2122.641
2122.828
2123.015
2123.202
2123.389
2123.576
2123.763
2123.95
2124.14
2124.364
2124.588
2124.812
2125.036
2125.26
2125.484
2125.708
2125.932
2126.156
2126.38
2126.604
2126.828
2127.05
2127.365
2127.68
2127.995
2128.31
2128.625
2128.94
2129.255
2129.57
2129.885
2130.2
2130.433
2130.666
2130.899
2131.132
2131.365
2131.598
2131.831
2132.064
2132.3
2132.617
2132.934
2133.251
2133.568
2133.885
2134.2
2134.401
2134.602
2134.803
2135.004
2135.205
2135.406
2135.607
2135.808
2136.009
2136.21
2136.41
2136.662
2136.914
2137.166
2137.418
2137.67
2137.922
2138.174
2138.426
2138.68
2139.04
2139.4
2139.76
2140.12
2140.48
2140.84
2141.2
2141.56
2141.851
2142.142
2142.433
2142.724
2143.015
2143.306
2143.597
2143.89
2144.67
2145.45
2146.23
2147.01
2147.79
2148.57
2149.35
2150.002
2150.654
2151.306
2151.958
2152.61
2153.262
2153.914
2154.566
2155.216
2155.603
2155.99
2156.377
2156.764
2157.151
2157.538
2157.925
2158.312
2158.699
2159.086
2159.473
2159.86
2160.25
2160.772
2161.294
2161.816
2162.338
2162.86
2163.382
2163.904
2164.426
2164.948
2165.47
2165.99
2166.583
2167.176
2167.769
2168.362
2168.955
2169.548
2170.141
2170.734
2171.327
2171.92
2172.385
2172.85
2173.315
2173.78
2174.245
2174.71
2175.175
2175.64
2176.107
2176.287
2176.467
2176.648
2176.829
2177.01
2177.19
2177.481
2177.772
2178.063
2178.354
2178.645
2178.936
2179.227
2179.518
2179.81
2180.06
2180.31
2180.531
2180.752
2180.973
2181.194
2181.415
2181.636
2181.857
2182.078
2182.299
2182.518
2182.858
2183.198
2183.538
2183.878
2184.218
2184.558
2184.9
2185.156
2185.412
2185.668
2185.924
2186.18
2186.436
2186.692
2186.948
2187.204
2187.46
2187.716
2187.97
2188.432
2188.894
2189.356
2189.818
2190.28
2190.74
2191.02
2191.3
2191.58
2191.86
2192.14
2192.42
2192.7
2192.98
2193.26
2193.54
2193.82
2194.105
2194.646
2195.039
2195.432
2195.824
2196.216
2196.608
2197.001
2197.96
2198.803
2199.646
2200.489
2201.332
2202.175
2203.02
2203.608
2204.196
2204.784
2205.372
2205.96
2206.548
2207.136
2207.724
2208.31
2208.499
2208.688
2208.877
2209.066
2209.255
2209.444
2209.633
2209.822
2210.011
2210.2
2210.389
2210.578
2210.767
2210.956
2211.145
2211.334
2211.53
2213.432
2213.676
2213.92
2214.164
2214.408
2214.652
2214.896
2215.14
2215.623
2216.106
2216.589
2217.072
2217.555
2218.038
2218.518
2220.446
2220.701
2220.956
2221.211
2221.466
2221.721
2221.976
2222.231
2222.486
2222.743
2222.97
2223.197
2223.424
2223.651
2223.878
2224.105
2224.332
2224.559
2224.784
2225.073
2225.362
2225.651
2225.94
2226.23
2227.21
2227.495
2227.78
2228.065
2228.35
2228.635
2228.92
2229.205
2229.49
2229.775
2230.06
2230.34
2230.656
2230.972
2231.288
2231.604
2231.92
2232.236
2232.552
2232.868
2233.184
2233.5
2233.816
2234.137
2234.335
2234.533
2234.731
2234.929
2235.127
2235.325
2235.523
2235.72
2236.013
2236.306
2236.599
2236.892
2237.185
2237.48
2237.776
2238.072
2238.368
2238.664
2238.96
2239.256
2239.552
2239.848
2240.144
2240.44
2240.74
2241.602
2242.465
2243.328
2244.19
2245.11
2245.365
2245.62
2245.875
2246.13
2246.412
2246.694
2246.976
2247.258
2247.54
2247.82
2248.091
2248.362
2248.633
2248.903
2250.045
2250.346
2250.647
2250.948
2251.249
2251.55
2251.891
2252.232
2252.573
2252.914
2253.255
2253.596
2253.937
2254.28
2254.52
2254.76
2255.0
2255.24
2255.48
2255.72
2255.96
2256.2
2256.56
2256.92
2257.28
2257.64
2258.0
2258.36
2258.72
2259.08
2259.32
2259.56
2259.8
2260.04
2260.28
2260.52
2260.78
2261.04
2261.3
2261.56
2261.82
2262.08
2262.34
2262.6
2263.43
2264.26
2265.09
2265.484
2265.878
2266.272
2266.666
2267.06
2267.454
2267.848
2268.242
2268.64
2268.907
2269.174
2269.441
2269.708
2269.975
2270.24
2270.567
2270.894
2271.221
2271.548
2271.875
2272.202
2272.53
2272.867
2273.204
2273.541
2273.878
2274.215
2274.552
2274.89
2275.253
2275.616
2275.979
2276.341
2276.704
2277.067
2277.43
2277.793
2278.156
2278.515
2278.733
2278.951
2279.169
2279.387
2279.605
2279.823
2280.041
2280.259
2280.477
2280.692
2281.069
2281.446
2281.823
2282.2
2282.577
2282.952
2283.856
2284.123
2284.39
2284.657
2284.924
2285.191
2285.458
2285.725
2285.992
2286.259
2286.525
2287.023
2287.521
2288.02
2288.324
2288.628
2288.932
2289.236
2289.54
2289.844
2290.148
2290.452
2290.76
2290.983
2291.206
2291.429
2291.652
2291.875
2292.098
2292.321
2292.544
2292.767
2292.99
2293.21
2293.483
2293.756
2294.029
2294.302
2294.575
2294.848
2295.121
2295.394
2295.667
2295.94
2296.484
2297.028
2297.572
2298.116
2298.66
2299.204
2299.748
2300.292
2300.836
2301.38
2301.852
2302.324
2302.796
2303.268
2303.74
2304.327
2304.915
2305.503
2306.09
2307.112
2308.134
2309.156
2310.178
2311.2
2312.22
2312.609
2312.998
2313.387
2313.776
2314.164
2314.354
2314.544
2314.734
2314.924
2315.114
2315.304
2315.494
2315.684
2315.87
2316.429
2316.988
2317.547
2318.106
2318.665
2319.224
2319.785
2320.121
2320.457
2320.793
2321.129
2321.465
2321.801
2322.137
2322.47
2323.159
2323.848
2324.537
2325.226
2325.915
2326.606
2327.757
2328.908
2330.059
2331.21
2332.361
2333.51
2333.786
2334.062
2334.338
2334.614
2334.89
2335.166
2335.442
2335.718
2335.994
2336.27
2336.85
2337.43
2338.01
2338.59
2339.17
2339.75
2340.33
2340.91
2341.49
2341.988
2342.486
2342.721
2342.956
2343.191
2343.426
2343.661
2343.897
2344.48
2345.021
2345.562
2346.103
2346.644
2347.185
2347.726
2348.267
2348.808
2349.349
2349.89
2350.431
2350.972
2351.177
2351.382
2351.587
2351.792
2351.997
2352.202
2352.407
2352.612
2352.817
2353.022
2353.227
2353.43
2353.624
2353.818
2354.012
2354.206
2354.4
2354.594
2354.788
2354.982
2355.176
2355.37
2355.564
2355.763
2356.107
2356.451
2356.795
2357.14
2357.343
2357.546
2357.749
2357.952
2358.155
2358.358
2358.561
2358.764
2358.97
2359.464
2359.958
2360.452
2360.946
2361.44
2361.934
2362.43
2362.666
2362.902
2363.138
2363.374
2363.61
2363.846
2364.082
2364.318
2364.554
2364.79
2365.026
2365.262
2365.498
2365.73
2365.925
2366.12
2366.315
2366.51
2366.705
2366.9
2367.095
2367.29
2367.485
2367.68
2367.87
2368.2
2368.53
2368.859
2369.067
2369.275
2369.483
2369.691
2369.899
2370.107
2370.315
2370.523
2370.731
2370.939
2371.15
2371.463
2371.776
2372.09
2372.443
2372.796
2373.149
2373.502
2373.855
2374.208
2374.56
2374.824
2375.088
2375.352
2375.616
2375.88
2376.193
2376.506
2376.818
2377.131
2377.443
2377.756
2378.068
2378.381
2378.693
2379.006
2379.318
2379.63
2379.846
2380.062
2380.278
2380.494
2380.71
2380.926
2381.142
2381.358
2381.57
2381.814
2382.058
2382.302
2382.546
2382.79
2383.034
2383.278
2383.522
2383.766
2384.01
2384.256
2384.619
2384.982
2385.345
2385.708
2386.071
2386.434
2386.739
2387.044
2387.35
2387.595
2387.84
2388.085
2388.33
2388.575
2388.82
2389.29
2389.76
2390.23
2390.7
2391.17
2391.64
2391.994
2392.348
2392.702
2393.056
2393.41
2393.764
2394.118
2394.475
2394.709
2394.943
2395.177
2395.411
2395.645
2395.879
2396.113
2396.35
2396.612
2396.874
2397.136
2397.398
2397.66
2397.92
2398.364
2398.808
2399.252
2399.696
2400.14
2400.584
2401.028
2401.472
2401.92
2402.33
2402.74
2403.15
2403.56
2403.83
2404.1
2404.37
2404.64
2404.91
2405.18
2405.45
2405.786
2406.122
2406.458
2406.794
2407.13
2407.466
2407.8
2408.289
2408.778
2409.267
2409.756
2410.245
2410.734
2411.223
2411.71
2413.1
2414.49
2415.88
2417.27
2418.66
2420.05
2421.44
2422.83
2424.22
2425.61
2425.957
2426.304
2426.651
2426.998
2427.345
2427.692
2428.039
2428.386
2428.733
2429.08
2472.98
2474.789
2476.598
2478.407
2480.216
2482.025
2483.834
2485.643
2487.45
2487.74
2488.03
2488.32
2488.61
2488.9
2489.19
2489.48
2489.77
2490.06
2490.35
2490.64
2490.93
2491.173
2491.416
2491.659
2491.902
2492.145
2492.388
2492.631
2492.874
2493.117
2493.36
2493.6
2494.047
2494.494
2494.941
2495.388
2495.835
2496.282
2496.73
2496.94
2497.15
2497.36
2497.57
2497.78
2497.99
2498.2
2498.41
2498.62
2498.83
2499.04
2499.289
2499.538
2499.787
2500.036
2500.285
2500.534
2500.783
2501.03
2501.759
2502.488
2503.217
2503.946
2504.675
2505.312
2505.948
2506.584
2507.221
2507.471
2507.721
2507.971
2508.221
2508.471
2508.721
2508.971
2509.22
2509.438
2509.656
2509.874
2510.092
2510.31
2510.528
2510.746
2510.964
2511.182
2511.4
2511.867
2512.334
2512.801
2513.268
2513.736
2514.445
2515.154
2515.863
2516.57
2517.61
2518.449
2519.288
2520.127
2520.966
2521.805
2522.644
2523.483
2524.322
2525.16
2525.342
2525.524
2525.706
2525.888
2526.07
2526.252
2526.434
2526.616
2526.798
2526.98
2527.412
2527.844
2528.276
2528.708
2529.14
2529.572
2530.005
2530.44
2530.823
2531.206
2531.588
2531.97
2532.211
2532.452
2532.693
2532.934
2533.175
2533.416
2533.657
2533.9
2534.119
2534.338
2534.557
2534.776
2534.995
2535.214
2535.43
2535.657
2535.885
2536.113
2536.34
2536.568
2536.796
2537.023
2537.25
2537.497
2537.744
2537.991
2538.238
2538.485
2538.732
2538.98
2540.315
2541.65
2541.874
2542.097
2542.321
2542.544
2543.183
2543.822
2544.461
2545.1
2545.739
2546.38
2546.783
2547.186
2547.589
2547.992
2548.395
2548.798
2549.2
2549.727
2550.255
2550.552
2550.849
2551.146
2551.443
2551.74
2552.037
2552.334
2552.631
2552.928
2553.225
2553.52
2554.019
2554.518
2555.017
2555.516
2556.016
2556.203
2556.39
2556.577
2556.764
2556.951
2557.138
2557.325
2557.512
2557.699
2557.89
2558.075
2558.26
2558.445
2558.63
2558.815
2559.0
2559.185
2559.37
2560.075
2560.78
2561.485
2562.19
2562.895
2563.6
2564.305
2565.01
2565.683
2566.356
2567.029
2567.702
2568.375
2569.048
2569.721
2570.394
2571.067
2571.74
2572.413
2573.09
2574.186
2575.282
2576.378
2577.474
2578.57
2579.666
2580.76
2581.225
2581.69
2582.155
2582.62
2583.085
2583.55
2584.015
2584.48
2586.432
2586.641
2586.85
2587.059
2587.268
2587.477
2587.686
2587.896
2588.387
2588.878
2589.369
2589.86
2590.351
2590.84
2591.075
2591.31
2591.545
2591.78
2592.015
2592.25
2592.485
2592.72
2592.955
2593.19
2593.42
2593.592
2593.764
2593.936
2594.108
2594.28
2594.452
2594.624
2594.796
2594.968
2595.14
2595.31
2595.865
2596.42
2596.975
2597.53
2598.085
2598.64
2602.486
2602.845
2603.203
2603.561
2603.92
2604.44
2604.96
2605.48
2606.0
2606.52
2606.742
2606.965
2607.188
2607.41
2607.632
2607.854
2608.076
2608.3
2608.497
2608.694
2608.891
2609.088
2609.285
2609.482
2609.679
2609.876
2610.073
2610.27
2610.467
2610.665
2610.821
2610.977
2611.133
2611.29
2612.742
2614.195
2615.648
2617.1
2617.433
2617.766
2618.099
2618.432
2618.765
2619.098
2619.431
2619.764
2620.097
2620.43
2620.677
2620.924
2621.171
2621.418
2621.897
2622.376
2622.855
2623.334
2623.511
2623.688
2623.865
2624.042
2624.219
2624.396
2624.573
2624.749
2624.942
2625.135
2625.328
2625.521
2625.714
2625.907
2626.1
2626.29
2626.83
2627.37
2627.91
2628.45
2628.99
2629.53
2630.07
2630.61
2632.33
2634.05
2634.302
2634.554
2634.806
2635.058
2635.31
2636.254
2637.198
2638.142
2639.086
2640.028
2640.418
2640.808
2641.198
2641.588
2641.978
2642.37
2642.88
2643.39
2643.64
2643.89
2645.747
2647.604
2649.461
2649.711
2649.96
2650.174
2650.388
2650.602
2650.816
2651.03
2651.278
2651.526
2651.774
2652.022
2652.27
2655.899
2659.528
2663.157
2666.786
2670.415
2674.044
2677.67
2678.269
2678.868
2679.467
2680.066
2680.664
2682.276
2683.888
2685.5
2687.112
2687.806
2688.5
2689.194
2689.888
2690.584
2691.583
2692.582
2693.58
2694.57
2695.56
2696.55
2698.31
2698.667
2699.024
2699.381
2699.738
2700.095
2700.452
2700.81
2701.073
2701.336
2701.599
2701.862
2702.125
2702.388
2702.65
2702.933
2703.216
2703.499
2703.782
2704.065
2704.35
2704.94
2705.53
2706.12
2707.722
2709.324
2710.926
2712.528
2714.132
2715.004
2715.876
2716.748
2717.62
2718.56
2718.989
2719.418
2719.847
2720.276
2720.705
2721.134
2721.56
2721.863
2722.166
2722.469
2722.772
2723.075
2723.378
2724.76
2726.142
2727.524
2728.906
2730.29
2730.629
2730.968
2731.307
2731.646
2731.985
2732.324
2732.665
2733.61
2734.555
2735.5
2736.445
2737.39
2738.335
2739.28
2739.593
2739.906
2740.219
2740.532
2740.845
2741.158
2741.471
2741.784
2742.097
2742.41
2742.72
2743.213
2743.706
2744.199
2744.692
2745.185
2745.678
2746.171
2746.664
2747.157
2747.65
2748.14
2748.756
2749.372
2749.988
2750.604
2751.22
2751.836
2752.45
2752.761
2753.072
2753.383
2753.694
2754.005
2754.316
2754.627
2754.94
2755.282
2755.624
2755.966
2756.308
2756.65
2756.992
2757.334
2757.676
2758.018
2758.36
2758.773
2759.186
2759.599
2760.012
2760.425
2760.838
2761.251
2761.664
2762.077
2762.49
2762.903
2763.316
2763.729
2764.14
2764.506
2764.872
2765.238
2765.604
2765.97
2766.336
2766.7
2767.522
2768.344
2769.166
2769.988
2770.81
2771.632
2772.454
2773.276
2774.098
2774.92
2775.306
2775.692
2776.078
2776.464
2776.85
2777.236
2777.622
2778.008
2778.394
2778.78
2779.17
2779.463
2779.756
2780.048
2780.34
2780.633
2780.925
2781.218
2781.51
2781.82
2782.13
2782.44
2782.75
2783.06
2783.37
2783.68
2783.992
2785.92
2787.32
2787.808
2788.296
2788.784
2789.272
2789.759
2790.604
2791.449
2792.294
2793.14
2793.61
2794.081
2794.552
2795.022
2795.707
2796.391
2797.075
2797.76
2798.348
2798.936
2799.524
2800.11
2800.404
2800.698
2800.992
2801.286
2801.58
2801.874
2802.168
2802.462
2802.756
2803.05
2803.344
2803.638
2803.936
2804.402
2804.868
2805.334
2805.8
2806.266
2806.732
2807.198
2807.664
2808.596
2809.53
2810.026
2810.522
2811.018
2811.514
2812.01
2812.506
2813.002
2813.498
2813.994
2814.49
2814.986
2815.482
2815.98
2816.255
2816.53
2816.805
2817.08
2817.355
2817.63
2818.01
2818.39
2818.77
2819.15
2819.53
2819.91
2820.324
2820.738
2821.152
2821.566
2821.98
2822.394
2822.808
2823.222
2823.64
2823.984
2824.328
2824.672
2825.016
2825.36
2825.704
2826.048
2826.39
2826.715
2827.04
2827.365
2827.69
2828.015
2828.34
2828.665
2828.99
2829.385
2829.78
2830.175
2830.57
2830.965
2831.36
2831.755
2832.15
2832.545
2832.94
2833.33
2833.771
2834.212
2834.653
2835.094
2835.535
2835.976
2836.417
2836.86
2837.362
2837.864
2838.366
2838.868
2839.37
2839.883
2840.396
2840.909
2841.422
2841.935
2842.448
2842.961
2843.474
2843.987
2844.5
2845.091
2845.682
2846.273
2846.864
2847.455
2848.046
2848.637
2849.23
2849.416
2849.602
2849.788
2849.974
2850.16
2850.52
2850.88
2851.24
2851.6
2851.96
2852.32
2852.68
2853.04
2853.4
2854.122
2854.844
2855.566
2856.29
2856.68
2857.07
2857.46
2857.85
2858.24
2858.63
2859.02
2859.41
2859.911
2860.412
2860.913
2861.414
2861.915
2862.416
2862.917
2863.418
2863.919
2864.42
2864.92
2865.156
2865.392
2865.628
2865.864
2866.1
2866.336
2866.57
2867.141
2867.712
2868.283
2868.854
2869.425
2869.996
2870.57
2870.797
2871.024
2871.251
2871.478
2871.705
2871.932
2872.159
2872.386
2872.61
2873.134
2873.658
2874.182
2874.706
2875.23
2875.979
2876.235
2876.491
2876.747
2877.003
2877.259
2877.515
2877.77
2879.317
2880.864
2882.412
2882.601
2882.79
2882.979
2883.168
2883.357
2883.546
2883.735
2883.924
2884.113
2884.302
2884.491
2884.68
2884.87
2885.089
2885.308
2885.527
2885.746
2885.964
2886.2
2886.436
2886.672
2886.908
2887.144
2887.38
2887.751
2888.122
2888.493
2888.864
2889.235
2889.606
2889.98
2890.329
2890.678
2891.027
2891.376
2891.725
2892.074
2892.423
2892.772
2893.12
2893.515
2893.91
2894.305
2894.7
2895.115
2895.53
2895.945
2896.36
2896.775
2897.19
2897.605
2898.02
2898.435
2898.85
2899.26
2899.518
2899.776
2900.034
2900.292
2900.55
2900.81
2901.16
2901.51
2901.86
2902.21
2902.56
2902.91
2903.26
2903.61
2903.96
2904.31
2904.66
2904.862
2905.064
2905.266
2905.468
2905.67
2905.872
2906.074
2906.276
2906.478
2906.68
2907.341
2908.002
2908.663
2909.324
2909.985
2910.646
2911.307
2911.97
2912.25
2912.53
2912.81
2913.09
2913.37
2913.65
2913.93
2914.21
2914.49
2914.77
2915.05
2915.557
2916.064
2916.571
2917.078
2917.585
2918.092
2918.599
2919.105
2919.629
2920.153
2920.677
2921.201
2921.725
2922.25
2922.488
2922.726
2922.964
2923.202
2923.44
2923.678
2923.916
2924.15
2924.676
2925.202
2925.728
2926.254
2926.78
2927.306
2927.83
2928.063
2928.296
2928.529
2928.762
2928.995
2929.228
2929.461
2929.694
2929.924
2930.137
2930.35
2930.563
2930.776
2930.989
2931.202
2931.415
2931.628
2931.84
2932.189
2932.538
2932.887
2933.236
2933.585
2933.934
2934.283
2934.632
2934.98
2935.331
2935.682
2936.033
2936.384
2936.735
2937.086
2937.44
2937.909
2938.378
2938.847
2939.316
2939.785
2940.254
2940.431
2940.608
2940.785
2940.962
2941.139
2941.316
2941.493
2941.67
2942.585
2943.5
2944.415
2945.33
2946.245
2947.16
2948.075
2948.99
2949.905
2950.82
2951.735
2952.65
2953.57
2954.247
2954.924
2955.601
2956.278
2956.955
2957.63
2957.965
2958.3
2958.635
2958.97
2959.305
2959.64
2959.975
2960.31
2960.649
2960.909
2961.169
2961.429
2961.69
2962.273
2962.856
2963.439
2964.021
2964.604
2965.186
2965.769
2966.35
2966.702
2967.054
2967.406
2967.758
2968.11
2968.462
2968.814
2969.166
2969.52
2970.295
2971.07
2971.845
2972.62
2973.395
2974.17
2974.945
2975.72
2976.495
2977.27
2978.05
2980.025
2982.0
2983.975
2985.95
2986.536
2987.122
2987.708
2988.294
2988.88
2989.466
2990.052
2990.64
2991.24
2991.84
2992.44
2993.04
2993.7
2994.36
2995.02
2995.68
2996.34
2997.0
2997.66
2998.32
2998.756
2999.192
2999.628
3000.064
3000.5
3000.936
3001.372
3001.808
3002.24
3002.427
3002.614
3002.801
3002.988
3003.175
3003.362
3003.549
3003.736
3003.923
3004.11
3004.3
3004.559
3004.818
3005.077
3005.336
3005.595
3005.854
3006.113
3006.372
3006.63
3006.977
3007.324
3007.671
3008.018
3008.365
3008.712
3009.059
3009.406
3009.753
3010.1
3010.447
3010.79
3011.977
3013.164
3014.351
3015.538
3016.725
3017.912
3019.099
3020.286
3021.472
3022.216
3022.96
3023.21
3023.46
3023.71
3023.96
3024.21
3024.616
3025.022
3025.428
3025.834
3026.24
3026.74
3027.24
3027.74
3028.242
3028.573
3028.904
3029.235
3029.566
3029.897
3030.228
3030.559
3030.89
3031.22
3033.053
3034.886
3035.378
3035.87
3036.362
3036.854
3037.346
3037.84
3038.146
3038.452
3038.758
3039.064
3039.37
3039.676
3039.982
3040.29
3041.992
3043.694
3045.396
3047.098
3048.8
3049.031
3049.262
3049.493
3049.724
3049.955
3050.185
3050.495
3050.805
3051.115
3051.425
3051.735
3052.045
3052.355
3052.665
3052.975
3053.285
3053.595
3053.9
3054.069
3054.238
3054.407
3054.576
3054.745
3054.914
3055.083
3055.252
3055.421
3055.586
3055.815
3056.044
3056.273
3056.502
3056.731
3056.96
3057.352
3057.744
3058.136
3058.528
3058.92
3059.312
3059.705
3059.901
3060.097
3060.293
3060.489
3060.685
3060.881
3061.08
3061.597
3062.114
3062.631
3063.148
3063.665
3064.182
3064.699
3065.216
3065.733
3066.251
3066.589
3066.927
3067.265
3067.603
3067.941
3068.279
3068.617
3068.955
3069.293
3069.632
3070.23
3070.828
3071.426
3072.024
3072.622
3073.22
3073.78
3074.34
3074.9
3075.46
3076.02
3076.58
3077.14
3077.922
3078.704
3079.486
3080.268
3081.05
3081.832
3082.612
3083.236
3083.47
3083.704
3083.938
3084.172
3084.406
3084.64
3084.874
3085.108
3085.342
3085.58
3087.3
3087.616
3087.932
3088.248
3088.564
3088.88
3089.196
3089.51
3089.76
3090.01
3090.26
3090.51
3090.76
3091.01
3091.26
3091.498
3091.736
3091.974
3092.212
3092.45
3092.688
3092.926
3093.164
3093.4
3093.78
3094.16
3094.54
3094.92
3095.192
3095.464
3095.736
3096.008
3096.28
3096.552
3096.824
3097.096
3097.368
3097.64
3098.045
3098.45
3098.855
3099.26
3099.665
3100.07
3100.475
3100.88
3101.285
3101.69
3102.09
3102.396
3102.702
3103.008
3103.314
3103.62
3103.926
3104.232
3104.54
3104.961
3105.382
3105.803
3106.224
3106.645
3107.066
3107.49
3107.735
3107.98
3108.225
3108.47
3108.715
3108.96
3109.205
3109.45
3109.635
3109.82
3110.005
3110.19
3110.375
3110.56
3110.745
3110.93
3111.116
3111.325
3111.534
3111.743
3111.952
3112.161
3112.37
3112.579
3112.788
3113.0
3113.235
3113.47
3113.705
3113.94
3114.175
3114.41
3114.645
3114.88
3115.117
3115.346
3115.575
3115.804
3116.033
3116.262
3116.491
3116.72
3116.95
3117.303
3117.656
3118.009
3118.362
3118.715
3119.068
3119.42
3120.681
3121.942
3123.203
3124.464
3125.725
3126.986
3128.247
3129.508
3130.769
3132.03
3133.29
3133.687
3134.084
3134.48
3135.113
3135.746
3136.38
3136.752
3137.124
3137.496
3137.868
3138.24
3138.736
3139.232
3139.728
3140.224
3140.72
3141.216
3141.712
3142.208
3142.704
3143.2
3144.26
3145.32
3146.38
3147.44
3148.5
3149.56
3149.91
3150.26
3150.61
3150.96
3151.31
3151.66
3152.01
3152.92
3153.193
3153.466
3153.739
3154.012
3154.285
3154.56
3155.034
3155.508
3155.982
3156.456
3156.93
3157.404
3157.878
3158.352
3158.83
3159.081
3159.332
3159.583
3159.834
3160.085
3160.336
3160.587
3160.838
3161.09
3161.4
3161.71
3162.02
3162.33
3162.64
3162.95
3163.26
3163.57
3164.144
3164.718
3165.292
3165.866
3166.44
3167.014
3167.588
3168.162
3168.736
3169.31
3169.884
3170.46
3170.745
3171.03
3171.315
3171.6
3171.996
3172.392
3172.787
3174.716
3176.645
3178.574
3178.757
3178.94
3179.123
3179.306
3179.49
3179.74
3179.99
3180.24
3180.49
3180.74
3180.993
3181.82
3183.03
3184.3
3184.649
3184.998
3185.347
3185.696
3186.045
3186.394
3186.743
3187.092
3187.441
3187.79
3188.134
3188.446
3188.758
3189.07
3189.382
3189.694
3190.004
3190.275
3190.546
3190.817
3191.088
3191.359
3191.63
3191.901
3192.17
3192.461
3192.752
3193.043
3193.334
3193.625
3193.914
3194.377
3194.84
3195.303
3195.765
3196.227
3196.689
3197.151
3197.614
3197.856
3198.098
3198.34
3198.582
3198.824
3199.066
3199.308
3199.55
3199.792
3200.03
3200.44
3200.85
3201.032
3201.214
3201.396
3201.578
3201.76
3201.942
3202.124
3202.306
3202.488
3202.67
3202.976
3203.282
3203.588
3203.894
3204.199
3204.503
3204.503
3204.503
