22.452
22.994
23.535
24.106
24.677
25.248
25.819
26.39
26.96
28.35
28.657
28.965
29.273
29.58
29.82
30.06
30.3
30.54
30.822
31.104
31.386
31.668
31.95
32.257
32.564
32.871
33.178
33.485
33.792
34.099
34.406
34.713
35.02
35.285
35.55
35.815
36.08
36.345
36.61
36.776
36.942
37.108
37.274
37.44
37.606
37.772
37.94
38.175
38.41
38.645
38.88
39.328
39.776
40.224
40.672
41.12
41.568
42.014
42.215
42.416
42.617
42.818
43.019
43.22
43.421
43.622
43.823
44.024
44.225
44.43
44.53
44.63
44.73
44.887
45.044
45.201
45.358
45.515
45.67
45.879
46.088
46.297
46.506
46.715
46.924
47.133
47.342
47.55
47.79
48.03
48.27
48.51
48.75
48.99
49.23
49.47
49.71
49.95
50.251
50.552
50.853
51.154
51.455
51.756
52.057
52.36
52.594
52.828
53.062
53.296
53.53
53.764
53.998
54.232
54.466
54.7
54.934
55.168
55.402
55.64
56.1
56.56
57.02
57.48
57.94
58.4
58.737
59.074
59.411
59.748
60.085
60.422
60.76
61.198
61.636
62.074
62.512
62.95
63.388
63.826
64.264
64.702
64.915
65.129
65.343
65.556
65.769
65.983
66.197
66.41
66.74
67.07
67.4
67.73
68.06
68.341
68.622
68.903
69.184
69.465
69.746
70.03
70.416
70.802
71.188
71.574
71.96
72.346
72.732
73.12
73.67
74.22
74.77
75.32
75.87
76.42
76.97
77.52
78.486
79.452
80.418
81.384
82.35
83.316
84.282
85.248
86.214
87.18
87.583
87.986
88.389
88.792
89.195
89.598
90.001
90.404
90.807
91.21
91.613
92.016
92.419
92.822
93.225
93.628
94.031
94.434
94.837
95.24
95.677
96.115
96.552
96.99
97.427
97.865
98.302
98.74
98.98
99.22
99.46
99.7
99.94
100.18
100.42
101.049
101.678
102.307
102.936
103.565
104.194
104.427
104.66
104.893
105.126
105.36
105.584
105.808
106.032
106.256
106.48
106.704
106.928
107.151
107.355
107.559
107.763
107.967
108.171
108.375
108.579
108.78
109.036
109.292
109.548
109.804
110.06
110.316
110.572
110.826
110.998
111.17
111.342
111.514
111.686
111.858
112.03
112.2
112.67
113.14
113.61
114.08
114.55
114.856
115.162
115.468
115.774
116.08
116.302
116.525
116.748
116.97
117.491
118.012
118.533
119.054
119.575
120.096
120.617
121.138
121.66
121.973
122.286
122.599
122.912
123.225
123.538
123.851
124.164
124.477
124.79
125.1
125.365
125.63
125.895
126.16
126.425
126.69
127.026
127.362
127.698
128.034
128.37
128.706
129.042
129.378
129.715
129.931
130.147
130.363
130.58
132.16
133.74
135.32
135.877
136.435
136.993
137.55
137.808
138.066
138.324
138.582
138.84
139.098
139.356
139.614
139.87
140.184
140.498
140.812
141.126
141.44
141.754
142.07
142.589
143.108
143.627
144.146
144.665
145.184
145.703
146.22
146.528
146.836
147.144
147.452
147.76
148.068
148.376
148.684
148.881
149.078
149.275
149.472
149.669
149.866
150.063
150.26
150.457
150.654
150.85
151.106
151.362
151.618
151.874
152.13
152.386
152.642
152.9
153.143
153.386
153.629
153.872
154.115
154.358
154.601
154.844
155.087
155.33
155.671
156.011
156.351
156.691
157.031
157.371
157.712
158.054
158.237
158.42
158.603
158.786
158.97
159.137
159.304
159.471
159.638
159.805
159.972
160.139
160.306
160.47
160.858
161.246
161.634
162.022
162.41
162.8
163.184
163.568
163.952
164.336
164.72
165.104
165.488
165.87
166.209
166.548
166.887
167.226
167.565
167.904
168.243
168.582
168.921
169.26
169.6
170.838
172.076
173.314
174.55
174.874
175.198
175.522
175.846
176.17
176.494
176.818
177.142
177.466
177.789
179.599
181.409
183.219
185.03
185.3
185.57
185.84
186.11
186.38
186.651
186.87
187.089
187.308
187.527
187.746
187.965
188.184
188.4
188.633
188.866
189.099
189.332
189.566
189.836
190.106
190.376
190.646
190.916
191.186
191.456
191.726
192.0
192.45
192.9
193.35
193.8
194.691
195.582
196.473
197.364
198.255
199.146
200.04
200.262
200.484
200.706
200.928
201.15
201.372
201.594
201.816
202.04
202.54
202.938
203.336
203.734
204.132
204.53
204.928
205.326
205.724
206.12
206.434
206.748
207.062
207.376
207.69
208.004
208.318
208.632
208.95
209.641
210.332
211.023
211.714
212.405
213.096
213.79
214.392
214.994
215.596
216.198
216.8
217.025
217.25
217.475
217.7
217.925
218.15
218.585
219.02
219.455
219.89
220.248
220.606
220.964
221.32
221.743
222.166
222.589
223.01
223.285
223.56
223.835
224.11
224.385
224.66
224.935
225.21
225.629
226.048
226.467
226.886
227.305
227.724
228.14
228.45
228.76
229.07
229.38
229.675
229.97
230.265
230.56
230.855
231.15
231.445
231.74
232.035
232.33
232.62
232.996
233.372
233.748
234.124
234.5
234.876
235.249
235.478
235.707
235.936
236.165
236.394
236.623
236.852
237.081
237.31
237.54
237.993
238.446
238.899
239.352
239.805
240.258
240.71
241.08
241.45
241.819
242.043
242.267
242.491
242.715
242.939
243.163
243.387
243.61
243.849
244.088
244.327
244.566
244.805
245.044
245.283
245.522
245.76
246.21
246.66
247.11
247.838
248.566
249.294
250.022
250.75
251.478
252.206
252.934
253.66
254.104
254.548
254.992
255.436
255.88
256.324
256.769
257.649
258.529
259.409
260.289
260.649
261.009
261.369
261.729
262.089
262.449
262.809
263.169
263.529
263.889
264.254
265.44
266.626
267.812
268.998
270.184
271.37
272.556
273.74
274.171
274.602
275.033
275.464
275.895
276.326
276.76
277.17
277.58
277.99
278.4
278.81
279.22
279.63
280.381
281.132
281.883
282.634
283.385
284.136
284.89
285.683
286.476
287.269
288.062
288.855
289.65
289.979
290.308
290.637
290.966
291.295
291.624
291.95
292.231
292.512
292.793
293.074
293.355
293.636
293.917
294.2
294.503
294.806
295.109
295.412
295.715
296.018
296.321
296.624
296.927
297.23
297.533
297.836
298.14
298.449
298.758
299.067
299.376
299.685
299.994
300.303
300.61
300.9
301.19
301.48
301.77
302.06
302.35
302.922
303.494
304.066
304.638
305.21
305.78
305.968
306.156
306.344
306.532
306.72
306.908
307.096
307.284
307.472
307.66
307.848
308.04
308.558
309.076
309.594
310.112
310.63
311.019
311.408
311.797
312.186
312.575
312.964
313.353
313.739
313.994
314.249
314.504
314.759
315.014
315.269
315.524
315.779
316.03
316.282
316.534
316.786
317.038
317.291
317.543
317.796
318.05
318.325
318.6
318.875
319.15
319.426
319.606
319.786
319.966
320.146
320.326
320.506
320.686
320.866
321.05
321.54
322.03
322.52
323.01
323.5
323.99
324.48
324.97
325.46
325.95
326.397
326.844
327.291
327.738
328.185
328.632
329.079
329.526
329.973
330.42
330.91
331.4
331.89
332.38
332.87
333.36
333.85
334.34
334.775
335.21
335.645
336.08
336.515
336.95
337.385
337.82
338.255
338.69
339.13
339.573
340.016
340.459
340.902
341.345
341.788
342.23
342.539
342.848
343.157
343.466
343.775
344.084
344.393
344.702
345.011
345.32
345.629
345.938
346.247
346.56
346.95
347.34
347.73
348.12
348.51
348.9
349.29
349.68
350.07
350.46
350.85
351.215
351.58
351.945
352.31
352.675
353.04
353.405
353.77
354.139
354.508
354.877
355.246
355.615
355.984
356.353
356.722
357.091
357.46
359.691
361.922
364.153
366.384
368.615
370.846
373.08
374.981
376.882
378.783
380.684
382.585
384.486
386.387
388.29
388.668
389.046
389.424
389.802
390.18
391.529
392.878
394.227
395.576
396.925
398.274
398.476
398.678
398.88
399.082
399.284
399.486
399.69
399.956
400.222
400.488
400.754
401.02
401.286
401.55
401.816
402.082
402.348
402.614
402.88
403.146
403.412
403.68
403.942
404.204
404.466
404.728
404.99
405.252
405.513
405.745
405.977
406.209
406.441
406.673
406.905
407.137
407.369
407.601
407.833
408.06
408.43
408.8
409.17
409.54
409.91
410.28
410.55
410.82
411.09
411.36
411.63
411.9
412.17
412.44
412.638
412.836
413.034
413.232
413.43
413.628
413.826
414.024
414.222
414.42
414.618
414.816
415.02
415.195
415.37
415.545
415.72
416.017
416.314
416.611
416.908
417.205
417.502
417.799
418.094
418.307
418.52
418.733
418.946
419.159
419.372
419.585
419.798
420.01
420.66
421.31
421.96
422.283
422.606
422.929
423.252
423.575
423.9
424.165
424.43
424.695
424.96
425.309
425.658
426.007
426.356
426.705
427.054
427.4
427.983
428.566
429.149
429.732
430.315
430.898
431.481
432.064
432.647
433.23
433.813
434.396
434.974
435.194
435.414
435.634
435.854
436.074
436.294
436.514
436.734
436.954
437.174
437.39
437.639
437.888
438.137
438.386
438.635
438.884
439.133
439.38
440.034
440.688
441.342
441.996
442.65
443.543
444.436
445.33
445.776
446.222
446.668
447.114
447.56
448.006
448.45
448.81
449.17
449.53
449.813
450.096
450.379
450.662
450.945
451.228
451.511
451.794
452.076
452.256
452.436
452.616
452.796
452.976
453.156
453.336
453.516
453.7
454.141
454.582
455.023
455.464
455.905
456.346
456.787
457.228
457.669
458.11
458.55
458.929
459.308
459.687
460.066
460.445
460.824
461.203
461.58
462.14
462.7
463.26
463.82
464.38
464.94
465.397
465.854
466.311
466.77
466.995
467.22
467.445
467.67
467.895
468.12
468.345
468.57
468.795
469.02
471.01
472.364
473.718
475.072
476.426
477.78
479.134
480.488
481.842
483.196
484.55
485.543
486.536
487.53
487.855
488.18
488.505
488.83
489.155
489.48
489.805
490.13
490.459
490.889
491.319
491.75
492.24
492.73
493.22
493.55
493.88
494.21
494.54
494.87
495.2
495.53
495.86
496.29
496.72
497.15
497.58
498.01
498.44
498.87
499.096
499.322
499.548
499.774
500.0
500.226
500.452
500.678
500.904
501.135
501.343
501.551
501.759
501.967
502.175
502.383
502.591
502.799
503.01
503.397
503.784
504.171
504.56
505.674
506.788
507.902
509.016
510.13
511.244
511.528
511.812
512.096
512.38
513.965
515.549
515.748
515.947
516.146
516.345
516.544
516.743
516.942
517.141
517.34
517.685
518.03
518.375
518.72
519.065
519.41
519.755
520.1
520.445
520.79
521.13
521.63
521.902
522.174
522.446
522.718
522.99
523.262
523.534
523.809
524.218
524.627
525.036
525.445
525.854
526.263
526.672
527.081
527.49
527.899
528.31
528.75
529.19
529.579
529.968
530.357
530.746
531.135
531.524
531.913
532.302
532.691
533.076
533.201
533.326
533.451
533.575
533.824
534.073
534.322
534.571
534.82
535.07
535.424
535.778
536.132
536.486
536.84
537.194
537.55
537.98
538.41
538.84
539.27
539.7
540.13
540.56
541.033
541.505
541.977
542.45
542.966
543.482
543.998
544.514
545.03
545.546
546.062
546.578
547.094
547.61
548.126
548.642
549.158
549.68
550.056
550.432
550.808
551.184
551.56
551.936
552.31
552.688
553.066
553.444
553.822
554.2
554.578
554.956
555.334
555.712
556.09
556.423
556.755
557.087
557.419
557.751
558.083
558.415
558.747
559.079
559.411
559.743
560.08
560.281
560.482
560.683
560.884
561.085
561.286
561.487
561.688
561.89
562.233
562.576
562.919
563.262
563.605
563.948
564.291
564.634
564.977
565.32
565.66
565.943
566.226
566.509
566.792
567.075
567.358
567.641
567.924
568.207
568.49
568.846
569.202
569.558
569.914
570.27
571.114
571.958
572.802
573.646
574.49
574.69
574.89
575.09
575.29
575.49
575.69
575.89
576.09
576.44
576.79
577.14
577.49
578.111
578.732
579.353
579.974
580.595
581.216
581.84
582.419
582.998
583.577
584.156
584.735
585.314
585.89
586.092
586.294
586.496
586.698
586.9
587.102
587.304
587.51
587.91
588.31
588.71
589.11
589.51
589.91
590.31
590.71
591.11
591.51
591.838
592.166
592.494
592.822
593.15
593.38
593.61
593.84
594.07
594.272
594.474
594.676
594.878
595.08
595.282
595.486
595.746
596.006
596.266
596.526
596.786
597.046
597.307
597.57
597.942
598.314
598.686
599.058
599.43
599.802
600.174
600.546
600.918
601.29
601.66
602.05
602.44
602.83
603.22
603.61
603.809
604.008
604.207
604.406
604.605
604.804
605.003
605.202
605.401
605.6
605.799
606.0
606.307
606.614
606.921
607.228
607.535
607.842
608.15
608.423
608.696
608.969
609.24
610.165
611.09
612.015
612.94
613.865
614.79
615.715
616.64
617.565
618.49
619.096
619.702
620.308
620.914
621.52
622.126
622.732
623.338
623.944
624.55
625.16
626.142
627.125
628.107
629.089
630.072
631.054
632.036
633.02
633.406
633.792
634.178
634.564
634.95
636.668
638.386
640.104
641.822
643.539
643.738
643.937
644.136
644.335
644.534
644.733
644.932
645.131
645.33
646.722
648.114
649.506
650.898
652.29
652.553
652.816
653.079
653.341
653.604
653.867
654.13
654.39
655.142
655.894
656.646
657.398
658.15
658.902
659.654
660.406
661.158
661.91
662.214
662.518
662.822
663.126
663.43
663.734
664.04
664.298
664.556
664.814
665.072
665.33
665.588
665.846
666.105
666.301
666.497
666.693
666.889
667.085
667.281
667.48
667.753
668.026
668.299
668.572
668.845
669.12
669.553
669.986
670.418
670.85
671.113
671.376
671.639
671.902
672.165
672.428
672.69
673.093
673.496
673.899
674.302
674.705
675.108
675.51
675.926
676.342
676.758
677.174
677.59
678.006
678.422
678.838
679.254
679.67
680.086
680.5
680.734
680.968
681.202
681.436
681.67
681.904
682.14
682.451
682.762
683.073
683.384
683.695
684.006
684.32
684.563
684.806
685.049
685.292
685.535
685.78
686.136
686.492
686.848
687.204
687.56
687.916
688.27
688.682
689.094
689.506
689.918
690.332
690.545
690.758
690.971
691.184
691.397
691.611
691.824
692.04
692.376
692.712
693.048
693.384
693.72
693.971
694.222
694.473
694.724
694.975
695.226
695.477
695.728
695.98
696.43
696.88
697.33
697.78
698.23
698.68
698.957
699.234
699.511
699.788
700.065
700.342
700.619
700.896
701.173
701.45
701.727
702.004
702.281
702.558
702.83
703.118
703.406
703.694
703.982
704.27
704.558
704.846
705.134
705.422
705.71
706.812
707.914
709.016
710.118
711.22
711.548
711.875
712.202
712.53
712.731
712.932
713.133
713.334
713.535
713.736
713.937
714.138
714.339
714.54
714.741
714.942
715.143
715.34
715.556
715.772
715.988
716.204
716.42
716.636
716.852
717.068
717.28
717.521
717.762
718.003
718.244
718.485
718.726
718.97
719.32
719.67
720.02
720.37
720.72
721.053
721.386
721.719
722.052
722.385
722.718
723.05
723.262
723.474
723.686
723.898
724.11
724.322
724.534
724.746
724.958
725.17
725.38
725.894
726.407
726.588
726.768
726.948
727.129
727.31
727.49
727.637
727.784
727.931
728.078
728.225
728.372
728.519
728.666
728.81
729.06
729.31
729.56
729.81
730.06
730.31
730.56
730.813
731.066
731.319
731.572
731.825
732.078
732.331
732.584
732.84
733.167
733.494
733.82
734.17
734.52
734.87
735.22
735.57
735.92
736.27
736.62
736.97
737.32
737.67
737.968
738.266
738.564
738.862
739.16
739.458
739.756
740.054
740.352
740.65
740.95
741.161
741.372
741.583
741.794
742.005
742.216
742.427
742.638
742.849
743.06
743.271
743.479
743.653
743.827
744.0
744.173
744.346
744.52
744.725
744.93
745.135
745.34
745.545
745.75
745.955
746.16
746.406
746.652
746.898
747.144
747.39
747.636
747.882
748.128
748.374
748.618
748.873
749.128
749.383
749.638
749.893
750.148
750.403
750.658
750.913
751.168
751.423
751.68
752.409
753.138
753.867
754.596
755.325
756.054
756.783
757.512
758.241
758.97
759.699
760.428
761.16
761.461
761.762
762.063
762.364
762.665
762.966
763.267
763.57
764.24
764.91
765.58
766.25
766.92
767.139
767.358
767.576
767.794
768.013
768.231
768.445
768.659
768.873
769.087
769.301
769.515
769.73
770.057
770.384
770.71
770.984
771.258
771.532
771.806
772.08
772.285
772.49
772.695
772.9
773.105
773.31
773.515
773.72
774.222
774.724
775.226
775.728
776.23
776.732
777.234
777.736
778.24
778.461
778.682
778.903
779.124
779.345
779.566
779.787
780.01
780.252
780.494
780.736
780.978
781.22
781.462
781.704
781.946
782.188
782.43
782.672
782.92
783.098
783.276
783.454
783.632
783.81
783.987
784.204
784.421
784.638
784.855
785.07
785.321
785.572
785.823
786.074
786.325
786.576
786.83
787.162
787.494
787.826
788.158
788.49
788.756
789.022
789.288
789.554
789.82
790.086
790.352
790.62
790.921
791.222
791.523
791.824
792.125
792.426
792.727
793.03
793.581
794.132
794.683
795.234
795.785
796.336
796.89
797.171
797.452
797.733
798.014
798.295
798.576
798.857
799.138
799.42
799.727
800.034
800.341
800.648
800.955
801.26
801.657
802.054
802.451
802.848
803.245
803.642
804.039
804.436
804.833
805.23
805.448
805.666
805.884
806.102
806.32
806.538
806.756
806.974
807.19
807.609
808.028
808.447
808.866
809.285
809.704
810.123
810.54
810.878
811.216
811.554
811.892
812.23
812.568
812.906
813.244
813.582
813.92
814.3
814.68
815.06
815.44
815.82
816.2
816.58
816.96
817.34
817.72
818.105
818.506
818.908
819.31
819.711
820.112
820.514
820.916
821.318
821.719
822.12
822.568
823.016
823.464
823.912
824.36
824.57
824.78
824.99
825.2
825.41
825.62
825.83
826.344
826.858
827.371
827.884
828.155
828.426
828.697
828.968
829.239
829.51
829.781
830.05
830.473
830.896
831.319
831.742
832.165
832.59
832.804
833.018
833.232
833.446
833.66
833.874
834.088
834.302
834.52
834.783
835.046
835.309
835.572
835.835
836.098
836.361
836.62
836.959
837.298
837.637
837.976
838.315
838.654
838.993
839.332
839.671
840.01
840.308
840.606
840.904
841.202
841.5
841.798
842.096
842.394
842.692
842.99
843.288
843.58
843.953
844.326
844.699
845.072
845.445
845.818
846.19
846.828
847.466
848.104
848.742
849.38
850.02
851.918
853.816
855.714
857.612
859.51
861.41
862.881
864.352
865.823
867.294
868.765
870.236
871.707
873.178
874.65
875.433
876.216
876.999
877.782
878.565
879.348
880.13
880.913
881.696
882.479
883.262
884.04
884.376
884.712
885.048
885.384
885.72
886.056
886.39
886.775
887.16
887.545
887.93
888.315
888.7
889.085
889.47
889.731
889.992
890.253
890.514
890.775
891.036
891.297
891.558
891.819
892.08
892.341
892.6
893.594
894.588
895.582
896.576
897.57
898.103
898.636
899.169
899.702
900.235
900.768
901.301
901.834
902.37
903.141
903.912
904.683
905.454
906.225
906.996
907.767
908.538
909.31
909.826
910.342
910.858
911.374
911.89
912.406
912.922
913.438
913.954
914.47
915.463
916.456
917.449
918.442
919.435
920.43
920.811
921.192
921.573
921.954
922.335
922.716
923.097
923.478
923.86
924.406
924.952
925.497
925.705
925.913
926.121
926.33
926.555
926.78
927.005
927.23
927.41
927.59
927.77
928.02
928.27
928.52
928.77
929.02
929.314
929.608
929.902
930.196
930.49
930.784
931.08
931.371
931.662
931.953
932.244
932.535
932.826
933.117
933.408
933.7
934.197
934.695
935.193
935.69
935.99
936.29
936.59
936.89
937.19
937.49
937.79
938.09
938.39
938.762
939.134
939.506
939.878
940.25
940.622
940.994
941.223
941.452
941.681
941.91
942.139
942.368
942.597
942.826
943.055
943.285
943.801
944.317
944.833
945.35
945.763
946.176
946.589
947.002
947.415
947.828
948.241
948.654
949.067
949.48
949.913
950.346
950.779
951.212
951.645
952.078
952.511
952.944
953.377
953.81
954.24
954.465
954.69
954.915
955.14
955.365
955.59
955.815
956.04
956.265
956.49
956.971
957.452
957.933
958.414
958.895
959.376
959.857
960.338
960.82
961.286
961.752
962.218
962.684
963.15
963.616
964.082
964.55
964.758
964.966
965.174
965.382
965.59
965.798
966.006
966.214
966.422
966.63
966.838
967.05
967.65
968.25
968.85
969.45
970.05
970.342
970.635
970.928
971.221
971.514
971.807
972.1
972.39
972.779
973.168
973.557
973.946
974.335
974.724
975.11
975.503
975.896
976.289
976.682
977.075
977.393
977.711
978.029
978.347
978.665
978.983
979.301
979.619
979.94
980.161
980.382
980.603
980.824
981.045
981.266
981.487
981.708
981.931
982.118
982.305
982.492
982.679
982.866
983.053
983.24
983.427
983.614
983.801
983.988
984.18
984.482
984.784
985.086
985.388
985.69
985.992
986.294
986.596
986.9
987.177
987.454
987.731
988.008
988.285
988.562
988.839
989.116
989.395
989.792
990.189
990.586
990.983
991.38
991.648
991.916
992.184
992.452
992.72
992.988
993.256
993.524
993.79
994.296
994.802
995.308
995.814
996.32
996.826
997.332
997.838
998.34
998.59
998.84
999.09
999.34
999.59
999.84
1000.09
1000.632
1001.174
1001.716
1002.258
1002.8
1003.34
1003.641
1003.942
1004.243
1004.544
1004.845
1005.146
1005.45
1005.694
1005.938
1006.182
1006.426
1006.67
1006.914
1007.16
1007.412
1007.664
1007.916
1008.168
1008.42
1008.607
1008.794
1008.981
1009.168
1009.355
1009.542
1009.73
1009.928
1010.126
1010.324
1010.522
1010.72
1011.318
1011.916
1012.514
1013.112
1013.71
1014.31
1014.683
1015.056
1015.429
1015.802
1016.175
1016.548
1016.92
1017.18
1017.44
1017.7
1017.96
1018.22
1018.514
1018.808
1019.102
1019.396
1019.69
1019.984
1020.278
1020.572
1020.866
1021.16
1021.9
1022.363
1022.826
1023.289
1023.752
1024.215
1024.678
1025.141
1025.604
1026.069
1026.291
1026.513
1026.735
1026.957
1027.179
1027.401
1027.623
1027.845
1028.069
1028.311
1028.553
1028.795
1029.037
1029.279
1029.521
1029.762
1029.97
1030.178
1030.386
1030.594
1030.802
1031.01
1031.22
1031.397
1031.574
1031.751
1031.928
1032.105
1032.282
1032.459
1032.636
1032.813
1032.99
1033.167
1033.344
1033.521
1033.698
1033.869
1034.077
1034.285
1034.493
1034.701
1034.909
1035.117
1035.325
1035.533
1035.744
1035.963
1036.182
1036.401
1036.62
1036.839
1037.057
1037.319
1037.581
1037.843
1038.105
1038.367
1038.629
1038.89
1039.195
1039.5
1039.805
1040.11
1040.415
1040.72
1041.025
1041.329
1041.656
1041.983
1042.31
1042.637
1042.964
1043.291
1043.618
1043.945
1044.272
1044.599
1044.93
1045.49
1046.05
1046.609
1046.924
1047.239
1047.554
1047.869
1048.184
1048.499
1048.814
1049.129
1049.444
1049.755
1050.023
1050.291
1050.559
1050.827
1051.095
1051.363
1051.63
1052.052
1052.474
1052.896
1053.318
1053.741
1053.96
1054.179
1054.398
1054.617
1054.836
1055.055
1055.274
1055.49
1055.958
1056.426
1056.894
1057.362
1057.83
1058.298
1058.766
1059.234
1059.705
1062.77
1063.163
1063.556
1063.949
1064.342
1064.735
1065.13
1065.495
1065.86
1066.225
1066.59
1066.955
1067.32
1067.685
1068.05
1068.415
1068.78
1069.145
1069.51
1069.911
1070.312
1070.713
1071.114
1071.515
1071.916
1072.317
1072.718
1073.119
1073.52
1073.848
1074.176
1074.504
1074.832
1075.16
1075.462
1075.764
1076.066
1076.368
1076.67
1076.97
1077.36
1077.75
1078.14
1078.53
1078.92
1079.312
1079.494
1079.676
1079.858
1080.04
1080.222
1080.404
1080.586
1080.77
1081.04
1081.31
1081.58
1081.85
1082.12
1082.464
1082.808
1083.152
1083.496
1083.84
1084.184
1084.528
1084.872
1086.517
1088.162
1089.807
1091.45
1091.784
1092.118
1092.452
1092.786
1093.12
1093.454
1093.788
1094.122
1094.456
1094.79
1095.025
1095.26
1095.495
1095.73
1095.965
1096.2
1096.486
1096.772
1097.058
1097.344
1097.63
1097.916
1098.2
1098.579
1098.958
1099.337
1099.716
1100.095
1100.474
1100.853
1101.232
1101.61
1101.892
1102.174
1102.456
1102.738
1103.02
1103.302
1103.584
1103.866
1104.148
1104.43
1104.9
1105.37
1105.84
1106.31
1106.78
1107.235
1107.69
1108.145
1108.6
1109.025
1109.45
1109.875
1110.3
1110.725
1111.15
1111.368
1111.585
1111.803
1112.021
1112.238
1112.456
1112.673
1112.89
1113.371
1113.852
1114.333
1114.814
1115.295
1115.776
1116.257
1116.738
1117.219
1117.7
1118.18
1118.786
1119.392
1119.998
1120.604
1121.21
1121.816
1122.422
1123.03
1123.426
1123.822
1124.218
1124.614
1125.01
1125.406
1125.802
1126.198
1126.59
1126.825
1127.06
1127.295
1127.53
1127.765
1128.0
1128.235
1128.47
1128.705
1128.94
1129.168
1129.396
1129.624
1129.852
1130.08
1130.308
1130.536
1130.764
1130.99
1131.271
1131.552
1131.833
1132.115
1132.343
1132.571
1132.799
1133.027
1133.255
1133.483
1133.71
1134.121
1134.532
1134.943
1135.354
1135.765
1136.176
1136.587
1136.998
1137.409
1137.82
1138.23
1138.538
1138.846
1139.154
1139.462
1139.77
1140.078
1140.386
1140.694
1141.0
1141.43
1141.86
1142.29
1142.72
1143.15
1143.385
1143.62
1143.855
1144.09
1144.325
1144.56
1144.795
1145.03
1145.265
1145.5
1145.734
1145.935
1146.136
1146.337
1146.538
1146.739
1146.94
1147.141
1147.342
1147.543
1147.744
1147.945
1148.15
1148.461
1148.772
1149.083
1149.394
1149.705
1150.016
1150.327
1150.638
1150.949
1151.26
1151.798
1152.336
1152.874
1153.412
1153.95
1154.239
1154.528
1154.817
1155.106
1155.395
1155.684
1155.973
1156.26
1156.506
1156.752
1156.998
1157.244
1157.49
1157.736
1157.982
1158.228
1158.474
1158.72
1158.966
1159.212
1159.458
1159.704
1159.898
1160.092
1160.286
1160.48
1160.674
1160.87
1161.176
1161.482
1161.788
1162.094
1162.4
1162.706
1163.012
1163.318
1163.62
1164.143
1164.666
1165.189
1165.712
1166.235
1166.758
1167.28
1167.486
1167.692
1167.898
1168.104
1168.31
1168.516
1168.722
1168.928
1169.13
1169.371
1169.612
1169.853
1170.094
1170.335
1170.576
1170.817
1171.06
1171.568
1172.076
1172.584
1173.092
1173.6
1174.108
1174.616
1175.124
1175.632
1176.14
1176.54
1176.94
1177.34
1177.74
1178.14
1178.54
1178.963
1179.385
1179.807
1180.23
1180.733
1181.236
1181.739
1182.24
1182.827
1183.414
1184.001
1184.588
1185.175
1185.762
1186.349
1186.936
1187.523
1188.11
1188.507
1188.904
1189.301
1189.698
1190.095
1190.492
1190.889
1191.285
1191.448
1191.611
1191.774
1191.937
1192.1
1192.263
1192.426
1192.589
1192.75
1193.021
1193.292
1193.563
1193.834
1194.105
1194.376
1194.647
1194.918
1195.189
1195.46
1195.96
1196.86
1197.76
1198.66
1198.973
1199.285
1199.598
1199.91
1200.223
1200.535
1200.848
1201.16
1201.333
1201.506
1201.679
1201.852
1202.025
1202.198
1202.368
1202.75
1203.132
1203.514
1203.896
1204.28
1204.585
1204.89
1205.195
1205.5
1205.805
1206.11
1206.415
1206.72
1207.025
1207.33
1207.63
1208.233
1208.835
1209.438
1210.04
1210.348
1210.656
1210.964
1211.272
1211.58
1211.875
1212.17
1212.465
1212.76
1213.055
1213.35
1213.645
1213.94
1214.235
1214.53
1215.135
1215.74
1216.345
1216.95
1217.555
1218.16
1218.765
1219.37
1219.975
1220.58
1221.18
1221.622
1222.064
1222.506
1222.948
1223.39
1223.954
1224.518
1225.082
1225.647
1225.851
1226.055
1226.259
1226.463
1226.667
1226.871
1227.075
1227.279
1227.48
1227.733
1227.986
1228.239
1228.492
1228.745
1228.998
1229.251
1229.504
1229.757
1230.01
1230.263
1230.516
1230.77
1231.327
1231.885
1232.443
1233.0
1233.629
1234.258
1234.887
1235.516
1236.145
1236.774
1237.403
1238.03
1238.335
1238.64
1238.945
1239.25
1239.555
1239.862
1240.107
1240.352
1240.597
1240.842
1241.087
1241.332
1241.577
1241.82
1242.866
1243.912
1244.958
1246.004
1247.05
1248.096
1249.14
1249.725
1250.31
1250.895
1251.48
1252.065
1252.65
1253.235
1253.82
1254.405
1254.99
1255.58
1256.688
1257.796
1258.904
1260.012
1261.12
1261.574
1262.028
1262.482
1262.936
1263.39
1263.844
1264.298
1264.752
1265.21
1265.79
1266.37
1266.95
1267.53
1267.872
1268.215
1268.557
1268.899
1269.241
1269.583
1269.926
1270.268
1270.611
1270.954
1271.296
1271.64
1272.101
1272.562
1273.023
1273.484
1273.945
1274.406
1274.87
1275.123
1275.376
1275.629
1275.882
1276.135
1276.388
1276.641
1276.894
1277.15
1277.419
1277.688
1277.957
1278.226
1278.495
1278.764
1279.033
1279.3
1279.544
1279.788
1280.032
1280.276
1280.52
1280.764
1281.008
1281.25
1281.523
1281.796
1282.069
1282.342
1282.615
1282.89
1283.085
1283.28
1283.475
1283.67
1283.865
1284.06
1284.255
1284.45
1284.742
1285.034
1285.326
1285.618
1285.91
1286.202
1286.494
1286.786
1287.079
1287.287
1287.495
1287.703
1287.911
1288.12
1288.364
1288.608
1288.852
1289.096
1289.34
1289.584
1289.828
1290.208
1290.589
1290.969
1291.35
1291.639
1291.928
1292.217
1292.506
1292.795
1293.084
1293.373
1293.662
1293.955
1294.177
1294.399
1294.621
1294.843
1295.065
1295.287
1295.509
1295.73
1295.981
1296.232
1296.483
1296.734
1296.985
1297.236
1297.487
1297.738
1297.99
1298.237
1298.484
1298.731
1298.978
1299.225
1299.472
1299.719
1299.966
1300.213
1300.46
1300.856
1301.252
1301.648
1302.044
1302.44
1302.836
1303.23
1303.485
1303.74
1303.995
1304.25
1304.505
1304.76
1305.015
1305.27
1305.525
1305.78
1306.035
1306.29
1306.55
1306.784
1307.018
1307.252
1307.486
1307.72
1307.954
1308.185
1308.41
1308.635
1308.86
1309.085
1309.31
1309.613
1309.916
1310.219
1310.522
1310.825
1311.128
1311.43
1311.678
1311.926
1312.173
1312.42
1312.691
1312.962
1313.233
1313.504
1313.775
1314.046
1314.317
1314.59
1315.104
1315.618
1316.132
1316.646
1317.16
1317.674
1318.188
1318.7
1319.102
1319.504
1319.906
1320.308
1320.71
1321.112
1321.514
1321.916
1322.319
1322.518
1322.717
1322.916
1323.115
1323.314
1323.513
1323.712
1323.911
1324.11
1324.332
1324.554
1324.776
1324.998
1325.22
1325.443
1325.694
1325.945
1326.196
1326.447
1326.698
1326.949
1327.2
1327.45
1327.79
1328.13
1328.47
1328.81
1329.15
1329.413
1329.676
1329.938
1330.2
1330.878
1331.555
1332.233
1332.91
1333.141
1333.372
1333.603
1333.834
1334.065
1334.296
1334.53
1334.82
1335.11
1335.4
1335.69
1335.98
1336.27
1336.56
1336.85
1337.14
1337.68
1338.22
1338.76
1339.3
1339.608
1339.916
1340.224
1340.532
1340.84
1341.148
1341.456
1341.76
1342.1
1342.44
1342.78
1343.12
1343.46
1343.8
1344.14
1344.48
1344.948
1345.416
1345.884
1346.352
1346.82
1347.288
1347.756
1348.224
1348.692
1349.16
1349.39
1349.62
1349.85
1350.08
1350.31
1350.54
1350.77
1351.0
1351.23
1351.46
1351.884
1352.308
1352.732
1353.156
1353.58
1354.132
1354.685
1355.237
1355.79
1356.095
1356.4
1356.705
1357.01
1357.315
1357.62
1357.925
1358.23
1358.535
1358.84
1359.06
1359.28
1359.5
1359.72
1359.94
1360.16
1360.38
1360.6
1360.958
1361.316
1361.674
1362.032
1362.39
1362.75
1363.116
1363.482
1363.848
1364.214
1364.58
1364.946
1365.312
1365.678
1366.044
1366.41
1366.78
1367.173
1367.566
1367.959
1368.352
1368.745
1369.138
1369.531
1369.924
1370.32
1370.82
1371.32
1371.82
1372.32
1372.82
1373.32
1373.564
1373.808
1374.052
1374.296
1374.54
1374.784
1375.028
1375.272
1375.517
1375.748
1375.979
1376.21
1376.441
1376.672
1376.903
1377.134
1377.365
1377.6
1377.865
1378.13
1378.395
1378.66
1378.925
1379.19
1379.455
1379.72
1379.985
1380.25
1380.433
1380.616
1380.799
1380.982
1381.165
1381.348
1381.531
1381.714
1381.897
1382.08
1382.263
1382.446
1382.625
1382.842
1383.059
1383.276
1383.493
1383.708
1384.018
1384.328
1384.638
1384.948
1385.26
1385.644
1386.028
1386.412
1386.796
1387.18
1387.863
1388.546
1389.229
1389.91
1390.788
1391.666
1392.544
1393.422
1394.3
1394.773
1395.246
1395.719
1396.192
1396.665
1397.14
1397.307
1397.474
1397.641
1397.808
1397.975
1398.14
1398.409
1398.678
1398.947
1399.216
1399.485
1399.754
1400.023
1400.292
1400.56
1400.868
1401.176
1401.484
1401.792
1402.1
1402.408
1402.716
1403.024
1403.332
1403.64
1403.946
1405.063
1406.18
1406.447
1406.714
1406.981
1407.248
1407.515
1407.782
1408.05
1408.604
1409.158
1409.712
1410.266
1410.82
1411.124
1411.428
1411.732
1412.036
1412.34
1412.644
1412.948
1413.252
1413.556
1413.86
1414.344
1414.828
1415.312
1415.796
1416.28
1416.527
1416.774
1417.021
1417.268
1417.515
1417.762
1418.009
1418.254
1418.439
1418.624
1418.809
1418.994
1419.179
1419.364
1419.549
1419.734
1419.92
1420.42
1420.92
1421.42
1421.92
1422.219
1422.518
1422.817
1423.116
1423.415
1423.714
1424.013
1424.312
1424.61
1424.844
1425.078
1425.312
1425.546
1425.78
1426.014
1426.248
1426.482
1426.716
1426.95
1427.18
1427.415
1427.65
1427.885
1428.12
1428.355
1428.59
1428.825
1429.06
1429.295
1429.53
1429.769
1429.904
1430.039
1430.174
1430.31
1430.627
1430.944
1431.261
1431.578
1431.895
1432.212
1432.529
1432.846
1433.163
1433.48
1433.8
1434.07
1434.34
1434.61
1434.88
1435.15
1435.42
1435.69
1435.96
1436.23
1436.5
1436.702
1436.905
1437.108
1437.311
1437.514
1437.716
1437.918
1438.12
1438.483
1438.846
1439.21
1439.438
1439.666
1439.893
1440.12
1440.347
1440.574
1440.802
1441.03
1441.307
1441.584
1441.861
1442.138
1442.415
1442.692
1442.969
1443.246
1443.523
1443.8
1444.08
1444.36
1444.64
1444.92
1445.2
1445.48
1445.76
1446.04
1446.32
1446.6
1446.88
1447.16
1447.44
1447.812
1448.184
1448.556
1448.928
1449.3
1449.495
1449.69
1449.885
1450.08
1450.275
1450.47
1450.665
1450.86
1451.055
1451.25
1451.44
1451.72
1452.0
1452.28
1452.574
1452.868
1453.162
1453.456
1453.75
1454.044
1454.338
1454.63
1455.082
1455.535
1455.988
1456.44
1457.284
1458.128
1458.972
1459.816
1460.66
1461.504
1462.348
1463.192
1464.036
1464.88
1465.122
1465.364
1465.606
1465.848
1466.09
1466.332
1466.574
1466.816
1467.058
1467.3
1467.62
1467.94
1468.26
1468.58
1468.9
1469.22
1469.54
1469.86
1470.18
1470.5
1470.82
1471.495
1472.17
1472.845
1473.52
1474.007
1474.494
1474.981
1475.468
1475.955
1476.442
1476.929
1477.416
1477.903
1478.39
1478.879
1479.099
1479.319
1479.539
1479.759
1479.979
1480.199
1480.42
1480.67
1480.92
1481.17
1481.42
1481.67
1481.92
1482.311
1482.702
1483.093
1483.484
1483.875
1484.266
1484.657
1485.05
1485.449
1485.848
1486.247
1486.646
1487.045
1487.444
1487.84
1488.082
1488.324
1488.566
1488.808
1489.05
1489.292
1489.534
1489.776
1490.02
1490.662
1491.304
1491.946
1492.588
1493.23
1493.574
1493.918
1494.262
1494.606
1494.95
1495.294
1495.638
1495.982
1496.326
1496.67
1496.944
1497.218
1497.492
1497.766
1498.04
1498.314
1498.588
1498.862
1499.14
1499.443
1499.746
1500.049
1500.352
1500.655
1500.958
1501.261
1501.564
1501.867
1502.17
1502.47
1503.392
1504.314
1505.236
1506.16
1506.318
1506.476
1506.634
1506.792
1506.95
1507.108
1507.266
1507.424
1507.582
1507.74
1507.898
1508.06
1508.45
1508.84
1509.23
1509.62
1510.01
1510.4
1510.79
1511.18
1511.57
1511.96
1512.217
1512.475
1512.732
1512.989
1513.246
1513.504
1513.761
1514.02
1514.292
1514.564
1514.836
1515.108
1515.38
1515.65
1515.868
1516.086
1516.304
1516.522
1516.74
1516.958
1517.176
1517.394
1517.612
1517.83
1518.155
1518.48
1518.805
1519.13
1519.418
1519.705
1519.992
1520.279
1520.566
1520.853
1521.14
1521.428
1521.716
1522.003
1522.29
1522.58
1522.759
1522.938
1523.117
1523.296
1523.475
1523.654
1523.83
1524.032
1524.234
1524.436
1524.638
1524.84
1525.042
1525.246
1525.483
1525.72
1525.957
1526.194
1526.431
1526.67
1526.869
1527.068
1527.267
1527.466
1527.665
1527.864
1528.063
1528.262
1528.461
1528.659
1528.817
1528.975
1529.133
1529.291
1529.45
1529.835
1530.22
1530.605
1530.99
1531.375
1531.76
1532.149
1532.538
1532.927
1533.316
1533.705
1534.094
1534.48
1535.237
1535.994
1536.207
1536.42
1536.633
1536.846
1537.059
1537.272
1537.485
1537.698
1537.91
1538.285
1538.66
1539.035
1539.41
1539.785
1540.16
1540.535
1540.91
1541.285
1541.66
1542.035
1542.41
1542.785
1543.16
1543.54
1544.705
1545.87
1546.126
1546.382
1546.638
1546.894
1547.15
1547.406
1547.66
1548.334
1549.008
1549.682
1550.356
1551.03
1551.704
1552.378
1553.052
1553.726
1554.4
1555.07
1556.77
1557.89
1559.01
1559.385
1559.76
1559.874
1559.988
1560.102
1560.216
1560.33
1560.444
1560.558
1560.672
1560.786
1561.003
1561.22
1561.437
1561.654
1561.871
1562.09
1562.372
1562.654
1562.936
1563.218
1563.5
1563.719
1563.938
1564.157
1564.376
1564.595
1564.814
1565.03
1565.181
1565.332
1565.483
1565.634
1565.785
1565.936
1566.087
1566.238
1566.389
1566.54
1566.79
1567.04
1567.29
1567.615
1567.94
1568.265
1568.59
1568.915
1569.24
1569.492
1569.744
1569.996
1570.248
1570.5
1570.752
1571.004
1571.256
1571.508
1571.76
1572.012
1572.226
1572.44
1572.654
1572.868
1573.082
1573.296
1573.51
1573.72
1574.17
1574.62
1575.07
1575.52
1575.97
1576.42
1576.87
1577.253
1577.635
1578.017
1578.4
1578.613
1578.825
1579.037
1579.25
1579.655
1580.06
1580.465
1580.87
1581.275
1581.68
1582.012
1582.344
1582.676
1583.008
1583.34
1583.672
1584.004
1584.336
1584.668
1585.0
1585.332
1585.66
1586.8
1587.1
1587.4
1587.7
1588.0
1588.3
1588.6
1588.9
1589.197
1589.391
1589.585
1589.779
1589.973
1590.167
1590.361
1590.555
1590.749
1590.943
1591.137
1591.331
1591.53
1591.93
1592.33
1592.73
1593.13
1593.53
1593.93
1594.164
1594.398
1594.632
1594.866
1595.1
1595.371
1595.642
1595.913
1596.184
1596.455
1596.726
1596.997
1597.27
1597.42
1597.57
1597.72
1597.87
1598.02
1598.17
1598.32
1598.47
1598.62
1598.815
1599.01
1599.205
1599.4
1599.595
1599.79
1600.627
1601.464
1602.3
1602.648
1602.995
1603.342
1603.69
1604.55
1605.41
1606.27
1607.095
1607.92
1610.116
1612.312
1614.508
1616.704
1618.9
1619.084
1619.268
1619.452
1619.636
1619.82
1620.004
1620.188
1620.37
1621.612
1622.854
1624.096
1625.338
1626.58
1627.236
1627.892
1628.548
1629.204
1629.86
1630.516
1631.172
1631.828
1632.484
1633.14
1633.8
1634.539
1635.278
1636.017
1636.756
1637.495
1638.234
1638.973
1639.712
1640.45
1640.73
1641.01
1641.29
1641.57
1641.85
1642.13
1642.75
1643.37
1643.99
1644.61
1645.23
1645.85
1646.09
1646.33
1646.57
1646.81
1647.05
1647.29
1647.53
1647.872
1648.214
1648.556
1648.898
1649.24
1649.787
1650.334
1650.881
1651.428
1651.975
1652.522
1653.069
1653.616
1654.163
1654.71
1655.26
1655.58
1655.9
1656.22
1656.54
1656.86
1657.18
1657.5
1657.848
1658.196
1658.543
1658.89
1659.238
1659.586
1659.934
1660.282
1660.63
1660.978
1661.326
1661.67
1662.474
1663.278
1664.082
1664.886
1665.69
1666.621
1667.552
1668.483
1669.414
1670.345
1671.276
1672.21
1673.22
1674.23
1675.24
1675.633
1676.026
1676.419
1676.812
1677.205
1677.6
1677.822
1678.044
1678.266
1678.488
1678.71
1678.932
1679.154
1679.376
1679.6
1679.921
1680.242
1680.563
1680.884
1681.205
1681.526
1681.847
1682.168
1682.489
1682.81
1683.13
1683.393
1683.656
1683.919
1684.182
1684.445
1684.708
1684.971
1685.234
1685.497
1685.76
1686.02
1686.392
1686.764
1687.136
1687.508
1687.88
1688.25
1688.588
1688.926
1689.264
1689.602
1689.94
1690.178
1690.416
1690.654
1690.892
1691.13
1691.368
1691.606
1691.844
1692.082
1692.32
1692.558
1692.795
1693.165
1693.535
1693.905
1694.275
1694.645
1695.015
1695.385
1695.755
1696.125
1696.495
1696.86
1697.204
1697.548
1697.892
1698.236
1698.58
1698.885
1699.19
1699.495
1699.8
1700.105
1700.41
1700.852
1701.294
1701.736
1702.178
1702.62
1703.062
1703.504
1703.946
1704.388
1704.83
1705.27
1705.55
1705.83
1706.11
1706.39
1706.67
1706.95
1707.23
1707.51
1707.79
1708.07
1708.35
1708.561
1708.772
1708.983
1709.194
1709.405
1709.616
1709.827
1710.038
1710.25
1710.517
1710.784
1711.051
1711.318
1711.585
1711.852
1712.12
1712.423
1712.726
1713.029
1713.332
1713.635
1713.938
1714.241
1714.544
1714.85
1715.62
1715.859
1716.098
1716.337
1716.576
1716.815
1717.054
1717.293
1717.532
1717.771
1718.01
1718.245
1718.73
1719.215
1719.7
1720.113
1720.526
1720.939
1721.352
1721.765
1722.178
1722.59
1722.858
1723.126
1723.394
1723.662
1723.93
1724.198
1724.466
1724.732
1724.94
1725.148
1725.356
1725.564
1725.772
1725.98
1726.19
1726.537
1726.884
1727.231
1727.578
1727.926
1728.194
1728.462
1728.73
1728.998
1729.266
1729.534
1729.8
1730.191
1730.582
1730.973
1731.364
1731.755
1732.146
1732.537
1732.928
1733.319
1733.71
1734.021
1734.332
1734.643
1734.954
1735.265
1735.576
1735.887
1736.198
1736.51
1736.77
1737.03
1737.29
1737.55
1737.81
1738.07
1738.268
1738.466
1738.664
1738.862
1739.059
1739.251
1739.443
1739.635
1739.827
1740.019
1740.211
1740.403
1740.595
1740.787
1740.975
1741.278
1741.581
1741.884
1742.187
1742.49
1742.795
1743.136
1743.477
1743.818
1744.16
1744.405
1744.65
1744.895
1745.14
1745.385
1745.63
1745.875
1746.118
1746.418
1746.718
1747.018
1747.318
1747.618
1747.918
1748.22
1748.534
1748.848
1749.162
1749.476
1749.79
1750.104
1750.42
1750.803
1751.186
1751.568
1751.95
1752.332
1752.715
1753.097
1753.48
1753.951
1754.422
1754.893
1755.364
1755.834
1756.054
1756.274
1756.494
1756.714
1756.934
1757.154
1757.375
1757.674
1757.973
1758.272
1758.57
1758.882
1759.194
1759.506
1759.818
1760.13
1760.442
1760.754
1761.066
1761.38
1761.84
1762.3
1762.76
1763.186
1763.612
1764.038
1764.464
1764.89
1765.316
1765.742
1766.17
1766.494
1766.818
1767.142
1767.466
1767.79
1768.114
1768.438
1768.762
1769.086
1769.41
1769.55
1769.69
1769.83
1769.97
1770.11
1770.25
1770.39
1770.58
1770.77
1770.96
1771.15
1771.34
1771.53
1771.72
1771.91
1772.1
1772.29
1772.48
1772.67
1772.86
1773.05
1773.24
1773.434
1773.617
1773.8
1773.983
1774.166
1774.35
1774.54
1774.73
1774.92
1775.11
1775.3
1775.49
1775.68
1775.93
1776.18
1776.43
1776.68
1776.93
1777.18
1777.43
1777.618
1777.806
1777.994
1778.182
1778.37
1778.558
1778.746
1778.934
1779.12
1779.356
1779.592
1779.828
1780.064
1780.3
1780.536
1780.772
1781.008
1781.244
1781.48
1781.72
1782.256
1782.792
1783.328
1783.864
1784.4
1784.936
1785.47
1785.785
1786.1
1786.415
1786.73
1787.045
1787.36
1787.675
1787.99
1788.249
1788.508
1788.767
1789.026
1789.285
1789.544
1789.803
1790.062
1790.321
1790.58
1790.84
1791.07
1791.3
1791.53
1791.76
1791.99
1792.22
1792.45
1792.68
1792.91
1793.14
1793.37
1793.6
1793.868
1794.136
1794.404
1794.672
1794.94
1795.21
1795.71
1796.21
1796.71
1797.21
1797.71
1798.21
1799.425
1800.64
1801.855
1803.07
1803.418
1803.765
1804.113
1804.46
1804.944
1805.428
1805.912
1806.396
1806.88
1807.364
1807.848
1808.332
1808.816
1809.3
1810.197
1811.094
1811.99
1812.641
1813.292
1813.943
1814.594
1815.245
1815.896
1816.547
1817.198
1817.85
1818.142
1818.435
1818.727
1819.02
1819.312
1819.604
1819.897
1820.189
1820.482
1820.774
1821.066
1821.36
1821.631
1821.902
1822.173
1822.444
1822.715
1822.986
1823.257
1823.528
1823.799
1824.07
1824.341
1824.61
1824.804
1824.998
1825.192
1825.386
1825.58
1825.774
1825.968
1826.162
1826.36
1827.053
1827.746
1828.439
1829.132
1829.825
1830.518
1831.211
1831.904
1832.597
1833.29
1837.59
1840.02
1840.9
1841.58
1842.142
1842.704
1843.266
1843.827
1844.341
1844.855
1845.369
1845.883
1846.397
1846.911
1847.425
1847.936
1848.17
1848.404
1848.638
1848.872
1849.106
1849.34
1849.574
1849.81
1850.27
1850.73
1851.19
1851.65
1852.11
1852.57
1853.03
1853.24
1853.45
1853.66
1853.87
1854.08
1854.29
1854.5
1854.824
1855.148
1855.472
1855.796
1856.12
1856.444
1856.77
1856.989
1857.208
1857.427
1857.646
1857.865
1858.084
1858.303
1858.52
1858.719
1858.918
1859.117
1859.316
1859.515
1859.714
1859.913
1860.112
1860.311
1860.51
1860.709
1860.908
1861.107
1861.31
1862.66
1863.08
1863.5
1863.92
1864.34
1864.76
1865.18
1865.6
1866.122
1866.645
1867.168
1867.69
1868.213
1868.736
1869.259
1869.782
1870.304
1870.827
1871.35
1871.87
1872.255
1872.64
1873.025
1873.41
1873.795
1874.18
1874.565
1874.95
1875.335
1875.72
1876.105
1876.49
1876.88
1877.176
1877.472
1877.768
1878.064
1878.36
1878.656
1878.952
1879.248
1879.544
1879.84
1880.136
1880.43
1880.906
1881.382
1881.858
1882.334
1882.81
1883.286
1883.762
1884.238
1884.71
1885.071
1885.432
1885.793
1886.154
1886.515
1886.876
1887.24
1887.501
1887.762
1888.023
1888.284
1888.545
1888.806
1889.067
1889.328
1889.589
1889.85
1890.111
1890.372
1890.633
1890.894
1891.155
1891.41
1891.71
1892.01
1892.31
1892.61
1892.91
1893.506
1894.102
1894.698
1895.294
1895.89
1896.486
1897.082
1897.68
1898.098
1898.515
1898.933
1899.35
1899.513
1899.676
1899.839
1900.002
1900.165
1900.328
1900.49
1900.698
1900.906
1901.114
1901.322
1901.53
1901.738
1901.946
1902.154
1902.362
1902.573
1902.74
1902.907
1903.074
1903.24
1903.557
1903.874
1904.191
1904.51
1904.807
1905.104
1905.401
1905.698
1905.995
1906.29
1906.98
1907.67
1908.36
1909.05
1909.74
1910.43
1911.255
1912.08
1912.455
1912.83
1913.205
1913.58
1913.955
1914.33
1914.705
1915.08
1915.452
1915.732
1916.012
1916.292
1916.572
1916.852
1917.132
1917.41
1917.836
1918.262
1918.688
1919.114
1919.54
1919.945
1920.35
1920.755
1921.16
1921.565
1921.97
1922.375
1922.78
1923.275
1923.77
1924.265
1924.76
1925.004
1925.248
1925.492
1925.736
1925.98
1926.224
1926.468
1926.712
1926.956
1927.2
1927.544
1927.888
1928.232
1928.576
1928.92
1929.264
1929.608
1929.952
1930.296
1930.64
1930.984
1931.33
1931.73
1932.13
1932.53
1932.93
1933.372
1933.814
1934.256
1934.698
1935.14
1935.582
1936.024
1936.466
1936.908
1937.354
1937.54
1937.726
1937.912
1938.098
1938.284
1938.47
1938.656
1938.842
1939.028
1939.214
1939.4
1939.586
1939.77
1940.095
1940.42
1940.745
1941.07
1941.395
1941.72
1942.045
1942.37
1942.695
1943.02
1943.35
1943.607
1943.864
1944.121
1944.378
1944.635
1944.892
1945.152
1945.366
1945.58
1945.793
1946.006
1946.22
1946.434
1946.648
1946.86
1947.995
1949.13
1950.265
1951.4
1952.198
1952.996
1953.794
1954.592
1955.39
1956.197
1957.004
1957.811
1958.618
1959.425
1960.235
1975.597
1990.96
1991.448
1991.936
1992.424
1992.912
1993.4
1993.888
1994.376
1994.864
1995.352
1995.84
1996.375
1996.91
1997.445
1997.98
1998.515
1999.05
1999.398
1999.746
2000.094
2000.442
2000.79
2001.138
2001.486
2001.834
2002.18
2002.51
2002.84
2003.17
2003.5
2003.83
2004.16
2004.49
2004.82
2005.15
2005.554
2005.958
2006.362
2006.766
2007.17
2007.51
2007.85
2008.19
2008.53
2008.87
2009.21
2009.55
2010.165
2010.78
2011.395
2012.01
2012.407
2012.804
2013.201
2013.598
2013.995
2014.392
2014.789
2015.186
2015.58
2015.967
2016.355
2016.743
2017.13
2017.457
2017.785
2018.113
2018.441
2018.769
2019.097
2019.425
2019.753
2020.081
2020.409
2020.736
2021.06
2021.353
2021.646
2021.939
2022.232
2022.525
2022.818
2023.111
2023.404
2023.697
2023.991
2024.241
2024.491
2024.741
2024.99
2025.244
2025.498
2025.752
2026.006
2026.26
2026.514
2026.77
2026.991
2027.212
2027.433
2027.654
2027.875
2028.096
2028.32
2028.67
2029.02
2029.37
2029.72
2030.07
2030.42
2030.77
2031.12
2031.47
2031.806
2032.142
2032.478
2032.814
2032.995
2033.175
2033.355
2033.535
2033.716
2033.896
2034.076
2034.256
2034.437
2034.617
2034.797
2034.98
2035.179
2035.378
2035.577
2035.776
2035.975
2036.174
2036.373
2036.572
2036.771
2037.076
2037.381
2037.686
2037.991
2038.296
2038.6
2039.103
2039.606
2040.109
2040.612
2041.115
2041.62
2041.938
2042.256
2042.574
2042.892
2043.21
2043.528
2043.846
2044.16
2044.464
2044.768
2045.072
2045.376
2045.68
2045.909
2046.138
2046.367
2046.596
2046.825
2047.054
2047.283
2047.51
2047.944
2048.378
2048.812
2049.246
2049.68
2050.116
2050.31
2050.504
2050.698
2050.892
2051.086
2051.28
2051.474
2051.668
2051.862
2052.056
2052.25
2052.449
2052.859
2053.269
2053.679
2054.089
2054.499
2054.763
2055.027
2055.29
2055.478
2055.666
2055.854
2056.042
2056.23
2056.43
2056.63
2056.83
2057.03
2057.23
2057.43
2057.63
2057.83
2058.03
2058.23
2058.43
2058.631
2058.881
2059.131
2059.381
2059.631
2059.881
2060.13
2060.329
2060.528
2060.727
2060.926
2061.125
2061.324
2061.523
2061.722
2061.92
2062.305
2062.69
2063.075
2063.46
2063.845
2064.23
2064.615
2065.0
2065.385
2065.77
2066.466
2067.162
2067.858
2068.554
2069.25
2069.91
2070.57
2070.757
2070.944
2071.131
2071.318
2071.505
2071.692
2071.88
2072.423
2072.966
2073.509
2074.052
2074.595
2075.139
2075.514
2075.889
2076.264
2076.639
2077.014
2077.389
2077.832
2078.275
2078.718
2079.161
2079.604
2080.047
2080.489
2080.745
2081.001
2081.257
2081.513
2081.769
2082.025
2082.28
2082.62
2082.96
2083.3
2083.64
2083.98
2084.202
2084.424
2084.646
2084.868
2085.09
2085.312
2085.534
2085.756
2085.98
2086.251
2086.522
2086.793
2087.064
2087.335
2087.606
2087.877
2088.148
2088.416
2088.603
2088.79
2088.977
2089.164
2089.351
2089.538
2089.725
2089.912
2090.099
2090.29
2090.509
2090.728
2090.947
2091.166
2091.385
2091.604
2091.82
2091.964
2092.108
2092.252
2092.396
2092.54
2092.684
2092.828
2092.969
2093.195
2093.421
2093.647
2093.873
2094.099
2094.325
2094.552
2094.854
2095.156
2095.458
2095.76
2096.062
2096.364
2096.666
2096.969
2097.223
2097.477
2097.731
2097.985
2098.239
2098.493
2098.75
2098.941
2099.132
2099.323
2099.514
2099.705
2099.896
2100.087
2100.28
2100.662
2101.044
2101.426
2101.808
2102.19
2102.572
2102.954
2103.336
2103.72
2104.398
2105.076
2105.754
2106.432
2107.11
2107.79
2108.239
2108.688
2109.137
2109.586
2110.035
2110.484
2110.933
2111.382
2111.831
2112.28
2113.182
2114.084
2114.986
2115.888
2116.79
2117.117
2117.445
2117.773
2118.101
2118.428
2118.755
2119.082
2119.41
2119.777
2120.144
2120.511
2120.878
2121.245
2121.61
2122.064
2122.518
2122.972
2123.426
2123.88
2124.334
2124.788
2125.242
2125.696
2126.15
2126.796
2127.442
2128.088
2128.734
2129.38
2130.024
2131.313
2132.602
2133.891
2135.18
2135.36
2135.54
2135.72
2135.9
2136.08
2136.26
2136.44
2136.62
2136.8
2136.98
2137.258
2137.535
2137.812
2138.09
2138.368
2138.646
2138.924
2139.2
2139.458
2139.716
2139.974
2140.232
2140.49
2140.748
2141.006
2141.264
2141.522
2141.78
2142.04
2142.305
2142.57
2142.835
2143.1
2143.513
2143.926
2144.339
2144.752
2145.165
2145.578
2145.991
2146.404
2146.82
2147.171
2147.522
2147.873
2148.224
2148.575
2148.926
2149.277
2149.63
2150.56
2151.49
2151.709
2151.928
2152.147
2152.366
2152.585
2152.804
2153.023
2153.24
2153.45
2153.66
2153.87
2154.08
2154.29
2154.5
2154.71
2154.92
2155.13
2155.34
2155.577
2155.814
2156.051
2156.288
2156.525
2156.762
2157.0
2157.26
2157.52
2157.78
2158.04
2158.3
2158.626
2158.952
2159.278
2159.604
2159.93
2160.256
2160.582
2160.908
2161.234
2161.56
2161.886
2162.212
2162.54
2163.164
2163.788
2164.412
2165.036
2165.66
2166.314
2166.968
2167.622
2168.276
2168.93
2169.584
2170.238
2170.892
2171.55
2171.925
2172.3
2172.557
2172.814
2173.071
2173.328
2173.585
2173.842
2174.099
2174.356
2174.614
2174.765
2174.916
2175.067
2175.218
2175.369
2175.52
2175.671
2175.822
2175.973
2176.124
2176.28
2176.916
2177.552
2178.188
2178.824
2179.46
2180.096
2180.73
2181.517
2182.304
2183.091
2183.878
2184.665
2185.452
2186.239
2187.026
2187.81
2187.985
2188.16
2188.335
2188.51
2188.685
2188.86
2189.483
2190.106
2190.729
2191.352
2191.975
2192.598
2193.221
2193.844
2194.467
2195.09
2195.457
2195.824
2196.191
2196.558
2196.925
2197.292
2197.659
2198.026
2198.393
2198.76
2199.127
2199.494
2199.861
2200.228
2200.595
2200.962
2201.33
2201.655
2201.98
2202.305
2202.63
2202.955
2203.28
2203.605
2203.93
2204.468
2205.006
2205.544
2206.082
2206.62
2207.16
2207.727
2208.294
2208.861
2209.428
2209.995
2210.562
2211.129
2211.696
2212.26
2212.436
2212.612
2212.788
2212.964
2213.14
2213.475
2213.81
2214.145
2214.48
2215.157
2215.834
2216.51
2216.782
2217.054
2217.326
2217.599
2217.779
2217.959
2218.14
2218.715
2219.29
2219.865
2220.44
2220.786
2221.132
2221.478
2221.824
2222.17
2222.516
2222.862
2223.21
2223.866
2224.522
2225.178
2225.834
2226.49
2227.146
2227.8
2228.057
2228.314
2228.571
2228.828
2229.085
2229.342
2229.599
2229.856
2230.11
2230.347
2230.584
2230.821
2231.058
2231.295
2231.53
2231.988
2232.446
2232.904
2233.362
2233.82
2234.278
2234.736
2235.194
2235.652
2236.106
2236.335
2236.564
2236.793
2237.022
2237.251
2237.48
2237.923
2238.366
2238.809
2239.252
2239.695
2240.138
2240.581
2241.024
2241.467
2241.91
2242.354
2242.592
2242.83
2243.068
2243.306
2243.544
2243.782
2244.02
2244.17
2244.32
2244.47
2244.62
2244.77
2244.92
2245.07
2245.22
2245.484
2245.748
2246.012
2246.276
2246.54
2246.804
2247.068
2247.332
2247.6
2248.58
2249.56
2250.54
2251.52
2252.5
2253.48
2254.46
2255.44
2256.42
2256.79
2257.16
2257.53
2257.9
2258.27
2258.81
2259.35
2259.89
2260.43
2260.97
2261.51
2261.74
2261.97
2262.2
2262.43
2262.66
2262.89
2263.14
2263.39
2263.64
2263.89
2264.14
2264.39
2264.64
2264.889
2265.208
2265.527
2265.846
2266.165
2266.484
2266.803
2267.122
2267.444
2267.629
2267.814
2267.999
2268.184
2268.369
2268.554
2268.739
2268.924
2269.11
2269.41
2269.71
2270.01
2270.31
2270.61
2270.91
2271.21
2271.51
2271.81
2272.11
2272.41
2272.71
2273.01
2273.403
2273.796
2274.189
2274.582
2274.975
2275.368
2275.761
2276.154
2276.55
2276.895
2277.24
2277.585
2277.93
2278.275
2278.62
2278.965
2279.31
2279.655
2280.0
2280.35
2280.747
2281.144
2281.541
2281.938
2282.335
2282.732
2283.129
2283.526
2283.923
2284.32
2284.717
2285.114
2285.511
2285.908
2286.31
2286.61
2286.91
2287.21
2287.51
2287.81
2288.11
2288.41
2288.71
2289.01
2289.31
2289.61
2289.91
2290.21
2290.51
2290.925
2291.34
2291.755
2292.17
2292.643
2293.116
2293.589
2294.062
2294.535
2295.008
2295.48
2296.169
2296.858
2297.547
2298.236
2298.925
2299.614
2300.303
2300.992
2301.685
2302.378
2303.071
2303.764
2304.457
2305.15
2305.399
2305.648
2305.897
2306.146
2306.395
2306.644
2306.893
2307.142
2307.391
2307.64
2308.885
2310.13
2311.375
2312.62
2313.864
2314.712
2315.559
2316.079
2316.6
2317.036
2317.472
2317.908
2318.344
2318.78
2320.165
2321.55
2321.759
2321.968
2322.177
2322.386
2322.595
2322.804
2323.01
2323.63
2324.25
2324.87
2325.49
2326.11
2326.73
2327.35
2327.97
2328.589
2330.637
2332.685
2334.733
2336.78
2336.963
2337.146
2337.329
2337.512
2337.695
2337.878
2338.061
2338.244
2338.427
2338.61
2338.79
2339.088
2339.386
2339.684
2339.982
2340.28
2340.578
2340.876
2341.174
2341.472
2341.77
2342.068
2342.36
2342.652
2342.944
2343.236
2343.528
2343.82
2344.112
2344.404
2344.696
2344.988
2345.28
2345.572
2345.864
2346.16
2346.861
2347.562
2348.263
2348.964
2349.665
2350.366
2351.067
2351.768
2352.469
2353.17
2353.871
2354.572
2355.273
2355.974
2356.675
2357.38
2357.599
2357.818
2358.037
2358.256
2358.475
2358.694
2358.913
2359.132
2359.351
2359.57
2359.789
2360.01
2360.775
2361.54
2362.073
2362.606
2363.139
2363.672
2364.205
2364.738
2365.271
2365.804
2366.337
2366.87
2367.403
2367.94
2368.32
2368.7
2369.08
2369.46
2369.84
2370.22
2370.6
2371.001
2371.402
2371.803
2372.204
2372.605
2373.006
2373.41
2373.944
2374.478
2375.012
2375.546
2376.08
2376.614
2377.148
2377.682
2378.22
2378.547
2378.874
2379.201
2379.528
2379.855
2380.182
2380.509
2380.836
2381.16
2381.416
2381.672
2381.928
2382.184
2382.44
2382.696
2382.952
2383.209
2383.393
2383.577
2383.761
2383.945
2384.129
2384.313
2384.5
2384.69
2384.88
2385.07
2385.26
2385.45
2385.64
2385.83
2386.02
2386.21
2386.536
2386.862
2387.188
2387.514
2387.84
2388.102
2388.364
2388.626
2388.888
2389.15
2389.412
2389.674
2389.936
2390.198
2390.46
2390.688
2390.916
2391.144
2391.372
2391.6
2391.828
2392.056
2392.284
2392.512
2392.74
2392.968
2393.197
2393.386
2393.575
2393.764
2393.953
2394.142
2394.331
2394.52
2394.709
2394.898
2395.087
2395.28
2395.673
2396.066
2396.459
2396.852
2397.245
2397.638
2398.031
2398.424
2398.817
2399.21
2399.604
2399.998
2400.392
2400.786
2401.18
2401.574
2401.968
2402.362
2402.76
2403.267
2403.774
2404.281
2404.788
2405.295
2405.802
2406.31
2406.576
2406.842
2407.108
2407.374
2407.64
2407.906
2408.172
2408.438
2408.704
2408.97
2409.206
2409.441
2409.676
2409.912
2410.148
2410.383
2410.618
2410.854
2411.09
2411.325
2411.56
2411.796
2412.032
2412.267
2412.461
2412.655
2412.85
2413.142
2413.434
2413.727
2414.019
2414.311
2414.604
2414.896
2415.19
2415.601
2416.012
2416.423
2416.834
2417.245
2417.656
2418.067
2418.479
2418.674
2418.869
2419.064
2419.259
2419.454
2419.649
2419.844
2420.039
2420.234
2420.429
2420.624
2420.819
2421.02
2421.4
2421.78
2422.16
2422.54
2422.931
2423.322
2423.713
2424.104
2424.495
2424.886
2425.277
2425.67
2425.943
2426.216
2426.489
2426.762
2427.035
2427.31
2427.62
2427.93
2428.24
2428.55
2428.86
2429.17
2429.477
2429.784
2430.091
2430.398
2430.706
2431.014
2431.322
2431.63
2431.86
2432.09
2432.32
2432.55
2432.78
2433.01
2433.241
2433.455
2433.669
2433.883
2434.097
2434.311
2434.525
2434.74
2435.722
2435.996
2436.27
2436.544
2436.818
2437.092
2437.366
2437.639
2437.919
2438.199
2438.479
2438.759
2439.039
2439.319
2439.596
2439.792
2439.988
2440.184
2440.38
2440.576
2440.772
2440.97
2441.355
2441.74
2442.125
2442.51
2442.895
2443.28
2443.777
2444.274
2444.77
2445.167
2445.564
2445.961
2446.358
2446.755
2447.152
2447.55
2448.182
2448.814
2449.447
2449.623
2449.799
2449.975
2450.151
2450.327
2450.503
2450.679
2450.855
2451.03
2451.557
2452.084
2452.611
2453.138
2453.665
2454.19
2454.483
2454.776
2455.069
2455.362
2455.655
2455.948
2456.24
2456.695
2457.15
2457.605
2458.06
2458.331
2458.602
2458.873
2459.144
2459.415
2459.686
2459.96
2460.256
2460.552
2460.848
2461.144
2461.44
2461.736
2462.03
2462.793
2463.556
2464.319
2465.082
2465.845
2466.61
2467.277
2467.944
2468.611
2469.278
2469.945
2470.61
2471.405
2472.2
2472.423
2472.646
2472.869
2473.092
2473.315
2473.538
2473.761
2473.984
2474.207
2474.43
2474.65
2475.153
2475.655
2476.158
2476.66
2477.162
2477.664
2478.167
2478.67
2478.903
2479.136
2479.369
2479.602
2479.835
2480.068
2480.301
2480.534
2480.767
2481.0
2481.229
2481.387
2481.545
2481.703
2481.861
2482.02
2482.353
2482.686
2483.02
2483.252
2483.484
2483.716
2483.948
2484.18
2484.412
2484.644
2484.876
2485.11
2485.454
2485.798
2486.142
2486.486
2486.83
2487.174
2487.52
2487.989
2488.458
2488.927
2489.396
2489.865
2490.334
2490.803
2491.272
2491.741
2492.21
2492.54
2492.87
2493.2
2493.53
2493.86
2494.19
2494.52
2494.85
2495.306
2495.762
2496.218
2496.674
2497.13
2497.585
2498.099
2498.613
2499.127
2499.641
2500.155
2500.67
2500.925
2501.18
2501.435
2501.69
2501.945
2502.2
2502.455
2502.71
2502.965
2503.22
2503.475
2503.73
2503.99
2504.327
2504.665
2505.003
2505.341
2505.678
2506.015
2506.352
2506.69
2506.988
2507.286
2507.584
2507.882
2508.18
2508.478
2508.776
2509.074
2509.372
2509.67
2509.95
2510.23
2510.51
2510.79
2511.07
2511.35
2511.63
2511.91
2512.19
2512.47
2512.75
2513.03
2513.294
2513.558
2513.822
2514.086
2514.35
2514.614
2514.878
2515.142
2515.406
2515.67
2515.884
2516.098
2516.312
2516.526
2516.74
2516.954
2517.168
2517.382
2517.596
2517.81
2518.02
2518.369
2518.718
2519.067
2519.416
2519.765
2520.114
2520.46
2520.894
2521.328
2521.762
2522.196
2522.63
2523.064
2523.498
2523.93
2524.251
2524.572
2524.893
2525.214
2525.535
2525.856
2526.177
2526.5
2526.79
2527.08
2527.37
2527.66
2527.95
2528.24
2528.53
2528.817
2528.997
2529.177
2529.358
2529.539
2529.72
2529.9
2530.098
2530.296
2530.494
2530.691
2531.058
2531.425
2531.792
2532.159
2532.526
2532.893
2533.26
2533.521
2533.782
2534.043
2534.304
2534.565
2534.826
2535.087
2535.348
2535.61
2535.819
2536.028
2536.237
2536.446
2536.655
2536.864
2537.073
2537.282
2537.492
2540.077
2542.662
2545.247
2547.832
2550.417
2551.65
2552.883
2554.116
2555.349
2556.58
2557.774
2558.968
2560.162
2561.356
2562.55
2563.744
2564.938
2566.13
2567.112
2568.094
2569.076
2570.058
2571.04
2571.547
2572.054
2572.561
2573.068
2573.575
2574.08
2574.94
2575.8
2576.66
2577.52
2578.38
2579.175
2579.97
2580.765
2581.56
2582.355
2583.15
2583.945
2584.74
2585.535
2586.33
2587.124
2587.304
2587.485
2587.666
2587.847
2588.028
2588.208
2588.389
2588.57
2588.751
2588.932
2589.112
2589.29
2589.99
2590.69
2591.107
2591.524
2591.941
2592.358
2592.775
2593.192
2593.609
2594.026
2594.443
2594.86
2595.163
2595.466
2595.769
2596.072
2596.375
2596.678
2596.98
2597.215
2597.45
2597.685
2597.92
2598.155
2598.39
2598.625
2598.86
2599.095
2599.33
2599.565
2599.8
2600.033
2600.266
2600.499
2600.732
2600.965
2601.198
2601.431
2601.664
2601.9
2602.21
2602.52
2602.83
2603.14
2603.45
2603.76
2604.07
2604.38
2604.69
2605.0
2605.31
2605.726
2606.142
2606.558
2606.974
2607.39
2607.806
2608.222
2608.64
2609.113
2609.586
2610.059
2610.53
2610.723
2610.916
2611.109
2611.302
2611.495
2611.688
2611.881
2612.07
2612.608
2613.146
2613.684
2614.222
2614.76
2614.985
2615.21
2615.435
2615.66
2615.885
2616.11
2616.335
2616.56
2616.785
2617.01
2617.215
2617.42
2617.625
2617.83
2618.035
2618.24
2618.445
2618.65
2618.855
2619.06
2619.481
2619.902
2620.323
2620.744
2621.165
2621.586
2622.007
2622.43
2622.68
2622.93
2623.18
2623.431
2623.652
2623.873
2624.094
2624.315
2624.536
2624.757
2624.978
2625.199
2625.42
2625.638
2625.85
2626.062
2626.274
2626.486
2626.698
2626.91
2627.155
2627.4
2627.645
2627.89
2628.135
2628.38
2628.625
2628.87
2629.115
2629.36
2629.605
2629.85
2630.274
2630.698
2631.122
2631.546
2631.97
2632.44
2632.91
2633.38
2633.85
2634.32
2634.79
2635.26
2635.755
2636.25
2636.745
2637.24
2637.735
2638.23
2638.725
2639.22
2639.715
2640.21
2640.7
2641.097
2641.494
2641.891
2642.288
2642.685
2643.082
2643.479
2643.876
2644.273
2644.67
2645.067
2645.46
2646.79
2647.081
2647.372
2647.663
2647.954
2648.245
2648.536
2648.827
2649.118
2649.41
2649.647
2649.884
2650.121
2650.358
2650.595
2650.832
2651.069
2651.306
2651.543
2651.78
2652.076
2652.372
2652.668
2652.964
2653.26
2653.556
2653.852
2654.148
2654.444
2654.74
2655.065
2655.39
2655.715
2656.04
2656.365
2656.69
2657.015
2657.34
2657.798
2658.256
2658.714
2659.172
2659.63
2660.088
2660.546
2661.004
2661.46
2661.868
2662.276
2662.684
2663.092
2663.5
2663.908
2664.316
2664.724
2665.13
2665.523
2665.916
2666.309
2666.702
2667.095
2667.487
2667.88
2668.27
2668.706
2669.142
2669.578
2670.014
2670.45
2670.886
2671.322
2671.76
2672.227
2672.694
2673.162
2673.63
2674.21
2674.79
2675.37
2675.95
2676.53
2676.805
2677.08
2677.355
2677.63
2677.905
2678.18
2678.455
2678.73
2678.9
2679.07
2679.24
2679.41
2679.745
2680.08
2680.415
2680.75
2680.994
2681.238
2681.482
2681.726
2681.969
2682.267
2682.565
2682.863
2683.161
2683.459
2683.76
2684.123
2684.486
2684.849
2685.212
2685.575
2685.938
2686.3
2686.726
2687.152
2687.578
2688.004
2688.43
2688.856
2689.28
2689.661
2690.042
2690.423
2690.804
2691.185
2691.566
2691.947
2692.328
2692.71
2692.96
2693.21
2693.46
2693.71
2693.96
2694.21
2694.497
2694.784
2695.071
2695.358
2695.645
2695.932
2696.22
2696.577
2696.934
2697.291
2697.648
2698.005
2698.362
2698.719
2699.076
2699.433
2699.79
2700.03
2700.27
2700.51
2700.75
2700.99
2701.23
2701.47
2701.71
2701.95
2702.19
2702.432
2702.621
2702.81
2702.999
2703.188
2703.377
2703.566
2703.755
2703.944
2704.133
2704.322
2704.511
2704.7
2704.89
2705.132
2705.374
2705.616
2705.858
2706.099
2706.319
2706.539
2706.759
2706.979
2707.199
2707.419
2707.64
2707.883
2708.126
2708.369
2708.612
2708.855
2709.098
2709.346
2709.594
2709.842
2710.09
2710.338
2710.586
2710.834
2711.082
2711.33
2711.551
2711.772
2711.993
2712.214
2712.435
2712.656
2712.877
2713.098
2713.319
2713.54
2713.891
2714.242
2714.593
2714.944
2715.295
2715.646
2715.997
2716.348
2716.699
2717.05
2717.545
2718.04
2718.535
2719.03
2719.525
2720.02
2720.515
2721.01
2721.505
2722.0
2722.49
2723.435
2724.38
2724.598
2724.816
2725.034
2725.252
2725.47
2725.688
2725.906
2726.124
2726.342
2726.56
2727.03
2727.5
2727.97
2728.44
2728.91
2729.38
2729.679
2729.978
2730.277
2730.576
2730.875
2731.174
2731.473
2731.77
2732.226
2732.682
2733.137
2733.593
2734.048
2734.503
2734.959
2735.414
2735.87
2736.325
2736.825
2738.28
2738.723
2739.166
2739.609
2740.052
2740.495
2740.935
2741.26
2741.585
2741.91
2742.235
2742.56
2742.882
2743.204
2743.526
2743.848
2744.17
2744.49
2744.834
2745.178
2745.522
2745.866
2746.21
2746.554
2746.9
2747.66
2748.42
2749.18
2749.94
2750.7
2751.46
2752.22
2752.465
2752.71
2752.955
2753.2
2753.445
2753.69
2754.319
2754.948
2755.577
2756.206
2756.835
2757.464
2758.093
2758.722
2759.351
2759.98
2760.214
2760.448
2760.682
2760.916
2761.15
2761.384
2761.618
2761.852
2762.086
2762.32
2762.84
2763.36
2763.88
2764.4
2764.92
2765.44
2765.667
2765.894
2766.121
2766.348
2766.575
2766.802
2767.029
2767.256
2767.483
2767.71
2767.94
2768.218
2768.496
2768.774
2769.052
2769.33
2769.61
2769.966
2770.322
2770.678
2771.034
2771.39
2771.746
2772.102
2772.459
2772.652
2772.845
2773.038
2773.231
2773.424
2773.617
2773.81
2774.0
2774.266
2774.532
2774.798
2775.064
2775.33
2775.596
2775.859
2776.09
2776.321
2776.552
2776.783
2777.014
2777.245
2777.476
2777.707
2777.938
2778.169
2778.4
2778.774
2779.148
2779.522
2779.896
2780.27
2780.644
2781.02
2781.853
2782.686
2783.519
2784.352
2785.185
2786.02
2786.592
2787.164
2787.736
2788.308
2788.88
2789.452
2790.024
2790.596
2791.17
2791.413
2791.656
2791.899
2792.142
2792.385
2792.63
2792.889
2793.148
2793.407
2793.666
2793.925
2794.184
2794.443
2794.702
2794.961
2795.22
2795.48
2795.85
2796.22
2796.59
2796.96
2797.33
2797.7
2798.07
2798.44
2798.81
2799.01
2799.21
2799.41
2799.61
2799.81
2800.01
2800.21
2800.387
2800.564
2800.741
2800.918
2801.095
2801.272
2801.449
2801.626
2802.09
2802.554
2803.018
2803.482
2803.946
2804.41
2804.874
2805.338
2805.8
2806.133
2806.466
2806.799
2807.132
2807.465
2807.798
2808.131
2808.464
2808.631
2808.797
2808.963
2809.13
2809.897
2810.664
2811.431
2812.198
2812.965
2813.732
2814.5
2814.712
2814.924
2815.136
2815.348
2815.56
2815.77
2816.873
2817.976
2819.079
2820.182
2821.285
2822.39
2822.763
2823.136
2823.509
2823.882
2824.255
2824.627
2824.817
2825.007
2825.197
2825.387
2825.577
2825.767
2825.96
2826.421
2826.882
2827.343
2827.804
2828.265
2828.726
2829.19
2829.439
2829.688
2829.937
2830.186
2830.435
2830.684
2830.93
2831.122
2831.314
2831.506
2831.698
2831.89
2832.082
2832.274
2832.466
2832.658
2832.85
2833.042
2833.234
2833.43
2833.707
2833.984
2834.261
2834.538
2834.815
2835.092
2835.369
2835.646
2835.925
2836.141
2836.357
2836.573
2836.789
2837.005
2837.221
2837.437
2837.653
2837.869
2838.085
2838.3
2838.514
2838.728
2838.942
2839.156
2839.37
2839.584
2839.8
2840.016
2840.232
2840.448
2840.664
2840.88
2841.096
2841.31
2842.17
2843.03
2843.89
2844.75
2845.61
2846.47
2846.732
2846.994
2847.256
2847.518
2847.78
2848.042
2848.304
2848.566
2848.828
2849.09
2849.35
2849.524
2849.698
2849.872
2850.046
2850.22
2850.394
2850.568
2850.74
2850.994
2851.248
2851.502
2851.756
2852.01
2852.264
2852.518
2852.772
2853.026
2853.28
2853.534
2853.785
2854.284
2854.751
2855.218
2855.685
2856.152
2856.617
2857.124
2857.631
2858.138
2858.645
2859.15
2859.422
2859.694
2859.966
2860.238
2860.51
2860.782
2861.054
2861.326
2861.598
2861.87
2862.215
2862.56
2862.905
2863.25
2863.554
2863.858
2864.162
2864.466
2864.77
2865.074
2865.38
2865.78
2866.18
2866.58
2866.98
2867.38
2867.622
2867.864
2868.106
2868.348
2868.59
2869.66
2870.73
2871.8
2872.87
2873.94
2875.01
2876.08
2877.15
2878.22
2879.29
2880.36
2881.43
2882.332
2883.235
2884.138
2885.04
2885.268
2885.496
2885.724
2885.952
2886.18
2886.408
2886.636
2886.864
2887.09
2887.536
2887.982
2888.428
2888.874
2889.32
2889.766
2890.212
2890.66
2891.06
2891.46
2891.86
2892.26
2892.66
2893.06
2893.46
2893.86
2894.26
2894.51
2894.76
2895.01
2895.26
2895.51
2895.76
2896.01
2896.551
2897.092
2897.633
2898.174
2898.715
2899.256
2899.8
2900.114
2900.428
2900.742
2901.056
2901.37
2901.684
2902.0
2902.368
2902.736
2903.104
2903.472
2903.84
2904.21
2904.389
2904.568
2904.747
2904.926
2905.105
2905.284
2905.463
2905.642
2905.821
2906.0
2906.179
2906.358
2906.543
2906.682
2906.821
2906.96
2907.1
2907.272
2907.444
2907.616
2907.788
2907.96
2908.132
2908.304
2908.476
2908.648
2908.82
2908.99
2909.157
2909.324
2909.49
2909.656
2909.943
2910.23
2910.517
2910.804
2911.091
2911.378
2911.664
2911.872
2912.08
2912.288
2912.496
2912.704
2912.912
2913.12
2913.33
2913.804
2914.278
2914.752
2915.226
2915.7
2916.174
2916.648
2917.122
2917.596
2918.075
2918.367
2918.659
2918.95
2919.116
2919.282
2919.449
2919.657
2919.865
2920.073
2920.281
2920.489
2920.697
2920.905
2921.113
2921.321
2921.53
2921.758
2921.986
2922.214
2922.442
2922.67
2923.025
2923.38
2923.735
2924.09
2924.445
2924.8
2925.155
2925.51
2925.865
2926.22
2926.575
2926.93
2927.382
2927.834
2928.286
2928.738
2929.19
2929.19
2929.19
2929.19
2929.19
2929.19
