21.141
21.422
21.703
21.984
22.265
22.546
22.827
23.108
23.39
24.144
24.898
25.652
26.406
27.16
27.914
28.668
29.422
30.176
30.93
31.684
32.44
34.744
36.669
38.594
40.52
41.105
41.69
42.275
42.86
43.445
44.03
44.368
44.706
45.044
45.382
45.72
46.058
46.395
47.047
47.7
48.107
48.514
48.921
49.328
49.735
50.142
50.55
50.795
51.04
51.285
51.53
51.775
52.02
52.36
52.7
53.04
53.38
53.72
54.06
54.401
58.12
58.432
58.745
59.057
59.37
60.37
60.65
60.93
63.83
66.73
71.07
71.62
72.144
72.668
73.192
73.716
74.239
77.772
78.074
78.376
78.678
78.98
79.585
80.19
85.8
86.05
86.3
86.583
86.866
87.149
87.432
87.715
87.998
88.281
88.564
88.847
89.13
89.557
89.984
90.411
90.838
91.265
91.692
92.12
92.545
92.97
93.395
93.82
94.245
94.67
95.095
95.52
96.688
97.856
99.024
100.191
100.914
101.637
102.36
103.083
103.806
104.53
104.697
104.864
105.03
105.272
105.514
105.756
105.998
106.24
106.482
106.724
106.966
107.208
107.45
107.696
108.805
109.915
110.41
110.905
111.4
111.895
112.39
112.643
112.896
113.149
113.402
113.655
113.908
114.161
114.414
114.667
114.92
115.173
115.43
115.848
116.266
116.684
117.102
117.52
117.938
118.356
118.77
119.044
119.318
119.592
119.866
120.14
120.414
120.688
120.962
121.236
121.51
121.754
121.998
122.242
122.486
122.73
122.974
123.218
123.462
123.706
123.95
124.194
124.438
124.682
124.926
125.17
125.379
125.588
125.797
126.006
126.215
126.424
126.633
126.842
127.051
127.26
127.469
127.68
127.935
128.19
128.445
128.7
128.955
129.21
129.465
129.72
129.979
130.373
130.767
131.161
131.555
131.949
132.34
132.585
132.83
133.075
133.32
133.565
133.81
134.055
134.3
134.545
134.79
135.36
135.93
136.5
137.07
137.32
137.57
138.515
139.46
140.405
141.351
142.549
143.477
144.405
145.333
146.26
148.171
149.339
150.506
150.975
151.444
151.913
152.382
152.85
153.053
153.256
153.459
153.662
153.865
154.068
154.271
154.474
154.68
155.34
155.767
156.194
156.621
157.048
157.475
157.9
158.209
158.518
158.827
159.136
159.445
159.754
160.063
160.372
160.681
160.99
161.3
161.504
161.708
161.912
162.116
162.32
162.524
162.728
162.932
163.136
163.34
163.54
163.832
164.124
164.416
164.708
165.0
165.292
165.584
165.876
166.168
166.46
166.75
167.168
167.586
168.004
168.422
168.84
169.258
169.676
170.094
170.512
170.93
171.348
171.765
172.104
172.443
172.782
173.121
173.46
173.799
174.14
174.457
174.774
175.09
175.835
176.58
177.39
177.695
178.0
178.305
178.61
179.098
179.586
180.074
180.56
180.895
181.23
181.565
181.9
182.235
182.57
182.905
183.24
183.575
183.91
184.24
184.454
184.668
184.882
185.096
185.31
185.524
185.74
185.963
186.186
186.409
186.632
186.855
187.078
187.301
187.524
187.75
188.018
188.286
188.554
188.822
189.09
189.36
190.13
190.9
191.67
192.44
192.862
193.284
193.706
194.128
194.55
194.972
195.394
195.816
196.24
196.579
196.918
197.257
197.596
197.935
198.274
198.613
198.952
199.291
199.628
200.707
201.786
202.865
203.942
204.16
204.378
204.596
204.814
205.032
205.25
205.468
205.686
205.9
206.21
206.52
206.83
207.14
207.45
207.76
208.07
208.38
208.69
209.0
209.296
209.592
209.888
210.184
210.48
210.776
211.072
211.368
211.664
211.96
212.26
212.656
213.052
213.448
213.844
214.24
214.636
215.032
215.428
215.82
216.127
216.434
216.741
217.048
217.355
217.662
217.969
218.276
218.583
218.89
219.197
219.504
219.811
220.12
220.472
220.824
221.176
221.528
221.88
222.23
222.466
222.702
222.938
223.174
223.41
223.646
223.882
224.12
225.286
226.452
227.618
228.784
229.951
231.337
231.615
231.893
232.17
232.578
232.986
233.394
233.802
234.21
234.508
234.806
235.104
235.402
235.7
236.0
236.482
236.964
237.446
237.928
238.41
238.89
239.102
239.314
239.526
239.738
239.95
240.162
240.374
240.586
240.8
241.269
241.738
242.207
242.676
243.145
243.614
244.08
245.097
246.114
247.131
248.148
249.165
250.182
251.2
251.503
251.806
252.109
252.412
252.715
253.018
253.32
253.57
253.82
254.07
254.306
254.542
254.778
255.014
255.25
255.486
255.72
255.977
256.234
256.491
256.748
257.005
257.262
257.519
257.845
258.171
258.497
258.823
259.149
259.341
259.533
259.725
259.917
260.109
260.303
260.543
260.783
261.023
261.263
261.502
261.742
261.982
262.219
262.333
262.447
262.561
262.674
262.931
263.188
263.445
263.702
263.959
264.216
264.473
264.729
265.498
266.267
267.036
267.806
268.045
268.284
268.523
268.762
269.001
269.24
269.479
269.718
269.957
270.196
270.43
270.716
271.002
271.288
271.574
271.86
272.146
272.432
272.72
273.122
273.524
273.926
274.328
274.73
275.13
275.392
275.654
275.916
276.178
276.44
276.702
276.964
277.23
277.459
277.688
277.917
278.146
278.375
278.604
278.833
279.06
279.911
280.762
281.613
282.464
283.315
284.166
285.017
285.87
286.132
286.394
286.656
286.918
287.18
287.442
287.704
287.97
288.204
288.438
288.672
288.906
289.14
289.374
289.61
289.913
290.216
290.519
290.822
291.125
291.428
291.731
292.034
292.337
292.64
292.98
293.32
293.66
294.0
294.194
294.388
294.582
294.776
294.97
295.164
295.358
295.552
295.75
295.954
296.158
296.362
296.566
296.77
296.974
297.178
297.38
297.916
298.452
298.988
299.524
300.06
300.596
301.132
301.67
301.843
302.016
302.19
303.005
303.82
304.471
305.122
305.773
306.424
307.075
307.726
308.377
309.024
309.417
309.81
310.203
310.596
310.989
311.384
311.667
311.95
312.233
312.516
312.8
313.931
315.062
316.192
316.4
316.608
316.816
317.024
317.232
317.44
317.65
317.976
318.302
318.628
318.954
319.28
319.606
319.932
320.26
320.575
320.89
321.205
321.52
321.835
322.15
322.465
322.78
323.095
323.41
323.72
324.216
324.712
325.208
325.704
326.2
326.696
327.192
327.688
328.184
328.68
328.868
329.056
329.244
329.432
329.62
329.808
329.996
330.184
330.372
330.56
330.748
330.936
331.124
331.31
333.02
333.405
333.79
334.175
334.56
334.945
335.33
335.715
336.1
336.485
336.87
337.26
337.499
337.738
337.977
338.216
338.455
338.694
338.933
339.17
339.482
339.794
340.106
340.418
340.73
341.042
341.354
341.666
341.978
342.29
342.728
343.166
343.604
344.042
344.48
344.918
345.356
345.794
346.232
346.67
347.2
347.73
348.224
348.718
349.212
349.706
350.2
350.694
351.19
351.594
351.998
352.402
352.806
353.21
353.614
354.02
354.249
354.478
354.707
354.936
355.165
355.394
355.623
355.852
356.08
356.399
356.718
357.037
357.356
357.675
357.994
358.313
358.63
358.879
359.128
359.377
359.626
359.875
360.124
360.37
360.738
361.106
361.474
361.84
362.051
362.262
362.473
362.684
362.895
363.106
363.317
363.528
363.739
363.952
364.244
364.536
364.828
365.12
365.41
365.638
365.866
366.094
366.322
366.55
366.778
367.004
367.221
367.438
367.655
367.872
368.089
368.306
368.523
368.74
368.957
369.17
369.381
369.592
369.803
370.014
370.225
370.436
370.647
370.858
371.069
371.28
371.49
371.928
372.365
372.803
373.24
373.707
374.174
374.641
375.108
375.575
376.042
376.341
376.64
376.939
377.238
377.537
377.836
378.135
378.432
379.006
379.58
380.154
380.728
381.3
381.962
382.624
383.286
383.948
384.61
385.272
385.934
386.596
387.254
387.806
388.358
388.91
389.462
390.014
390.566
391.119
391.379
391.639
391.899
392.16
392.474
392.788
393.102
393.416
393.73
394.044
394.36
394.653
394.946
395.239
395.532
395.825
396.118
396.41
396.917
397.424
397.931
398.438
398.945
399.452
399.959
400.466
400.973
401.48
401.8
402.12
402.44
402.76
403.08
403.4
403.72
404.04
404.36
404.68
405.0
406.247
407.494
408.741
409.988
411.235
412.48
412.749
413.018
413.287
413.556
413.825
414.094
414.363
414.632
414.9
415.253
415.606
415.959
416.312
416.665
417.018
417.371
417.724
418.077
418.43
418.78
419.942
421.104
422.266
423.428
424.59
424.782
424.974
425.166
425.358
425.55
425.743
425.935
426.13
426.376
426.622
426.868
427.114
427.36
427.606
427.852
428.098
428.34
428.629
428.918
429.207
429.496
429.785
430.074
430.363
430.652
430.94
431.38
431.82
432.26
432.7
433.14
433.58
434.02
434.766
435.512
436.258
437.004
437.75
438.496
439.242
439.988
440.734
441.48
442.18
442.88
443.58
444.28
444.98
445.833
446.686
447.539
448.392
449.245
450.1
450.44
450.78
451.12
451.46
451.8
452.633
453.466
454.299
455.132
455.965
456.798
457.63
457.889
458.148
458.407
458.666
458.925
459.184
459.443
459.702
459.961
460.22
460.479
460.74
461.062
461.384
461.706
462.028
462.35
462.672
462.994
463.316
463.64
464.231
464.822
465.413
466.004
466.595
467.186
467.78
468.02
468.26
468.5
468.74
468.98
469.22
469.46
470.233
471.006
471.779
472.552
473.325
474.098
474.871
475.644
476.42
477.225
478.03
478.835
479.64
480.445
481.25
481.921
482.592
483.263
483.934
484.605
485.276
485.947
486.62
487.054
487.488
487.922
488.356
488.79
489.565
490.34
491.115
491.89
492.665
493.44
493.828
494.216
494.604
494.992
495.38
495.768
496.156
496.544
496.93
497.18
497.43
497.68
497.93
498.18
498.43
498.68
499.077
499.474
499.871
500.268
500.665
501.062
501.459
501.856
502.253
502.65
503.047
503.45
503.867
504.284
504.701
505.118
505.535
505.95
506.679
507.408
508.137
508.866
509.595
510.324
511.05
511.474
511.898
512.322
512.746
513.17
513.594
514.02
515.19
515.816
516.442
517.068
517.694
518.32
518.946
519.572
520.2
520.535
520.87
521.205
521.54
521.875
522.21
522.545
522.88
523.215
523.55
523.89
524.194
524.498
524.802
525.106
525.41
525.838
526.266
526.694
527.122
527.55
527.758
527.966
528.174
528.382
528.59
528.798
529.006
529.214
529.422
529.63
529.838
530.046
530.25
530.646
531.042
531.438
531.834
532.23
532.626
533.022
533.418
533.814
534.21
534.606
535.0
535.4
535.8
536.2
536.6
537.0
537.4
537.8
538.2
538.698
539.196
539.694
540.192
540.69
541.188
541.686
542.184
542.678
544.58
546.228
547.876
549.524
549.899
550.274
550.65
552.34
554.03
555.72
556.104
556.488
556.872
557.256
557.64
558.024
558.408
558.79
559.533
560.276
561.019
561.762
562.505
563.248
563.991
564.734
565.477
566.22
566.963
567.71
568.797
569.884
570.97
571.859
572.748
573.637
574.526
575.415
576.304
577.193
578.08
578.73
579.38
580.03
580.68
581.33
581.98
582.63
583.28
583.929
584.189
584.449
584.709
584.97
585.41
585.85
586.102
586.354
586.606
586.858
587.11
587.362
587.614
587.866
588.118
588.37
588.87
589.12
589.37
589.62
589.87
590.121
590.372
590.623
590.874
591.125
591.376
591.63
592.184
592.738
593.292
593.846
594.4
594.954
595.508
596.062
596.616
597.17
597.698
598.226
598.754
599.282
599.81
600.34
600.525
600.71
600.895
601.08
601.265
601.45
601.635
601.82
602.005
602.19
602.38
602.788
603.196
603.604
604.012
604.419
604.827
605.235
605.64
606.196
606.752
607.308
607.864
608.42
608.976
609.532
610.09
610.786
611.482
612.178
612.874
613.57
614.266
614.96
615.56
616.16
616.76
617.717
618.674
619.631
620.588
621.545
622.502
623.46
623.789
624.118
624.447
624.776
625.105
625.434
625.763
626.09
626.765
627.44
628.335
629.23
630.125
631.02
631.505
631.99
633.068
634.146
635.224
636.302
637.38
638.184
638.988
639.792
640.596
641.4
642.204
643.008
643.812
644.62
644.872
645.124
645.376
645.628
645.88
646.132
646.384
646.636
646.89
647.36
647.539
647.718
647.897
648.076
648.255
648.434
648.613
648.79
649.955
651.12
652.285
653.45
656.74
657.505
658.27
659.035
659.8
660.248
660.697
661.369
662.04
662.958
663.876
664.794
665.712
666.63
667.088
667.546
668.004
668.462
668.92
669.38
670.109
670.838
671.567
672.296
673.025
673.754
674.482
674.728
674.974
675.22
675.466
675.712
675.958
676.204
676.45
676.696
676.94
678.05
679.16
680.27
680.928
681.586
682.244
682.902
683.56
684.218
684.876
685.534
686.192
686.85
687.51
687.86
688.21
688.363
688.516
688.668
688.82
689.009
689.198
689.387
689.576
689.765
689.954
690.143
690.33
691.19
692.05
692.91
693.77
694.63
695.49
696.35
697.21
698.07
698.93
699.11
699.29
699.47
699.65
699.83
700.613
701.396
702.18
702.484
702.788
703.092
703.396
703.7
704.004
704.31
704.671
705.032
705.393
705.754
706.115
706.476
706.837
707.2
707.643
708.086
708.529
708.972
709.415
709.858
710.3
710.654
711.008
711.362
711.716
712.07
712.424
712.78
713.069
713.358
713.647
713.936
714.225
714.514
714.803
715.09
715.336
715.582
715.828
716.074
716.32
716.566
716.81
717.078
717.346
717.614
717.882
718.15
718.418
718.684
719.213
719.742
720.271
720.8
721.011
721.222
721.433
721.644
721.855
722.066
722.277
722.488
722.7
723.114
723.528
723.942
724.356
724.77
725.184
725.598
726.01
726.35
726.69
727.03
727.37
727.71
727.994
728.278
728.562
728.846
729.13
729.414
729.698
729.982
730.267
730.531
730.795
731.059
731.323
731.587
731.85
732.046
732.242
732.438
732.634
732.83
733.026
733.224
733.468
733.712
733.956
734.2
734.444
734.688
734.932
735.176
735.42
735.66
736.04
736.42
736.8
737.18
737.56
737.94
738.32
738.7
739.08
739.46
739.841
740.059
740.277
740.495
740.713
740.931
741.149
741.367
741.587
741.791
741.995
742.199
742.403
742.607
742.811
743.015
743.219
743.42
743.577
743.734
743.891
744.048
744.205
744.362
744.52
744.722
744.924
745.126
745.328
745.53
745.732
745.936
746.44
746.944
747.447
747.95
748.207
748.464
748.721
748.978
749.235
749.492
749.749
750.006
750.472
750.938
751.404
751.87
752.336
752.802
753.268
753.734
754.2
754.54
754.88
755.22
755.56
755.9
756.24
756.58
756.92
757.367
757.814
758.261
758.708
759.155
759.601
759.851
760.101
760.35
760.836
761.322
761.808
762.294
762.78
763.266
763.752
764.238
764.724
765.21
765.7
765.959
766.218
766.477
766.736
766.995
767.254
767.513
767.772
768.03
768.269
768.508
768.747
768.986
769.225
769.464
769.7
770.078
770.456
770.834
771.212
771.59
771.97
772.405
772.84
773.275
773.71
774.145
774.58
775.015
775.45
775.974
776.498
777.022
777.546
778.07
778.594
779.12
779.43
779.74
780.05
780.36
780.67
780.98
781.29
781.6
781.91
782.22
782.53
782.84
783.15
783.571
783.992
784.413
784.834
785.255
785.676
786.097
786.518
786.94
787.209
787.478
787.747
788.016
788.285
788.554
788.823
789.089
789.252
789.415
789.578
789.741
789.904
790.067
790.23
790.393
790.556
790.719
790.88
791.233
791.586
791.939
792.292
792.645
792.998
793.351
793.704
794.057
794.41
794.76
795.007
795.254
795.501
795.748
795.995
796.242
796.49
796.852
797.214
797.576
797.938
798.3
798.66
798.86
799.06
799.26
799.46
799.66
799.86
800.06
800.26
800.46
800.66
800.907
801.154
801.401
801.648
801.895
802.142
802.389
802.636
802.883
803.13
803.377
803.624
803.87
804.042
804.214
804.386
804.558
804.73
804.9
805.23
805.56
805.89
806.22
806.889
807.558
808.227
808.896
809.565
810.234
810.903
811.572
812.24
812.57
812.9
813.23
813.56
814.062
814.564
815.066
815.568
816.07
816.298
816.526
816.754
816.982
817.21
817.44
817.856
818.272
818.688
819.104
819.52
819.936
820.35
820.745
821.14
821.535
821.93
822.325
822.72
823.115
823.51
823.906
824.151
824.396
824.641
824.886
825.131
825.376
825.621
825.866
826.111
826.354
826.857
827.36
827.863
828.366
828.869
829.372
829.875
830.378
830.88
831.086
831.292
831.498
831.704
831.91
832.09
832.27
832.45
832.63
832.81
832.99
833.17
833.35
833.558
833.766
833.974
834.182
834.39
834.6
834.858
835.116
835.374
835.632
835.89
836.148
836.406
836.664
836.922
837.18
837.438
837.696
837.954
838.212
838.47
838.856
839.242
839.628
840.014
840.4
840.786
841.172
841.558
841.944
842.33
842.666
843.002
843.338
843.674
844.01
844.346
844.682
845.02
845.288
845.556
845.824
846.092
846.36
846.628
846.896
847.164
847.432
847.7
847.97
848.255
848.54
848.825
849.11
849.395
849.68
849.965
850.25
850.535
850.82
851.1
851.483
851.865
852.247
852.63
852.994
853.358
853.722
854.086
854.45
854.814
855.18
855.65
856.12
856.59
857.06
857.53
858.0
858.47
858.837
859.204
859.571
859.938
860.305
860.672
861.039
861.41
861.643
861.876
862.109
862.342
862.575
862.808
863.04
863.556
864.072
864.588
865.104
865.62
866.136
866.652
867.168
867.684
868.2
868.72
869.004
869.288
869.572
869.856
870.14
870.424
870.708
870.992
871.276
871.56
871.844
872.128
872.412
872.696
872.98
873.27
873.799
874.328
874.857
875.386
875.915
876.444
876.973
877.502
878.031
878.56
879.09
884.263
889.436
894.61
895.105
895.6
896.095
896.59
897.085
897.58
898.075
898.57
898.796
899.022
899.248
899.474
899.7
900.178
900.656
901.134
901.612
902.09
902.568
903.046
903.524
904.002
904.48
904.958
905.436
905.92
906.427
906.934
907.441
907.948
908.455
908.962
909.47
910.69
911.91
913.13
914.35
914.738
915.126
915.514
915.902
916.29
916.678
917.066
917.454
917.842
918.23
918.618
919.006
919.394
919.78
921.375
922.97
923.279
923.588
923.897
924.206
924.515
924.824
925.133
925.442
925.75
926.118
926.486
926.854
927.222
927.59
927.958
928.326
928.694
929.062
929.43
929.8
930.287
930.774
931.261
931.748
932.235
932.722
933.21
933.429
933.648
933.867
934.086
934.305
934.524
934.743
934.962
935.18
935.434
935.688
935.942
936.196
936.45
936.974
937.498
938.022
938.546
939.07
939.594
940.118
940.64
941.145
941.65
942.155
942.66
943.165
943.67
944.175
944.68
944.877
945.074
945.271
945.468
945.665
945.862
946.059
946.253
946.443
946.633
946.823
947.013
947.203
947.393
947.586
948.079
948.572
949.065
949.558
950.051
950.544
951.037
951.53
951.795
952.06
952.325
952.59
952.855
953.12
953.385
953.65
953.915
954.18
954.394
954.608
954.822
955.036
955.25
955.464
955.68
956.21
956.74
957.27
957.8
958.33
958.86
959.084
959.308
959.532
959.756
959.98
960.204
960.428
960.65
960.97
961.29
961.61
961.93
962.25
962.57
962.89
963.21
963.53
963.85
964.17
964.49
964.81
965.13
965.52
965.91
966.3
966.69
967.082
967.429
967.776
968.123
968.47
968.817
969.164
969.511
969.86
970.279
970.698
971.117
971.536
971.955
972.374
972.793
973.212
973.631
974.05
974.47
974.689
974.908
975.127
975.346
975.565
975.784
976.003
976.222
976.441
976.66
977.228
977.796
978.364
978.932
979.5
980.068
980.636
981.204
981.772
982.34
982.91
983.111
983.312
983.513
983.714
983.915
984.116
984.317
984.518
984.719
984.92
985.121
985.32
986.058
986.796
987.534
988.272
989.01
989.748
990.486
991.224
991.962
992.7
993.438
994.176
994.92
995.195
995.47
995.745
996.02
996.295
996.57
996.845
997.12
997.395
997.67
997.945
998.22
998.495
998.77
999.045
999.32
999.573
999.826
1000.079
1000.332
1000.585
1000.838
1001.091
1001.344
1001.597
1001.85
1002.103
1002.36
1002.58
1002.8
1003.02
1003.24
1003.46
1003.68
1003.9
1004.12
1004.34
1004.607
1004.874
1005.141
1005.408
1005.675
1005.942
1006.209
1006.476
1006.743
1007.01
1007.277
1007.54
1008.326
1009.112
1009.898
1010.684
1011.472
1011.95
1012.428
1012.906
1013.384
1013.862
1014.34
1014.82
1015.045
1015.27
1015.495
1015.72
1015.945
1016.17
1016.395
1016.62
1016.891
1017.162
1017.433
1017.704
1017.975
1018.245
1018.656
1019.067
1019.478
1019.889
1020.3
1020.711
1021.12
1021.469
1021.818
1022.167
1022.516
1022.865
1023.214
1023.563
1023.91
1024.25
1024.59
1024.93
1025.269
1025.66
1026.051
1026.442
1026.833
1027.224
1027.615
1028.006
1028.397
1028.79
1029.267
1029.745
1030.222
1030.699
1031.177
1031.655
1031.853
1032.051
1032.249
1032.447
1032.645
1032.843
1033.041
1033.239
1033.437
1033.635
1033.833
1034.03
1034.194
1034.358
1034.522
1034.686
1034.85
1035.014
1035.178
1035.342
1035.51
1035.76
1036.01
1036.26
1036.51
1036.755
1037.0
1037.245
1037.49
1037.735
1037.98
1038.368
1038.756
1039.144
1039.532
1039.92
1040.309
1040.636
1040.963
1041.29
1041.617
1041.946
1042.376
1042.806
1043.236
1043.666
1044.096
1044.526
1044.956
1045.386
1045.816
1046.25
1046.587
1046.924
1047.261
1047.598
1047.935
1048.27
1048.505
1048.74
1048.975
1049.21
1049.445
1049.68
1049.915
1050.15
1050.487
1050.824
1051.161
1051.498
1051.835
1052.17
1052.409
1052.648
1052.887
1053.126
1053.365
1053.604
1053.843
1054.084
1054.537
1054.99
1055.443
1055.896
1056.349
1056.802
1057.255
1057.708
1058.161
1058.614
1059.067
1059.52
1060.742
1061.964
1063.186
1064.408
1065.63
1066.852
1067.014
1067.176
1067.338
1067.5
1067.662
1067.824
1067.986
1068.148
1068.31
1068.492
1068.674
1068.856
1069.038
1069.22
1069.402
1069.584
1069.768
1070.847
1071.125
1071.403
1071.68
1071.968
1072.256
1072.544
1072.832
1073.12
1073.41
1074.65
1074.955
1075.26
1075.565
1075.87
1076.175
1076.48
1076.785
1077.087
1078.032
1078.303
1078.574
1078.845
1079.116
1079.387
1079.658
1079.929
1080.198
1081.95
1082.314
1082.678
1083.042
1083.406
1083.77
1084.113
1084.456
1084.8
1085.41
1086.02
1086.63
1087.24
1087.508
1087.776
1088.044
1088.312
1088.58
1088.848
1089.116
1089.384
1089.65
1090.443
1091.236
1091.523
1091.81
1092.097
1092.384
1092.671
1092.958
1093.245
1093.53
1094.81
1095.083
1095.356
1095.629
1095.902
1096.175
1096.448
1096.721
1096.992
1098.35
1098.503
1098.656
1098.809
1098.962
1099.115
1099.268
1099.421
1099.574
1099.724
1099.968
1102.994
1103.23
1103.466
1103.702
1103.938
1104.174
1104.41
1106.41
1106.97
1107.53
1107.836
1108.142
1108.448
1108.755
1109.062
1109.368
1109.674
1109.982
1112.142
1112.643
1112.885
1113.127
1113.369
1113.611
1113.853
1114.095
1114.337
1114.579
1114.821
1115.058
1116.116
1118.561
1118.849
1119.137
1119.425
1119.713
1120.001
1120.289
1120.577
1120.865
1121.154
1121.519
1121.884
1122.249
1122.615
1124.08
1124.475
1124.87
1125.265
1125.66
1126.019
1126.378
1126.737
1127.096
1127.455
1127.814
1128.173
1128.532
1128.891
1129.25
1129.61
1129.862
1130.114
1130.366
1130.618
1130.87
1131.122
1131.374
1131.626
1131.878
1132.13
1132.38
1133.037
1133.694
1134.351
1135.008
1135.665
1136.322
1136.979
1137.636
1138.293
1138.95
1139.61
1140.158
1140.706
1141.254
1141.802
1142.35
1142.898
1143.446
1143.994
1144.542
1145.09
1145.633
1145.966
1146.299
1146.632
1146.965
1147.298
1147.629
1148.019
1148.409
1148.799
1149.189
1149.579
1149.967
1150.234
1150.501
1150.768
1151.035
1151.302
1151.569
1151.835
1152.098
1152.361
1152.624
1152.887
1153.15
1153.413
1153.675
1153.904
1154.133
1154.362
1154.591
1154.82
1155.05
1155.474
1155.898
1156.322
1156.746
1157.17
1157.594
1158.018
1158.442
1158.87
1159.079
1159.288
1159.497
1159.706
1159.915
1160.124
1160.333
1160.542
1160.751
1160.96
1161.17
1161.865
1162.56
1163.255
1163.95
1164.429
1164.908
1165.387
1165.866
1166.345
1166.824
1167.303
1167.78
1168.884
1169.988
1171.092
1172.196
1173.3
1173.712
1174.124
1174.536
1174.948
1175.36
1175.77
1176.693
1177.615
1178.537
1179.46
1179.685
1179.91
1180.135
1180.36
1180.636
1180.912
1181.188
1181.464
1181.74
1182.15
1182.56
1182.97
1183.38
1183.79
1184.2
1184.61
1185.02
1185.337
1185.654
1185.971
1186.288
1186.605
1186.922
1187.239
1187.556
1187.873
1188.19
1188.51
1188.967
1189.424
1189.881
1190.338
1190.795
1191.25
1191.715
1192.18
1192.645
1193.11
1193.575
1194.04
1194.505
1194.97
1195.435
1195.9
1196.365
1196.83
1197.3
1197.721
1198.142
1198.563
1198.984
1199.405
1199.827
1200.652
1201.477
1202.302
1203.127
1203.95
1204.353
1204.756
1205.159
1205.562
1205.965
1206.368
1206.77
1207.379
1207.988
1208.597
1209.179
1209.761
1210.343
1210.925
1211.507
1212.089
1212.671
1213.253
1215.864
1216.596
1217.328
1218.06
1218.792
1219.524
1220.256
1220.988
1221.72
1222.45
1222.792
1223.134
1223.476
1223.818
1224.16
1224.502
1224.844
1225.186
1225.53
1225.815
1226.1
1226.385
1226.67
1226.955
1227.24
1227.525
1227.81
1228.095
1228.38
1228.66
1229.003
1229.346
1229.689
1230.032
1230.375
1230.718
1231.061
1231.404
1231.745
1231.905
1232.065
1232.225
1232.385
1232.545
1232.704
1232.898
1233.092
1233.286
1233.48
1233.674
1233.868
1234.062
1234.256
1234.45
1234.644
1234.838
1235.036
1235.239
1235.442
1235.645
1235.848
1236.051
1236.254
1236.457
1236.66
1236.866
1237.071
1237.276
1237.481
1237.686
1237.891
1238.096
1238.301
1238.506
1238.711
1238.916
1239.116
1239.345
1239.574
1239.803
1240.032
1240.26
1240.435
1240.61
1240.785
1240.96
1241.135
1241.31
1241.485
1241.66
1241.835
1242.01
1242.218
1242.426
1242.634
1242.842
1243.051
1243.8
1244.549
1245.298
1246.047
1246.796
1247.545
1248.294
1249.043
1249.792
1250.54
1250.765
1250.99
1251.215
1251.44
1251.569
1251.698
1251.827
1251.956
1252.085
1252.214
1252.34
1252.485
1252.63
1252.775
1252.92
1253.12
1253.32
1253.52
1253.72
1254.261
1255.163
1256.065
1256.967
1257.869
1258.77
1259.021
1259.272
1259.523
1259.774
1260.025
1260.276
1260.527
1260.78
1261.82
1262.744
1263.668
1264.592
1265.516
1266.44
1267.364
1268.288
1269.212
1270.14
1270.575
1271.01
1271.445
1271.88
1272.315
1272.75
1273.185
1273.62
1274.055
1274.49
1274.92
1275.363
1275.806
1276.25
1277.031
1277.812
1278.593
1279.374
1280.155
1280.936
1281.717
1282.498
1283.28
1283.751
1284.222
1284.693
1285.164
1285.635
1286.106
1286.577
1287.16
1287.478
1287.796
1288.114
1288.432
1288.75
1289.068
1289.386
1289.704
1290.022
1290.34
1290.658
1290.98
1291.502
1292.024
1292.546
1293.068
1293.59
1294.112
1294.635
1295.773
1296.91
1297.283
1297.655
1298.027
1298.4
1298.838
1299.276
1299.714
1300.152
1300.59
1301.028
1301.466
1301.904
1302.342
1302.78
1303.22
1303.634
1304.048
1304.462
1304.876
1305.29
1305.592
1305.894
1306.196
1306.498
1306.799
1307.715
1307.975
1308.235
1308.495
1308.756
1309.813
1310.87
1311.095
1311.32
1311.545
1311.77
1311.995
1312.22
1312.445
1312.67
1312.895
1313.12
1313.345
1313.57
1313.79
1314.979
1316.168
1317.357
1318.546
1319.735
1320.924
1322.113
1323.3
1325.08
1326.673
1328.265
1329.326
1330.387
1331.448
1332.51
1333.23
1333.95
1334.67
1335.39
1336.11
1336.83
1337.684
1338.538
1339.392
1340.246
1341.1
1341.954
1342.808
1343.665
1343.989
1344.313
1344.637
1344.961
1345.285
1345.61
1345.873
1346.136
1346.4
1346.896
1347.392
1347.888
1348.384
1348.88
1349.376
1349.872
1350.368
1350.864
1351.36
1352.033
1352.706
1353.379
1354.052
1354.725
1355.4
1356.576
1357.752
1358.928
1360.104
1361.28
1362.456
1363.632
1364.808
1365.985
1366.485
1366.97
1367.455
1367.94
1368.425
1368.91
1369.395
1370.042
1370.689
1371.335
1372.263
1373.191
1374.119
1375.047
1375.975
1376.903
1377.831
1378.759
1379.687
1380.615
1381.542
1382.33
1383.118
1383.906
1384.694
1385.48
1385.73
1385.98
1386.23
1386.697
1387.164
1387.631
1388.098
1388.565
1389.032
1389.5
1389.974
1390.448
1390.922
1391.396
1391.84
1392.283
1393.303
1394.324
1394.971
1395.618
1396.265
1396.912
1397.559
1398.206
1398.853
1399.5
1399.743
1399.986
1400.229
1400.472
1400.715
1400.958
1401.201
1401.444
1401.687
1401.93
1402.146
1402.362
1402.578
1402.794
1403.01
1403.226
1403.442
1403.658
1403.874
1404.09
1404.306
1404.52
1404.98
1405.44
1405.9
1406.361
1406.822
1407.283
1407.547
1407.811
1408.075
1408.339
1408.603
1408.867
1409.131
1409.395
1409.659
1409.919
1410.086
1410.253
1410.42
1410.587
1410.754
1410.921
1411.085
1411.296
1411.507
1411.718
1411.929
1412.14
1412.351
1412.56
1412.944
1413.328
1413.712
1414.096
1414.48
1414.864
1415.25
1415.647
1416.044
1416.441
1416.838
1417.235
1417.632
1418.029
1418.426
1418.823
1419.22
1419.62
1419.951
1420.282
1420.613
1420.944
1421.275
1421.606
1421.937
1422.268
1422.599
1422.932
1423.321
1423.71
1424.099
1424.488
1424.877
1425.266
1425.655
1426.047
1426.297
1426.547
1426.797
1427.047
1427.297
1427.547
1427.76
1427.973
1428.186
1428.399
1428.612
1428.824
1429.561
1430.297
1431.034
1431.77
1433.243
1434.716
1436.189
1436.81
1437.431
1438.052
1438.673
1439.293
1444.389
1449.485
1454.58
1456.618
1458.656
1460.694
1462.732
1464.77
1465.382
1465.995
1466.607
1467.22
1467.473
1467.726
1467.979
1468.232
1468.485
1468.738
1468.991
1469.244
1469.497
1469.75
1470.034
1470.318
1470.602
1470.886
1471.17
1471.454
1471.738
1472.022
1472.306
1472.59
1472.874
1473.16
1474.105
1475.05
1475.56
1476.07
1476.58
1477.09
1477.6
1478.11
1478.62
1479.13
1479.64
1480.15
1480.66
1481.17
1481.507
1481.844
1482.181
1482.518
1482.855
1483.192
1483.529
1483.866
1484.203
1484.54
1484.877
1485.212
1487.11
1487.57
1488.03
1488.49
1489.799
1491.108
1492.417
1493.726
1495.035
1496.344
1497.65
1498.041
1498.432
1498.823
1499.214
1499.605
1499.996
1500.387
1500.78
1501.116
1501.452
1501.788
1502.124
1502.46
1502.796
1503.13
1503.286
1503.442
1503.598
1503.754
1503.91
1504.066
1504.222
1504.38
1504.764
1505.148
1505.532
1505.916
1506.3
1506.684
1507.068
1507.452
1507.836
1508.22
1508.604
1508.988
1509.372
1509.75
1510.146
1510.542
1510.938
1511.334
1511.73
1512.126
1512.522
1512.918
1513.31
1513.634
1513.958
1514.282
1514.606
1514.93
1515.254
1515.578
1515.902
1516.226
1516.55
1516.874
1517.198
1517.522
1517.85
1518.817
1519.784
1520.752
1521.72
1522.325
1522.93
1523.535
1524.14
1524.414
1524.688
1524.962
1525.236
1525.51
1525.784
1526.058
1526.334
1526.505
1526.676
1526.847
1527.018
1527.189
1527.36
1527.531
1527.702
1527.875
1528.077
1528.279
1528.481
1528.683
1528.885
1529.087
1529.289
1529.491
1529.693
1529.895
1530.097
1530.3
1531.492
1532.684
1533.876
1535.069
1535.324
1535.579
1535.834
1536.089
1536.344
1536.599
1536.854
1537.11
1537.413
1537.716
1538.019
1538.322
1538.625
1538.928
1539.231
1539.534
1539.84
1540.394
1540.948
1541.502
1542.056
1542.61
1543.164
1543.718
1544.272
1544.826
1545.38
1545.934
1546.488
1547.042
1547.596
1548.15
1548.92
1549.69
1550.46
1551.23
1551.458
1551.686
1551.914
1552.142
1552.37
1552.727
1553.084
1553.441
1553.798
1554.155
1554.51
1554.812
1555.114
1555.416
1555.718
1556.02
1556.322
1556.624
1556.926
1557.228
1557.534
1557.745
1557.956
1558.167
1558.378
1558.589
1558.8
1559.011
1559.222
1559.43
1559.783
1560.135
1560.487
1560.84
1561.192
1561.544
1561.897
1562.249
1562.601
1562.955
1563.193
1563.431
1563.669
1563.908
1564.146
1564.386
1564.59
1564.794
1564.998
1565.202
1565.406
1565.61
1565.817
1566.115
1566.413
1566.711
1567.009
1567.307
1567.605
1567.903
1568.204
1568.417
1568.63
1568.843
1569.056
1569.269
1569.482
1569.695
1569.908
1570.12
1570.501
1570.882
1571.263
1571.644
1572.025
1572.406
1572.79
1573.57
1573.82
1574.07
1574.32
1576.578
1578.836
1581.094
1581.519
1581.944
1582.369
1582.794
1583.219
1583.644
1584.07
1584.272
1584.474
1584.676
1584.878
1585.08
1585.282
1585.484
1585.686
1585.888
1586.086
1586.361
1586.636
1586.911
1587.186
1587.461
1587.736
1588.011
1588.286
1588.561
1588.836
1589.111
1589.389
1589.569
1589.749
1589.93
1590.188
1590.446
1590.703
1590.96
1591.143
1591.326
1591.509
1591.692
1591.875
1592.058
1592.241
1592.424
1592.607
1592.793
1593.025
1593.257
1593.489
1593.721
1593.953
1594.185
1594.417
1594.649
1594.881
1595.113
1595.345
1595.577
1595.809
1596.04
1596.29
1596.54
1596.79
1597.04
1597.29
1597.54
1598.45
1598.638
1598.825
1599.013
1599.2
1599.388
1599.575
1599.763
1599.95
1600.433
1600.916
1601.399
1601.882
1602.365
1602.846
1603.155
1603.464
1603.773
1604.082
1604.391
1604.7
1605.009
1605.32
1605.713
1606.106
1606.499
1606.892
1607.285
1607.68
1608.34
1609.0
1609.66
1610.32
1610.98
1611.64
1612.3
1612.96
1613.62
1613.879
1614.138
1614.397
1614.656
1614.915
1615.175
1615.426
1615.677
1615.928
1616.179
1616.43
1616.681
1616.932
1617.18
1617.638
1618.096
1618.554
1619.012
1619.47
1619.93
1620.602
1621.274
1621.946
1622.618
1623.29
1623.962
1624.634
1625.306
1625.978
1626.65
1627.327
1627.521
1627.715
1627.909
1628.103
1628.297
1628.491
1628.685
1628.879
1629.073
1629.267
1629.461
1629.66
1629.88
1630.1
1630.32
1630.54
1630.76
1630.98
1631.201
1631.678
1632.155
1632.631
1633.108
1633.584
1634.06
1634.277
1634.494
1634.711
1634.928
1635.145
1635.274
1635.403
1635.533
1635.662
1635.792
1635.921
1636.051
1636.18
1636.31
1636.44
1636.74
1637.04
1637.34
1637.592
1637.844
1638.096
1638.348
1638.6
1638.852
1639.104
1639.356
1639.608
1639.86
1640.112
1640.364
1640.616
1641.619
1642.621
1643.624
1644.627
1645.63
1646.633
1647.636
1648.636
1649.152
1649.668
1650.184
1650.7
1651.217
1651.475
1651.733
1651.991
1652.249
1652.507
1652.765
1653.023
1653.281
1653.539
1653.797
1654.052
1654.376
1654.7
1655.024
1655.492
1655.96
1656.168
1656.376
1656.584
1656.792
1657.0
1657.208
1657.416
1657.624
1657.835
1658.27
1658.705
1659.14
1659.575
1660.01
1660.444
1660.755
1661.066
1661.377
1661.688
1661.999
1662.31
1662.621
1662.932
1663.24
1663.82
1664.189
1664.558
1664.927
1665.296
1665.665
1666.034
1666.4
1666.864
1667.328
1667.792
1668.256
1668.72
1669.182
1671.597
1671.839
1672.081
1672.323
1672.565
1672.807
1673.049
1673.291
1673.53
1673.865
1674.2
1674.534
1675.221
1675.908
1676.595
1677.282
1677.969
1678.656
1679.343
1680.03
1680.72
1681.061
1681.402
1681.743
1682.084
1682.425
1682.766
1683.107
1683.445
1683.628
1683.811
1683.994
1684.177
1684.36
1684.543
1684.726
1684.909
1685.092
1685.275
1685.458
1685.641
1685.82
1685.981
1686.142
1686.303
1686.464
1686.625
1686.786
1686.947
1687.108
1687.269
1687.434
1687.675
1687.916
1688.157
1688.398
1688.639
1688.88
1689.121
1689.362
1689.6
1690.054
1690.508
1690.962
1691.416
1691.87
1692.324
1692.78
1692.999
1693.218
1693.437
1693.659
1693.881
1694.103
1694.325
1694.547
1694.77
1694.998
1695.226
1695.454
1695.682
1695.91
1696.14
1696.322
1696.504
1696.686
1696.87
1697.061
1697.252
1697.443
1697.634
1697.825
1698.016
1698.207
1698.398
1698.589
1698.78
1698.971
1699.162
1699.35
1700.203
1701.056
1701.91
1702.089
1702.268
1702.447
1702.626
1702.805
1702.984
1703.16
1703.67
1704.18
1704.659
1705.138
1705.617
1706.096
1706.575
1707.054
1707.533
1708.012
1708.491
1708.97
1709.45
1709.807
1710.164
1710.521
1710.878
1711.235
1711.592
1711.949
1712.306
1712.663
1713.02
1713.377
1713.734
1714.09
1714.571
1715.052
1715.533
1716.014
1716.495
1716.976
1717.457
1717.938
1718.42
1719.586
1720.752
1721.918
1723.084
1724.25
1725.417
1726.564
1727.711
1728.859
1730.34
1731.821
1733.302
1734.783
1736.264
1742.681
1742.931
1743.181
1743.43
1743.805
1744.18
1745.05
1745.92
1746.79
1747.659
1748.755
1749.851
1750.947
1752.043
1753.14
1753.497
1753.854
1754.21
1754.644
1755.078
1755.512
1755.946
1756.38
1756.814
1757.248
1757.681
1757.881
1758.081
1758.281
1758.481
1758.68
1759.225
1759.77
1760.315
1760.86
1761.226
1761.592
1761.958
1762.324
1762.69
1763.084
1763.478
1763.872
1764.266
1764.66
1765.054
1765.45
1765.734
1766.018
1766.302
1766.586
1766.87
1767.12
1767.37
1767.62
1767.87
1768.12
1768.3
1768.48
1768.661
1768.958
1769.255
1769.552
1769.849
1770.146
1770.443
1770.74
1771.037
1771.334
1771.631
1771.928
1772.23
1772.658
1773.086
1773.514
1773.942
1774.37
1774.674
1774.978
1775.282
1775.586
1775.89
1776.194
1776.498
1776.8
1777.115
1777.43
1777.745
1778.06
1778.375
1778.69
1779.005
1779.32
1779.581
1779.842
1780.103
1780.364
1780.625
1780.886
1781.15
1781.53
1781.91
1782.29
1782.67
1783.05
1783.483
1783.916
1784.349
1784.782
1785.215
1785.648
1786.08
1786.484
1786.888
1787.292
1787.696
1788.1
1788.504
1788.91
1793.3
1793.65
1794.0
1794.35
1794.7
1795.05
1795.4
1795.747
1795.936
1796.125
1796.314
1796.503
1796.692
1796.881
1797.07
1797.259
1797.448
1797.637
1797.83
1798.132
1798.435
1798.737
1799.04
1799.342
1799.645
1799.947
1800.25
1800.532
1800.814
1801.096
1801.379
1801.583
1801.787
1801.991
1802.195
1802.399
1802.603
1802.807
1803.011
1803.215
1803.42
1803.83
1804.24
1804.65
1804.883
1805.116
1805.349
1805.582
1805.815
1806.048
1806.281
1806.514
1806.747
1806.98
1807.288
1807.596
1807.904
1808.212
1808.52
1808.828
1809.136
1809.444
1809.752
1810.06
1810.368
1810.676
1810.99
1811.671
1812.352
1813.033
1813.714
1814.395
1815.076
1815.76
1816.046
1816.332
1816.618
1816.904
1817.19
1817.476
1817.762
1818.05
1818.34
1818.63
1818.92
1819.21
1819.5
1819.79
1820.08
1820.37
1820.66
1820.95
1821.24
1821.53
1822.101
1822.672
1823.243
1823.814
1824.385
1824.956
1825.312
1825.668
1826.024
1826.38
1826.736
1827.092
1827.448
1827.804
1828.16
1828.781
1829.402
1830.023
1830.644
1831.265
1831.886
1832.507
1833.128
1833.749
1834.37
1834.99
1836.07
1837.15
1838.23
1839.31
1840.39
1840.943
1841.496
1842.05
1842.655
1843.26
1843.865
1844.47
1844.95
1845.43
1845.91
1846.39
1846.87
1847.35
1847.572
1847.794
1848.016
1848.238
1848.458
1850.119
1851.78
1853.44
1854.084
1854.728
1855.372
1856.016
1856.66
1857.304
1857.95
1858.52
1859.09
1859.66
1860.513
1861.365
1862.217
1863.07
1864.719
1866.368
1868.017
1869.666
1871.315
1872.962
1873.148
1873.334
1873.52
1873.706
1873.892
1874.078
1874.264
1874.45
1874.75
1875.05
1875.35
1875.775
1876.2
1876.625
1877.05
1877.475
1877.9
1878.325
1878.75
1878.944
1879.138
1879.332
1879.526
1879.72
1879.914
1880.108
1880.302
1880.5
1880.706
1880.912
1881.118
1881.324
1881.53
1881.736
1881.942
1882.148
1882.35
1882.544
1882.738
1882.932
1883.126
1883.32
1883.514
1883.708
1883.9
1884.15
1884.393
1884.636
1884.879
1885.122
1885.365
1885.608
1885.854
1886.1
1886.346
1886.592
1886.838
1887.084
1887.33
1887.576
1887.825
1888.077
1888.329
1888.581
1888.833
1889.085
1889.337
1889.59
1889.925
1890.26
1890.595
1890.93
1891.265
1891.6
1891.907
1892.214
1892.521
1892.828
1893.135
1893.44
1893.63
1893.82
1894.01
1894.2
1894.39
1894.58
1894.955
1895.33
1895.705
1896.08
1896.455
1897.308
1898.161
1899.014
1899.867
1900.72
1901.573
1902.426
1903.281
1904.023
1904.765
1905.507
1906.249
1906.99
1907.603
1908.216
1908.83
1909.114
1909.398
1909.682
1909.966
1910.25
1910.534
1910.818
1911.102
1911.386
1911.67
1912.974
1914.278
1915.582
1916.886
1918.19
1918.51
1918.83
1919.15
1919.47
1919.918
1920.366
1920.814
1921.262
1921.71
1922.375
1923.04
1923.705
1924.37
1925.212
1926.054
1926.896
1927.738
1928.582
1930.0
1930.321
1930.642
1930.963
1931.284
1931.605
1931.926
1932.247
1932.57
1932.895
1933.22
1933.545
1933.87
1934.195
1934.52
1935.074
1935.628
1936.182
1936.736
1937.29
1937.844
1938.398
1938.95
1940.074
1941.198
1942.322
1943.446
1944.57
1944.932
1945.294
1945.656
1946.018
1946.38
1946.74
1947.638
1948.536
1949.434
1950.332
1951.23
1952.128
1953.026
1953.924
1954.82
1955.07
1955.32
1955.57
1955.82
1956.07
1956.445
1956.82
1957.195
1957.57
1957.945
1958.32
1959.68
1960.2
1960.72
1961.24
1961.76
1962.28
1962.8
1963.178
1963.556
1963.934
1964.312
1964.69
1965.068
1965.446
1965.824
1966.202
1966.58
1967.136
1967.692
1968.248
1968.804
1969.36
1969.916
1970.47
1970.727
1970.984
1971.241
1971.498
1971.755
1972.066
1972.377
1972.688
1972.999
1973.31
1973.62
1973.865
1974.11
1974.355
1974.6
1975.376
1976.152
1976.928
1977.704
1978.48
1979.256
1980.032
1980.808
1981.584
1982.36
1983.14
1983.444
1983.748
1984.052
1984.356
1984.66
1985.172
1985.684
1986.196
1986.707
1987.29
1987.607
1987.924
1988.24
1988.704
1989.168
1989.632
1990.096
1990.56
1991.354
1992.148
1992.942
1993.736
1994.53
1994.921
1995.312
1995.703
1996.094
1996.485
1996.876
1997.267
1997.658
1998.049
1998.44
1998.831
1999.222
1999.61
1999.846
2000.082
2000.318
2000.554
2000.79
2001.23
2001.67
2002.11
2002.55
2002.99
2003.43
2003.87
2004.233
2004.596
2004.96
2006.61
2008.26
2009.91
2011.559
2012.192
2012.825
2013.458
2014.091
2014.724
2015.357
2015.99
2016.741
2017.492
2018.243
2018.994
2019.745
2020.496
2021.25
2021.799
2022.348
2022.897
2023.446
2023.995
2024.544
2025.093
2025.639
2025.903
2026.167
2026.43
2026.796
2027.162
2027.528
2027.894
2028.26
2028.626
2028.992
2029.358
2029.724
2030.09
2030.463
2030.836
2031.209
2031.582
2031.955
2032.328
2032.7
2033.086
2033.472
2033.858
2034.244
2034.63
2035.016
2035.402
2035.788
2036.174
2036.56
2036.95
2037.208
2037.466
2037.724
2037.982
2038.24
2038.469
2038.698
2038.927
2039.156
2039.385
2039.614
2039.843
2040.072
2040.301
2040.53
2040.759
2040.988
2041.217
2041.446
2041.675
2041.91
2042.079
2042.248
2042.417
2042.586
2042.755
2042.924
2043.093
2043.262
2043.431
2043.6
2043.77
2044.022
2044.274
2044.526
2044.778
2045.03
2045.28
2045.519
2045.758
2045.997
2046.236
2046.475
2046.714
2046.953
2047.192
2047.431
2047.67
2047.91
2048.235
2048.56
2048.885
2049.21
2049.535
2049.86
2050.185
2050.51
2050.788
2051.066
2051.344
2051.622
2051.9
2052.178
2052.456
2052.734
2053.012
2053.29
2054.247
2055.204
2056.161
2057.118
2058.075
2059.032
2059.989
2060.378
2060.767
2061.156
2061.545
2061.934
2062.323
2062.71
2063.55
2064.39
2065.23
2066.07
2066.91
2067.75
2068.59
2069.43
2070.27
2070.982
2071.694
2072.406
2073.118
2073.83
2074.542
2075.254
2075.969
2076.401
2076.833
2077.265
2077.697
2078.129
2078.561
2078.993
2079.426
2079.644
2079.862
2080.081
2080.3
2081.313
2082.326
2083.34
2084.303
2085.266
2086.23
2086.522
2086.814
2087.106
2087.398
2087.69
2087.94
2088.19
2088.44
2088.69
2088.94
2089.19
2089.44
2089.69
2090.081
2090.472
2090.863
2091.254
2091.645
2092.036
2092.427
2092.815
2093.041
2093.267
2093.493
2093.719
2093.945
2094.171
2094.397
2094.623
2094.849
2095.075
2095.301
2095.527
2095.75
2095.978
2096.206
2096.434
2096.662
2096.89
2097.118
2097.346
2097.574
2097.802
2098.03
2098.258
2098.486
2098.72
2099.09
2099.46
2099.83
2100.2
2100.57
2100.82
2101.07
2101.447
2101.824
2102.201
2102.578
2102.955
2103.332
2103.71
2104.066
2104.422
2104.778
2105.134
2105.49
2105.846
2106.2
2106.695
2107.19
2107.992
2108.794
2109.596
2110.399
2110.603
2110.807
2111.011
2111.215
2111.419
2111.623
2111.827
2112.031
2112.235
2112.44
2112.639
2112.838
2113.037
2113.236
2113.434
2113.988
2114.542
2115.096
2115.65
2116.204
2116.758
2117.31
2117.85
2118.39
2118.628
2118.866
2119.104
2119.342
2119.58
2119.818
2120.056
2120.281
2120.506
2120.731
2120.956
2121.181
2121.406
2121.63
2122.245
2122.86
2123.475
2124.091
2124.316
2124.541
2124.766
2124.991
2125.216
2125.441
2125.666
2125.891
2126.116
2126.34
2126.792
2127.244
2127.696
2128.148
2128.6
2129.052
2129.504
2129.956
2130.41
2130.87
2131.33
2131.914
2132.498
2133.082
2133.666
2134.25
2135.234
2136.218
2137.202
2138.186
2139.17
2140.154
2141.138
2142.122
2143.106
2144.09
2144.418
2144.746
2145.075
2145.836
2146.597
2147.358
2148.12
2148.41
2148.7
2148.99
2149.28
2149.57
2149.86
2150.15
2150.615
2151.08
2151.545
2152.01
2152.475
2152.94
2153.405
2153.87
2154.335
2154.8
2155.036
2155.272
2155.508
2155.744
2155.98
2156.216
2156.452
2156.688
2156.924
2157.16
2157.396
2157.632
2157.868
2158.104
2158.34
2158.58
2158.805
2159.03
2159.255
2159.48
2161.696
2163.912
2166.128
2168.344
2170.56
2171.02
2171.48
2171.94
2172.4
2172.86
2173.32
2173.78
2174.24
2174.7
2175.16
2175.62
2176.08
2176.696
2177.312
2177.928
2178.544
2179.16
2179.776
2180.392
2181.01
2181.271
2181.532
2181.793
2182.054
2182.315
2182.576
2182.837
2183.098
2183.359
2183.62
2183.88
2184.152
2184.424
2184.696
2184.968
2185.24
2185.687
2186.134
2186.581
2187.028
2187.475
2187.92
2188.255
2188.59
2188.925
2189.26
2189.595
2189.93
2190.265
2190.6
2190.935
2191.27
2191.605
2191.94
2192.753
2193.566
2194.379
2195.192
2196.005
2196.82
2197.46
2198.1
2198.74
2199.38
2200.02
2200.66
2201.3
2201.94
2202.155
2202.37
2202.585
2202.8
2203.015
2203.23
2203.445
2203.66
2203.875
2204.09
2204.31
2204.532
2204.754
2204.976
2205.198
2205.42
2205.642
2205.864
2206.086
2206.31
2206.541
2206.772
2207.003
2207.234
2207.465
2207.696
2207.927
2208.158
2208.389
2208.741
2209.093
2209.445
2209.796
2210.453
2211.11
2211.767
2212.424
2213.079
2214.774
2215.079
2215.384
2215.69
2218.084
2220.479
2220.739
2220.999
2221.259
2221.52
2221.718
2221.916
2222.114
2222.312
2222.51
2222.708
2222.906
2223.104
2223.302
2223.5
2223.698
2223.9
2224.246
2224.592
2224.938
2225.284
2225.63
2226.082
2226.534
2226.986
2227.438
2227.89
2228.342
2228.794
2229.246
2229.698
2230.15
2230.6
2231.33
2231.681
2232.032
2232.383
2232.734
2233.085
2233.436
2233.787
2234.138
2234.49
2235.021
2235.552
2236.083
2236.614
2237.145
2237.676
2238.207
2238.738
2239.269
2239.8
2240.21
2240.62
2241.03
2241.44
2241.85
2242.77
2243.69
2244.61
2245.12
2245.63
2246.14
2246.65
2247.16
2247.67
2248.18
2248.692
2249.42
2250.148
2250.876
2251.604
2252.33
2252.795
2253.26
2253.493
2253.726
2253.959
2254.19
2254.237
2254.284
2254.33
2254.532
2254.734
2254.936
2255.138
2255.34
2255.587
2255.834
2256.081
2256.328
2256.575
2256.82
2257.172
2257.524
2257.876
2258.228
2258.58
2258.932
2259.284
2259.636
2259.988
2260.34
2260.61
2260.88
2261.15
2261.42
2261.69
2262.957
2264.224
2265.492
2266.76
2268.028
2269.295
2270.562
2271.83
2272.075
2272.32
2272.565
2272.81
2273.055
2273.3
2273.545
2273.79
2274.035
2274.28
2274.52
2274.758
2274.996
2275.234
2275.472
2275.71
2275.95
2276.258
2276.566
2276.874
2277.182
2277.49
2277.798
2278.106
2278.414
2278.722
2279.03
2279.416
2279.802
2280.188
2280.574
2280.96
2281.346
2281.732
2282.118
2282.504
2282.89
2283.276
2283.659
2283.839
2284.019
2284.2
2284.565
2284.93
2285.295
2285.66
2286.025
2286.39
2286.755
2287.12
2287.485
2287.85
2288.215
2288.58
2288.94
2289.178
2289.416
2289.654
2289.892
2290.13
2290.368
2290.606
2290.844
2291.082
2291.32
2291.558
2291.8
2292.017
2292.234
2292.452
2292.669
2292.886
2293.104
2293.322
2293.54
2294.284
2295.028
2295.772
2296.516
2297.26
2298.004
2298.75
2299.055
2299.36
2299.665
2299.97
2300.275
2300.58
2300.862
2301.144
2301.426
2301.708
2301.988
2302.37
2302.752
2303.134
2303.516
2303.9
2304.888
2305.876
2306.864
2307.852
2308.84
2309.83
2310.237
2310.644
2311.051
2311.458
2311.865
2312.272
2312.708
2313.144
2313.58
2313.951
2314.322
2314.693
2315.064
2315.435
2315.806
2316.18
2316.6
2317.02
2317.44
2317.86
2318.28
2318.7
2319.12
2319.54
2319.96
2320.38
2320.8
2321.219
2321.439
2321.659
2321.879
2322.099
2322.319
2322.539
2322.76
2322.979
2323.198
2323.417
2323.636
2323.855
2324.074
2324.293
2324.512
2324.73
2325.24
2325.75
2326.26
2326.77
2327.28
2327.446
2327.612
2327.778
2327.944
2328.11
2328.276
2328.442
2328.608
2328.774
2328.94
2329.106
2329.269
2329.489
2329.709
2329.929
2330.149
2330.369
2330.589
2330.81
2331.14
2331.47
2331.8
2332.13
2332.46
2332.932
2333.404
2333.876
2334.161
2334.446
2334.731
2335.016
2335.301
2335.586
2335.871
2336.156
2336.441
2336.726
2336.913
2337.1
2337.287
2337.474
2337.661
2337.85
2338.597
2339.344
2340.091
2340.838
2341.585
2342.333
2342.59
2342.847
2343.104
2343.361
2343.618
2343.874
2344.064
2344.254
2344.444
2344.634
2344.824
2345.014
2345.204
2345.394
2345.584
2345.774
2345.962
2346.23
2346.498
2346.766
2347.034
2347.302
2347.57
2347.838
2348.106
2348.374
2348.642
2348.91
2349.176
2349.417
2349.658
2349.899
2350.14
2350.381
2350.622
2350.876
2351.13
2351.384
2351.638
2351.892
2352.146
2352.4
2352.724
2353.048
2353.372
2353.696
2354.02
2354.344
2354.671
2354.962
2355.253
2355.544
2355.836
2356.127
2356.42
2356.642
2356.864
2357.086
2357.308
2357.53
2357.858
2358.186
2358.514
2358.842
2359.17
2359.498
2359.826
2360.154
2360.482
2360.81
2361.047
2361.284
2361.521
2361.758
2361.995
2362.232
2362.47
2362.789
2363.108
2363.427
2363.746
2364.065
2364.384
2364.7
2364.967
2365.234
2365.501
2365.768
2366.035
2366.3
2366.641
2366.982
2367.323
2367.664
2368.005
2368.346
2368.687
2369.028
2369.369
2369.71
2370.05
2370.99
2371.257
2371.524
2371.791
2372.058
2372.325
2372.592
2372.859
2373.126
2373.393
2373.66
2374.237
2374.814
2375.391
2375.97
2376.198
2376.426
2376.654
2376.882
2377.11
2377.338
2377.566
2377.794
2378.022
2378.692
2379.362
2380.032
2380.702
2381.372
2382.042
2382.712
2383.38
2383.622
2383.864
2384.106
2384.348
2384.59
2384.832
2385.074
2385.316
2385.558
2385.8
2386.042
2386.28
2386.776
2387.272
2387.768
2388.264
2388.76
2389.256
2389.752
2390.251
2395.46
2395.671
2395.882
2396.093
2396.304
2396.515
2396.726
2396.937
2397.148
2397.359
2397.57
2397.781
2397.99
2398.275
2398.56
2398.845
2399.13
2399.415
2399.7
2399.985
2400.27
2400.555
2400.84
2401.286
2401.732
2402.178
2402.624
2403.07
2403.516
2403.962
2404.408
2404.854
2405.3
2405.75
2406.123
2406.496
2406.869
2407.242
2407.615
2407.988
2408.361
2408.734
2409.11
2409.672
2410.234
2410.796
2411.358
2411.92
2412.482
2413.044
2413.606
2414.168
2414.73
2415.292
2415.854
2416.317
2416.78
2417.343
2417.906
2418.469
2419.032
2419.595
2420.16
2420.66
2421.16
2421.66
2422.16
2422.785
2423.41
2424.035
2424.66
2425.325
2425.99
2426.655
2427.32
2428.428
2429.536
2430.644
2431.752
2432.86
2433.535
2434.21
2434.885
2435.56
2435.854
2436.148
2436.442
2436.735
2436.933
2437.131
2437.329
2437.527
2437.725
2437.923
2438.121
2438.319
2438.517
2438.718
2439.901
2441.084
2442.267
2443.45
2443.747
2444.044
2444.341
2444.639
2444.937
2445.235
2445.533
2445.831
2446.129
2446.427
2446.725
2447.02
2447.333
2447.646
2447.959
2448.272
2448.585
2448.9
2449.241
2449.582
2449.923
2450.264
2450.605
2450.946
2451.287
2451.628
2451.969
2452.31
2452.651
2452.992
2453.33
2453.592
2453.854
2454.116
2454.378
2454.64
2454.9
2455.173
2455.446
2455.719
2455.992
2456.265
2456.538
2456.811
2457.084
2457.36
2457.716
2458.072
2458.428
2458.784
2459.14
2459.496
2459.85
2460.247
2460.644
2461.041
2461.438
2461.835
2462.23
2462.584
2462.938
2463.292
2463.646
2464.0
2464.354
2464.708
2465.062
2465.416
2465.77
2466.066
2466.362
2466.658
2466.954
2467.25
2467.546
2467.842
2468.14
2468.54
2468.94
2469.34
2469.74
2470.14
2470.54
2470.94
2471.34
2471.74
2471.969
2472.198
2472.427
2472.656
2472.885
2473.114
2473.343
2473.57
2473.948
2474.326
2474.704
2475.082
2475.46
2475.838
2476.216
2476.594
2476.972
2477.35
2477.679
2478.008
2478.337
2478.666
2478.995
2479.324
2479.653
2479.982
2480.311
2480.64
2480.969
2481.3
2481.55
2481.8
2482.05
2482.3
2482.55
2482.8
2483.05
2483.3
2483.505
2483.71
2483.915
2484.12
2484.325
2484.53
2484.735
2484.94
2485.145
2485.35
2485.55
2485.843
2486.136
2486.429
2486.722
2487.015
2487.308
2487.601
2487.894
2488.19
2488.386
2488.582
2488.778
2488.974
2489.17
2489.366
2489.562
2489.76
2490.627
2491.494
2492.361
2493.228
2494.095
2494.962
2495.829
2496.696
2497.563
2498.43
2499.297
2500.16
2500.702
2501.244
2501.786
2502.328
2502.87
2503.424
2503.978
2504.532
2505.086
2505.64
2506.194
2506.75
2508.582
2508.884
2509.186
2509.488
2509.79
2510.04
2510.29
2510.554
2510.818
2511.082
2511.346
2511.61
2511.874
2512.138
2512.402
2512.666
2512.93
2513.149
2513.368
2513.587
2513.806
2514.025
2514.244
2514.463
2514.68
2515.39
2516.1
2516.81
2517.52
2518.173
2518.826
2519.479
2520.132
2520.785
2521.438
2522.094
2522.587
2523.08
2523.573
2524.066
2524.559
2524.823
2525.087
2525.35
2525.713
2526.076
2526.439
2526.802
2527.165
2527.528
2527.891
2528.254
2528.62
2528.903
2529.186
2529.469
2529.752
2530.035
2530.32
2530.748
2531.176
2531.604
2532.032
2532.46
2532.89
2533.378
2533.866
2534.354
2534.842
2535.33
2535.818
2536.306
2536.794
2537.282
2537.77
2538.256
2539.61
2540.668
2541.726
2542.784
2543.84
2544.631
2545.422
2546.213
2547.004
2547.795
2548.586
2549.377
2550.168
2550.959
2551.75
2554.66
2557.57
2560.48
2560.736
2560.992
2561.248
2561.504
2561.76
2562.016
2562.272
2562.528
2562.784
2563.04
2563.302
2563.564
2563.826
2564.088
2564.35
2564.612
2564.874
2565.136
2565.398
2565.66
2565.922
2566.184
2566.45
2566.811
2567.172
2567.533
2567.894
2568.255
2568.616
2568.977
2569.338
2569.699
2570.06
2570.421
2570.78
2571.315
2571.85
2572.385
2572.92
2573.455
2573.99
2574.525
2575.06
2575.595
2576.13
2576.665
2577.2
2577.735
2578.27
2578.81
2579.745
2580.68
2581.615
2582.55
2582.814
2583.078
2583.342
2583.606
2583.87
2584.134
2584.398
2584.662
2584.926
2585.19
2585.45
2585.647
2585.844
2586.041
2586.238
2586.435
2586.632
2586.829
2587.026
2587.223
2587.42
2587.616
2588.66
2588.83
2589.0
2589.17
2589.34
2589.51
2589.698
2589.885
2590.073
2590.26
2590.448
2590.635
2590.823
2591.01
2591.296
2591.582
2591.868
2592.154
2592.44
2592.725
2592.956
2593.187
2593.418
2593.649
2593.88
2594.111
2594.342
2594.573
2594.808
2596.189
2596.373
2596.557
2596.741
2596.925
2597.109
2597.293
2597.48
2597.916
2598.352
2598.788
2599.224
2599.66
2600.096
2600.532
2600.968
2601.4
2601.814
2602.228
2602.642
2603.056
2603.47
2603.805
2604.14
2604.475
2604.81
2605.145
2605.48
2605.815
2606.15
2606.485
2606.817
2607.077
2607.337
2607.597
2607.857
2608.117
2608.377
2608.637
2608.9
2609.15
2609.4
2609.65
2609.9
2610.15
2610.631
2611.112
2611.593
2612.074
2612.555
2613.036
2613.517
2614.0
2615.34
2615.6
2615.86
2616.12
2616.381
2616.606
2616.831
2617.056
2617.281
2617.506
2617.731
2617.956
2618.181
2618.402
2618.956
2619.509
2619.769
2620.029
2620.289
2620.55
2620.766
2620.982
2621.198
2621.414
2621.63
2621.846
2622.06
2622.352
2622.644
2622.936
2623.228
2623.52
2623.812
2624.104
2624.396
2624.688
2624.98
2625.232
2625.484
2625.736
2625.988
2626.24
2626.49
2626.958
2627.426
2627.894
2628.362
2628.83
2629.298
2629.766
2630.234
2630.7
2630.904
2631.108
2631.312
2631.516
2631.72
2631.924
2632.128
2632.332
2632.536
2632.74
2632.94
2633.199
2633.458
2633.717
2633.976
2634.235
2634.494
2634.753
2635.012
2635.271
2635.53
2635.789
2636.048
2636.307
2636.566
2636.82
2637.211
2637.602
2637.993
2638.384
2638.775
2639.166
2639.557
2639.948
2640.339
2640.73
2641.121
2641.512
2641.9
2642.157
2642.414
2642.671
2642.928
2643.185
2643.442
2643.699
2643.956
2644.213
2644.47
2644.727
2644.984
2645.241
2645.5
2645.816
2646.132
2646.448
2646.764
2647.08
2647.376
2647.672
2647.968
2648.264
2648.56
2648.856
2649.152
2649.448
2649.74
2649.971
2650.202
2650.433
2650.664
2650.895
2651.126
2651.36
2651.923
2652.486
2653.049
2653.612
2654.175
2654.738
2655.301
2655.864
2656.427
2656.99
2657.55
2657.928
2658.306
2658.684
2659.062
2659.44
2659.818
2660.196
2660.574
2660.952
2661.33
2661.55
2661.77
2661.99
2662.21
2662.43
2662.65
2662.959
2663.268
2663.577
2663.886
2664.195
2664.504
2664.813
2665.12
2665.371
2665.622
2665.873
2666.124
2666.374
2666.928
2667.482
2668.036
2668.59
2669.146
2669.698
2670.249
2670.8
2671.352
2671.595
2671.838
2672.081
2672.324
2672.567
2672.81
2673.301
2673.792
2674.283
2674.774
2675.265
2675.756
2676.247
2676.738
2677.23
2677.72
2678.21
2678.7
2679.19
2679.68
2680.17
2680.66
2681.15
2681.505
2681.859
2682.042
2682.225
2682.408
2682.591
2682.774
2682.957
2683.14
2683.323
2683.506
2683.691
2683.846
2684.001
2684.156
2684.311
2684.466
2684.621
2684.776
2684.931
2685.09
2685.402
2685.714
2686.026
2686.338
2686.65
2686.962
2687.163
2687.364
2687.565
2687.766
2687.967
2688.168
2688.37
2688.5
2688.63
2688.76
2688.911
2689.062
2689.213
2689.364
2689.515
2689.666
2689.817
2689.968
2690.115
2690.39
2690.65
2690.91
2691.103
2691.296
2691.489
2691.682
2691.875
2692.068
2692.261
2692.451
2692.707
2692.963
2693.219
2693.475
2693.731
2693.987
2694.243
2694.499
2694.755
2695.011
2695.267
2695.52
2695.713
2695.906
2696.099
2696.292
2696.485
2696.678
2696.87
2697.062
2697.255
2697.448
2697.64
2697.83
2698.044
2698.258
2698.472
2698.686
2698.9
2699.114
2699.33
2699.517
2699.704
2699.891
2700.078
2700.265
2700.452
2700.639
2700.829
2701.015
2701.201
2701.387
2701.573
2701.759
2701.945
2702.131
2702.317
2702.503
2702.689
2702.87
2703.122
2703.374
2703.626
2703.878
2704.13
2704.382
2704.634
2704.886
2705.138
2705.39
2705.642
2705.89
2706.74
2707.59
2708.44
2708.69
2708.94
2709.19
2709.44
2709.69
2709.94
2710.19
2710.44
2710.628
2710.816
2711.004
2711.192
2711.38
2711.69
2712.0
2712.31
2712.62
2712.93
2713.24
2713.55
2713.86
2714.17
2714.48
2714.662
2714.844
2715.026
2715.208
2715.39
2715.572
2715.755
2715.94
2716.314
2716.688
2717.062
2717.436
2717.81
2718.184
2718.558
2718.932
2719.306
2719.68
2720.151
2720.622
2721.093
2721.564
2722.035
2722.506
2722.977
2723.448
2723.919
2724.39
2724.672
2724.954
2725.236
2725.518
2725.8
2726.082
2726.364
2726.646
2726.928
2727.21
2727.556
2727.902
2728.248
2728.594
2728.94
2729.286
2729.632
2729.978
2730.32
2730.567
2730.814
2731.061
2731.308
2731.555
2731.802
2732.05
2732.512
2732.974
2733.436
2733.898
2734.36
2734.822
2735.284
2735.746
2736.208
2736.666
2737.515
2738.364
2739.213
2740.062
2740.911
2741.76
2742.61
2742.943
2743.276
2743.609
2743.942
2744.275
2744.608
2744.941
2745.274
2745.607
2745.94
2746.409
2746.878
2747.347
2747.816
2748.285
2748.754
2749.223
2749.69
2750.432
2751.174
2751.916
2752.659
2753.401
2754.143
2754.885
2755.63
2755.999
2756.368
2756.737
2757.106
2757.475
2757.844
2758.213
2758.582
2758.951
2759.32
2759.69
2761.88
2764.07
2764.498
2764.926
2765.354
2765.782
2766.21
2766.638
2767.066
2767.494
2767.922
2768.35
2768.778
2769.206
2769.634
2770.06
2770.682
2771.304
2771.926
2772.548
2773.17
2773.402
2773.634
2773.866
2774.098
2774.33
2774.562
2774.794
2775.026
2775.258
2775.49
2775.722
2775.95
2776.224
2776.498
2776.772
2777.046
2777.32
2777.594
2777.87
2778.434
2778.998
2779.562
2780.126
2780.69
2781.254
2781.818
2782.382
2782.946
2783.51
2784.071
2786.814
2789.557
2792.3
2792.506
2792.712
2792.918
2793.124
2793.33
2793.5
2793.67
2793.84
2794.01
2794.203
2794.396
2794.589
2794.782
2794.975
2795.168
2795.361
2795.551
2796.655
2797.759
2798.863
2799.967
2801.071
2802.175
2803.279
2804.38
2804.737
2805.094
2805.451
2805.808
2806.165
2806.522
2806.88
2807.108
2807.336
2807.564
2807.792
2808.02
2808.248
2808.476
2808.704
2808.932
2809.16
2809.388
2809.616
2809.844
2810.072
2810.3
2810.528
2810.76
2810.982
2811.204
2811.426
2811.648
2811.87
2812.092
2812.314
2812.536
2812.758
2812.98
2813.422
2813.864
2814.306
2814.748
2815.19
2815.805
2816.42
2817.035
2817.65
2818.265
2818.88
2819.495
2820.11
2820.725
2821.34
2821.556
2821.772
2821.988
2822.204
2822.42
2822.636
2822.852
2823.068
2823.28
2823.522
2823.764
2824.006
2824.248
2824.49
2824.73
2825.047
2825.364
2825.681
2825.998
2826.315
2826.632
2826.949
2827.266
2827.583
2827.9
2828.217
2828.515
2828.813
2829.111
2829.409
2829.707
2830.005
2830.3
2830.61
2830.92
2831.23
2831.54
2831.85
2832.16
2832.47
2832.78
2833.09
2833.435
2833.78
2834.125
2834.47
2834.815
2835.16
2835.338
2835.516
2835.694
2835.872
2836.051
2836.217
2836.383
2836.55
2836.725
2836.9
2837.075
2837.25
2837.425
2837.6
2837.775
2837.95
2839.142
2840.334
2841.526
2842.718
2843.912
2844.176
2844.44
2844.704
2844.968
2845.232
2845.495
2845.783
2846.071
2846.36
2846.681
2847.002
2847.323
2847.644
2847.965
2848.286
2848.61
2849.061
2849.512
2849.79
2850.068
2850.345
2851.274
2852.203
2853.132
2854.061
2854.99
2855.217
2855.444
2855.671
2855.898
2856.125
2856.352
2856.579
2856.806
2857.032
2857.282
2857.532
2857.782
2858.032
2858.282
2858.531
2858.845
2859.16
2859.483
2859.806
2860.129
2860.452
2860.775
2861.098
2861.42
2861.671
2861.922
2862.173
2862.424
2862.674
2862.841
2863.008
2863.175
2863.342
2863.509
2863.676
2863.84
2864.268
2864.696
2865.124
2865.552
2865.98
2866.41
2866.731
2867.052
2867.373
2867.694
2868.015
2868.336
2868.657
2868.978
2869.3
2869.542
2869.784
2870.026
2870.268
2870.51
2870.752
2870.994
2871.236
2871.48
2871.939
2872.398
2872.857
2873.316
2873.775
2874.234
2874.693
2875.152
2875.61
2875.941
2876.272
2876.603
2876.934
2877.265
2877.596
2877.927
2878.258
2878.589
2878.92
2879.21
2879.5
2879.79
2880.08
2880.37
2880.66
2880.95
2881.387
2881.824
2882.261
2882.698
2883.135
2883.572
2884.009
2884.446
2884.88
2885.353
2885.826
2886.299
2886.772
2887.245
2887.718
2888.191
2888.665
2889.124
2889.583
2890.042
2890.501
2890.96
2891.419
2891.88
2892.167
2892.454
2892.741
2893.028
2893.315
2893.602
2893.889
2894.176
2894.463
2894.75
2895.033
2895.315
2895.597
2895.88
2896.163
2896.445
2896.727
2897.01
2897.313
2897.616
2897.919
2898.222
2898.525
2898.83
2899.239
2899.648
2900.057
2900.466
2900.875
2901.284
2901.69
2901.935
2902.18
2902.425
2902.67
2902.915
2903.16
2903.405
2903.65
2903.895
2904.14
2904.38
2904.705
2905.03
2905.355
2905.68
2906.005
2906.33
2906.655
2906.98
2907.305
2907.63
2907.955
2908.278
2908.634
2908.99
2909.346
2909.702
2910.058
2910.414
2910.77
2911.126
2911.48
2912.022
2912.564
2913.106
2913.648
2914.19
2914.73
2915.161
2915.592
2916.023
2916.454
2916.885
2917.316
2917.747
2918.178
2918.609
2919.04
2919.471
2919.9
2920.81
2921.72
2922.261
2922.802
2923.343
2923.884
2924.425
2924.966
2925.507
2926.05
2926.25
2926.45
2926.65
2926.85
2927.05
2927.25
2927.45
2927.65
2927.9
2928.15
2928.4
2928.65
2928.9
2929.15
2929.4
2929.65
2929.9
2930.214
2930.528
2930.842
2931.156
2931.47
2931.784
2932.098
2932.412
2932.73
2933.245
2933.76
2934.275
2934.79
2935.305
2935.82
2936.335
2936.85
2937.365
2937.88
2938.4
2938.738
2939.076
2939.414
2939.752
2940.09
2940.43
2940.73
2941.03
2941.33
2941.63
2941.93
2942.227
2942.524
2942.822
2943.12
2943.418
2943.716
2944.014
2944.31
2944.84
2945.37
2945.9
2946.43
2946.735
2947.04
2947.345
2947.65
2947.955
2948.26
2948.565
2948.87
2949.175
2949.48
2949.754
2950.028
2950.302
2950.576
2950.85
2951.124
2951.398
2951.672
2951.946
2952.22
2952.494
2952.77
2953.061
2953.352
2953.643
2953.934
2954.225
2954.516
2954.807
2955.098
2955.389
2955.68
2955.971
2956.262
2956.55
2956.843
2957.136
2957.429
2957.722
2958.015
2958.308
2958.601
2958.894
2959.187
2959.48
2959.773
2960.066
2960.36
2960.745
2961.13
2961.515
2961.9
2962.285
2962.67
2963.055
2963.44
2963.687
2963.934
2964.181
2964.428
2964.675
2964.922
2965.169
2965.416
2965.663
2965.91
2966.2
2966.49
2966.78
2967.07
2967.36
2967.65
2967.94
2968.204
2968.468
2968.732
2968.996
2969.26
2969.524
2969.788
2970.052
2970.316
2970.58
2970.74
2970.9
2971.06
2971.22
2971.38
2971.54
2971.7
2971.86
2972.02
2972.18
2972.34
2972.496
2972.842
2973.188
2973.534
2973.88
2974.226
2974.572
2974.92
2975.637
2976.354
2977.071
2977.788
2978.505
2979.222
2979.939
2980.656
2981.37
2982.769
2984.168
2985.568
2986.968
2987.299
2987.63
2987.96
2988.224
2988.488
2988.752
2989.016
2989.28
2989.544
2989.81
2990.06
2990.31
2990.56
2991.144
2991.728
2992.312
2992.896
2993.482
2993.769
2994.056
2994.344
2994.559
2994.774
2994.989
2995.204
2995.468
2995.732
2995.995
2998.461
3000.927
3001.434
3001.941
3002.448
3002.955
3003.463
3003.701
3003.939
3004.177
3004.415
3004.653
3004.891
3005.129
3005.367
3005.605
3005.843
3006.076
3006.351
3006.626
3006.901
3007.176
3007.45
3007.678
3007.906
3008.134
3008.362
3008.59
3008.818
3009.046
3009.274
3009.502
3009.73
3009.924
3010.118
3010.312
3010.506
3010.7
3010.894
3011.088
3011.282
3011.48
3011.84
3012.2
3012.56
3012.92
3013.28
3013.64
3014.0
3014.595
3015.19
3015.785
3016.38
3016.975
3017.57
3018.165
3018.76
3019.096
3019.432
3019.768
3020.104
3020.44
3020.776
3021.112
3021.448
3021.784
3022.12
3022.456
3022.792
3023.13
3023.382
3023.634
3023.886
3024.138
3024.39
3024.642
3024.894
3025.146
3025.398
3025.65
3025.907
3026.111
3026.315
3026.519
3026.723
3026.927
3027.131
3027.335
3027.539
3027.74
3027.993
3028.246
3028.499
3028.752
3029.005
3029.26
3029.647
3030.034
3030.421
3030.808
3031.195
3031.58
3032.945
3034.31
3035.675
3037.04
3037.63
3037.836
3038.042
3038.248
3038.454
3038.66
3038.866
3039.07
3039.492
3039.914
3040.336
3040.758
3041.18
3041.638
3042.096
3042.554
3043.012
3043.47
3044.43
3044.69
3044.95
3045.21
3045.471
3045.719
3045.967
3046.215
3046.463
3046.711
3046.959
3047.207
3047.455
3047.703
3047.951
3048.199
3048.447
3048.7
3049.426
3050.152
3050.878
3052.33
3054.417
3054.734
3055.051
3055.368
3055.685
3056.0
3056.378
3056.755
3057.16
3057.565
3057.97
3058.202
3058.434
3058.666
3058.898
3059.13
3059.362
3059.594
3059.826
3060.058
3060.29
3060.522
3060.754
3060.98
3061.147
3061.314
3061.48
3063.01
3064.54
3066.07
3066.07
3066.07
3066.07
3066.07
