21.68
21.945
22.21
22.475
22.74
23.005
23.27
23.535
23.8
23.998
24.196
24.394
24.592
24.79
24.988
25.186
25.384
25.58
25.909
26.238
26.567
26.896
27.225
27.554
27.88
28.19
28.5
28.81
29.12
29.43
29.74
30.05
30.36
30.67
30.98
31.29
31.6
31.91
32.216
32.552
32.888
33.224
33.56
33.786
34.012
34.238
34.464
34.69
34.916
35.143
36.809
38.475
40.14
40.518
40.896
41.274
41.652
42.03
42.41
42.862
43.315
43.767
44.22
44.463
44.706
44.95
45.413
45.876
46.339
46.802
47.265
47.728
48.19
48.391
48.592
48.793
48.994
49.195
49.396
49.597
49.798
49.999
50.2
50.401
50.6
50.778
50.956
51.134
51.31
51.53
52.37
52.571
52.772
52.973
53.174
53.375
53.576
53.777
53.978
54.179
54.382
54.603
54.824
55.045
55.266
55.487
55.708
55.929
56.15
56.371
56.59
57.116
57.642
58.168
58.694
59.22
59.746
60.27
60.542
60.814
61.086
61.358
61.63
61.902
62.174
62.444
62.647
62.85
63.053
63.256
63.459
63.662
63.865
64.069
64.386
64.703
65.02
65.337
65.654
65.971
66.288
66.605
66.922
67.239
67.556
67.873
68.19
68.547
68.904
69.261
69.618
69.975
70.333
71.441
72.55
74.41
76.185
77.96
79.735
81.51
85.041
88.572
88.762
88.952
89.142
89.332
89.522
89.712
89.902
90.092
90.28
90.998
91.716
92.434
93.151
93.376
93.601
93.826
94.051
94.276
94.501
94.726
94.951
95.176
95.4
95.774
96.148
96.522
96.896
97.27
97.644
98.018
98.392
98.766
99.14
100.054
100.968
101.882
102.796
103.71
104.624
105.538
106.452
107.366
108.28
110.218
112.156
114.094
116.03
117.32
118.61
119.9
121.19
121.655
122.12
122.585
123.05
123.515
123.98
124.445
124.91
125.375
125.842
126.078
126.314
126.55
126.786
127.022
127.258
127.494
127.73
128.132
128.534
128.936
129.338
129.74
130.073
130.406
130.739
131.072
131.405
131.738
132.071
132.4
132.7
133.0
133.3
133.6
133.9
134.2
134.5
134.8
135.1
135.4
135.7
136.0
136.655
137.31
137.965
138.62
139.116
139.612
140.108
140.604
141.1
141.598
141.967
142.336
142.705
143.074
143.445
144.028
144.248
144.468
144.688
144.908
145.128
145.348
145.568
145.788
146.008
146.228
146.444
146.719
146.994
147.269
147.544
147.819
148.094
148.369
148.644
148.919
149.194
149.464
149.703
149.942
150.181
150.421
150.66
150.899
151.138
151.38
151.596
151.812
152.028
152.244
152.46
152.676
152.89
154.73
155.057
155.384
155.711
156.038
156.365
156.692
157.02
157.365
157.71
158.055
158.4
158.745
159.09
159.435
159.78
160.391
161.002
161.613
162.224
162.835
163.446
164.06
164.39
164.72
165.05
165.38
165.71
166.04
166.37
166.7
167.03
167.36
167.69
168.02
169.12
170.22
170.637
171.054
171.471
171.888
172.306
172.795
173.284
173.772
174.26
175.014
175.768
176.522
177.276
178.03
178.784
179.538
180.29
180.479
180.668
180.857
181.046
181.235
181.424
181.613
181.802
181.99
182.292
182.594
182.896
183.198
183.5
183.8
184.091
184.382
184.673
184.964
185.255
185.546
185.837
186.13
186.499
186.868
187.237
187.606
187.975
188.344
188.71
189.191
189.672
190.153
190.634
191.115
191.596
192.077
192.558
193.039
193.516
193.724
193.932
194.14
194.348
194.556
194.764
194.972
195.18
195.39
196.606
197.822
199.038
200.254
201.47
201.86
202.25
202.64
203.03
203.42
204.0
204.58
205.16
205.74
206.082
206.424
206.766
207.108
207.45
207.79
208.193
208.596
208.999
209.402
209.805
210.208
210.61
210.892
211.174
211.456
211.738
212.02
212.302
212.584
212.866
213.148
213.43
213.712
213.99
214.617
215.244
215.87
216.084
216.298
216.512
216.726
216.94
217.154
217.368
217.582
217.8
218.054
218.308
218.562
218.816
219.07
219.324
219.578
219.83
220.323
220.816
221.309
221.8
222.006
222.212
222.418
222.624
222.83
223.036
223.242
223.45
223.723
223.996
224.269
224.542
224.815
225.088
225.361
225.634
225.907
226.182
226.572
226.962
227.352
227.742
228.132
228.522
228.91
229.183
229.456
229.729
230.002
230.275
230.548
230.821
231.094
231.367
231.64
232.337
233.034
233.73
234.133
234.536
234.939
235.342
235.745
236.148
236.551
236.954
237.357
237.76
238.057
238.354
238.651
238.948
239.245
239.54
239.932
240.324
240.716
241.108
241.5
241.89
242.302
242.714
243.126
243.538
243.95
244.362
244.774
245.186
245.598
246.01
246.42
247.089
247.758
248.427
249.096
249.765
250.434
251.103
251.77
252.069
252.368
252.667
252.966
253.265
253.564
253.863
254.165
254.546
254.927
255.308
255.689
256.07
256.451
256.832
257.213
257.594
257.975
258.36
258.956
259.552
260.148
260.744
261.34
261.936
262.532
263.128
263.724
264.32
264.92
265.153
265.386
265.619
265.852
266.085
266.318
266.551
266.784
267.02
267.416
267.812
268.208
268.604
269.0
269.396
269.79
270.417
271.044
271.67
271.875
272.08
272.285
272.49
272.695
272.9
273.105
273.31
273.515
273.72
273.92
274.327
274.734
275.141
275.548
275.955
276.362
276.769
277.176
277.583
277.99
278.196
278.402
278.608
278.814
279.02
279.226
279.432
279.638
279.844
280.05
280.26
280.493
280.726
280.959
281.192
281.425
281.66
281.98
282.3
282.62
282.94
283.26
283.682
284.104
284.526
284.948
285.37
285.79
286.206
286.622
287.038
287.454
287.87
288.286
288.702
289.118
289.534
289.95
290.366
290.78
291.184
291.588
291.992
292.396
292.8
293.204
293.61
293.901
294.192
294.483
294.774
295.065
295.356
295.647
295.938
296.23
296.663
297.096
297.529
297.962
298.395
298.828
299.26
299.737
300.214
300.691
301.168
301.645
302.122
302.6
302.863
303.126
303.389
303.652
303.915
304.178
304.441
304.704
304.967
305.23
305.49
306.467
307.444
308.42
308.677
308.934
309.191
309.448
309.705
309.962
310.219
310.476
310.733
310.99
311.363
311.736
312.108
312.48
313.071
313.662
314.253
314.844
315.435
316.941
318.447
319.953
321.46
321.819
322.178
322.537
322.896
323.255
323.614
323.973
324.33
324.633
324.936
325.239
325.542
325.845
326.15
326.364
326.578
326.792
327.006
327.22
327.434
327.648
327.862
328.076
328.29
328.504
328.718
328.932
329.146
329.36
329.669
329.978
330.287
330.596
330.905
331.214
331.523
331.83
332.139
332.448
332.757
333.066
333.375
333.684
333.993
334.302
334.61
336.86
337.208
337.556
337.904
338.252
338.6
338.948
339.296
339.644
339.99
340.381
340.772
341.163
341.554
341.945
342.336
342.727
343.118
343.509
343.9
344.291
344.68
345.081
345.482
345.883
346.284
346.685
347.086
347.487
347.888
348.289
348.69
349.091
349.492
349.89
350.184
350.478
350.772
351.066
351.36
351.654
351.948
352.242
352.535
354.11
354.625
355.14
355.655
356.17
356.685
357.2
357.715
358.23
358.551
358.872
359.193
359.514
359.835
360.156
360.477
360.795
361.024
361.253
361.482
361.711
361.94
362.17
362.673
363.176
363.679
364.182
364.685
365.188
365.691
366.194
366.697
367.2
367.453
367.706
367.959
368.212
368.465
368.718
368.971
369.227
369.417
369.607
369.797
369.987
370.177
370.367
370.56
370.762
370.964
371.166
371.368
371.57
371.772
371.974
372.18
372.593
373.006
373.419
373.832
374.245
374.656
375.28
375.946
377.44
377.976
378.512
379.048
379.584
380.12
380.656
381.19
381.469
381.748
382.027
382.306
382.585
382.864
383.143
383.422
383.701
383.98
384.259
384.54
385.06
385.58
386.1
386.62
387.14
387.582
388.024
388.466
388.908
389.35
389.79
390.118
390.446
390.774
391.102
391.43
391.76
392.191
392.622
393.053
393.484
393.915
394.346
394.78
395.357
395.935
396.512
397.089
397.666
398.243
398.82
399.4
399.987
400.574
401.161
401.748
402.335
402.922
403.509
404.096
404.683
405.27
405.646
406.022
406.398
406.774
407.15
407.526
407.902
408.278
408.654
409.032
409.214
409.396
409.578
409.76
409.942
410.124
410.306
410.49
412.033
413.576
415.12
416.013
416.906
417.799
418.692
419.585
420.478
421.371
422.264
423.157
423.946
424.735
425.524
426.312
426.631
426.95
427.27
428.05
429.379
430.404
431.429
432.454
433.479
434.502
434.775
435.048
435.321
435.594
435.867
436.14
436.413
436.686
436.96
437.158
437.356
437.554
437.752
437.95
438.148
438.346
438.543
438.827
439.111
439.395
439.679
439.963
440.247
440.531
440.815
441.099
441.38
441.657
441.934
442.211
442.488
442.765
443.042
443.32
443.694
444.068
444.442
444.816
445.19
445.564
445.938
446.312
446.686
447.06
447.43
448.063
448.696
449.329
449.793
450.257
450.72
451.237
451.754
452.27
453.08
453.52
453.96
454.4
454.84
455.28
455.72
456.16
456.6
457.161
457.722
458.283
458.844
459.405
459.966
460.53
461.45
462.604
463.456
464.308
465.16
467.173
469.186
471.2
471.477
471.754
472.031
472.308
472.585
472.862
473.139
473.416
473.693
473.97
474.25
474.547
474.844
475.141
475.438
475.735
476.032
476.33
476.782
477.234
477.686
478.138
478.59
479.042
479.494
479.946
480.398
480.85
481.302
481.75
482.211
482.672
483.133
483.594
484.055
484.516
484.98
485.548
486.115
486.683
487.25
487.817
488.385
488.952
489.52
489.831
490.142
490.453
490.764
491.075
491.386
491.7
492.442
493.184
493.926
494.667
496.134
496.483
496.832
497.181
497.53
497.879
498.228
498.579
498.992
499.405
499.818
500.231
500.644
501.057
501.47
501.883
502.296
502.709
503.122
503.535
503.948
504.367
504.95
505.897
506.844
507.791
508.738
509.685
510.632
511.579
512.527
513.475
514.423
515.37
516.32
517.425
518.53
519.635
520.74
521.845
522.95
523.163
523.376
523.589
523.802
524.015
524.228
524.441
524.654
524.87
525.095
525.32
525.545
525.77
525.995
526.22
526.445
526.67
526.895
527.12
527.34
527.9
528.46
529.02
529.345
529.67
529.995
530.32
530.645
530.97
531.295
531.62
531.945
532.27
532.823
533.376
533.929
534.482
535.035
535.588
536.141
536.694
537.25
537.603
537.956
538.309
538.662
539.015
539.368
539.721
540.074
540.43
540.636
540.842
541.048
541.254
541.46
541.666
541.872
542.078
542.28
542.655
543.03
543.405
543.78
544.155
544.53
544.905
545.28
545.655
546.03
546.209
546.388
546.567
546.746
546.925
547.104
547.283
547.46
547.723
547.986
548.249
548.512
548.775
549.038
549.301
549.564
549.827
550.09
550.506
550.922
551.338
551.754
552.17
552.467
552.764
553.061
553.358
553.655
553.952
554.249
554.546
554.843
555.14
555.437
555.73
556.293
556.856
557.42
557.651
557.882
558.113
558.344
558.575
558.806
559.04
559.324
559.608
559.892
560.176
560.46
560.744
561.028
561.312
561.596
561.88
562.164
562.45
562.847
563.244
563.641
564.038
564.435
564.832
565.229
565.626
566.023
566.42
566.82
567.396
567.972
568.548
569.124
569.7
570.276
570.85
571.086
571.322
571.558
571.794
572.03
572.266
572.502
572.738
572.974
573.21
573.695
574.18
574.665
575.15
576.031
576.911
577.209
577.507
577.805
578.103
578.401
578.699
578.994
579.218
579.442
579.666
579.89
580.114
580.338
580.562
580.786
581.01
581.234
581.458
581.683
582.057
582.431
582.806
583.43
583.754
584.078
584.402
584.726
585.05
585.374
585.7
586.168
586.636
587.104
587.572
588.04
588.508
588.976
589.444
589.912
590.38
590.85
591.158
591.466
591.774
592.08
592.319
592.558
592.797
593.036
593.275
593.514
593.753
593.99
594.258
594.526
594.794
595.062
595.33
595.598
595.866
596.134
596.405
596.613
596.821
597.029
597.237
597.445
597.653
597.861
598.069
598.28
598.447
598.614
598.781
598.948
599.115
599.282
599.449
599.616
599.78
600.746
601.712
602.678
603.644
604.61
605.576
606.54
606.859
607.178
607.497
607.816
608.135
608.454
608.773
609.092
609.411
609.73
610.743
611.755
612.767
613.78
614.139
614.498
614.857
615.216
615.575
615.934
616.293
616.652
617.011
617.37
617.662
617.954
618.246
618.538
618.83
619.122
619.414
619.706
620.0
620.636
621.272
621.908
622.544
623.18
623.816
624.45
624.64
624.83
625.02
625.21
625.4
625.59
625.78
625.97
626.16
626.35
626.54
626.73
626.92
627.12
627.32
627.52
627.72
627.92
628.12
628.32
628.52
628.72
628.92
629.12
629.32
629.576
629.832
630.088
630.344
630.6
630.856
631.112
631.368
631.624
631.88
632.136
632.39
632.888
633.386
633.883
634.38
634.649
634.918
635.187
635.456
635.725
635.994
636.263
636.532
636.801
637.07
637.34
638.007
638.674
639.34
639.569
639.798
640.027
640.256
640.485
640.714
640.943
641.172
641.401
641.63
641.85
642.07
642.29
642.51
642.73
642.95
643.17
643.39
643.647
643.904
644.161
644.418
644.675
644.932
645.189
645.446
645.703
645.96
646.22
647.146
648.072
648.998
649.924
650.85
651.776
652.702
653.628
654.551
654.745
654.939
655.133
655.327
655.521
655.715
655.909
656.103
656.3
656.612
656.924
657.236
657.548
657.86
658.172
658.484
658.796
659.108
659.42
659.732
660.04
660.228
660.416
660.604
660.792
660.98
661.168
661.356
661.544
661.732
661.92
662.32
662.72
663.12
663.52
663.92
664.32
664.72
665.12
665.421
665.722
666.023
666.324
666.625
666.926
667.227
667.53
667.773
668.016
668.259
668.502
668.745
668.988
669.231
669.474
669.72
669.953
670.186
670.419
670.652
670.885
671.118
671.35
671.609
671.868
672.127
672.386
672.645
672.904
673.163
673.422
673.681
673.94
674.277
674.614
674.951
675.288
675.625
675.962
676.3
676.61
676.92
677.23
677.54
677.85
678.16
678.47
678.78
679.554
680.328
681.102
681.876
682.65
683.424
684.2
684.463
684.726
684.988
685.25
685.587
685.924
686.261
686.598
686.935
687.272
687.61
687.919
688.228
688.537
688.846
689.155
689.464
689.77
690.233
690.696
691.159
691.622
692.085
692.548
693.01
693.215
693.42
693.625
693.83
694.035
694.24
694.445
694.65
694.855
695.06
695.265
695.47
695.727
695.984
696.241
696.498
696.755
697.012
697.27
697.565
697.86
698.155
698.45
698.745
699.04
699.335
699.63
699.925
700.22
700.52
700.905
701.29
701.675
702.06
702.445
702.83
703.215
703.6
703.985
704.37
704.731
705.092
705.453
705.814
706.175
706.536
706.897
707.258
707.62
707.876
708.132
708.388
708.644
708.9
709.156
709.41
709.698
709.986
710.274
710.562
710.85
711.138
711.426
711.714
712.002
712.29
712.935
713.58
714.225
714.87
715.515
716.16
716.805
717.45
718.095
718.74
719.39
719.879
720.368
720.857
721.346
721.835
722.324
722.813
723.302
723.791
724.28
724.77
725.279
725.788
726.297
726.806
727.315
727.824
728.333
728.842
729.35
729.611
729.872
730.133
730.394
730.655
730.916
731.18
731.634
732.088
732.542
732.996
733.45
733.904
734.36
734.7
735.04
735.38
735.72
736.06
736.4
736.74
737.0
737.26
737.52
737.78
738.04
738.3
738.56
738.82
739.08
739.34
739.684
740.028
740.372
740.716
741.06
741.404
741.75
742.038
742.326
742.614
742.902
743.19
743.48
743.846
744.212
744.577
744.942
745.308
745.673
746.038
746.404
746.769
747.135
747.508
747.881
748.254
748.627
749.0
749.373
749.746
750.12
750.456
750.792
751.128
751.464
751.8
752.135
752.471
752.804
753.024
753.244
753.464
753.684
753.904
754.124
754.344
754.564
754.784
755.004
755.22
755.647
756.074
756.501
756.928
757.356
757.668
757.98
758.292
758.604
758.916
759.23
759.641
760.052
760.463
760.874
761.285
761.696
762.11
762.612
763.114
763.617
764.12
764.622
765.124
765.627
766.13
766.632
767.135
767.385
767.635
767.831
768.027
768.223
768.419
768.615
768.811
769.007
769.203
769.399
769.595
769.791
769.99
770.329
770.668
771.007
771.346
771.685
772.024
772.363
772.702
773.041
773.38
773.719
774.058
774.397
774.741
775.348
775.955
776.562
777.169
777.776
778.383
778.99
779.958
780.926
781.894
782.862
783.83
784.8
785.72
786.64
787.56
788.48
789.2
789.92
790.639
790.894
791.149
791.404
791.659
791.914
792.169
792.424
792.679
792.93
793.241
793.552
793.863
794.174
794.485
794.796
795.107
795.418
795.729
796.04
796.347
796.564
796.781
796.998
797.215
797.43
797.808
798.186
798.564
798.942
799.32
799.698
800.076
800.454
800.83
801.119
801.408
801.697
801.986
802.275
802.564
802.731
802.898
803.065
803.232
803.399
803.566
803.733
803.9
804.067
804.23
804.488
804.746
805.004
805.262
805.52
805.778
806.036
806.294
806.552
806.81
807.072
808.038
809.004
809.97
810.936
811.902
812.868
813.834
814.8
815.766
816.73
817.274
817.818
818.362
818.906
819.45
819.994
820.54
821.066
821.592
822.118
822.644
823.17
823.696
824.222
824.745
825.598
826.451
827.304
827.887
828.47
828.925
829.38
829.715
830.05
830.385
830.72
831.055
831.39
831.725
832.06
832.395
832.73
833.07
833.477
833.884
834.291
834.698
835.105
835.512
835.92
836.706
837.492
838.278
839.064
839.85
840.636
841.42
841.773
842.126
842.479
842.832
843.185
843.538
843.89
844.173
844.456
844.739
845.022
845.305
845.59
845.91
846.23
846.55
846.87
847.19
847.51
847.83
848.15
848.47
848.79
849.11
849.43
849.75
850.07
850.545
851.02
851.495
851.97
852.445
852.92
853.395
854.464
855.533
856.602
857.67
857.905
858.14
858.375
858.61
858.845
859.08
859.315
859.55
859.785
860.02
860.52
861.27
862.308
863.346
864.384
865.422
866.46
867.5
868.352
869.204
870.056
870.908
871.76
872.095
872.43
872.765
873.1
873.435
873.77
874.105
874.44
874.775
875.11
875.45
875.787
876.124
876.461
876.798
877.135
877.472
877.809
878.146
878.483
878.82
879.157
879.494
879.831
880.168
880.51
880.739
880.968
881.197
881.426
881.655
881.884
882.113
882.342
882.571
882.8
883.029
883.258
883.49
883.99
884.438
884.886
885.334
885.782
886.23
886.68
887.145
887.61
888.075
888.54
889.005
889.47
889.935
890.4
890.782
891.164
891.546
891.928
892.31
892.692
893.074
893.456
893.84
894.437
895.034
895.631
896.228
896.825
897.422
898.02
898.905
899.79
900.435
901.08
901.588
902.096
902.604
903.112
903.62
904.128
904.636
904.868
905.1
905.332
905.564
905.796
906.028
906.26
906.468
906.676
906.884
907.092
907.3
907.508
907.718
907.923
908.128
908.333
908.538
908.743
908.948
909.153
909.36
909.88
910.4
910.92
911.44
911.96
912.478
913.04
913.602
914.164
914.726
915.288
915.852
916.577
917.302
918.027
918.75
921.42
922.007
922.594
923.181
923.768
924.355
924.942
925.529
926.116
926.703
927.29
927.88
928.407
928.934
929.461
929.988
930.515
931.042
931.569
932.095
932.425
932.755
933.085
933.415
933.745
934.075
934.405
934.735
935.065
935.468
935.871
936.274
936.677
937.08
937.483
937.886
938.287
938.87
939.483
940.096
940.709
943.974
944.255
944.536
944.817
945.098
945.379
945.66
945.941
946.224
946.508
946.792
947.076
947.36
947.644
947.928
948.212
948.496
948.78
949.064
949.348
949.633
950.12
950.607
951.094
951.581
952.068
952.555
953.463
954.371
955.279
956.187
957.095
958.003
958.91
959.87
960.282
960.694
961.106
961.518
961.93
962.342
962.754
963.166
963.58
963.839
964.098
964.357
964.616
964.875
965.134
965.393
965.652
965.91
966.02
966.13
966.24
966.35
966.46
966.57
966.68
966.79
966.9
967.01
967.12
967.306
967.492
967.678
967.864
968.05
968.236
968.422
968.608
968.794
968.98
969.166
969.352
969.538
969.722
969.901
970.08
970.259
970.438
970.617
970.796
970.975
971.154
971.333
971.512
971.691
971.87
972.049
972.228
972.4
973.25
974.1
974.642
975.184
975.726
976.268
976.81
977.35
977.605
977.86
978.115
978.37
978.625
978.88
979.178
979.476
979.774
980.072
980.37
980.668
980.966
981.26
982.22
983.18
984.14
985.1
986.06
987.02
987.98
988.94
991.238
991.596
991.954
992.312
992.67
993.028
993.386
993.744
994.099
994.682
995.01
995.338
995.666
995.994
996.322
996.65
996.898
997.146
997.394
997.642
997.89
998.14
998.428
998.716
999.004
999.292
999.58
999.868
1000.156
1000.444
1000.73
1000.953
1001.176
1001.399
1001.622
1001.845
1002.98
1003.86
1004.148
1004.436
1004.724
1005.012
1005.3
1005.469
1005.638
1005.807
1005.976
1006.146
1006.348
1006.55
1006.752
1006.954
1007.155
1007.52
1007.8
1008.08
1009.88
1011.68
1011.878
1012.076
1012.274
1012.472
1012.67
1012.868
1013.066
1013.264
1013.46
1013.904
1014.348
1014.792
1015.236
1015.68
1015.896
1016.112
1016.328
1016.544
1016.76
1016.976
1017.192
1017.408
1017.62
1017.875
1018.13
1018.385
1018.64
1018.895
1019.15
1019.405
1019.66
1020.188
1020.716
1021.244
1021.772
1022.3
1022.83
1023.263
1023.696
1024.129
1024.562
1024.995
1025.428
1025.861
1026.294
1026.727
1027.16
1027.409
1027.658
1027.907
1028.156
1028.405
1028.654
1028.903
1029.152
1029.401
1029.65
1030.034
1030.418
1030.802
1031.186
1031.57
1031.954
1032.338
1032.722
1033.106
1033.492
1033.693
1033.894
1034.095
1034.296
1034.497
1034.7
1034.98
1035.26
1035.54
1035.82
1036.099
1037.688
1039.278
1040.868
1042.457
1044.047
1045.636
1046.435
1047.234
1048.033
1048.832
1049.631
1050.43
1050.75
1051.07
1051.39
1051.71
1052.03
1052.35
1052.67
1052.99
1053.31
1053.856
1054.402
1054.948
1055.494
1056.04
1056.586
1057.132
1057.678
1058.224
1058.77
1059.553
1060.336
1061.119
1061.902
1062.685
1063.468
1064.25
1065.508
1066.766
1068.024
1069.282
1070.54
1070.884
1071.228
1071.572
1071.916
1072.26
1072.604
1072.95
1073.486
1074.022
1074.558
1075.094
1075.63
1076.166
1076.702
1077.238
1077.77
1078.053
1078.336
1078.619
1078.902
1079.185
1079.47
1079.899
1080.328
1080.757
1081.186
1081.615
1082.044
1082.473
1082.902
1083.33
1083.83
1084.127
1084.424
1084.721
1085.018
1085.315
1085.612
1085.91
1086.341
1086.772
1087.203
1087.634
1088.065
1088.494
1092.449
1096.404
1100.36
1100.711
1101.062
1101.413
1101.764
1102.115
1102.466
1102.82
1103.633
1104.446
1105.259
1106.072
1106.885
1107.698
1108.511
1109.324
1110.137
1110.946
1111.489
1112.032
1112.575
1113.118
1113.661
1114.204
1114.747
1115.287
1115.87
1116.085
1116.3
1116.515
1116.731
1117.23
1117.592
1117.955
1118.317
1118.68
1119.463
1120.245
1121.027
1121.81
1122.111
1122.412
1122.713
1123.014
1123.315
1123.616
1123.917
1124.215
1128.0
1128.422
1128.844
1129.266
1129.688
1130.11
1130.53
1130.954
1131.378
1131.802
1132.226
1132.65
1133.074
1133.498
1133.922
1134.344
1135.473
1136.602
1137.731
1138.86
1139.99
1140.399
1140.808
1141.217
1141.626
1142.035
1142.444
1142.853
1143.26
1143.47
1143.68
1143.89
1144.1
1144.31
1144.52
1144.73
1144.94
1145.15
1145.36
1145.57
1145.796
1146.022
1146.248
1146.474
1146.7
1146.926
1147.152
1147.377
1147.96
1148.252
1148.544
1148.835
1149.403
1149.971
1150.54
1153.14
1155.316
1157.492
1159.668
1161.844
1164.022
1164.23
1164.438
1164.646
1164.854
1165.062
1165.27
1165.48
1166.243
1167.006
1167.769
1168.532
1168.862
1169.192
1169.522
1169.852
1170.182
1170.512
1170.842
1171.172
1171.5
1171.914
1172.328
1172.742
1173.156
1173.57
1173.786
1174.002
1174.218
1174.434
1174.65
1175.68
1175.93
1176.18
1176.43
1176.68
1176.93
1177.18
1177.43
1177.733
1178.036
1178.339
1178.642
1178.945
1179.248
1179.551
1179.854
1180.157
1180.46
1180.875
1181.29
1181.705
1182.12
1182.535
1182.95
1183.365
1183.78
1184.195
1184.61
1185.025
1185.44
1185.86
1187.108
1188.356
1189.604
1191.919
1192.218
1192.517
1192.816
1193.115
1193.414
1193.71
1193.908
1194.106
1194.304
1194.502
1194.7
1194.898
1195.096
1195.294
1195.492
1195.687
1195.895
1196.103
1196.311
1196.52
1196.755
1196.99
1197.225
1197.46
1197.695
1197.93
1198.165
1198.4
1198.635
1198.87
1199.1
1199.819
1200.538
1201.257
1201.976
1202.695
1203.414
1204.133
1204.85
1205.096
1205.342
1205.588
1205.834
1206.08
1206.326
1206.57
1207.059
1207.548
1208.037
1208.526
1209.015
1209.504
1209.993
1210.482
1210.971
1211.46
1211.949
1212.44
1212.713
1212.986
1213.259
1213.532
1213.805
1214.078
1214.35
1214.875
1215.4
1215.926
1216.451
1216.976
1217.502
1218.027
1218.554
1219.381
1220.207
1220.749
1221.29
1222.24
1223.19
1223.621
1224.052
1224.483
1224.914
1225.345
1225.778
1228.9
1229.268
1229.636
1230.004
1230.372
1230.74
1231.108
1231.476
1231.844
1232.212
1232.58
1232.948
1233.316
1233.678
1233.936
1234.194
1234.452
1234.71
1234.968
1235.226
1235.484
1235.742
1235.998
1236.464
1236.929
1237.395
1237.86
1238.301
1238.742
1239.183
1239.624
1240.065
1240.508
1240.984
1241.459
1241.935
1242.41
1242.691
1242.972
1243.253
1243.534
1243.815
1244.098
1244.354
1244.61
1244.866
1245.122
1245.378
1245.634
1245.89
1246.146
1246.402
1246.658
1246.912
1247.516
1248.12
1248.724
1249.328
1249.93
1250.165
1250.4
1250.635
1250.87
1251.105
1251.34
1251.575
1251.81
1252.03
1252.25
1252.47
1252.69
1252.91
1253.13
1253.351
1254.24
1254.515
1254.79
1255.065
1255.34
1255.615
1255.89
1256.165
1256.44
1256.715
1256.99
1257.524
1258.058
1258.592
1259.126
1259.66
1260.194
1260.726
1260.945
1261.163
1261.381
1261.6
1262.07
1262.54
1263.01
1263.48
1263.95
1264.42
1264.89
1265.36
1266.3
1266.497
1266.694
1266.891
1267.088
1267.285
1267.482
1267.679
1267.876
1268.073
1268.27
1268.487
1268.704
1268.921
1269.138
1269.355
1269.572
1269.789
1270.006
1270.223
1270.44
1270.657
1270.874
1271.09
1271.59
1271.96
1272.33
1272.7
1273.07
1273.44
1273.81
1274.915
1276.02
1277.125
1278.23
1278.55
1278.87
1279.842
1281.131
1282.42
1283.71
1284.89
1286.07
1286.462
1286.854
1287.246
1287.638
1288.03
1288.422
1288.816
1289.229
1289.642
1290.055
1290.468
1290.881
1291.294
1291.707
1292.12
1292.53
1292.85
1293.17
1293.49
1293.81
1294.13
1294.45
1294.77
1295.09
1295.41
1295.628
1295.846
1296.064
1296.282
1296.5
1296.718
1296.936
1297.154
1297.372
1297.59
1297.818
1298.046
1298.274
1298.502
1298.73
1298.958
1299.186
1299.414
1299.64
1299.852
1300.064
1300.276
1300.488
1300.7
1300.912
1301.124
1301.336
1301.548
1301.76
1301.972
1302.18
1302.59
1303.0
1303.41
1303.82
1304.23
1304.64
1305.6
1306.56
1307.52
1308.48
1309.44
1310.4
1311.175
1311.949
1312.724
1313.498
1313.871
1314.244
1314.617
1314.99
1315.363
1315.736
1316.109
1316.48
1316.836
1317.192
1317.548
1317.904
1318.26
1318.616
1318.97
1319.326
1319.682
1320.038
1320.394
1320.75
1321.106
1321.46
1321.666
1321.872
1322.078
1322.284
1322.49
1322.696
1322.902
1323.108
1323.315
1323.544
1323.773
1324.002
1324.231
1324.46
1324.69
1324.936
1325.182
1325.428
1325.674
1325.92
1326.165
1326.429
1326.693
1326.957
1327.221
1327.485
1327.748
1328.47
1329.192
1329.914
1330.636
1331.358
1332.08
1332.8
1333.15
1333.5
1333.85
1334.2
1334.55
1334.994
1335.438
1335.882
1336.326
1336.77
1337.214
1337.658
1338.104
1338.366
1338.628
1338.89
1339.152
1339.414
1339.676
1339.938
1340.2
1340.462
1340.724
1340.911
1341.099
1341.286
1341.474
1341.661
1341.849
1342.036
1342.224
1342.411
1342.599
1342.786
1342.974
1343.236
1343.498
1343.76
1344.022
1344.284
1344.546
1344.808
1345.07
1345.329
1345.556
1345.783
1346.01
1346.237
1346.464
1346.691
1346.918
1347.145
1347.37
1347.731
1348.092
1348.453
1349.391
1350.33
1350.854
1351.378
1351.902
1352.426
1352.95
1353.474
1353.998
1354.522
1355.046
1355.57
1356.023
1356.476
1356.93
1357.187
1357.444
1357.701
1357.958
1358.215
1358.472
1358.729
1358.984
1360.613
1362.242
1363.87
1364.12
1364.37
1364.62
1364.87
1365.12
1365.37
1365.62
1365.87
1366.12
1366.37
1366.418
1366.466
1366.514
1366.562
1366.61
1366.658
1366.706
1366.754
1367.522
1368.29
1368.752
1369.214
1369.676
1370.138
1370.6
1371.062
1371.524
1371.986
1372.448
1372.91
1374.33
1374.567
1374.804
1375.041
1375.278
1375.515
1375.752
1375.989
1376.226
1376.46
1376.876
1377.292
1377.708
1378.124
1378.54
1378.983
1379.425
1379.867
1380.309
1380.751
1381.193
1381.635
1382.077
1382.519
1382.961
1383.403
1383.85
1384.5
1385.15
1385.8
1386.45
1386.898
1387.345
1387.793
1388.24
1388.688
1389.136
1389.583
1390.031
1390.478
1390.926
1391.373
1391.82
1392.049
1392.278
1392.507
1392.736
1392.965
1393.194
1393.423
1393.652
1393.881
1394.11
1394.339
1394.565
1394.997
1395.429
1395.86
1396.185
1396.51
1396.835
1397.16
1397.454
1397.748
1398.042
1398.336
1398.63
1398.924
1399.218
1399.512
1399.81
1400.065
1400.32
1400.575
1400.83
1401.085
1401.34
1401.595
1401.85
1402.105
1402.36
1402.62
1403.006
1403.392
1403.778
1404.164
1404.55
1404.936
1405.32
1405.616
1405.912
1406.208
1406.504
1406.8
1407.096
1407.392
1407.688
1407.984
1408.28
1408.576
1408.872
1409.168
1409.47
1409.793
1410.116
1410.439
1410.762
1411.085
1411.408
1411.731
1412.054
1412.377
1412.7
1413.088
1413.476
1413.864
1414.252
1414.64
1414.852
1415.064
1415.276
1415.488
1415.7
1415.912
1416.124
1416.336
1416.548
1416.76
1416.97
1417.711
1418.452
1419.193
1419.934
1420.675
1421.416
1422.157
1422.898
1423.639
1424.38
1425.121
1425.86
1426.92
1427.98
1429.04
1430.1
1431.16
1432.22
1433.28
1434.34
1435.4
1436.46
1436.923
1437.386
1437.849
1438.312
1438.775
1439.238
1439.701
1440.164
1440.627
1441.09
1441.553
1442.016
1442.48
1442.781
1443.082
1443.383
1443.684
1443.985
1444.286
1444.587
1444.888
1445.186
1447.31
1447.668
1448.026
1448.384
1448.742
1449.1
1449.46
1450.188
1450.916
1451.645
1452.046
1452.447
1452.848
1453.249
1453.65
1454.051
1454.452
1454.853
1455.254
1455.655
1456.056
1456.452
1456.737
1457.022
1457.307
1457.592
1457.877
1458.16
1458.687
1459.214
1459.741
1460.268
1460.795
1461.324
1461.646
1461.967
1462.289
1462.611
1462.933
1463.255
1463.577
1463.896
1464.151
1464.406
1464.661
1464.916
1465.17
1465.452
1465.734
1466.016
1466.298
1466.58
1466.862
1467.144
1467.426
1467.705
1468.097
1468.489
1468.881
1469.273
1469.664
1470.613
1471.562
1472.511
1473.46
1474.409
1475.358
1476.309
1476.548
1476.787
1477.026
1477.265
1477.505
1477.745
1477.984
1478.225
1478.497
1478.77
1479.043
1479.315
1479.588
1479.861
1480.134
1480.407
1480.679
1480.95
1481.266
1481.582
1481.898
1482.214
1482.53
1482.846
1483.162
1483.478
1483.794
1484.11
1484.62
1485.13
1485.64
1486.15
1486.66
1487.17
1487.68
1488.082
1488.485
1488.887
1489.289
1489.691
1490.093
1490.495
1490.9
1491.215
1491.53
1491.845
1492.16
1492.475
1492.79
1493.105
1493.42
1493.735
1494.05
1494.384
1494.718
1495.052
1495.386
1495.72
1496.054
1496.39
1496.768
1497.146
1497.524
1497.901
1498.279
1498.657
1499.034
1499.41
1499.616
1499.822
1500.028
1500.234
1500.44
1500.646
1500.852
1501.058
1501.264
1501.47
1501.68
1502.586
1503.492
1504.398
1505.304
1506.21
1507.116
1508.02
1509.107
1510.194
1511.281
1512.368
1513.455
1514.54
1514.737
1514.935
1515.132
1515.33
1515.527
1515.725
1515.922
1516.12
1516.55
1516.98
1517.41
1517.84
1518.27
1518.7
1519.13
1519.56
1519.99
1520.267
1520.544
1520.822
1521.099
1521.376
1521.653
1521.93
1522.21
1522.456
1522.702
1522.948
1523.194
1523.44
1523.686
1523.932
1524.178
1524.424
1524.67
1525.104
1525.538
1525.972
1526.406
1526.84
1527.274
1527.708
1528.142
1528.576
1529.01
1529.27
1529.53
1529.79
1530.05
1530.31
1530.57
1530.83
1531.09
1531.35
1531.61
1531.87
1532.367
1532.864
1533.36
1533.942
1534.524
1535.106
1535.688
1536.27
1536.852
1537.434
1538.016
1538.598
1539.18
1539.762
1540.344
1540.926
1541.508
1542.09
1542.672
1543.25
1543.557
1543.864
1544.171
1544.478
1544.785
1545.092
1545.399
1545.706
1546.013
1546.32
1546.627
1546.934
1547.241
1547.55
1547.827
1548.104
1548.381
1548.658
1548.935
1549.212
1549.489
1549.766
1550.043
1550.32
1550.597
1550.874
1551.151
1551.43
1551.93
1552.105
1552.28
1552.455
1552.63
1552.805
1552.98
1553.155
1553.33
1553.506
1553.751
1553.996
1554.241
1554.486
1554.731
1554.976
1555.221
1555.466
1555.711
1555.956
1556.201
1556.45
1556.961
1557.472
1557.983
1558.494
1559.005
1559.516
1560.027
1560.538
1561.049
1561.556
1562.02
1562.484
1562.947
1563.41
1563.844
1564.278
1564.712
1565.146
1565.58
1565.854
1566.128
1566.402
1566.676
1566.95
1567.224
1567.498
1567.772
1568.046
1568.32
1568.594
1568.87
1569.244
1569.618
1569.992
1570.366
1570.74
1571.114
1571.488
1571.86
1572.167
1572.474
1572.781
1573.088
1573.395
1573.702
1574.009
1574.316
1574.62
1574.802
1574.984
1575.166
1575.348
1575.53
1575.712
1575.894
1576.076
1576.258
1576.44
1576.76
1577.08
1577.4
1577.72
1578.04
1578.36
1578.68
1579.0
1579.316
1579.632
1579.948
1580.264
1580.58
1580.896
1581.212
1581.528
1581.844
1582.16
1582.476
1582.792
1583.108
1583.418
1586.1
1586.703
1587.306
1587.909
1588.512
1589.116
1589.458
1589.8
1590.142
1590.484
1590.824
1591.285
1591.746
1592.207
1592.668
1593.129
1593.59
1594.051
1594.512
1594.97
1595.47
1600.69
1600.929
1601.168
1601.407
1601.646
1601.885
1602.124
1602.36
1602.719
1603.078
1603.437
1603.796
1604.155
1604.514
1604.874
1605.179
1605.485
1605.79
1606.095
1606.4
1606.707
1607.948
1609.189
1610.43
1611.671
1612.912
1614.15
1614.427
1614.704
1614.981
1615.258
1615.535
1615.812
1616.089
1616.366
1616.643
1618.062
1619.481
1620.9
1622.319
1623.302
1623.546
1623.79
1624.034
1624.278
1624.522
1624.766
1625.01
1625.333
1625.656
1625.979
1626.302
1626.625
1626.948
1627.271
1627.594
1627.92
1628.4
1628.88
1629.36
1629.84
1630.32
1630.41
1630.5
1630.59
1630.68
1630.77
1630.86
1630.95
1631.04
1631.13
1631.22
1631.31
1631.4
1632.089
1632.778
1633.467
1634.156
1634.844
1635.51
1635.814
1636.118
1636.422
1636.726
1637.03
1637.334
1637.64
1637.825
1638.01
1638.195
1638.38
1638.565
1638.75
1638.935
1639.12
1639.305
1639.49
1639.903
1640.316
1640.729
1641.142
1641.555
1641.968
1642.381
1642.794
1643.207
1643.62
1644.033
1644.45
1644.64
1644.83
1645.02
1645.21
1645.4
1645.59
1645.78
1645.97
1646.158
1646.374
1646.59
1646.806
1647.022
1647.239
1647.58
1647.921
1648.262
1648.603
1648.944
1649.284
1649.95
1650.333
1650.716
1651.099
1651.482
1651.866
1652.276
1652.686
1653.096
1653.506
1653.915
1654.54
1656.492
1657.04
1657.588
1658.136
1658.684
1659.23
1659.59
1659.95
1660.31
1660.67
1661.03
1661.39
1662.047
1662.704
1663.361
1664.018
1664.675
1665.332
1665.989
1666.647
1666.821
1666.995
1667.169
1667.343
1667.517
1667.691
1667.865
1668.039
1668.213
1668.387
1668.561
1668.73
1669.03
1669.33
1669.63
1669.93
1670.23
1670.53
1670.83
1671.13
1671.43
1671.73
1672.03
1672.33
1672.63
1672.93
1673.145
1673.36
1673.575
1673.79
1674.005
1674.22
1674.435
1674.65
1674.865
1675.08
1675.29
1675.562
1675.834
1676.107
1676.38
1676.653
1676.926
1677.198
1677.47
1677.69
1677.91
1678.13
1678.35
1678.57
1678.79
1679.01
1679.23
1679.51
1679.79
1680.07
1680.35
1680.63
1680.91
1681.19
1681.47
1681.75
1682.03
1682.31
1682.59
1682.946
1683.302
1683.658
1684.014
1684.37
1684.726
1685.082
1685.438
1685.794
1686.15
1686.51
1686.822
1687.134
1687.447
1687.759
1688.072
1688.384
1688.697
1689.009
1689.322
1689.634
1689.947
1690.26
1690.477
1690.694
1690.911
1691.128
1691.345
1691.562
1691.779
1691.996
1692.213
1692.43
1692.65
1692.965
1693.28
1693.595
1693.91
1694.225
1694.54
1694.855
1695.17
1695.485
1695.802
1696.015
1696.229
1696.443
1696.657
1696.87
1697.083
1697.297
1697.51
1697.69
1697.87
1698.05
1698.23
1698.41
1698.59
1698.77
1699.026
1699.282
1699.538
1699.794
1700.05
1700.306
1700.565
1702.056
1703.547
1705.038
1706.529
1708.02
1709.511
1711.0
1711.735
1712.47
1713.205
1713.94
1714.675
1715.41
1716.145
1716.88
1717.38
1717.876
1718.372
1718.868
1719.364
1719.86
1720.356
1720.852
1721.348
1721.844
1722.34
1722.836
1723.337
1723.513
1723.689
1723.865
1724.041
1724.217
1724.393
1724.569
1724.745
1724.92
1725.152
1725.384
1725.616
1725.848
1726.08
1726.631
1727.182
1727.733
1728.284
1728.835
1729.386
1729.937
1730.488
1731.04
1731.788
1732.536
1733.284
1734.032
1734.78
1735.528
1736.276
1737.024
1737.772
1738.52
1738.982
1739.444
1739.906
1740.368
1740.83
1741.16
1741.49
1741.82
1742.15
1742.48
1742.81
1743.14
1743.47
1743.8
1744.13
1744.46
1744.675
1744.89
1745.105
1745.32
1745.535
1745.75
1745.965
1746.18
1746.69
1747.2
1747.71
1748.22
1748.73
1749.24
1749.75
1750.26
1750.77
1750.999
1751.228
1751.457
1751.686
1751.915
1752.144
1752.373
1752.6
1753.1
1753.517
1753.934
1754.351
1754.768
1755.185
1755.602
1756.019
1756.436
1756.85
1757.191
1757.532
1757.873
1758.214
1758.555
1758.896
1759.237
1759.58
1759.926
1760.272
1760.618
1760.964
1761.31
1761.656
1762.002
1762.348
1762.694
1763.04
1763.426
1763.812
1764.198
1764.584
1764.97
1765.356
1765.742
1766.128
1766.51
1766.997
1767.485
1767.972
1768.459
1768.947
1769.434
1769.921
1770.41
1770.823
1771.236
1771.649
1772.062
1772.475
1772.888
1773.3
1773.607
1773.914
1774.221
1774.528
1774.835
1775.142
1775.449
1775.756
1776.063
1776.37
1776.68
1776.995
1777.31
1777.625
1777.94
1778.255
1778.57
1778.885
1779.2
1779.474
1779.748
1780.022
1780.296
1780.57
1780.844
1781.118
1781.39
1781.9
1782.41
1782.92
1783.43
1783.94
1784.45
1784.96
1785.47
1785.98
1786.49
1787.259
1788.028
1788.797
1789.566
1790.335
1791.104
1791.87
1792.303
1792.736
1793.169
1793.602
1794.035
1794.468
1794.9
1796.515
1798.13
1798.427
1798.724
1799.021
1799.318
1799.615
1799.912
1800.209
1800.506
1800.803
1801.1
1801.826
1802.552
1802.894
1803.236
1803.578
1803.92
1804.26
1804.592
1804.925
1805.257
1805.59
1806.965
1808.34
1808.83
1809.32
1809.584
1809.848
1810.111
1810.352
1810.593
1810.834
1811.075
1811.316
1811.557
1811.798
1812.039
1812.28
1812.521
1812.762
1813.003
1813.25
1813.571
1813.892
1814.213
1814.534
1814.855
1815.176
1815.497
1815.818
1816.139
1816.46
1816.78
1817.816
1818.852
1819.888
1820.924
1821.96
1822.297
1822.634
1822.971
1823.308
1823.645
1823.982
1824.319
1824.656
1824.993
1825.33
1825.681
1826.032
1826.383
1826.734
1827.085
1827.436
1827.787
1828.138
1828.49
1828.756
1829.022
1829.288
1829.554
1829.82
1830.086
1830.352
1830.618
1830.884
1831.15
1831.727
1832.305
1832.883
1833.461
1834.039
1834.617
1835.195
1835.77
1836.083
1836.396
1836.709
1837.022
1837.335
1837.65
1838.45
1838.858
1839.266
1839.675
1840.3
1840.485
1840.67
1840.855
1841.04
1841.225
1841.41
1841.592
1841.967
1842.342
1842.716
1843.141
1843.566
1843.99
1844.592
1845.194
1845.796
1846.398
1847.0
1847.6
1847.846
1848.092
1848.338
1848.584
1848.83
1849.178
1849.526
1849.874
1850.222
1850.57
1850.918
1851.266
1851.614
1851.962
1852.31
1852.66
1852.95
1853.24
1853.53
1853.82
1854.11
1854.4
1854.69
1854.98
1855.27
1855.56
1855.85
1856.14
1856.43
1857.244
1858.058
1858.872
1859.685
1859.904
1860.123
1860.342
1860.56
1861.124
1861.688
1862.252
1862.816
1863.38
1864.747
1866.114
1867.48
1868.296
1868.458
1868.62
1868.782
1868.944
1869.106
1869.27
1869.979
1870.249
1870.52
1871.52
1872.52
1872.85
1873.18
1873.51
1873.84
1874.17
1874.5
1874.83
1875.16
1875.49
1875.82
1876.15
1876.563
1876.976
1877.39
1878.41
1878.666
1878.922
1879.178
1879.434
1879.69
1879.946
1880.202
1880.457
1880.647
1880.837
1881.027
1881.217
1881.407
1881.597
1881.79
1882.011
1882.232
1882.453
1882.674
1882.895
1883.116
1883.337
1883.558
1883.779
1884.0
1884.221
1884.442
1884.663
1884.89
1885.62
1886.35
1887.08
1887.81
1888.54
1889.27
1890.0
1890.73
1891.46
1891.841
1892.222
1892.603
1892.984
1893.365
1893.746
1894.127
1894.508
1894.889
1895.27
1895.886
1896.502
1897.118
1897.734
1898.35
1898.966
1899.582
1900.198
1900.81
1901.196
1901.582
1901.968
1902.354
1902.74
1903.126
1903.512
1903.898
1904.28
1904.79
1905.3
1905.81
1906.32
1906.83
1907.34
1907.634
1907.928
1908.222
1908.516
1908.81
1909.104
1909.398
1909.692
1909.986
1910.28
1910.574
1910.868
1911.162
1911.46
1912.794
1914.128
1915.462
1916.797
1917.459
1918.121
1918.783
1919.445
1920.107
1920.769
1921.431
1922.093
1922.751
1923.209
1923.667
1924.125
1924.564
1925.003
1925.442
1925.881
1926.32
1926.759
1927.198
1927.637
1928.08
1928.412
1928.744
1929.076
1929.408
1929.74
1930.072
1930.404
1930.736
1931.068
1931.4
1931.73
1932.016
1932.302
1932.588
1932.874
1933.16
1933.446
1933.732
1934.02
1934.372
1934.725
1935.077
1935.429
1935.782
1936.134
1936.486
1936.84
1937.843
1938.846
1939.849
1940.852
1941.855
1942.86
1943.235
1943.61
1943.985
1944.36
1944.735
1945.11
1945.304
1945.498
1945.692
1945.886
1946.08
1946.274
1946.468
1946.662
1946.856
1947.05
1947.24
1947.545
1947.85
1948.155
1948.46
1948.765
1949.07
1949.375
1949.68
1949.985
1950.29
1950.59
1950.884
1951.178
1951.472
1951.766
1952.06
1952.354
1952.648
1952.942
1953.236
1953.53
1953.82
1954.393
1954.966
1955.539
1956.112
1956.685
1957.26
1957.557
1957.854
1958.151
1958.448
1958.745
1959.042
1959.339
1959.636
1959.933
1960.23
1960.53
1960.856
1961.182
1961.508
1961.834
1962.16
1962.487
1962.721
1962.955
1963.189
1963.423
1963.657
1963.891
1964.125
1964.362
1964.725
1965.088
1965.451
1965.814
1966.177
1966.54
1966.922
1967.304
1967.686
1968.068
1968.45
1969.205
1969.96
1970.306
1970.652
1970.998
1971.344
1971.69
1972.036
1972.382
1972.728
1973.074
1973.42
1973.77
1974.66
1975.55
1976.44
1977.33
1978.22
1979.11
1980.0
1980.89
1981.78
1982.009
1982.238
1982.467
1982.696
1982.925
1983.154
1983.383
1983.612
1983.841
1984.07
1984.299
1984.53
1984.838
1985.146
1985.454
1985.762
1986.07
1986.378
1986.686
1986.994
1987.3
1987.621
1987.942
1988.263
1988.584
1988.905
1989.226
1989.547
1989.868
1990.189
1990.51
1990.831
1991.152
1991.473
1991.8
1992.3
1992.514
1992.728
1992.942
1993.156
1993.37
1993.584
1993.8
1994.09
1994.38
1994.67
1994.96
1995.25
1995.535
1995.82
1996.105
1996.39
1996.675
1996.96
1997.245
1997.53
1997.815
1998.1
1998.385
1998.67
1998.96
1999.46
1999.96
2000.46
2000.756
2001.052
2001.348
2001.644
2001.94
2002.236
2002.532
2002.828
2003.124
2003.42
2003.72
2003.936
2004.152
2004.368
2004.584
2004.8
2005.016
2005.232
2005.448
2005.664
2005.88
2006.091
2006.302
2006.513
2006.724
2006.935
2007.146
2007.357
2007.568
2007.779
2007.99
2008.2
2008.473
2008.745
2009.017
2009.29
2009.562
2009.834
2010.107
2010.38
2010.888
2011.396
2011.904
2012.412
2012.92
2013.223
2013.526
2013.829
2014.132
2014.435
2014.738
2015.041
2015.344
2015.647
2015.95
2016.25
2018.18
2020.11
2022.04
2022.221
2022.402
2022.583
2022.764
2022.945
2023.126
2023.307
2023.488
2023.669
2023.85
2024.032
2024.253
2024.474
2024.695
2024.916
2025.137
2025.358
2025.579
2025.8
2026.024
2026.742
2027.46
2028.178
2028.896
2029.614
2030.332
2031.05
2031.768
2032.486
2033.204
2033.924
2036.35
2037.21
2038.07
2038.57
2038.854
2039.138
2039.422
2039.706
2039.99
2040.274
2040.558
2040.842
2041.126
2041.41
2041.971
2042.532
2043.093
2043.654
2044.215
2044.776
2045.34
2045.954
2046.568
2047.182
2047.796
2048.41
2049.024
2049.638
2050.252
2050.866
2051.48
2052.09
2052.507
2052.924
2053.341
2053.758
2054.175
2054.592
2055.009
2055.429
2055.947
2056.465
2056.983
2057.501
2058.019
2058.537
2059.055
2059.573
2060.091
2060.609
2061.127
2061.645
2062.159
2062.505
2062.851
2063.197
2063.543
2063.889
2064.235
2064.581
2064.927
2065.27
2066.076
2066.882
2067.688
2068.494
2069.3
2070.106
2070.912
2071.718
2072.524
2073.33
2074.136
2074.94
2075.42
2075.9
2076.38
2076.86
2077.675
2078.49
2079.305
2080.12
2080.935
2081.75
2082.565
2083.38
2084.195
2085.01
2085.311
2085.612
2085.913
2086.214
2086.515
2086.816
2087.117
2087.418
2087.719
2088.787
2089.855
2090.923
2091.991
2093.059
2094.127
2095.195
2096.264
2097.186
2098.108
2099.03
2099.952
2100.874
2101.796
2102.72
2103.28
2103.84
2104.121
2104.402
2104.683
2104.964
2105.245
2105.526
2105.807
2106.09
2106.549
2107.008
2107.467
2107.926
2108.385
2108.844
2109.303
2109.765
2110.208
2110.651
2111.094
2111.537
2111.98
2112.325
2112.67
2113.015
2113.36
2113.705
2114.05
2114.325
2114.6
2114.875
2115.15
2115.425
2115.7
2115.975
2116.25
2116.542
2116.834
2117.126
2117.418
2117.71
2118.002
2118.294
2118.586
2118.878
2119.17
2119.462
2119.75
2121.713
2123.676
2125.64
2125.894
2126.148
2126.402
2126.656
2126.91
2127.164
2127.418
2127.672
2127.926
2128.18
2128.434
2128.688
2128.942
2129.196
2129.45
2129.7
2130.145
2130.59
2131.035
2131.48
2131.925
2132.37
2132.815
2133.26
2133.705
2134.15
2134.6
2134.869
2135.138
2135.407
2135.676
2135.945
2136.214
2136.48
2137.26
2137.538
2137.816
2138.094
2138.372
2138.65
2138.926
2139.398
2139.87
2140.342
2140.814
2141.286
2141.758
2142.23
2142.702
2143.17
2143.531
2143.892
2144.253
2144.614
2144.975
2145.336
2145.697
2146.058
2146.419
2146.78
2147.141
2147.502
2147.863
2148.224
2148.585
2148.94
2149.317
2149.694
2150.071
2150.448
2150.825
2151.202
2151.58
2151.845
2152.109
2152.373
2152.637
2152.901
2153.166
2153.431
2153.696
2154.32
2154.628
2154.936
2155.244
2155.552
2155.86
2156.168
2156.476
2156.784
2157.091
2157.398
2157.706
2158.01
2158.35
2158.69
2159.03
2159.37
2159.71
2160.05
2160.39
2160.73
2161.07
2161.41
2161.763
2162.116
2162.469
2162.822
2163.175
2163.53
2163.981
2164.432
2164.883
2165.334
2165.785
2166.236
2166.687
2167.14
2167.814
2168.488
2169.162
2169.836
2170.51
2171.184
2171.858
2172.532
2173.206
2173.88
2174.146
2174.412
2174.678
2174.944
2175.21
2175.476
2175.742
2176.008
2176.274
2176.54
2176.806
2177.072
2177.341
2186.1
2186.77
2191.89
2192.87
2193.212
2193.554
2193.896
2194.238
2194.58
2194.922
2195.264
2195.606
2195.948
2196.29
2196.495
2196.7
2196.905
2197.11
2197.315
2197.52
2197.725
2197.93
2198.135
2198.34
2198.545
2198.75
2198.955
2199.155
2199.56
2199.965
2200.37
2200.774
2200.996
2201.218
2201.44
2201.662
2201.884
2202.106
2202.328
2202.55
2202.773
2203.427
2204.081
2204.735
2205.39
2205.71
2206.03
2206.35
2206.67
2206.99
2207.31
2207.63
2207.95
2208.27
2208.59
2208.909
2209.948
2210.987
2212.026
2213.065
2214.104
2215.143
2216.179
2216.477
2216.775
2217.073
2217.371
2217.669
2217.97
2218.506
2219.042
2219.578
2220.114
2220.65
2221.56
2224.61
2224.932
2225.255
2225.578
2225.9
2226.136
2226.372
2226.608
2226.844
2227.08
2227.316
2227.552
2227.79
2228.094
2228.398
2228.702
2229.006
2229.31
2229.614
2229.918
2230.22
2230.441
2230.662
2230.883
2231.104
2231.325
2231.546
2231.767
2231.99
2232.214
2232.438
2232.662
2232.886
2233.11
2233.334
2233.558
2233.782
2234.006
2234.23
2234.454
2234.678
2234.9
2237.16
2237.63
2238.1
2238.57
2239.04
2239.51
2239.98
2240.45
2240.76
2241.07
2241.289
2241.508
2241.727
2241.946
2242.165
2242.384
2242.603
2242.822
2243.041
2243.26
2243.479
2243.7
2244.262
2244.824
2245.386
2245.948
2246.51
2246.825
2247.14
2247.455
2247.77
2248.085
2248.4
2248.715
2249.03
2249.349
2249.52
2249.691
2249.862
2250.033
2250.204
2250.375
2250.546
2250.717
2250.89
2251.32
2251.75
2252.18
2252.61
2253.04
2253.47
2253.9
2254.33
2254.76
2255.078
2255.396
2255.714
2256.032
2256.35
2256.668
2256.986
2257.303
2257.62
2257.938
2258.256
2258.57
2259.171
2259.772
2260.373
2260.974
2261.577
2265.156
2268.735
2268.964
2269.193
2269.422
2269.651
2269.88
2270.11
2270.32
2270.53
2270.74
2270.95
2271.16
2271.37
2271.58
2271.79
2272.0
2272.21
2272.42
2272.63
2272.846
2273.138
2273.43
2273.722
2274.014
2274.306
2274.598
2274.887
2276.105
2277.323
2278.54
2278.973
2279.406
2279.839
2280.272
2280.705
2281.138
2281.57
2281.862
2282.154
2282.446
2282.738
2283.03
2283.322
2283.614
2283.906
2284.198
2284.49
2284.714
2284.938
2285.162
2285.386
2285.61
2285.834
2286.06
2286.45
2286.84
2287.23
2287.62
2288.01
2288.4
2288.79
2289.18
2289.57
2289.96
2290.431
2290.902
2291.373
2291.844
2292.317
2292.9
2293.532
2294.164
2294.796
2295.428
2296.06
2296.69
2297.104
2297.518
2297.932
2298.346
2298.76
2299.174
2299.588
2300.0
2300.56
2301.12
2301.68
2302.24
2302.8
2303.087
2303.374
2303.661
2303.948
2304.235
2304.52
2305.078
2305.636
2306.194
2306.752
2307.31
2307.868
2308.678
2309.488
2310.298
2311.11
2311.633
2312.156
2312.679
2313.202
2313.725
2314.25
2314.799
2315.348
2315.897
2316.446
2316.995
2317.544
2318.093
2318.642
2319.191
2319.74
2320.028
2320.316
2320.604
2320.892
2321.18
2321.468
2321.756
2322.044
2322.33
2322.614
2322.898
2323.182
2323.466
2323.75
2324.034
2324.318
2324.602
2324.89
2325.152
2325.414
2325.677
2325.939
2326.201
2326.463
2326.726
2326.99
2327.279
2327.568
2327.857
2328.146
2328.434
2328.642
2328.85
2329.058
2329.266
2329.474
2329.682
2329.89
2330.1
2330.425
2330.75
2331.075
2331.4
2331.725
2332.05
2332.375
2332.7
2333.024
2333.244
2333.464
2333.684
2333.904
2334.124
2334.344
2334.564
2334.784
2335.004
2335.224
2335.44
2335.637
2335.834
2336.031
2336.228
2336.425
2336.622
2336.819
2337.016
2337.21
2337.555
2337.9
2338.245
2338.59
2338.935
2339.28
2339.799
2340.318
2340.837
2341.356
2341.875
2342.394
2342.913
2343.43
2343.642
2343.854
2344.066
2344.278
2344.49
2344.702
2344.915
2345.13
2345.312
2345.494
2345.676
2345.858
2346.04
2346.222
2346.404
2346.586
2346.77
2346.993
2347.216
2347.439
2347.662
2347.885
2348.108
2348.331
2348.554
2348.777
2349.0
2349.223
2349.446
2349.666
2349.838
2350.01
2350.182
2350.354
2350.526
2350.698
2350.87
2351.04
2351.59
2352.14
2352.69
2353.24
2353.79
2354.34
2354.596
2354.852
2355.108
2355.364
2355.62
2355.876
2356.132
2356.388
2356.644
2356.9
2357.156
2357.41
2357.713
2358.016
2358.32
2359.24
2360.33
2360.693
2361.056
2361.419
2361.782
2362.145
2362.508
2362.87
2363.768
2364.666
2365.565
2365.773
2365.981
2366.189
2366.397
2366.605
2366.813
2367.021
2367.229
2367.44
2367.716
2367.992
2368.268
2368.544
2368.82
2369.096
2369.372
2369.648
2369.924
2370.2
2370.476
2370.752
2371.025
2371.258
2371.49
2371.722
2371.955
2372.188
2372.42
2372.778
2373.136
2373.494
2373.852
2374.21
2374.568
2374.926
2375.284
2375.642
2376.0
2376.358
2376.716
2377.07
2377.87
2378.235
2378.6
2378.965
2379.33
2379.695
2380.06
2380.425
2380.79
2381.155
2381.52
2381.885
2382.25
2382.61
2382.882
2383.154
2383.426
2383.698
2383.97
2384.242
2384.514
2384.786
2385.058
2385.33
2385.6
2385.991
2386.382
2386.773
2387.164
2387.555
2387.946
2388.34
2388.865
2389.39
2389.915
2390.44
2390.965
2391.49
2392.015
2392.54
2393.065
2393.59
2394.12
2394.781
2395.442
2396.103
2396.764
2397.425
2398.086
2398.747
2399.408
2400.069
2400.73
2401.391
2402.052
2402.713
2403.374
2404.035
2404.696
2405.36
2406.033
2406.706
2407.379
2408.052
2408.725
2409.398
2410.071
2410.74
2411.012
2411.284
2411.556
2411.828
2412.1
2412.372
2412.644
2412.916
2413.188
2413.46
2413.732
2414.004
2414.276
2414.548
2414.82
2415.249
2415.678
2416.107
2416.536
2416.965
2417.394
2417.823
2418.252
2418.681
2419.107
2419.889
2420.671
2421.453
2422.235
2423.017
2423.8
2424.104
2424.408
2424.712
2425.016
2425.321
2425.82
2427.59
2428.25
2428.5
2428.75
2429.0
2429.25
2429.5
2429.75
2430.0
2430.25
2430.423
2430.596
2430.769
2430.942
2431.115
2431.288
2431.461
2431.636
2431.943
2432.251
2432.559
2432.867
2433.175
2433.483
2433.791
2434.096
2434.59
2435.084
2435.578
2436.072
2436.566
2437.06
2437.539
2438.018
2438.497
2438.976
2439.274
2439.572
2439.87
2440.168
2440.466
2440.767
2441.84
2442.027
2442.214
2442.401
2442.588
2442.775
2442.96
2443.149
2443.338
2443.527
2443.716
2443.905
2444.094
2444.283
2444.472
2444.661
2444.85
2445.039
2445.228
2445.417
2445.61
2445.884
2446.158
2446.432
2446.706
2446.98
2447.805
2448.63
2449.455
2450.28
2451.105
2451.93
2452.125
2452.32
2452.515
2452.71
2452.905
2453.1
2453.295
2453.49
2453.685
2453.88
2454.076
2454.293
2454.51
2454.727
2454.944
2455.159
2456.93
2457.148
2457.366
2457.584
2457.802
2458.02
2458.238
2458.456
2458.67
2458.94
2459.21
2459.48
2459.75
2460.02
2460.29
2460.56
2460.83
2461.102
2463.056
2463.331
2463.606
2463.881
2464.156
2464.43
2464.941
2465.452
2465.963
2466.474
2466.985
2467.496
2468.01
2468.434
2468.858
2469.282
2469.706
2470.13
2470.554
2470.978
2471.402
2471.827
2474.662
2474.942
2475.222
2475.502
2475.782
2476.062
2476.342
2476.62
2477.054
2477.488
2477.922
2478.355
2478.593
2478.831
2479.069
2479.307
2479.544
2479.782
2480.02
2480.258
2480.495
2480.73
2481.037
2481.344
2481.651
2481.958
2482.265
2482.572
2482.88
2483.19
2483.575
2483.96
2484.345
2484.73
2485.115
2485.5
2485.885
2486.27
2486.655
2487.04
2487.42
2488.61
2488.933
2489.256
2489.579
2489.902
2490.225
2490.548
2490.87
2491.129
2491.388
2491.647
2491.906
2492.165
2492.424
2492.683
2492.94
2493.232
2493.524
2493.816
2494.108
2494.4
2494.692
2494.984
2495.276
2495.568
2495.86
2496.104
2496.348
2496.592
2496.836
2497.08
2497.324
2497.565
2498.105
2498.645
2499.185
2499.725
2500.265
2500.805
2501.345
2501.885
2502.425
2502.965
2503.51
2504.223
2504.936
2505.649
2506.362
2507.075
2507.79
2508.27
2508.75
2509.23
2509.437
2509.644
2509.85
2515.29
2515.546
2515.802
2516.058
2516.314
2516.57
2516.826
2517.082
2517.338
2517.59
2517.882
2518.174
2518.466
2518.758
2519.05
2519.34
2519.641
2519.942
2520.243
2520.544
2520.845
2521.146
2521.447
2521.748
2522.05
2522.297
2522.544
2522.791
2523.038
2523.285
2523.532
2523.779
2524.026
2524.27
2524.629
2524.988
2525.347
2525.706
2526.065
2526.424
2526.783
2527.142
2527.501
2527.86
2528.27
2528.68
2529.09
2529.5
2529.91
2530.32
2530.73
2531.055
2531.38
2531.705
2532.03
2532.355
2532.68
2533.005
2533.33
2533.577
2533.824
2534.071
2534.318
2534.565
2534.81
2535.311
2535.545
2535.779
2536.013
2536.247
2536.481
2536.715
2536.949
2537.185
2537.541
2537.897
2538.253
2538.61
2539.3
2540.004
2540.708
2541.412
2542.116
2542.82
2543.524
2544.228
2544.932
2545.636
2546.34
2547.044
2547.75
2548.183
2548.616
2549.049
2549.482
2549.915
2550.348
2550.781
2551.214
2551.647
2552.08
2552.513
2552.946
2558.004
2558.246
2558.488
2558.73
2558.972
2559.214
2559.456
2559.698
2559.94
2560.182
2560.424
2560.67
2560.918
2561.166
2561.414
2561.662
2561.91
2562.158
2562.406
2562.657
2563.201
2563.745
2564.289
2564.833
2565.377
2565.921
2566.465
2567.009
2567.553
2568.097
2568.64
2568.829
2569.018
2569.207
2569.396
2569.585
2569.774
2569.963
2570.15
2570.353
2570.556
2570.759
2570.962
2571.165
2571.368
2571.571
2571.775
2572.74
2573.45
2574.62
2574.949
2575.278
2575.607
2575.936
2576.265
2576.594
2576.924
2577.489
2578.054
2578.619
2579.184
2579.749
2580.314
2580.88
2581.23
2581.58
2581.93
2582.28
2582.63
2583.475
2584.32
2585.165
2586.01
2586.408
2586.806
2587.204
2587.602
2588.0
2588.398
2588.796
2589.088
2589.38
2589.672
2589.964
2590.256
2590.55
2592.99
2593.297
2593.604
2593.911
2594.218
2594.525
2594.83
2595.227
2595.624
2596.021
2596.418
2596.815
2597.212
2597.609
2598.006
2598.403
2598.8
2599.041
2599.282
2599.523
2599.764
2600.005
2600.246
2600.487
2600.728
2600.969
2601.21
2601.451
2601.69
2601.971
2602.252
2602.533
2602.814
2603.095
2603.376
2603.657
2603.94
2604.261
2604.582
2604.903
2605.224
2605.545
2605.866
2606.187
2606.508
2606.829
2607.15
2607.51
2607.87
2608.23
2608.59
2608.95
2609.31
2609.67
2610.03
2610.4
2610.77
2611.14
2611.51
2611.88
2612.25
2612.62
2612.99
2613.36
2613.672
2613.984
2614.296
2614.608
2614.92
2615.232
2615.544
2615.856
2616.168
2616.48
2616.792
2617.1
2617.516
2617.932
2618.348
2618.764
2619.18
2619.401
2619.622
2619.843
2620.064
2620.285
2620.506
2620.73
2620.914
2621.098
2621.282
2621.466
2621.65
2621.834
2622.018
2622.204
2624.143
2626.082
2628.02
2628.55
2629.08
2629.61
2630.14
2630.81
2631.312
2631.814
2632.316
2632.818
2633.32
2633.822
2634.324
2634.826
2635.328
2635.83
2636.144
2636.458
2636.772
2637.086
2637.4
2637.714
2638.028
2638.34
2638.829
2639.318
2639.807
2640.296
2640.785
2641.274
2641.763
2642.25
2642.424
2642.598
2642.772
2642.946
2643.12
2643.294
2643.468
2643.642
2643.816
2643.99
2644.16
2644.464
2644.768
2645.072
2645.376
2645.68
2645.984
2646.288
2646.592
2646.896
2647.2
2647.5
2648.034
2648.568
2649.102
2649.636
2650.17
2650.357
2650.544
2650.731
2650.918
2651.105
2651.292
2651.479
2651.666
2651.85
2652.778
2653.706
2654.633
2655.56
2656.488
2657.416
2658.343
2659.27
2660.198
2661.126
2662.053
2662.98
2663.506
2664.032
2664.558
2665.084
2665.61
2666.136
2666.662
2667.188
2667.714
2668.24
2670.562
2672.884
2675.206
2677.528
2679.85
2681.46
2681.858
2682.256
2682.653
2683.05
2683.955
2684.86
2685.765
2686.67
2687.17
2687.557
2687.944
2688.33
2689.124
2689.918
2690.712
2691.506
2692.3
2693.094
2693.888
2694.682
2695.476
2696.27
2697.064
2697.86
2698.091
2698.322
2698.553
2698.784
2699.015
2699.246
2699.477
2699.708
2699.939
2700.17
2700.4
2700.597
2700.794
2700.991
2701.188
2701.385
2701.582
2701.779
2701.976
2702.17
2702.94
2703.71
2704.48
2705.25
2706.02
2706.79
2707.93
2708.263
2708.596
2708.93
2710.367
2711.804
2713.24
2713.61
2713.98
2714.35
2714.783
2715.216
2715.65
2716.079
2716.508
2716.937
2717.366
2717.795
2718.224
2718.653
2719.082
2719.511
2719.94
2720.369
2720.798
2721.227
2721.656
2722.09
2722.508
2722.926
2723.344
2723.762
2724.18
2724.6
2725.115
2725.63
2726.354
2727.078
2727.802
2728.526
2729.25
2729.974
2730.698
2731.42
2732.409
2733.398
2734.387
2735.376
2736.365
2737.354
2738.343
2739.33
2739.578
2739.826
2740.074
2740.322
2740.57
2740.818
2741.066
2741.314
2741.56
2741.846
2742.132
2742.418
2742.704
2742.99
2743.276
2743.56
2743.834
2744.108
2744.382
2744.656
2744.93
2745.204
2745.478
2745.752
2746.026
2746.3
2746.574
2746.848
2747.122
2747.396
2747.67
2747.94
2748.18
2748.42
2748.66
2748.9
2749.14
2749.38
2749.62
2749.86
2750.1
2750.34
2750.58
2750.82
2751.06
2751.3
2751.54
2751.78
2752.078
2752.376
2752.674
2752.972
2753.27
2753.568
2753.866
2754.164
2754.462
2754.76
2755.058
2755.356
2755.654
2755.952
2756.254
2756.497
2756.74
2756.983
2757.226
2757.469
2757.713
2757.955
2758.197
2758.439
2758.681
2758.923
2759.165
2759.407
2759.649
2759.891
2760.129
2760.82
2761.556
2762.292
2763.028
2763.764
2764.5
2765.236
2765.972
2766.708
2767.444
2768.18
2768.916
2769.65
2770.06
2770.47
2770.88
2771.29
2771.7
2772.11
2772.52
2772.93
2773.14
2773.35
2773.56
2773.77
2773.98
2774.94
2775.9
2776.86
2777.82
2778.02
2778.22
2778.42
2778.62
2778.82
2779.02
2779.22
2779.42
2779.62
2779.82
2780.02
2780.22
2780.647
2781.074
2781.501
2781.928
2782.355
2782.782
2783.209
2783.636
2784.06
2784.368
2784.676
2784.984
2785.292
2785.6
2785.908
2786.216
2786.524
2786.835
2787.125
2787.415
2787.705
2787.995
2788.287
2788.554
2788.821
2789.088
2789.355
2789.62
2789.984
2790.348
2790.712
2791.076
2791.44
2791.804
2792.168
2792.532
2792.896
2793.26
2793.62
2794.199
2794.778
2795.357
2795.936
2796.515
2797.094
2797.673
2798.252
2798.831
2799.41
2799.989
2800.568
2801.147
2801.73
2802.517
2803.304
2804.091
2804.878
2805.665
2806.452
2807.239
2808.026
2808.81
2809.084
2809.358
2809.632
2809.906
2810.18
2810.454
2810.728
2811.002
2811.28
2811.78
2812.072
2812.364
2812.656
2812.948
2813.24
2813.532
2813.824
2814.116
2814.408
2814.7
2814.97
2815.24
2815.51
2815.78
2816.05
2816.309
2816.568
2816.827
2817.086
2817.345
2817.604
2817.863
2818.122
2818.381
2818.64
2818.9
2819.306
2819.712
2820.118
2820.524
2820.93
2821.336
2821.742
2822.148
2822.554
2822.959
2823.544
2824.129
2824.714
2825.299
2825.884
2826.469
2827.054
2827.639
2828.224
2828.809
2829.394
2829.979
2830.56
2831.049
2831.538
2832.027
2832.516
2833.005
2833.494
2833.983
2834.472
2834.961
2835.45
2835.939
2836.428
2836.92
2837.915
2838.134
2838.353
2838.572
2838.791
2839.01
2839.229
2839.448
2839.665
2839.985
2840.305
2840.625
2840.945
2841.265
2841.89
2842.241
2842.592
2842.943
2843.294
2843.645
2843.996
2844.347
2844.698
2845.049
2845.4
2845.734
2846.068
2846.402
2846.736
2847.07
2847.404
2847.738
2848.072
2848.41
2848.753
2849.097
2849.441
2849.784
2850.128
2850.472
2850.816
2851.159
2851.503
2851.845
2852.342
2852.839
2853.336
2853.833
2854.33
2854.535
2854.74
2854.945
2855.15
2855.355
2855.56
2855.765
2855.97
2856.175
2856.38
2856.59
2856.846
2857.102
2857.358
2857.614
2857.87
2858.126
2858.382
2858.638
2858.894
2859.15
2859.394
2859.638
2859.882
2860.126
2860.37
2860.614
2860.858
2861.102
2861.346
2861.59
2862.158
2862.726
2863.294
2863.862
2864.43
2864.999
2865.168
2865.337
2865.506
2865.675
2865.844
2866.013
2866.182
2866.351
2866.52
2866.689
2866.858
2867.027
2867.196
2867.365
2867.54
2867.74
2869.453
2871.166
2872.879
2874.592
2876.305
2878.02
2878.565
2879.11
2879.655
2880.2
2880.745
2881.29
2881.835
2882.38
2882.925
2883.47
2884.016
2884.683
2885.35
2886.017
2886.684
2887.351
2888.02
2888.268
2888.516
2888.764
2889.012
2889.26
2889.508
2889.756
2890.002
2893.97
2894.388
2894.806
2895.224
2895.642
2896.06
2896.478
2896.896
2897.314
2897.73
2898.099
2898.468
2898.837
2899.206
2899.575
2899.944
2900.313
2900.682
2901.051
2901.42
2901.733
2902.046
2902.358
2902.671
2902.983
2903.296
2903.608
2903.92
2904.293
2904.666
2905.039
2905.412
2905.785
2906.16
2906.434
2906.708
2906.982
2907.256
2907.53
2907.804
2908.078
2908.352
2908.626
2908.9
2909.17
2909.727
2910.284
2910.841
2911.398
2911.955
2912.51
2912.862
2913.214
2913.566
2913.918
2914.27
2914.622
2914.974
2915.326
2915.678
2916.03
2916.382
2916.734
2917.086
2917.438
2917.79
2918.223
2918.656
2919.089
2919.522
2919.955
2920.388
2920.821
2921.254
2921.687
2922.12
2922.55
2922.78
2923.01
2923.24
2923.47
2923.7
2923.93
2924.16
2924.39
2924.62
2924.887
2925.154
2925.421
2925.688
2925.955
2926.22
2926.846
2927.472
2928.098
2928.724
2929.35
2929.976
2930.6
2931.364
2932.128
2932.892
2933.656
2934.42
2935.184
2935.95
2936.518
2937.086
2937.654
2938.222
2938.79
2939.358
2939.926
2940.494
2941.06
2941.35
2941.64
2941.93
2942.22
2942.51
2942.8
2943.09
2943.38
2943.67
2943.96
2944.25
2944.54
2944.83
2945.117
2945.321
2945.525
2945.729
2945.933
2946.137
2946.341
2946.545
2946.749
2946.95
2947.235
2947.52
2947.805
2948.09
2948.375
2948.66
2949.323
2949.986
2950.649
2951.312
2951.975
2952.638
2953.301
2953.964
2954.627
2955.29
2956.052
2956.814
2957.576
2958.338
2959.1
2959.862
2960.624
2961.386
2962.15
2962.731
2963.312
2963.893
2964.474
2965.055
2965.636
2966.22
2966.738
2967.256
2967.774
2968.292
2968.81
2969.328
2969.846
2970.364
2970.88
2971.312
2971.744
2972.176
2972.608
2973.04
2973.472
2973.904
2974.336
2974.768
2975.2
2975.632
2976.064
2976.5
2976.801
2977.102
2977.403
2977.704
2978.005
2978.306
2978.607
2978.908
2979.209
2979.51
2979.81
2980.13
2980.45
2980.77
2981.09
2981.41
2981.73
2982.05
2982.354
2982.658
2982.962
2983.266
2983.57
2983.874
2984.178
2984.482
2984.786
2985.09
2985.394
2985.698
2986.002
2986.306
2986.61
2986.91
2990.37
2990.624
2990.878
2991.132
2991.386
2991.64
2991.894
2992.148
2992.402
2992.66
2992.972
2993.285
2993.597
2993.91
2994.222
2994.535
2994.847
2995.16
2995.472
2995.785
2996.097
2996.41
2997.08
2997.391
2997.702
2998.013
2998.324
2998.635
2998.946
2999.257
2999.568
2999.879
3000.19
3000.549
3000.908
3001.267
3001.626
3001.985
3002.344
3002.703
3003.062
3003.42
3003.926
3004.432
3004.938
3005.444
3005.95
3006.628
3007.307
3007.985
3008.664
3009.343
3010.021
3010.7
3011.378
3011.707
3012.036
3012.365
3012.64
3012.915
3013.19
3013.465
3013.74
3014.116
3014.492
3014.868
3015.244
3015.62
3015.996
3016.37
3016.649
3016.928
3017.207
3017.486
3017.765
3018.044
3018.323
3018.602
3018.881
3019.16
3019.439
3019.72
3020.095
3020.47
3020.845
3021.22
3021.595
3021.97
3022.345
3022.72
3023.095
3023.47
3023.84
3024.173
3024.506
3024.839
3025.172
3025.505
3025.838
3026.17
3026.587
3027.004
3027.421
3027.838
3028.255
3028.672
3029.09
3029.431
3029.772
3030.113
3030.454
3030.795
3031.136
3031.477
3031.82
3032.295
3032.77
3033.245
3033.72
3034.195
3034.67
3035.107
3035.544
3035.981
3036.418
3036.855
3037.292
3037.729
3038.166
3038.6
3039.238
3039.876
3040.514
3041.152
3041.79
3042.43
3042.724
3043.018
3043.312
3043.606
3043.9
3044.194
3044.488
3044.782
3045.075
3045.292
3045.509
3045.726
3045.943
3046.16
3046.377
3046.594
3046.811
3047.03
3047.239
3047.448
3047.657
3047.866
3048.075
3048.284
3048.493
3048.7
3049.202
3049.705
3050.207
3050.709
3051.211
3051.713
3052.216
3052.72
3053.025
3053.33
3053.635
3053.94
3054.245
3054.55
3054.855
3055.16
3055.465
3055.77
3056.08
3056.42
3056.76
3057.1
3057.44
3057.78
3058.12
3058.46
3058.8
3059.14
3059.48
3059.82
3060.16
3060.5
3060.84
3061.18
3061.52
3061.86
3062.296
3062.732
3063.168
3063.604
3064.04
3064.476
3064.912
3065.348
3065.784
3066.22
3066.531
3066.842
3067.153
3067.464
3067.775
3068.086
3068.397
3068.708
3069.02
3069.432
3069.844
3070.256
3070.668
3071.08
3071.49
3071.97
3072.45
3072.93
3073.41
3073.89
3074.37
3074.85
3075.33
3075.81
3076.29
3076.791
3077.292
3077.793
3078.294
3078.795
3079.296
3079.797
3080.3
3080.563
3080.826
3081.089
3081.352
3081.615
3081.878
3082.141
3082.407
3082.586
3082.765
3082.944
3083.123
3083.302
3083.481
3083.66
3083.839
3084.018
3084.197
3084.376
3084.555
3084.74
3084.975
3085.21
3085.445
3085.68
3085.915
3086.15
3086.385
3086.62
3086.855
3087.09
3087.803
3088.515
3089.227
3089.94
3090.191
3090.442
3090.693
3090.944
3091.195
3091.446
3091.697
3091.948
3092.199
3092.45
3092.662
3092.874
3093.086
3093.298
3093.51
3093.72
3094.2
3094.68
3095.16
3095.389
3095.618
3095.847
3096.076
3096.305
3096.534
3096.763
3096.992
3097.221
3097.45
3097.679
3097.908
3098.137
3098.37
3098.901
3099.432
3099.963
3100.494
3101.025
3101.556
3102.09
3102.327
3102.564
3102.801
3103.038
3103.275
3103.512
3103.749
3103.986
3104.223
3104.46
3104.7
3105.489
3106.278
3107.067
3107.856
3108.645
3109.434
3110.223
3111.01
3111.22
3111.43
3111.64
3111.85
3112.06
3112.27
3112.48
3112.69
3113.072
3113.454
3113.836
3114.218
3114.6
3114.982
3115.364
3115.746
3116.128
3116.51
3116.892
3117.274
3117.65
3117.916
3118.182
3118.448
3118.714
3118.98
3119.246
3119.512
3119.778
3120.044
3120.31
3120.576
3120.842
3121.108
3121.37
3121.679
3121.988
3122.297
3122.606
3122.915
3123.224
3123.533
3123.842
3124.151
3124.46
3124.853
3125.246
3125.639
3126.032
3126.425
3126.818
3127.211
3127.604
3128.0
3128.426
3128.852
3129.278
3129.704
3130.13
3130.689
3131.248
3131.807
3132.366
3132.925
3133.484
3134.043
3134.6
3134.966
3135.332
3135.698
3136.064
3136.43
3136.796
3137.162
3137.528
3137.894
3138.26
3138.626
3138.992
3139.356
3140.447
3141.538
3142.629
3143.72
3144.287
3144.854
3145.421
3145.99
3146.679
3147.368
3148.057
3148.746
3149.435
3150.124
3150.813
3151.5
3151.833
3152.166
3152.499
3152.832
3153.165
3153.498
3153.831
3154.164
3154.497
3154.83
3155.16
3155.805
3156.45
3157.095
3157.74
3158.274
3158.808
3159.342
3159.876
3160.41
3160.944
3161.478
3162.01
3162.543
3163.076
3163.609
3164.142
3164.675
3165.208
3165.741
3166.274
3166.807
3167.34
3167.873
3168.41
3168.742
3169.074
3169.405
3169.736
3170.068
3170.399
3171.324
3172.249
3173.174
3174.099
3175.024
3178.72
3178.967
3179.214
3179.461
3179.708
3179.955
3180.202
3180.449
3180.696
3180.943
3181.19
3181.44
3181.785
3182.13
3182.475
3182.82
3183.165
3183.51
3183.855
3184.2
3184.517
3184.834
3185.151
3185.468
3185.785
3186.102
3186.416
3188.66
3189.496
3190.332
3191.168
3192.005
3192.841
3193.679
3195.226
3196.773
3198.32
3199.46
3200.9
3201.142
3201.384
3201.626
3201.868
3202.11
3202.35
3202.742
3203.135
3203.528
3203.92
3204.206
3204.492
3204.778
3205.064
3205.35
3205.636
3205.92
3206.953
3207.986
3209.019
3210.052
3211.085
3212.118
3213.15
3213.99
3214.83
3215.67
3216.51
3216.923
3217.336
3217.749
3218.162
3218.574
3219.43
3220.286
3221.142
3221.998
3222.854
3223.71
3224.173
3224.636
3225.1
3225.429
3225.758
3226.088
3226.393
3226.698
3227.003
3227.308
3227.613
3227.918
3228.223
3228.528
3228.853
3229.178
3229.503
3229.828
3230.153
3230.478
3230.803
3231.128
3231.456
3232.267
3232.491
3232.715
3232.939
3233.163
3233.387
3233.611
3233.835
3234.058
3234.383
3234.708
3235.033
3235.358
3235.683
3236.008
3236.336
3236.856
3237.376
3237.896
3238.417
3238.632
3238.847
3239.062
3239.277
3239.492
3239.707
3239.922
3240.137
3240.352
3240.567
3240.782
3241.0
3241.318
3241.636
3241.954
3242.272
3242.59
3242.908
3243.226
3243.544
3243.862
3244.18
3244.5
3244.673
3244.846
3245.019
3245.192
3245.365
3245.538
3245.711
3245.884
3246.057
3246.23
3246.411
3246.592
3246.773
3246.954
3247.135
3247.316
3247.497
3247.82
3248.143
3248.466
3248.788
3248.827
3248.866
3248.905
3248.944
3248.983
3249.022
3249.061
3249.1
3249.139
3249.178
3249.218
3249.703
3250.188
3250.673
3251.158
3251.643
3252.128
3252.613
3252.789
3252.965
3253.141
3253.317
3253.493
3253.669
3253.845
3254.021
3254.196
3254.373
3254.55
3254.727
3254.904
3255.081
3255.258
3255.435
3255.612
3255.86
3256.108
3256.356
3256.604
3256.852
3257.1
3257.348
3257.596
3257.844
3258.09
3258.767
3259.444
3260.122
3260.8
3261.139
3261.478
3261.817
3262.156
3262.495
3262.834
3263.173
3263.512
3263.851
3264.19
3264.492
3264.794
3265.096
3265.398
3265.7
3266.002
3266.304
3266.606
3266.908
3267.21
3267.636
3268.062
3268.488
3268.914
3269.34
3269.766
3270.19
3270.643
3271.096
3271.549
3272.002
3272.455
3272.908
3273.361
3273.814
3274.267
3274.72
3275.173
3275.63
3275.993
3276.356
3276.719
3277.082
3277.445
3277.808
3278.17
3278.4
3278.63
3278.86
3279.09
3279.32
3279.55
3279.78
3280.176
3280.572
3280.968
3281.364
3281.76
3282.156
3282.552
3282.948
3283.344
3283.74
3284.091
3284.442
3284.793
3285.144
3285.495
3285.846
3286.196
3288.01
3288.993
3289.976
3290.959
3291.942
3292.925
3293.908
3294.891
3295.874
3296.857
3297.84
3298.82
3299.14
3299.46
3299.78
3300.1
3300.42
3300.74
3301.06
3301.38
3301.7
3302.02
3302.34
3302.724
3303.108
3303.492
3303.876
3304.26
3304.644
3305.03
3305.229
3305.428
3305.627
3305.826
3306.025
3306.224
3306.423
3306.622
3306.821
3307.02
3307.219
3307.42
3307.696
3307.972
3308.248
3308.524
3308.8
3309.076
3309.35
3309.751
3310.153
3310.554
3310.956
3311.358
3311.76
3312.162
3312.562
3312.752
3312.942
3313.132
3313.322
3313.512
3313.702
3313.892
3314.082
3314.27
3315.625
3316.98
3318.335
3319.69
3321.045
3322.4
3323.755
3325.11
3326.465
3327.82
3329.17
3330.41
3331.65
3332.889
3333.426
3333.963
3334.5
3335.037
3335.574
3336.111
3336.648
3337.185
3337.72
3337.72
