21.57
21.818
22.066
22.314
22.562
22.81
23.058
23.306
23.554
23.8
24.08
24.36
24.64
24.92
25.2
25.48
25.76
26.04
26.32
26.6
26.88
27.04
27.2
27.36
27.52
27.68
27.84
28.0
28.16
28.32
28.708
29.096
29.484
29.872
30.26
30.648
31.036
31.424
31.812
32.2
32.59
32.932
33.274
33.616
33.958
34.3
34.642
34.984
35.326
35.668
36.01
36.352
36.69
37.082
37.474
37.866
38.26
38.975
39.69
40.405
41.12
41.835
42.55
43.265
43.98
45.017
46.055
46.609
47.163
47.717
48.271
48.825
49.38
49.63
49.88
50.13
50.38
50.63
50.88
51.13
51.343
51.556
51.769
51.982
52.195
52.408
52.621
52.834
53.047
53.816
54.585
55.354
56.123
56.892
57.661
58.43
59.199
59.968
60.737
61.505
61.786
62.067
62.348
62.63
62.899
63.168
63.437
63.706
63.975
64.244
64.51
64.879
65.248
65.617
65.986
66.355
66.724
67.093
67.462
67.831
68.2
68.452
68.704
68.956
69.208
69.46
69.712
69.964
70.216
70.468
70.72
70.97
71.25
71.53
71.81
72.09
72.37
72.65
72.93
73.21
74.044
74.878
75.712
76.546
77.38
78.214
79.048
79.882
80.716
81.55
82.384
83.22
83.877
84.534
85.191
85.848
86.505
87.162
87.819
88.476
89.13
89.727
90.325
90.922
91.519
92.117
92.715
93.312
93.91
94.333
94.756
95.179
95.602
96.025
96.448
96.871
97.294
97.717
98.14
98.47
98.8
99.13
99.46
99.79
100.12
100.45
100.78
101.11
101.439
101.647
101.855
102.063
102.271
102.48
102.673
102.866
103.059
103.252
103.445
103.638
103.831
104.024
104.217
104.41
104.76
105.11
105.46
105.81
106.16
106.51
106.86
107.193
107.526
107.859
108.192
108.525
108.86
109.141
109.422
109.703
109.984
110.265
110.546
110.829
111.06
111.291
111.522
111.753
111.984
112.215
112.446
112.677
112.908
113.139
113.37
113.86
114.35
114.84
115.33
115.82
116.31
116.8
117.29
117.601
117.912
118.223
118.534
118.846
119.504
120.161
120.386
120.611
120.836
121.061
121.286
121.511
121.736
121.961
122.186
122.41
122.799
123.188
123.577
123.966
124.355
124.744
125.133
125.522
125.911
126.3
126.69
127.098
127.506
127.914
128.322
128.73
129.138
129.546
129.954
130.362
130.77
131.178
131.59
131.992
132.394
132.796
133.198
133.6
134.002
134.404
134.806
135.21
135.56
135.91
136.26
136.61
136.96
137.31
137.66
138.704
139.748
140.792
141.836
142.88
143.924
144.968
146.012
147.06
147.737
148.414
149.091
149.768
150.445
150.904
151.363
151.822
152.281
152.74
153.2
153.659
154.118
154.577
155.04
155.375
155.71
156.045
156.38
156.715
157.05
157.385
157.72
157.968
158.216
158.464
158.712
158.96
159.208
159.456
159.704
159.95
160.562
161.174
161.787
162.098
162.409
162.72
163.031
163.342
163.653
163.964
164.275
164.589
164.895
165.201
165.507
165.813
166.119
166.425
166.73
167.075
167.42
167.765
168.11
168.455
168.8
169.145
169.49
169.816
170.142
170.468
170.794
171.12
174.19
174.761
175.332
175.903
176.474
177.045
177.616
178.187
178.758
179.329
179.9
180.471
181.038
181.334
181.63
181.926
182.222
182.52
183.053
183.586
184.119
184.652
185.185
185.718
186.251
186.784
187.317
187.852
188.046
188.24
188.435
188.979
189.523
190.067
190.611
191.155
191.699
192.24
192.531
192.822
193.113
193.404
193.695
193.986
194.277
194.568
194.862
195.209
195.556
195.903
196.612
196.89
197.168
197.446
197.724
198.002
198.278
199.07
199.278
199.486
199.694
199.902
200.11
200.318
200.526
200.736
201.092
201.448
201.804
202.16
202.516
202.87
203.277
203.684
204.091
204.498
204.905
205.312
205.719
206.126
206.53
206.894
207.258
207.622
207.986
208.35
208.714
209.078
209.442
209.806
210.17
210.541
210.912
211.283
211.654
212.025
212.396
212.767
213.138
213.509
213.88
214.251
214.62
214.837
215.054
215.271
215.488
215.705
215.922
216.139
216.356
216.57
217.007
217.444
217.881
218.318
218.755
219.192
219.629
220.069
220.546
221.023
221.5
221.977
222.454
222.931
223.408
223.885
224.36
224.564
224.768
224.972
225.176
225.38
225.584
225.788
225.992
226.2
226.451
226.702
226.953
227.204
227.455
227.706
227.957
228.208
228.46
228.86
229.26
229.66
230.06
230.46
230.86
231.46
232.06
232.66
233.26
233.86
234.46
235.06
235.66
236.26
236.547
236.834
237.121
237.409
237.696
237.983
238.27
238.56
238.932
239.304
239.676
240.048
240.42
240.792
241.164
241.536
241.908
242.28
242.652
243.024
243.4
244.513
245.626
246.739
247.852
248.965
250.078
251.19
252.043
252.896
253.75
254.131
254.512
254.893
255.274
255.552
255.83
256.108
256.386
256.664
256.94
257.884
258.828
259.772
260.716
261.66
261.936
262.212
262.488
262.764
263.04
263.316
263.592
263.87
264.136
264.402
264.668
264.934
265.2
265.466
265.732
265.998
266.26
266.624
266.988
267.352
267.716
268.08
268.444
268.81
269.057
269.304
269.551
269.798
270.045
270.29
270.561
270.832
271.103
271.374
271.645
271.916
272.187
272.458
272.729
273.0
273.271
273.54
274.004
274.468
274.932
275.396
275.86
276.324
276.788
277.252
277.716
278.18
278.644
279.108
279.57
280.032
280.494
280.957
281.419
281.881
282.343
282.805
283.27
283.523
283.776
284.029
284.282
284.535
284.788
285.041
285.294
285.55
286.442
287.334
291.69
292.275
292.86
293.286
293.712
294.138
294.564
294.99
295.416
295.842
296.268
296.694
297.12
297.369
297.618
297.867
298.116
298.365
298.614
298.863
299.112
299.36
299.735
300.11
300.485
300.86
301.235
301.61
301.985
302.36
302.588
302.816
303.044
303.272
303.5
303.728
303.955
304.241
304.527
305.395
306.263
307.131
307.999
308.867
309.735
310.603
311.471
312.34
313.004
313.668
314.332
314.996
315.66
316.324
316.985
317.468
317.951
318.434
318.917
319.4
319.883
320.366
320.849
321.332
321.815
322.621
323.427
324.233
325.039
325.845
326.65
327.28
327.91
328.331
328.752
329.173
329.594
330.017
330.193
330.369
330.545
330.721
330.897
331.073
331.249
331.425
331.6
331.959
332.318
332.677
333.036
333.395
333.754
334.11
334.513
334.916
335.32
335.584
335.848
336.112
336.376
336.64
336.847
337.054
337.261
337.468
337.675
337.882
338.089
338.299
339.18
340.061
340.942
341.823
342.704
343.586
343.951
344.316
344.68
345.044
346.007
346.97
347.933
348.896
349.859
350.113
350.367
350.621
350.875
351.129
351.383
351.637
351.891
352.145
352.4
352.899
353.205
353.511
353.817
354.123
354.429
354.735
355.041
355.347
355.653
355.959
356.27
356.72
357.17
357.62
358.07
358.52
358.97
359.354
359.738
360.122
360.506
360.89
361.274
361.658
362.042
362.43
362.979
363.528
364.077
364.626
365.175
365.724
366.273
366.822
367.37
367.733
368.096
368.459
368.822
369.185
369.55
370.217
370.884
371.551
372.218
372.885
373.552
374.219
375.077
375.935
376.793
377.651
378.51
379.37
380.293
381.216
382.139
383.062
383.985
384.908
385.83
386.297
386.764
387.231
387.698
388.165
388.632
389.099
389.566
390.033
390.5
391.07
391.447
391.825
392.202
392.58
392.872
393.164
393.456
393.748
394.04
394.332
394.624
394.916
395.208
395.5
395.961
396.422
396.883
397.344
397.805
398.266
398.727
399.188
399.65
400.06
400.47
400.88
401.29
401.7
402.065
402.43
402.796
405.897
406.73
408.454
410.178
411.902
413.626
415.35
415.574
415.798
416.022
416.246
416.47
416.694
416.918
417.142
417.366
417.59
418.333
419.076
419.819
420.562
421.305
422.048
422.791
423.534
423.867
424.2
424.533
424.866
425.2
425.76
425.905
426.05
426.195
426.34
426.485
426.63
426.775
426.92
427.065
427.21
427.355
427.5
427.695
427.89
428.085
428.28
428.475
428.671
428.866
429.061
429.256
429.455
429.986
430.517
431.048
431.579
432.11
432.64
433.452
434.856
436.26
437.664
439.068
440.474
441.14
441.343
441.546
441.749
441.952
442.155
442.358
442.561
442.764
442.967
443.17
443.37
443.543
443.716
443.889
444.062
444.235
444.408
444.581
444.754
444.927
445.1
445.273
445.446
445.62
446.004
446.388
446.772
447.156
447.54
447.924
448.308
448.695
450.262
451.829
453.397
454.964
456.531
458.1
458.56
459.02
459.48
459.94
460.19
460.44
460.69
460.94
461.19
461.44
461.952
462.464
462.976
463.488
464.0
464.512
465.024
465.54
465.803
466.065
466.327
466.589
466.851
467.115
467.74
468.11
468.48
468.85
469.22
469.59
469.96
470.33
470.7
470.98
471.26
471.54
471.82
472.1
472.38
472.66
472.94
473.22
473.5
473.78
474.06
474.367
474.674
474.981
475.288
475.595
475.902
476.21
476.487
476.764
477.042
477.319
477.596
477.874
478.152
478.429
478.707
478.985
479.263
479.54
479.875
480.21
480.545
480.88
481.215
481.55
481.886
482.222
482.558
482.894
483.23
483.566
483.902
484.238
484.574
484.91
485.186
485.462
485.738
486.014
486.29
486.566
486.842
487.118
487.394
487.67
487.946
488.222
488.498
488.774
489.05
489.33
489.836
490.342
490.848
491.354
491.86
492.366
492.872
493.378
493.884
494.39
494.897
495.095
495.293
495.491
495.689
495.887
496.085
496.283
496.48
496.651
496.822
496.993
497.164
497.335
497.506
497.677
497.848
498.021
498.264
498.507
498.75
498.993
499.236
499.479
499.722
499.965
500.208
500.451
500.69
501.036
501.382
501.728
502.074
502.42
502.766
503.112
503.46
503.761
504.062
504.363
504.664
504.965
505.266
505.567
505.868
506.17
506.644
507.118
507.592
508.066
508.54
509.014
509.49
509.793
510.096
510.399
510.702
511.005
511.308
511.61
512.148
512.686
513.224
513.762
514.3
514.838
515.376
515.914
516.452
516.99
517.528
518.066
518.604
519.142
519.68
520.22
521.881
523.543
525.205
526.866
527.091
527.316
527.541
527.766
527.99
528.352
528.714
529.076
529.438
529.8
530.16
530.504
530.848
531.192
531.536
531.88
532.224
532.568
532.912
533.26
533.778
534.296
534.814
535.33
535.603
535.876
536.149
536.422
536.695
536.968
537.241
537.514
537.79
538.248
538.706
539.164
539.622
540.08
540.538
540.996
541.454
541.912
542.37
542.827
543.284
543.741
544.198
544.655
545.112
545.569
546.026
546.483
546.94
547.485
548.03
548.575
549.12
549.665
550.209
550.395
550.581
550.767
550.953
551.139
551.325
551.511
551.697
551.883
552.069
552.25
552.498
552.746
552.994
553.242
553.49
553.738
553.986
554.234
554.482
554.73
554.978
555.23
555.615
556.0
556.385
556.77
557.155
557.54
557.925
558.31
558.695
559.08
559.47
560.008
560.546
561.084
561.622
562.16
562.698
563.236
563.774
564.312
564.85
565.388
565.926
566.464
567.002
567.54
568.08
568.455
568.83
569.205
569.58
569.955
570.33
570.705
571.08
571.455
571.83
573.713
575.596
577.48
578.015
578.55
579.085
579.62
580.155
580.69
581.225
581.76
582.295
582.83
583.36
583.807
584.254
584.701
585.148
585.595
586.042
586.489
586.936
587.383
587.83
588.277
588.72
589.019
589.318
589.617
589.916
590.215
590.514
590.81
591.181
591.552
591.923
592.294
592.665
593.036
593.407
593.778
594.149
594.52
594.891
595.257
595.516
595.775
596.034
596.293
596.552
596.811
597.07
597.329
597.59
598.036
598.482
598.928
599.374
599.822
600.18
600.538
600.896
601.254
601.612
601.97
602.328
602.683
603.147
603.611
604.075
604.539
605.003
605.467
605.93
606.6
607.27
607.592
607.914
608.236
608.558
608.88
609.202
609.524
609.846
610.17
610.381
610.592
610.803
611.014
611.225
611.436
611.647
611.861
612.111
612.361
612.611
612.861
613.111
613.361
613.61
613.992
614.374
614.756
615.138
615.52
615.902
616.284
616.666
617.048
617.43
618.063
618.696
619.33
619.577
619.824
620.071
620.318
620.565
620.812
621.059
621.306
621.553
621.8
622.047
622.294
622.54
623.09
623.64
624.19
624.74
625.266
625.792
626.318
626.844
627.37
627.896
628.42
628.68
628.94
629.2
629.46
629.72
629.98
630.24
630.5
630.784
631.068
631.352
631.636
631.92
632.204
632.488
632.772
633.056
633.34
633.624
633.908
634.192
634.472
634.645
634.818
634.991
635.164
635.337
635.51
635.68
636.3
636.92
637.54
638.16
638.78
639.4
639.803
640.206
640.609
641.012
641.415
641.82
644.7
645.45
645.638
645.826
646.014
646.202
646.39
646.578
646.766
646.954
647.142
647.334
647.561
647.788
648.015
648.242
648.485
648.728
648.971
649.214
649.457
649.7
650.103
650.506
650.909
651.312
651.715
652.118
653.549
654.98
655.91
656.84
657.65
658.145
658.64
659.135
659.63
660.125
660.62
661.115
661.61
662.105
662.6
663.09
663.452
663.814
664.176
664.538
664.9
665.262
665.624
665.986
666.348
666.71
667.072
667.43
667.729
668.028
668.327
668.626
668.925
669.224
669.523
669.822
670.12
670.635
671.15
671.665
672.18
672.695
673.21
673.725
674.24
674.875
675.51
676.145
676.78
677.415
678.05
678.685
679.32
679.955
680.589
680.917
681.245
681.573
681.901
682.229
682.557
682.884
683.203
683.522
683.841
684.16
684.479
684.8
685.839
686.878
687.917
688.956
689.995
691.034
692.07
692.303
692.536
692.769
693.002
693.235
693.468
693.701
693.934
694.167
694.4
694.633
694.866
695.074
695.282
695.49
695.698
695.906
696.114
696.322
696.53
696.74
697.058
697.376
697.694
698.012
698.33
698.65
698.957
699.264
699.572
699.88
700.188
700.495
700.803
701.11
701.466
701.822
702.178
702.534
702.89
703.246
703.6
704.735
705.87
707.005
708.14
709.275
710.41
711.545
712.68
713.043
713.406
713.769
714.132
714.495
714.86
715.234
715.608
715.982
716.356
716.73
717.267
717.804
718.341
718.878
719.415
719.952
720.489
721.026
721.56
722.032
722.504
722.976
723.448
723.92
724.39
724.898
725.406
725.913
726.421
726.929
727.437
727.945
728.45
728.771
729.092
729.413
729.734
730.055
730.376
730.7
731.142
731.584
732.026
732.468
732.91
733.297
733.684
734.071
734.458
734.845
735.232
735.619
736.006
736.39
736.705
737.02
737.335
737.65
737.965
738.28
738.595
738.91
739.225
739.54
739.855
743.547
743.811
744.075
744.339
744.603
744.867
745.13
745.354
745.578
745.802
746.026
746.25
746.56
746.87
747.18
747.49
747.8
748.11
748.42
748.73
748.971
749.212
749.453
749.694
749.935
750.176
750.417
750.658
750.9
751.477
752.054
752.631
753.208
753.785
754.36
754.659
754.958
755.257
755.556
755.856
761.46
761.994
762.528
763.062
763.596
764.13
764.664
765.2
765.82
765.994
766.168
766.342
766.516
766.69
766.888
767.086
767.284
767.482
767.68
767.878
768.076
768.273
768.584
768.895
769.206
769.517
769.828
770.139
770.45
770.762
772.73
773.093
773.456
773.819
774.182
774.545
774.91
775.444
775.978
776.512
777.046
777.58
777.906
778.232
778.558
778.884
779.21
779.536
779.862
780.188
780.514
780.84
781.195
781.55
781.905
782.26
782.615
782.97
783.325
783.68
784.035
784.39
784.572
784.754
784.936
785.118
785.3
785.48
786.0
786.52
787.04
787.56
788.08
788.6
789.211
789.822
790.434
790.642
790.85
791.058
791.266
791.474
791.682
791.89
792.1
792.523
792.946
793.369
793.79
794.14
794.49
794.84
795.19
795.54
795.89
796.175
796.46
796.745
797.03
797.315
797.599
797.854
798.109
798.364
798.619
798.874
799.129
799.384
799.639
799.89
800.45
801.01
801.57
802.13
802.69
803.25
803.81
804.174
804.538
804.902
805.266
805.63
805.945
806.26
806.575
806.89
807.205
807.52
807.835
808.15
808.465
808.78
809.095
809.41
810.86
812.31
813.76
815.21
815.797
816.384
816.971
817.558
818.145
818.732
819.319
819.906
820.493
821.08
821.667
822.25
822.972
823.694
824.416
825.138
825.86
826.58
826.806
827.032
827.258
827.484
827.71
827.936
828.162
828.39
828.706
829.022
829.338
829.654
829.97
830.286
830.602
830.92
832.01
833.1
834.19
835.28
836.37
837.225
838.08
838.935
839.79
840.645
841.5
841.735
841.97
842.205
842.44
842.675
842.912
843.625
844.337
845.049
845.761
846.473
847.185
847.897
848.612
849.366
850.12
850.874
851.207
851.54
851.873
852.206
852.54
852.832
853.124
853.416
853.708
854.0
854.29
855.35
856.41
857.47
858.53
859.59
859.798
860.006
860.214
860.422
860.63
860.838
861.046
861.254
861.462
861.67
861.88
862.138
862.396
862.653
862.91
863.19
863.47
863.75
864.03
864.31
864.59
864.87
865.507
866.144
866.782
867.42
867.665
867.91
868.155
868.4
868.645
868.89
869.135
869.38
869.625
869.87
870.115
870.36
870.738
871.116
871.494
871.872
872.25
872.643
873.036
873.428
873.82
874.092
874.364
874.636
874.908
875.18
875.452
875.724
875.996
876.268
876.54
876.762
876.984
877.206
877.428
877.65
877.872
878.094
878.316
878.538
878.76
879.24
879.72
880.2
880.68
881.16
881.64
881.803
881.966
882.129
882.292
882.455
882.618
882.781
882.944
883.107
883.27
883.433
883.596
883.759
883.922
884.08
884.364
884.648
884.932
885.216
885.5
885.771
886.042
886.313
886.584
886.855
887.126
887.397
887.668
887.939
888.21
888.481
888.752
889.02
889.596
890.172
890.748
891.324
891.9
892.476
893.05
894.421
895.792
897.163
898.534
899.905
901.276
902.647
904.018
905.389
906.76
908.131
909.5
909.846
910.192
910.538
910.884
911.23
911.576
911.922
912.27
912.716
913.162
913.608
914.054
914.5
914.946
915.392
915.838
916.28
917.42
918.56
919.7
920.84
921.98
922.276
922.572
922.868
923.164
923.46
923.756
924.052
924.348
924.644
924.94
925.236
925.532
925.828
926.124
926.42
926.716
927.01
927.601
928.192
928.783
929.374
929.965
930.556
931.147
931.738
932.329
932.92
933.511
934.102
934.693
935.28
935.734
936.188
936.642
937.096
937.55
938.004
938.458
938.912
939.37
939.958
940.546
941.134
943.022
943.675
944.328
944.981
945.634
946.287
946.94
947.59
947.835
948.08
948.325
948.57
948.815
949.06
950.04
951.02
951.97
952.913
953.856
954.798
955.74
956.118
956.496
956.874
957.252
957.63
958.01
958.297
958.584
958.871
959.158
959.445
959.732
960.019
960.304
961.06
969.24
969.43
969.62
969.81
970.0
970.19
970.38
970.57
970.76
971.005
971.25
971.495
971.74
971.985
972.23
972.475
972.72
973.072
973.424
973.776
974.128
974.48
974.832
975.184
975.536
975.888
976.24
976.592
976.944
977.296
977.65
978.17
978.69
979.21
979.73
980.25
980.77
981.29
981.81
982.33
982.85
983.211
983.572
983.933
984.294
984.655
985.016
985.377
985.738
986.099
986.46
986.821
987.182
987.54
987.734
987.928
988.122
988.316
988.51
988.704
988.898
989.092
989.29
989.739
990.188
990.637
991.086
991.535
991.984
992.433
992.88
993.257
993.634
994.012
994.389
994.766
995.143
995.521
995.9
996.648
997.396
998.144
998.892
999.64
1000.388
1001.136
1001.884
1002.632
1003.38
1004.128
1004.876
1005.624
1006.372
1007.12
1007.868
1008.616
1009.364
1010.112
1010.86
1011.608
1012.354
1012.562
1012.77
1012.978
1013.186
1013.394
1013.602
1013.81
1014.02
1014.247
1014.474
1014.701
1014.928
1015.155
1015.382
1015.61
1016.123
1016.636
1017.149
1017.662
1018.175
1018.688
1019.199
1019.443
1019.687
1019.931
1020.175
1020.419
1020.663
1020.907
1021.151
1021.395
1021.639
1021.883
1022.127
1022.371
1022.615
1022.859
1023.103
1023.347
1023.591
1023.84
1024.067
1024.294
1024.521
1024.748
1024.975
1025.202
1025.429
1025.656
1025.883
1026.11
1026.337
1026.564
1026.791
1027.018
1027.245
1027.472
1027.699
1027.92
1028.217
1028.514
1028.811
1029.108
1029.405
1029.688
1029.971
1030.254
1030.537
1030.82
1031.103
1031.385
1032.212
1033.039
1033.866
1034.693
1035.52
1036.349
1038.51
1038.69
1038.87
1039.05
1039.23
1039.41
1039.593
1045.53
1045.736
1045.942
1046.148
1046.354
1046.56
1046.766
1046.972
1047.178
1047.384
1047.59
1047.796
1048.002
1048.208
1048.414
1048.62
1048.826
1049.032
1049.238
1049.444
1049.65
1049.856
1050.069
1052.062
1054.055
1054.348
1054.641
1054.934
1055.227
1055.52
1055.813
1056.106
1056.4
1057.115
1058.24
1059.365
1060.49
1061.615
1061.849
1062.083
1062.317
1062.551
1062.785
1063.019
1063.253
1063.49
1063.719
1063.948
1064.177
1064.406
1064.635
1064.862
1065.6
1066.338
1067.076
1067.814
1068.552
1069.29
1069.932
1070.574
1071.216
1071.858
1072.5
1073.14
1074.57
1076.0
1077.43
1078.86
1079.424
1079.988
1080.552
1081.116
1081.68
1082.244
1082.808
1083.372
1083.936
1084.5
1085.064
1085.63
1085.894
1086.158
1086.422
1086.686
1086.95
1087.214
1087.478
1087.742
1088.01
1088.66
1089.31
1089.96
1090.61
1091.26
1091.806
1092.352
1092.898
1093.444
1093.99
1094.536
1095.082
1095.625
1096.09
1096.555
1097.02
1097.485
1097.95
1098.415
1098.88
1099.334
1099.788
1100.242
1100.695
1103.41
1106.125
1107.0
1107.611
1108.222
1108.833
1109.444
1110.055
1110.666
1111.277
1111.888
1112.499
1113.11
1113.721
1114.332
1114.94
1115.415
1115.89
1116.365
1116.84
1117.315
1117.79
1118.265
1118.74
1119.215
1119.69
1120.165
1120.64
1120.842
1121.044
1121.246
1121.448
1121.65
1121.852
1122.054
1122.256
1122.458
1122.66
1122.862
1123.064
1123.26
1123.629
1123.998
1124.367
1124.736
1125.105
1125.474
1125.843
1126.212
1126.581
1126.95
1127.32
1127.963
1128.606
1129.249
1129.892
1130.535
1131.178
1131.82
1132.062
1132.304
1132.546
1132.788
1133.03
1133.272
1133.514
1133.756
1133.998
1134.24
1134.482
1134.724
1134.97
1135.617
1136.264
1136.911
1137.558
1138.205
1138.852
1142.716
1146.58
1147.058
1147.536
1148.014
1148.492
1148.97
1149.448
1149.926
1150.404
1150.882
1151.36
1151.838
1152.316
1152.794
1153.272
1153.75
1154.228
1154.706
1155.184
1155.662
1156.14
1157.313
1158.486
1159.66
1167.206
1167.393
1167.58
1167.767
1167.954
1168.141
1168.328
1168.515
1168.702
1168.889
1169.08
1169.293
1169.506
1169.719
1169.932
1170.145
1170.358
1170.57
1170.785
1171.0
1171.215
1171.43
1171.645
1171.86
1172.324
1172.788
1173.252
1173.716
1174.18
1174.645
1174.989
1175.333
1175.677
1176.02
1176.2
1176.38
1176.561
1176.741
1176.921
1177.103
1177.531
1177.959
1178.387
1178.815
1179.243
1179.67
1179.961
1180.252
1180.543
1180.834
1181.125
1181.416
1181.707
1181.998
1182.289
1182.58
1182.871
1183.162
1183.453
1183.744
1184.035
1184.32
1184.642
1184.964
1185.286
1185.608
1185.93
1186.075
1186.22
1186.365
1186.51
1186.655
1186.8
1186.945
1187.09
1187.235
1187.38
1187.52
1187.881
1188.242
1188.603
1188.964
1189.325
1189.686
1190.047
1190.41
1190.729
1191.048
1191.367
1191.686
1192.005
1192.324
1192.643
1192.962
1193.281
1193.6
1193.824
1194.049
1194.274
1194.498
1194.723
1194.947
1195.169
1195.391
1195.613
1195.835
1196.057
1196.28
1196.78
1197.124
1197.468
1197.812
1198.156
1198.5
1198.844
1199.188
1199.532
1199.88
1200.161
1200.442
1200.723
1201.004
1201.285
1201.565
1202.278
1202.99
1203.459
1203.928
1204.397
1204.866
1205.335
1205.802
1206.971
1208.14
1209.31
1210.075
1210.84
1211.695
1212.55
1213.526
1214.502
1214.824
1215.146
1215.468
1215.79
1216.112
1216.435
1216.752
1217.069
1217.386
1217.703
1218.02
1218.337
1218.654
1218.971
1219.47
1219.92
1220.37
1220.82
1221.317
1221.814
1222.312
1222.81
1225.0
1225.412
1225.824
1226.236
1226.648
1227.06
1227.472
1227.884
1228.296
1228.708
1229.12
1229.532
1229.94
1230.853
1231.766
1232.679
1233.592
1234.505
1235.418
1236.331
1237.244
1238.16
1238.571
1238.982
1239.393
1239.804
1240.215
1240.626
1241.037
1241.448
1241.859
1242.27
1242.681
1243.092
1243.503
1243.92
1244.905
1245.89
1246.875
1247.86
1248.844
1250.103
1251.362
1252.62
1253.392
1254.165
1254.938
1255.71
1256.494
1257.278
1258.062
1258.846
1259.63
1260.414
1261.198
1261.98
1262.59
1263.2
1263.81
1264.42
1264.61
1264.8
1264.99
1265.18
1265.37
1265.56
1265.75
1265.94
1266.302
1266.664
1267.026
1267.388
1267.75
1267.949
1268.148
1268.347
1268.546
1268.745
1268.944
1269.143
1269.342
1269.541
1269.74
1269.939
1270.138
1270.337
1270.536
1270.74
1271.06
1271.38
1271.7
1272.02
1272.34
1272.66
1272.98
1273.3
1273.62
1273.905
1274.19
1274.475
1274.76
1275.045
1275.33
1275.615
1275.9
1276.185
1276.47
1276.755
1277.04
1277.325
1277.61
1277.895
1278.18
1278.465
1278.75
1279.03
1279.373
1279.716
1280.059
1280.402
1280.745
1281.088
1281.431
1281.774
1282.117
1282.46
1282.803
1283.146
1283.488
1284.06
1284.632
1285.204
1285.442
1285.68
1285.918
1286.156
1286.394
1286.632
1286.87
1287.178
1287.486
1287.794
1288.102
1288.41
1288.72
1289.066
1289.412
1289.758
1290.104
1290.45
1290.796
1291.14
1291.417
1291.694
1291.971
1292.248
1292.525
1292.802
1293.079
1293.356
1293.633
1293.91
1295.57
1295.825
1296.08
1296.335
1296.59
1296.845
1297.1
1297.355
1297.61
1297.865
1298.12
1298.375
1298.63
1298.885
1299.14
1299.395
1299.65
1299.905
1300.16
1300.42
1300.895
1301.37
1301.845
1302.32
1302.895
1303.47
1304.045
1304.62
1305.195
1305.77
1306.595
1307.42
1308.245
1312.128
1316.011
1319.317
1319.734
1320.151
1320.568
1320.985
1321.402
1321.819
1322.236
1322.653
1323.07
1323.487
1323.904
1324.317
1324.515
1324.713
1324.911
1325.109
1325.307
1325.505
1325.703
1325.9
1326.612
1327.324
1328.036
1328.748
1329.46
1330.172
1330.884
1331.596
1332.31
1333.148
1333.986
1334.824
1335.662
1336.5
1337.34
1337.595
1337.85
1338.105
1338.36
1338.615
1338.87
1339.125
1339.38
1339.635
1339.89
1340.145
1340.4
1340.655
1340.91
1341.498
1342.086
1342.674
1343.262
1343.85
1344.071
1344.292
1344.513
1344.734
1344.955
1345.176
1345.397
1345.618
1345.839
1346.06
1346.56
1347.06
1347.56
1348.06
1348.56
1349.06
1349.56
1350.06
1350.56
1351.184
1351.808
1352.432
1353.056
1353.68
1354.304
1354.928
1355.55
1355.917
1356.284
1356.651
1357.018
1357.385
1357.75
1357.902
1358.054
1358.207
1358.36
1358.731
1359.102
1359.473
1359.844
1360.215
1360.586
1360.957
1361.33
1362.9
1364.47
1366.04
1367.61
1368.029
1368.448
1368.867
1369.286
1369.705
1370.124
1370.543
1370.962
1371.38
1371.762
1372.144
1372.526
1372.908
1373.29
1373.672
1374.054
1374.436
1374.818
1375.2
1375.582
1375.96
1376.54
1377.12
1377.7
1378.28
1378.68
1379.08
1379.48
1379.88
1380.596
1381.312
1382.028
1382.744
1383.46
1384.176
1384.892
1385.608
1386.324
1387.04
1388.181
1389.322
1390.463
1391.604
1392.745
1393.886
1395.027
1396.168
1397.309
1398.45
1399.422
1400.394
1401.366
1402.338
1403.31
1404.282
1405.254
1406.227
1406.444
1406.661
1406.878
1407.095
1407.31
1407.582
1407.855
1408.128
1408.4
1408.673
1408.946
1409.218
1409.49
1410.513
1411.536
1412.559
1413.582
1414.605
1415.628
1416.651
1417.674
1418.697
1419.72
1420.743
1421.766
1422.79
1423.51
1424.23
1424.95
1425.67
1426.39
1427.11
1427.83
1428.55
1429.119
1429.688
1430.257
1430.826
1431.395
1431.964
1432.533
1433.102
1433.67
1434.464
1435.258
1436.052
1436.846
1437.64
1438.434
1439.228
1440.022
1440.816
1441.61
1442.404
1443.2
1444.166
1445.132
1446.098
1447.064
1448.03
1448.996
1449.962
1450.927
1452.653
1454.38
1455.476
1456.572
1457.668
1458.764
1459.86
1460.956
1462.052
1463.15
1463.521
1463.891
1464.262
1464.632
1465.003
1465.373
1465.744
1466.114
1466.485
1466.855
1467.226
1467.596
1469.37
1471.952
1472.435
1472.918
1473.401
1473.884
1474.367
1474.85
1475.174
1475.498
1475.822
1476.146
1476.47
1476.794
1477.118
1477.442
1477.874
1478.306
1478.738
1479.17
1479.6
1479.77
1479.959
1480.148
1480.337
1480.526
1480.715
1480.904
1481.093
1481.282
1481.471
1481.66
1481.853
1482.041
1482.229
1482.417
1482.605
1482.793
1482.981
1483.169
1483.357
1483.545
1483.73
1483.935
1484.14
1484.345
1484.55
1484.755
1484.96
1485.165
1485.37
1485.575
1485.78
1485.99
1486.525
1487.06
1487.595
1488.13
1488.89
1489.41
1489.93
1490.45
1490.97
1491.49
1492.01
1492.53
1493.05
1493.57
1494.447
1495.324
1496.202
1497.08
1497.404
1497.728
1498.052
1498.376
1498.7
1499.024
1499.348
1499.67
1499.965
1500.26
1500.555
1500.85
1501.145
1501.44
1501.735
1502.03
1502.325
1502.62
1502.91
1503.268
1503.626
1503.984
1504.342
1504.7
1505.06
1505.495
1505.93
1506.365
1506.8
1507.235
1507.67
1508.105
1508.54
1508.975
1509.41
1509.845
1510.285
1510.498
1510.711
1510.924
1511.137
1511.35
1511.562
1511.774
1511.986
1512.199
1512.41
1512.976
1513.542
1514.108
1514.674
1515.24
1515.806
1516.37
1516.581
1516.792
1517.003
1517.214
1517.425
1517.636
1517.847
1518.058
1518.27
1518.582
1518.894
1519.206
1519.518
1519.83
1520.142
1520.454
1520.766
1521.078
1521.39
1521.619
1521.848
1522.077
1522.306
1522.535
1522.764
1522.993
1523.222
1523.451
1523.68
1523.909
1524.14
1524.404
1524.668
1524.932
1525.196
1525.46
1525.724
1525.988
1526.252
1526.515
1534.242
1534.517
1534.792
1535.067
1535.342
1535.617
1535.892
1536.167
1536.442
1536.72
1536.975
1537.23
1537.485
1537.741
1538.009
1538.277
1538.545
1538.813
1539.081
1539.349
1539.617
1539.885
1540.157
1541.465
1541.936
1542.407
1542.878
1543.349
1543.82
1544.291
1544.762
1545.233
1545.706
1546.143
1546.58
1546.81
1547.04
1547.27
1547.5
1547.73
1547.96
1548.19
1548.42
1548.818
1549.216
1549.614
1550.012
1550.41
1550.81
1551.155
1551.5
1551.845
1552.19
1552.535
1552.88
1553.225
1553.57
1553.915
1554.26
1554.605
1554.95
1555.295
1555.64
1555.993
1556.346
1556.699
1557.052
1557.405
1557.758
1558.11
1558.784
1559.458
1560.132
1560.806
1561.48
1562.154
1562.828
1563.502
1564.176
1564.85
1565.52
1565.87
1566.22
1566.57
1566.92
1567.27
1567.62
1567.97
1568.365
1568.76
1569.155
1569.55
1569.945
1570.34
1570.735
1571.13
1571.382
1571.634
1571.886
1572.138
1572.39
1572.642
1572.894
1573.146
1573.398
1573.65
1574.277
1574.904
1575.53
1576.09
1576.343
1576.596
1576.849
1577.102
1577.355
1577.61
1578.502
1579.394
1580.286
1581.178
1582.071
1582.963
1583.855
1584.75
1585.13
1585.51
1585.89
1586.27
1586.649
1586.996
1587.343
1587.69
1588.28
1588.482
1588.684
1588.886
1589.088
1589.29
1589.492
1589.694
1589.896
1590.098
1590.3
1590.502
1590.7
1591.246
1591.792
1592.338
1592.884
1593.43
1593.976
1594.522
1595.07
1595.336
1595.602
1595.868
1596.134
1596.4
1596.666
1596.932
1597.198
1597.464
1597.73
1598.044
1598.358
1598.672
1598.986
1599.3
1599.614
1599.928
1600.242
1600.56
1601.148
1601.736
1602.324
1602.912
1603.5
1604.088
1604.679
1604.85
1605.021
1605.192
1605.363
1605.534
1605.705
1605.876
1606.047
1606.22
1606.668
1607.116
1607.564
1608.012
1608.46
1608.908
1609.356
1609.804
1610.25
1610.577
1610.904
1611.231
1611.558
1611.885
1612.212
1612.539
1612.866
1613.193
1613.52
1613.937
1614.354
1614.771
1615.188
1615.605
1616.022
1616.439
1616.854
1617.048
1617.242
1617.436
1617.63
1617.824
1618.02
1618.637
1619.254
1619.87
1620.129
1620.388
1620.647
1620.906
1621.165
1621.424
1621.683
1621.942
1622.201
1622.46
1622.72
1623.082
1623.444
1623.806
1624.168
1624.53
1624.892
1625.254
1625.616
1625.98
1626.32
1626.66
1627.0
1627.34
1627.68
1628.02
1628.362
1628.865
1629.368
1629.871
1630.374
1630.877
1631.38
1631.883
1632.386
1632.891
1633.141
1633.391
1633.641
1633.891
1634.141
1634.391
1634.641
1634.891
1635.141
1635.39
1635.686
1635.982
1636.278
1636.574
1636.87
1637.159
1637.448
1637.737
1638.026
1638.315
1638.604
1638.89
1639.056
1639.222
1639.388
1639.554
1639.72
1639.886
1640.052
1640.217
1640.633
1641.05
1641.853
1642.656
1643.459
1644.262
1645.065
1645.346
1645.627
1645.908
1646.19
1646.486
1646.782
1647.078
1647.374
1647.672
1647.873
1648.074
1648.275
1648.476
1648.677
1648.878
1649.079
1649.28
1649.481
1649.682
1649.883
1650.084
1650.285
1650.486
1650.687
1650.888
1651.089
1651.29
1651.491
1651.692
1651.893
1652.094
1652.295
1652.494
1653.41
1653.772
1654.133
1654.495
1654.856
1655.217
1655.579
1655.94
1656.302
1656.663
1657.025
1657.683
1658.341
1659.0
1659.476
1659.952
1660.428
1660.904
1661.38
1661.856
1662.332
1662.81
1663.1
1663.39
1663.638
1663.886
1664.134
1664.382
1664.63
1664.88
1665.218
1665.556
1665.894
1666.232
1666.57
1666.908
1667.246
1667.584
1667.922
1668.26
1668.598
1668.936
1669.274
1669.61
1670.067
1670.524
1670.981
1671.438
1671.896
1672.353
1672.811
1673.27
1673.995
1674.72
1675.445
1676.17
1676.4
1676.63
1676.86
1677.09
1677.32
1677.55
1677.78
1678.01
1678.24
1678.454
1678.668
1678.882
1679.096
1679.31
1679.524
1679.738
1679.952
1680.166
1680.38
1680.59
1680.88
1681.17
1681.46
1681.75
1682.04
1682.33
1682.638
1682.946
1683.254
1683.562
1683.87
1684.178
1684.486
1684.794
1685.099
1685.303
1685.507
1685.711
1685.915
1686.119
1686.323
1686.527
1686.731
1686.935
1687.14
1687.494
1687.848
1688.202
1688.556
1688.91
1689.264
1689.618
1689.972
1690.326
1690.68
1691.041
1691.402
1691.763
1692.124
1692.485
1692.846
1693.209
1693.393
1693.577
1693.761
1693.945
1694.129
1694.313
1694.5
1694.679
1694.858
1695.037
1695.216
1695.395
1695.574
1695.753
1695.932
1696.111
1696.29
1696.469
1696.648
1696.823
1697.142
1697.461
1697.781
1697.961
1698.141
1698.321
1698.501
1698.681
1698.86
1700.684
1701.682
1702.68
1703.108
1703.536
1703.964
1704.392
1704.82
1705.248
1705.676
1706.104
1706.532
1706.96
1707.388
1707.816
1708.244
1708.672
1709.1
1709.334
1709.568
1709.802
1710.036
1710.27
1710.504
1710.738
1710.97
1712.74
1714.51
1716.28
1718.05
1718.797
1719.544
1720.29
1720.93
1721.152
1721.374
1721.596
1721.818
1722.04
1722.263
1722.414
1722.565
1722.716
1722.867
1723.02
1723.74
1724.46
1725.18
1727.18
1727.493
1727.805
1728.118
1728.43
1728.743
1729.055
1729.368
1729.68
1729.967
1730.254
1730.541
1730.828
1731.115
1731.402
1731.689
1731.976
1732.26
1733.077
1733.894
1735.074
1736.254
1736.709
1737.165
1737.62
1738.076
1738.7
1739.064
1739.428
1739.792
1740.156
1740.52
1740.884
1741.248
1741.612
1741.976
1742.34
1742.622
1742.904
1743.186
1743.468
1743.75
1744.032
1744.314
1744.596
1744.878
1745.16
1745.715
1746.27
1746.825
1747.38
1747.935
1748.49
1749.045
1749.6
1751.547
1753.495
1755.442
1757.39
1758.85
1760.31
1760.62
1760.93
1761.24
1761.55
1761.86
1762.17
1762.48
1762.79
1763.1
1763.41
1763.72
1764.012
1764.304
1764.596
1764.888
1765.18
1765.472
1765.764
1766.056
1766.292
1766.528
1766.764
1767.0
1767.236
1767.472
1767.708
1767.944
1768.18
1769.27
1770.36
1771.45
1772.54
1773.63
1774.25
1774.87
1775.49
1776.11
1777.277
1778.444
1779.61
1780.31
1781.147
1781.984
1782.821
1783.658
1784.495
1785.33
1786.466
1787.602
1788.738
1789.874
1791.01
1792.632
1794.255
1795.878
1797.5
1798.733
1799.966
1801.199
1802.432
1803.665
1804.9
1805.15
1805.4
1805.7
1806.0
1806.3
1806.533
1806.766
1806.999
1807.232
1807.465
1807.698
1807.931
1808.164
1808.4
1808.793
1809.186
1809.579
1809.972
1810.365
1810.76
1810.963
1811.166
1811.369
1811.572
1811.775
1811.978
1812.181
1812.384
1812.587
1812.79
1812.99
1813.251
1813.512
1813.773
1814.034
1814.295
1814.556
1814.82
1815.069
1815.318
1815.567
1815.816
1816.065
1816.314
1816.563
1816.812
1817.06
1817.406
1817.752
1818.098
1818.444
1818.79
1819.136
1819.482
1819.83
1820.118
1820.406
1820.694
1820.982
1821.27
1821.558
1821.846
1822.134
1822.422
1822.71
1823.014
1823.318
1823.622
1823.926
1824.231
1825.015
1825.799
1826.583
1827.367
1828.151
1828.935
1829.72
1829.974
1830.228
1830.482
1830.736
1830.99
1831.244
1831.498
1831.752
1832.01
1832.493
1832.976
1833.459
1833.942
1834.425
1834.908
1835.391
1835.874
1836.36
1838.46
1838.74
1839.02
1839.3
1839.58
1839.86
1840.14
1840.42
1840.7
1840.98
1841.204
1841.428
1841.652
1841.876
1842.1
1842.324
1842.549
1843.09
1843.818
1844.545
1845.42
1845.676
1845.932
1846.188
1846.444
1846.7
1846.956
1847.21
1847.704
1848.198
1848.692
1849.186
1849.68
1850.174
1850.67
1851.758
1852.846
1853.934
1855.022
1856.11
1856.383
1856.656
1856.929
1857.202
1857.475
1857.748
1858.021
1858.294
1858.567
1858.842
1859.422
1860.002
1860.582
1861.162
1861.74
1862.0
1862.26
1862.52
1862.78
1863.04
1863.3
1863.56
1863.937
1864.314
1864.691
1865.068
1865.445
1865.822
1866.199
1866.576
1866.953
1867.33
1867.707
1868.08
1868.36
1868.64
1868.92
1869.2
1869.48
1869.76
1870.04
1870.32
1870.6
1871.85
1873.1
1874.35
1874.59
1874.83
1875.07
1875.31
1875.55
1875.79
1876.03
1876.27
1876.51
1876.75
1877.395
1878.04
1878.685
1879.33
1879.975
1880.62
1880.812
1881.004
1881.196
1881.388
1881.58
1881.772
1881.964
1882.156
1882.348
1882.54
1882.732
1882.924
1883.116
1883.31
1883.846
1884.382
1884.918
1885.454
1885.99
1886.526
1887.062
1887.598
1888.134
1888.67
1889.087
1889.504
1889.92
1890.232
1890.544
1890.856
1891.168
1891.48
1891.717
1891.954
1892.191
1892.428
1892.665
1892.902
1893.139
1893.376
1893.613
1893.85
1894.182
1894.514
1894.846
1895.178
1895.51
1896.04
1896.57
1897.1
1897.63
1898.16
1898.69
1900.11
1901.212
1902.314
1903.417
1904.52
1905.538
1906.556
1908.133
1909.71
1911.287
1912.864
1914.441
1916.016
1925.51
1925.78
1926.05
1926.32
1926.59
1926.86
1927.13
1927.4
1927.855
1928.31
1928.765
1929.22
1929.675
1930.13
1932.396
1934.662
1936.929
1937.078
1937.227
1937.376
1937.525
1937.674
1937.823
1937.97
1938.402
1938.834
1939.266
1939.698
1940.13
1940.56
1940.829
1941.098
1941.367
1941.636
1941.905
1942.174
1942.443
1942.712
1942.981
1943.25
1943.52
1944.073
1944.626
1945.179
1945.732
1946.285
1946.838
1947.391
1947.944
1948.497
1949.05
1949.6
1949.86
1950.12
1950.38
1950.64
1950.9
1951.299
1951.698
1952.097
1952.496
1952.895
1953.294
1953.693
1954.09
1954.751
1955.412
1956.073
1956.734
1957.395
1958.056
1958.717
1959.378
1960.039
1960.7
1961.361
1962.022
1962.683
1963.34
1964.071
1964.802
1965.533
1966.264
1966.995
1967.726
1968.457
1969.19
1969.656
1970.122
1970.588
1971.054
1971.52
1971.986
1972.452
1972.918
1973.384
1973.85
1974.316
1974.78
1975.173
1975.566
1975.959
1976.352
1976.745
1977.138
1977.531
1977.924
1978.317
1978.71
1979.103
1979.5
1979.716
1979.932
1980.148
1980.364
1980.58
1980.797
1981.014
1981.231
1981.448
1981.665
1981.882
1982.099
1982.316
1982.53
1983.143
1983.756
1984.369
1984.982
1985.595
1986.21
1986.616
1987.022
1987.428
1987.834
1988.24
1988.646
1989.05
1989.353
1989.656
1989.959
1990.262
1990.565
1990.868
1991.171
1991.474
1991.777
1992.08
1992.383
1992.687
1993.47
1994.253
1995.036
1995.82
1996.105
1996.39
1996.675
1996.96
1997.245
1997.53
1997.815
1998.1
1998.441
1998.782
1999.123
1999.464
1999.805
2000.146
2000.487
2000.828
2001.169
2001.51
2001.851
2002.19
2002.513
2002.835
2003.158
2003.48
2003.803
2004.126
2004.448
2004.77
2005.067
2005.364
2005.661
2005.958
2006.255
2006.552
2006.849
2007.146
2007.443
2007.74
2008.037
2008.334
2008.631
2008.928
2009.22
2011.68
2012.13
2012.58
2013.03
2013.48
2013.93
2014.38
2014.83
2015.28
2015.808
2016.336
2016.864
2017.392
2017.92
2018.68
2019.44
2020.2
2020.96
2021.721
2022.733
2023.745
2024.757
2025.769
2026.781
2027.793
2028.805
2029.817
2030.829
2031.841
2032.855
2039.29
2039.54
2039.79
2040.04
2040.29
2040.472
2040.654
2040.836
2041.018
2041.2
2041.382
2041.564
2041.748
2042.16
2042.572
2042.984
2043.396
2043.808
2044.22
2044.53
2044.84
2045.15
2045.46
2045.77
2046.08
2046.39
2046.7
2047.01
2048.281
2049.552
2050.822
2052.32
2053.76
2054.225
2054.69
2055.155
2055.62
2056.083
2056.949
2059.65
2060.023
2060.395
2060.624
2060.853
2061.082
2061.311
2061.54
2061.77
2062.526
2063.282
2064.038
2064.794
2065.552
2065.757
2065.962
2066.167
2066.372
2066.577
2066.782
2066.987
2067.192
2067.397
2067.602
2067.807
2068.01
2068.5
2069.089
2069.678
2070.267
2070.856
2071.445
2072.034
2072.62
2072.814
2073.008
2073.202
2073.396
2073.59
2073.784
2073.978
2074.172
2074.366
2074.56
2074.754
2074.949
2075.424
2075.899
2076.374
2076.849
2077.324
2077.799
2078.274
2078.749
2079.224
2079.699
2080.174
2080.649
2081.12
2081.638
2082.156
2082.674
2083.192
2083.71
2084.449
2085.188
2085.927
2086.666
2087.405
2088.144
2088.88
2090.297
2091.714
2093.131
2094.548
2095.965
2097.382
2098.799
2100.219
2100.657
2101.095
2101.533
2101.971
2102.409
2102.847
2103.285
2103.723
2104.163
2104.827
2105.492
2106.157
2106.822
2107.486
2108.15
2109.502
2110.854
2112.206
2113.558
2114.91
2116.64
2118.37
2120.1
2121.83
2123.56
2125.29
2127.02
2128.75
2130.48
2132.21
2133.94
2134.248
2134.556
2134.864
2135.172
2135.48
2136.663
2137.846
2139.029
2140.212
2141.395
2142.58
2142.963
2143.346
2143.729
2144.112
2144.495
2144.878
2145.26
2145.561
2145.862
2146.163
2146.464
2146.765
2147.066
2147.367
2147.67
2147.921
2148.172
2148.423
2148.674
2148.925
2149.176
2149.43
2149.681
2149.932
2150.183
2150.434
2150.685
2150.936
2151.187
2151.438
2151.689
2151.94
2152.191
2152.442
2152.693
2152.944
2153.19
2153.583
2153.976
2154.369
2154.762
2155.155
2155.548
2155.941
2156.336
2157.009
2157.682
2158.355
2159.028
2159.701
2160.374
2161.047
2161.72
2162.393
2163.07
2163.87
2164.67
2165.47
2166.27
2167.07
2167.87
2168.67
2169.47
2170.27
2170.761
2171.252
2171.743
2172.234
2172.725
2173.216
2173.71
2174.154
2174.598
2175.042
2175.486
2175.93
2176.374
2176.818
2177.26
2177.534
2177.808
2178.082
2178.356
2178.63
2178.904
2179.178
2179.452
2179.726
2180.0
2180.27
2180.79
2181.31
2181.83
2182.35
2182.87
2183.39
2183.91
2184.43
2184.95
2185.47
2185.99
2186.51
2186.848
2187.186
2187.524
2187.862
2188.2
2188.538
2188.876
2189.214
2189.55
2190.086
2190.622
2191.158
2191.694
2192.23
2192.766
2193.302
2193.838
2194.37
2194.796
2195.222
2195.648
2196.074
2196.5
2196.926
2197.352
2197.778
2198.202
2198.398
2198.594
2198.79
2198.986
2199.182
2199.378
2199.574
2199.77
2199.966
2200.16
2200.428
2200.696
2200.964
2201.232
2201.5
2201.768
2202.036
2202.304
2202.572
2202.84
2203.107
2203.823
2204.54
2205.17
2208.46
2208.903
2209.345
2209.787
2210.229
2210.671
2211.113
2211.555
2211.997
2212.439
2212.881
2213.323
2213.77
2214.122
2214.474
2214.826
2215.263
2215.7
2216.137
2216.574
2217.01
2219.186
2219.398
2219.61
2219.822
2220.034
2220.246
2220.458
2220.67
2220.88
2221.28
2221.68
2222.64
2223.6
2224.56
2225.15
2225.74
2226.33
2226.92
2227.51
2228.1
2228.69
2229.28
2229.87
2230.46
2231.05
2231.64
2232.23
2232.588
2232.946
2233.303
2233.66
2234.017
2234.374
2234.731
2235.089
2235.447
2235.805
2236.162
2236.52
2237.21
2237.9
2238.59
2239.28
2239.968
2240.422
2240.876
2241.33
2242.004
2242.678
2243.352
2244.026
2244.7
2245.248
2245.796
2246.035
2246.274
2246.513
2246.752
2246.99
2247.932
2248.874
2249.815
2255.07
2255.527
2255.984
2256.441
2256.898
2257.355
2257.812
2258.269
2258.726
2259.18
2259.846
2260.512
2261.177
2262.331
2263.485
2264.64
2265.53
2266.421
2267.311
2268.202
2269.093
2269.983
2272.097
2274.21
2274.782
2275.354
2275.926
2276.152
2276.378
2276.604
2276.83
2277.056
2277.282
2277.508
2277.735
2279.387
2281.04
2282.24
2282.729
2283.218
2283.707
2284.196
2284.685
2285.174
2285.66
2287.32
2288.98
2290.64
2290.941
2291.242
2291.543
2291.844
2292.145
2292.446
2292.747
2293.048
2293.349
2293.65
2294.283
2294.916
2295.549
2296.182
2296.815
2297.45
2297.741
2298.032
2298.323
2298.614
2298.905
2299.196
2299.49
2299.743
2299.996
2300.249
2300.502
2300.755
2301.008
2301.261
2301.514
2301.77
2301.996
2302.222
2302.448
2302.674
2302.9
2303.126
2303.306
2303.486
2303.666
2303.846
2304.026
2304.206
2304.386
2304.566
2304.75
2305.28
2305.81
2306.34
2306.87
2307.4
2307.93
2308.46
2308.99
2309.52
2310.05
2310.58
2311.11
2311.64
2312.17
2312.7
2313.23
2313.76
2314.29
2314.82
2315.35
2315.88
2316.474
2317.068
2317.662
2318.256
2318.85
2319.444
2320.038
2320.632
2321.23
2321.537
2321.844
2322.151
2322.458
2322.765
2323.072
2323.38
2323.69
2324.319
2324.948
2325.577
2326.206
2326.835
2327.464
2328.09
2328.931
2329.772
2330.613
2331.454
2332.295
2333.136
2333.977
2334.82
2335.123
2335.426
2335.73
2336.243
2336.756
2337.269
2337.782
2338.295
2338.81
2339.4
2339.99
2340.84
2341.69
2342.54
2343.39
2344.24
2345.09
2345.94
2346.79
2347.64
2348.49
2349.34
2350.19
2351.04
2351.932
2352.824
2353.716
2354.608
2355.501
2356.394
2357.286
2358.18
2358.611
2359.042
2359.473
2359.904
2360.335
2360.766
2361.197
2361.628
2362.059
2362.49
2362.921
2363.35
2364.3
2365.25
2366.2
2367.15
2368.1
2369.05
2369.468
2369.885
2370.303
2370.72
2371.815
2372.91
2373.124
2373.338
2373.552
2373.766
2373.98
2374.194
2374.41
2375.48
2377.12
2378.257
2379.395
2380.533
2381.67
2381.951
2382.232
2382.513
2382.794
2383.075
2383.356
2383.64
2383.938
2384.236
2384.534
2384.832
2385.13
2385.428
2385.726
2386.02
2386.49
2386.96
2387.43
2387.9
2388.37
2388.84
2389.31
2389.638
2389.966
2390.294
2390.622
2390.95
2391.278
2391.606
2391.934
2392.262
2392.59
2392.914
2393.091
2393.268
2393.445
2393.622
2393.799
2393.976
2394.153
2394.33
2394.864
2395.398
2395.932
2396.466
2397.0
2397.534
2398.07
2398.496
2398.922
2399.348
2399.774
2400.2
2400.626
2401.05
2401.458
2401.866
2402.274
2402.682
2403.09
2403.38
2403.67
2403.96
2404.25
2404.54
2404.83
2405.12
2405.347
2405.574
2405.801
2406.028
2406.255
2406.482
2406.709
2406.937
2407.113
2407.289
2407.465
2407.641
2407.817
2407.993
2408.169
2408.345
2408.52
2408.921
2409.322
2409.723
2410.124
2410.525
2410.926
2411.327
2411.728
2412.129
2412.53
2412.758
2412.986
2413.214
2413.442
2413.67
2413.898
2414.126
2414.354
2414.582
2414.81
2415.038
2415.27
2416.096
2416.922
2417.748
2418.574
2419.4
2420.226
2420.422
2420.618
2420.814
2421.01
2421.206
2421.402
2421.6
2423.317
2425.034
2426.75
2427.38
2427.64
2427.9
2428.16
2428.42
2428.68
2428.94
2429.2
2429.46
2430.267
2431.074
2431.88
2432.394
2432.908
2433.422
2433.936
2434.45
2434.965
2435.202
2435.439
2435.676
2435.913
2436.15
2436.387
2436.624
2436.86
2437.29
2437.72
2438.15
2438.58
2439.01
2439.44
2440.21
2440.455
2440.7
2440.945
2441.19
2441.437
2441.62
2441.803
2441.986
2442.169
2442.352
2442.535
2442.718
2442.901
2443.084
2443.27
2443.848
2444.426
2445.004
2445.582
2446.16
2446.74
2446.997
2447.255
2447.513
2447.77
2448.067
2448.364
2448.661
2448.958
2449.255
2449.552
2449.85
2451.77
2453.69
2455.61
2456.083
2456.556
2457.03
2457.851
2461.54
2461.997
2462.454
2462.911
2463.368
2463.825
2464.282
2464.739
2465.196
2465.65
2466.256
2466.862
2467.468
2468.074
2468.68
2469.286
2469.89
2471.61
2472.161
2472.712
2473.263
2473.814
2474.365
2474.916
2475.47
2476.08
2476.384
2476.688
2476.992
2477.296
2477.6
2477.904
2478.208
2478.512
2478.816
2479.12
2479.43
2479.74
2480.05
2480.36
2480.67
2480.98
2481.65
2482.15
2482.656
2483.162
2483.668
2484.174
2484.68
2485.186
2485.69
2486.29
2486.89
2487.49
2488.09
2488.69
2489.29
2492.24
2493.082
2493.924
2494.766
2495.608
2496.45
2497.29
2497.653
2498.015
2498.377
2498.74
2499.09
2499.44
2499.79
2500.14
2500.387
2500.634
2500.88
2501.305
2501.73
2501.984
2502.238
2502.492
2502.746
2503.0
2503.254
2503.51
2503.981
2504.452
2504.923
2505.394
2505.865
2506.336
2506.804
2507.786
2508.768
2509.75
2510.241
2510.732
2511.223
2511.714
2512.205
2512.696
2513.187
2513.451
2513.715
2513.979
2514.243
2514.507
2514.771
2515.035
2515.299
2515.563
2515.827
2516.089
2516.478
2516.867
2517.255
2517.727
2518.198
2518.669
2519.14
2519.611
2520.082
2520.553
2521.024
2521.495
2521.97
2522.877
2523.208
2523.539
2523.87
2524.201
2524.532
2524.865
2525.113
2525.361
2525.61
2525.859
2526.108
2526.357
2526.606
2526.853
2527.35
2527.847
2528.344
2528.841
2529.148
2529.455
2529.762
2530.069
2530.376
2530.68
2530.915
2531.15
2531.385
2531.62
2531.855
2532.09
2532.325
2532.56
2532.795
2533.028
2533.292
2533.556
2533.82
2534.084
2534.348
2534.611
2534.923
2535.235
2535.547
2535.859
2536.171
2536.483
2536.798
2537.284
2537.77
2538.256
2538.742
2539.001
2539.26
2539.519
2539.778
2540.037
2540.296
2540.555
2540.814
2541.073
2541.334
2542.858
2544.382
2545.906
2547.429
2547.686
2547.943
2548.2
2548.457
2548.714
2548.97
2549.345
2549.72
2550.095
2550.47
2550.845
2551.22
2551.595
2551.97
2553.08
2553.41
2553.74
2554.07
2554.4
2554.73
2555.06
2555.39
2555.838
2556.286
2556.734
2557.182
2557.63
2558.078
2558.526
2558.974
2559.422
2559.87
2560.06
2560.25
2560.44
2560.63
2560.82
2561.01
2561.2
2561.39
2561.58
2561.77
2562.091
2562.412
2562.733
2563.054
2563.375
2563.696
2564.02
2564.328
2564.636
2564.944
2565.252
2565.56
2565.74
2565.92
2566.101
2566.282
2566.463
2566.644
2566.824
2567.005
2567.186
2567.367
2567.548
2567.726
2567.981
2568.236
2568.491
2568.746
2569.0
2569.262
2569.524
2569.786
2570.048
2570.31
2570.572
2570.834
2571.096
2571.358
2571.62
2571.886
2572.058
2572.23
2572.402
2572.574
2572.746
2572.918
2573.09
2573.26
2573.937
2574.614
2575.291
2575.968
2576.645
2577.322
2577.999
2578.676
2579.353
2580.03
2580.705
2581.092
2581.479
2581.866
2582.253
2582.64
2583.027
2583.412
2583.704
2583.996
2584.288
2584.58
2584.87
2585.57
2586.27
2586.97
2587.67
2588.37
2589.07
2589.77
2590.307
2590.844
2591.381
2591.918
2592.455
2592.992
2593.529
2594.066
2594.603
2595.14
2595.677
2596.214
2596.75
2596.928
2597.106
2597.284
2597.462
2597.64
2597.818
2597.996
2598.174
2598.352
2598.53
2598.708
2598.89
2599.116
2599.342
2599.568
2599.794
2600.02
2600.193
2600.366
2600.539
2600.712
2600.885
2601.058
2601.231
2601.404
2601.58
2602.942
2604.304
2605.666
2607.028
2608.39
2609.752
2611.115
2611.32
2611.525
2611.73
2611.935
2612.14
2612.345
2612.55
2612.755
2612.96
2613.165
2613.365
2614.191
2615.017
2615.843
2616.669
2617.496
2617.873
2618.25
2618.627
2619.004
2619.381
2619.758
2620.135
2620.512
2620.889
2621.266
2621.645
2621.876
2622.107
2622.337
2622.563
2622.789
2623.015
2623.241
2623.467
2623.693
2623.92
2624.58
2625.24
2625.9
2626.56
2627.22
2627.88
2628.54
2629.2
2629.86
2630.096
2630.332
2630.568
2630.804
2631.04
2632.46
2632.691
2632.922
2633.153
2633.384
2633.615
2633.846
2634.077
2634.308
2634.539
2634.77
2635.001
2635.237
2635.418
2635.599
2635.78
2635.961
2636.141
2636.32
2636.819
2637.318
2637.817
2638.316
2638.815
2639.314
2639.813
2640.312
2640.81
2640.981
2641.152
2641.323
2641.494
2641.665
2641.836
2642.007
2642.178
2642.35
2642.828
2643.306
2643.784
2644.262
2644.74
2645.217
2645.45
2645.683
2645.916
2646.149
2646.382
2646.615
2646.848
2647.081
2647.314
2647.55
2647.89
2648.23
2648.57
2648.91
2649.25
2649.59
2649.93
2650.27
2650.61
2650.95
2651.29
2651.63
2651.971
2652.471
2653.195
2653.92
2654.265
2654.61
2654.955
2655.3
2655.645
2655.99
2656.335
2656.53
2656.725
2656.92
2657.115
2657.31
2657.505
2657.7
2657.895
2658.171
2658.447
2658.723
2658.999
2659.275
2659.551
2659.825
2660.061
2660.297
2660.533
2660.769
2661.005
2661.241
2661.477
2661.713
2661.95
2662.142
2662.334
2662.526
2662.718
2662.908
2663.117
2663.326
2663.535
2663.744
2663.953
2664.162
2664.371
2664.58
2664.79
2665.137
2665.485
2665.832
2666.179
2666.526
2666.873
2667.22
2667.567
2667.914
2668.262
2668.61
2668.96
2669.276
2669.592
2669.908
2670.224
2670.54
2670.856
2671.106
2671.356
2671.606
2671.856
2672.106
2672.355
2672.588
2672.821
2673.054
2673.287
2673.52
2673.753
2673.986
2674.219
2674.452
2674.688
2675.088
2675.488
2675.888
2676.288
2676.688
2677.089
2677.346
2677.603
2677.86
2678.117
2678.374
2678.63
2678.892
2679.154
2679.416
2679.678
2679.94
2680.202
2680.465
2680.73
2681.859
2682.4
2682.755
2683.11
2683.465
2683.82
2684.175
2684.53
2684.885
2685.24
2685.502
2685.764
2686.026
2686.288
2686.55
2686.812
2687.074
2687.336
2687.598
2687.86
2688.245
2688.63
2689.015
2689.4
2689.785
2690.17
2690.555
2690.876
2691.197
2691.518
2691.839
2692.16
2692.481
2692.802
2693.124
2693.79
2694.003
2694.216
2694.429
2694.642
2694.855
2695.07
2695.302
2695.534
2695.766
2695.998
2696.23
2696.462
2696.694
2696.926
2697.158
2697.39
2697.678
2697.966
2698.254
2698.542
2698.83
2699.118
2699.406
2699.694
2699.982
2700.27
2700.897
2701.524
2702.151
2703.017
2703.883
2704.749
2705.615
2706.48
2706.79
2707.1
2707.41
2707.72
2708.03
2708.34
2708.65
2708.849
2709.048
2709.247
2709.446
2709.645
2709.844
2710.04
2711.04
2712.04
2713.04
2714.04
2714.474
2714.908
2715.342
2715.776
2716.21
2716.644
2717.08
2718.72
2719.068
2719.416
2719.764
2720.112
2720.46
2720.808
2721.156
2721.502
2722.076
2722.65
2723.224
2723.798
2724.372
2724.946
2725.52
2726.094
2726.668
2727.238
2727.577
2727.916
2728.255
2728.594
2728.933
2729.272
2729.611
2729.95
2730.289
2730.626
2731.273
2731.92
2732.567
2733.214
2733.861
2734.508
2735.155
2735.802
2736.45
2736.718
2736.986
2737.254
2737.522
2737.79
2738.058
2738.326
2738.594
2738.862
2739.13
2739.4
2739.664
2739.928
2740.192
2740.456
2740.72
2740.97
2741.22
2741.47
2741.72
2742.141
2742.562
2742.983
2743.404
2743.825
2744.246
2744.667
2745.09
2745.298
2745.506
2745.714
2745.922
2746.13
2746.338
2746.546
2746.754
2746.962
2747.17
2747.38
2747.748
2748.116
2748.484
2748.852
2749.222
2749.412
2749.602
2749.792
2749.982
2750.172
2750.362
2750.552
2750.742
2750.93
2751.298
2751.666
2752.034
2752.402
2752.77
2753.136
2753.377
2753.618
2753.859
2754.1
2754.341
2754.582
2754.823
2755.064
2755.302
2755.637
2755.972
2756.307
2756.642
2756.977
2757.312
2757.647
2757.982
2758.32
2758.708
2759.096
2759.485
2759.742
2759.999
2760.256
2760.513
2760.77
2761.026
2761.31
2761.594
2761.878
2762.162
2762.446
2762.73
2763.355
2763.647
2763.939
2764.231
2764.523
2764.815
2765.107
2765.4
2765.877
2766.354
2766.831
2767.308
2767.785
2768.262
2768.739
2769.216
2769.69
2769.948
2770.206
2770.464
2770.722
2770.98
2771.238
2771.495
2771.753
2772.011
2772.269
2772.526
2772.78
2773.208
2773.636
2774.064
2774.492
2774.92
2775.348
2775.776
2776.204
2776.63
2776.832
2777.034
2777.236
2777.438
2777.64
2777.84
2778.113
2778.386
2778.659
2778.932
2779.205
2779.478
2779.75
2780.47
2781.19
2781.91
2782.63
2783.35
2784.07
2785.074
2786.078
2787.082
2787.287
2787.492
2787.697
2787.902
2788.107
2788.312
2788.517
2788.722
2788.927
2789.132
2789.337
2789.54
2790.064
2790.588
2791.113
2791.637
2792.162
2792.687
2793.27
2793.853
2794.436
2795.02
2795.652
2796.284
2796.916
2797.547
2797.805
2798.063
2798.321
2798.579
2798.837
2799.095
2799.353
2799.611
2799.869
2800.13
2800.677
2801.224
2801.771
2802.318
2802.865
2803.412
2803.96
2804.233
2804.506
2804.779
2805.052
2805.325
2805.598
2805.871
2806.144
2806.417
2806.69
2806.96
2807.619
2807.876
2808.133
2808.39
2808.647
2808.904
2809.16
2809.544
2809.928
2810.312
2810.696
2811.08
2811.76
2812.177
2812.594
2813.011
2813.428
2813.845
2814.262
2814.679
2815.096
2815.513
2815.93
2816.347
2816.76
2817.171
2817.582
2817.993
2818.404
2818.815
2819.226
2819.637
2820.048
2820.459
2820.87
2821.281
2821.692
2822.103
2822.513
2823.012
2823.514
2824.016
2824.518
2825.02
2825.522
2826.026
2826.43
2826.834
2827.238
2827.642
2828.046
2828.45
2829.2
2829.95
2830.7
2831.45
2832.2
2832.95
2833.7
2834.45
2834.691
2834.932
2835.173
2835.414
2835.655
2835.896
2836.137
2836.378
2836.619
2836.86
2837.948
2839.036
2840.124
2841.212
2842.3
2843.39
2843.672
2843.954
2844.236
2844.518
2844.8
2845.082
2845.364
2845.646
2845.928
2846.21
2846.49
2847.014
2847.538
2848.062
2848.586
2849.11
2849.634
2850.158
2850.682
2851.206
2851.73
2852.258
2853.224
2853.597
2853.97
2854.417
2854.864
2855.311
2855.758
2856.205
2856.652
2857.1
2857.367
2857.634
2857.901
2858.168
2858.435
2858.702
2858.969
2859.232
2859.421
2859.61
2859.799
2859.988
2860.177
2860.366
2860.555
2860.744
2860.933
2861.122
2861.311
2861.5
2861.69
2862.199
2862.708
2863.217
2863.726
2863.929
2864.132
2864.335
2864.538
2864.741
2864.944
2865.147
2865.35
2865.576
2865.802
2866.028
2866.254
2866.48
2866.706
2866.93
2867.161
2867.392
2867.623
2867.854
2868.085
2868.316
2868.547
2868.778
2869.009
2869.24
2869.471
2869.7
2870.4
2871.1
2871.8
2872.608
2873.416
2874.224
2875.032
2875.84
2875.985
2876.13
2876.275
2876.42
2876.565
2876.71
2876.855
2877.0
2877.145
2877.29
2877.44
2877.722
2878.004
2878.286
2878.568
2878.85
2879.13
2879.54
2879.95
2880.36
2880.77
2881.18
2881.59
2882.0
2882.41
2882.82
2883.23
2883.493
2883.756
2884.019
2884.282
2884.545
2884.808
2885.07
2885.394
2885.718
2886.042
2886.366
2886.69
2887.014
2887.338
2887.66
2887.91
2888.16
2888.41
2888.66
2888.91
2889.16
2889.41
2889.782
2890.154
2890.526
2890.898
2891.27
2891.64
2891.87
2892.1
2892.33
2892.56
2892.79
2893.02
2893.25
2893.48
2893.71
2893.94
2894.17
2894.452
2894.734
2895.016
2895.298
2895.58
2895.862
2896.144
2896.426
2896.708
2896.99
2897.272
2897.554
2897.836
2898.12
2898.757
2899.394
2900.031
2900.668
2901.305
2901.942
2902.582
2902.744
2902.906
2903.068
2903.23
2903.392
2903.554
2903.716
2903.878
2904.04
2904.26
2904.48
2904.7
2904.92
2905.14
2905.36
2905.58
2905.8
2906.02
2906.24
2906.502
2906.764
2907.026
2907.288
2907.55
2907.812
2908.074
2908.336
2908.598
2908.86
2909.122
2909.39
2909.693
2909.996
2910.299
2910.602
2910.905
2911.208
2911.511
2911.814
2912.117
2912.42
2912.723
2913.026
2913.33
2913.494
2913.658
2913.822
2913.986
2914.15
2914.314
2914.478
2914.64
2915.112
2915.584
2916.056
2916.528
2917.0
2917.472
2917.944
2918.416
2918.888
2919.124
2919.36
2919.596
2919.832
2920.068
2920.304
2920.54
2920.776
2921.012
2921.25
2921.486
2921.722
2921.958
2922.194
2922.43
2922.666
2922.902
2923.138
2923.374
2923.61
2923.85
2924.09
2924.33
2924.57
2924.81
2925.047
2925.307
2925.567
2925.827
2926.087
2926.347
2926.607
2926.867
2927.13
2927.28
2927.43
2927.58
2927.73
2927.88
2928.03
2928.18
2928.33
2928.619
2928.908
2929.197
2929.486
2929.777
2930.036
2930.295
2930.554
2930.813
2931.072
2931.331
2931.59
2931.849
2932.11
2932.845
2933.048
2933.251
2933.454
2933.657
2933.86
2934.063
2934.266
2934.47
2934.858
2935.246
2935.634
2936.022
2936.41
2936.798
2937.186
2937.54
2937.894
2938.248
2938.602
2938.956
2939.31
2939.799
2940.288
2940.777
2941.266
2941.755
2942.244
2942.733
2943.222
2943.714
2943.991
2944.268
2944.545
2944.74
2944.935
2945.13
2945.325
2945.52
2945.715
2945.91
2946.105
2946.3
2946.495
2946.69
2946.886
2947.13
2947.374
2947.618
2947.862
2948.107
2948.405
2948.703
2949.001
2949.299
2949.597
2949.895
2950.19
2950.488
2950.786
2951.084
2951.382
2951.68
2951.981
2952.286
2952.591
2952.896
2953.201
2953.506
2953.81
2954.216
2954.622
2955.028
2955.434
2955.84
2956.191
2956.541
2956.892
2957.242
2957.593
2957.943
2958.294
2958.644
2958.994
2959.345
2959.91
2960.475
2961.04
2961.306
2961.572
2961.838
2962.104
2962.37
2962.636
2962.902
2963.165
2963.457
2963.749
2964.041
2964.333
2964.625
2964.917
2965.206
2966.043
2966.88
2967.256
2967.632
2968.008
2968.384
2968.76
2969.136
2969.512
2969.89
2970.229
2970.568
2970.907
2971.246
2971.585
2971.924
2972.263
2972.602
2972.941
2973.28
2973.62
2974.02
2974.42
2974.82
2975.22
2975.62
2976.016
2976.412
2976.808
2977.204
2977.6
2977.996
2978.39
2978.872
2979.354
2979.836
2980.318
2980.8
2981.282
2981.764
2982.246
2982.73
2982.997
2983.264
2983.532
2983.8
2984.068
2984.336
2984.603
2984.87
2985.18
2985.49
2985.8
2986.11
2986.42
2986.73
2987.04
2987.35
2987.66
2987.97
2988.312
2988.654
2988.996
2989.338
2989.68
2990.02
2990.383
2990.746
2991.109
2991.472
2991.835
2992.198
2992.561
2992.924
2993.29
2993.457
2993.624
2993.79
2994.119
2994.448
2994.777
2995.106
2995.435
2995.764
2996.093
2996.422
2996.751
2997.08
2997.409
2997.738
2998.067
2998.39
2998.705
2999.02
2999.335
2999.65
2999.921
3000.191
3000.511
3000.831
3001.151
3001.471
3001.791
3002.111
3002.43
3002.803
3003.176
3003.549
3003.922
3004.295
3004.67
3005.052
3005.434
3005.816
3006.198
3006.58
3007.872
3009.164
3010.456
3011.748
3013.04
3013.623
3014.206
3014.789
3015.372
3015.955
3016.54
3016.958
3017.377
3017.796
3018.215
3018.633
3019.051
3021.629
3024.207
3027.78
3028.474
3029.168
3029.862
3030.556
3031.25
3031.944
3032.638
3033.332
3034.03
3034.737
3035.444
3036.151
3036.858
3037.565
3038.272
3038.979
3039.686
3040.39
3040.751
3041.112
3041.473
3041.834
3042.195
3042.556
3042.917
3043.281
3043.582
3043.883
3044.184
3044.485
3044.786
3045.087
3045.388
3045.69
3046.606
3047.522
3048.438
3049.354
3050.27
3051.186
3052.1
3052.299
3052.498
3052.697
3052.896
3053.095
3053.294
3053.493
3053.69
3053.955
3054.22
3054.485
3054.75
3055.015
3055.28
3055.545
3055.81
3056.074
3056.241
3056.408
3056.575
3056.742
3056.909
3057.076
3057.243
3057.41
3057.577
3057.74
3058.043
3058.346
3058.649
3058.952
3059.255
3059.56
3060.225
3060.489
3060.753
3061.017
3061.281
3061.545
3061.808
3061.987
3062.166
3062.345
3062.524
3062.703
3062.882
3063.061
3063.239
3063.796
3064.352
3064.909
3065.466
3066.023
3066.578
3067.32
3068.062
3068.804
3069.546
3070.29
3070.762
3071.234
3071.706
3072.178
3072.65
3073.12
3073.533
3073.946
3074.359
3074.772
3075.185
3075.598
3076.011
3076.424
3076.84
3077.127
3077.414
3077.701
3077.988
3078.275
3078.562
3078.849
3079.136
3079.423
3079.71
3079.997
3080.279
3080.459
3080.639
3080.82
3081.128
3081.436
3081.744
3082.052
3082.36
3082.668
3082.976
3083.284
3083.592
3083.9
3084.252
3084.604
3084.956
3085.308
3085.66
3086.012
3086.364
3086.716
3087.068
3087.42
3087.77
3088.13
3088.49
3088.85
3089.21
3089.57
3089.93
3090.29
3090.65
3091.01
3091.428
3091.846
3092.264
3092.682
3093.1
3093.518
3093.936
3094.354
3094.772
3095.19
3095.61
3095.985
3096.36
3096.735
3097.11
3097.485
3097.86
3098.235
3098.61
3098.985
3099.36
3099.776
3100.192
3100.608
3101.024
3101.44
3101.856
3102.272
3102.688
3103.1
3103.373
3103.646
3103.919
3104.192
3104.465
3104.74
3105.15
3105.56
3105.97
3106.38
3106.79
3107.2
3107.597
3107.994
3108.391
3108.788
3109.185
3109.58
3110.122
3110.664
3111.207
3111.75
3112.009
3112.268
3112.527
3112.786
3113.045
3113.304
3113.563
3113.822
3114.08
3114.376
3114.672
3114.968
3115.264
3115.56
3115.856
3116.152
3116.45
3116.761
3117.072
3117.383
3117.694
3118.005
3118.316
3118.63
3119.26
3119.89
3120.52
3121.15
3121.78
3122.41
3123.04
3123.67
3124.3
3124.93
3125.56
3126.67
3126.936
3127.202
3127.468
3127.734
3128.0
3128.266
3128.532
3128.8
3130.764
3131.005
3131.246
3131.487
3131.728
3131.969
3132.21
3132.451
3132.692
3132.93
3133.846
3134.188
3134.53
3134.872
3135.214
3135.556
3135.898
3136.24
3136.582
3136.92
3137.417
3137.914
3138.411
3138.908
3139.405
3139.902
3140.399
3140.896
3141.393
3141.89
3142.387
3142.88
3143.276
3143.672
3144.068
3144.464
3145.067
3145.67
3146.273
3146.876
3147.479
3148.082
3148.685
3149.288
3149.891
3150.49
3151.925
3152.331
3152.737
3153.143
3153.55
3153.731
3153.912
3154.092
3154.273
3154.454
3154.633
3154.909
3155.185
3155.461
3155.737
3156.013
3156.29
3156.498
3156.706
3156.914
3157.122
3157.33
3157.538
3157.746
3157.954
3158.155
3158.356
3158.557
3158.758
3158.959
3159.16
3159.361
3159.562
3159.763
3159.964
3160.165
3160.37
3160.956
3161.542
3162.128
3162.714
3163.3
3163.613
3163.926
3164.239
3164.552
3164.865
3165.18
3165.426
3165.672
3165.918
3166.164
3166.41
3166.656
3166.902
3167.148
3167.394
3167.64
3167.983
3168.326
3168.669
3169.012
3169.355
3169.698
3170.041
3170.384
3170.727
3171.07
3171.413
3171.76
3171.976
3172.192
3172.408
3172.624
3172.84
3173.056
3173.27
3173.912
3174.554
3175.197
3175.84
3176.483
3177.126
3177.769
3178.41
3178.835
3179.26
3182.427
3185.594
3185.868
3186.142
3186.416
3186.69
3186.964
3187.238
3187.51
3187.789
3188.068
3188.347
3188.626
3188.905
3189.184
3189.463
3189.742
3190.021
3190.3
3190.617
3190.934
3191.251
3191.568
3191.885
3192.202
3192.519
3192.836
3193.153
3193.47
3193.666
3193.862
3194.058
3194.254
3194.45
3194.646
3194.842
3195.038
3195.23
3195.561
3195.892
3196.223
3196.554
3196.885
3197.216
3197.547
3197.878
3198.209
3198.54
3198.974
3199.408
3199.842
3200.276
3200.71
3200.98
3201.25
3201.52
3201.79
3202.06
3202.33
3202.6
3202.87
3203.14
3203.41
3203.68
3203.95
3204.22
3204.568
3204.916
3205.264
3205.612
3205.96
3206.308
3206.656
3207.004
3207.352
3207.7
3207.938
3208.176
3208.414
3208.652
3208.89
3209.128
3209.366
3209.604
3209.842
3210.08
3210.318
3210.56
3210.944
3211.328
3211.712
3212.096
3212.482
3212.703
3212.924
3213.145
3213.366
3213.587
3213.808
3214.029
3214.25
3214.471
3214.69
3215.234
3215.778
3216.322
3216.866
3217.41
3217.954
3218.495
3218.707
3218.919
3219.131
3219.343
3219.555
3219.767
3219.979
3220.191
3220.403
3220.62
3220.849
3221.078
3221.307
3221.536
3221.765
3221.994
3222.223
3222.452
3222.681
3222.91
3223.139
3223.368
3223.6
3223.886
3224.172
3224.458
3224.744
3225.03
3225.316
3225.602
3225.888
3226.174
3226.46
3226.945
3227.43
3227.915
3228.4
3228.782
3229.164
3229.546
3229.928
3230.31
3230.69
3230.923
3231.156
3231.389
3231.622
3231.855
3232.088
3232.321
3232.554
3232.787
3233.02
3233.253
3233.49
3233.779
3234.068
3234.357
3234.646
3234.935
3235.224
3235.513
3235.802
3236.091
3236.38
3236.669
3236.958
3237.247
3237.54
3237.829
3238.118
3238.407
3238.696
3238.985
3239.274
3239.56
3239.877
3240.194
3240.511
3240.828
3241.145
3241.462
3241.779
3242.096
3242.413
3242.73
3243.038
3243.346
3243.654
3243.962
3244.27
3244.578
3244.886
3245.194
3245.502
3245.81
3246.118
3246.426
3246.734
3247.042
3247.35
3247.902
3248.454
3249.006
3249.558
3250.11
3250.662
3251.214
3251.765
3251.918
3252.071
3252.224
3252.377
3252.53
3252.683
3252.836
3252.989
3253.14
3253.756
3254.372
3254.988
3255.604
3256.22
3256.836
3257.45
3257.807
3258.164
3258.52
3258.851
3259.182
3259.513
3259.844
3260.175
3260.506
3260.837
3261.17
3261.569
3261.968
3262.367
3262.766
3263.165
3263.564
3263.963
3264.362
3264.761
3265.16
3265.427
3265.694
3265.961
3266.228
3266.495
3266.762
3267.03
3267.317
3267.604
3267.891
3268.178
3268.465
3268.752
3269.039
3269.326
3269.613
3269.9
3270.19
3270.565
3270.94
3271.315
3271.69
3272.006
3272.322
3272.638
3272.954
3273.27
3273.586
3273.902
3274.218
3274.534
3274.85
3275.17
3275.407
3275.644
3275.881
3276.118
3276.355
3276.592
3276.829
3277.066
3277.303
3277.54
3277.777
3278.01
3278.332
3278.654
3278.976
3279.298
3279.62
3279.94
3280.283
3280.626
3280.969
3281.312
3281.655
3282.0
3282.176
3282.352
3282.528
3282.704
3282.88
3283.056
3283.232
3283.408
3283.584
3283.76
3283.933
3284.265
3284.597
3284.929
3285.261
3285.593
3285.925
3286.257
3286.589
3286.925
3287.128
3287.331
3287.534
3287.737
3287.94
3288.143
3288.346
3288.55
3288.837
3289.124
3289.411
3289.698
3289.985
3290.272
3290.559
3290.846
3291.13
3291.455
3291.78
3292.105
3292.43
3292.755
3293.08
3293.405
3293.73
3294.055
3294.38
3294.705
3295.03
3295.35
3296.475
3297.6
3298.258
3298.916
3299.574
3300.232
3300.89
3301.548
3302.206
3302.864
3303.522
3304.18
3304.416
3304.652
3304.888
3305.124
3305.36
3305.596
3305.832
3306.07
3306.398
3306.726
3307.054
3307.382
3307.71
3308.038
3308.366
3308.694
3309.022
3309.35
3309.68
3309.976
3310.272
3310.568
3310.864
3311.16
3311.456
3311.752
3312.048
3312.344
3312.64
3312.936
3313.23
3313.611
3313.992
3314.373
3314.754
3315.135
3315.516
3315.897
3316.278
3316.659
3317.04
3317.461
3317.882
3318.303
3318.724
3319.145
3319.566
3319.987
3320.408
3320.829
3321.254
3321.446
3321.638
3321.83
3322.022
3322.214
3322.406
3322.598
3322.79
3322.982
3323.17
3323.309
3323.448
3323.587
3323.726
3323.865
3324.004
3324.143
3324.28
3325.015
3325.75
3326.485
3327.22
3327.955
3328.69
3329.131
3329.572
3330.013
3330.454
3330.896
3331.089
3331.282
3331.475
3331.668
3331.861
3332.054
3332.247
3332.44
3332.633
3332.826
3333.02
3333.214
3333.408
3333.602
3333.796
3333.99
3334.184
3334.378
3334.572
3334.77
3335.17
3335.57
3335.97
3336.37
3336.571
3336.772
3336.973
3337.174
3337.375
3337.576
3337.777
3337.978
3338.179
3338.38
3338.786
3339.192
3339.598
3340.004
3340.41
3340.816
3341.222
3341.628
3342.034
3342.44
3342.846
3343.252
3343.658
3344.06
3344.675
3345.29
3345.905
3346.52
3347.135
3347.75
3348.365
3348.98
3349.595
3350.21
3350.83
3351.072
3351.314
3351.556
3351.798
3352.04
3352.282
3352.524
3352.77
3352.999
3353.228
3353.457
3353.686
3353.915
3354.144
3354.373
3354.602
3354.831
3355.06
3355.289
3355.52
3355.796
3356.072
3356.348
3356.624
3356.9
3357.113
3357.326
3357.539
3357.752
3357.965
3358.178
3358.39
3359.314
3360.238
3361.162
3362.086
3363.01
3363.934
3364.857
3365.772
3366.687
3367.602
3368.517
3369.43
3369.717
3370.004
3370.291
3370.578
3370.865
3371.152
3371.439
3371.726
3372.013
3372.3
3372.587
3372.87
3373.081
3373.292
3373.503
3373.714
3373.925
3374.136
3374.347
3374.56
3374.828
3375.096
3375.364
3375.632
3375.9
3376.168
3376.436
3376.704
3376.972
3377.24
3377.508
3377.776
3378.044
3378.308
3380.94
3381.505
3382.07
3382.635
3383.2
3383.446
3383.692
3383.938
3384.184
3384.43
3384.676
3384.922
3385.17
3385.662
3386.154
3386.646
3387.138
3387.63
3388.298
3388.966
3389.634
3390.302
3390.97
3391.686
3392.402
3393.118
3393.834
3394.55
3395.266
3395.98
3396.393
3396.806
3397.219
3397.632
3398.045
3398.458
3398.871
3399.282
3399.954
3400.626
3401.298
3401.97
3402.642
3403.314
3403.986
3404.66
3405.404
3406.148
3406.892
3407.636
3408.379
3408.603
3408.827
3409.051
3409.275
3409.499
3409.723
3409.947
3410.17
3410.405
3410.64
3410.875
3411.11
3411.345
3411.58
3411.976
3412.372
3412.768
3413.164
3413.56
3413.956
3414.352
3416.179
3418.006
3418.312
3418.618
3418.924
3419.23
3419.536
3419.842
3420.148
3420.452
3420.816
3421.18
3421.544
3421.91
3422.234
3422.558
3422.882
3423.206
3423.53
3423.854
3424.178
3424.5
3425.25
3426.0
3426.606
3427.212
3427.818
3428.424
3429.03
3429.636
3430.24
3430.769
3431.298
3431.827
3432.356
3432.885
3433.414
3433.943
3434.472
3435.001
3435.53
3436.059
3436.588
3437.117
3437.64
3438.029
3438.418
3438.807
3439.196
3439.585
3439.974
3440.363
3440.752
3441.14
3441.457
3441.774
3442.091
3442.408
3442.725
3443.042
3443.359
3443.676
3443.993
3444.31
3444.63
3445.086
3445.542
3445.998
3446.454
3446.91
3447.366
3447.822
3448.278
3448.734
3449.19
3449.531
3449.872
3450.213
3450.554
3450.895
3451.236
3451.577
3451.918
3452.259
3452.6
3452.957
3453.314
3453.671
3454.028
3454.385
3454.743
3455.101
3455.46
3455.708
3455.956
3456.204
3456.452
3456.7
3456.948
3457.196
3457.444
3457.692
3457.94
3458.19
3458.485
3458.78
3459.075
3459.37
3459.99
3460.61
3461.23
3462.437
3463.644
3464.85
3465.41
3465.97
3466.53
3467.09
3467.65
3468.21
3468.77
3469.33
3469.89
3470.45
3471.01
3471.555
3472.1
3472.645
3473.19
3473.735
3474.28
3474.713
3475.146
3475.579
3476.012
3476.445
3476.878
3477.311
3477.744
3478.177
3478.61
3479.045
3483.68
3484.129
3484.578
3485.027
3485.476
3485.925
3486.374
3486.823
3487.272
3487.72
3488.06
3488.4
3488.74
3489.203
3489.666
3490.129
3490.592
3491.055
3491.52
3491.816
3492.112
3492.408
3492.704
3493.0
3493.296
3493.592
3493.888
3494.184
3494.48
3494.776
3495.072
3495.368
3495.66
3497.21
3497.772
3498.334
3498.896
3499.458
3500.02
3500.358
3500.696
3501.034
3501.37
3501.742
3502.115
3502.487
3502.86
3503.377
3503.894
3504.411
3504.928
3505.445
3505.964
3506.441
3506.918
3507.395
3507.918
3508.44
3509.043
3509.646
3510.25
3510.763
3511.276
3511.789
3512.302
3512.815
3513.328
3513.84
3514.56
3515.28
3516.0
3516.72
3517.44
3518.16
3518.88
3519.6
3520.32
3521.04
3521.76
3522.172
3522.584
3522.996
3523.408
3523.82
3524.23
3524.613
3524.996
3525.379
3525.762
3526.145
3526.528
3526.911
3527.294
3527.677
3528.06
3528.44
3528.822
3529.204
3529.586
3529.968
3530.35
3530.732
3531.114
3531.496
3531.876
3532.92
3533.964
3535.008
3536.052
3537.096
3538.14
3538.476
3538.812
3539.148
3539.484
3539.82
3540.156
3540.492
3540.828
3541.164
3541.5
3541.84
3542.098
3542.356
3542.614
3542.872
3543.13
3543.388
3543.646
3543.904
3544.16
3545.542
3546.924
3548.306
3549.688
3551.07
3551.273
3551.476
3551.679
3551.882
3552.085
3552.288
3552.491
3552.694
3552.897
3553.1
3553.368
3553.636
3553.904
3554.172
3554.44
3554.708
3554.975
3555.241
3555.507
3555.773
3556.039
3556.305
3556.571
3556.837
3557.103
3557.369
3557.635
3557.901
3558.167
3558.43
3558.647
3558.864
3559.081
3559.298
3559.515
3559.732
3559.95
3560.277
3560.604
3560.931
3561.258
3561.585
3561.91
3562.159
3562.408
3562.657
3562.906
3563.155
3563.404
3563.65
3565.09
3566.53
3567.97
3568.235
3568.5
3568.765
3569.03
3569.295
3569.56
3569.825
3570.09
3570.355
3570.62
3570.888
3571.156
3571.424
3571.692
3571.96
3572.292
3572.624
3572.956
3573.288
3573.62
3573.952
3574.284
3574.616
3574.948
3575.28
3575.612
3575.944
3576.28
3576.624
3576.968
3577.312
3577.656
3578.0
3578.344
3578.688
3579.032
3579.376
3579.72
3580.024
3580.328
3580.632
3580.936
3581.24
3581.544
3581.848
3582.152
3582.46
3582.82
3583.18
3583.54
3583.9
3584.26
3584.62
3584.98
3585.34
3585.7
3586.06
3586.401
3586.742
3587.083
3587.424
3587.765
3588.106
3588.447
3588.79
3588.989
3589.188
3589.387
3589.586
3589.785
3589.984
3590.183
3590.382
3590.581
3590.78
3590.98
3591.227
3591.474
3591.722
3591.97
3592.423
3592.876
3593.329
3593.782
3594.235
3594.688
3595.14
3595.606
3596.072
3596.538
3597.004
3597.47
3597.936
3598.402
3598.868
3599.334
3599.8
3600.266
3600.732
3601.198
3601.669
3601.923
3602.177
3602.431
3602.685
3602.939
3603.193
3603.447
3603.701
3603.955
3604.21
3606.41
3607.194
3607.978
3608.762
3609.546
3610.33
3610.738
3611.145
3611.552
3611.96
3612.235
3612.51
3612.785
3613.06
3613.95
3614.84
3615.73
3615.955
3616.18
3616.405
3616.63
3616.855
3617.08
3617.305
3617.53
3617.755
3617.98
3618.793
3619.726
3620.659
3621.592
3622.525
3623.46
3623.66
3623.86
3624.06
3624.26
3624.46
3624.66
3624.86
3625.06
3625.26
3625.46
3625.66
3625.875
3626.09
3626.305
3626.52
3626.735
3626.95
3627.165
3627.38
3627.595
3627.81
3628.128
3628.446
3628.764
3629.082
3629.4
3629.718
3630.036
3630.354
3630.672
3630.99
3631.31
3631.535
3631.76
3631.985
3632.21
3632.435
3632.66
3632.885
3633.11
3633.335
3633.56
3633.78
3634.024
3634.268
3634.512
3634.756
3635.0
3635.244
3635.49
3635.751
3636.012
3636.273
3636.534
3636.795
3637.056
3637.317
3637.58
3637.89
3638.2
3638.51
3638.82
3639.13
3639.44
3639.75
3640.06
3640.37
3640.68
3640.99
3641.335
3641.68
3642.025
3642.37
3642.715
3643.06
3643.405
3643.75
3644.095
3644.44
3644.78
3645.007
3645.234
3645.461
3645.688
3645.915
3646.142
3646.369
3646.596
3646.82
3647.478
3648.136
3648.794
3649.452
3650.11
3650.768
3651.426
3652.084
3652.74
3653.463
3654.186
3654.91
3655.58
3657.63
3657.88
3658.13
3658.13
3658.13
3658.13
3658.13
3658.13
3658.13
