21.56
22.177
22.794
23.41
23.83
24.25
24.67
25.09
25.51
25.928
27.42
28.15
28.88
29.047
29.214
29.38
29.677
29.974
30.271
30.57
31.21
31.85
32.49
33.13
33.77
34.412
35.36
35.797
36.234
41.3
41.984
42.668
43.352
44.036
44.72
45.404
46.09
47.1
48.318
49.536
50.754
51.972
53.19
53.69
53.914
54.138
54.362
54.586
54.81
55.034
55.258
55.482
55.706
55.93
56.15
56.626
57.102
57.578
58.054
58.53
59.006
59.482
59.958
60.434
60.91
61.386
61.86
62.462
63.064
63.666
64.268
64.87
65.471
65.685
65.899
66.113
66.327
66.541
66.755
66.97
67.57
68.77
69.02
69.27
69.582
69.894
70.207
70.52
73.39
76.26
79.13
79.394
79.658
79.922
80.186
80.45
80.714
80.978
81.24
81.651
82.062
82.473
82.884
83.295
83.706
84.12
84.426
84.732
85.038
85.344
85.65
85.956
86.26
86.537
86.814
87.091
87.368
87.645
87.92
88.423
88.926
89.429
89.932
90.435
90.938
91.441
91.944
92.447
92.946
93.258
93.57
93.882
94.194
94.506
94.818
95.13
95.442
95.75
96.161
96.572
96.983
97.394
97.805
98.216
98.627
99.038
99.446
99.652
99.858
100.064
100.27
100.476
100.682
100.89
101.132
101.375
101.618
101.861
102.103
102.345
102.588
102.831
103.073
103.315
103.558
103.8
104.042
104.285
104.781
105.277
105.773
106.269
106.765
107.26
107.682
108.104
108.526
108.948
109.37
109.79
110.085
110.38
110.675
110.97
111.265
111.56
111.855
112.15
112.445
112.74
113.035
113.33
114.4
114.705
115.01
115.315
115.62
115.925
116.23
116.535
116.84
117.145
117.45
117.755
118.06
118.36
118.623
118.886
119.15
119.599
120.048
120.497
120.946
121.395
121.844
122.293
122.742
123.191
123.64
124.089
124.538
124.987
125.44
125.724
126.008
126.292
126.576
126.86
127.144
127.43
127.975
128.52
129.065
129.61
130.155
130.7
131.245
131.79
132.739
133.688
134.637
135.586
136.535
137.484
138.433
139.38
139.644
139.908
140.172
140.436
140.7
140.964
141.228
141.492
141.756
142.02
142.28
142.768
143.256
143.744
144.232
144.72
145.206
145.932
146.658
147.384
148.11
148.836
149.562
150.285
151.607
157.69
158.058
158.426
158.794
159.162
159.53
159.899
160.203
160.507
160.811
161.115
161.419
161.723
162.024
162.447
162.87
163.293
163.716
164.34
164.868
165.395
165.923
166.451
166.978
167.506
168.034
168.56
168.821
169.082
169.343
169.604
169.865
170.126
170.39
170.622
170.854
171.086
171.318
171.55
171.78
172.153
172.525
172.898
173.27
173.643
174.016
174.388
174.761
175.133
175.506
175.879
176.25
176.58
176.91
177.24
177.57
177.9
178.23
178.56
178.89
179.22
179.653
180.086
180.52
180.803
181.086
181.369
181.652
181.935
182.218
182.501
182.784
183.07
183.69
184.31
184.93
185.55
186.17
186.512
186.854
187.196
187.538
187.88
188.222
188.564
188.906
189.25
189.488
189.726
189.964
190.202
190.44
190.678
190.916
191.154
191.392
191.63
192.085
192.54
192.995
193.45
193.657
193.864
194.071
194.278
194.485
194.692
194.899
195.106
195.313
195.52
195.73
196.0
196.27
196.54
196.81
197.08
197.35
197.62
197.89
198.33
198.77
199.21
199.65
200.09
200.53
201.132
201.734
202.336
202.938
203.54
204.402
205.264
206.126
206.988
207.85
208.712
209.575
210.075
210.628
211.181
211.734
212.288
212.646
213.004
213.362
213.719
214.68
215.029
215.378
215.727
216.076
216.425
216.774
217.123
217.472
220.098
222.724
225.35
225.793
226.236
226.679
227.122
227.565
228.008
228.451
228.893
229.78
230.548
231.316
232.084
232.854
233.357
233.86
234.363
234.866
235.369
235.87
236.151
236.432
236.713
236.994
237.275
237.556
237.837
238.12
238.48
238.84
239.2
239.396
239.592
239.788
239.984
240.18
240.376
240.572
240.77
241.126
241.482
241.838
242.194
242.55
242.787
243.024
243.261
243.498
243.735
243.972
244.21
244.445
244.68
244.915
245.15
245.385
245.62
245.855
246.09
246.286
246.482
246.678
246.874
247.07
247.266
247.462
247.658
247.854
248.05
248.57
249.09
249.61
250.13
250.65
251.17
251.69
252.21
252.73
253.25
253.56
253.87
254.18
254.49
254.8
255.11
255.42
255.676
255.933
256.19
256.447
256.704
256.959
257.626
258.293
258.96
259.627
260.294
260.961
261.63
262.895
263.174
263.453
263.732
264.011
264.289
264.597
264.905
265.213
265.521
265.83
266.151
266.472
266.794
267.023
267.252
267.481
267.71
275.46
275.682
275.904
276.126
276.348
276.57
276.792
277.014
277.236
277.46
278.573
279.686
280.799
281.912
283.025
284.138
285.251
286.364
287.477
288.59
289.103
289.616
290.129
290.642
291.155
291.668
292.181
292.694
293.207
293.72
294.233
294.746
295.259
295.772
296.285
296.798
297.31
297.559
297.808
298.057
298.306
298.555
298.804
299.053
299.302
299.551
299.8
300.049
300.3
300.804
301.308
301.812
302.316
302.82
303.324
303.83
304.495
305.16
305.693
306.226
306.759
307.292
307.825
308.36
309.107
309.854
310.601
311.348
312.095
312.842
313.589
314.336
315.083
315.83
316.19
316.55
316.91
317.27
317.63
317.99
318.35
318.71
319.332
319.954
320.576
321.198
321.82
322.442
323.064
323.686
324.31
324.747
325.184
325.621
326.058
326.495
326.932
327.37
327.718
328.066
328.414
328.762
329.11
329.458
329.806
330.154
330.502
330.85
331.2
331.56
331.92
332.28
332.64
333.0
333.36
333.72
334.08
334.44
334.8
335.16
335.58
336.0
336.42
336.84
337.26
337.68
338.1
338.52
338.94
339.36
339.78
340.25
340.72
341.19
341.507
341.824
342.141
342.458
342.775
343.09
343.895
344.7
345.505
346.31
347.115
347.92
348.725
349.532
350.3
351.068
351.836
352.604
352.842
353.08
353.318
353.556
353.794
354.032
354.27
354.483
354.696
354.909
355.122
355.335
355.548
355.761
355.974
356.187
356.4
356.613
356.826
357.04
357.312
357.584
357.856
358.128
358.4
358.67
358.984
359.298
359.612
359.926
360.24
360.554
360.868
361.18
361.936
362.692
363.448
364.204
364.96
365.716
366.472
367.228
367.984
368.74
369.117
369.494
369.871
370.248
370.625
371.002
371.379
371.756
372.13
372.885
373.64
374.395
375.15
375.905
376.66
377.415
378.17
378.925
379.68
380.435
381.19
381.94
382.205
382.47
382.735
383.0
383.45
383.9
384.35
384.8
385.25
385.7
386.15
386.6
387.05
387.5
387.95
388.4
388.85
389.3
389.707
390.114
390.521
390.928
391.335
391.742
392.149
392.556
392.963
393.37
393.777
394.184
394.591
394.998
395.4
396.218
397.036
397.854
398.672
399.49
400.308
401.126
401.944
402.762
403.58
404.398
405.216
406.03
407.102
408.174
409.246
410.318
411.39
412.462
413.534
414.606
415.678
416.75
417.82
418.116
418.412
418.708
419.004
419.3
419.596
419.892
420.188
420.486
421.721
422.956
424.19
424.752
425.314
425.876
426.438
427.0
427.412
427.824
428.236
428.648
429.06
429.472
429.884
430.296
430.708
431.12
431.6
432.08
432.56
433.04
433.333
433.626
433.919
434.212
434.505
434.8
435.631
436.462
437.293
438.124
438.955
439.786
440.617
441.448
442.279
443.11
443.941
444.772
445.6
445.881
446.162
446.443
446.724
447.005
447.286
447.57
447.806
448.042
448.278
448.514
448.75
448.986
449.222
449.458
449.69
450.3
450.91
451.52
452.13
452.74
453.35
453.96
454.57
455.18
455.79
456.38
456.97
457.494
458.018
458.542
459.066
459.59
459.778
459.966
460.154
460.342
460.53
460.718
460.906
461.094
461.282
461.47
461.758
462.046
462.334
462.622
462.91
463.198
463.486
463.774
464.06
464.389
464.718
465.047
465.376
465.705
466.034
466.36
466.621
466.882
467.143
467.404
467.665
467.926
468.187
468.448
468.709
468.971
469.892
470.813
471.734
472.655
473.576
474.497
475.42
475.7
475.98
476.26
476.725
477.19
477.655
478.12
478.585
479.05
479.304
479.558
479.812
480.066
480.32
480.574
480.828
481.082
481.336
481.59
481.844
482.098
482.352
482.605
483.23
483.804
484.026
484.248
484.47
484.796
485.122
485.448
485.774
486.1
486.426
486.75
487.463
488.176
488.889
489.602
490.315
491.028
491.741
492.454
493.167
493.88
494.59
494.853
495.116
495.379
495.642
495.905
496.168
496.43
496.709
496.988
497.267
497.546
497.825
498.104
498.383
498.662
498.94
499.242
499.544
499.846
500.148
500.45
500.752
501.054
501.356
501.658
501.96
502.572
503.184
503.796
504.408
505.02
505.63
506.727
507.824
508.921
510.018
511.115
512.212
513.309
514.409
514.624
514.839
515.054
515.269
515.484
515.699
515.914
516.129
516.344
516.559
516.774
516.989
517.2
518.11
519.02
519.625
520.23
520.835
521.44
522.25
523.06
523.87
525.36
526.85
528.34
529.83
531.32
531.82
532.188
532.556
532.924
533.292
533.66
534.03
534.332
534.634
534.936
535.238
535.54
535.842
536.144
536.446
536.744
537.035
537.326
537.618
537.91
538.535
539.749
540.963
542.177
543.391
544.605
545.82
546.276
546.732
547.188
547.644
548.1
548.457
548.814
549.171
549.528
549.885
550.242
550.599
550.956
551.31
551.6
551.89
552.18
552.47
552.76
553.05
553.34
553.63
553.92
554.21
554.5
554.79
555.08
555.37
555.66
555.95
556.113
556.276
556.439
556.602
556.765
556.928
557.091
557.254
557.42
557.825
558.23
558.635
559.04
559.445
559.85
560.255
560.66
561.065
561.47
561.87
562.169
562.468
562.767
563.066
563.365
563.664
563.96
564.101
564.242
564.383
564.524
564.665
564.806
564.946
565.118
565.29
565.462
565.634
565.806
565.978
566.15
566.32
566.523
566.726
566.929
567.132
567.335
567.538
567.741
567.944
568.147
568.35
568.554
568.882
569.21
569.538
569.866
570.194
570.52
570.775
571.949
573.123
574.297
575.471
576.645
577.82
578.272
578.724
579.176
579.628
580.08
580.532
580.984
581.439
581.766
582.093
582.42
582.747
583.074
583.401
583.73
584.5
584.69
584.88
585.07
585.26
585.64
585.96
586.28
586.6
586.92
587.24
587.56
587.895
588.23
588.565
588.9
589.235
589.57
589.828
590.086
590.344
590.602
590.86
591.118
591.376
591.634
591.892
592.15
592.41
592.867
593.324
593.781
594.24
594.475
594.71
594.945
595.18
595.415
595.65
595.885
596.12
596.393
596.666
596.939
597.212
597.485
597.758
598.031
598.304
598.58
598.747
598.914
599.081
599.248
599.415
599.58
599.822
600.064
600.306
600.548
600.79
601.032
601.274
601.52
601.734
601.948
602.162
602.376
602.59
602.804
603.018
603.232
603.446
603.66
603.877
604.06
604.243
604.426
604.609
604.792
604.975
605.158
605.341
605.524
605.71
606.28
606.85
607.42
607.99
608.56
609.13
609.7
610.002
610.304
610.606
610.908
611.21
611.512
611.814
612.116
612.418
612.72
614.926
617.132
619.337
620.347
621.357
622.367
623.377
624.387
625.4
626.5
626.748
626.996
627.244
627.492
627.74
628.222
628.704
629.186
629.668
630.15
630.485
630.82
631.155
631.49
631.825
632.16
632.495
632.83
633.165
633.5
634.096
634.692
635.287
636.147
637.007
637.867
638.727
639.587
640.447
641.307
642.17
642.516
642.862
643.208
643.554
643.9
644.246
644.59
644.99
645.39
645.79
646.19
646.59
647.471
648.352
649.233
650.114
650.995
651.876
652.76
654.25
654.822
655.394
655.966
656.538
657.111
657.685
657.866
658.047
658.228
658.409
658.59
658.771
658.952
659.133
659.31
659.548
659.786
660.024
660.262
660.5
660.74
661.763
662.786
663.81
664.124
664.438
664.752
665.066
665.38
665.706
666.032
666.358
666.684
667.01
667.336
667.662
667.99
668.264
668.538
668.812
669.086
669.36
669.634
669.908
670.182
670.46
670.825
671.19
671.555
671.92
672.285
672.65
673.015
673.38
675.356
676.23
676.675
677.12
678.002
678.856
679.71
680.564
681.418
682.27
682.77
683.27
683.77
684.27
684.77
685.029
685.288
685.547
685.806
686.065
686.324
686.583
686.84
687.139
687.438
687.737
688.036
688.335
688.634
688.933
689.23
689.745
690.26
690.775
691.29
691.805
692.32
692.835
693.35
693.865
694.38
694.895
695.41
695.925
696.44
696.955
697.47
697.99
698.168
698.346
698.524
698.702
698.88
699.06
699.242
699.424
699.606
699.788
699.97
700.152
700.334
700.518
700.73
700.942
701.154
701.366
701.578
701.79
702.002
702.214
702.426
702.64
704.312
705.984
707.656
709.328
711.0
712.67
714.84
715.935
717.03
718.125
719.22
722.185
722.46
722.735
723.01
723.285
723.56
723.774
723.987
724.2
724.414
724.628
724.841
725.054
725.268
725.667
726.066
726.465
726.864
727.263
727.662
728.061
728.462
728.645
728.828
729.011
729.194
729.377
729.56
729.743
729.926
730.109
730.292
730.475
730.658
730.837
731.227
731.617
732.007
732.397
732.787
733.177
733.567
734.15
734.41
734.67
734.93
735.19
735.45
735.71
735.97
736.238
736.506
736.774
737.042
737.31
737.58
738.04
738.5
738.93
739.36
739.662
739.964
740.266
740.568
740.87
741.172
741.474
741.776
742.078
742.38
742.682
742.98
743.21
743.44
743.67
743.9
744.13
744.36
744.59
744.82
745.05
745.28
745.51
745.711
745.912
746.113
746.314
746.515
746.718
746.918
747.118
747.318
747.518
747.718
747.918
748.119
748.273
748.427
748.581
748.735
748.889
749.043
749.197
749.351
749.505
749.66
749.835
750.01
750.185
750.36
750.535
750.71
750.885
751.06
751.235
751.409
751.701
751.993
752.285
752.577
752.87
753.318
753.766
754.214
754.662
755.11
755.558
756.006
756.454
756.902
757.35
757.8
758.053
758.305
758.557
758.81
759.045
759.28
759.515
759.75
759.985
760.22
760.455
760.69
760.925
761.16
761.37
761.58
761.79
762.0
762.21
762.42
762.63
762.84
763.05
763.721
764.393
765.065
765.736
766.203
766.67
767.46
767.711
767.962
768.213
768.464
768.715
768.966
769.214
769.452
769.69
769.928
770.166
770.404
770.642
770.88
771.115
771.35
771.585
771.82
772.055
772.29
772.525
772.76
772.995
773.23
773.717
774.204
774.691
775.178
775.665
776.152
776.639
777.13
777.353
777.576
777.799
778.022
778.245
778.468
778.69
778.915
779.14
779.365
779.59
779.815
780.04
780.265
780.49
780.95
781.41
781.87
782.33
782.791
783.29
783.512
783.734
783.956
784.178
784.4
784.78
785.16
785.54
785.92
786.3
786.68
787.06
787.441
787.696
787.951
788.206
788.461
788.716
788.971
789.226
789.482
790.196
790.91
791.624
792.338
793.052
793.766
794.266
794.767
794.998
795.229
795.46
795.691
795.922
796.153
796.384
796.615
796.85
797.026
797.202
797.378
797.554
797.73
797.95
798.17
798.39
798.61
799.193
799.385
799.577
799.769
799.961
800.153
800.345
800.537
800.729
800.922
801.401
801.88
802.359
802.838
803.317
803.796
804.275
804.754
805.23
805.826
806.422
807.018
807.614
808.21
808.805
810.74
811.021
811.302
811.583
811.864
812.145
812.426
812.71
813.808
814.905
816.002
817.1
817.31
817.52
817.73
817.94
818.15
818.36
818.57
818.78
818.99
819.247
819.504
819.761
820.018
820.275
820.532
820.789
821.046
821.3
821.497
821.694
821.891
822.088
822.285
822.482
822.679
822.879
823.106
823.333
823.56
823.787
824.014
824.241
824.468
824.695
824.92
825.29
825.66
826.03
826.4
826.77
827.14
827.51
827.88
828.272
828.664
829.056
829.448
829.84
830.232
830.624
831.016
831.408
831.8
832.192
832.584
832.98
833.3
833.62
833.94
834.26
834.58
834.9
835.266
835.632
835.998
836.364
836.73
837.181
837.632
838.083
838.534
838.985
839.436
839.887
840.338
840.789
841.24
841.694
841.932
842.17
842.408
842.646
842.884
843.122
843.36
843.725
844.09
844.455
844.82
845.185
845.55
845.915
846.28
846.645
847.01
847.375
847.74
848.105
848.47
848.83
849.625
850.42
851.215
852.01
852.805
853.6
854.395
855.19
855.985
856.78
857.575
858.37
859.17
860.06
860.95
861.84
862.73
863.62
864.51
865.4
865.957
866.514
867.07
867.278
867.486
867.693
867.9
868.186
868.472
868.758
869.044
869.33
869.706
870.082
870.458
870.834
871.21
871.586
871.962
872.338
872.714
873.09
873.466
873.84
874.231
874.622
875.013
875.404
875.795
876.186
876.577
876.968
877.359
877.75
877.947
878.144
878.341
878.538
878.736
878.933
879.13
879.33
879.681
880.032
880.383
880.734
881.085
881.436
881.79
882.317
882.845
883.373
883.9
884.234
884.568
884.902
885.236
885.57
885.904
886.238
886.572
886.891
887.21
887.53
888.523
889.516
890.51
891.08
891.306
891.532
891.758
891.984
892.21
892.436
892.662
892.89
893.359
893.828
894.297
894.766
895.235
895.704
896.17
902.28
904.28
905.534
906.788
908.042
909.296
910.549
910.773
910.997
911.221
911.445
911.669
911.893
912.117
912.34
912.88
913.42
913.96
914.5
915.04
915.35
915.66
915.97
917.558
919.146
920.735
922.07
924.63
924.915
925.2
925.485
925.77
926.02
926.27
926.52
926.77
927.355
927.94
928.196
928.452
928.708
928.964
929.22
929.476
929.732
929.987
930.57
930.746
930.922
931.098
931.274
931.45
931.626
931.802
931.98
932.239
932.498
932.757
933.016
933.275
933.534
933.793
934.052
934.311
934.57
934.93
935.29
935.65
936.01
936.37
936.73
937.23
937.474
937.718
937.962
938.206
938.45
938.694
938.938
939.182
939.43
940.078
940.726
941.374
942.022
942.67
943.32
943.586
943.852
944.118
944.384
944.65
944.916
945.182
945.448
945.71
946.256
946.802
947.348
947.894
948.44
948.711
948.982
949.253
949.524
949.795
950.066
950.337
950.608
950.879
951.15
951.421
951.692
951.96
952.308
952.655
953.002
953.349
953.697
954.044
954.391
954.74
955.239
955.738
956.237
956.736
957.235
957.734
958.233
958.73
959.18
959.63
960.08
960.53
960.98
961.43
961.881
962.38
962.874
963.368
963.862
964.356
964.85
965.344
965.838
966.332
966.83
967.103
967.376
967.649
967.922
968.195
968.468
968.741
969.014
969.29
969.723
970.156
970.589
971.022
971.455
971.89
972.523
973.156
973.79
974.612
975.434
976.256
977.078
977.9
978.722
979.544
980.366
981.188
982.01
982.83
986.22
986.57
986.92
987.27
987.62
987.97
988.32
988.67
989.02
989.37
989.72
990.07
990.42
990.706
990.992
991.278
991.564
991.85
992.136
992.42
993.102
993.784
994.466
995.148
995.83
996.512
997.194
997.876
998.56
998.8
999.04
999.28
999.52
999.76
1000.0
1000.24
1000.48
1000.72
1001.02
1001.32
1001.62
1001.92
1002.22
1002.52
1002.82
1003.12
1003.42
1003.72
1004.111
1004.502
1004.893
1005.284
1005.675
1006.066
1006.457
1006.85
1007.137
1007.424
1007.711
1007.998
1008.285
1008.572
1008.856
1009.052
1009.248
1009.444
1009.64
1009.836
1010.032
1010.23
1010.438
1010.646
1010.854
1011.062
1011.27
1011.478
1011.686
1011.894
1012.104
1012.501
1012.898
1013.295
1013.692
1014.089
1014.486
1014.883
1015.28
1015.68
1016.746
1017.812
1018.878
1019.944
1021.01
1022.076
1023.142
1024.21
1024.691
1025.172
1025.653
1026.134
1026.615
1027.096
1027.577
1028.058
1028.539
1029.02
1029.501
1029.982
1030.463
1030.945
1031.897
1032.849
1033.8
1034.197
1034.594
1034.991
1035.388
1035.785
1036.182
1036.579
1036.976
1037.373
1037.77
1038.165
1038.428
1038.691
1038.954
1039.217
1039.48
1039.743
1040.006
1040.269
1040.568
1040.867
1041.166
1041.465
1041.764
1042.06
1042.396
1042.733
1043.07
1043.407
1043.744
1044.079
1044.306
1044.533
1044.76
1044.987
1045.214
1045.441
1045.668
1045.895
1046.122
1046.346
1046.93
1047.514
1048.582
1049.65
1050.718
1051.786
1052.854
1053.922
1054.99
1056.06
1056.26
1056.46
1056.66
1057.063
1057.466
1057.869
1058.272
1058.675
1059.078
1059.481
1059.884
1060.287
1060.69
1061.088
1061.463
1061.838
1062.213
1062.588
1062.963
1063.338
1063.713
1064.084
1064.27
1064.456
1064.642
1064.828
1065.014
1065.2
1065.386
1065.572
1065.758
1065.944
1066.13
1066.316
1066.5
1066.702
1066.905
1067.108
1067.311
1067.514
1067.715
1068.269
1068.823
1069.377
1069.931
1070.485
1071.04
1071.325
1071.61
1071.895
1072.18
1072.465
1073.023
1073.581
1074.139
1074.697
1075.255
1075.814
1077.272
1078.73
1080.188
1081.646
1083.104
1084.84
1086.576
1086.779
1086.982
1087.185
1087.388
1087.591
1087.794
1087.997
1088.2
1088.723
1089.245
1089.767
1090.29
1090.812
1091.334
1091.857
1092.38
1093.204
1094.028
1094.852
1095.677
1095.899
1096.121
1096.343
1096.565
1096.787
1097.01
1097.2
1097.39
1097.58
1097.77
1097.96
1098.15
1098.342
1098.534
1098.726
1098.918
1099.11
1099.434
1099.758
1100.082
1100.406
1100.73
1101.054
1101.38
1101.885
1102.39
1102.895
1103.4
1103.804
1104.208
1104.612
1105.016
1105.42
1105.824
1106.229
1106.5
1106.771
1107.042
1107.313
1107.584
1107.854
1108.302
1108.75
1109.198
1109.646
1110.27
1110.505
1110.74
1110.975
1111.21
1111.445
1111.68
1111.915
1112.15
1112.385
1112.651
1112.917
1113.183
1113.449
1113.715
1113.981
1114.247
1114.51
1115.176
1115.434
1115.692
1115.95
1116.208
1116.466
1116.724
1117.419
1118.114
1118.809
1119.504
1120.199
1120.894
1121.589
1122.284
1122.979
1123.674
1124.368
1124.755
1125.142
1125.529
1125.916
1126.303
1126.69
1127.077
1127.66
1128.456
1129.252
1130.048
1130.844
1131.64
1132.436
1133.232
1134.03
1134.623
1135.216
1135.809
1136.402
1136.995
1137.588
1138.18
1138.361
1138.542
1138.723
1138.904
1139.085
1139.266
1139.447
1139.628
1139.809
1139.99
1140.171
1140.352
1140.539
1140.709
1140.879
1141.049
1141.219
1141.389
1141.559
1141.729
1141.899
1142.069
1142.239
1142.409
1142.58
1142.996
1143.412
1143.828
1144.244
1144.66
1145.076
1145.492
1145.91
1146.148
1146.386
1146.624
1146.862
1147.1
1147.338
1147.576
1147.814
1148.05
1148.29
1148.53
1148.77
1149.01
1149.25
1149.49
1149.73
1149.97
1150.885
1151.8
1152.715
1153.63
1154.545
1155.46
1156.375
1157.29
1158.205
1159.12
1159.53
1159.94
1160.35
1160.76
1161.17
1161.58
1161.882
1162.185
1162.487
1162.79
1163.092
1163.395
1163.697
1164.0
1164.369
1164.738
1165.107
1165.476
1165.845
1166.214
1166.583
1166.952
1167.321
1167.69
1168.204
1168.718
1169.232
1169.746
1170.26
1170.774
1171.288
1171.802
1172.32
1175.608
1178.896
1182.184
1185.472
1188.76
1192.05
1192.55
1192.74
1192.93
1193.12
1193.31
1193.5
1193.69
1193.924
1194.158
1194.392
1194.626
1194.86
1195.094
1195.328
1195.565
1195.837
1196.109
1196.381
1196.653
1196.925
1197.197
1197.469
1197.74
1197.991
1198.242
1198.493
1198.744
1198.995
1199.246
1199.5
1199.812
1200.124
1200.436
1200.748
1201.06
1201.35
1201.85
1203.334
1203.584
1203.834
1204.084
1204.334
1204.584
1204.834
1205.084
1205.419
1205.754
1206.089
1206.424
1206.759
1207.094
1207.429
1207.764
1208.097
1211.98
1212.381
1212.782
1213.183
1213.584
1213.985
1214.386
1214.787
1215.19
1215.633
1216.076
1216.519
1216.962
1217.405
1217.848
1218.291
1218.732
1218.928
1219.124
1219.32
1219.516
1219.712
1219.908
1220.104
1220.3
1220.496
1220.69
1220.891
1221.092
1221.293
1221.494
1221.695
1221.896
1222.097
1222.299
1222.507
1222.715
1222.923
1223.131
1223.339
1223.547
1223.755
1223.963
1224.171
1224.379
1224.59
1225.037
1225.484
1225.93
1226.68
1227.43
1228.18
1228.93
1229.68
1230.43
1231.18
1231.93
1232.68
1233.43
1233.688
1233.946
1234.204
1234.462
1234.72
1234.978
1235.236
1235.494
1235.75
1236.44
1237.13
1237.82
1238.51
1238.779
1239.048
1239.317
1239.586
1239.855
1240.124
1240.39
1240.613
1240.836
1241.059
1241.282
1241.505
1241.728
1241.951
1242.174
1242.397
1242.62
1242.84
1243.45
1244.06
1244.67
1245.28
1245.631
1245.982
1246.333
1246.684
1247.035
1247.386
1247.737
1248.088
1248.439
1248.79
1249.09
1249.39
1249.69
1249.99
1250.29
1250.59
1250.89
1251.19
1251.728
1252.266
1252.804
1253.342
1253.88
1254.418
1254.956
1255.494
1256.032
1256.57
1257.108
1257.646
1258.18
1258.559
1258.938
1259.317
1259.696
1260.075
1260.454
1260.833
1261.21
1261.537
1261.864
1262.191
1262.518
1262.845
1263.172
1263.5
1263.878
1264.256
1264.634
1265.012
1265.39
1265.768
1266.146
1266.524
1266.902
1267.28
1267.754
1268.228
1268.702
1269.176
1269.65
1270.124
1270.598
1271.072
1271.55
1271.815
1272.08
1272.345
1272.61
1272.875
1273.14
1273.405
1273.67
1273.935
1274.2
1274.47
1275.35
1275.645
1275.94
1276.235
1276.53
1276.825
1277.12
1277.415
1277.71
1278.005
1278.3
1278.6
1279.0
1279.4
1279.8
1280.2
1280.6
1281.608
1282.617
1283.626
1284.634
1284.926
1285.218
1285.51
1285.802
1286.094
1286.386
1286.679
1286.997
1287.315
1287.633
1287.95
1288.298
1288.646
1288.994
1289.341
1289.688
1290.036
1290.384
1290.73
1290.978
1291.226
1291.474
1291.722
1291.97
1292.218
1292.466
1292.714
1292.962
1293.21
1293.52
1293.83
1294.14
1294.45
1294.76
1295.07
1295.38
1295.69
1296.0
1298.35
1300.7
1303.05
1305.4
1307.75
1310.1
1312.45
1314.8
1317.15
1319.5
1320.093
1320.686
1321.279
1321.872
1322.465
1323.06
1323.425
1323.79
1323.99
1324.19
1324.39
1324.59
1324.79
1324.99
1325.19
1325.39
1325.59
1325.79
1325.99
1326.19
1326.39
1326.59
1326.79
1327.053
1327.316
1327.579
1327.841
1328.103
1328.366
1328.629
1328.891
1329.154
1329.417
1329.679
1329.94
1330.365
1330.789
1330.947
1331.105
1331.263
1331.421
1331.58
1331.782
1331.984
1332.186
1332.388
1332.59
1332.792
1332.996
1333.427
1333.858
1334.289
1334.72
1335.149
1335.328
1335.507
1335.686
1335.865
1336.044
1336.223
1336.402
1336.581
1336.76
1336.94
1337.304
1337.668
1338.032
1338.396
1338.76
1339.124
1339.488
1339.85
1340.154
1340.458
1340.762
1341.066
1341.37
1341.674
1345.779
1346.077
1346.376
1346.675
1346.974
1347.273
1347.57
1348.188
1348.806
1349.424
1350.042
1350.659
1351.277
1351.895
1352.513
1353.13
1353.748
1354.366
1354.98
1355.258
1355.536
1355.814
1356.092
1356.37
1356.648
1356.926
1357.204
1357.482
1357.76
1358.315
1358.87
1359.425
1359.98
1360.535
1361.09
1361.645
1362.2
1362.755
1363.31
1363.865
1364.42
1364.975
1365.53
1366.08
1366.432
1366.784
1367.136
1367.488
1367.84
1368.424
1369.008
1369.592
1370.176
1370.76
1371.344
1371.928
1372.512
1373.094
1373.261
1373.428
1373.595
1373.762
1373.929
1374.096
1374.263
1374.43
1374.597
1374.76
1375.086
1375.412
1375.738
1376.064
1376.39
1376.716
1377.042
1377.368
1377.694
1378.02
1378.346
1378.672
1379.0
1379.279
1379.558
1379.837
1380.116
1380.395
1380.674
1380.953
1381.232
1381.511
1381.79
1382.069
1382.348
1382.63
1382.976
1383.322
1383.668
1384.014
1384.36
1384.706
1385.052
1385.4
1386.028
1386.656
1387.284
1387.912
1388.54
1389.168
1389.796
1390.424
1391.05
1391.397
1391.744
1392.091
1392.438
1392.785
1393.132
1393.48
1393.82
1394.16
1394.5
1394.84
1395.18
1395.52
1395.86
1396.2
1397.422
1398.644
1399.866
1401.088
1402.31
1402.594
1402.878
1403.162
1403.446
1403.73
1404.129
1404.528
1404.927
1405.326
1405.725
1406.124
1406.523
1406.92
1407.267
1407.615
1407.963
1408.31
1408.77
1409.23
1409.69
1410.15
1410.333
1410.516
1410.699
1410.882
1411.065
1411.248
1411.431
1411.614
1411.797
1411.98
1412.16
1412.39
1412.62
1412.85
1413.08
1413.31
1413.54
1415.163
1416.786
1418.41
1418.627
1418.844
1419.061
1419.278
1419.495
1419.71
1419.934
1420.158
1420.382
1420.606
1420.83
1421.003
1421.176
1421.349
1421.522
1421.695
1421.868
1422.041
1422.214
1422.387
1422.56
1423.113
1423.666
1424.219
1424.772
1425.325
1425.88
1426.096
1426.312
1426.528
1426.744
1426.96
1427.176
1427.392
1427.608
1427.82
1428.648
1429.476
1430.304
1431.13
1431.888
1432.645
1433.402
1434.159
1434.917
1435.674
1436.431
1437.19
1437.767
1438.344
1438.921
1439.498
1440.075
1440.65
1441.342
1442.034
1442.726
1443.418
1444.11
1444.355
1444.6
1444.845
1445.09
1445.335
1445.58
1445.823
1446.066
1446.309
1446.552
1446.795
1447.038
1447.484
1447.93
1448.376
1448.822
1449.268
1449.714
1450.16
1450.606
1451.052
1451.498
1451.944
1452.39
1452.83
1453.244
1453.658
1454.072
1454.486
1454.9
1455.314
1455.728
1456.142
1456.556
1456.97
1457.384
1457.798
1458.21
1458.851
1459.492
1460.133
1460.774
1461.415
1462.056
1462.697
1463.338
1463.979
1464.62
1465.441
1466.262
1467.083
1467.904
1468.725
1469.546
1470.367
1471.19
1471.47
1471.75
1472.03
1472.31
1472.59
1472.87
1473.15
1473.641
1474.132
1474.623
1475.114
1475.605
1476.096
1476.587
1477.08
1477.319
1477.558
1477.797
1478.036
1478.275
1478.514
1478.753
1478.992
1479.23
1479.606
1479.982
1480.358
1480.734
1481.11
1481.486
1481.862
1482.238
1482.614
1482.99
1483.366
1483.742
1484.118
1484.494
1484.875
1486.127
1486.606
1487.085
1487.994
1488.903
1489.812
1490.721
1491.63
1492.539
1493.449
1493.845
1494.24
1495.018
1495.303
1495.588
1495.873
1496.158
1496.443
1496.73
1496.966
1497.202
1497.438
1497.674
1497.91
1498.146
1498.382
1498.618
1498.85
1499.116
1499.382
1499.648
1499.914
1500.18
1500.446
1500.71
1500.985
1501.26
1501.535
1501.81
1502.085
1502.36
1502.635
1502.91
1503.185
1503.46
1503.735
1504.01
1504.29
1504.919
1505.548
1506.177
1506.806
1507.435
1508.064
1508.69
1509.032
1509.374
1509.716
1510.058
1510.4
1510.742
1511.084
1511.426
1511.77
1512.197
1512.624
1513.051
1513.478
1513.905
1514.332
1514.759
1515.186
1515.613
1516.04
1516.467
1516.894
1517.765
1518.636
1519.507
1520.378
1521.25
1521.629
1522.008
1522.387
1522.766
1523.145
1523.524
1523.903
1524.282
1524.66
1525.297
1525.934
1526.57
1528.19
1529.81
1531.43
1533.05
1534.67
1536.29
1537.91
1539.53
1541.15
1542.771
1544.75
1545.152
1545.554
1545.956
1546.358
1546.76
1547.162
1547.564
1547.966
1548.368
1548.77
1549.172
1549.574
1549.972
1550.267
1550.562
1550.857
1551.152
1551.445
1552.114
1552.783
1553.452
1554.12
1554.77
1555.499
1556.228
1556.957
1557.686
1558.415
1559.142
1559.42
1559.698
1559.976
1560.254
1560.532
1560.808
1561.986
1562.423
1562.86
1563.166
1563.472
1563.778
1564.084
1564.39
1564.696
1565.002
1565.308
1565.614
1565.92
1566.226
1566.53
1566.868
1567.206
1567.543
1567.88
1568.256
1568.632
1569.008
1569.384
1569.76
1570.136
1570.512
1570.888
1571.264
1571.64
1572.016
1572.392
1572.764
1573.738
1574.712
1575.686
1576.66
1577.272
1577.884
1578.496
1579.108
1579.72
1580.332
1580.944
1581.556
1582.168
1582.78
1583.395
1583.802
1584.209
1584.616
1585.023
1585.43
1585.837
1586.244
1586.65
1586.898
1587.146
1587.394
1587.642
1587.89
1588.138
1588.386
1588.634
1588.882
1589.13
1589.369
1589.607
1589.845
1590.084
1590.285
1590.486
1590.687
1590.888
1591.089
1591.29
1591.491
1591.692
1591.893
1592.094
1592.295
1592.5
1593.029
1593.558
1594.087
1594.616
1595.145
1595.674
1596.2
1596.452
1596.704
1596.956
1597.208
1597.46
1597.712
1597.964
1598.216
1598.468
1598.72
1598.951
1599.182
1599.413
1599.644
1599.875
1600.106
1600.34
1600.583
1600.826
1601.069
1601.312
1601.555
1601.798
1602.041
1602.284
1602.527
1602.77
1603.01
1603.312
1603.614
1603.916
1604.218
1604.52
1604.822
1605.124
1605.426
1605.731
1609.769
1613.807
1617.845
1621.883
1625.92
1628.158
1629.074
1629.475
1629.876
1630.277
1630.678
1631.08
1631.262
1631.444
1631.626
1631.808
1631.99
1633.075
1634.16
1635.245
1636.33
1636.654
1636.978
1637.302
1637.626
1637.95
1638.337
1638.724
1639.111
1639.498
1639.885
1640.272
1640.659
1641.046
1641.433
1641.82
1642.355
1642.89
1643.425
1643.96
1644.495
1645.03
1645.565
1646.1
1646.635
1647.17
1647.705
1648.24
1648.981
1649.722
1650.463
1651.204
1651.945
1652.686
1653.427
1654.168
1654.909
1655.65
1656.391
1656.89
1657.202
1657.514
1657.826
1658.138
1658.45
1658.743
1659.036
1659.329
1659.622
1659.915
1660.208
1660.501
1660.794
1661.087
1661.38
1661.673
1661.966
1662.26
1662.959
1663.658
1664.357
1665.056
1665.755
1666.454
1667.153
1667.85
1668.208
1668.566
1668.924
1669.282
1669.64
1669.998
1670.356
1670.714
1671.072
1671.43
1671.684
1671.938
1672.192
1672.446
1672.7
1672.954
1673.208
1673.462
1673.716
1673.97
1674.222
1674.768
1675.314
1675.861
1676.408
1676.954
1677.5
1678.046
1678.592
1679.139
1679.685
1680.231
1680.78
1682.034
1683.288
1684.542
1685.796
1687.05
1688.304
1688.902
1689.5
1690.098
1690.696
1691.292
1692.786
1694.28
1694.485
1694.69
1694.895
1695.1
1695.305
1695.51
1695.952
1696.394
1696.836
1697.278
1697.72
1698.162
1698.604
1699.05
1699.958
1700.866
1701.774
1702.682
1703.59
1704.498
1705.406
1706.314
1707.222
1708.13
1709.038
1709.946
1710.85
1711.858
1712.866
1713.874
1714.882
1715.89
1716.9
1717.345
1717.79
1718.235
1718.68
1719.127
1723.289
1725.573
1727.857
1730.14
1732.837
1733.42
1733.851
1734.282
1734.713
1735.144
1735.575
1736.006
1736.437
1736.868
1737.299
1737.73
1738.161
1738.592
1739.023
1739.454
1739.89
1740.512
1741.134
1741.756
1742.378
1743.0
1743.622
1744.244
1744.866
1745.488
1746.11
1746.732
1747.354
1747.976
1748.592
1750.131
1751.669
1753.207
1754.746
1756.016
1757.286
1758.556
1759.826
1761.096
1762.366
1763.635
1763.961
1764.287
1764.612
1766.006
1767.4
1768.794
1770.188
1771.582
1772.976
1774.37
1775.764
1777.16
1777.95
1778.22
1778.49
1778.76
1779.03
1779.3
1779.57
1779.84
1780.11
1780.38
1780.65
1780.827
1781.004
1781.181
1781.358
1781.535
1781.71
1781.924
1782.138
1782.352
1782.566
1782.78
1782.994
1783.208
1783.42
1783.778
1784.136
1784.494
1784.852
1785.212
1785.454
1785.696
1785.938
1786.18
1786.42
1786.691
1786.962
1787.233
1787.503
1788.02
1788.537
1789.054
1789.571
1790.088
1790.605
1791.12
1791.74
1792.361
1792.982
1793.602
1793.882
1794.162
1794.442
1794.722
1795.002
1795.282
1795.56
1796.0
1796.44
1796.88
1797.32
1797.76
1798.2
1798.392
1798.584
1798.776
1798.968
1799.16
1799.352
1799.544
1799.74
1799.959
1800.178
1800.397
1800.616
1800.835
1801.054
1801.273
1801.49
1801.841
1802.192
1802.543
1802.894
1803.245
1803.596
1803.95
1804.188
1804.426
1804.663
1804.9
1805.138
1805.375
1805.612
1805.85
1806.087
1806.324
1806.562
1806.8
1807.882
1808.964
1810.046
1811.128
1812.21
1813.292
1814.372
1814.556
1814.74
1814.924
1815.108
1815.292
1815.476
1815.66
1815.844
1816.028
1816.212
1816.396
1816.58
1816.886
1817.192
1817.498
1817.804
1818.11
1818.416
1818.722
1819.03
1819.287
1819.544
1819.801
1820.058
1820.315
1820.572
1820.829
1821.086
1821.343
1821.6
1821.857
1822.11
1822.339
1822.568
1822.797
1823.026
1823.255
1823.484
1823.713
1823.94
1824.55
1825.16
1825.77
1826.38
1826.99
1827.6
1827.995
1828.39
1828.785
1829.18
1829.575
1829.97
1830.365
1830.76
1831.155
1831.55
1831.945
1832.34
1832.73
1833.1
1833.47
1833.84
1834.21
1834.58
1834.95
1835.32
1835.69
1836.06
1836.288
1836.516
1836.744
1836.972
1837.2
1837.428
1837.654
1837.851
1838.048
1838.245
1838.442
1838.639
1838.836
1839.033
1839.23
1839.427
1839.624
1839.82
1839.991
1840.162
1840.333
1840.504
1840.675
1840.846
1841.017
1841.188
1841.359
1841.53
1841.926
1842.322
1842.718
1843.114
1843.51
1843.906
1844.3
1844.566
1844.832
1845.098
1845.364
1845.63
1846.096
1846.562
1847.028
1847.494
1847.96
1848.424
1849.063
1849.702
1850.341
1850.98
1851.619
1852.258
1852.897
1853.536
1854.171
1854.421
1854.67
1854.857
1855.044
1855.231
1855.419
1855.609
1855.799
1855.989
1856.179
1856.369
1856.559
1856.749
1856.939
1857.129
1857.32
1859.032
1860.744
1862.456
1864.168
1865.88
1866.122
1866.364
1866.606
1866.848
1867.09
1867.332
1867.574
1867.816
1868.057
1868.64
1869.367
1870.094
1870.821
1871.548
1872.275
1873.002
1873.729
1874.456
1875.183
1875.91
1876.64
1877.069
1877.498
1877.927
1878.356
1878.785
1879.214
1879.643
1880.07
1880.529
1880.988
1881.447
1881.906
1882.365
1882.824
1883.283
1883.74
1884.235
1884.73
1885.225
1885.72
1886.215
1886.71
1887.205
1887.7
1887.904
1888.108
1888.312
1888.516
1888.72
1888.924
1889.128
1889.332
1889.536
1889.737
1889.911
1890.085
1890.259
1890.433
1890.607
1890.781
1890.955
1891.129
1891.303
1891.477
1891.651
1891.82
1892.022
1892.224
1892.426
1892.628
1892.83
1893.032
1893.236
1893.459
1893.682
1893.905
1894.128
1894.35
1895.012
1895.674
1896.336
1896.998
1897.66
1898.322
1898.984
1899.646
1900.308
1900.97
1901.629
1903.51
1904.925
1906.34
1906.59
1906.84
1907.052
1907.264
1907.476
1907.688
1907.9
1908.112
1908.324
1908.536
1908.748
1908.96
1909.173
1909.381
1909.589
1909.797
1910.005
1910.213
1910.421
1910.629
1910.837
1911.045
1911.253
1911.461
1911.67
1912.115
1912.56
1913.005
1913.45
1913.895
1914.34
1914.785
1915.23
1915.675
1916.12
1916.565
1917.01
1918.17
1919.33
1920.49
1921.65
1921.981
1922.312
1922.643
1922.974
1923.305
1923.636
1923.97
1924.225
1924.48
1924.735
1924.99
1925.245
1925.5
1925.755
1926.01
1926.265
1926.52
1926.775
1927.03
1927.426
1927.822
1928.218
1928.614
1929.01
1929.406
1929.802
1930.198
1930.59
1931.212
1931.834
1932.456
1933.078
1933.7
1934.032
1934.364
1934.696
1935.028
1935.36
1935.694
1936.185
1936.676
1937.167
1937.658
1938.149
1938.64
1939.131
1939.622
1940.113
1940.6
1940.91
1941.22
1941.53
1941.84
1942.15
1942.46
1942.77
1943.08
1943.39
1943.7
1944.01
1944.32
1944.57
1944.82
1945.07
1945.32
1945.57
1945.82
1946.07
1946.587
1947.104
1947.62
1949.1
1949.4
1949.7
1950.0
1950.3
1950.6
1950.9
1951.2
1951.5
1951.75
1952.0
1952.25
1952.5
1952.75
1953.0
1953.25
1953.5
1953.761
1954.022
1954.283
1954.544
1954.805
1955.066
1955.327
1955.59
1956.204
1956.818
1957.432
1958.046
1958.66
1959.274
1959.888
1960.502
1961.116
1961.73
1962.428
1963.126
1963.823
1964.52
1967.022
1969.524
1972.025
1974.526
1975.494
1975.736
1975.978
1976.22
1976.462
1976.702
1976.952
1977.202
1977.452
1977.702
1977.952
1978.2
1979.173
1980.146
1981.119
1982.09
1982.395
1982.7
1983.005
1983.31
1983.635
1983.96
1984.285
1984.61
1984.935
1985.26
1985.585
1985.91
1986.235
1986.56
1986.885
1987.21
1987.535
1987.86
1988.185
1988.51
1988.835
1989.16
1989.565
1989.97
1990.375
1990.78
1991.034
1991.288
1991.542
1991.796
1992.05
1992.304
1992.558
1992.81
1993.083
1993.356
1993.629
1993.902
1994.175
1994.448
1994.721
1994.996
1995.176
1995.356
1995.536
1995.716
1995.896
1996.076
1996.256
1996.436
1996.62
1997.014
1997.408
1997.802
1998.196
1998.59
1998.984
1999.379
1999.606
1999.833
2000.06
2000.287
2000.514
2000.741
2000.968
2001.195
2001.42
2001.617
2001.814
2002.011
2002.208
2002.405
2002.602
2002.799
2002.996
2003.193
2003.39
2003.587
2003.784
2003.98
2004.263
2004.546
2004.829
2005.112
2005.395
2005.678
2005.96
2007.191
2008.422
2009.653
2010.884
2012.115
2013.346
2014.58
2015.11
2017.44
2019.77
2020.281
2020.792
2021.303
2021.814
2022.752
2023.69
2024.153
2024.616
2025.079
2025.542
2026.005
2026.468
2026.93
2027.361
2027.792
2028.223
2028.654
2029.085
2029.516
2029.947
2030.378
2030.809
2031.241
2031.74
2032.004
2032.268
2032.532
2032.796
2033.06
2033.324
2033.588
2033.85
2034.464
2035.078
2035.692
2036.306
2036.92
2037.534
2038.148
2038.762
2039.38
2040.063
2040.746
2041.429
2042.112
2042.795
2043.478
2044.16
2044.92
2045.264
2045.608
2045.952
2046.296
2046.64
2046.984
2047.328
2047.672
2048.02
2048.675
2049.33
2049.985
2050.64
2051.295
2051.95
2052.605
2053.26
2053.915
2054.57
2055.225
2055.88
2056.54
2057.211
2057.882
2058.553
2059.224
2059.895
2060.566
2061.237
2061.908
2062.579
2063.25
2064.616
2065.982
2067.348
2068.714
2070.082
2070.564
2071.046
2071.528
2072.191
2072.854
2073.517
2074.18
2074.843
2075.506
2076.169
2076.83
2077.535
2078.24
2078.945
2079.65
2080.41
2081.17
2082.458
2083.746
2085.034
2086.322
2087.61
2088.9
2089.422
2089.944
2090.466
2090.988
2091.51
2092.437
2093.364
2093.802
2094.239
2095.37
2095.596
2095.822
2096.048
2096.274
2096.5
2097.017
2097.534
2098.051
2098.568
2099.085
2099.602
2100.119
2100.636
2101.153
2101.67
2102.187
2102.7
2103.326
2103.952
2104.578
2105.204
2105.83
2106.519
2107.208
2107.897
2108.586
2109.275
2109.964
2110.653
2111.342
2112.031
2112.72
2113.409
2114.097
2115.697
2117.297
2118.897
2120.497
2122.097
2122.323
2122.549
2122.775
2123.001
2123.227
2123.453
2123.68
2123.922
2124.164
2124.406
2124.648
2124.89
2125.132
2125.374
2125.616
2125.858
2126.1
2126.342
2126.584
2126.83
2127.143
2127.456
2127.769
2128.082
2128.395
2128.708
2129.021
2129.334
2129.647
2129.96
2130.273
2130.586
2130.894
2131.068
2131.242
2131.416
2131.59
2131.764
2131.938
2132.112
2132.286
2132.46
2132.634
2132.81
2133.014
2133.218
2133.422
2133.626
2133.83
2134.034
2134.238
2134.442
2134.646
2134.85
2135.059
2135.642
2136.225
2136.808
2137.391
2137.974
2138.557
2139.14
2139.723
2140.31
2142.889
2143.236
2143.583
2143.93
2144.144
2144.358
2144.572
2144.786
2145.0
2145.214
2145.43
2145.713
2145.997
2146.28
2146.564
2146.747
2146.93
2147.113
2147.296
2147.48
2147.76
2148.04
2148.32
2148.6
2148.88
2149.84
2150.8
2151.76
2152.72
2153.68
2154.64
2155.6
2156.268
2156.936
2157.604
2158.272
2158.94
2159.608
2160.276
2160.944
2161.612
2162.28
2162.948
2163.616
2164.284
2164.95
2165.28
2165.61
2165.94
2166.27
2166.6
2166.93
2167.775
2168.62
2169.465
2170.31
2171.155
2172.0
2172.269
2172.538
2172.807
2173.076
2173.345
2173.614
2173.886
2174.173
2174.46
2174.747
2175.034
2175.32
2175.82
2177.371
2178.922
2180.473
2182.024
2183.575
2185.126
2186.68
2187.151
2187.622
2188.093
2188.564
2189.035
2189.506
2189.977
2190.452
2190.695
2190.938
2191.181
2191.424
2191.667
2191.91
2192.534
2193.158
2193.782
2194.406
2195.03
2195.654
2196.28
2196.605
2196.93
2197.255
2197.58
2197.905
2198.23
2198.555
2198.88
2199.204
2199.406
2199.608
2199.81
2200.012
2200.214
2200.416
2200.62
2201.309
2201.998
2202.687
2203.376
2204.065
2204.754
2205.443
2206.132
2206.821
2207.51
2208.199
2208.888
2209.577
2210.26
2210.76
2210.944
2211.128
2211.312
2211.496
2211.68
2211.864
2212.05
2212.274
2212.498
2212.722
2212.946
2213.17
2213.394
2213.62
2213.913
2214.206
2214.499
2214.792
2215.085
2215.378
2215.671
2215.964
2216.257
2216.55
2216.84
2217.094
2217.348
2217.602
2217.856
2218.11
2218.364
2218.618
2218.872
2219.068
2219.264
2219.46
2219.656
2219.852
2220.048
2220.244
2220.44
2220.636
2220.83
2221.167
2221.504
2221.841
2222.178
2222.516
2223.495
2224.474
2225.453
2226.432
2227.411
2228.39
2229.37
2229.645
2229.92
2230.195
2230.47
2230.745
2231.02
2232.23
2233.572
2234.522
2235.472
2236.422
2237.372
2238.322
2238.796
2239.27
2239.744
2246.805
2247.017
2247.229
2247.441
2247.653
2247.865
2248.077
2248.29
2248.503
2248.716
2248.93
2249.243
2249.556
2249.87
2250.22
2250.57
2250.92
2251.27
2251.62
2251.97
2252.32
2252.67
2253.02
2253.207
2253.394
2253.581
2253.769
2253.956
2254.144
2254.331
2254.52
2254.821
2255.122
2255.423
2255.724
2256.025
2256.326
2256.627
2256.928
2257.229
2257.53
2257.831
2258.13
2258.448
2258.766
2259.084
2259.402
2259.72
2260.038
2260.356
2260.674
2260.992
2261.31
2261.596
2261.882
2262.168
2262.454
2262.74
2263.026
2263.312
2263.598
2263.884
2264.17
2264.456
2264.742
2265.028
2265.314
2265.6
2265.942
2266.284
2266.626
2266.968
2267.31
2267.65
2268.205
2268.76
2269.339
2269.918
2270.497
2271.076
2271.655
2272.234
2272.813
2273.39
2273.808
2274.226
2274.644
2275.062
2275.48
2275.9
2276.279
2276.658
2277.037
2277.416
2277.795
2278.174
2278.553
2278.93
2279.214
2279.498
2279.782
2280.066
2280.35
2280.634
2280.918
2281.202
2281.486
2281.77
2282.054
2282.338
2282.622
2282.91
2283.255
2283.6
2283.945
2284.29
2284.672
2285.054
2285.436
2285.818
2286.2
2286.582
2286.964
2287.346
2287.73
2288.147
2288.564
2288.981
2289.398
2289.815
2290.232
2290.65
2290.954
2291.258
2291.562
2291.866
2292.17
2292.474
2292.778
2293.082
2293.386
2293.69
2294.198
2294.706
2295.213
2295.72
2296.55
2297.38
2298.21
2298.463
2298.716
2298.97
2299.225
2299.48
2299.735
2299.99
2300.245
2300.5
2300.755
2301.01
2301.261
2301.502
2301.743
2301.984
2302.225
2302.466
2302.707
2302.948
2303.189
2303.43
2303.593
2303.756
2303.919
2304.082
2304.245
2304.408
2304.571
2304.734
2304.9
2305.116
2305.332
2305.548
2305.764
2305.98
2306.196
2306.412
2306.63
2311.259
2311.515
2311.771
2312.027
2312.283
2312.539
2312.795
2313.05
2313.329
2313.608
2313.887
2314.166
2314.445
2314.726
2315.041
2315.356
2315.671
2315.986
2316.301
2316.616
2316.931
2317.246
2317.561
2317.876
2318.191
2318.506
2318.82
2319.024
2319.228
2319.432
2319.636
2319.84
2320.044
2320.248
2320.452
2320.66
2321.036
2321.412
2321.788
2322.164
2322.54
2322.916
2323.292
2323.668
2324.048
2331.7
2332.058
2332.416
2332.774
2333.132
2333.49
2333.85
2334.195
2334.54
2334.885
2335.23
2335.575
2335.92
2336.265
2336.61
2336.955
2337.3
2337.506
2337.712
2337.918
2338.124
2338.33
2338.536
2338.742
2338.948
2339.15
2339.438
2339.726
2340.014
2340.302
2340.59
2340.878
2341.166
2341.454
2341.742
2342.03
2342.878
2343.726
2344.077
2344.428
2344.779
2345.13
2345.481
2345.832
2346.183
2346.534
2346.885
2347.239
2347.51
2347.78
2348.051
2348.321
2348.559
2348.797
2349.035
2349.273
2349.512
2349.702
2349.892
2350.082
2350.272
2350.462
2350.652
2350.842
2351.032
2351.22
2351.549
2351.878
2352.207
2352.536
2352.865
2353.194
2353.523
2353.852
2354.181
2354.51
2354.841
2355.6
2356.359
2357.118
2357.498
2357.878
2358.258
2358.638
2359.018
2359.4
2359.707
2360.014
2360.321
2360.628
2360.935
2361.242
2361.55
2361.747
2361.944
2362.14
2362.502
2362.864
2363.226
2363.588
2363.95
2364.312
2364.674
2365.036
2365.398
2365.76
2366.12
2366.495
2366.87
2367.245
2367.62
2367.995
2368.37
2368.745
2369.12
2369.495
2369.87
2370.245
2370.62
2370.995
2371.37
2371.745
2372.12
2373.273
2374.426
2375.579
2376.73
2378.66
2378.962
2379.264
2379.566
2379.868
2380.17
2381.4
2384.155
2384.514
2384.873
2385.232
2385.591
2385.95
2386.309
2386.668
2387.027
2387.386
2387.745
2388.957
2390.17
2392.729
2393.037
2393.345
2393.653
2393.961
2394.27
2394.618
2394.966
2395.314
2395.662
2396.01
2396.358
2396.707
2396.915
2397.123
2397.331
2397.54
2398.212
2398.884
2399.556
2400.228
2400.9
2401.27
2401.64
2402.01
2402.38
2402.75
2403.12
2403.49
2403.86
2404.232
2404.559
2404.886
2405.213
2405.54
2405.867
2406.194
2406.521
2406.845
2407.428
2408.82
2409.014
2409.208
2409.402
2409.596
2409.79
2409.984
2410.178
2410.372
2410.566
2410.76
2410.957
2411.219
2411.481
2411.743
2412.005
2412.267
2412.529
2412.79
2412.913
2413.036
2413.159
2413.282
2413.405
2413.53
2413.96
2414.39
2414.82
2415.25
2416.309
2417.368
2418.427
2424.99
2425.272
2425.554
2425.836
2426.118
2426.4
2426.659
2426.918
2427.177
2427.436
2427.695
2427.954
2428.213
2428.472
2428.73
2429.139
2429.548
2429.957
2430.133
2430.309
2430.485
2430.661
2430.837
2431.013
2431.189
2431.365
2431.54
2432.23
2432.92
2433.61
2434.3
2434.99
2435.68
2436.37
2437.06
2437.75
2438.44
2438.94
2439.32
2439.7
2440.08
2440.46
2440.84
2441.22
2441.6
2441.98
2442.36
2442.74
2443.119
2443.301
2443.483
2443.665
2443.847
2444.029
2444.211
2444.392
2444.573
2444.755
2444.937
2445.119
2445.301
2445.483
2445.66
2446.065
2446.47
2446.76
2447.05
2447.34
2447.63
2447.92
2448.21
2448.5
2448.724
2448.948
2449.172
2449.396
2449.62
2449.844
2450.068
2450.292
2450.516
2450.74
2450.964
2451.188
2451.412
2451.64
2452.276
2452.912
2453.548
2454.184
2454.82
2455.127
2455.434
2455.741
2456.048
2456.355
2456.662
2456.969
2457.276
2457.583
2457.89
2458.197
2458.5
2459.0
2459.467
2459.934
2460.4
2460.746
2461.092
2461.438
2461.784
2462.13
2462.476
2462.822
2463.168
2463.514
2463.86
2464.21
2467.703
2471.196
2474.69
2475.155
2475.62
2476.085
2476.55
2477.015
2477.48
2477.945
2478.41
2478.875
2479.34
2479.805
2480.27
2480.74
2481.603
2482.466
2483.33
2483.785
2484.24
2484.695
2485.15
2485.322
2485.494
2485.666
2485.838
2486.01
2486.182
2486.354
2486.526
2486.698
2486.87
2487.042
2487.214
2487.39
2487.951
2488.512
2489.073
2489.634
2490.195
2490.756
2491.317
2491.878
2492.439
2493.0
2493.561
2494.12
2494.381
2494.642
2494.903
2495.164
2495.425
2495.686
2495.95
2496.81
2497.67
2498.207
2498.744
2499.281
2499.818
2500.355
2500.892
2501.175
2501.458
2501.741
2502.024
2502.307
2502.59
2502.873
2503.156
2503.439
2503.724
2503.935
2504.146
2504.357
2504.568
2504.779
2504.987
2505.612
2506.026
2506.44
2506.854
2507.268
2507.682
2508.096
2508.51
2508.924
2509.337
2509.572
2509.807
2510.042
2510.277
2510.512
2510.747
2510.982
2511.217
2511.452
2511.687
2511.92
2512.18
2512.44
2512.7
2512.96
2513.22
2513.48
2513.74
2514.0
2514.343
2514.686
2515.029
2515.372
2515.715
2516.058
2516.401
2516.744
2517.087
2517.43
2517.773
2518.12
2518.44
2518.76
2519.046
2519.332
2519.618
2519.904
2520.19
2520.476
2520.76
2520.794
2521.031
2521.268
2521.505
2521.693
2521.881
2522.068
2522.256
2522.443
2522.631
2522.818
2523.006
2523.193
2523.38
2523.645
2523.91
2524.175
2524.44
2524.705
2524.901
2525.097
2525.293
2525.489
2525.685
2525.881
2526.08
2527.011
2527.942
2528.873
2529.805
2530.017
2530.229
2530.441
2530.653
2530.865
2531.077
2531.29
2531.503
2531.716
2531.93
2532.231
2532.532
2532.833
2533.134
2533.435
2533.736
2534.037
2534.338
2534.64
2535.74
2536.056
2536.372
2536.688
2537.004
2537.32
2537.636
2537.952
2538.268
2538.584
2538.9
2539.184
2539.468
2539.752
2540.036
2540.32
2541.0
2541.587
2542.174
2542.76
2543.392
2544.024
2544.656
2545.288
2545.92
2546.55
2549.54
2550.003
2550.466
2550.929
2551.392
2551.855
2552.318
2552.781
2553.244
2553.71
2553.888
2554.066
2554.244
2554.422
2554.6
2554.78
2555.095
2555.41
2555.725
2556.04
2556.385
2556.73
2557.075
2557.42
2557.765
2558.11
2558.403
2558.696
2558.989
2559.282
2559.575
2559.868
2560.161
2560.454
2560.747
2560.976
2561.205
2561.434
2561.663
2561.892
2562.121
2562.35
2562.58
2562.974
2563.368
2563.762
2564.156
2564.55
2564.75
2564.95
2565.15
2565.35
2565.55
2565.75
2565.95
2566.15
2568.01
2569.87
2570.086
2570.302
2570.518
2570.734
2570.95
2571.166
2571.382
2571.598
2571.814
2572.03
2572.246
2572.462
2572.678
2572.89
2573.358
2573.826
2574.294
2574.762
2575.23
2575.7
2575.947
2576.194
2576.44
2576.672
2576.904
2577.136
2577.368
2577.6
2577.832
2578.065
2578.315
2578.565
2578.815
2579.065
2579.317
2579.493
2579.669
2579.845
2580.021
2580.197
2580.373
2580.549
2580.725
2580.9
2581.213
2581.526
2581.839
2582.152
2582.465
2582.778
2583.091
2583.404
2583.72
2584.57
2585.014
2585.458
2585.902
2586.346
2586.79
2587.234
2587.678
2588.12
2588.428
2588.736
2589.044
2589.352
2589.659
2590.2
2590.402
2590.604
2590.806
2591.008
2591.21
2591.412
2591.614
2591.82
2592.39
2592.557
2592.724
2592.891
2593.058
2593.225
2593.392
2593.559
2593.726
2593.893
2594.06
2594.227
2594.394
2594.561
2594.73
2594.918
2595.106
2595.294
2595.481
2595.669
2595.856
2596.044
2596.23
2597.976
2598.6
2604.65
2604.9
2605.15
2605.4
2605.65
2605.9
2606.337
2606.774
2607.21
2607.752
2608.044
2608.336
2608.628
2608.92
2609.21
2609.482
2609.754
2610.026
2610.298
2610.57
2610.84
2611.021
2611.202
2611.383
2611.564
2611.745
2611.926
2612.107
2612.29
2612.607
2612.924
2613.241
2613.558
2613.875
2614.192
2614.509
2614.826
2615.14
2615.657
2616.174
2616.691
2617.208
2617.725
2618.24
2618.43
2618.62
2618.81
2619.0
2619.19
2619.38
2619.57
2619.76
2619.95
2620.14
2620.33
2620.52
2620.918
2621.316
2621.713
2622.11
2622.483
2622.856
2623.229
2623.602
2623.975
2624.348
2624.721
2625.094
2625.467
2625.84
2626.213
2626.586
2626.96
2628.495
2628.672
2628.849
2629.026
2629.203
2629.38
2629.557
2629.734
2629.911
2630.088
2630.265
2630.442
2630.62
2630.896
2631.172
2631.448
2631.724
2632.0
2632.276
2632.552
2632.83
2633.053
2633.276
2633.499
2633.722
2633.945
2634.168
2634.391
2634.614
2634.837
2635.06
2635.674
2636.288
2636.902
2637.516
2638.13
2638.434
2638.738
2639.042
2639.345
2647.36
2647.65
2647.94
2648.23
2648.52
2648.81
2649.1
2649.39
2649.68
2649.97
2650.26
2650.47
2650.68
2650.89
2651.1
2651.31
2651.52
2651.73
2651.94
2652.15
2652.36
2652.57
2652.902
2653.234
2653.566
2653.898
2654.23
2654.562
2654.894
2655.226
2655.558
2655.89
2656.22
2656.549
2656.878
2657.207
2657.535
2658.056
2658.577
2659.098
2659.619
2660.14
2660.661
2661.182
2661.703
2662.224
2662.745
2663.266
2663.79
2664.061
2664.332
2664.603
2664.874
2665.145
2665.416
2665.687
2665.956
2666.197
2666.438
2666.68
2667.055
2667.43
2667.657
2667.884
2668.111
2668.338
2668.565
2668.79
2669.164
2669.538
2669.912
2670.286
2670.66
2671.034
2671.408
2671.782
2672.156
2672.53
2672.904
2673.28
2673.56
2673.84
2674.12
2674.4
2674.724
2675.048
2675.372
2675.696
2676.02
2676.344
2676.67
2676.869
2677.068
2677.267
2677.466
2677.665
2677.864
2678.063
2678.262
2678.461
2678.66
2678.875
2679.09
2679.305
2679.52
2679.735
2679.95
2680.277
2680.604
2680.931
2681.258
2681.585
2681.91
2682.26
2682.61
2682.96
2683.31
2683.66
2684.01
2684.441
2684.872
2685.303
2685.734
2686.165
2686.596
2687.027
2687.458
2687.892
2688.461
2689.03
2689.413
2689.796
2690.18
2690.485
2690.79
2691.095
2691.4
2691.705
2692.01
2692.315
2692.62
2692.925
2693.23
2693.535
2693.84
2694.14
2694.339
2694.538
2694.737
2694.936
2695.135
2695.334
2695.533
2695.73
2696.12
2696.51
2696.9
2697.29
2697.68
2698.07
2698.46
2698.85
2699.24
2699.63
2699.864
2700.098
2700.332
2700.566
2700.8
2702.265
2703.73
2703.946
2704.162
2704.378
2704.594
2704.81
2705.192
2705.574
2705.956
2706.338
2706.72
2707.102
2707.484
2707.866
2708.25
2708.475
2708.7
2708.925
2709.15
2709.364
2709.578
2709.792
2710.006
2710.22
2710.434
2710.648
2710.86
2711.468
2712.076
2712.684
2713.292
2713.9
2714.51
2714.71
2714.91
2715.11
2715.31
2715.51
2715.71
2715.91
2716.11
2716.31
2716.51
2716.71
2716.91
2717.11
2717.31
2717.516
2717.688
2717.86
2718.032
2718.204
2718.376
2718.548
2718.72
2718.89
2719.254
2719.618
2719.982
2720.346
2720.71
2721.074
2721.438
2721.802
2722.166
2722.53
2722.814
2723.098
2723.382
2723.666
2723.95
2724.234
2724.52
2724.814
2725.109
2725.288
2725.467
2725.646
2725.825
2726.004
2726.183
2726.362
2726.541
2726.72
2726.9
2727.25
2727.6
2727.95
2728.3
2728.65
2729.58
2730.51
2731.44
2732.37
2733.3
2734.231
2734.73
2735.035
2735.34
2735.645
2735.95
2736.255
2736.56
2736.865
2737.17
2737.475
2737.78
2738.085
2738.39
2738.685
2738.98
2739.275
2739.57
2739.865
2740.16
2740.455
2740.75
2741.335
2741.92
2742.505
2743.09
2743.675
2744.26
2744.845
2745.43
2746.015
2746.6
2747.185
2747.77
2748.295
2748.82
2749.345
2749.87
2750.395
2750.92
2751.445
2751.97
2752.495
2753.02
2753.545
2754.07
2754.595
2755.12
2755.792
2756.464
2757.136
2757.808
2758.48
2759.04
2759.349
2759.658
2759.967
2760.276
2760.585
2760.894
2761.203
2761.512
2761.821
2762.13
2762.439
2762.748
2763.057
2763.366
2763.67
2763.933
2764.196
2764.459
2764.722
2764.985
2765.248
2765.511
2765.774
2766.037
2766.3
2766.563
2766.83
2767.227
2767.624
2768.021
2768.418
2768.815
2769.21
2769.726
2770.242
2770.758
2771.274
2771.79
2772.306
2772.822
2773.338
2773.854
2774.37
2774.886
2775.402
2775.92
2776.774
2777.628
2778.482
2779.336
2780.19
2781.044
2781.898
2782.752
2783.606
2784.46
2785.69
2786.92
2788.15
2789.38
2790.61
2791.84
2792.666
2793.492
2794.318
2795.144
2795.97
2796.796
2797.622
2798.448
2799.274
2800.1
2800.882
2801.664
2802.447
2803.229
2804.011
2804.793
2805.575
2806.357
2807.139
2807.921
2808.703
2809.485
2810.267
2811.049
2811.831
2812.62
2813.197
2813.774
2814.351
2814.928
2815.505
2816.082
2816.659
2817.236
2817.81
2818.186
2818.562
2818.938
2819.314
2819.69
2820.094
2820.498
2820.902
2821.306
2821.71
2822.114
2822.518
2822.92
2823.167
2823.414
2823.66
2824.58
2824.901
2825.222
2825.543
2825.864
2826.185
2826.506
2826.827
2827.15
2828.1
2828.561
2829.022
2829.483
2829.944
2830.405
2830.637
2830.869
2831.101
2831.332
2831.563
2831.794
2832.025
2832.257
2832.412
2832.567
2832.722
2832.877
2833.032
2833.187
2833.34
2837.197
2837.503
2837.809
2838.115
2838.42
2838.726
2839.03
2839.397
2839.764
2840.131
2840.498
2840.865
2841.232
2841.6
2842.135
2842.67
2843.205
2843.74
2844.275
2844.81
2845.345
2845.88
2846.233
2846.586
2846.939
2847.292
2847.645
2847.998
2848.351
2848.704
2849.057
2849.41
2849.763
2850.116
2850.469
2850.822
2851.17
2851.439
2851.708
2851.977
2852.246
2852.515
2852.784
2853.053
2853.322
2853.591
2853.86
2854.129
2854.398
2854.667
2854.936
2855.205
2855.474
2855.74
2855.98
2856.22
2856.46
2856.7
2856.94
2857.18
2857.42
2857.66
2857.9
2858.14
2858.534
2858.928
2859.322
2859.716
2860.11
2860.504
2860.898
2861.292
2861.686
2862.08
2862.47
2863.317
2864.164
2865.011
2865.858
2866.705
2867.552
2868.4
2868.823
2869.246
2869.669
2870.092
2870.515
2870.94
2871.298
2871.656
2872.014
2872.372
2872.73
2873.088
2873.446
2873.804
2874.16
2874.676
2875.192
2875.708
2876.224
2876.74
2877.256
2877.772
2878.29
2878.786
2879.282
2879.778
2880.274
2880.77
2881.266
2881.762
2882.26
2882.533
2882.806
2883.08
2885.89
2888.7
2889.2
2889.485
2889.77
2890.055
2890.34
2890.625
2890.91
2891.195
2891.48
2891.765
2892.05
2892.33
2893.174
2894.018
2894.862
2895.706
2896.55
2897.394
2898.24
2898.854
2899.468
2900.082
2900.698
2901.068
2901.439
2901.809
2902.18
2902.81
2904.282
2905.755
2907.227
2908.7
2909.007
2909.314
2909.621
2909.928
2910.235
2910.542
2910.849
2911.156
2911.46
2912.134
2912.808
2913.482
2914.156
2914.83
2915.504
2916.178
2916.852
2917.526
2918.2
2918.874
2919.548
2920.22
2920.87
2921.52
2922.17
2922.82
2923.47
2924.12
2924.77
2925.42
2926.07
2926.72
2927.37
2928.02
2928.742
2929.465
2930.188
2930.91
2931.632
2932.354
2933.076
2933.8
2934.616
2935.432
2936.248
2937.064
2937.88
2938.696
2939.512
2940.33
2940.81
2941.29
2941.77
2942.25
2942.73
2943.21
2944.61
2946.01
2947.41
2948.81
2950.21
2950.666
2951.122
2951.578
2952.034
2952.49
2952.946
2953.402
2953.858
2954.31
2955.244
2956.178
2957.112
2958.046
2958.98
2959.914
2960.85
2963.332
2964.77
2965.012
2965.254
2965.496
2965.738
2965.979
2966.154
2966.329
2966.504
2966.679
2966.854
2967.021
2967.188
2967.355
2967.522
2967.687
2968.024
2968.361
2968.698
2969.035
2969.372
2969.709
2970.046
2970.38
2970.958
2971.536
2972.114
2972.692
2973.27
2973.848
2974.426
2975.004
2975.582
2976.16
2976.738
2977.316
2977.9
2978.449
2978.998
2979.547
2980.096
2980.645
2981.194
2981.743
2982.292
2982.841
2983.39
2984.265
2985.14
2986.015
2986.89
2987.765
2988.639
2988.874
2989.108
2989.343
2989.577
2989.812
2990.046
2990.568
2991.09
2991.612
2992.134
2992.656
2993.178
2993.7
2994.16
2994.62
2995.08
2995.54
2996.0
2996.46
2996.92
2997.239
2997.558
2997.877
2998.196
2998.515
2998.834
2999.154
2999.508
2999.862
3000.216
3000.57
3001.153
3001.467
3001.781
3002.095
3002.409
3002.723
3003.037
3003.351
3003.665
3003.979
3004.293
3004.61
3005.321
3006.032
3006.743
3007.454
3008.165
3008.876
3009.587
3010.298
3011.009
3011.72
3012.43
3012.904
3013.378
3013.852
3014.326
3014.8
3015.274
3015.748
3016.222
3016.7
3016.952
3017.204
3017.456
3017.708
3017.96
3018.212
3018.464
3018.716
3018.97
3019.462
3019.954
3020.446
3020.938
3021.43
3021.922
3022.414
3022.906
3023.4
3023.755
3024.11
3024.465
3024.82
3025.175
3025.53
3025.885
3026.24
3026.595
3026.95
3027.3
3027.74
3028.18
3028.62
3029.06
3029.5
3029.94
3030.38
3030.82
3031.26
3031.85
3032.44
3033.03
3033.62
3034.21
3034.8
3035.39
3035.98
3036.142
3036.304
3036.466
3036.628
3036.79
3037.19
3037.59
3038.06
3038.53
3039.0
3039.47
3039.94
3040.14
3040.34
3040.54
3040.74
3040.94
3041.14
3041.34
3041.54
3041.74
3042.137
3042.534
3042.931
3043.328
3043.725
3044.122
3044.519
3044.916
3045.313
3045.71
3046.11
3046.581
3047.052
3047.523
3047.994
3048.465
3048.936
3049.407
3049.878
3050.349
3050.82
3051.291
3051.762
3052.233
3052.704
3053.18
3054.157
3055.134
3056.111
3057.088
3058.065
3059.04
3059.337
3059.634
3059.931
3060.228
3060.525
3060.822
3061.119
3061.416
3061.713
3062.01
3062.31
3062.881
3063.452
3064.023
3064.594
3065.165
3065.736
3066.307
3066.88
3067.162
3067.444
3067.726
3068.008
3068.29
3068.572
3068.854
3069.136
3069.418
3069.7
3070.056
3070.412
3070.768
3071.124
3071.48
3071.836
3072.19
3072.505
3072.82
3073.135
3073.45
3073.765
3074.08
3074.395
3074.71
3075.025
3075.34
3075.65
3076.115
3076.58
3077.045
3077.51
3077.975
3078.44
3078.905
3079.37
3079.835
3080.3
3080.77
3081.035
3081.3
3081.565
3081.83
3082.095
3082.36
3082.625
3082.89
3083.155
3083.42
3083.812
3084.204
3084.596
3084.988
3085.38
3085.772
3086.164
3086.556
3086.948
3087.34
3087.73
3088.117
3088.504
3088.891
3089.278
3089.665
3090.052
3090.44
3091.062
3091.684
3092.306
3092.928
3093.55
3094.172
3094.794
3095.416
3096.038
3096.66
3096.885
3097.11
3097.335
3097.56
3097.785
3098.01
3098.235
3098.46
3098.685
3098.91
3099.13
3100.015
3100.9
3101.198
3101.495
3101.793
3102.091
3102.389
3102.687
3102.985
3103.28
3103.624
3103.968
3104.312
3104.656
3105.0
3105.344
3105.688
3106.032
3106.374
3106.61
3106.846
3107.082
3107.318
3107.554
3107.79
3108.106
3108.422
3108.738
3109.054
3109.37
3109.686
3110.002
3110.318
3110.631
3111.48
3111.724
3111.968
3112.211
3112.454
3112.698
3112.941
3113.343
3113.745
3114.147
3114.549
3114.951
3115.353
3115.755
3116.157
3116.559
3116.96
3117.283
3117.606
3117.93
3118.18
3118.43
3119.03
3120.126
3121.222
3122.317
3122.622
3122.927
3123.233
3123.539
3123.845
3124.15
3124.425
3124.7
3124.975
3125.25
3125.54
3125.79
3126.04
3126.249
3126.458
3126.667
3126.876
3127.085
3127.294
3127.503
3127.71
3127.986
3128.262
3128.538
3128.814
3129.09
3129.366
3129.642
3129.918
3130.194
3130.47
3130.746
3131.02
3131.331
3131.642
3131.953
3132.264
3132.575
3132.886
3133.2
3133.622
3134.044
3134.466
3134.888
3135.31
3135.732
3136.154
3136.576
3136.998
3137.42
3137.842
3138.26
3138.597
3138.934
3139.271
3139.608
3139.945
3140.282
3140.622
3142.35
3143.224
3144.098
3144.972
3145.846
3146.72
3147.167
3147.614
3148.06
3148.262
3148.465
3148.668
3148.87
3149.072
3149.274
3149.476
3149.678
3149.88
3150.082
3150.284
3150.49
3150.87
3151.25
3151.63
3151.84
3152.05
3152.26
3152.47
3152.68
3152.89
3153.1
3153.31
3153.647
3153.984
3154.321
3154.658
3154.995
3155.332
3155.669
3156.005
3156.347
3156.689
3157.03
3157.319
3157.608
3157.897
3158.186
3158.475
3158.764
3159.053
3159.342
3159.63
3160.08
3160.53
3160.98
3161.356
3161.732
3162.108
3162.484
3162.861
3163.166
3163.471
3163.776
3164.081
3164.386
3164.691
3164.996
3165.301
3165.61
3166.84
3168.07
3168.32
3168.57
3168.82
3169.07
3169.32
3169.57
3169.994
3170.418
3170.842
3171.266
3171.69
3171.894
3172.098
3172.302
3172.506
3172.71
3172.914
3173.118
3173.322
3173.526
3173.73
3173.93
3174.26
3174.59
3174.919
3175.098
3175.277
3175.456
3175.635
3175.814
3175.993
3176.172
3176.351
3176.53
3176.71
3176.993
3177.276
3177.559
3177.842
3178.125
3178.651
3179.177
3179.703
3180.228
3180.728
3181.204
3181.68
3182.156
3182.632
3182.951
3183.27
3183.59
3183.896
3184.202
3184.507
3185.09
3185.39
3185.619
3185.848
3186.077
3186.306
