21.959
22.215
22.471
22.727
22.983
23.239
23.495
23.75
24.091
24.432
24.773
25.114
25.455
25.796
26.139
26.33
26.521
26.712
26.903
27.094
27.285
27.476
27.667
27.858
28.049
28.24
28.43
28.797
29.164
29.531
29.898
30.265
30.632
30.999
31.366
31.733
32.1
32.467
32.83
33.16
33.49
33.82
34.15
34.48
34.81
35.14
35.47
35.802
37.367
37.728
38.089
38.45
38.694
38.938
39.182
39.426
39.67
39.914
40.158
40.402
40.646
40.89
41.134
41.38
41.746
42.112
42.478
42.844
43.21
43.576
44.203
44.829
45.224
45.62
46.46
46.716
46.972
47.228
47.484
47.74
47.996
48.252
48.508
48.764
49.02
49.329
49.638
49.947
50.256
50.565
50.874
51.183
51.492
51.801
52.11
52.333
52.556
52.779
53.002
53.225
53.448
53.671
53.894
54.117
54.34
54.56
55.079
55.598
56.117
56.636
57.155
57.674
58.193
58.712
59.23
59.464
59.698
59.932
60.166
60.4
60.775
61.15
61.525
61.9
62.275
62.65
63.025
63.4
63.775
64.15
64.52
66.87
67.367
67.864
68.361
68.858
69.355
69.852
70.593
71.334
72.075
72.816
73.028
73.24
73.452
73.664
73.876
74.088
74.3
74.695
75.09
75.485
75.88
76.275
76.67
77.065
77.46
77.855
78.25
78.645
79.04
79.43
79.716
80.002
80.288
80.574
80.86
81.146
81.432
81.72
82.062
82.404
82.746
83.088
83.43
83.772
84.114
84.456
84.798
85.14
85.482
85.82
86.06
86.3
86.54
86.78
87.02
87.26
87.5
87.74
87.98
88.22
88.46
88.779
89.098
89.417
89.736
90.055
90.374
90.69
91.77
92.85
93.93
94.587
95.244
95.901
96.558
97.215
97.87
98.373
98.876
99.379
99.882
100.385
100.888
101.39
101.821
102.252
102.683
103.114
103.545
103.976
104.41
104.883
105.356
105.829
106.302
106.775
107.248
107.721
108.194
108.667
109.14
109.613
110.086
110.559
110.754
110.949
111.144
111.339
111.534
111.729
111.924
112.119
112.314
112.509
112.704
112.899
113.1
113.363
113.626
113.972
114.192
114.412
114.632
114.852
115.072
115.292
115.513
115.686
115.859
116.032
116.205
116.378
116.551
116.724
116.897
117.07
117.24
117.811
118.382
118.953
119.524
120.095
120.666
121.237
121.807
122.04
122.273
122.506
122.739
122.972
123.205
123.438
123.671
123.904
124.14
124.343
124.546
124.749
124.952
125.155
125.358
125.561
125.764
125.967
126.17
126.373
126.579
130.43
130.707
130.984
131.261
131.538
131.815
132.092
132.369
132.646
132.92
133.296
133.672
134.048
134.424
134.8
134.991
135.182
135.373
135.564
135.755
135.946
136.137
136.33
136.554
136.778
137.001
137.225
137.448
137.672
137.895
138.119
138.343
138.565
139.19
141.297
141.602
141.907
142.213
142.518
142.823
143.13
143.497
143.864
144.231
144.598
144.965
145.332
145.699
146.066
146.433
146.8
147.17
147.594
148.018
148.442
148.866
149.29
149.714
150.138
150.562
150.986
151.41
151.83
152.159
152.488
152.817
153.146
153.475
153.804
154.13
154.381
154.632
154.883
155.134
155.385
155.636
155.887
156.138
156.389
156.64
156.89
157.353
157.816
158.28
159.0
159.72
160.44
161.16
161.776
162.392
163.008
163.624
164.24
164.856
165.472
166.09
166.556
167.022
167.488
167.954
168.42
168.886
169.352
169.818
170.28
170.68
171.08
171.48
171.88
172.28
172.68
173.08
173.48
173.88
174.276
174.448
174.62
174.792
174.964
175.136
175.308
175.48
175.65
175.82
175.99
176.16
176.33
176.5
176.67
176.84
177.023
177.206
177.389
177.572
177.756
178.536
179.316
180.096
180.876
181.656
183.92
184.597
185.274
185.951
186.628
187.305
187.98
188.526
189.072
189.618
190.164
190.71
190.958
191.206
191.453
191.701
191.948
192.196
192.444
192.69
193.431
194.172
194.913
195.654
196.395
197.136
197.877
198.618
199.359
200.1
200.578
201.056
201.534
202.012
202.49
202.958
203.426
203.894
204.362
204.83
205.298
205.766
206.234
206.702
207.17
207.64
208.171
208.702
209.233
209.764
210.295
210.826
211.357
211.888
212.419
212.95
213.481
214.012
214.543
215.08
215.586
216.092
216.598
217.104
217.61
218.116
218.622
219.128
219.634
220.14
220.646
221.152
221.66
221.914
222.168
222.422
222.676
222.93
223.184
223.438
223.692
223.946
224.2
224.454
224.71
226.1
227.49
233.274
233.997
234.72
235.14
235.56
235.98
236.4
236.82
238.03
239.24
240.45
240.926
241.402
241.878
242.354
242.83
243.306
243.782
244.26
244.605
244.95
245.295
245.64
245.985
246.33
246.675
247.02
247.365
247.71
248.055
248.4
248.75
249.377
250.004
250.631
251.258
251.885
252.512
253.139
253.766
254.393
255.02
255.65
256.217
256.784
257.351
257.917
258.784
259.652
260.304
260.956
261.608
262.26
262.912
263.564
264.216
264.87
265.558
266.246
266.934
267.622
268.31
268.902
269.494
270.086
270.678
271.27
271.56
271.85
272.14
272.43
272.72
273.01
273.285
273.56
273.835
274.11
274.385
274.66
274.935
275.21
275.485
275.76
276.035
276.31
276.58
276.916
277.252
277.588
277.922
278.104
278.286
278.468
278.65
278.832
279.014
279.196
279.38
279.58
279.78
279.98
280.18
280.38
280.58
280.78
280.98
281.18
281.38
281.663
281.946
282.229
282.512
282.795
283.08
283.57
284.06
284.55
285.04
285.53
286.019
286.509
286.999
287.489
287.975
288.242
288.509
288.776
289.043
289.31
289.577
289.845
290.47
290.843
291.216
291.589
291.962
292.335
292.708
293.081
293.454
293.827
294.2
294.573
294.946
295.319
295.69
296.068
296.446
296.824
297.202
297.58
297.96
298.215
298.47
298.725
298.98
299.235
299.49
299.745
300.0
302.18
302.429
302.678
302.927
303.176
303.425
303.674
303.92
304.727
305.534
306.34
306.774
307.208
307.642
308.076
308.51
308.944
309.378
309.812
310.246
310.68
311.11
311.5
311.89
312.28
312.67
313.06
313.45
313.84
314.23
314.62
315.01
315.4
315.79
316.18
316.57
316.96
317.346
317.774
318.202
318.63
319.058
319.486
319.914
320.342
320.77
321.2
321.534
321.868
322.202
322.536
322.87
323.204
323.54
323.892
324.244
324.596
324.948
325.3
325.652
326.004
326.356
326.708
327.06
327.409
327.593
327.777
327.961
328.145
328.329
328.513
328.7
329.397
330.094
330.791
331.488
332.185
332.882
333.58
334.036
334.492
334.948
335.404
335.86
336.529
337.198
337.867
338.536
339.205
339.874
340.543
341.212
341.885
342.282
342.679
343.076
343.474
343.871
344.268
344.665
345.062
345.459
345.856
346.253
346.65
347.047
347.45
348.38
349.31
350.24
351.17
351.607
352.044
352.481
352.918
353.355
353.79
354.288
354.786
355.284
355.781
356.279
356.776
357.274
357.77
358.057
358.344
358.631
358.918
359.205
359.492
359.78
360.273
360.766
361.259
361.752
362.245
362.738
363.231
363.724
364.217
364.71
365.203
365.696
366.19
366.912
367.634
368.356
369.078
369.8
370.52
370.734
370.948
371.162
371.376
371.59
371.804
372.018
372.232
372.45
372.829
373.208
373.587
373.966
374.345
374.724
375.103
375.48
375.756
376.032
376.308
376.584
376.86
377.136
377.412
377.688
377.964
378.24
378.52
379.048
379.576
380.104
380.632
381.16
381.688
382.216
382.744
383.27
383.957
384.644
385.331
386.018
386.705
387.392
388.079
388.766
389.453
390.14
390.827
391.514
392.201
392.89
393.624
394.358
395.092
395.826
396.56
396.9
397.24
397.58
397.92
398.26
400.17
400.571
400.972
401.373
401.774
402.175
402.576
402.977
403.378
403.779
404.18
404.581
404.982
405.38
405.607
405.834
406.061
406.288
406.515
406.742
406.97
407.192
407.414
407.636
407.858
408.08
408.302
408.524
408.746
408.968
409.19
409.415
409.693
409.971
410.249
410.527
410.805
411.083
411.361
411.639
411.916
414.47
415.417
416.364
417.311
417.74
418.169
418.598
419.027
419.456
419.885
420.315
420.637
420.959
421.281
421.603
421.925
422.247
422.569
422.891
423.213
423.535
423.86
424.145
424.43
424.715
425.0
425.285
425.57
425.855
426.14
426.404
426.668
426.932
427.196
427.46
427.724
427.988
428.252
428.516
428.78
429.04
429.527
430.014
430.5
431.0
431.5
432.0
432.5
433.0
433.5
434.0
434.5
435.0
435.5
436.0
436.5
437.375
438.25
439.125
440.0
440.875
441.75
442.625
443.5
444.375
445.25
446.12
446.913
447.706
448.5
449.05
449.6
450.15
450.7
451.25
451.791
452.332
452.873
453.414
453.955
454.496
455.037
455.578
456.115
460.817
461.213
461.609
462.005
462.4
462.637
462.874
463.111
463.348
463.585
463.82
464.067
464.314
464.561
464.808
465.055
465.3
465.446
465.592
465.738
465.884
466.03
466.176
466.32
466.54
466.76
466.98
467.2
467.42
467.64
467.86
468.08
468.3
468.743
469.185
469.627
470.07
470.84
471.61
472.38
473.15
473.92
474.69
475.46
476.23
477.0
477.77
478.29
478.81
479.33
479.85
481.527
486.13
486.946
487.762
488.578
489.394
490.21
491.026
491.84
492.341
492.842
493.343
493.845
495.033
496.22
497.697
499.175
499.498
499.821
500.144
500.467
500.79
501.115
501.786
502.457
503.128
503.799
504.469
504.698
504.927
505.156
505.385
506.556
507.78
508.329
508.878
509.427
509.976
510.525
511.074
511.623
512.172
512.721
513.27
513.822
514.483
515.144
515.805
516.466
517.127
517.788
518.452
519.261
520.07
520.88
521.089
521.298
521.507
521.716
521.925
522.134
522.34
523.613
524.886
526.159
527.432
528.705
529.98
530.407
530.834
531.26
531.687
532.114
532.541
532.968
533.394
533.821
534.245
535.973
537.7
538.203
538.706
539.209
539.712
540.215
540.718
541.221
541.724
542.227
542.73
543.112
543.495
543.878
544.261
544.643
545.025
545.408
545.79
546.21
546.63
547.05
547.47
547.89
548.31
548.73
549.15
549.585
550.02
550.455
550.89
551.325
551.76
552.197
552.419
552.641
552.863
553.085
553.307
553.53
554.475
555.42
556.365
557.31
557.614
557.918
558.222
558.526
558.83
559.134
559.438
559.742
560.046
560.35
560.654
560.958
561.26
561.917
562.574
563.231
563.888
564.545
565.202
565.859
566.517
566.675
566.833
566.991
567.149
567.307
567.465
567.623
567.781
567.939
568.1
569.314
570.528
571.742
572.956
574.17
574.429
574.688
574.947
575.206
575.465
575.724
575.98
576.407
576.834
577.261
577.688
578.114
578.35
578.586
578.822
579.058
579.294
579.53
580.245
580.96
581.675
582.39
582.747
583.104
583.462
583.82
585.597
587.374
589.15
589.935
590.72
591.505
592.29
592.555
592.82
594.005
595.19
595.43
595.67
595.91
596.15
596.39
596.63
596.87
597.109
599.601
602.093
604.585
607.077
609.57
609.853
610.136
610.419
610.702
610.987
611.345
611.703
612.061
612.42
612.785
613.15
613.515
613.88
614.3
614.72
615.14
615.56
615.98
616.4
616.82
617.24
617.66
618.08
618.5
618.817
619.134
619.451
619.768
620.085
620.402
620.719
621.036
621.353
621.67
621.987
622.3
622.795
623.29
623.785
624.28
624.775
625.27
625.765
626.26
626.755
627.25
627.74
628.357
628.974
629.591
630.208
630.825
631.442
632.059
632.676
633.293
633.91
634.166
634.422
634.678
634.934
635.19
635.446
635.702
635.958
636.214
636.47
636.907
637.344
637.781
638.217
638.654
639.091
639.528
639.965
640.402
640.835
641.114
641.393
641.672
641.951
642.23
642.487
642.745
643.003
643.26
643.453
643.646
643.839
644.032
644.225
644.418
644.611
644.804
644.997
645.19
645.383
645.576
645.77
646.045
646.32
646.595
646.87
647.145
647.42
647.695
647.97
648.245
648.52
648.815
649.11
649.405
649.7
649.996
650.244
650.492
650.74
650.988
651.236
651.484
651.732
651.98
652.229
652.486
652.743
653.0
653.257
653.514
653.77
654.066
654.362
654.658
654.954
655.25
655.546
655.842
656.138
656.434
656.73
657.132
657.534
657.936
658.338
658.74
659.084
659.428
659.772
660.116
660.46
660.804
661.148
661.492
661.836
662.18
662.524
662.868
663.212
663.556
663.896
665.12
665.58
666.04
666.5
666.725
666.95
667.175
667.4
667.561
667.722
667.883
668.044
668.205
668.366
668.527
668.691
668.885
669.079
669.273
669.467
669.661
669.855
670.049
670.243
670.437
670.631
670.82
671.173
671.526
671.88
672.782
673.684
674.586
675.488
676.179
676.87
678.478
679.134
679.79
680.668
681.546
682.424
683.302
684.18
685.06
685.541
686.022
686.503
686.984
687.465
687.946
688.43
690.83
691.175
691.52
691.865
692.21
693.426
694.163
694.9
695.637
696.374
697.11
697.772
698.434
699.096
699.758
700.42
701.082
701.744
702.406
703.068
703.73
703.95
704.17
704.39
704.61
704.83
705.05
705.27
705.49
707.08
708.67
709.087
709.504
709.921
710.338
710.755
711.174
711.617
712.06
712.503
712.946
713.389
713.832
714.275
714.718
715.158
715.871
716.584
717.297
718.01
718.723
719.436
720.15
720.974
721.798
722.622
723.446
724.27
725.094
725.918
726.742
727.566
728.39
729.21
729.438
729.665
729.892
730.12
730.558
730.995
731.252
731.509
731.766
732.023
732.28
732.536
733.183
733.683
734.545
735.808
736.152
736.496
736.84
737.184
737.528
737.872
738.216
738.56
738.907
739.129
739.351
739.573
739.795
740.017
740.24
740.672
741.104
741.536
741.968
742.4
742.83
743.523
744.216
744.909
745.602
746.295
746.778
747.261
747.744
748.227
748.71
749.193
749.676
751.853
754.03
754.945
755.86
756.775
757.69
758.159
758.628
759.097
759.566
760.035
760.504
760.973
761.442
761.911
762.38
762.85
763.415
763.98
764.545
766.033
767.521
769.009
770.497
771.985
773.473
774.962
775.774
776.586
777.397
777.954
778.511
779.068
779.625
780.182
780.739
781.293
784.116
784.345
784.574
784.803
785.032
785.261
785.49
785.75
786.01
786.27
786.53
786.79
787.05
787.31
787.57
787.83
788.09
788.35
788.61
788.87
789.366
789.862
790.358
790.854
791.35
791.846
792.34
792.594
792.848
793.102
793.356
793.61
793.864
794.118
794.372
794.626
794.88
795.134
795.388
795.64
796.402
797.164
797.926
798.688
799.45
799.724
799.997
801.026
802.055
803.084
804.113
805.142
806.17
806.585
807.0
807.415
807.83
808.463
809.096
809.73
810.105
810.48
810.855
811.23
812.23
813.23
814.23
815.23
816.228
816.654
817.08
817.506
817.932
818.358
818.784
819.21
819.636
820.062
820.488
820.91
821.795
821.994
822.193
822.392
822.591
822.79
822.989
823.19
823.376
823.562
823.748
823.934
824.12
824.306
824.492
824.68
824.883
825.086
825.289
825.492
825.695
825.898
826.101
826.305
826.874
827.443
828.012
828.581
829.152
829.742
830.332
830.922
831.512
832.102
832.692
833.282
833.872
834.46
836.45
836.729
837.008
837.287
837.566
837.845
838.124
838.403
838.682
838.961
839.24
839.52
840.019
840.518
841.017
841.516
842.015
842.514
843.013
843.512
844.011
844.51
844.836
845.162
845.488
845.814
846.14
846.466
846.792
847.118
847.444
847.77
848.084
848.398
848.712
849.026
849.34
849.654
849.968
850.282
850.6
850.881
851.162
851.443
851.724
852.005
852.286
852.567
852.848
853.129
853.41
853.691
853.972
854.25
854.492
854.734
854.976
855.218
855.46
855.702
855.944
856.186
856.428
856.67
856.912
857.154
857.396
857.645
858.01
858.375
858.74
859.105
859.47
859.835
860.2
860.565
860.93
862.1
863.27
864.44
864.809
865.178
865.547
865.916
866.285
866.654
867.02
867.187
867.354
867.521
867.688
867.855
868.022
868.189
868.356
868.52
869.101
869.682
870.263
870.844
871.425
872.006
872.587
873.168
873.75
873.982
874.214
874.446
874.678
874.91
875.527
876.145
876.763
877.38
878.642
879.904
881.166
882.428
883.69
884.772
885.854
886.936
888.018
889.1
890.182
891.262
891.476
891.689
891.902
892.116
892.33
892.543
892.756
892.97
893.126
893.282
893.438
893.594
893.75
893.906
894.06
894.608
895.156
895.704
896.252
896.8
897.123
897.446
897.77
898.132
898.494
898.855
902.93
904.151
905.372
906.593
907.814
909.035
910.256
911.477
912.696
913.188
913.68
914.172
914.664
916.474
916.712
916.95
917.188
917.426
917.664
917.902
918.14
918.716
919.292
919.868
920.444
921.02
921.849
922.678
923.507
924.336
925.165
925.994
926.823
927.652
928.48
928.829
929.178
929.527
929.876
930.225
930.574
930.923
931.272
931.621
931.97
932.319
932.67
932.942
933.214
933.486
933.758
934.03
934.3
934.933
935.566
936.199
936.832
937.465
938.098
940.39
940.754
941.118
941.482
941.846
942.21
942.574
942.938
943.302
943.666
944.03
944.394
944.758
945.122
945.49
946.604
947.718
948.832
949.946
951.06
952.174
953.288
954.402
955.516
956.63
957.744
958.855
963.54
965.659
965.916
966.173
966.43
966.687
966.944
967.2
967.442
967.684
967.926
968.168
968.41
968.65
968.947
969.244
969.541
969.838
970.135
970.432
970.729
971.026
971.323
971.62
971.938
972.256
972.574
972.892
973.21
973.528
973.846
974.354
974.862
975.37
975.878
976.386
976.894
977.4
977.65
977.9
978.15
978.4
978.65
978.9
979.15
979.4
979.65
980.048
980.447
980.846
981.245
981.644
982.041
982.715
983.389
984.063
984.737
985.411
986.085
986.762
987.734
988.223
988.712
989.201
989.69
989.952
990.214
990.476
990.738
991.0
991.262
991.524
991.786
992.048
992.31
992.752
993.194
993.636
994.078
994.52
994.739
994.958
995.177
995.396
995.615
995.834
996.053
996.272
996.491
996.71
996.929
997.15
997.504
997.858
998.212
998.566
998.92
999.274
999.628
999.982
1000.34
1000.648
1000.956
1001.264
1001.572
1001.88
1002.19
1002.69
1003.01
1003.33
1003.65
1003.9
1004.15
1004.4
1004.65
1004.9
1005.15
1005.523
1005.896
1006.269
1006.642
1007.015
1007.388
1007.76
1008.202
1008.644
1009.087
1009.53
1010.162
1010.794
1011.427
1012.06
1013.374
1014.688
1016.002
1017.316
1018.63
1019.944
1021.258
1022.572
1023.89
1024.134
1024.378
1024.622
1024.866
1025.11
1025.354
1025.598
1025.842
1026.089
1026.368
1026.647
1026.926
1027.205
1027.484
1027.763
1028.04
1028.319
1028.598
1028.877
1029.156
1029.435
1029.714
1029.993
1030.272
1030.55
1030.795
1031.04
1031.285
1031.53
1031.775
1032.02
1032.28
1032.54
1032.8
1033.06
1033.32
1033.58
1033.839
1034.164
1034.489
1034.814
1035.139
1035.464
1035.79
1035.983
1036.175
1036.367
1036.56
1036.81
1037.06
1037.31
1037.56
1037.81
1038.543
1039.275
1040.008
1040.74
1041.058
1041.376
1041.694
1042.012
1042.33
1042.648
1042.966
1043.287
1043.726
1044.166
1044.605
1045.044
1045.484
1045.924
1046.377
1046.83
1047.283
1047.736
1048.189
1048.642
1049.095
1049.548
1050.001
1050.45
1050.878
1051.306
1051.734
1052.162
1052.59
1053.018
1053.446
1053.874
1054.302
1054.73
1055.158
1055.586
1056.008
1056.541
1057.074
1057.607
1058.14
1058.673
1059.206
1059.739
1060.27
1061.866
1062.163
1062.46
1062.757
1063.054
1063.351
1063.65
1063.814
1063.978
1064.142
1064.305
1064.88
1065.234
1065.588
1065.942
1066.296
1066.746
1067.197
1067.647
1068.097
1068.547
1068.997
1069.447
1069.9
1070.401
1070.902
1071.403
1071.904
1072.405
1072.906
1073.41
1073.719
1074.028
1074.337
1074.646
1074.955
1075.264
1075.573
1075.882
1076.189
1076.488
1076.787
1077.086
1077.385
1077.684
1077.98
1078.372
1078.764
1079.156
1079.548
1079.94
1080.33
1080.808
1081.286
1081.764
1082.242
1082.72
1083.198
1083.676
1084.154
1084.632
1085.11
1085.59
1085.816
1086.042
1086.268
1086.494
1086.72
1086.946
1087.172
1087.398
1087.624
1087.85
1088.076
1088.301
1088.525
1088.749
1088.973
1089.197
1089.421
1089.645
1089.869
1090.09
1090.371
1090.652
1090.933
1091.214
1091.495
1091.776
1092.057
1092.338
1092.62
1093.267
1093.914
1094.561
1095.208
1095.695
1096.182
1096.67
1097.108
1097.545
1097.884
1098.223
1098.562
1098.9
1099.609
1100.358
1100.649
1100.94
1101.23
1101.47
1101.71
1101.95
1102.19
1102.43
1102.624
1102.818
1103.012
1103.206
1103.4
1103.827
1104.254
1104.68
1105.292
1105.904
1106.516
1106.808
1107.1
1107.392
1107.684
1107.974
1109.505
1111.035
1111.598
1112.16
1112.413
1112.666
1112.92
1113.213
1113.506
1113.799
1114.092
1114.386
1116.697
1116.901
1117.105
1117.309
1117.513
1117.717
1117.921
1118.125
1118.329
1118.53
1118.816
1119.102
1119.388
1119.674
1119.96
1120.246
1120.532
1120.818
1122.029
1123.24
1123.563
1123.886
1124.209
1124.532
1124.901
1125.27
1125.639
1126.008
1131.011
1136.014
1136.68
1138.088
1139.496
1140.904
1142.312
1143.72
1145.13
1146.05
1146.97
1147.89
1148.81
1149.73
1150.65
1151.57
1152.049
1152.528
1153.007
1153.486
1153.965
1154.442
1156.96
1157.549
1158.138
1158.727
1159.316
1159.903
1160.132
1160.361
1160.59
1160.819
1161.048
1161.278
1161.65
1162.022
1162.394
1162.766
1163.138
1163.51
1163.88
1164.28
1164.68
1165.08
1165.48
1165.88
1166.28
1166.68
1167.08
1167.48
1167.88
1168.407
1168.934
1169.461
1169.988
1170.515
1171.042
1171.57
1172.514
1173.458
1174.402
1175.346
1176.29
1176.582
1176.875
1177.168
1177.46
1177.753
1178.045
1178.338
1178.63
1178.906
1179.181
1179.457
1179.732
1180.054
1180.376
1180.698
1181.02
1181.34
1181.635
1181.93
1182.225
1182.52
1182.815
1183.11
1183.552
1183.994
1184.436
1184.878
1185.32
1185.762
1186.204
1186.646
1187.084
1187.562
1188.039
1188.516
1188.994
1189.277
1189.56
1189.843
1190.126
1190.41
1190.836
1191.262
1191.688
1192.114
1192.54
1192.966
1193.392
1193.818
1194.244
1194.67
1195.096
1195.522
1195.95
1196.372
1196.794
1197.216
1197.638
1198.06
1198.482
1198.904
1199.326
1199.748
1200.17
1200.511
1200.852
1201.193
1201.534
1201.875
1202.216
1202.56
1203.466
1204.372
1205.278
1206.184
1207.09
1207.996
1208.9
1209.143
1209.386
1209.63
1210.1
1210.57
1211.04
1211.51
1211.965
1212.42
1212.875
1213.33
1213.787
1215.379
1216.971
1218.563
1220.155
1221.747
1223.34
1223.612
1223.884
1224.156
1224.428
1224.7
1224.972
1225.244
1225.516
1225.788
1226.06
1226.332
1226.6
1227.315
1228.03
1228.745
1229.46
1230.175
1230.89
1231.605
1232.32
1233.035
1233.86
1234.685
1235.51
1235.888
1236.265
1236.643
1237.02
1237.288
1237.556
1237.824
1238.092
1238.36
1238.628
1238.896
1239.164
1239.432
1239.7
1239.968
1240.236
1240.51
1241.052
1241.594
1242.136
1242.678
1243.22
1243.507
1243.794
1244.081
1244.368
1244.655
1244.942
1245.23
1245.629
1246.028
1246.427
1246.826
1247.225
1247.624
1248.02
1248.341
1248.662
1248.983
1249.304
1249.625
1249.946
1250.267
1250.59
1250.976
1251.362
1251.748
1252.134
1252.52
1252.906
1253.292
1253.678
1254.06
1254.413
1254.766
1255.119
1255.472
1255.824
1256.079
1256.334
1256.589
1256.844
1257.099
1257.354
1257.609
1257.864
1258.115
1258.883
1259.65
1259.89
1260.13
1260.37
1260.61
1260.85
1261.292
1261.734
1262.176
1262.618
1263.06
1264.505
1265.95
1266.422
1266.894
1267.366
1267.838
1268.31
1268.937
1269.564
1270.19
1270.376
1270.562
1270.748
1270.934
1271.12
1271.306
1271.492
1271.678
1271.864
1272.05
1272.236
1272.422
1272.61
1273.032
1273.454
1273.876
1274.298
1274.72
1275.14
1276.319
1277.498
1278.677
1279.856
1280.827
1281.41
1282.855
1284.3
1288.15
1288.472
1288.794
1289.116
1289.438
1289.76
1290.363
1290.967
1296.32
1296.528
1296.736
1296.944
1297.152
1297.36
1297.545
1297.73
1297.915
1298.1
1298.285
1298.47
1298.979
1299.488
1299.997
1300.507
1300.719
1300.931
1301.143
1301.355
1301.567
1301.779
1301.991
1302.203
1302.415
1302.627
1302.84
1303.165
1303.49
1303.815
1304.14
1304.465
1304.79
1305.115
1305.44
1305.765
1306.494
1307.223
1307.952
1308.681
1309.41
1310.139
1310.87
1311.137
1311.404
1311.671
1311.938
1312.206
1312.473
1312.74
1313.01
1313.224
1313.438
1313.652
1313.866
1314.08
1314.294
1314.51
1314.786
1315.062
1315.338
1315.614
1315.89
1316.166
1316.442
1316.718
1316.994
1317.27
1317.611
1317.953
1318.294
1318.636
1319.079
1319.522
1319.965
1320.408
1320.851
1321.294
1321.737
1322.18
1322.623
1323.07
1323.423
1323.776
1324.129
1324.482
1324.835
1325.188
1325.541
1325.894
1326.247
1326.6
1326.95
1327.735
1328.52
1329.305
1330.09
1331.054
1332.018
1332.982
1333.946
1334.91
1335.874
1336.838
1337.802
1338.77
1338.959
1339.148
1339.337
1339.526
1339.715
1339.904
1340.093
1340.282
1340.47
1340.813
1341.156
1341.5
1341.812
1342.124
1342.436
1342.748
1343.06
1343.4
1343.74
1344.08
1344.42
1344.888
1345.356
1345.824
1346.292
1348.44
1349.148
1349.942
1350.736
1351.53
1351.777
1352.024
1352.271
1352.518
1352.765
1353.012
1353.259
1353.506
1353.753
1354.002
1354.345
1354.688
1355.031
1355.374
1355.565
1355.756
1355.947
1356.138
1356.329
1356.52
1356.711
1356.902
1357.093
1357.284
1357.475
1357.665
1358.031
1358.397
1358.764
1359.116
1359.468
1359.82
1360.172
1360.524
1360.876
1361.229
1361.569
1361.909
1362.249
1362.589
1362.929
1363.27
1363.635
1364.0
1364.365
1364.73
1365.095
1365.46
1365.825
1366.19
1366.496
1366.802
1367.108
1367.414
1367.72
1368.026
1368.33
1368.68
1369.03
1369.38
1369.73
1370.08
1370.43
1370.78
1371.13
1371.48
1371.921
1372.362
1372.803
1373.244
1373.685
1374.126
1374.57
1374.989
1375.408
1375.827
1376.246
1376.665
1377.084
1377.5
1378.237
1378.974
1379.711
1380.448
1381.185
1381.92
1382.888
1383.855
1384.396
1384.937
1385.478
1386.019
1386.56
1387.101
1387.645
1390.13
1390.69
1391.25
1392.402
1393.554
1394.707
1395.86
1396.478
1397.096
1397.714
1398.332
1398.95
1399.568
1400.186
1400.804
1401.422
1402.04
1402.66
1403.379
1404.098
1404.817
1405.536
1406.255
1406.974
1407.69
1408.066
1408.442
1408.818
1409.194
1409.57
1410.035
1410.5
1410.945
1411.39
1411.653
1411.916
1412.179
1412.442
1412.705
1412.97
1414.394
1415.817
1416.076
1416.335
1416.594
1416.853
1417.112
1417.371
1417.63
1417.889
1418.15
1424.19
1430.23
1431.205
1432.18
1432.366
1432.552
1432.738
1432.924
1433.11
1433.296
1433.482
1433.668
1433.854
1434.04
1434.364
1434.688
1435.012
1435.336
1435.66
1435.984
1436.31
1437.533
1438.755
1439.978
1441.2
1441.611
1442.022
1442.433
1442.844
1443.255
1443.666
1444.077
1444.488
1444.9
1445.647
1446.394
1447.141
1447.888
1448.635
1449.382
1450.129
1450.876
1451.623
1452.37
1452.808
1453.246
1453.684
1454.122
1454.56
1454.998
1455.98
1456.35
1456.72
1457.09
1457.46
1457.83
1458.313
1458.796
1459.279
1459.762
1460.245
1460.728
1461.21
1461.455
1461.7
1461.945
1462.19
1462.435
1462.68
1462.925
1463.17
1463.415
1463.66
1464.027
1464.394
1464.761
1465.128
1465.495
1465.862
1466.23
1466.482
1466.734
1466.986
1467.238
1467.49
1467.742
1467.994
1468.246
1468.498
1468.75
1469.335
1469.92
1470.505
1471.09
1471.675
1472.26
1472.844
1473.018
1473.192
1473.366
1473.54
1473.714
1473.888
1474.062
1474.236
1474.41
1474.584
1474.76
1475.338
1475.916
1476.494
1477.072
1477.65
1478.211
1478.772
1479.333
1479.894
1480.455
1481.016
1481.58
1481.805
1482.03
1482.255
1482.48
1482.705
1482.93
1483.173
1483.416
1483.659
1483.902
1484.145
1484.388
1484.631
1484.874
1485.12
1485.646
1486.172
1486.698
1487.224
1487.75
1488.276
1488.802
1489.329
1489.5
1489.671
1489.842
1490.013
1490.184
1490.355
1490.526
1490.697
1490.87
1491.417
1491.964
1492.511
1493.058
1493.605
1494.152
1494.699
1495.246
1495.79
1496.53
1497.27
1498.01
1498.75
1499.273
1499.796
1500.319
1500.842
1501.365
1501.89
1504.828
1507.766
1510.704
1513.642
1516.58
1517.586
1518.592
1519.598
1520.604
1521.61
1522.616
1523.622
1524.628
1525.634
1526.64
1527.646
1528.648
1530.755
1531.193
1531.63
1531.8
1531.97
1532.14
1532.31
1532.48
1533.163
1533.846
1534.529
1535.212
1535.895
1536.58
1536.831
1537.082
1537.333
1537.584
1537.835
1538.086
1538.337
1538.588
1538.839
1539.09
1539.461
1539.832
1540.203
1540.574
1540.945
1541.316
1541.69
1541.875
1542.06
1542.245
1542.43
1542.615
1542.8
1542.985
1543.17
1543.355
1543.54
1543.73
1544.117
1544.504
1544.891
1545.278
1545.665
1546.052
1546.44
1548.69
1549.313
1549.936
1550.559
1551.182
1551.805
1552.428
1553.051
1553.674
1554.3
1554.646
1554.992
1555.338
1555.685
1556.374
1557.063
1557.752
1558.441
1559.13
1559.819
1560.506
1564.12
1564.578
1565.036
1565.494
1565.952
1566.41
1566.868
1567.326
1567.784
1568.242
1568.7
1569.16
1569.455
1569.75
1570.045
1570.699
1571.353
1572.007
1572.661
1573.315
1573.969
1574.621
1575.59
1576.05
1576.51
1576.97
1577.239
1577.508
1577.777
1578.046
1578.315
1578.584
1578.853
1579.122
1579.391
1579.66
1579.929
1580.2
1581.63
1582.081
1582.532
1582.982
1583.274
1583.566
1583.858
1584.15
1584.44
1585.223
1586.006
1586.789
1587.572
1588.355
1589.138
1589.92
1590.233
1590.546
1590.859
1591.172
1591.485
1591.798
1592.111
1592.424
1592.74
1593.327
1593.914
1594.501
1595.09
1595.537
1595.984
1596.431
1596.878
1597.325
1597.772
1598.219
1598.666
1599.11
1600.675
1602.24
1602.678
1603.116
1603.553
1603.99
1604.2
1604.41
1604.62
1604.83
1605.04
1605.25
1605.46
1608.634
1611.808
1612.254
1612.7
1613.146
1613.592
1614.038
1614.484
1614.93
1615.376
1615.822
1616.268
1616.714
1617.16
1617.6
1618.944
1620.161
1621.379
1622.596
1623.814
1624.05
1624.286
1624.522
1624.758
1624.994
1625.23
1625.517
1625.804
1626.091
1626.378
1626.665
1626.952
1627.239
1627.53
1628.177
1628.824
1629.47
1630.204
1630.938
1631.672
1632.406
1633.14
1633.475
1633.81
1634.145
1634.48
1637.75
1638.477
1639.205
1639.932
1640.66
1641.18
1641.7
1642.22
1642.74
1643.265
1643.79
1644.315
1644.84
1645.365
1645.89
1646.415
1646.94
1648.346
1649.752
1651.158
1652.564
1653.97
1654.175
1654.38
1654.585
1654.79
1654.995
1655.2
1657.77
1657.989
1658.208
1658.427
1658.646
1658.865
1659.084
1659.303
1659.52
1659.963
1660.406
1660.849
1661.292
1661.735
1662.178
1662.621
1663.064
1663.507
1663.95
1664.393
1664.84
1665.329
1665.818
1666.307
1666.796
1667.285
1667.774
1668.26
1668.562
1668.864
1669.167
1669.469
1669.772
1670.074
1670.377
1670.68
1671.027
1671.374
1671.721
1672.068
1672.415
1672.76
1673.17
1673.58
1673.99
1674.4
1674.81
1675.22
1675.63
1676.04
1676.47
1676.9
1677.33
1677.76
1678.19
1678.62
1679.05
1679.369
1679.688
1680.007
1680.326
1680.645
1680.964
1681.283
1681.602
1681.921
1682.24
1682.56
1682.79
1683.02
1683.25
1683.48
1683.71
1683.94
1684.17
1684.4
1684.63
1684.86
1685.09
1685.32
1685.55
1685.784
1688.181
1688.556
1688.931
1689.306
1689.68
1689.98
1690.28
1690.58
1690.88
1691.18
1691.48
1691.78
1692.08
1692.38
1692.682
1693.296
1693.91
1694.524
1695.138
1695.752
1696.366
1696.98
1697.219
1697.458
1697.697
1697.936
1698.175
1698.414
1698.653
1698.892
1699.129
1699.349
1699.569
1699.789
1700.009
1700.229
1700.449
1700.67
1700.835
1701.0
1701.165
1701.33
1701.495
1701.66
1701.825
1701.99
1702.155
1702.32
1702.49
1703.89
1705.29
1706.69
1708.09
1709.212
1710.334
1711.456
1712.578
1713.7
1714.82
1715.281
1715.742
1716.203
1716.664
1717.125
1717.396
1717.667
1717.938
1718.209
1718.48
1718.75
1718.91
1719.07
1719.23
1719.39
1719.55
1719.71
1719.87
1720.03
1720.19
1720.35
1720.51
1720.666
1720.925
1721.184
1721.443
1721.702
1721.961
1722.22
1722.508
1722.796
1723.084
1723.372
1723.66
1723.946
1724.763
1725.533
1726.303
1727.073
1727.843
1728.613
1729.383
1730.153
1730.92
1731.186
1731.452
1731.718
1731.984
1732.25
1732.516
1732.782
1733.05
1733.632
1734.214
1734.796
1735.378
1735.96
1736.244
1736.528
1736.812
1737.096
1737.38
1737.664
1737.948
1738.232
1738.52
1739.097
1739.674
1740.25
1740.872
1741.495
1742.117
1742.739
1743.361
1743.984
1744.606
1745.228
1745.851
1746.474
1747.096
1747.72
1747.918
1748.116
1748.314
1748.512
1748.71
1748.908
1749.106
1749.304
1749.596
1749.888
1750.179
1750.47
1750.758
1751.046
1751.334
1751.622
1751.91
1752.2
1752.492
1752.784
1753.076
1753.368
1753.66
1753.952
1754.244
1754.536
1754.828
1755.12
1755.412
1755.7
1756.159
1756.618
1757.077
1757.536
1757.995
1758.454
1758.913
1759.372
1759.831
1760.294
1760.536
1760.778
1761.02
1761.262
1761.504
1761.746
1761.988
1762.23
1762.472
1762.714
1762.96
1763.142
1763.325
1763.508
1763.691
1763.874
1764.057
1764.24
1764.42
1766.481
1768.542
1770.602
1770.871
1771.14
1771.409
1771.678
1771.947
1772.216
1772.486
1773.872
1775.258
1776.644
1778.03
1779.416
1780.802
1782.19
1782.464
1782.738
1783.012
1783.286
1783.56
1783.944
1784.328
1784.712
1785.096
1785.48
1785.951
1786.422
1786.893
1787.364
1787.835
1788.306
1788.78
1789.134
1789.488
1789.842
1790.196
1790.55
1790.904
1791.26
1792.005
1792.75
1793.495
1794.24
1794.985
1795.731
1797.264
1798.797
1800.329
1800.978
1801.627
1802.276
1802.925
1803.574
1804.223
1804.87
1808.351
1811.832
1815.313
1818.795
1819.233
1819.67
1820.054
1820.438
1820.822
1821.206
1821.59
1821.974
1822.358
1822.74
1823.229
1823.718
1824.207
1824.696
1825.185
1825.674
1826.163
1826.65
1827.107
1827.564
1828.021
1828.477
1828.838
1829.199
1829.56
1830.049
1830.252
1830.455
1830.658
1830.861
1831.064
1831.267
1831.47
1831.673
1831.876
1832.079
1832.282
1832.483
1836.73
1837.009
1837.288
1837.567
1837.846
1838.125
1838.404
1838.683
1838.96
1839.182
1839.404
1839.626
1839.848
1840.07
1840.292
1840.514
1840.736
1840.958
1841.18
1841.402
1841.624
1841.84
1842.09
1842.34
1842.59
1842.84
1843.09
1843.34
1843.59
1843.84
1844.09
1844.34
1844.974
1845.608
1846.242
1846.876
1847.51
1848.142
1848.334
1848.526
1848.718
1848.91
1849.1
1849.397
1849.694
1849.991
1850.288
1850.585
1850.882
1851.179
1851.477
1851.71
1851.943
1852.176
1852.409
1852.642
1852.875
1853.108
1853.341
1853.574
1853.81
1854.214
1854.618
1855.022
1855.426
1855.83
1856.234
1856.638
1857.042
1857.446
1857.85
1858.188
1858.526
1858.864
1859.202
1859.54
1859.88
1860.14
1860.4
1860.66
1860.92
1861.18
1861.44
1861.7
1861.925
1862.15
1862.375
1862.6
1862.825
1863.05
1863.275
1863.5
1863.725
1863.95
1864.175
1864.4
1865.014
1865.628
1866.242
1866.856
1867.47
1868.084
1868.7
1868.929
1869.158
1869.387
1869.616
1869.845
1870.074
1870.303
1870.532
1870.761
1870.99
1871.22
1871.577
1871.934
1872.291
1872.648
1873.005
1873.362
1873.719
1874.076
1874.43
1874.851
1875.272
1875.693
1876.114
1876.535
1876.956
1877.377
1877.798
1878.219
1878.64
1879.061
1879.482
1879.903
1880.32
1880.48
1880.64
1880.8
1880.96
1881.12
1881.28
1881.44
1881.6
1881.844
1882.088
1882.332
1882.576
1882.82
1883.064
1883.308
1883.552
1883.796
1884.04
1884.284
1884.528
1884.772
1885.02
1885.471
1885.922
1886.373
1886.824
1887.275
1887.726
1888.177
1888.628
1889.08
1889.298
1889.516
1889.734
1889.952
1890.17
1890.388
1890.606
1890.824
1891.04
1891.352
1891.664
1891.976
1892.288
1892.6
1892.912
1893.224
1893.536
1893.848
1894.16
1894.47
1895.45
1895.741
1896.032
1896.323
1896.614
1896.905
1897.196
1897.487
1897.778
1898.069
1898.362
1898.58
1898.798
1899.016
1899.234
1899.452
1899.67
1899.888
1900.106
1900.32
1900.556
1900.793
1901.029
1901.265
1901.502
1901.738
1901.975
1902.212
1903.116
1903.393
1903.67
1903.947
1904.224
1904.501
1904.778
1905.055
1905.33
1905.75
1906.17
1906.59
1907.009
1907.238
1907.467
1907.696
1907.925
1908.154
1908.383
1908.612
1908.841
1909.07
1909.3
1909.685
1910.07
1910.455
1910.84
1911.225
1911.61
1911.995
1912.38
1912.765
1913.15
1913.535
1913.92
1914.3
1914.749
1915.198
1915.647
1916.096
1916.545
1916.994
1917.443
1917.892
1918.341
1918.79
1919.24
1919.613
1919.986
1920.359
1920.732
1921.105
1921.48
1921.902
1922.324
1922.746
1923.168
1923.59
1923.766
1923.942
1924.118
1924.294
1924.47
1924.646
1924.822
1925.0
1925.195
1925.39
1925.585
1925.78
1925.975
1926.17
1926.365
1926.56
1926.771
1926.982
1927.193
1927.404
1927.615
1927.826
1928.037
1928.248
1928.46
1928.664
1928.868
1929.072
1929.276
1929.48
1929.684
1929.888
1930.092
1930.293
1930.598
1930.903
1931.208
1931.513
1931.818
1932.123
1932.43
1932.832
1933.235
1933.637
1934.04
1934.498
1934.956
1935.414
1935.872
1936.33
1936.788
1937.246
1937.704
1938.164
1941.547
1942.13
1943.043
1943.955
1944.867
1945.779
1946.691
1947.603
1948.515
1949.428
1950.341
1951.253
1952.165
1953.08
1953.795
1954.51
1955.225
1955.94
1956.401
1956.862
1957.323
1957.784
1958.245
1958.706
1959.167
1959.628
1960.089
1960.55
1961.008
1961.493
1961.978
1962.463
1962.948
1963.433
1963.918
1964.403
1964.888
1965.37
1965.752
1966.134
1966.516
1966.898
1967.28
1967.66
1968.305
1968.95
1969.388
1969.825
1970.186
1970.547
1970.908
1971.269
1971.63
1971.991
1972.35
1973.184
1974.018
1974.852
1975.686
1976.52
1977.002
1977.484
1977.966
1978.448
1978.93
1979.412
1979.894
1980.376
1980.858
1981.34
1981.822
1982.304
1982.78
1983.337
1983.894
1984.451
1985.008
1985.565
1986.122
1986.679
1987.236
1987.793
1988.35
1988.697
1989.044
1989.391
1989.738
1990.085
1990.432
1990.779
1991.126
1991.473
1991.82
1992.167
1992.514
1992.861
1993.208
1993.55
1994.1
1994.65
1995.2
1995.75
1996.47
1997.19
1997.836
1998.482
1999.128
1999.774
2000.42
2001.066
2001.71
2002.113
2002.516
2002.919
2003.322
2003.725
2004.128
2004.53
2005.447
2006.364
2007.281
2008.198
2009.115
2010.032
2010.949
2011.866
2012.782
2016.59
2017.136
2017.682
2018.228
2018.774
2019.32
2019.866
2020.41
2020.624
2020.838
2021.052
2021.266
2021.48
2021.694
2021.91
2022.677
2023.444
2024.211
2024.978
2025.745
2026.51
2026.937
2027.364
2027.791
2028.218
2028.645
2029.072
2029.499
2029.926
2030.353
2030.78
2031.277
2031.774
2032.271
2032.768
2033.265
2033.762
2034.259
2034.756
2035.253
2035.75
2036.247
2036.744
2037.241
2037.738
2038.235
2038.73
2038.954
2039.178
2039.402
2039.626
2039.85
2040.074
2040.298
2040.522
2040.746
2040.97
2041.19
2041.569
2041.948
2042.327
2042.706
2043.085
2043.464
2043.843
2044.222
2044.601
2044.98
2045.36
2045.916
2046.472
2047.028
2047.584
2048.14
2048.696
2049.254
2049.456
2049.658
2049.86
2050.062
2050.264
2050.466
2050.67
2051.12
2051.57
2052.02
2052.47
2052.92
2053.52
2054.12
2054.72
2055.32
2055.722
2056.124
2056.526
2056.928
2057.33
2057.732
2058.131
2058.981
2059.831
2060.681
2061.53
2063.1
2063.307
2063.514
2063.721
2063.928
2064.135
2064.342
2064.549
2064.756
2064.963
2065.17
2065.377
2065.584
2065.79
2066.467
2067.144
2067.821
2068.498
2069.175
2069.852
2070.529
2071.206
2071.883
2072.56
2073.375
2074.19
2075.005
2075.82
2076.635
2077.45
2078.265
2079.08
2082.595
2085.836
2086.29
2086.744
2087.198
2087.652
2088.106
2088.56
2088.842
2089.124
2089.407
2089.69
2089.972
2090.255
2090.538
2090.82
2091.561
2092.302
2093.043
2093.784
2094.525
2095.266
2096.007
2096.748
2097.489
2098.23
2098.468
2098.706
2098.944
2099.182
2099.42
2099.658
2099.896
2100.134
2100.328
2100.522
2100.716
2100.91
2101.104
2101.3
2101.677
2102.054
2102.431
2102.808
2103.185
2103.562
2103.939
2104.316
2104.693
2105.07
2105.416
2105.762
2106.108
2106.454
2106.8
2107.146
2107.492
2107.838
2108.184
2108.527
2112.87
2113.48
2113.647
2113.814
2113.98
2114.936
2115.892
2116.849
2117.806
2118.164
2118.522
2118.88
2119.13
2119.38
2119.63
2119.88
2120.13
2120.422
2120.714
2121.006
2121.298
2121.59
2121.88
2122.146
2122.412
2122.677
2122.943
2123.209
2123.473
2124.38
2124.651
2124.922
2125.193
2125.464
2125.735
2126.004
2126.182
2126.36
2126.538
2126.716
2126.894
2127.072
2127.25
2127.428
2127.606
2127.784
2127.962
2128.14
2128.614
2129.088
2129.562
2130.036
2130.51
2130.983
2131.25
2131.517
2131.784
2132.051
2132.318
2132.585
2132.852
2133.119
2133.388
2134.35
2134.469
2134.588
2134.707
2134.826
2134.945
2135.064
2135.183
2135.302
2135.421
2135.54
2136.12
2136.7
2137.28
2137.86
2138.44
2139.02
2139.6
2140.18
2140.76
2141.112
2141.464
2141.816
2142.168
2142.52
2142.87
2143.149
2143.428
2143.707
2143.986
2144.265
2144.544
2144.823
2145.102
2145.381
2145.66
2145.939
2146.22
2146.498
2146.776
2147.054
2147.332
2147.61
2147.888
2148.166
2148.444
2148.726
2149.7
2149.992
2150.284
2150.575
2150.866
2151.227
2151.589
2153.206
2154.823
2156.44
2156.884
2157.328
2157.772
2158.851
2159.93
2160.354
2160.778
2161.949
2163.12
2163.642
2164.164
2165.092
2166.02
2166.475
2166.93
2167.545
2168.16
2168.606
2169.052
2169.746
2170.44
2171.6
2172.133
2172.666
2173.153
2173.64
2174.337
2175.035
2175.733
2176.43
2176.878
2177.326
2177.675
2178.024
2178.357
2178.69
2179.64
2180.59
2181.155
2181.72
2181.894
2182.068
2182.242
2182.416
2182.59
2182.764
2182.938
2183.112
2183.29
2183.902
2184.514
2185.126
2185.738
2186.35
2186.962
2187.574
2187.792
2188.01
2188.228
2188.446
2188.664
2188.882
2189.1
2189.318
2189.54
2190.331
2191.122
2191.298
2191.474
2191.65
2191.826
2192.002
2192.178
2192.354
2192.53
2192.706
2192.882
2193.058
2193.234
2193.41
2193.58
2193.783
2193.986
2194.189
2194.392
2194.595
2194.798
2195.001
2195.204
2195.931
2198.846
2201.76
2202.706
2203.652
2204.598
2205.544
2206.49
2207.436
2208.382
2209.328
2210.272
2211.549
2212.425
2213.301
2214.177
2215.053
2215.929
2216.805
2217.678
2219.749
2221.82
2222.281
2222.742
2223.203
2223.664
2224.125
2224.586
2225.047
2225.507
2226.009
2226.511
2227.013
2227.515
2228.017
2228.519
2229.021
2229.523
2230.024
2232.526
2235.028
2237.53
2237.907
2238.284
2238.661
2239.038
2239.415
2239.792
2240.169
2240.546
2240.92
2241.541
2242.162
2242.783
2243.404
2244.025
2244.646
2245.27
2246.549
2247.828
2249.107
2250.386
2251.665
2252.944
2254.222
2254.465
2254.708
2254.951
2255.194
2255.437
2255.68
2255.941
2256.202
2256.463
2256.724
2256.985
2257.246
2257.507
2257.768
2258.029
2258.289
2258.862
2259.435
2260.008
2260.581
2261.154
2261.727
2262.3
2263.493
2264.686
2265.879
2267.07
2267.905
2268.74
2269.575
2270.41
2271.245
2272.08
2272.39
2272.7
2273.01
2273.32
2273.63
2273.94
2274.25
2274.56
2274.87
2275.308
2275.746
2276.121
2276.496
2276.87
2277.185
2277.5
2277.815
2278.13
2278.445
2278.76
2279.075
2279.39
2279.705
2280.02
2280.483
2280.946
2281.409
2281.872
2282.335
2282.798
2283.261
2283.724
2284.187
2284.65
2284.939
2285.228
2285.517
2285.806
2286.095
2286.384
2286.673
2286.962
2287.205
2287.448
2287.691
2287.934
2288.177
2288.42
2288.784
2289.148
2289.512
2289.814
2290.116
2290.418
2290.72
2291.386
2291.702
2292.018
2292.334
2292.65
2293.13
2293.61
2294.048
2294.485
2295.483
2296.481
2297.479
2298.477
2299.475
2300.473
2301.471
2302.469
2303.467
2304.465
2305.46
2306.108
2306.756
2307.403
2308.05
2308.698
2309.345
2309.992
2310.64
2310.906
2311.172
2311.438
2311.704
2311.97
2312.236
2312.502
2312.77
2313.95
2315.13
2316.31
2317.49
2318.67
2319.124
2319.578
2320.032
2320.486
2320.94
2321.394
2321.848
2322.3
2322.743
2323.186
2323.629
2324.07
2324.824
2325.578
2326.332
2327.086
2327.84
2328.718
2329.045
2329.372
2329.699
2330.026
2330.353
2330.68
2331.008
2331.513
2332.018
2332.523
2333.028
2333.533
2334.038
2334.543
2335.048
2335.553
2336.058
2336.56
2337.037
2337.514
2338.369
2339.224
2340.079
2340.934
2341.789
2342.644
2343.498
2344.35
2344.84
2345.33
2345.82
2346.31
2346.8
2348.764
2350.728
2352.692
2354.656
2356.62
2358.584
2360.548
2362.512
2364.48
2364.924
2365.368
2365.812
2366.256
2366.7
2367.144
2367.588
2368.032
2368.476
2368.92
2369.807
2370.694
2371.581
2372.47
2372.771
2373.072
2373.373
2373.674
2373.975
2374.276
2374.577
2374.878
2375.179
2375.48
2375.781
2376.082
2376.383
2376.687
2376.899
2377.111
2377.323
2377.535
2377.747
2377.959
2378.171
2378.383
2378.595
2378.807
2379.02
2380.6
2382.18
2383.76
2385.34
2386.26
2387.18
2388.1
2388.398
2388.696
2388.994
2389.292
2389.59
2389.885
2390.323
2390.76
2391.025
2391.29
2391.555
2391.82
2392.085
2392.35
2392.615
2392.88
2393.145
2393.41
2393.675
2393.94
2394.2
2394.54
2394.88
2395.22
2395.56
2395.9
2396.12
2396.34
2396.56
2396.78
2397.0
2397.22
2397.44
2397.66
2397.88
2398.1
2398.32
2398.54
2402.23
2402.787
2403.344
2403.901
2404.458
2405.015
2405.572
2406.13
2406.463
2406.796
2407.128
2407.46
2407.786
2408.112
2408.438
2408.764
2409.09
2409.416
2409.742
2410.068
2410.394
2410.72
2411.046
2411.372
2411.698
2412.024
2412.35
2412.642
2412.934
2413.226
2413.518
2413.812
2414.776
2415.74
2416.704
2417.668
2418.63
2418.845
2419.06
2419.275
2419.49
2419.705
2419.92
2420.135
2420.35
2420.565
2420.78
2420.995
2421.21
2421.42
2421.637
2421.854
2422.071
2422.288
2422.505
2422.722
2422.939
2423.156
2423.373
2423.59
2424.635
2425.68
2426.725
2427.096
2427.467
2427.838
2428.209
2428.58
2428.951
2429.32
2429.8
2430.28
2430.76
2431.24
2431.72
2432.2
2432.68
2433.16
2433.64
2434.12
2434.6
2435.078
2435.546
2436.014
2436.482
2436.95
2437.3
2437.65
2438.0
2438.35
2438.7
2439.107
2439.514
2439.921
2440.328
2440.735
2441.142
2441.552
2441.827
2442.102
2442.377
2442.652
2442.926
2443.4
2443.874
2444.348
2444.822
2445.296
2445.77
2446.241
2446.584
2446.927
2447.271
2447.615
2448.574
2449.533
2450.492
2451.451
2452.41
2453.4
2454.39
2455.38
2456.37
2457.36
2458.35
2458.949
2459.548
2460.147
2460.746
2461.345
2461.944
2462.184
2462.424
2462.664
2462.904
2463.144
2463.383
2463.622
2463.86
2465.32
2466.548
2467.82
2468.764
2469.708
2471.829
2472.37
2473.483
2474.596
2474.816
2475.036
2475.256
2475.476
2475.696
2475.916
2476.137
2476.473
2476.809
2477.145
2477.481
2477.817
2478.153
2478.492
2478.724
2478.956
2479.188
2479.419
2479.65
2479.881
2480.112
2480.344
2480.58
2480.816
2481.052
2481.288
2481.524
2481.76
2481.931
2482.102
2482.273
2482.444
2482.615
2482.786
2482.957
2483.128
2483.3
2483.663
2484.025
2484.387
2484.749
2485.111
2485.474
2485.837
2486.2
2486.858
2487.516
2488.174
2488.832
2489.49
2490.014
2490.538
2491.062
2491.586
2492.11
2492.35
2492.59
2492.83
2493.07
2493.31
2493.55
2493.79
2494.03
2494.27
2494.541
2494.812
2495.083
2495.354
2495.625
2495.896
2496.166
2497.0
2500.74
2500.927
2501.114
2501.301
2501.488
2501.675
2501.862
2502.049
2502.236
2502.423
2502.61
2502.797
2502.984
2503.17
2503.614
2504.058
2504.502
2504.946
2505.39
2505.834
2506.278
2506.722
2507.166
2507.609
2507.863
2508.117
2508.371
2508.625
2508.879
2509.133
2509.387
2509.641
2509.895
2510.15
2510.527
2510.904
2511.281
2511.658
2512.035
2512.41
2512.964
2513.518
2514.072
2514.626
2515.18
2515.734
2516.288
2516.842
2517.396
2517.95
2518.146
2518.342
2518.538
2518.734
2518.93
2519.126
2519.322
2519.52
2519.817
2520.114
2520.411
2520.708
2521.005
2521.302
2521.599
2521.896
2522.19
2522.578
2522.966
2523.354
2523.742
2524.13
2524.518
2524.906
2525.294
2525.68
2525.874
2526.068
2526.262
2526.456
2526.65
2526.844
2527.038
2527.23
2527.484
2527.738
2527.992
2528.246
2528.5
2528.754
2529.008
2529.26
2530.046
2530.832
2531.618
2532.404
2533.19
2533.976
2534.76
2534.968
2535.176
2535.384
2535.592
2535.8
2536.008
2536.216
2536.424
2536.632
2536.84
2537.048
2537.26
2537.519
2537.777
2538.035
2538.294
2539.207
2540.12
2541.033
2541.946
2542.859
2543.772
2544.685
2545.598
2546.511
2547.428
2549.34
2549.662
2549.984
2550.306
2550.628
2550.95
2551.253
2551.556
2551.859
2552.162
2552.465
2552.768
2553.071
2553.376
2553.605
2553.834
2554.063
2554.292
2554.521
2554.75
2555.016
2555.282
2555.548
2555.814
2556.08
2556.346
2556.612
2556.878
2557.144
2557.41
2557.68
2558.327
2558.974
2559.62
2559.884
2560.148
2560.412
2560.676
2560.94
2561.204
2561.468
2561.73
2562.028
2562.326
2562.624
2562.922
2563.22
2563.518
2563.816
2564.114
2564.412
2564.71
2565.006
2565.287
2565.568
2565.849
2566.13
2566.411
2566.692
2566.973
2567.254
2567.535
2567.816
2568.097
2568.378
2568.659
2568.94
2569.153
2569.365
2569.577
2569.79
2570.003
2570.216
2570.428
2570.64
2570.852
2571.064
2571.276
2571.49
2571.673
2571.856
2572.039
2572.222
2572.405
2572.588
2572.771
2572.954
2573.137
2573.32
2573.503
2573.686
2573.869
2574.052
2574.235
2574.42
2575.19
2575.372
2575.554
2575.736
2575.918
2576.1
2576.282
2576.464
2576.646
2576.828
2577.01
2577.192
2577.374
2577.56
2577.918
2578.276
2578.633
2578.99
2579.357
2579.724
2580.091
2580.458
2580.825
2581.192
2581.559
2581.926
2582.294
2582.69
2583.086
2583.482
2583.801
2584.12
2584.44
2584.939
2585.291
2585.643
2585.995
2586.347
2586.699
2587.051
2587.404
2588.055
2588.707
2590.668
2592.63
2592.949
2593.268
2593.587
2593.906
2594.225
2594.544
2594.863
2595.182
2595.501
2595.82
2596.14
2597.209
2598.278
2599.347
2600.416
2601.485
2602.554
2603.623
2604.692
2605.761
2606.83
2608.11
2608.96
2609.199
2609.438
2609.677
2609.916
2610.157
2611.012
2611.867
2612.722
2613.577
2614.43
2615.01
2615.59
2616.17
2616.75
2617.33
2617.91
2618.49
2619.07
2619.65
2620.23
2620.699
2621.168
2621.637
2622.106
2622.575
2623.044
2623.51
2623.828
2624.146
2624.464
2624.782
2625.1
2625.418
2625.736
2626.054
2626.375
2626.679
2626.983
2627.287
2627.591
2627.895
2628.199
2628.506
2629.239
2629.972
2630.705
2631.438
2632.171
2632.906
2633.081
2633.256
2633.431
2633.606
2633.78
2633.957
2634.134
2634.311
2634.488
2634.665
2634.842
2635.019
2635.196
2635.373
2635.55
2635.727
2635.9
2637.333
2638.766
2640.2
2641.53
2642.86
2644.19
2645.52
2646.85
2649.014
2649.292
2649.57
2649.848
2650.126
2650.404
2650.68
2650.915
2651.15
2651.385
2651.62
2651.855
2652.09
2652.325
2652.56
2652.795
2653.03
2653.304
2653.578
2653.852
2654.126
2654.4
2654.674
2654.948
2655.222
2655.496
2655.774
2656.253
2656.732
2657.211
2657.69
2658.202
2658.715
2659.227
2659.74
2659.939
2660.138
2660.337
2660.536
2660.735
2660.934
2661.133
2661.332
2661.531
2661.73
2661.93
2662.188
2662.446
2662.704
2662.962
2663.22
2663.478
2663.736
2663.994
2664.25
2664.572
2664.894
2665.216
2665.538
2665.86
2666.182
2666.504
2666.826
2667.15
2667.469
2667.788
2668.107
2668.426
2668.745
2669.064
2669.383
2669.7
2669.923
2670.146
2670.369
2670.592
2670.815
2671.038
2671.261
2671.484
2671.707
2671.93
2672.494
2673.058
2673.622
2674.185
2674.81
2675.003
2675.196
2675.389
2675.582
2675.775
2675.968
2676.16
2676.377
2676.594
2676.81
2678.188
2679.566
2680.944
2682.322
2683.701
2684.071
2684.441
2684.811
2685.181
2685.551
2685.921
2686.291
2686.66
2687.51
2687.776
2688.042
2688.308
2688.574
2688.84
2689.106
2689.372
2689.638
2689.9
2690.631
2691.362
2692.093
2692.824
2693.555
2694.286
2695.02
2695.23
2695.44
2695.65
2695.86
2696.07
2696.28
2696.49
2696.7
2696.91
2697.12
2697.33
2697.54
2697.779
2698.018
2698.257
2698.496
2698.735
2698.974
2699.213
2699.452
2699.691
2699.93
2700.169
2700.408
2700.647
2700.886
2701.13
2701.443
2701.756
2702.069
2702.382
2702.695
2703.008
2703.321
2703.634
2703.947
2704.26
2704.573
2704.89
2705.543
2706.196
2706.849
2707.502
2708.155
2708.808
2709.461
2710.114
2710.767
2711.42
2712.14
2712.86
2713.58
2714.3
2715.02
2715.204
2715.388
2715.572
2715.756
2715.94
2716.124
2716.308
2716.492
2716.676
2716.86
2717.044
2717.229
2718.088
2718.947
2719.806
2720.665
2721.524
2722.384
2722.625
2722.866
2723.107
2723.348
2723.589
2723.83
2724.071
2724.312
2724.553
2724.794
2725.04
2725.77
2726.5
2727.23
2727.463
2727.696
2727.929
2728.162
2728.395
2728.628
2728.86
2729.284
2729.707
2733.68
2734.089
2734.498
2734.907
2735.316
2735.725
2736.134
2736.543
2736.95
2737.799
2738.648
2739.497
2740.346
2741.195
2742.044
2742.89
2743.073
2743.256
2743.439
2743.622
2743.805
2743.988
2744.171
2744.354
2744.537
2744.72
2744.903
2745.086
2745.265
2745.458
2745.651
2745.844
2746.037
2746.23
2746.423
2746.616
2746.809
2747.002
2747.195
2747.39
2747.79
2748.19
2748.59
2749.014
2749.438
2749.862
2750.286
2750.71
2751.134
2751.558
2751.98
2752.416
2752.852
2753.288
2753.724
2754.16
2754.596
2755.032
2755.468
2755.904
2756.34
2756.708
2757.076
2757.444
2757.812
2758.18
2758.548
2758.916
2759.284
2759.655
2759.801
2759.947
2760.093
2760.239
2760.385
2760.53
2760.965
2761.4
2761.835
2762.27
2762.705
2763.14
2764.185
2765.23
2767.574
2767.731
2767.888
2768.045
2768.202
2768.359
2768.516
2768.673
2768.83
2768.99
2769.462
2769.934
2770.406
2770.878
2771.35
2771.565
2771.78
2771.995
2772.21
2772.425
2772.64
2772.855
2773.07
2773.285
2773.5
2773.715
2773.93
2774.139
2775.361
2775.86
2776.128
2776.396
2776.664
2776.932
2777.2
2777.468
2777.736
2778.004
2778.27
2778.502
2778.734
2778.966
2779.198
2779.43
2779.66
2780.16
2780.372
2780.584
2780.796
2781.008
2781.22
2781.432
2781.644
2781.856
2782.068
2782.28
2782.49
2783.156
2783.822
2784.488
2785.154
2785.82
2786.391
2786.962
2787.533
2788.104
2788.675
2789.246
2789.814
2790.416
2791.018
2791.62
2792.94
2793.249
2793.558
2793.867
2794.177
2794.486
2794.795
2795.104
2795.416
2795.956
2796.496
2797.035
2801.01
2801.227
2801.444
2801.661
2801.878
2802.095
2802.312
2802.529
2802.746
2802.963
2803.18
2803.403
2803.626
2803.849
2804.072
2804.295
2804.518
2804.741
2804.964
2805.187
2805.407
2805.605
2805.803
2806.001
2806.199
2806.397
2806.595
2806.793
2806.99
2807.547
2808.104
2808.661
2809.218
2809.775
2810.332
2810.89
2811.07
2811.25
2811.43
2811.61
2811.79
2811.97
2812.15
2812.33
2812.51
2812.69
2812.87
2813.05
2813.23
2813.496
2813.762
2814.028
2814.294
2814.56
2814.826
2815.092
2815.358
2815.62
2815.821
2816.022
2816.223
2816.424
2816.625
2816.826
2817.027
2817.228
2817.43
2818.203
2818.976
2819.749
2820.522
2821.295
2822.068
2822.841
2823.614
2824.39
2824.634
2824.878
2825.122
2825.366
2825.61
2825.854
2826.098
2826.342
2826.59
2826.795
2827.0
2827.205
2827.41
2827.615
2827.82
2828.025
2828.23
2828.435
2828.641
2828.811
2828.981
2829.151
2829.321
2829.491
2829.661
2829.831
2830.001
2830.171
2830.341
2830.511
2830.681
2830.851
2831.015
2831.636
2832.257
2832.878
2833.499
2834.12
2834.74
2835.198
2835.656
2836.114
2836.572
2837.03
2837.49
2837.726
2837.962
2838.198
2838.434
2838.67
2838.849
2839.028
2839.207
2839.386
2839.565
2839.744
2839.92
2840.146
2840.372
2840.598
2840.824
2841.05
2841.276
2841.503
2841.808
2842.113
2842.418
2842.723
2843.028
2843.333
2843.638
2843.943
2844.248
2844.55
2844.933
2845.316
2845.698
2846.081
2846.464
2846.847
2847.23
2847.61
2849.36
2851.11
2852.86
2853.239
2853.618
2853.997
2854.376
2854.755
2855.134
2855.513
2855.892
2856.271
2856.65
2857.03
2857.514
2857.998
2858.482
2858.966
2859.712
2860.458
2861.204
2861.95
2862.696
2863.442
2864.188
2864.935
2865.659
2866.382
2866.882
2867.382
2867.881
2868.355
2868.829
2869.303
2869.777
2870.251
2870.724
2881.548
2881.812
2882.076
2882.34
2882.604
2882.868
2883.131
2883.882
2884.633
2885.384
2886.135
2886.887
2887.47
2887.784
2888.098
2888.412
2888.726
2889.04
2889.354
2889.668
2889.982
2890.296
2890.61
2890.92
2891.129
2891.338
2891.547
2891.756
2891.965
2892.174
2892.383
2892.592
2892.801
2893.01
2893.22
2895.42
2897.62
2899.82
2902.02
2904.22
2904.685
2905.15
2905.615
2906.081
2906.544
2907.007
2907.47
2907.933
2908.396
2908.86
2909.224
2909.588
2909.952
2910.316
2910.68
2911.044
2911.408
2911.77
2912.091
2912.412
2912.733
2913.054
2913.375
2913.696
2914.017
2914.338
2914.659
2914.98
2915.275
2915.57
2915.865
2916.16
2916.455
2916.75
2917.045
2917.34
2917.635
2917.93
2918.22
2918.5
2918.78
2919.06
2919.34
2919.62
2919.9
2920.18
2920.46
2920.74
2921.046
2921.352
2921.658
2921.964
2922.27
2922.576
2922.88
2923.076
2923.272
2923.468
2923.664
2923.86
2924.056
2924.255
2924.714
2925.173
2925.632
2926.091
2926.55
2927.01
2927.238
2927.466
2927.694
2927.922
2928.15
2928.378
2928.606
2928.834
2929.062
2929.29
2929.518
2929.75
2930.075
2930.4
2930.725
2931.05
2931.375
2931.7
2932.025
2932.35
2932.675
2933.0
2933.32
2933.521
2933.722
2933.923
2934.124
2934.325
2934.526
2934.727
2934.928
2935.129
2935.33
2935.531
2935.732
2935.93
2936.161
2936.392
2936.623
2936.854
2937.085
2937.316
2937.547
2937.778
2938.01
2938.477
2938.944
2939.411
2939.878
2940.345
2940.812
2941.279
2941.746
2942.21
2942.87
2943.53
2944.19
2944.85
2945.089
2945.328
2945.567
2945.806
2946.045
2946.284
2946.523
2946.762
2947.0
2947.185
2947.37
2947.555
2947.74
2948.62
2949.5
2950.38
2951.26
2952.14
2953.072
2954.005
2954.938
2955.87
2956.517
2957.164
2957.811
2958.458
2959.105
2959.523
2959.941
2960.359
2960.777
2961.195
2961.613
2962.031
2962.45
2962.87
2963.29
2963.71
2964.13
2964.55
2964.97
2965.39
2965.81
2966.23
2966.65
2967.073
2967.496
2967.919
2968.342
2968.765
2969.188
2969.61
2970.206
2970.802
2971.398
2971.994
2972.59
2972.76
2972.93
2973.1
2973.27
2973.44
2973.61
2973.78
2973.95
2974.12
2974.29
2974.46
2974.63
2975.248
2975.866
2976.484
2977.102
2977.72
2978.338
2978.956
2979.574
2980.192
2980.81
2981.43
2984.209
2984.556
2984.903
2985.25
2985.995
2986.27
2986.545
2986.82
2987.095
2987.37
2987.71
2988.05
2988.39
2988.73
2989.07
2989.41
2989.75
2990.09
2990.43
2990.77
2991.11
2991.45
2991.852
2992.254
2992.656
2993.058
2993.46
2993.86
2994.122
2994.384
2994.646
2994.908
2995.17
2995.432
2995.694
2995.956
2996.218
2996.48
2996.742
2997.004
2997.729
2999.294
3000.86
3001.053
3001.246
3001.439
3001.632
3001.825
3002.018
3002.211
3002.404
3002.597
3002.79
3002.983
3003.176
3003.369
3003.562
3003.75
3004.102
3004.454
3004.806
3005.158
3005.51
3005.862
3006.214
3006.566
3006.918
3007.27
3007.622
3007.974
3008.323
3011.737
3012.32
3012.676
3013.032
3013.388
3013.744
3014.1
3014.456
3014.812
3015.168
3015.524
3015.88
3016.236
3016.592
3016.95
3017.499
3018.048
3018.597
3019.146
3019.694
3019.984
3020.274
3020.564
3020.854
3021.52
3021.942
3022.364
3022.786
3023.208
3023.63
3023.976
3024.322
3024.668
3025.014
3025.36
3025.706
3026.052
3026.4
3027.085
3027.77
3028.455
3029.14
3029.825
3030.51
3031.195
3031.88
3032.565
3033.25
3033.935
3034.62
3035.31
3035.947
3036.584
3037.221
3037.858
3038.495
3039.132
3039.769
3040.406
3041.043
3041.68
3042.317
3042.954
3043.591
3044.23
3044.596
3044.962
3045.328
3045.694
3046.06
3046.426
3046.792
3047.158
3047.524
3047.89
3048.256
3048.62
3049.697
3050.774
3051.851
3052.93
3053.236
3053.542
3053.848
3054.154
3054.46
3054.766
3055.072
3055.375
3055.657
3055.939
3056.221
3056.503
3056.785
3057.067
3057.349
3057.631
3057.91
3058.123
3058.336
3058.549
3058.762
3058.975
3059.188
3059.401
3059.614
3059.83
3060.083
3060.336
3060.589
3060.842
3061.095
3061.348
3061.601
3061.854
3062.107
3062.36
3062.613
3062.866
3063.12
3063.338
3063.556
3063.774
3063.992
3064.21
3064.428
3064.646
3064.864
3065.082
3065.3
3065.52
3065.843
3066.166
3066.489
3066.812
3067.135
3067.458
3067.781
3068.107
3068.296
3068.485
3068.674
3068.863
3069.052
3069.241
3069.43
3069.619
3069.808
3069.997
3070.19
3070.7
3071.21
3071.72
3072.23
3072.74
3072.941
3073.142
3073.343
3073.544
3073.745
3073.946
3074.147
3074.348
3074.549
3074.75
3074.951
3075.15
3075.393
3075.636
3075.879
3076.122
3076.365
3076.608
3076.851
3077.094
3077.34
3077.507
3077.674
3077.841
3078.008
3078.175
3078.342
3078.509
3078.676
3078.843
3079.01
3079.177
3079.344
3079.511
3079.678
3079.84
3080.471
3081.102
3081.733
3082.364
3082.995
3083.626
3084.257
3084.888
3085.521
3085.743
3085.965
3086.187
3086.409
3086.631
3086.853
3087.075
3087.297
3087.52
3087.82
3088.12
3088.42
3088.72
3089.02
3089.32
3089.62
3089.92
3090.22
3090.52
3090.82
3091.138
3091.456
3091.774
3092.091
3092.409
3092.727
3093.044
3093.36
3093.558
3093.756
3093.954
3094.152
3094.35
3094.548
3094.746
3094.944
3095.14
3095.451
3095.762
3096.073
3096.384
3096.695
3097.006
3097.317
3097.628
3097.939
3098.25
3098.561
3098.872
3099.18
3099.61
3100.04
3100.47
3100.9
3101.33
3101.748
3102.167
3102.586
3103.004
3103.24
3103.476
3103.712
3103.948
3104.184
3104.42
3105.113
3105.806
3106.5
3106.705
3106.91
3107.115
3107.32
3107.525
3107.73
3107.935
3108.14
3108.345
3108.55
3108.75
3109.121
3109.492
3109.862
3110.551
3111.24
3111.774
3112.308
3112.842
3113.376
3113.91
3114.181
3114.452
3114.723
3114.994
3115.265
3115.536
3115.807
3116.078
3116.35
3116.77
3117.19
3117.61
3118.03
3118.45
3118.951
3119.452
3119.953
3120.454
3120.955
3121.456
3121.96
3122.338
3122.716
3123.094
3123.472
3123.85
3124.23
3125.095
3125.96
3126.231
3126.502
3126.773
3127.044
3127.315
3127.586
3127.857
3128.13
3129.038
3129.946
3130.854
3131.762
3132.67
3133.453
3134.236
3135.02
3135.92
3138.603
3141.286
3143.97
3144.893
3145.816
3146.739
3147.662
3148.69
3153.717
3154.009
3154.301
3154.593
3154.885
3155.177
3155.469
3155.761
3156.05
3156.614
3157.177
3157.76
3158.734
3159.708
3160.682
3161.656
3162.63
3163.99
3165.35
3166.71
3168.07
3169.43
3169.74
3170.05
3170.36
3170.67
3170.98
3171.256
3171.532
3171.808
3172.084
3172.36
3172.636
3172.912
3173.188
3173.46
3173.886
3174.312
3174.738
3175.164
3175.59
3176.016
3176.44
3177.7
3178.435
3179.17
3179.551
3179.932
3180.313
3180.694
3181.075
3181.455
3181.955
3182.455
3182.843
3183.231
3183.619
3184.007
3184.395
3185.337
3185.92
3186.353
3186.786
3187.22
3187.471
3187.722
3187.973
3188.224
3188.475
3188.726
3188.977
3189.228
3189.479
3189.73
3189.981
3190.231
3200.41
3200.862
3201.314
3201.766
3202.218
3202.671
3202.931
3203.191
3203.451
3203.711
3203.971
3204.231
3204.491
3204.754
3205.33
3205.906
3206.482
3207.058
3207.634
3208.21
3209.31
3210.41
3210.826
3211.242
3211.658
3212.074
3212.49
3212.906
3213.32
3213.563
3213.806
3214.049
3214.292
3214.535
3214.778
3215.02
3215.36
3215.7
3216.04
3216.38
3216.72
3217.06
3217.4
3217.74
3218.441
3219.142
3219.843
3220.544
3221.245
3221.946
3222.647
3223.35
3223.836
3224.322
3224.808
3225.294
3225.78
3226.266
3226.75
3227.1
3227.45
3227.8
3228.15
3228.499
3228.707
3228.915
3229.123
3229.331
3229.54
3229.854
3230.168
3230.482
3230.796
3231.11
3231.424
3231.738
3232.052
3232.364
3233.032
3233.7
3234.368
3235.036
3235.704
3236.372
3237.04
3237.576
3238.112
3238.648
3239.184
3239.72
3240.256
3240.792
3241.328
3241.864
3242.4
3242.936
3243.47
3243.883
3244.296
3244.709
3245.124
3245.341
3245.558
3245.775
3245.992
3246.209
3246.426
3246.643
3246.86
3247.077
3247.29
3247.947
3248.604
3249.26
3249.534
3249.808
3250.082
3250.356
3250.632
3250.974
3251.316
3251.658
3252.0
3252.34
3252.57
3252.8
3253.03
3253.26
3253.49
3253.721
3253.94
3254.159
3254.378
3254.597
3254.816
3255.035
3255.254
3255.47
3256.035
3256.6
3257.165
3257.73
3258.106
3258.482
3258.858
3259.234
3259.61
3259.986
3260.362
3260.738
3261.114
3261.486
3261.682
3261.878
3262.074
3262.27
3262.466
3262.662
3262.86
3263.326
3263.792
3264.258
3264.724
3265.19
3265.473
3265.756
3266.039
3266.322
3266.605
3266.888
3267.17
3267.515
3267.86
3268.205
3268.55
3268.895
3269.24
3269.499
3269.758
3270.017
3270.276
3270.535
3270.794
3271.053
3271.312
3271.571
3271.83
3272.089
3272.348
3272.61
3272.785
3272.96
3273.135
3273.31
3273.485
3273.66
3273.835
3274.01
3274.197
3274.384
3274.571
3274.758
3274.945
3275.13
3275.276
3275.422
3275.568
3275.714
3275.86
3276.006
3276.152
3276.298
3276.444
3276.59
3276.805
3277.02
3277.235
3277.45
3277.665
3277.881
3278.106
3278.331
3278.556
3278.78
3279.396
3280.012
3280.628
3281.244
3281.86
3282.476
3283.092
3283.711
3284.21
3284.597
3284.984
3285.371
3285.758
3286.144
3286.321
3286.498
3286.675
3286.852
3287.029
3287.206
3287.383
3287.56
3287.819
3288.078
3288.337
3288.596
3288.855
3289.114
3289.373
3289.632
3289.891
3290.15
3290.15
3290.15
3290.15
3290.15
