21.8
22.5
23.03
23.56
24.09
24.62
25.15
26.642
27.29
27.843
28.395
28.947
29.5
29.944
30.388
30.832
31.276
31.72
32.759
33.017
33.275
33.533
33.791
34.049
34.307
34.565
34.823
35.08
35.815
36.55
37.285
38.02
38.85
39.68
40.51
40.762
41.014
41.267
41.52
41.773
42.026
42.279
42.532
42.784
43.036
43.288
43.54
43.84
44.14
44.44
44.74
45.04
45.34
45.642
46.181
46.72
47.259
47.8
48.474
49.982
51.49
52.998
54.506
56.014
57.522
59.03
60.538
62.05
63.255
64.459
64.82
65.181
65.542
65.903
66.264
66.625
66.986
67.347
67.71
68.047
68.384
68.721
69.058
69.395
69.732
70.069
70.406
70.745
70.979
71.213
71.447
71.681
71.915
72.149
72.383
72.62
72.995
73.37
73.745
74.12
75.075
76.03
76.985
77.94
78.895
79.85
80.805
81.76
82.715
83.67
84.63
85.13
87.75
90.37
90.95
91.205
91.46
91.715
91.97
92.225
92.48
92.735
92.99
93.245
93.5
93.755
94.01
94.26
94.498
94.736
94.974
95.212
95.45
95.688
95.925
96.16
96.694
97.228
97.762
98.296
98.83
99.364
99.898
100.432
100.966
101.5
101.77
102.04
102.31
103.1
103.89
104.68
105.47
106.262
107.314
108.367
108.95
109.285
109.62
109.78
109.94
110.136
110.332
110.528
110.724
110.92
111.116
111.315
111.897
112.48
113.062
113.644
114.227
114.81
115.455
116.1
116.488
116.876
117.264
117.652
118.04
118.426
119.302
121.098
122.562
123.131
123.7
124.269
124.838
125.407
125.978
126.942
130.05
162.96
163.365
163.77
164.175
164.58
165.3
166.02
166.74
167.46
167.96
168.242
168.524
168.806
169.088
169.37
169.652
169.934
170.216
170.5
171.4
172.243
173.086
173.929
174.772
175.615
176.458
177.3
177.825
178.35
178.875
179.4
179.925
180.45
181.58
189.02
189.489
189.958
190.427
190.896
191.365
191.834
192.3
192.828
193.356
193.884
194.412
194.94
195.313
195.686
196.059
196.432
196.807
197.39
197.721
198.052
198.383
198.714
199.045
199.376
199.71
200.052
200.393
200.734
201.076
201.417
201.758
202.1
202.442
202.921
203.4
203.91
204.42
204.908
205.396
205.884
206.372
206.86
207.348
207.836
208.324
208.812
209.298
210.76
212.5
213.631
214.762
215.893
217.024
218.155
219.284
219.7
220.116
220.532
220.948
221.365
222.194
223.023
223.852
224.681
225.508
226.942
228.376
229.237
230.097
234.16
235.08
236.0
236.92
237.84
238.077
238.314
238.551
238.788
239.025
239.262
239.499
239.736
239.97
240.4
240.83
241.26
241.69
242.12
242.55
243.072
243.594
244.116
244.64
244.898
245.156
245.414
245.672
245.93
246.188
246.446
246.704
246.962
247.22
247.622
248.024
248.426
248.828
249.23
249.632
250.034
250.436
250.84
252.115
253.39
254.665
255.94
256.782
257.624
258.466
259.308
260.152
260.652
261.076
261.5
261.924
262.348
262.772
263.196
263.62
264.044
264.466
268.92
269.449
269.978
270.507
271.036
271.565
272.094
272.479
272.864
273.249
273.634
274.019
274.404
274.789
275.174
275.559
275.944
276.329
276.714
277.38
277.629
277.878
278.127
278.376
278.625
278.874
279.123
279.372
279.625
279.984
280.343
280.702
281.061
281.42
281.779
282.138
282.497
282.86
283.056
283.252
283.448
283.644
283.84
284.036
284.232
284.428
284.624
284.82
285.016
285.212
285.408
285.61
285.9
286.19
286.48
286.77
287.06
287.35
287.64
287.93
288.22
288.51
288.76
289.01
289.26
289.51
289.76
290.184
290.608
291.032
291.456
291.881
292.38
292.722
293.064
293.406
293.748
294.09
294.432
294.774
295.116
295.458
295.8
296.142
296.48
296.865
297.25
297.635
298.02
298.405
298.79
299.175
299.56
299.945
300.33
300.715
301.1
301.48
301.921
302.362
302.803
303.244
303.685
304.126
304.567
305.008
305.45
306.112
306.774
307.436
308.098
308.76
309.42
309.729
310.038
310.347
310.656
310.965
311.274
311.583
311.892
312.201
312.51
312.82
313.385
313.95
314.515
315.08
315.645
316.21
316.775
317.34
317.905
318.47
319.04
319.562
320.084
320.606
321.128
321.65
321.911
322.172
322.433
322.694
322.955
323.216
323.477
323.738
323.999
324.26
324.521
324.784
325.7
328.417
329.335
330.253
331.171
332.089
333.007
333.925
334.84
335.765
336.69
337.615
338.54
339.465
340.39
341.315
342.24
342.648
343.056
343.464
343.872
344.278
344.613
344.948
345.283
345.618
345.953
346.288
346.623
346.958
347.293
347.632
351.526
352.15
352.712
353.274
353.837
354.4
355.918
357.436
358.955
360.277
361.599
362.921
364.244
365.76
366.26
367.096
367.932
368.768
369.604
370.44
371.276
372.11
372.336
372.562
372.788
373.014
373.24
373.466
373.692
373.92
374.26
374.6
374.94
375.28
375.62
375.96
376.667
377.374
378.081
378.788
379.495
380.202
380.909
381.616
382.32
383.042
383.764
384.486
385.208
385.93
386.582
387.234
387.886
388.538
389.19
389.84
390.48
391.12
391.76
392.4
393.04
393.68
394.192
394.704
395.216
395.728
396.24
396.804
397.368
397.932
398.496
399.06
400.388
401.716
403.044
404.372
405.7
407.03
407.411
407.792
408.173
408.554
408.935
409.316
409.7
410.02
410.34
410.66
410.98
411.3
411.62
411.94
412.26
412.58
412.9
413.22
413.514
413.808
414.102
414.396
414.69
414.984
415.278
415.572
415.87
416.154
416.438
416.722
417.006
417.29
417.575
417.859
418.143
418.427
418.715
419.039
419.363
419.687
420.011
420.335
420.659
420.983
421.307
421.631
421.955
422.279
422.6
422.84
423.08
423.32
423.56
423.8
424.04
424.28
424.52
424.76
425.0
425.243
425.826
426.439
427.052
427.665
428.278
428.89
429.445
430.0
430.555
431.11
431.665
432.22
432.676
433.132
433.588
434.044
434.5
435.0
435.3
435.6
435.9
436.2
436.5
436.8
437.1
437.4
437.7
438.056
438.412
438.768
439.124
439.48
439.836
440.19
441.08
441.97
442.86
443.75
444.64
445.53
446.42
447.31
448.2
449.09
450.079
451.068
452.057
453.046
454.035
455.024
456.013
457.002
457.99
458.28
458.57
458.86
459.15
459.44
459.73
460.02
461.105
462.19
463.275
464.36
465.445
466.53
468.4
470.27
470.77
471.377
471.984
472.591
473.197
473.78
474.123
474.466
474.809
475.152
475.495
475.838
476.181
476.524
476.87
477.237
477.604
477.971
478.338
478.705
479.072
479.439
479.806
480.173
480.54
480.91
481.217
481.524
481.831
482.138
482.445
482.75
483.38
484.885
486.39
487.895
489.4
490.905
492.41
493.915
495.42
496.925
498.43
499.935
501.44
502.945
504.45
505.95
506.603
507.256
507.909
508.562
509.215
509.87
510.142
510.414
510.686
510.958
511.231
511.503
511.775
512.048
512.321
512.594
512.867
513.14
513.375
513.61
513.845
514.08
514.455
514.83
515.205
515.58
515.955
516.33
516.591
516.852
517.113
517.374
517.635
517.896
518.157
518.418
518.679
518.94
519.313
519.686
520.059
520.432
520.805
521.178
521.549
521.991
522.433
522.875
523.317
523.759
524.201
524.643
525.085
525.529
525.76
525.991
526.222
526.453
526.684
526.915
527.146
527.377
527.608
527.839
528.07
528.519
528.968
529.417
529.866
530.315
530.764
531.215
531.653
532.09
532.277
532.464
532.651
532.838
533.025
533.212
533.399
533.589
533.899
534.209
534.519
534.829
535.139
535.449
535.759
536.069
536.379
536.69
537.19
537.657
538.124
538.591
539.058
539.525
539.992
540.459
540.926
541.393
541.86
542.332
542.516
542.7
542.884
543.068
543.252
543.436
543.62
543.804
543.988
544.172
544.356
544.54
545.76
546.98
547.186
547.392
547.598
547.804
548.01
548.216
548.42
548.843
549.266
549.689
550.112
550.535
550.958
551.381
551.804
552.227
552.65
553.264
553.878
554.492
555.106
555.72
556.334
556.948
557.56
557.827
558.094
558.361
558.628
558.895
559.16
559.361
559.562
559.763
559.964
560.165
560.366
560.564
560.749
560.934
561.119
561.304
561.489
561.674
561.859
562.044
562.23
562.431
562.632
562.833
563.034
563.235
563.436
563.637
563.838
564.039
564.24
564.367
564.494
564.621
564.748
564.875
565.002
565.129
565.256
565.383
565.512
565.735
565.958
566.18
566.597
567.014
567.43
567.691
567.952
568.213
568.474
568.735
568.996
569.257
569.518
569.777
570.003
570.229
570.455
570.681
570.907
571.133
571.36
571.581
571.802
572.023
572.244
572.465
572.686
572.907
573.13
573.983
574.836
575.689
576.542
577.395
578.248
579.1
579.267
579.434
579.601
579.768
579.935
580.102
580.269
580.436
580.603
580.77
580.937
581.1
581.763
582.426
583.089
583.752
584.415
585.078
585.741
586.404
587.067
587.73
588.393
589.06
589.346
589.632
589.918
590.204
590.49
591.261
592.032
592.803
593.574
594.345
595.116
595.887
596.658
597.429
598.2
598.971
599.74
600.128
600.516
600.904
601.292
601.68
602.068
602.456
602.844
603.232
603.62
604.008
604.396
604.79
605.372
605.954
606.536
607.118
607.7
608.282
608.864
609.446
610.028
610.61
611.026
611.442
611.858
612.274
612.69
613.106
613.522
613.938
614.354
614.77
615.23
615.69
616.15
616.737
617.324
617.91
618.295
618.68
619.065
619.45
619.835
620.22
620.605
620.99
621.375
621.76
622.145
622.53
622.764
622.998
623.232
623.466
623.7
623.934
624.17
624.397
624.624
624.851
625.078
625.305
625.532
625.76
626.099
626.438
626.777
627.116
627.455
627.794
628.13
628.32
628.51
628.7
628.89
629.08
629.27
629.762
630.254
630.746
631.238
631.73
632.222
632.714
633.206
633.694
634.626
635.558
636.49
637.422
638.005
638.639
639.273
639.907
640.541
641.175
641.809
642.443
643.077
643.71
643.969
644.228
644.487
644.746
645.005
645.264
645.523
645.782
646.04
646.259
646.478
646.697
646.916
647.135
647.354
647.573
647.792
648.011
648.23
648.449
648.668
648.887
649.106
649.32
649.596
649.872
650.148
650.424
650.7
650.976
651.252
651.528
651.804
652.08
652.268
652.456
652.644
652.832
653.019
653.207
653.394
653.58
653.793
654.006
654.219
654.433
654.646
654.859
655.072
655.288
656.048
656.808
657.568
658.328
659.09
659.293
659.496
659.699
659.902
660.105
660.308
660.511
660.714
660.92
661.771
662.622
663.473
664.324
665.175
666.024
670.14
670.64
671.19
671.74
672.29
672.84
673.39
673.94
674.49
675.64
676.79
677.94
679.09
679.91
680.73
681.55
682.37
683.19
684.01
684.83
685.65
686.47
686.95
687.43
687.91
688.915
689.92
691.6
693.28
696.047
700.53
700.71
700.89
701.07
701.25
701.43
701.696
701.962
702.228
702.494
702.76
703.026
703.292
703.558
703.824
704.09
704.637
705.184
705.731
706.278
706.825
707.372
707.92
708.497
709.074
709.651
710.228
710.805
711.382
711.959
712.536
713.113
713.69
714.267
714.84
715.52
717.11
718.811
720.512
722.213
723.914
725.615
727.316
729.017
739.36
740.181
741.002
741.823
742.644
743.465
744.286
745.107
745.928
746.75
747.373
747.996
748.619
749.242
749.865
750.488
751.114
751.78
752.103
752.426
752.749
753.072
753.395
753.718
754.041
754.364
754.687
755.01
755.333
755.656
755.983
756.722
757.462
757.955
758.448
758.941
759.434
759.927
760.42
760.913
761.307
761.701
762.095
762.489
762.885
763.29
763.695
764.1
764.505
764.91
765.606
766.302
766.998
767.694
768.392
769.957
771.522
773.087
774.652
776.217
777.782
779.35
780.209
781.068
781.927
782.786
783.645
784.504
785.363
786.222
787.081
787.94
788.804
794.147
799.67
800.666
801.662
802.658
803.654
804.65
805.646
806.642
807.638
808.637
808.852
809.067
809.282
809.497
809.712
809.927
810.142
810.357
810.572
810.787
811.002
811.22
811.375
811.53
811.685
811.84
811.995
812.15
812.305
812.46
812.615
812.77
812.925
813.08
813.355
813.63
813.905
814.18
814.455
814.73
815.005
815.28
816.14
817.0
817.289
817.578
817.867
818.156
818.445
818.734
819.02
823.414
823.84
824.266
824.692
825.118
825.544
825.97
826.396
826.822
827.248
827.674
828.1
828.529
829.069
829.609
830.149
830.689
831.229
831.769
832.31
832.629
832.948
833.267
833.586
833.905
834.224
834.543
834.86
835.989
837.118
838.247
839.376
840.505
841.634
842.76
843.378
843.996
844.614
845.232
845.85
846.468
847.086
847.704
848.688
849.672
850.656
851.64
852.04
852.44
852.84
853.24
853.64
854.04
854.44
854.84
855.153
855.466
855.779
856.092
856.405
856.859
857.313
857.767
858.221
858.675
859.129
859.583
860.037
860.491
860.945
861.399
861.855
862.123
862.391
862.659
862.927
863.195
863.463
863.73
864.054
864.378
864.702
865.026
865.35
865.674
866.0
866.273
866.546
866.819
867.092
867.365
867.638
867.914
868.143
868.372
868.601
868.83
869.059
869.288
869.517
869.746
869.975
870.204
870.434
871.1
871.598
872.096
872.594
873.092
873.59
874.09
875.13
875.472
875.814
876.156
876.498
876.84
877.182
877.524
877.866
878.21
879.587
880.964
882.34
882.542
882.744
882.946
883.148
883.35
883.55
883.731
883.913
884.095
884.277
884.459
884.64
884.822
885.004
885.186
885.368
885.55
885.731
885.913
886.091
886.566
887.041
887.516
887.991
888.466
888.941
889.416
889.891
890.37
890.747
891.124
891.501
891.878
892.255
892.63
893.13
893.324
893.518
893.712
893.906
894.1
894.294
894.488
894.682
894.879
895.138
895.397
895.656
895.915
896.174
896.433
896.69
897.026
897.362
897.698
898.034
898.37
898.706
899.042
899.378
899.714
900.05
900.471
900.892
901.313
901.734
902.155
902.576
903.0
903.194
903.388
903.582
903.776
903.97
904.164
904.358
904.552
904.75
905.358
905.966
906.574
907.182
907.79
908.398
909.006
909.614
910.22
911.321
912.422
913.523
914.624
915.725
916.826
917.93
918.33
918.73
919.13
919.53
919.93
920.33
920.73
921.13
921.312
921.494
921.676
921.858
922.04
922.222
922.404
922.586
922.768
922.95
923.132
923.314
923.496
923.678
923.86
924.042
924.22
924.671
925.122
925.573
926.024
926.475
926.926
927.377
927.828
928.279
928.73
929.181
929.632
930.083
930.534
930.985
931.436
931.887
932.34
932.76
933.18
933.6
934.02
934.336
934.652
934.968
935.284
935.6
935.916
936.23
937.11
937.455
937.8
938.145
938.49
938.835
939.18
939.66
940.14
940.62
941.1
942.09
943.154
944.218
945.282
946.346
947.41
948.474
949.538
950.602
951.666
952.73
953.385
954.04
954.695
955.35
956.005
956.66
957.315
957.97
958.625
959.28
959.94
960.626
961.312
961.998
962.684
963.37
964.602
965.834
967.066
968.3
969.18
970.06
970.94
971.82
972.7
973.256
973.812
974.368
974.924
975.48
975.726
975.972
976.218
976.464
976.71
976.956
977.2
977.431
977.662
977.893
978.124
978.355
978.586
978.817
979.05
979.722
980.394
981.066
981.738
982.41
983.08
984.51
985.097
985.684
986.271
986.858
987.445
988.03
988.7
988.917
989.134
989.351
989.568
989.785
990.002
990.219
990.436
990.653
990.87
991.087
991.304
991.525
991.757
991.989
992.221
992.453
992.685
992.917
993.15
993.346
993.542
993.738
993.934
994.13
994.326
994.522
994.718
994.914
995.108
995.399
995.69
995.981
996.272
996.563
996.854
997.145
997.436
997.727
998.015
998.307
998.599
998.891
999.183
999.475
999.767
1000.059
1000.351
1000.643
1000.935
1001.232
1001.399
1001.566
1001.733
1001.899
1002.161
1002.423
1002.685
1002.947
1003.209
1003.471
1003.731
1003.927
1004.123
1004.319
1004.515
1004.711
1004.907
1005.103
1005.299
1005.495
1005.689
1006.23
1012.359
1012.617
1012.875
1013.133
1013.391
1013.65
1013.747
1013.844
1013.941
1014.038
1014.135
1014.23
1014.582
1014.934
1015.286
1015.64
1015.943
1016.246
1016.549
1016.852
1017.155
1017.458
1017.761
1018.064
1018.37
1018.605
1018.84
1019.075
1019.31
1019.545
1019.78
1020.015
1020.25
1020.485
1020.72
1020.954
1022.005
1023.056
1024.107
1025.158
1026.21
1026.668
1027.125
1027.582
1028.04
1028.497
1028.955
1030.071
1031.187
1032.303
1033.419
1034.534
1035.236
1035.937
1036.52
1036.955
1037.39
1037.825
1038.26
1038.696
1040.078
1041.46
1043.06
1043.768
1044.476
1045.184
1045.892
1046.599
1047.229
1047.859
1048.489
1049.119
1049.749
1050.38
1050.878
1051.375
1051.688
1052.0
1052.619
1053.238
1053.857
1054.476
1055.725
1056.973
1058.221
1059.47
1062.538
1063.026
1063.514
1064.002
1064.49
1064.98
1066.7
1067.87
1069.04
1070.21
1071.38
1072.55
1073.72
1074.89
1075.622
1076.354
1077.086
1077.82
1078.51
1079.75
1080.99
1082.23
1083.47
1083.97
1084.433
1084.896
1085.36
1086.58
1087.8
1089.02
1090.24
1091.46
1092.011
1092.562
1093.113
1093.664
1094.215
1094.766
1095.317
1095.868
1096.419
1096.97
1097.154
1097.338
1097.522
1097.706
1097.89
1098.074
1098.258
1098.442
1098.626
1098.81
1098.994
1099.18
1099.389
1099.598
1099.807
1100.016
1100.225
1100.434
1100.643
1100.852
1101.061
1101.27
1101.48
1102.108
1102.736
1103.364
1103.99
1105.46
1106.302
1107.144
1107.986
1108.828
1109.67
1110.512
1111.354
1112.196
1113.038
1113.88
1114.722
1115.56
1115.916
1116.272
1116.628
1116.984
1117.34
1117.696
1118.052
1118.408
1118.764
1119.12
1119.476
1119.83
1120.648
1121.466
1122.284
1123.102
1123.92
1124.65
1125.38
1126.11
1126.84
1127.614
1128.388
1129.162
1129.936
1130.71
1131.484
1132.258
1133.032
1133.806
1134.58
1135.354
1136.13
1136.882
1137.634
1138.386
1139.138
1139.89
1141.231
1142.572
1143.914
1144.58
1145.305
1146.03
1146.755
1147.48
1147.812
1148.144
1148.476
1148.808
1149.14
1149.472
1149.802
1150.962
1152.122
1154.77
1155.187
1155.604
1156.02
1156.666
1158.29
1158.542
1158.794
1159.046
1159.298
1159.55
1159.802
1160.054
1160.306
1160.558
1160.81
1161.062
1161.314
1161.56
1161.847
1162.134
1162.421
1162.708
1162.995
1163.282
1163.572
1164.53
1165.35
1166.17
1166.99
1167.81
1168.629
1171.5
1172.38
1173.378
1174.376
1175.374
1176.372
1177.37
1178.368
1179.366
1180.364
1181.362
1182.36
1183.36
1184.005
1184.65
1185.295
1185.94
1186.44
1186.731
1187.022
1187.214
1187.406
1187.598
1187.79
1187.98
1188.184
1188.388
1188.592
1188.796
1189.0
1189.204
1189.408
1189.612
1189.813
1190.103
1190.393
1190.683
1190.973
1191.263
1191.805
1192.347
1196.66
1197.698
1198.737
1199.377
1200.017
1200.657
1201.297
1201.937
1202.577
1203.217
1203.86
1204.106
1204.352
1204.598
1204.844
1205.09
1205.336
1205.582
1205.828
1206.074
1206.32
1206.566
1206.81
1207.097
1207.385
1207.673
1207.96
1208.314
1208.668
1209.022
1209.376
1209.73
1210.084
1210.438
1210.792
1211.146
1211.5
1211.854
1212.208
1212.562
1212.916
1213.27
1215.136
1217.002
1217.278
1217.554
1217.83
1218.106
1218.382
1218.658
1218.934
1219.21
1219.431
1219.652
1219.873
1220.094
1220.315
1220.536
1220.757
1220.98
1221.483
1221.986
1222.489
1222.992
1223.495
1223.998
1224.5
1225.448
1226.396
1227.344
1228.292
1229.24
1230.188
1231.136
1232.084
1233.032
1233.98
1234.93
1235.665
1236.4
1237.135
1237.87
1239.96
1240.652
1241.344
1242.036
1242.729
1243.27
1244.028
1244.786
1245.543
1246.649
1247.755
1248.861
1249.967
1251.073
1252.179
1253.285
1254.39
1255.148
1255.906
1256.664
1258.576
1260.488
1262.4
1264.191
1265.982
1267.773
1269.564
1271.354
1279.14
1279.98
1280.342
1280.704
1281.066
1281.428
1281.79
1282.61
1282.898
1283.186
1283.474
1283.76
1284.352
1284.944
1285.536
1286.128
1286.72
1287.31
1288.01
1288.711
1289.412
1290.112
1293.088
1293.931
1294.774
1295.617
1296.46
1303.464
1303.658
1303.852
1304.046
1304.24
1304.434
1304.63
1305.22
1305.719
1306.218
1306.717
1307.216
1307.715
1308.214
1308.713
1309.21
1309.426
1309.642
1309.858
1310.074
1310.29
1310.506
1310.722
1310.938
1311.154
1311.37
1311.586
1311.8
1312.065
1312.33
1312.595
1312.86
1313.125
1313.39
1313.655
1313.97
1314.285
1314.6
1314.915
1315.23
1315.545
1315.86
1316.175
1316.49
1316.805
1317.12
1317.435
1317.75
1318.06
1319.24
1319.946
1320.652
1321.358
1322.064
1322.77
1323.476
1324.182
1324.888
1325.594
1328.812
1332.69
1333.16
1333.63
1334.1
1334.569
1334.753
1334.937
1335.121
1335.305
1335.489
1335.673
1335.86
1336.239
1336.618
1336.997
1337.376
1337.755
1338.134
1338.513
1338.892
1339.271
1339.65
1340.029
1340.408
1340.79
1341.609
1342.428
1343.247
1344.066
1344.885
1345.704
1346.52
1349.53
1352.54
1353.203
1353.866
1354.529
1355.192
1355.855
1356.518
1357.181
1357.844
1358.504
1358.793
1359.082
1359.371
1359.66
1359.949
1360.238
1360.527
1360.816
1361.105
1361.394
1361.683
1361.97
1362.449
1362.928
1363.407
1363.886
1364.365
1364.844
1365.323
1365.802
1366.28
1366.53
1366.78
1367.03
1367.28
1367.53
1367.78
1368.03
1368.28
1368.53
1368.933
1369.336
1369.739
1370.142
1370.545
1370.948
1371.35
1371.803
1372.256
1372.709
1373.162
1373.615
1374.068
1374.521
1374.974
1375.427
1375.88
1376.33
1377.36
1378.39
1379.42
1380.45
1381.48
1381.728
1381.976
1382.224
1382.472
1382.72
1382.968
1383.216
1383.464
1383.712
1383.96
1384.208
1384.456
1384.704
1384.952
1385.2
1385.45
1385.872
1386.294
1386.716
1387.138
1387.56
1387.982
1388.404
1388.826
1389.248
1389.67
1390.092
1390.514
1390.936
1391.358
1391.78
1392.2
1392.449
1392.698
1392.947
1393.196
1393.445
1393.694
1393.94
1394.39
1394.84
1395.29
1395.74
1396.19
1396.64
1397.09
1397.303
1397.516
1397.729
1397.942
1398.155
1398.368
1398.581
1398.794
1399.01
1399.376
1399.742
1400.108
1400.474
1400.84
1401.206
1401.572
1401.94
1402.191
1402.442
1402.693
1402.944
1403.195
1403.446
1403.697
1403.948
1404.199
1404.45
1404.701
1404.95
1405.482
1406.014
1406.546
1407.078
1407.61
1408.142
1408.674
1409.206
1409.738
1410.27
1411.107
1411.944
1412.781
1413.618
1414.455
1415.292
1416.127
1416.398
1416.668
1417.182
1417.696
1418.21
1418.724
1419.238
1419.752
1420.15
1420.548
1420.946
1421.344
1421.742
1422.142
1422.461
1422.78
1423.099
1423.418
1423.737
1424.056
1424.375
1424.694
1425.01
1425.268
1425.526
1425.784
1426.042
1426.3
1426.56
1426.878
1427.196
1427.514
1427.832
1428.15
1428.468
1428.786
1429.104
1429.422
1429.74
1430.165
1430.59
1431.015
1431.44
1431.865
1432.29
1432.715
1433.142
1433.378
1433.614
1433.85
1434.71
1435.278
1435.845
1436.412
1436.979
1437.546
1438.113
1438.68
1439.25
1439.455
1439.66
1439.865
1440.07
1440.275
1440.48
1440.731
1440.982
1441.233
1441.484
1441.735
1441.986
1442.24
1442.591
1442.942
1443.293
1443.644
1443.995
1444.346
1444.697
1445.048
1445.4
1445.586
1445.772
1445.958
1446.144
1446.33
1446.516
1446.702
1446.888
1447.074
1447.26
1447.738
1448.216
1448.694
1449.172
1449.65
1450.89
1452.13
1453.37
1454.151
1454.7
1455.249
1455.798
1456.347
1456.896
1457.445
1457.994
1458.543
1459.092
1459.64
1459.988
1460.336
1460.684
1461.032
1461.38
1461.73
1462.23
1462.68
1463.13
1463.58
1464.03
1464.48
1464.93
1465.38
1465.831
1466.125
1466.419
1466.713
1467.007
1467.301
1467.595
1467.889
1468.186
1468.304
1468.422
1468.54
1468.658
1468.776
1468.894
1469.012
1469.128
1469.32
1469.512
1469.704
1469.896
1470.088
1470.28
1470.472
1470.664
1470.856
1471.044
1471.275
1471.506
1471.737
1471.968
1472.199
1472.43
1472.852
1473.274
1473.696
1474.118
1474.54
1474.962
1475.384
1475.81
1476.073
1476.336
1476.599
1476.862
1477.125
1477.388
1477.651
1477.914
1478.18
1478.602
1479.024
1479.446
1479.868
1480.29
1480.712
1481.134
1481.556
1481.98
1482.223
1482.466
1482.709
1482.952
1483.195
1483.438
1483.68
1483.991
1484.302
1484.613
1484.924
1485.235
1485.546
1485.857
1486.168
1486.48
1486.903
1487.326
1487.749
1488.172
1488.595
1489.018
1489.441
1489.867
1490.043
1490.219
1490.395
1490.571
1490.747
1490.923
1491.099
1491.275
1491.45
1491.654
1491.858
1492.062
1492.266
1492.47
1492.674
1492.878
1493.082
1493.286
1493.49
1493.694
1493.898
1494.102
1494.31
1496.34
1496.605
1496.87
1497.135
1497.4
1497.665
1497.93
1498.665
1499.4
1500.135
1500.87
1501.605
1502.34
1503.075
1503.81
1504.043
1504.276
1504.509
1504.742
1504.975
1505.208
1505.441
1505.674
1505.907
1506.14
1506.487
1506.834
1507.181
1507.528
1507.875
1508.22
1508.439
1508.658
1508.877
1509.096
1509.315
1509.534
1509.753
1509.972
1510.191
1510.41
1510.628
1510.846
1511.064
1511.282
1511.5
1511.718
1511.936
1512.154
1512.37
1512.926
1513.482
1514.038
1514.594
1515.15
1515.42
1515.69
1515.96
1516.23
1516.5
1516.77
1517.52
1517.872
1518.224
1518.576
1518.928
1519.28
1519.632
1519.984
1520.336
1520.688
1521.036
1521.617
1522.197
1522.777
1523.358
1523.761
1524.164
1524.567
1524.97
1525.373
1525.776
1526.179
1526.582
1526.985
1527.77
1528.395
1528.639
1528.883
1529.127
1529.371
1529.615
1529.859
1530.103
1530.347
1530.591
1530.835
1531.079
1531.32
1531.654
1531.988
1532.322
1532.656
1532.99
1533.229
1533.468
1533.707
1533.946
1534.185
1534.424
1534.663
1534.902
1535.141
1535.38
1535.622
1535.83
1536.038
1536.246
1536.454
1536.662
1536.87
1537.08
1537.297
1537.514
1537.731
1537.948
1538.163
1538.495
1538.827
1539.159
1539.491
1539.823
1540.155
1540.487
1540.819
1541.151
1541.483
1541.812
1544.282
1544.774
1545.266
1545.758
1546.25
1546.742
1547.234
1547.726
1548.218
1548.71
1549.002
1549.294
1549.586
1549.878
1550.17
1550.46
1550.817
1551.174
1551.531
1551.888
1552.245
1552.602
1552.959
1553.316
1553.67
1553.849
1554.028
1554.207
1554.386
1554.565
1554.744
1554.923
1555.102
1555.281
1555.46
1555.639
1555.818
1555.997
1556.176
1556.36
1556.562
1556.764
1556.966
1557.168
1557.37
1557.572
1557.774
1557.976
1558.179
1558.382
1558.585
1558.79
1559.116
1559.442
1559.768
1560.094
1560.42
1560.746
1561.072
1561.398
1561.72
1562.22
1563.164
1564.107
1564.287
1564.467
1564.648
1564.828
1565.008
1565.19
1565.475
1565.76
1566.045
1566.33
1566.615
1566.9
1567.393
1567.886
1568.38
1568.793
1569.206
1569.619
1570.032
1570.445
1570.858
1571.271
1571.684
1572.097
1572.51
1572.734
1572.958
1573.182
1573.406
1573.63
1573.829
1574.028
1574.227
1574.426
1574.625
1574.824
1575.023
1575.222
1575.42
1575.929
1576.438
1576.947
1577.456
1577.965
1578.474
1578.983
1579.492
1580.001
1580.51
1581.019
1581.53
1581.942
1582.354
1582.766
1583.178
1583.591
1584.003
1584.415
1584.83
1585.239
1585.648
1586.057
1586.466
1586.875
1587.284
1587.693
1588.102
1588.511
1588.92
1589.329
1589.738
1590.147
1590.556
1590.965
1591.374
1591.79
1592.407
1593.024
1593.641
1594.258
1594.875
1595.49
1595.99
1596.571
1597.152
1597.733
1598.314
1598.895
1599.476
1600.06
1601.232
1602.404
1603.576
1604.748
1605.92
1607.092
1608.264
1609.436
1610.608
1611.78
1612.955
1618.41
1620.33
1621.819
1623.308
1624.797
1626.286
1627.776
1627.995
1628.213
1628.431
1628.65
1629.78
1630.049
1630.318
1630.587
1630.856
1631.125
1631.394
1631.663
1631.932
1632.201
1632.47
1632.739
1633.008
1633.275
1633.835
1634.395
1634.955
1635.515
1636.075
1636.635
1637.195
1637.755
1638.315
1638.875
1639.435
1640.0
1640.618
1641.236
1641.854
1642.472
1643.09
1644.488
1645.886
1647.284
1648.682
1650.08
1651.48
1651.772
1652.064
1652.356
1652.648
1652.94
1653.232
1653.524
1653.816
1654.108
1654.4
1654.692
1654.984
1655.27
1655.588
1655.906
1656.224
1656.542
1656.86
1657.178
1657.496
1657.814
1658.132
1658.45
1658.768
1659.086
1659.4
1659.703
1660.006
1660.309
1660.612
1660.915
1661.218
1661.521
1661.824
1662.127
1662.43
1662.733
1663.036
1663.339
1663.64
1666.6
1669.56
1669.926
1670.292
1670.658
1671.024
1671.39
1671.756
1672.122
1672.49
1672.81
1673.13
1673.45
1673.77
1674.27
1674.513
1674.756
1674.999
1675.242
1675.485
1675.728
1676.13
1676.532
1676.934
1677.336
1677.738
1678.14
1678.793
1679.446
1680.099
1680.752
1681.405
1682.058
1682.711
1683.364
1684.017
1684.67
1685.323
1685.976
1686.629
1686.8
1686.971
1687.142
1687.313
1687.484
1687.655
1687.826
1687.997
1688.17
1688.43
1688.69
1688.95
1689.21
1689.47
1689.73
1689.99
1690.25
1690.51
1690.77
1691.372
1691.975
1692.577
1693.179
1693.782
1694.384
1694.986
1695.589
1696.191
1696.793
1697.395
1698.0
1698.408
1698.816
1699.224
1699.632
1700.04
1700.448
1700.856
1701.264
1701.672
1702.08
1702.488
1702.896
1703.31
1703.548
1703.786
1704.024
1704.262
1704.5
1704.738
1704.976
1705.214
1705.452
1705.69
1705.928
1706.166
1706.41
1706.63
1706.85
1707.07
1707.29
1707.51
1707.73
1707.95
1708.17
1708.509
1708.848
1709.187
1709.526
1709.865
1710.204
1710.543
1710.882
1711.221
1711.557
1711.774
1711.991
1712.208
1712.425
1712.64
1713.1
1713.56
1714.02
1714.48
1714.94
1715.398
1716.573
1717.749
1718.374
1718.67
1718.966
1719.262
1719.558
1719.854
1720.15
1720.446
1720.742
1721.04
1721.421
1721.802
1722.183
1722.564
1722.946
1723.641
1724.336
1725.031
1725.726
1726.421
1727.116
1727.81
1728.326
1728.842
1729.357
1729.592
1729.827
1730.062
1730.297
1730.532
1730.767
1731.002
1731.237
1731.472
1731.707
1731.94
1732.236
1732.532
1732.828
1733.124
1733.42
1733.716
1734.012
1734.308
1734.604
1734.9
1735.297
1735.694
1736.091
1736.488
1736.885
1737.282
1737.679
1738.076
1738.473
1738.87
1739.267
1739.664
1740.061
1740.46
1740.772
1741.084
1741.396
1741.708
1742.02
1742.334
1743.0
1743.69
1744.38
1745.07
1745.76
1746.45
1747.139
1747.68
1748.457
1749.235
1750.012
1750.79
1751.119
1751.448
1751.777
1752.106
1752.435
1752.764
1753.09
1753.452
1753.814
1754.176
1754.538
1754.9
1755.262
1755.621
1756.162
1756.605
1757.048
1757.491
1757.934
1758.377
1758.82
1760.14
1760.6
1761.06
1761.52
1761.98
1762.44
1762.9
1763.234
1763.568
1763.902
1764.236
1764.57
1764.904
1765.238
1765.572
1765.91
1766.316
1766.722
1767.128
1767.534
1767.94
1768.346
1768.752
1769.16
1769.51
1769.86
1770.21
1770.56
1770.91
1771.26
1771.61
1771.96
1772.31
1772.66
1772.935
1773.21
1773.485
1773.76
1774.035
1774.31
1774.585
1774.86
1775.141
1775.422
1775.703
1775.984
1776.265
1776.546
1776.827
1777.108
1777.389
1777.67
1777.95
1778.147
1778.344
1778.541
1778.738
1778.935
1779.132
1779.329
1779.526
1779.723
1779.92
1780.12
1780.571
1781.022
1781.473
1781.924
1782.375
1782.826
1783.277
1783.728
1784.18
1784.664
1785.148
1785.632
1786.116
1786.6
1787.084
1787.568
1788.052
1788.536
1789.02
1789.5
1789.764
1790.028
1790.292
1790.556
1790.82
1791.084
1791.348
1791.612
1791.88
1792.343
1792.806
1793.269
1793.732
1794.195
1794.66
1795.271
1795.882
1796.493
1797.104
1797.715
1798.326
1798.937
1799.548
1800.161
1800.34
1800.518
1800.697
1800.875
1801.053
1801.232
1801.41
1801.589
1801.767
1801.946
1802.124
1802.303
1802.482
1802.66
1803.233
1803.806
1804.38
1804.72
1805.06
1805.4
1805.74
1806.08
1806.42
1806.76
1807.1
1807.44
1807.78
1808.12
1808.46
1808.8
1809.1
1809.4
1809.704
1810.008
1810.312
1810.616
1810.92
1811.324
1811.728
1812.132
1812.536
1812.94
1813.548
1814.156
1814.764
1815.372
1815.98
1816.53
1817.08
1817.63
1818.18
1818.73
1819.208
1819.686
1820.164
1820.642
1821.12
1821.598
1822.076
1822.554
1823.032
1823.51
1823.988
1824.466
1824.944
1825.42
1825.66
1825.9
1826.14
1826.38
1826.62
1827.132
1827.644
1828.156
1828.668
1829.18
1829.692
1830.204
1830.716
1831.228
1831.539
1831.85
1832.161
1832.472
1832.783
1833.094
1833.405
1833.713
1834.004
1834.295
1834.586
1834.877
1835.46
1835.673
1835.886
1836.099
1836.312
1836.525
1836.738
1836.951
1837.164
1837.38
1837.53
1837.68
1837.83
1837.98
1838.13
1838.28
1838.43
1838.58
1838.73
1838.88
1839.208
1839.536
1839.864
1840.192
1840.52
1840.846
1841.427
1842.008
1842.589
1843.17
1843.751
1844.332
1844.916
1845.303
1845.69
1846.077
1846.464
1846.851
1847.238
1847.627
1848.21
1849.029
1849.848
1850.667
1851.486
1852.305
1853.124
1853.943
1854.762
1855.581
1856.4
1857.219
1858.038
1858.852
1859.297
1859.742
1860.187
1860.632
1861.077
1861.522
1861.967
1862.412
1862.86
1863.19
1863.52
1863.85
1864.18
1864.469
1864.758
1865.047
1865.336
1865.625
1865.914
1866.2
1866.627
1867.054
1867.481
1867.908
1868.335
1868.76
1869.0
1869.24
1869.48
1869.72
1869.96
1870.2
1870.44
1870.68
1870.92
1871.16
1871.4
1871.64
1871.88
1872.12
1872.36
1872.7
1873.04
1877.076
1880.96
1885.557
1895.4
1896.429
1897.407
1898.385
1899.363
1902.369
1905.375
1908.38
1908.8
1909.22
1909.64
1910.06
1910.319
1910.578
1910.837
1911.096
1911.355
1911.614
1911.873
1912.13
1912.414
1912.698
1912.982
1913.266
1913.55
1913.834
1914.118
1914.402
1914.69
1914.957
1915.224
1915.491
1915.758
1916.025
1916.292
1916.56
1916.929
1917.298
1917.667
1918.036
1918.405
1918.774
1919.143
1919.51
1919.784
1920.058
1920.332
1920.606
1920.88
1921.26
1921.64
1922.02
1922.4
1922.78
1923.16
1924.07
1924.98
1925.89
1926.8
1927.71
1928.62
1929.53
1930.44
1931.351
1931.85
1932.16
1932.47
1932.78
1933.09
1933.4
1933.71
1934.061
1934.412
1934.763
1935.114
1935.465
1935.816
1936.167
1936.518
1936.87
1937.139
1937.408
1937.677
1937.946
1938.215
1938.484
1938.753
1939.022
1939.291
1939.56
1939.83
1940.366
1940.902
1941.438
1941.974
1942.51
1943.046
1943.582
1944.004
1944.425
1944.846
1945.267
1945.688
1946.11
1946.531
1946.954
1947.137
1947.32
1947.503
1947.686
1947.87
1949.979
1952.088
1954.197
1956.306
1958.415
1960.524
1962.633
1964.74
1965.804
1966.868
1967.932
1968.996
1970.06
1971.124
1972.188
1973.252
1974.316
1975.38
1982.364
1982.524
1982.684
1982.844
1983.004
1983.164
1983.324
1983.484
1983.644
1983.804
1983.964
1984.124
1984.28
1984.513
1984.746
1984.979
1985.212
1985.445
1985.678
1985.911
1986.144
1986.377
1986.61
1986.843
1987.076
1987.31
1988.317
1989.324
1990.331
1991.338
1992.345
1993.352
1994.362
1998.28
1999.99
2002.717
2005.445
2006.128
2006.811
2007.494
2008.177
2008.86
2009.543
2010.226
2010.909
2011.592
2012.275
2012.958
2013.637
2014.22
2014.562
2014.904
2015.246
2015.589
2015.931
2016.274
2016.616
2016.958
2017.301
2017.643
2017.986
2018.33
2019.358
2020.387
2020.97
2021.597
2022.224
2022.851
2023.478
2024.105
2024.732
2025.359
2025.986
2026.613
2027.24
2027.872
2028.289
2028.706
2029.123
2029.54
2029.957
2030.374
2030.791
2031.21
2031.547
2031.884
2032.221
2032.558
2032.895
2033.232
2033.57
2034.004
2034.438
2034.872
2035.306
2035.74
2036.174
2036.608
2037.042
2037.476
2037.91
2038.344
2038.778
2039.212
2039.644
2041.91
2043.44
2044.97
2045.148
2045.326
2045.504
2045.682
2045.86
2046.038
2046.216
2046.394
2046.572
2046.75
2046.928
2047.106
2047.28
2047.491
2047.702
2047.913
2048.124
2048.335
2048.546
2048.757
2048.968
2049.179
2049.479
2049.779
2050.079
2050.379
2050.679
2050.98
2051.302
2051.624
2051.946
2052.268
2052.59
2052.912
2053.234
2053.556
2053.878
2054.204
2054.682
2055.16
2055.638
2056.116
2056.594
2057.072
2057.55
2057.782
2058.014
2058.246
2058.478
2058.71
2058.942
2059.174
2059.406
2059.638
2059.87
2060.102
2060.334
2063.69
2064.264
2064.838
2065.412
2065.986
2066.56
2067.135
2067.71
2068.285
2068.86
2069.435
2070.01
2070.585
2071.16
2071.735
2072.31
2072.883
2074.429
2075.975
2077.521
2078.02
2078.576
2079.132
2079.688
2080.244
2080.8
2081.264
2081.727
2082.19
2082.653
2083.116
2083.579
2084.043
2084.506
2084.969
2085.432
2085.895
2086.358
2086.822
2087.285
2087.748
2088.211
2088.674
2089.137
2089.601
2090.07
2090.402
2090.734
2091.066
2091.398
2091.73
2092.062
2092.394
2092.726
2093.058
2093.39
2093.719
2094.289
2094.86
2095.48
2095.802
2096.124
2096.446
2096.768
2097.09
2097.41
2097.851
2098.292
2098.733
2099.174
2099.615
2100.056
2100.497
2100.938
2101.382
2101.627
2101.872
2102.117
2102.362
2102.607
2102.852
2103.097
2103.342
2103.59
2104.163
2104.735
2105.307
2105.88
2106.615
2107.35
2107.85
2108.252
2108.654
2109.056
2109.458
2109.86
2110.853
2111.846
2112.839
2113.832
2114.825
2115.818
2116.811
2117.804
2118.795
2120.066
2121.337
2122.607
2123.19
2123.717
2124.244
2124.771
2125.298
2125.825
2126.352
2126.879
2127.406
2127.933
2128.46
2128.694
2128.928
2129.162
2129.396
2129.63
2130.112
2130.594
2131.076
2131.558
2132.04
2132.52
2133.093
2133.666
2134.239
2134.812
2135.385
2135.958
2136.531
2137.104
2137.677
2138.25
2138.823
2139.392
2140.302
2141.212
2142.122
2143.03
2143.53
2144.21
2144.68
2145.15
2145.62
2146.09
2146.56
2147.03
2147.349
2147.668
2147.987
2148.306
2148.625
2148.944
2149.263
2149.582
2149.901
2150.22
2150.539
2150.858
2151.177
2151.496
2151.814
2152.48
2152.689
2152.898
2153.107
2153.316
2153.525
2153.734
2153.943
2154.152
2154.361
2154.57
2155.065
2155.56
2156.055
2156.55
2157.045
2157.54
2157.812
2158.084
2158.356
2158.629
2158.901
2159.173
2159.445
2159.72
2160.02
2160.32
2160.62
2160.956
2161.292
2161.628
2161.964
2162.3
2162.636
2162.972
2163.308
2163.64
2165.64
2166.159
2166.678
2167.197
2167.716
2168.235
2168.754
2169.27
2169.703
2170.136
2170.569
2171.002
2171.435
2171.868
2172.301
2172.734
2173.165
2173.335
2173.505
2173.675
2173.845
2174.015
2174.185
2174.355
2174.525
2174.695
2174.865
2175.04
2175.654
2176.268
2176.882
2177.496
2178.11
2178.86
2179.61
2180.36
2181.11
2181.86
2182.61
2183.36
2184.109
2185.302
2186.495
2187.688
2188.88
2189.113
2189.345
2189.577
2189.81
2190.043
2190.276
2190.508
2190.74
2191.191
2191.642
2192.093
2192.544
2192.995
2193.446
2193.897
2194.348
2194.799
2195.25
2195.701
2196.152
2196.603
2197.06
2197.396
2197.732
2198.068
2198.404
2198.74
2199.076
2199.41
2202.24
2202.493
2202.746
2202.999
2203.252
2203.505
2203.76
2204.011
2204.262
2204.513
2204.764
2205.015
2205.266
2205.517
2205.768
2206.019
2206.27
2206.521
2206.772
2207.023
2207.274
2207.52
2207.744
2207.968
2208.192
2208.416
2208.64
2208.864
2209.088
2209.312
2209.536
2209.76
2209.984
2210.208
2210.432
2210.66
2210.859
2211.058
2211.257
2211.456
2211.655
2211.854
2212.053
2212.252
2212.45
2212.983
2213.516
2214.049
2214.582
2215.115
2215.648
2216.181
2216.714
2217.25
2217.648
2218.046
2218.444
2218.842
2219.24
2219.638
2220.033
2220.487
2220.941
2221.395
2221.849
2222.303
2222.757
2223.211
2223.665
2224.119
2224.573
2225.027
2225.48
2225.731
2225.982
2226.233
2226.484
2226.735
2226.986
2227.237
2227.488
2227.739
2227.99
2228.241
2228.492
2228.743
2229.0
2229.403
2229.806
2230.209
2230.612
2231.015
2231.421
2231.92
2232.122
2232.324
2232.526
2232.728
2232.93
2233.132
2233.336
2233.621
2233.906
2234.191
2234.476
2234.761
2235.046
2235.33
2235.572
2235.814
2236.056
2236.298
2236.54
2236.782
2237.024
2237.266
2237.508
2237.75
2237.992
2238.234
2238.47
2238.739
2239.008
2239.277
2239.546
2239.815
2240.084
2240.353
2240.622
2240.891
2241.16
2241.468
2241.776
2242.084
2242.392
2242.7
2243.01
2243.255
2243.5
2243.745
2243.99
2244.235
2244.48
2244.886
2245.292
2245.698
2246.104
2246.51
2246.916
2247.325
2247.574
2247.823
2248.072
2248.321
2248.57
2248.819
2249.07
2249.347
2249.624
2249.901
2250.178
2250.455
2250.732
2251.009
2251.286
2251.563
2251.84
2252.12
2253.015
2253.91
2254.805
2255.7
2256.595
2257.49
2258.21
2260.13
2260.98
2261.83
2262.68
2262.937
2263.194
2263.45
2263.84
2264.23
2264.62
2265.01
2265.4
2265.697
2265.994
2266.291
2266.588
2266.885
2267.182
2267.479
2267.776
2268.07
2268.332
2268.594
2268.856
2269.118
2269.38
2269.642
2269.904
2270.166
2270.428
2270.69
2270.952
2271.214
2271.476
2271.74
2272.195
2272.65
2273.105
2273.56
2274.015
2274.47
2274.925
2275.38
2275.835
2276.29
2276.75
2277.24
2277.73
2278.22
2278.71
2279.2
2279.43
2279.66
2279.89
2280.12
2280.35
2280.58
2280.81
2281.04
2281.27
2281.5
2281.73
2281.96
2282.19
2282.42
2282.636
2282.852
2283.068
2283.284
2283.5
2283.716
2283.93
2284.197
2284.465
2284.733
2285.001
2285.269
2285.536
2285.803
2286.07
2286.338
2286.606
2286.874
2287.14
2287.439
2287.738
2288.037
2288.336
2288.635
2288.934
2289.23
2289.73
2290.086
2290.442
2290.798
2291.154
2291.51
2291.866
2292.222
2292.58
2293.17
2293.37
2293.57
2293.77
2293.97
2294.17
2294.37
2294.57
2294.77
2294.97
2295.169
2295.392
2295.615
2295.838
2296.061
2296.284
2296.507
2296.73
2296.953
2297.176
2297.399
2297.622
2297.85
2298.362
2298.874
2299.386
2299.898
2300.41
2300.92
2301.379
2301.838
2302.297
2302.756
2303.215
2303.674
2304.13
2304.63
2305.32
2306.01
2306.7
2307.39
2307.932
2308.474
2309.017
2309.559
2310.102
2310.644
2311.186
2311.73
2312.23
2312.54
2312.85
2313.16
2313.47
2313.78
2314.09
2314.4
2314.611
2314.822
2315.033
2315.244
2315.455
2315.666
2315.877
2316.088
2316.299
2316.51
2316.721
2316.93
2317.285
2317.64
2317.995
2318.35
2318.705
2319.06
2319.415
2319.77
2320.125
2320.48
2320.83
2322.77
2325.48
2325.72
2325.96
2326.2
2326.44
2326.888
2327.336
2327.784
2328.232
2328.68
2329.13
2329.524
2329.918
2330.312
2330.706
2331.1
2331.494
2331.89
2332.148
2332.406
2332.664
2332.922
2333.18
2333.382
2333.584
2333.786
2333.988
2334.19
2334.392
2334.594
2334.796
2334.998
2335.2
2335.4
2335.726
2336.052
2336.378
2336.704
2337.03
2337.356
2337.682
2338.008
2338.33
2338.994
2339.658
2340.322
2340.986
2341.65
2341.843
2342.036
2342.229
2342.422
2342.615
2342.808
2343.001
2343.194
2343.39
2343.79
2344.19
2344.59
2344.99
2345.39
2346.046
2346.702
2347.358
2348.014
2348.67
2348.998
2349.326
2349.654
2349.982
2350.31
2350.638
2350.966
2351.294
2351.622
2351.95
2352.278
2352.606
2352.934
2353.262
2353.59
2353.751
2353.912
2354.073
2354.234
2354.395
2354.556
2354.717
2354.88
2355.041
2355.202
2355.363
2355.524
2355.685
2355.846
2356.007
2356.168
2356.329
2356.49
2356.651
2356.812
2356.973
2357.134
2357.295
2357.456
2357.61
2358.193
2358.776
2359.359
2359.942
2360.525
2361.108
2361.69
2361.968
2362.246
2362.524
2362.802
2363.08
2363.358
2363.636
2363.914
2364.19
2364.596
2365.002
2365.408
2365.814
2366.22
2366.626
2367.03
2367.244
2367.458
2367.672
2367.886
2368.1
2368.314
2368.528
2368.742
2368.956
2369.17
2369.384
2369.598
2369.812
2370.027
2370.242
2370.457
2370.672
2370.887
2371.102
2371.317
2371.532
2371.747
2371.962
2372.177
2372.392
2372.61
2372.899
2373.188
2373.477
2373.766
2374.055
2374.344
2374.633
2374.922
2375.211
2375.5
2375.79
2376.128
2376.466
2376.804
2377.142
2377.48
2378.112
2378.744
2379.376
2380.008
2380.64
2381.272
2381.904
2382.536
2383.167
2383.926
2384.685
2385.444
2386.203
2386.962
2387.721
2388.477
2389.06
2389.925
2390.79
2391.655
2392.52
2394.247
2394.83
2395.583
2396.336
2397.089
2403.19
2403.599
2404.008
2404.417
2404.826
2405.235
2405.644
2406.054
2406.248
2406.442
2406.636
2406.83
2407.024
2407.22
2407.773
2408.326
2408.879
2409.432
2409.717
2410.002
2410.287
2410.572
2410.857
2411.14
2413.64
2414.265
2414.89
2415.515
2416.14
2416.749
2417.358
2417.967
2418.576
2419.185
2419.794
2420.403
2421.015
2421.64
2422.07
2422.5
2422.93
2423.36
2423.79
2424.22
2424.65
2425.08
2425.51
2426.132
2426.754
2427.376
2427.998
2428.62
2429.242
2429.864
2430.486
2431.11
2431.807
2432.505
2433.203
2433.9
2434.22
2434.54
2434.86
2435.18
2435.5
2435.82
2436.14
2436.462
2436.655
2436.848
2437.04
2437.38
2437.605
2437.83
2438.055
2438.28
2438.506
2438.655
2438.804
2438.953
2439.102
2439.251
2439.4
2439.549
2439.698
2439.847
2440.0
2440.5
2440.796
2441.092
2441.388
2441.684
2441.98
2442.276
2442.572
2442.87
2443.255
2443.64
2444.025
2444.41
2444.795
2445.18
2445.565
2445.95
2446.251
2446.552
2446.853
2447.154
2447.455
2447.756
2448.057
2448.358
2448.659
2448.96
2449.261
2449.562
2449.863
2450.16
2450.66
2451.22
2451.475
2451.73
2451.985
2452.24
2452.495
2452.75
2453.005
2453.26
2453.515
2453.77
2454.025
2454.28
2454.535
2454.79
2455.044
2455.298
2455.552
2455.806
2456.06
2456.314
2456.568
2456.822
2457.076
2457.33
2457.584
2457.838
2458.09
2458.393
2458.696
2458.999
2459.302
2459.605
2459.908
2460.211
2460.514
2460.82
2461.1
2461.38
2461.66
2461.94
2462.22
2462.5
2462.78
2463.06
2463.34
2463.547
2463.754
2463.961
2464.168
2464.375
2464.58
2465.172
2465.764
2466.356
2466.948
2467.54
2468.549
2469.558
2470.567
2471.576
2472.585
2473.594
2474.603
2475.61
2477.04
2478.47
2479.9
2480.387
2480.874
2481.36
2481.746
2482.132
2482.518
2482.904
2483.29
2483.676
2484.062
2484.448
2484.834
2485.22
2485.581
2485.942
2486.303
2486.664
2487.025
2487.386
2487.747
2488.106
2488.325
2488.543
2488.762
2488.98
2489.312
2489.644
2489.976
2490.308
2490.64
2490.972
2491.304
2491.635
2496.144
2496.321
2496.498
2496.675
2496.852
2497.029
2497.206
2497.383
2497.56
2497.917
2498.274
2498.631
2498.988
2499.345
2499.702
2500.06
2500.34
2500.62
2500.9
2501.18
2501.46
2501.74
2502.02
2502.3
2502.582
2502.764
2502.946
2503.128
2503.31
2503.492
2503.674
2503.856
2504.04
2504.952
2505.864
2506.776
2507.688
2508.6
2509.154
2509.708
2510.262
2510.816
2511.37
2511.924
2512.478
2513.03
2513.53
2513.912
2514.294
2514.676
2515.058
2515.44
2515.82
2517.585
2519.35
2521.115
2522.88
2524.645
2526.408
2526.968
2527.528
2528.088
2528.648
2529.208
2529.767
2530.474
2531.181
2531.888
2532.595
2533.302
2534.009
2534.716
2535.423
2536.134
2536.425
2536.716
2537.007
2537.298
2537.589
2537.883
2538.542
2539.201
2539.86
2540.52
2541.724
2542.928
2543.525
2544.122
2544.72
2545.216
2545.712
2546.208
2546.704
2547.2
2547.696
2548.192
2548.688
2549.18
2549.444
2549.708
2549.972
2550.236
2550.501
2550.766
2551.03
2551.294
2551.559
2551.825
2552.027
2552.229
2552.431
2552.633
2552.835
2553.037
2553.239
2553.441
2553.643
2553.845
2554.047
2554.249
2554.45
2554.694
2554.938
2555.182
2555.426
2555.672
2555.953
2556.234
2556.515
2556.796
2557.077
2557.358
2557.64
2557.875
2558.11
2558.345
2558.58
2558.815
2559.05
2559.285
2559.517
2559.827
2560.137
2560.447
2560.757
2561.067
2561.377
2561.689
2562.049
2562.409
2562.769
2563.129
2563.489
2563.849
2564.209
2564.569
2564.93
2565.167
2565.404
2565.641
2565.878
2566.115
2566.35
2566.933
2567.404
2567.875
2568.346
2568.817
2569.288
2569.759
2570.23
2570.701
2571.172
2571.643
2572.114
2572.585
2573.05
2573.419
2573.788
2574.157
2574.526
2574.895
2575.264
2575.631
2576.553
2576.8
2577.047
2577.294
2577.541
2577.788
2578.035
2578.282
2578.532
2582.763
2583.054
2583.345
2583.636
2583.927
2584.218
2584.509
2584.8
2585.091
2585.382
2585.673
2585.964
2586.255
2586.546
2586.837
2587.13
2587.576
2588.022
2588.468
2588.914
2589.36
2589.806
2590.252
2590.7
2591.169
2591.638
2592.107
2592.576
2593.045
2593.514
2593.983
2594.452
2594.921
2595.39
2595.86
2596.312
2596.764
2597.216
2597.668
2598.12
2598.572
2599.024
2599.48
2599.711
2599.942
2600.173
2600.404
2600.635
2600.866
2601.097
2601.328
2601.559
2601.79
2602.021
2602.25
2602.752
2603.254
2603.756
2604.258
2604.76
2605.26
2605.474
2605.688
2605.901
2606.114
2606.327
2606.541
2606.755
2606.968
2607.414
2607.86
2608.306
2608.752
2609.198
2609.644
2610.09
2610.391
2610.692
2610.993
2611.294
2611.595
2611.896
2612.197
2612.498
2612.799
2613.101
2613.336
2613.571
2613.806
2614.041
2614.276
2614.511
2614.746
2614.981
2615.216
2615.451
2615.686
2615.92
2617.889
2618.109
2618.329
2618.549
2618.769
2618.989
2619.209
2619.43
2619.814
2620.198
2620.582
2620.966
2621.35
2621.734
2622.118
2622.502
2622.886
2623.27
2623.654
2624.038
2624.422
2624.805
2625.397
2625.989
2626.581
2627.173
2627.765
2628.357
2628.949
2629.541
2630.13
2630.359
2630.588
2630.817
2631.046
2631.275
2631.504
2631.73
2632.004
2632.278
2632.552
2632.826
2633.1
2633.374
2633.648
2633.922
2634.196
2634.47
2634.744
2635.018
2635.292
2635.572
2635.905
2636.238
2636.571
2636.904
2637.237
2637.57
2637.903
2638.236
2638.569
2638.906
2639.168
2639.43
2639.692
2639.954
2640.216
2640.478
2640.74
2641.002
2641.264
2641.526
2641.788
2642.045
2642.385
2642.726
2643.066
2643.406
2643.746
2644.086
2644.426
2644.766
2645.106
2645.45
2645.682
2645.914
2646.146
2646.378
2646.61
2647.035
2647.46
2647.885
2648.309
2648.892
2649.864
2650.836
2651.808
2652.151
2652.494
2652.837
2653.18
2653.523
2653.866
2654.209
2654.552
2654.895
2655.238
2655.585
2656.012
2656.44
2656.765
2657.09
2657.415
2657.74
2658.065
2658.39
2658.715
2659.04
2659.364
2660.03
2660.274
2660.518
2660.762
2661.006
2661.25
2661.449
2661.648
2661.847
2662.046
2662.245
2662.444
2662.643
2662.842
2663.041
2663.24
2663.44
2663.892
2664.344
2664.796
2665.248
2665.7
2666.152
2666.604
2667.056
2667.51
2667.806
2668.102
2668.398
2668.694
2668.99
2669.286
2669.582
2669.878
2670.174
2670.47
2670.761
2670.948
2671.135
2671.322
2671.509
2671.696
2671.883
2672.07
2672.257
2672.444
2672.635
2673.265
2673.895
2674.526
2675.633
2676.74
2677.39
2678.04
2678.69
2679.34
2679.99
2680.49
2680.698
2680.906
2681.114
2681.322
2681.53
2681.738
2681.946
2682.156
2683.247
2684.337
2685.427
2686.517
2687.608
2688.699
2689.789
2690.88
2691.38
2691.687
2691.994
2692.301
2692.608
2692.915
2693.222
2693.529
2693.836
2694.139
2694.318
2694.497
2694.676
2694.855
2695.034
2695.213
2695.392
2695.571
2695.75
2695.93
2696.282
2696.635
2696.988
2697.34
2697.823
2698.305
2698.787
2699.269
2699.751
2700.234
2700.716
2701.2
2701.542
2701.884
2702.226
2702.568
2702.91
2703.252
2703.594
2703.936
2704.278
2704.62
2704.96
2705.279
2705.598
2705.917
2706.236
2706.555
2706.874
2707.19
2707.829
2708.468
2709.106
2709.745
2710.383
2711.021
2711.66
2712.298
2712.936
2713.575
2714.213
2714.852
2715.015
2715.178
2715.341
2715.504
2715.667
2715.83
2715.993
2716.156
2716.319
2716.482
2716.645
2716.81
2717.022
2717.234
2717.446
2717.658
2717.87
2718.08
2718.557
2719.034
2719.511
2719.988
2720.465
2720.942
2721.42
2722.276
2723.132
2723.988
2724.844
2725.7
2726.556
2727.412
2728.272
2730.065
2731.858
2733.65
2735.222
2736.794
2738.366
2740.383
2742.4
2743.503
2744.606
2745.709
2746.814
2747.038
2747.262
2747.486
2747.71
2747.934
2748.158
2748.382
2748.606
2748.83
2749.054
2749.278
2749.502
2749.726
2749.95
2750.18
2750.503
2750.826
2751.149
2751.472
2751.795
2752.118
2752.441
2752.764
2753.087
2753.41
2754.734
2756.058
2757.382
2758.706
2760.03
2761.354
2762.68
2763.205
2763.73
2764.201
2764.672
2765.143
2765.615
2768.39
2769.42
2769.85
2770.28
2770.71
2771.14
2771.57
2772.0
2772.43
2772.858
2773.496
2774.134
2774.772
2775.41
2776.05
2777.3
2777.862
2778.424
2778.986
2779.548
2780.11
2781.914
2783.718
2785.522
2787.326
2789.13
2790.167
2791.203
2791.473
2791.743
2792.013
2792.283
2792.553
2792.823
2793.09
2793.682
2794.274
2794.867
2795.46
2795.979
2796.498
2797.017
2797.536
2798.055
2798.574
2799.093
2799.61
2800.115
2800.62
2801.125
2801.63
2802.135
2802.64
2803.145
2803.65
2805.82
2806.384
2806.948
2807.512
2808.076
2808.64
2809.204
2809.768
2810.33
2810.745
2811.16
2811.575
2811.99
2812.405
2812.82
2813.235
2813.65
2814.065
2814.48
2814.657
2814.834
2815.011
2815.188
2815.365
2815.542
2815.719
2815.896
2816.073
2816.25
2816.562
2816.874
2817.186
2817.498
2817.81
2818.122
2818.434
2818.746
2819.06
2819.432
2819.804
2820.177
2820.55
2820.923
2821.295
2821.668
2822.04
2822.534
2823.028
2823.522
2824.016
2824.51
2825.004
2825.498
2825.992
2826.486
2826.98
2827.474
2827.968
2828.462
2828.956
2829.45
2829.94
2830.27
2830.6
2830.93
2831.26
2831.59
2831.92
2832.236
2832.552
2832.868
2833.184
2833.5
2833.816
2834.132
2834.448
2834.764
2835.08
2835.396
2835.71
2836.385
2837.06
2837.735
2838.41
2838.695
2838.98
2839.265
2839.55
2839.835
2840.12
2840.405
2840.69
2840.994
2841.298
2841.602
2841.906
2842.21
2842.514
2842.818
2843.122
2843.426
2843.73
2844.16
2844.59
2845.02
2845.45
2845.855
2846.26
2847.391
2848.522
2849.653
2850.784
2851.915
2853.046
2854.177
2855.31
2855.668
2856.026
2856.384
2856.742
2857.1
2857.458
2857.816
2858.174
2858.532
2858.89
2859.248
2859.606
2859.964
2860.322
2860.68
2861.038
2861.396
2861.754
2862.112
2862.47
2862.878
2863.286
2863.694
2864.102
2864.51
2864.918
2865.326
2865.734
2866.142
2866.55
2867.136
2867.722
2868.308
2868.894
2869.48
2870.066
2870.652
2871.238
2871.824
2872.41
2872.768
2873.126
2873.484
2873.842
2874.2
2874.558
2874.916
2875.274
2875.63
2876.11
2876.59
2877.07
2877.55
2878.03
2878.51
2878.99
2879.47
2879.95
2880.43
2880.91
2881.39
2881.87
2882.35
2882.83
2883.31
2883.79
2884.27
2884.494
2884.718
2884.942
2885.166
2885.39
2885.614
2885.838
2886.062
2886.286
2886.51
2886.787
2887.064
2887.341
2887.618
2887.895
2888.172
2888.45
2888.85
2889.25
2889.65
2890.05
2890.45
2890.85
2891.25
2891.742
2892.234
2892.726
2893.218
2893.71
2894.202
2894.694
2895.186
2895.678
2896.17
2896.522
2896.874
2897.226
2897.578
2897.93
2898.282
2898.634
2898.986
2899.338
2899.69
2900.04
2900.54
2900.881
2901.222
2901.563
2901.904
2902.245
2902.586
2902.927
2903.268
2903.609
2903.95
2904.168
2904.386
2904.604
2904.822
2905.04
2905.258
2905.476
2905.694
2905.912
2906.13
2906.348
2906.566
2906.784
2907.0
2907.256
2907.512
2907.768
2908.024
2908.28
2908.536
2908.792
2909.048
2909.3
2909.773
2910.245
2910.717
2911.189
2911.661
2912.133
2912.605
2913.08
2914.203
2915.326
2916.45
2916.877
2917.305
2917.733
2918.16
2918.587
2919.015
2919.443
2919.87
2920.297
2920.725
2921.153
2921.58
2922.035
2922.49
2922.945
2923.4
2923.855
2924.31
2924.765
2925.22
2925.675
2926.13
2926.59
2926.87
2927.15
2927.43
2927.71
2927.99
2928.27
2928.55
2928.83
2929.11
2929.39
2929.67
2930.02
2930.37
2930.72
2931.07
2931.42
2931.77
2932.21
2932.65
2933.09
2933.53
2933.97
2934.41
2934.85
2935.29
2935.73
2936.17
2936.555
2936.94
2937.325
2937.71
2938.095
2938.48
2938.865
2939.25
2939.635
2940.02
2940.912
2941.804
2942.697
2943.59
2943.937
2944.284
2944.631
2944.978
2945.325
2945.672
2946.02
2946.486
2946.952
2947.418
2947.884
2948.35
2948.85
2949.114
2949.378
2949.642
2949.906
2950.17
2950.434
2950.698
2950.962
2951.23
2951.495
2951.76
2952.025
2952.29
2952.555
2952.82
2953.085
2953.35
2953.615
2953.88
2954.145
2954.41
2955.06
2955.71
2956.36
2957.01
2957.66
2958.31
2958.96
2961.06
2963.16
2965.26
2965.633
2966.006
2966.379
2966.752
2967.126
2967.717
2968.308
2968.899
2969.49
2970.081
2970.672
2971.263
2971.854
2972.445
2973.036
2973.63
2973.92
2974.21
2974.5
2974.79
2975.08
2975.37
2975.66
2975.95
2976.24
2976.53
2976.82
2977.11
2977.4
2977.788
2978.176
2978.564
2978.952
2979.34
2979.728
2980.116
2980.504
2980.892
2981.28
2981.67
2982.016
2982.362
2982.708
2983.054
2983.4
2983.746
2984.092
2984.438
2984.78
2985.098
2985.416
2985.734
2986.052
2986.37
2986.688
2987.006
2987.324
2987.642
2987.96
2988.28
2988.615
2988.95
2989.285
2989.62
2989.955
2990.291
2990.79
2991.102
2991.414
2991.726
2992.038
2992.35
2992.662
2992.974
2993.286
2993.598
2993.91
2994.22
2994.434
2994.648
2994.862
2995.076
2995.29
2995.504
2995.718
2995.93
2997.075
2998.22
2999.365
3000.51
3001.655
3002.8
3003.21
3003.62
3004.03
3004.44
3004.85
3005.26
3005.67
3006.106
3006.542
3006.978
3007.414
3007.85
3008.286
3008.722
3009.158
3009.594
3010.03
3010.466
3010.902
3011.338
3011.774
3012.21
3012.646
3013.082
3013.518
3013.954
3014.39
3014.819
3015.248
3015.677
3016.106
3016.535
3016.964
3017.393
3017.822
3018.251
3018.68
3019.109
3019.538
3019.967
3020.396
3020.82
3021.32
3022.176
3023.032
3023.888
3024.744
3025.6
3026.456
3027.312
3028.168
3029.02
3029.838
3030.656
3031.474
3032.292
3033.11
3033.93
3034.568
3035.206
3035.844
3036.482
3037.12
3037.758
3038.396
3039.034
3039.672
3040.31
3040.927
3041.544
3042.161
3042.778
3043.395
3044.012
3044.629
3045.246
3045.863
3046.48
3046.744
3047.008
3047.272
3047.536
3047.8
3048.064
3048.328
3048.592
3048.856
3049.12
3049.433
3049.746
3050.059
3050.372
3050.685
3050.998
3051.31
3051.703
3052.096
3052.489
3052.882
3053.275
3053.67
3054.148
3054.626
3055.104
3055.582
3056.06
3056.538
3057.016
3057.494
3057.972
3058.45
3058.943
3059.436
3059.93
3060.227
3060.524
3060.821
3061.118
3061.415
3061.712
3062.009
3062.306
3062.603
3062.9
3063.197
3063.49
3063.735
3063.98
3064.225
3064.47
3064.715
3064.96
3065.205
3065.447
3065.651
3065.855
3066.059
3066.263
3066.467
3066.671
3066.875
3067.079
3067.28
3067.508
3067.735
3067.963
3068.19
3068.69
3069.024
3069.358
3069.692
3070.026
3070.36
3070.5
3070.64
3070.78
3070.92
3071.06
3071.2
3071.34
3071.48
3071.62
3071.76
3071.9
3072.618
3073.336
3074.054
3074.772
3075.49
3076.208
3076.926
3077.644
3078.362
3079.08
3079.798
3080.516
3081.24
3081.783
3082.326
3082.869
3083.412
3083.955
3084.498
3085.041
3085.584
3086.127
3086.67
3087.21
3087.63
3088.05
3088.47
3088.89
3089.31
3089.73
3090.15
3090.57
3090.99
3091.41
3091.83
3092.25
3092.501
3092.752
3093.003
3093.254
3093.505
3093.756
3094.007
3094.258
3094.509
3094.76
3095.198
3095.636
3096.074
3096.512
3096.95
3097.388
3097.826
3098.264
3098.702
3099.14
3099.575
3100.058
3100.541
3101.024
3101.507
3101.99
3102.473
3102.956
3103.439
3103.922
3104.41
3104.598
3104.786
3104.974
3105.162
3105.35
3105.538
3105.726
3105.914
3106.102
3106.29
3106.478
3106.666
3106.85
3107.283
3107.716
3108.149
3108.582
3109.015
3109.45
3109.849
3110.248
3110.647
3111.046
3111.445
3111.844
3112.243
3112.642
3113.041
3113.44
3113.84
3114.673
3115.506
3116.339
3117.172
3118.005
3118.838
3119.671
3120.17
3120.448
3120.726
3121.004
3121.282
3121.56
3122.111
3122.662
3123.213
3123.764
3124.315
3124.866
3125.42
3125.701
3125.982
3126.263
3126.544
3126.825
3127.106
3127.387
3127.668
3127.949
3128.23
3128.51
3128.81
3129.11
3129.41
3129.925
3130.44
3130.955
3131.47
3131.985
3132.5
3133.015
3133.53
3134.045
3134.56
3135.075
3135.59
3136.09
3136.446
3136.802
3137.158
3137.514
3137.87
3138.226
3138.58
3139.069
3139.558
3140.047
3140.536
3141.025
3141.514
3142.0
3142.162
3142.324
3142.486
3142.648
3142.81
3142.972
3143.134
3143.296
3143.458
3143.62
3143.782
3143.944
3144.11
3144.403
3144.696
3144.989
3145.282
3145.575
3145.868
3146.161
3146.454
3146.747
3147.04
3147.326
3147.612
3147.898
3148.184
3148.47
3148.756
3149.042
3149.328
3149.614
3149.9
3150.186
3150.47
3150.937
3151.404
3151.871
3152.338
3152.805
3153.272
3153.74
3154.032
3154.324
3154.616
3154.908
3155.2
3155.423
3155.646
3155.869
3156.092
3156.315
3156.538
3156.761
3156.984
3157.207
3157.43
3157.65
3158.867
3160.084
3161.3
3161.652
3162.004
3162.356
3162.708
3163.06
3163.412
3163.764
3164.116
3164.47
3164.912
3165.354
3165.796
3166.238
3166.68
3167.12
3168.795
3170.47
3172.145
3173.82
3174.32
3174.766
3175.212
3175.658
3176.104
3176.55
3176.996
3177.442
3177.89
3178.894
3179.898
3180.902
3181.906
3182.911
3183.41
3185.05
3186.691
3187.19
3188.447
3189.704
3190.961
3191.161
3191.361
3191.561
3191.761
3191.961
3192.161
3192.361
3192.561
3192.761
3192.96
3193.305
3193.65
3193.995
3194.34
3194.685
3195.03
3195.375
3195.72
3196.065
3196.41
3196.75
3197.196
3197.642
3198.088
3198.534
3198.98
3199.426
3199.872
3200.32
3200.592
3200.864
3201.136
3201.408
3201.68
3201.952
3202.224
3202.496
3202.768
3203.04
3203.498
3203.956
3204.414
3204.872
3205.33
3205.788
3206.246
3206.704
3207.162
3207.62
3207.972
3208.324
3208.676
3209.028
3209.38
3209.964
3210.548
3211.132
3211.716
3212.3
3212.884
3213.468
3214.052
3214.636
3215.22
3215.8
3216.3
