21.544
21.818
22.092
22.366
22.64
22.914
23.188
23.46
23.956
24.452
24.948
25.444
25.94
26.436
26.932
27.428
27.924
28.42
28.916
29.414
29.65
29.886
30.122
30.358
30.594
30.83
31.09
31.35
31.61
31.87
32.13
32.39
32.78
33.17
33.56
33.95
34.34
34.73
34.887
35.044
35.201
35.36
35.604
35.848
36.092
36.336
36.58
36.824
37.068
37.312
37.556
37.8
38.044
38.288
38.532
38.776
39.02
39.26
39.473
39.686
39.899
40.112
40.325
40.538
40.751
40.964
41.177
41.39
41.6
41.954
42.308
42.662
43.016
43.37
43.724
44.078
44.43
44.617
44.804
44.992
45.179
45.367
45.554
45.742
45.93
46.177
46.424
46.671
46.918
47.165
47.412
47.66
48.058
48.456
48.854
49.252
49.65
49.921
50.192
50.463
50.734
51.005
51.276
51.547
51.818
52.09
52.482
52.874
53.266
53.658
54.05
54.442
54.834
55.226
55.62
55.879
56.138
56.397
56.656
56.915
57.174
57.433
57.692
57.951
58.21
58.47
58.695
58.92
59.145
59.37
59.595
59.82
60.045
60.27
60.495
60.72
61.04
61.36
61.68
62.0
62.32
62.64
62.96
63.262
63.564
63.866
64.168
64.47
64.772
65.074
65.376
65.678
65.98
66.282
66.589
66.797
67.005
67.213
67.421
67.629
67.837
68.045
68.253
68.461
68.669
68.88
69.165
69.451
69.736
70.022
70.308
70.594
70.879
71.164
71.366
71.568
71.77
71.972
72.174
72.376
72.58
72.845
73.11
73.375
73.64
73.905
74.17
74.435
74.7
74.965
75.23
75.5
75.877
76.254
76.631
77.008
77.385
77.762
78.139
78.516
78.893
79.27
79.647
80.02
80.261
80.502
80.743
80.984
81.225
81.466
81.707
81.95
82.237
82.524
82.811
83.098
83.385
83.672
83.959
84.246
84.53
84.79
85.05
85.31
85.57
85.83
86.09
86.35
86.61
86.87
87.13
87.58
88.03
88.48
88.93
89.38
89.83
90.28
90.73
91.18
91.63
92.08
92.53
92.9
93.27
93.452
93.634
93.816
93.998
94.181
94.381
94.581
94.781
94.981
95.18
95.362
95.544
95.726
95.908
96.09
96.336
96.582
96.828
97.074
97.32
97.542
97.764
97.986
98.208
98.43
98.652
98.874
99.096
99.32
99.57
99.82
100.167
100.514
100.861
101.208
101.555
101.902
102.249
102.596
102.94
103.322
103.704
104.086
104.468
104.85
105.23
107.127
109.024
110.922
112.82
115.511
118.202
120.893
123.584
126.275
128.966
131.657
134.348
137.04
137.272
137.504
137.736
137.968
138.2
138.849
139.498
140.147
140.796
141.445
142.094
142.743
143.392
144.041
144.69
145.049
145.408
145.767
146.126
146.485
146.844
147.2
147.572
147.944
148.316
148.688
149.06
149.432
149.804
150.176
150.548
150.92
151.29
151.666
152.042
152.418
152.794
153.17
153.546
153.922
154.298
154.674
155.05
155.43
155.988
156.546
157.104
157.662
158.22
164.49
164.823
165.156
165.489
165.822
166.157
166.379
166.601
166.823
167.045
167.267
167.49
167.995
168.5
169.005
169.51
170.607
171.228
171.849
172.47
173.091
173.712
174.333
174.954
175.575
176.2
176.724
177.248
177.772
178.296
178.82
179.226
179.632
180.038
180.444
180.85
181.435
182.02
183.67
184.337
185.004
185.671
186.338
187.005
187.672
188.34
189.468
190.596
191.724
192.852
193.98
195.11
195.394
195.678
195.962
196.246
196.53
196.814
197.1
197.339
197.578
197.817
198.056
198.295
198.534
198.773
199.012
199.25
199.659
200.068
200.477
200.886
201.295
201.704
202.113
202.522
202.931
203.34
203.749
204.16
205.58
207.0
207.695
208.39
209.085
209.78
210.081
210.382
210.683
210.984
211.285
211.586
211.89
212.11
212.33
212.55
212.77
212.99
213.21
213.43
214.72
216.01
217.3
218.59
219.88
221.17
222.46
223.558
224.656
225.754
226.852
227.95
229.05
230.07
231.09
231.48
231.87
232.261
232.652
233.043
233.434
233.825
234.216
234.607
235.124
235.641
236.158
236.675
237.192
237.709
238.226
238.74
239.545
240.35
241.155
241.96
242.765
243.57
244.375
245.18
245.985
246.79
248.33
250.4
251.192
251.984
252.776
253.568
254.36
255.15
255.888
256.626
257.364
258.102
258.84
259.579
259.879
260.179
260.479
260.779
261.08
261.369
261.658
261.947
262.236
262.525
262.814
263.103
263.349
263.595
263.841
264.087
264.333
264.58
265.73
266.195
266.66
267.125
267.59
268.154
268.718
269.282
269.846
270.41
270.698
270.986
271.274
271.562
271.85
272.138
272.426
272.714
273.002
273.29
273.811
274.332
274.853
275.374
275.895
276.416
276.94
277.32
277.7
278.08
278.46
278.84
279.222
279.465
279.708
279.951
280.194
280.437
280.68
281.06
281.44
281.82
282.2
282.58
282.96
283.34
283.72
283.961
284.202
284.443
284.684
284.925
285.166
285.407
285.65
285.854
286.058
286.262
286.466
286.67
286.874
287.078
287.28
287.44
287.6
287.76
287.92
288.08
288.24
288.402
288.662
288.922
289.182
289.442
289.7
290.072
290.444
290.816
291.188
291.56
291.748
291.936
292.124
292.312
292.5
292.688
292.876
293.064
293.25
293.623
293.996
294.369
294.742
295.115
295.49
295.768
296.046
296.324
296.602
296.88
297.158
297.436
297.714
297.99
298.21
298.43
298.65
298.87
299.09
299.31
299.53
299.75
299.97
300.19
300.41
300.63
300.85
301.07
301.509
301.948
302.387
302.826
303.265
303.704
304.143
304.582
305.021
305.46
305.841
306.222
306.603
306.984
307.365
307.746
308.127
308.51
308.769
309.028
309.287
309.546
309.805
310.064
310.323
310.58
310.926
311.272
311.618
311.964
312.31
312.656
313.002
313.348
313.69
314.086
314.482
314.878
315.274
315.67
316.066
316.462
316.858
317.254
317.65
318.046
318.442
318.838
319.23
319.617
320.004
320.391
320.778
321.165
321.552
321.939
322.326
322.713
323.1
323.487
323.874
324.26
324.462
324.664
324.866
325.068
325.27
325.472
325.674
325.876
326.075
326.714
327.353
327.992
328.631
329.269
329.908
330.547
331.186
331.825
332.46
332.694
332.928
333.162
333.396
333.63
333.864
334.098
334.33
334.507
334.685
334.863
335.04
335.234
335.428
335.622
335.816
336.01
336.204
336.398
336.592
336.79
336.93
337.07
337.21
337.35
337.533
337.716
337.899
338.082
338.265
338.448
338.631
338.814
338.997
339.183
339.397
339.611
339.825
340.04
340.795
341.55
342.305
343.06
343.355
343.65
343.945
344.24
344.535
344.83
345.142
345.454
345.766
346.078
346.39
346.702
347.014
347.326
347.638
347.95
348.262
348.574
348.89
349.363
349.836
350.309
350.782
351.255
351.728
352.201
352.67
352.863
353.056
353.249
353.442
353.635
353.828
354.021
354.214
354.407
354.6
354.793
354.986
355.179
355.372
355.561
356.06
356.733
357.406
358.08
358.544
359.008
359.472
359.936
360.4
360.864
361.328
361.79
362.156
362.522
362.888
363.254
363.62
363.986
364.352
364.718
365.084
365.45
365.816
366.182
366.55
367.23
367.91
368.59
369.27
369.95
370.63
370.848
371.066
371.284
371.502
371.72
371.94
372.27
372.6
372.93
373.26
373.59
374.044
374.498
374.952
375.406
375.86
376.098
376.336
376.574
376.812
377.05
377.288
377.526
377.764
378.002
378.24
378.478
378.71
379.104
379.498
379.892
380.286
380.68
381.074
381.468
381.86
382.388
382.916
383.444
383.972
384.5
385.028
385.556
386.084
386.61
386.899
387.188
387.477
387.766
388.055
388.344
388.63
389.011
389.392
389.773
390.154
390.535
390.916
391.297
391.678
392.059
392.44
392.821
393.2
393.483
393.766
394.049
394.332
394.615
394.9
395.411
395.922
396.433
396.944
397.455
397.966
398.48
398.833
399.186
399.539
399.892
400.245
400.598
400.95
401.278
401.606
401.934
402.262
402.59
402.918
403.246
403.574
403.9
404.259
404.618
404.977
405.336
405.695
406.054
406.413
406.772
407.131
407.49
408.092
408.694
409.296
409.898
410.5
411.102
411.704
412.306
412.908
413.51
414.112
414.714
415.31
415.775
416.24
416.44
416.64
416.84
417.04
417.24
417.508
417.776
418.044
418.312
418.58
419.272
419.964
420.656
421.35
421.538
421.726
421.913
422.101
422.288
422.476
422.663
422.85
423.5
424.15
424.8
425.45
426.1
426.75
427.314
427.878
428.442
429.006
429.532
430.058
430.584
431.11
431.636
432.16
432.505
432.85
433.195
433.54
433.885
434.23
434.575
434.92
435.265
435.61
435.95
436.364
436.778
437.192
437.606
438.02
438.434
438.848
439.26
439.451
439.642
439.833
440.024
440.215
440.406
440.597
440.788
440.979
441.17
441.361
441.552
441.743
441.93
442.333
442.736
443.139
443.542
443.945
444.348
444.75
445.01
445.27
445.53
445.79
446.05
446.31
446.57
446.83
447.09
447.602
448.114
448.626
449.138
449.648
450.703
451.758
452.812
453.52
454.09
454.66
455.23
455.8
456.85
459.11
459.395
459.68
459.965
460.25
460.535
460.82
461.105
461.39
461.675
461.96
462.39
462.82
463.25
463.68
464.11
464.54
464.97
465.4
465.83
466.955
467.224
467.493
467.762
468.031
468.3
469.535
470.77
472.005
473.24
473.55
473.86
474.17
474.48
474.79
475.1
475.41
475.702
475.994
476.286
476.578
476.87
477.16
477.403
477.646
477.889
478.132
478.375
478.618
478.861
479.104
479.35
480.81
482.27
482.602
482.934
483.266
483.598
483.932
484.345
484.758
485.171
485.584
485.997
486.41
486.824
487.559
488.294
489.029
489.764
490.5
490.749
490.998
491.247
491.496
491.745
491.994
492.243
492.49
492.992
493.494
493.996
494.498
495.0
495.502
496.004
496.506
497.008
497.51
498.012
498.51
498.884
499.258
499.632
500.006
500.38
500.754
501.128
501.502
501.876
502.25
502.444
502.638
502.832
503.026
503.22
503.414
503.61
503.903
504.196
504.489
504.782
505.075
505.368
505.66
506.15
506.64
507.13
507.62
508.11
508.6
509.09
509.58
509.864
510.148
510.432
510.716
511.0
511.284
511.568
511.852
512.136
512.419
512.631
512.843
513.055
513.267
513.479
513.691
513.903
514.115
514.327
514.537
514.926
515.315
515.704
516.093
516.482
516.872
517.08
517.288
517.496
517.704
517.912
518.12
518.328
518.536
518.74
519.142
519.544
519.946
520.348
520.75
521.152
521.554
521.954
522.216
522.478
522.74
523.002
523.264
523.526
523.788
524.049
524.544
525.039
525.534
526.029
526.524
527.019
527.514
528.009
528.238
528.467
528.696
528.925
529.154
529.383
529.612
529.841
530.07
530.3
530.69
530.985
531.28
531.446
531.612
531.778
531.944
532.11
532.274
532.489
532.704
532.919
533.134
533.349
533.564
533.779
533.994
534.209
534.424
534.639
534.857
535.317
535.778
536.239
536.7
537.161
537.62
537.862
538.104
538.346
538.588
538.83
539.072
539.314
539.556
539.798
540.04
540.282
540.53
541.171
541.812
542.453
543.094
543.735
544.376
545.02
545.61
546.2
546.79
547.38
547.97
548.56
549.15
549.727
550.304
550.881
551.458
552.035
552.61
555.37
558.13
560.89
561.665
562.44
562.71
562.98
563.25
563.52
563.79
564.06
564.33
564.6
564.87
565.14
565.41
565.68
565.95
566.22
566.475
566.73
566.985
567.24
567.495
567.75
568.005
568.26
568.515
568.77
569.658
570.546
571.434
572.322
573.21
574.098
574.986
575.874
576.76
576.971
577.182
577.393
577.604
577.815
578.026
578.237
578.448
578.66
578.964
579.268
579.572
579.876
580.18
580.484
580.788
581.092
581.396
581.7
581.934
582.168
582.402
582.636
582.87
583.104
583.338
583.572
583.806
584.04
584.271
584.602
584.933
585.264
585.595
585.926
586.257
586.588
586.92
587.182
587.444
587.706
587.968
588.23
588.492
588.755
589.186
589.617
590.048
590.479
590.91
591.341
591.772
592.203
592.635
592.841
593.047
593.253
593.459
593.665
593.871
594.077
594.283
594.49
594.785
595.08
595.375
595.67
595.965
596.26
596.555
596.85
597.056
597.262
597.468
597.674
597.88
598.086
598.292
598.5
598.774
599.048
599.322
599.596
599.87
600.144
600.416
600.718
601.02
601.322
601.624
601.926
602.228
602.53
603.043
603.556
604.069
604.582
605.095
605.608
606.12
606.415
606.71
607.005
607.3
607.595
607.89
608.185
608.48
608.775
609.07
609.37
609.763
610.156
610.548
610.94
611.14
611.34
611.54
611.74
611.94
612.14
612.34
612.54
612.74
612.957
613.174
613.391
613.608
613.825
614.042
614.259
614.476
614.697
615.65
616.603
617.557
617.844
618.131
618.418
618.705
618.992
619.279
619.566
619.853
620.14
620.33
620.52
620.71
620.9
621.09
621.28
621.684
622.088
622.492
622.896
623.3
623.704
624.108
624.514
625.18
625.426
625.672
625.918
626.164
626.41
626.656
626.902
627.15
629.97
630.23
630.49
630.75
631.01
631.27
631.53
631.791
631.978
632.165
632.352
632.539
632.726
632.913
633.1
633.287
633.474
633.661
633.848
634.04
634.332
634.625
634.918
635.211
635.504
635.797
636.09
636.38
636.744
637.108
637.472
637.836
638.2
638.564
638.928
639.292
639.656
640.02
640.384
640.744
641.073
641.402
641.732
642.062
642.391
642.72
643.05
643.38
643.824
644.268
644.712
645.156
645.6
646.044
646.491
646.783
647.075
647.367
647.659
647.951
648.24
648.914
649.588
650.262
650.936
651.61
652.168
652.726
653.284
653.842
654.4
654.96
655.532
656.104
656.676
657.248
657.82
658.39
661.33
661.575
661.82
662.065
662.31
662.555
662.8
663.127
663.454
663.781
664.108
664.435
664.762
665.089
665.416
665.74
666.009
666.278
666.547
666.816
667.085
667.354
667.62
667.996
668.372
668.748
669.124
669.5
669.782
670.063
670.344
670.626
670.826
671.026
671.226
671.426
671.626
671.826
672.026
672.226
672.426
672.626
672.962
673.298
673.634
673.97
674.306
674.642
674.978
675.312
678.357
678.724
679.091
679.458
679.825
680.19
680.65
681.11
681.57
681.776
681.982
682.188
682.394
682.6
682.806
683.012
683.218
683.424
683.63
683.836
684.042
684.25
684.946
685.642
686.338
687.034
687.73
688.038
688.346
688.654
688.962
689.27
689.578
689.886
690.194
690.502
690.81
691.123
691.436
691.749
692.062
692.375
692.688
693.001
693.314
693.627
693.94
694.25
694.7
695.15
695.6
696.05
696.5
696.95
697.1
697.25
697.4
697.55
697.7
697.984
698.268
698.552
698.836
699.12
699.404
699.688
699.972
700.256
700.54
700.824
701.11
701.473
701.836
702.199
702.561
702.977
703.393
703.81
704.434
705.058
705.682
706.306
706.93
707.215
707.5
707.785
708.07
708.355
708.64
708.925
709.21
709.495
709.78
710.48
711.686
712.892
714.098
715.304
716.51
716.83
717.15
717.47
717.79
718.11
718.43
718.75
719.07
719.39
719.71
720.6
720.849
721.098
721.347
721.596
721.845
722.094
722.343
722.592
722.841
723.092
727.12
727.602
728.084
728.566
729.048
729.53
730.012
730.494
730.98
731.382
731.784
732.186
732.588
732.99
733.375
733.76
734.145
734.53
734.915
735.3
735.685
736.07
736.455
736.84
737.225
737.61
737.99
738.283
738.576
738.869
739.162
739.455
739.748
740.04
740.413
740.786
741.159
741.532
741.905
742.278
742.651
743.024
743.397
743.77
744.143
744.52
744.984
745.448
745.912
746.376
746.84
747.304
747.768
748.232
748.696
749.16
749.624
750.088
750.552
751.01
751.257
751.504
751.751
751.998
752.245
752.492
752.739
752.986
753.23
753.457
753.684
753.911
754.138
754.365
754.592
754.819
755.046
755.275
755.45
755.625
755.8
755.975
756.15
756.404
756.658
756.912
757.166
757.42
757.674
757.93
758.373
758.816
759.26
759.995
760.73
761.465
762.2
762.935
763.67
764.405
765.14
765.752
766.364
766.977
767.194
767.411
767.628
767.845
768.06
768.487
768.914
769.341
769.77
770.668
771.566
772.464
773.362
774.26
775.16
775.369
775.578
775.787
775.996
776.205
776.414
776.623
776.832
777.041
777.25
778.0
778.223
778.446
778.669
778.892
779.115
779.338
779.561
779.784
780.007
780.23
780.543
780.856
781.168
781.481
781.793
782.106
782.418
782.73
783.023
783.316
783.61
783.952
784.294
784.636
784.98
785.434
785.888
786.342
786.796
787.25
787.704
788.158
788.612
789.066
789.52
789.97
790.412
790.854
791.296
791.738
792.18
792.62
792.923
793.226
793.529
793.832
794.135
794.44
794.688
794.936
795.184
795.432
795.68
795.928
796.176
796.424
796.672
796.92
797.17
797.524
797.878
798.232
798.586
798.94
799.294
799.648
800.0
800.233
800.466
800.7
800.894
801.088
801.282
801.476
801.67
801.864
802.058
802.25
802.522
802.794
803.066
803.338
803.61
803.882
804.154
804.426
804.698
804.97
805.24
805.483
805.726
805.969
806.212
806.455
806.698
806.941
807.184
807.427
807.67
807.91
808.145
808.38
808.615
808.85
809.085
809.32
809.69
810.06
810.43
810.8
811.336
811.872
812.408
812.944
813.48
814.016
814.552
815.09
815.417
815.744
816.071
816.398
816.725
817.052
817.38
817.692
818.005
818.317
818.63
818.942
819.255
819.567
819.88
820.074
820.268
820.462
820.656
820.85
821.044
821.238
821.432
821.63
822.177
822.724
823.271
823.818
824.365
824.91
825.669
826.428
827.187
827.946
828.705
829.464
830.223
830.982
831.74
832.19
832.64
833.09
833.54
833.99
834.44
834.89
835.138
835.386
835.634
835.882
836.13
836.378
836.626
836.874
837.12
839.257
841.394
843.532
845.67
846.601
847.532
848.463
849.394
850.325
851.256
852.187
853.12
853.47
853.82
854.17
854.52
854.87
855.114
855.358
855.602
855.846
856.09
856.334
856.578
856.822
857.066
857.31
857.55
857.988
858.426
858.864
859.302
859.74
860.72
860.949
861.178
861.407
861.636
861.865
862.094
862.32
862.508
862.696
862.884
863.07
863.327
863.584
863.84
864.268
864.696
865.124
865.552
865.98
866.41
866.637
866.864
867.091
867.318
867.545
867.772
867.999
868.226
868.453
868.676
869.176
869.676
870.176
870.676
871.176
871.676
872.176
872.676
873.18
873.381
873.582
873.783
873.984
874.187
874.368
874.549
874.729
874.909
875.09
875.27
875.474
875.678
875.882
876.086
876.29
876.492
876.694
876.896
877.098
877.3
877.502
877.704
877.91
878.084
878.258
878.432
878.606
878.78
879.764
880.748
881.732
882.716
883.7
884.684
885.668
886.652
887.636
888.62
888.889
889.158
889.426
892.238
895.05
895.256
895.462
895.668
895.874
896.08
896.286
896.492
896.698
896.904
897.11
897.301
897.492
897.683
897.874
898.065
898.256
898.447
898.638
898.83
899.717
900.604
901.491
902.378
903.265
904.152
905.039
905.926
906.813
907.7
908.116
908.532
908.948
909.364
909.78
910.196
910.612
911.028
911.444
911.86
912.276
912.692
913.112
913.308
913.504
913.7
913.896
914.092
914.288
914.484
914.68
914.876
915.07
915.298
915.526
915.754
915.982
916.21
916.433
916.656
916.879
917.102
917.325
917.548
917.77
918.08
918.39
918.7
919.01
919.32
919.833
920.346
920.859
921.372
921.885
922.398
922.911
923.424
923.94
924.208
924.476
924.744
925.012
925.28
925.684
926.088
926.492
926.896
927.3
927.704
928.11
928.31
928.51
928.71
928.91
929.11
929.31
929.51
929.83
930.15
930.47
930.79
931.11
931.519
931.928
932.337
932.746
933.155
933.564
933.97
934.443
934.916
935.389
935.862
936.335
936.808
937.281
937.754
938.23
939.072
939.914
940.756
941.598
942.44
943.28
943.806
944.332
944.858
945.384
945.91
946.436
946.962
947.49
947.728
947.966
948.204
948.442
948.68
948.918
949.156
949.394
949.632
949.87
950.11
950.445
950.78
951.115
951.45
951.785
952.12
952.455
952.79
953.125
953.46
953.692
953.924
954.156
954.388
954.62
954.852
955.084
955.319
956.884
958.449
960.014
961.58
961.791
962.002
962.213
962.424
962.635
962.844
963.046
963.248
963.45
963.652
963.854
964.056
964.26
964.659
965.058
965.457
965.856
966.255
966.654
967.053
967.452
967.851
968.25
968.65
968.907
969.164
969.421
969.678
969.935
970.192
970.449
970.706
970.963
971.22
971.763
972.306
972.849
973.39
973.589
973.788
973.987
974.186
974.385
974.584
974.783
974.982
975.18
975.484
975.788
976.092
976.396
976.7
977.004
977.308
977.612
977.916
978.22
979.49
980.76
981.131
981.502
981.873
982.244
982.615
982.986
983.357
983.728
984.1
984.325
984.55
984.775
985.0
985.225
985.45
985.675
985.9
986.125
986.35
986.575
986.8
986.967
987.134
987.3
987.547
987.794
988.041
988.288
988.535
988.782
989.029
989.276
989.523
989.77
990.017
990.262
990.795
991.328
991.861
992.394
992.928
993.462
993.995
994.53
994.944
995.358
995.772
996.186
996.6
997.014
997.428
997.842
998.256
998.67
999.173
999.676
1000.18
1001.083
1001.986
1002.889
1003.792
1004.695
1005.598
1006.501
1007.404
1008.307
1009.21
1010.113
1011.014
1011.425
1011.836
1012.246
1012.87
1017.41
1017.746
1018.082
1018.418
1018.754
1019.09
1019.426
1019.762
1020.1
1020.455
1020.81
1021.165
1021.52
1021.875
1022.23
1022.585
1022.94
1023.295
1023.65
1024.005
1024.361
1025.624
1026.887
1028.15
1029.413
1030.676
1031.939
1033.202
1034.462
1035.691
1036.92
1037.568
1038.216
1038.863
1039.51
1039.932
1040.354
1040.776
1041.109
1041.442
1041.776
1042.001
1042.226
1042.451
1042.676
1042.901
1043.126
1043.349
1043.922
1044.495
1045.068
1045.64
1046.743
1047.846
1048.949
1050.052
1051.155
1052.258
1053.361
1054.464
1055.567
1056.67
1057.778
1058.989
1060.2
1060.931
1061.662
1062.393
1063.124
1063.855
1064.586
1065.317
1066.048
1066.779
1067.51
1068.24
1068.503
1068.765
1069.028
1069.291
1069.553
1069.816
1070.079
1070.34
1070.71
1071.08
1071.45
1071.82
1072.19
1072.56
1072.93
1073.3
1074.228
1075.156
1076.084
1077.012
1077.94
1078.87
1079.089
1079.308
1079.527
1079.746
1079.965
1080.184
1080.403
1080.623
1081.492
1082.361
1083.23
1084.099
1084.97
1086.593
1087.055
1087.517
1087.98
1088.491
1089.002
1089.372
1089.742
1090.112
1090.482
1090.85
1091.75
1092.65
1093.55
1094.451
1096.84
1097.313
1097.786
1098.259
1098.732
1099.205
1099.68
1100.338
1100.996
1101.654
1102.312
1102.97
1103.63
1103.832
1104.034
1104.236
1104.438
1104.64
1104.842
1105.044
1105.246
1105.448
1105.646
1106.845
1107.084
1107.323
1107.562
1107.801
1108.04
1108.279
1108.518
1108.757
1108.996
1109.235
1109.47
1109.887
1110.304
1110.72
1111.242
1111.764
1112.286
1112.808
1113.33
1113.852
1114.374
1114.896
1115.418
1115.94
1116.462
1116.98
1119.578
1122.176
1124.774
1127.372
1129.97
1130.221
1130.472
1130.723
1130.974
1131.225
1131.476
1131.727
1131.978
1132.226
1132.422
1132.618
1132.814
1133.01
1133.206
1133.402
1133.6
1133.866
1134.132
1134.398
1134.664
1134.929
1135.137
1135.345
1135.553
1135.761
1135.969
1136.177
1136.385
1136.593
1136.801
1137.009
1137.22
1137.528
1137.836
1138.144
1138.452
1138.76
1139.132
1139.504
1139.876
1140.248
1140.62
1140.992
1141.364
1141.736
1142.108
1142.48
1142.87
1143.26
1143.65
1144.04
1144.43
1144.82
1145.21
1145.6
1145.99
1146.305
1146.62
1146.935
1147.25
1147.565
1147.88
1148.195
1148.51
1148.825
1149.14
1149.45
1149.848
1150.245
1150.642
1151.04
1151.438
1151.836
1152.234
1152.63
1153.146
1153.662
1154.178
1154.694
1155.21
1155.726
1156.242
1156.758
1157.274
1157.79
1158.306
1158.82
1159.27
1159.72
1160.17
1160.62
1161.07
1161.52
1161.97
1162.42
1162.923
1163.426
1163.929
1164.432
1164.935
1165.44
1165.809
1166.178
1166.547
1166.916
1167.285
1167.654
1168.023
1168.392
1168.76
1169.25
1169.74
1170.23
1170.72
1171.053
1171.386
1171.718
1172.051
1172.383
1172.716
1173.048
1173.38
1173.8
1174.22
1174.64
1175.06
1175.336
1175.612
1175.888
1176.164
1176.44
1176.78
1177.12
1177.46
1177.8
1178.14
1178.48
1179.03
1179.257
1179.484
1179.711
1179.938
1180.165
1180.392
1180.62
1180.877
1181.134
1181.391
1181.648
1181.905
1182.162
1182.42
1182.929
1183.438
1183.947
1184.456
1184.965
1185.474
1185.983
1186.49
1187.265
1188.04
1188.815
1189.589
1189.849
1190.109
1190.369
1190.63
1192.7
1194.77
1196.158
1197.546
1198.934
1200.322
1201.71
1203.098
1204.486
1205.874
1207.262
1208.65
1210.037
1210.235
1210.433
1210.631
1210.829
1211.027
1211.225
1211.423
1211.62
1212.113
1212.606
1213.099
1213.592
1214.085
1214.578
1215.071
1215.564
1216.057
1216.55
1217.04
1217.274
1217.508
1217.742
1217.976
1218.21
1218.444
1218.678
1218.91
1219.874
1220.838
1221.802
1222.766
1223.73
1224.694
1225.658
1226.62
1226.901
1227.182
1227.463
1227.744
1228.025
1228.306
1228.587
1228.868
1229.15
1230.699
1232.248
1233.797
1235.346
1236.895
1238.444
1239.993
1241.542
1243.091
1244.64
1246.214
1247.788
1249.362
1250.936
1252.51
1254.084
1255.66
1256.003
1256.346
1256.689
1257.032
1257.375
1257.72
1258.116
1258.512
1258.908
1259.304
1259.7
1260.024
1260.348
1260.672
1260.996
1261.32
1261.65
1261.98
1262.31
1262.64
1262.97
1263.3
1263.63
1263.957
1264.147
1264.337
1264.527
1264.717
1264.907
1265.097
1265.29
1265.662
1266.034
1266.406
1266.778
1267.15
1267.52
1267.871
1268.222
1268.573
1268.924
1269.275
1269.626
1269.977
1270.33
1270.603
1270.876
1271.149
1271.422
1271.695
1271.968
1272.24
1272.486
1272.732
1272.978
1273.224
1273.47
1273.716
1273.962
1274.208
1274.454
1274.7
1274.95
1275.41
1275.87
1276.33
1276.958
1277.586
1278.214
1278.842
1279.47
1280.098
1280.726
1281.357
1281.565
1281.773
1281.981
1282.19
1282.513
1282.836
1283.159
1283.482
1283.805
1284.128
1284.451
1284.774
1285.097
1285.42
1285.633
1285.846
1286.059
1286.272
1286.485
1286.7
1287.38
1288.06
1288.74
1289.42
1290.1
1290.75
1291.4
1292.05
1292.7
1292.962
1293.224
1293.486
1293.748
1294.01
1294.51
1294.728
1294.946
1295.164
1295.382
1295.6
1295.818
1296.036
1296.254
1296.472
1296.691
1296.899
1297.107
1297.315
1297.523
1297.731
1297.939
1298.147
1298.355
1298.563
1298.771
1298.979
1299.19
1299.546
1299.902
1300.258
1300.614
1300.97
1301.385
1301.8
1302.215
1302.63
1303.045
1303.46
1303.875
1304.29
1304.705
1305.12
1305.535
1305.95
1306.2
1306.45
1306.7
1306.95
1307.2
1307.45
1307.94
1308.43
1308.92
1309.41
1309.9
1310.39
1310.88
1311.101
1311.322
1311.543
1311.764
1311.985
1312.206
1312.427
1312.648
1312.869
1313.09
1313.31
1313.666
1314.022
1314.379
1314.565
1314.751
1314.937
1315.123
1315.309
1315.495
1315.681
1315.867
1316.053
1316.239
1316.42
1316.668
1316.915
1317.162
1317.41
1317.709
1318.008
1318.307
1318.606
1318.905
1319.204
1319.503
1319.8
1320.062
1320.324
1320.586
1320.848
1321.11
1321.372
1321.634
1321.896
1322.16
1322.391
1322.622
1322.853
1323.084
1323.315
1323.546
1323.78
1324.044
1324.308
1324.572
1324.836
1325.1
1325.364
1325.63
1326.025
1326.42
1327.243
1328.066
1328.89
1329.353
1329.816
1330.279
1330.742
1331.205
1331.668
1332.131
1332.594
1333.055
1333.402
1333.749
1334.096
1334.443
1334.79
1335.137
1335.484
1335.831
1336.178
1336.525
1336.872
1337.22
1337.799
1338.378
1338.957
1339.536
1340.115
1340.694
1341.273
1341.85
1342.17
1342.49
1342.81
1343.13
1343.45
1343.77
1344.09
1344.41
1344.73
1345.545
1346.36
1347.175
1347.99
1348.805
1349.619
1350.175
1350.731
1351.287
1351.843
1352.399
1352.955
1353.511
1354.067
1354.62
1355.003
1355.385
1355.767
1356.15
1356.445
1356.74
1357.035
1357.33
1357.625
1357.92
1358.215
1358.51
1358.805
1359.1
1359.395
1359.69
1359.989
1360.147
1360.305
1360.463
1360.621
1360.78
1361.125
1361.47
1361.815
1362.16
1362.505
1362.85
1363.195
1363.54
1366.503
1369.466
1372.43
1372.704
1372.978
1373.252
1373.526
1373.8
1374.074
1374.348
1374.621
1374.871
1375.121
1375.371
1375.621
1375.871
1376.121
1376.37
1376.682
1376.994
1377.306
1377.618
1377.93
1378.242
1378.554
1378.866
1379.178
1379.49
1379.802
1380.114
1380.42
1380.928
1381.436
1381.944
1382.452
1382.96
1383.468
1383.976
1384.484
1384.992
1385.5
1387.658
1388.63
1389.602
1390.574
1391.546
1392.518
1393.488
1393.795
1394.102
1394.409
1394.716
1395.023
1395.33
1395.637
1395.944
1396.251
1396.558
1396.865
1397.17
1397.605
1398.04
1398.475
1398.91
1399.345
1400.22
1401.552
1401.903
1402.254
1402.605
1402.956
1403.307
1403.658
1404.009
1404.36
1404.71
1405.89
1406.154
1406.418
1406.682
1406.946
1407.21
1407.474
1407.738
1408.002
1408.266
1408.53
1408.794
1409.06
1409.346
1409.632
1409.918
1410.204
1410.49
1410.714
1410.938
1411.162
1411.386
1411.61
1411.834
1412.058
1412.282
1412.506
1412.73
1412.954
1413.178
1413.402
1413.62
1413.979
1414.338
1414.697
1415.056
1415.415
1415.774
1416.133
1416.492
1416.851
1417.21
1417.456
1417.702
1417.948
1418.194
1418.44
1418.686
1418.932
1419.178
1419.424
1419.67
1419.916
1420.162
1420.41
1420.602
1420.794
1420.986
1421.178
1421.37
1421.562
1421.754
1421.946
1422.138
1422.33
1422.522
1422.71
1423.06
1423.41
1423.76
1424.11
1424.46
1424.96
1426.007
1427.054
1428.101
1429.148
1430.195
1431.242
1432.289
1433.336
1434.383
1435.43
1436.477
1437.524
1438.57
1438.845
1439.12
1439.395
1439.67
1439.945
1440.22
1440.495
1440.77
1441.045
1441.32
1441.595
1441.87
1442.14
1442.76
1443.165
1443.57
1443.975
1444.38
1444.785
1445.19
1445.596
1445.97
1446.344
1446.718
1447.093
1447.759
1448.425
1449.091
1449.757
1450.423
1451.09
1451.349
1451.608
1451.867
1452.126
1452.385
1452.644
1452.903
1453.162
1453.421
1453.68
1454.067
1454.454
1454.84
1455.655
1456.47
1457.285
1458.1
1458.915
1459.111
1459.307
1459.503
1459.699
1459.895
1460.091
1460.29
1460.533
1460.776
1461.019
1461.262
1461.505
1461.748
1461.992
1462.299
1462.606
1462.913
1463.22
1463.527
1463.834
1464.141
1464.45
1464.867
1465.283
1465.682
1466.082
1466.482
1466.881
1467.281
1467.68
1467.885
1468.09
1468.295
1468.5
1468.705
1468.91
1469.115
1469.32
1469.522
1469.768
1470.014
1470.26
1470.506
1470.752
1470.998
1471.244
1471.49
1471.736
1471.98
1473.117
1473.284
1473.451
1473.618
1473.785
1473.952
1474.119
1474.286
1474.453
1474.62
1474.787
1474.954
1475.117
1475.529
1475.941
1476.353
1476.765
1477.177
1477.589
1478.001
1478.413
1478.825
1479.237
1479.65
1479.979
1480.308
1480.637
1480.966
1481.295
1481.624
1481.953
1482.282
1482.611
1482.94
1483.652
1484.364
1485.076
1485.787
1486.049
1486.311
1486.573
1486.835
1487.097
1487.359
1487.62
1488.53
1488.787
1489.044
1489.301
1489.558
1489.815
1490.071
1490.341
1490.611
1490.881
1491.151
1491.421
1491.691
1491.961
1492.231
1492.501
1492.771
1493.041
1493.311
1493.581
1493.85
1494.13
1494.41
1494.69
1495.007
1495.324
1495.641
1495.958
1496.275
1496.592
1498.033
1499.474
1500.915
1502.356
1503.797
1505.238
1506.679
1508.117
1508.422
1508.727
1509.033
1509.338
1509.643
1509.95
1510.508
1511.066
1511.624
1512.182
1512.74
1513.298
1513.856
1514.41
1515.142
1515.874
1516.606
1517.338
1518.07
1518.802
1519.534
1520.267
1520.672
1521.077
1521.482
1521.887
1522.292
1522.697
1523.105
1523.401
1523.697
1523.993
1524.289
1524.585
1524.88
1525.255
1525.63
1526.005
1526.38
1526.886
1527.392
1527.898
1528.404
1528.91
1529.184
1529.458
1529.732
1530.006
1530.28
1530.554
1530.83
1531.023
1531.216
1531.409
1531.602
1531.795
1531.988
1532.181
1532.374
1532.57
1532.857
1533.144
1533.431
1533.718
1534.005
1534.29
1534.866
1535.442
1536.018
1536.594
1537.17
1537.746
1538.32
1538.688
1539.056
1539.424
1539.792
1540.16
1540.638
1541.115
1541.592
1542.07
1543.246
1544.422
1545.598
1546.774
1547.95
1549.126
1550.302
1551.478
1552.654
1553.83
1554.617
1555.404
1556.191
1556.978
1557.765
1558.552
1559.339
1560.126
1560.91
1561.374
1561.838
1562.302
1562.766
1563.23
1563.694
1564.158
1564.622
1565.086
1565.55
1566.01
1566.33
1566.65
1566.97
1567.303
1567.636
1567.97
1568.366
1568.762
1569.158
1569.554
1569.95
1570.346
1570.74
1571.074
1571.408
1571.742
1572.076
1572.41
1572.744
1573.08
1573.36
1573.64
1573.92
1574.2
1574.48
1574.76
1575.04
1575.99
1576.296
1576.602
1576.908
1577.214
1577.52
1578.395
1579.27
1580.033
1580.795
1581.558
1582.321
1583.083
1583.846
1584.609
1585.37
1587.295
1589.22
1589.502
1589.784
1590.066
1590.348
1590.63
1590.912
1591.194
1591.476
1591.758
1592.04
1592.322
1592.6
1593.337
1594.074
1594.811
1595.548
1596.285
1597.022
1597.759
1598.496
1599.233
1599.97
1600.707
1601.446
1601.697
1601.948
1602.2
1604.421
1604.92
1605.42
1607.294
1607.73
1608.166
1608.601
1609.037
1609.473
1609.907
1612.303
1614.7
1615.655
1616.61
1617.565
1618.52
1618.94
1619.36
1619.78
1620.2
1620.62
1621.04
1621.312
1621.584
1621.856
1622.128
1622.4
1622.67
1623.268
1623.866
1624.464
1625.062
1625.66
1625.863
1626.066
1626.269
1626.472
1626.675
1626.878
1627.081
1627.284
1627.487
1627.687
1627.845
1628.003
1628.161
1628.319
1628.477
1628.635
1628.793
1628.951
1629.109
1629.27
1629.514
1629.758
1630.002
1630.246
1630.49
1630.734
1630.978
1631.222
1631.466
1631.709
1631.979
1632.25
1632.523
1632.796
1633.069
1633.342
1633.615
1633.888
1634.161
1634.434
1634.708
1634.931
1635.154
1635.377
1635.6
1636.045
1636.49
1636.935
1637.38
1637.517
1637.654
1637.791
1637.928
1638.065
1638.202
1638.339
1638.476
1638.61
1639.047
1639.484
1639.92
1642.8
1643.124
1643.448
1643.772
1644.096
1644.42
1644.744
1645.07
1645.255
1645.44
1645.625
1645.81
1645.995
1646.18
1646.365
1646.55
1646.735
1646.92
1647.105
1647.29
1647.475
1647.66
1648.337
1649.014
1649.691
1650.368
1651.045
1651.722
1652.399
1653.077
1653.31
1653.543
1653.776
1654.009
1654.242
1654.475
1654.708
1654.941
1655.174
1655.41
1655.885
1656.36
1656.835
1657.31
1657.785
1658.26
1658.735
1659.21
1659.685
1660.161
1660.343
1660.525
1660.707
1660.889
1661.071
1661.253
1661.435
1661.617
1661.799
1661.981
1662.16
1663.324
1664.488
1665.652
1666.816
1667.981
1668.472
1668.963
1669.454
1669.945
1670.334
1670.723
1671.112
1671.501
1671.89
1672.252
1672.614
1672.976
1673.338
1673.7
1674.284
1674.868
1675.452
1676.035
1676.476
1676.917
1677.358
1677.8
1679.612
1681.424
1683.236
1683.6
1683.963
1684.326
1684.69
1684.895
1685.1
1685.305
1685.51
1685.722
1685.934
1686.146
1686.36
1686.59
1686.82
1687.05
1687.28
1687.51
1687.74
1687.97
1688.2
1688.43
1688.832
1689.235
1689.637
1690.04
1690.492
1690.944
1691.396
1691.848
1692.3
1692.752
1693.204
1693.656
1694.11
1694.317
1694.524
1694.731
1694.938
1695.145
1695.352
1695.559
1695.766
1695.973
1696.18
1696.382
1698.532
1700.682
1702.832
1704.982
1705.635
1706.288
1706.941
1707.594
1708.247
1708.9
1709.553
1710.206
1710.86
1711.223
1711.586
1711.949
1712.312
1712.675
1713.038
1713.401
1713.764
1714.13
1714.628
1715.125
1715.622
1716.12
1716.529
1716.938
1717.347
1717.756
1718.165
1718.574
1718.98
1719.517
1720.054
1720.591
1721.128
1721.665
1722.202
1722.739
1723.28
1723.788
1724.296
1724.804
1725.312
1725.82
1726.328
1726.836
1727.344
1727.852
1728.36
1728.712
1729.064
1729.416
1729.768
1730.12
1730.472
1730.824
1731.176
1731.53
1731.859
1732.188
1732.517
1732.846
1733.175
1733.504
1733.833
1734.162
1734.491
1734.82
1735.149
1735.48
1735.78
1736.08
1736.38
1736.68
1736.98
1737.28
1737.58
1737.88
1738.18
1738.48
1738.78
1739.08
1739.38
1739.68
1739.98
1740.148
1740.316
1740.484
1740.652
1740.82
1741.13
1741.44
1741.75
1742.06
1742.37
1742.68
1742.99
1743.21
1743.43
1743.65
1743.87
1744.09
1744.326
1744.562
1744.798
1745.034
1745.27
1745.506
1745.742
1745.978
1746.214
1746.45
1746.725
1747.0
1747.275
1747.55
1747.825
1748.1
1748.375
1748.65
1748.925
1749.2
1749.47
1749.687
1749.904
1750.121
1750.338
1750.555
1750.772
1750.99
1751.923
1752.856
1753.789
1754.722
1755.655
1756.59
1756.87
1757.15
1757.43
1757.71
1757.99
1759.141
1760.292
1761.443
1762.594
1763.744
1764.077
1764.41
1764.743
1765.076
1765.409
1765.742
1766.075
1766.408
1766.741
1767.076
1767.589
1768.102
1768.615
1769.128
1769.641
1770.154
1770.667
1771.18
1771.693
1772.21
1772.654
1773.098
1773.542
1773.986
1774.43
1774.874
1775.318
1775.762
1776.206
1776.65
1777.092
1777.534
1777.976
1778.418
1778.86
1779.302
1779.744
1780.186
1780.628
1781.07
1781.51
1781.697
1781.884
1782.072
1782.26
1782.427
1782.594
1782.761
1782.928
1783.095
1783.262
1783.429
1783.596
1783.763
1783.926
1784.27
1784.614
1784.958
1785.302
1785.646
1785.99
1786.334
1786.68
1786.859
1787.038
1787.217
1787.396
1787.575
1787.754
1787.933
1788.112
1788.291
1788.47
1788.786
1789.102
1789.418
1789.734
1790.05
1790.366
1790.682
1791.0
1791.314
1791.628
1791.942
1792.255
1792.678
1793.101
1793.524
1793.946
1794.368
1794.79
1795.212
1795.634
1796.056
1796.48
1796.74
1797.0
1797.26
1797.52
1797.78
1798.183
1798.586
1798.989
1799.392
1799.795
1800.197
1801.711
1803.225
1804.739
1806.253
1807.767
1809.281
1810.795
1812.309
1813.824
1814.009
1814.194
1814.379
1814.564
1814.749
1814.934
1815.119
1815.304
1815.49
1815.782
1816.074
1816.366
1816.658
1816.95
1817.242
1817.534
1817.826
1818.118
1818.41
1818.702
1818.994
1819.286
1819.578
1819.87
1820.152
1820.434
1820.716
1820.998
1821.28
1821.562
1821.844
1822.126
1822.408
1822.69
1822.97
1823.167
1823.364
1823.561
1823.758
1823.955
1824.152
1824.349
1824.546
1824.743
1824.94
1825.14
1825.747
1826.354
1826.961
1827.568
1828.175
1828.782
1829.39
1829.933
1830.476
1831.019
1831.562
1832.105
1832.65
1832.96
1833.27
1833.58
1833.89
1834.2
1834.51
1834.82
1835.13
1835.44
1835.75
1836.06
1836.366
1836.689
1837.012
1837.335
1837.658
1837.981
1838.302
1839.754
1840.233
1840.713
1840.957
1841.201
1841.445
1841.689
1841.933
1842.177
1842.42
1844.707
1846.995
1849.282
1851.57
1851.87
1852.17
1852.47
1852.77
1852.931
1853.092
1853.253
1853.414
1853.575
1853.736
1853.9
1854.426
1854.952
1855.478
1856.004
1856.53
1857.056
1857.58
1858.93
1859.209
1859.488
1859.767
1860.046
1860.325
1860.604
1860.883
1861.162
1861.441
1861.72
1862.0
1862.25
1862.5
1862.75
1863.0
1863.25
1863.5
1863.75
1864.0
1864.25
1864.5
1864.75
1865.0
1865.25
1865.5
1865.75
1866.594
1866.877
1867.16
1867.443
1867.726
1868.01
1868.365
1868.72
1869.075
1869.43
1869.785
1870.14
1870.495
1870.85
1871.097
1871.344
1871.591
1871.838
1872.085
1872.332
1872.58
1873.074
1873.568
1874.062
1874.556
1875.05
1875.544
1876.038
1876.532
1877.026
1877.52
1878.014
1878.508
1879.0
1879.239
1879.478
1879.717
1879.956
1880.195
1880.434
1880.673
1880.912
1881.15
1882.016
1882.882
1883.748
1884.614
1885.48
1886.346
1887.21
1887.589
1887.968
1888.347
1888.726
1889.105
1889.484
1889.863
1890.242
1890.621
1891.0
1891.379
1891.758
1892.137
1892.516
1892.9
1893.492
1894.084
1894.676
1895.268
1895.86
1896.452
1897.044
1897.636
1898.228
1898.816
1899.396
1899.976
1900.556
1901.136
1901.716
1902.296
1902.876
1903.456
1904.036
1904.616
1905.196
1906.077
1906.958
1907.839
1908.72
1909.601
1910.48
1911.332
1912.185
1913.037
1913.889
1914.741
1915.593
1916.446
1917.3
1917.664
1918.028
1918.392
1918.756
1919.12
1920.016
1920.912
1921.808
1925.459
1929.11
1929.738
1930.366
1930.994
1931.622
1932.25
1932.878
1933.506
1934.134
1934.762
1935.39
1935.741
1936.092
1936.443
1936.794
1937.145
1937.496
1937.847
1938.198
1938.549
1938.9
1939.113
1939.326
1939.539
1939.752
1939.965
1940.178
1940.391
1940.604
1940.817
1941.03
1941.243
1941.456
1941.67
1942.992
1944.45
1944.658
1944.866
1945.074
1945.282
1945.49
1945.698
1945.906
1946.114
1946.322
1946.53
1946.738
1946.95
1947.297
1947.644
1947.991
1948.338
1948.685
1949.032
1949.379
1949.726
1950.073
1950.42
1950.767
1951.11
1951.5
1951.89
1952.718
1953.546
1954.374
1955.204
1955.646
1956.088
1956.53
1956.972
1957.414
1957.622
1957.83
1958.038
1958.246
1958.454
1958.662
1958.87
1959.08
1959.745
1960.41
1960.935
1961.46
1961.985
1962.51
1962.849
1963.188
1963.527
1963.866
1964.205
1964.544
1964.883
1965.222
1965.561
1965.9
1966.24
1966.506
1966.772
1967.038
1967.304
1967.57
1967.836
1968.102
1968.368
1968.634
1968.9
1969.17
1973.16
1973.947
1974.734
1975.521
1976.308
1977.095
1977.882
1978.67
1978.927
1979.184
1979.441
1979.698
1979.955
1980.212
1980.469
1980.726
1980.983
1981.24
1981.589
1981.938
1982.287
1982.636
1982.985
1983.334
1983.683
1984.032
1984.381
1984.73
1985.034
1985.338
1985.642
1985.946
1986.25
1986.554
1986.858
1987.162
1987.466
1987.77
1988.074
1988.378
1988.681
1992.01
1992.658
1993.305
1993.953
1994.601
1995.249
1995.897
1996.544
1997.19
1997.643
1998.096
1998.549
1999.002
1999.455
1999.908
2000.364
2001.844
2003.324
2006.87
2007.077
2007.284
2007.491
2007.698
2007.905
2008.112
2008.319
2008.526
2008.733
2008.94
2010.19
2010.612
2011.034
2011.457
2011.88
2012.303
2012.726
2013.149
2013.57
2013.892
2014.214
2014.536
2014.858
2015.18
2016.87
2017.444
2018.018
2018.592
2019.166
2019.74
2020.314
2020.89
2021.39
2021.89
2022.39
2022.89
2023.39
2023.89
2024.39
2024.89
2025.39
2025.89
2026.39
2026.89
2027.389
2028.511
2029.633
2030.755
2031.877
2032.999
2034.12
2034.495
2034.87
2035.245
2035.62
2035.995
2036.37
2036.745
2037.12
2037.495
2037.866
2038.469
2039.072
2039.675
2040.278
2040.881
2041.484
2042.09
2042.428
2042.766
2043.104
2043.442
2043.78
2044.12
2044.512
2044.904
2045.296
2045.688
2046.08
2046.374
2046.668
2046.962
2047.256
2047.55
2047.844
2048.138
2048.432
2048.73
2049.129
2049.528
2049.927
2050.326
2050.725
2051.124
2051.523
2051.922
2052.32
2052.547
2052.774
2053.001
2053.228
2053.455
2053.682
2053.909
2054.136
2054.363
2054.59
2054.817
2055.04
2055.879
2056.718
2057.557
2058.396
2059.235
2060.074
2060.913
2061.75
2062.628
2063.506
2064.383
2065.26
2065.497
2065.734
2065.971
2066.208
2066.445
2066.682
2066.919
2067.156
2067.393
2067.63
2067.867
2068.1
2068.637
2069.174
2069.71
2069.955
2070.2
2070.445
2070.69
2070.935
2071.18
2071.425
2071.67
2071.915
2072.16
2072.409
2072.977
2073.544
2074.111
2074.679
2074.908
2075.137
2075.366
2075.595
2075.823
2076.05
2076.386
2076.722
2077.058
2077.394
2077.73
2078.066
2078.4
2078.633
2078.865
2079.097
2079.33
2080.242
2081.154
2082.066
2082.978
2083.889
2084.105
2084.321
2084.537
2084.753
2084.969
2085.185
2085.401
2085.617
2085.833
2086.049
2086.265
2086.481
2086.697
2086.909
2087.356
2087.803
2088.25
2088.697
2089.144
2089.591
2090.038
2090.485
2090.932
2091.379
2091.83
2092.163
2092.496
2092.829
2093.162
2093.495
2093.828
2094.161
2094.494
2094.827
2095.16
2095.489
2095.679
2095.869
2096.059
2096.249
2096.439
2096.629
2096.819
2097.009
2097.199
2097.39
2098.056
2098.722
2099.388
2100.054
2100.72
2101.386
2102.05
2102.397
2102.744
2103.091
2103.438
2103.785
2104.13
2104.372
2104.614
2104.856
2105.098
2105.34
2105.582
2105.824
2106.066
2106.308
2106.55
2106.956
2107.362
2107.768
2108.174
2108.58
2108.822
2109.064
2109.306
2109.548
2109.79
2110.032
2110.274
2110.516
2110.758
2111.0
2111.24
2111.526
2111.812
2112.098
2112.384
2112.67
2112.956
2113.242
2113.529
2114.299
2115.069
2115.839
2116.609
2117.379
2118.15
2118.377
2118.604
2118.831
2119.058
2119.285
2119.512
2119.739
2119.966
2120.193
2120.42
2120.65
2121.277
2121.904
2122.531
2123.158
2123.785
2124.412
2125.039
2125.666
2126.29
2126.586
2126.882
2127.178
2127.474
2127.77
2128.066
2128.362
2128.658
2128.954
2129.25
2129.55
2129.752
2129.954
2130.156
2130.358
2130.56
2130.762
2130.964
2131.166
2131.368
2131.57
2131.772
2131.974
2132.18
2132.513
2132.846
2133.179
2133.512
2133.845
2134.178
2134.511
2134.844
2135.177
2135.51
2135.84
2136.049
2136.258
2136.467
2136.676
2136.885
2137.094
2137.303
2137.512
2137.72
2137.975
2138.23
2138.485
2138.74
2138.995
2139.25
2139.532
2139.814
2140.096
2140.378
2140.66
2140.942
2141.224
2141.506
2141.788
2142.2
2142.611
2143.023
2143.435
2143.847
2144.259
2144.671
2145.08
2149.86
2151.63
2152.354
2153.078
2153.802
2154.526
2154.869
2155.213
2155.557
2155.9
2156.26
2156.62
2156.98
2157.34
2157.7
2157.931
2158.162
2158.393
2158.624
2158.855
2159.086
2159.317
2159.548
2159.779
2160.01
2160.241
2160.472
2160.703
2160.94
2161.302
2161.664
2162.025
2163.1
2164.197
2165.294
2166.391
2167.49
2167.771
2168.052
2168.333
2168.614
2168.895
2169.176
2169.457
2169.738
2170.019
2170.3
2170.581
2170.86
2171.341
2171.822
2172.303
2172.784
2173.265
2173.746
2174.224
2174.502
2174.78
2175.058
2175.336
2175.614
2175.89
2176.01
2176.13
2176.25
2176.37
2176.67
2176.97
2177.27
2177.57
2177.869
2178.16
2178.451
2178.742
2179.033
2179.324
2179.615
2179.906
2180.197
2180.49
2180.845
2181.2
2181.555
2181.91
2182.265
2182.62
2182.975
2183.33
2183.685
2184.04
2184.4
2184.596
2184.792
2184.988
2185.184
2185.38
2185.576
2185.772
2185.968
2186.164
2186.36
2186.704
2187.048
2187.392
2187.736
2188.08
2188.424
2188.768
2189.112
2189.456
2189.8
2190.059
2190.318
2190.577
2190.836
2191.095
2191.354
2191.613
2191.872
2192.131
2192.386
2192.566
2192.746
2192.926
2193.106
2193.286
2193.466
2193.646
2193.826
2194.01
2194.186
2194.362
2194.538
2194.714
2194.89
2195.066
2195.242
2195.418
2195.593
2196.014
2196.435
2196.856
2197.277
2197.698
2198.119
2198.54
2198.773
2199.006
2199.24
2200.352
2201.464
2201.974
2202.484
2202.994
2203.504
2204.014
2204.524
2205.034
2205.544
2206.054
2206.56
2206.811
2207.062
2207.313
2207.564
2207.815
2208.066
2208.317
2208.57
2209.062
2209.554
2210.046
2210.538
2211.03
2211.522
2212.016
2212.963
2213.91
2214.642
2215.374
2216.106
2221.08
2221.413
2221.746
2222.079
2222.412
2222.745
2223.08
2223.294
2223.508
2223.722
2223.936
2224.15
2224.364
2224.58
2224.872
2225.164
2225.456
2225.748
2226.04
2226.332
2226.624
2226.919
2227.139
2227.359
2227.579
2227.799
2228.019
2228.239
2228.46
2228.805
2229.15
2229.495
2229.84
2230.31
2230.78
2231.25
2231.72
2232.19
2232.659
2234.895
2237.131
2239.367
2239.629
2239.891
2240.153
2240.415
2240.677
2240.939
2241.2
2241.797
2242.394
2242.991
2243.587
2243.802
2244.017
2244.232
2244.447
2244.662
2244.877
2245.092
2245.307
2245.522
2245.737
2245.952
2246.17
2247.22
2247.47
2247.72
2247.97
2248.22
2248.47
2248.72
2248.97
2249.51
2249.633
2249.756
2249.879
2250.002
2250.125
2250.25
2250.48
2250.71
2250.94
2251.17
2251.4
2251.63
2251.86
2252.09
2252.32
2252.55
2252.78
2253.027
2253.274
2253.521
2253.768
2254.015
2254.262
2254.509
2254.756
2254.999
2255.219
2255.439
2255.659
2255.879
2256.099
2256.319
2256.54
2256.846
2257.152
2257.458
2257.764
2258.07
2258.246
2258.422
2258.598
2258.774
2258.95
2259.126
2259.302
2259.478
2259.654
2259.83
2260.006
2260.182
2260.36
2260.633
2260.906
2261.179
2261.452
2261.725
2262.0
2262.57
2263.14
2263.71
2264.28
2264.85
2265.42
2265.775
2266.13
2266.485
2266.84
2267.195
2267.55
2267.904
2268.795
2269.233
2269.67
2269.96
2270.25
2270.54
2271.08
2271.372
2271.664
2271.956
2272.248
2272.54
2272.832
2273.124
2273.416
2273.708
2274.0
2274.275
2274.55
2274.825
2275.1
2275.375
2275.651
2276.801
2277.951
2279.101
2280.25
2281.44
2282.19
2283.735
2285.28
2285.704
2286.128
2286.552
2286.976
2287.4
2287.824
2288.248
2288.672
2289.1
2289.319
2289.538
2289.757
2289.976
2290.195
2290.414
2290.63
2291.03
2291.43
2291.83
2292.23
2292.63
2293.03
2293.43
2293.83
2294.23
2294.63
2295.03
2295.216
2295.402
2295.588
2295.774
2295.96
2296.146
2296.332
2296.518
2296.704
2296.89
2297.076
2297.26
2297.597
2297.934
2298.271
2298.608
2298.945
2299.28
2301.07
2302.463
2303.856
2305.25
2305.632
2306.014
2306.396
2306.778
2307.16
2307.542
2307.924
2308.306
2308.688
2309.07
2309.452
2309.834
2310.214
2311.105
2311.48
2311.815
2312.15
2312.834
2313.518
2314.202
2314.886
2315.57
2316.254
2316.938
2317.625
2318.188
2318.751
2319.315
2319.667
2320.019
2320.371
2320.723
2321.075
2321.427
2321.779
2322.131
2322.483
2322.835
2323.19
2323.615
2324.04
2324.465
2324.89
2325.315
2325.74
2326.165
2326.59
2327.015
2327.44
2327.87
2328.29
2328.71
2329.13
2329.55
2329.97
2330.39
2330.81
2331.23
2331.65
2332.07
2332.447
2332.824
2333.201
2333.578
2333.955
2334.332
2334.71
2334.995
2335.28
2335.565
2335.85
2336.292
2336.734
2337.176
2337.619
2338.963
2340.307
2341.65
2341.829
2342.008
2342.187
2342.366
2342.545
2342.724
2342.9
2344.073
2345.246
2346.419
2347.592
2348.765
2349.938
2351.11
2352.151
2353.192
2354.233
2355.274
2356.315
2357.356
2358.397
2359.438
2360.477
2360.721
2360.965
2361.209
2361.453
2361.697
2361.941
2362.185
2362.379
2362.573
2362.767
2362.961
2363.155
2363.351
2363.642
2363.933
2364.224
2364.515
2364.806
2365.097
2365.39
2365.777
2366.164
2366.552
2366.939
2367.326
2367.713
2368.101
2368.49
2368.673
2368.856
2369.039
2369.222
2369.405
2369.588
2369.77
2369.961
2370.152
2370.343
2370.534
2370.725
2370.916
2371.107
2371.298
2371.489
2371.68
2371.871
2372.061
2372.674
2373.287
2373.9
2374.513
2375.126
2375.74
2376.124
2376.508
2376.892
2377.276
2377.66
2377.878
2378.096
2378.314
2378.532
2378.75
2378.968
2379.186
2379.404
2379.62
2379.801
2379.982
2380.163
2380.344
2380.525
2380.706
2380.887
2381.068
2381.245
2381.646
2382.048
2382.449
2382.851
2383.051
2383.251
2383.451
2383.651
2383.851
2384.051
2384.251
2384.451
2384.651
2384.85
2385.127
2385.404
2385.681
2385.958
2386.235
2386.512
2386.79
2387.08
2387.37
2387.66
2387.95
2388.24
2388.53
2388.82
2389.069
2389.318
2389.567
2389.816
2390.065
2390.314
2390.563
2390.812
2391.061
2391.31
2391.671
2392.032
2392.393
2392.754
2393.115
2393.476
2393.834
2394.026
2394.218
2394.41
2394.602
2394.794
2394.986
2395.178
2395.37
2395.562
2395.75
2395.925
2396.1
2396.275
2396.45
2396.625
2396.8
2396.975
2397.15
2397.325
2397.5
2397.67
2397.894
2398.118
2398.342
2398.566
2398.79
2399.014
2399.238
2399.462
2399.686
2399.91
2400.135
2400.541
2400.947
2401.353
2401.759
2402.165
2402.571
2402.977
2403.383
2403.789
2404.195
2404.601
2405.01
2405.301
2405.592
2405.883
2406.174
2406.465
2406.756
2407.047
2407.338
2407.63
2407.902
2408.174
2408.446
2408.718
2408.99
2409.262
2409.534
2409.806
2410.078
2410.35
2410.62
2410.963
2411.306
2411.649
2411.992
2412.335
2412.68
2412.951
2413.222
2413.493
2413.764
2414.035
2414.306
2414.577
2414.848
2415.122
2415.345
2415.568
2415.791
2416.014
2416.237
2416.46
2416.683
2416.906
2417.129
2417.352
2417.58
2417.844
2418.108
2418.372
2418.636
2418.9
2419.164
2419.43
2419.65
2419.87
2420.09
2420.31
2420.53
2420.75
2420.97
2421.19
2421.41
2421.63
2421.85
2422.07
2423.8
2423.99
2424.18
2424.37
2424.56
2424.75
2424.94
2425.13
2425.32
2425.51
2425.7
2425.807
2425.914
2426.021
2426.128
2426.235
2426.342
2426.449
2426.556
2426.66
2426.888
2427.116
2427.344
2427.572
2427.8
2428.028
2428.256
2428.484
2428.71
2428.967
2429.224
2429.481
2429.738
2429.995
2430.251
2430.881
2431.511
2432.141
2432.77
2433.154
2433.538
2433.922
2434.306
2434.69
2435.074
2435.458
2435.842
2436.224
2436.464
2436.704
2436.944
2437.184
2437.424
2437.664
2437.904
2438.14
2438.863
2439.586
2440.309
2441.032
2441.755
2442.48
2443.039
2443.598
2444.157
2444.716
2445.275
2445.834
2446.393
2446.95
2447.341
2447.732
2448.123
2448.514
2448.905
2449.296
2449.687
2450.08
2450.418
2450.756
2451.093
2451.43
2451.767
2452.104
2452.441
2452.778
2453.115
2453.452
2453.79
2454.13
2454.504
2454.878
2455.252
2455.626
2456.0
2456.374
2456.748
2457.122
2457.496
2457.87
2458.24
2458.528
2458.816
2459.104
2459.392
2459.68
2459.968
2460.256
2460.544
2460.832
2461.12
2461.408
2461.7
2462.42
2463.14
2463.495
2463.85
2464.475
2465.1
2465.355
2465.61
2465.865
2466.12
2466.375
2466.63
2466.885
2467.14
2467.395
2467.65
2467.91
2468.183
2468.456
2468.729
2469.002
2469.275
2469.548
2469.821
2470.094
2470.367
2470.64
2470.91
2471.14
2471.37
2471.6
2471.83
2472.06
2472.29
2472.52
2472.75
2473.038
2473.326
2473.614
2473.902
2474.19
2474.478
2474.766
2475.054
2475.34
2475.918
2476.496
2477.074
2477.652
2478.23
2478.81
2479.773
2480.736
2481.699
2482.662
2483.625
2484.491
2485.357
2486.223
2487.09
2487.835
2488.58
2489.441
2490.302
2491.163
2492.024
2492.885
2493.746
2494.607
2495.468
2496.33
2496.638
2496.946
2497.254
2497.562
2497.87
2498.178
2498.486
2498.794
2499.102
2499.41
2499.72
2499.961
2500.202
2500.443
2500.684
2500.925
2501.166
2501.407
2501.648
2501.889
2502.13
2502.371
2502.61
2502.993
2503.376
2503.759
2504.142
2504.525
2504.906
2505.166
2505.426
2505.686
2505.946
2506.206
2506.466
2506.726
2506.986
2507.246
2507.506
2507.766
2508.026
2508.286
2508.546
2508.8
2509.024
2509.248
2509.472
2509.696
2509.92
2510.144
2510.368
2510.592
2510.82
2511.155
2511.49
2511.825
2512.16
2512.495
2512.83
2513.165
2513.5
2513.835
2514.17
2514.51
2514.921
2515.332
2515.743
2516.154
2516.565
2516.976
2517.387
2517.8
2518.093
2518.386
2518.679
2518.972
2519.265
2519.558
2519.851
2520.144
2520.437
2520.73
2521.023
2521.316
2521.61
2521.948
2522.286
2522.624
2522.962
2523.3
2523.638
2523.976
2524.314
2524.652
2524.99
2525.206
2525.422
2525.638
2525.854
2526.07
2526.286
2526.502
2526.72
2527.108
2527.496
2527.884
2528.272
2528.66
2529.265
2529.87
2530.475
2531.08
2531.685
2532.29
2532.895
2533.5
2533.718
2533.936
2534.154
2534.372
2534.59
2534.808
2535.026
2535.244
2535.464
2539.495
2539.724
2539.953
2540.182
2540.411
2540.64
2540.87
2541.436
2542.002
2542.568
2543.134
2543.7
2544.266
2544.832
2545.398
2545.964
2546.53
2546.85
2547.17
2547.49
2547.81
2548.13
2548.45
2548.77
2549.09
2549.67
2549.945
2550.22
2550.495
2550.77
2551.045
2551.32
2551.594
2551.868
2552.142
2552.416
2552.69
2552.964
2553.24
2553.568
2553.896
2554.224
2554.55
2554.866
2555.182
2555.498
2555.814
2556.13
2556.446
2556.762
2557.078
2557.392
2557.605
2557.818
2558.032
2558.245
2558.458
2558.671
2558.884
2559.1
2559.322
2559.544
2559.766
2559.988
2560.21
2560.432
2560.654
2560.876
2561.099
2561.322
2561.544
2561.77
2561.94
2562.11
2562.28
2562.45
2562.62
2562.79
2562.96
2563.186
2563.412
2563.638
2563.864
2564.09
2564.316
2564.54
2564.879
2565.218
2565.557
2565.896
2566.235
2566.574
2566.916
2567.72
2568.011
2568.302
2568.593
2568.886
2571.47
2572.259
2573.048
2573.837
2574.626
2575.415
2576.204
2576.99
2577.316
2577.642
2577.968
2578.294
2578.62
2578.947
2579.274
2579.601
2579.928
2580.255
2583.53
2583.91
2584.29
2584.67
2585.05
2585.43
2585.81
2586.136
2586.462
2586.788
2587.114
2587.442
2588.811
2590.181
2590.354
2590.527
2590.7
2590.873
2591.046
2591.219
2591.392
2591.565
2591.738
2591.911
2592.084
2592.257
2592.43
2592.892
2593.354
2593.816
2594.278
2594.74
2595.084
2595.428
2595.772
2596.116
2596.46
2596.804
2597.148
2597.492
2597.836
2598.18
2598.524
2598.868
2599.212
2599.556
2599.9
2600.244
2600.58
2600.811
2601.042
2601.273
2601.504
2601.735
2601.966
2602.197
2602.428
2602.659
2602.89
2603.12
2603.356
2603.592
2603.828
2604.064
2604.3
2604.536
2604.772
2605.008
2605.244
2605.48
2605.716
2605.952
2606.198
2606.444
2606.69
2606.936
2607.182
2607.428
2607.674
2607.92
2608.166
2608.412
2608.658
2608.9
2609.478
2610.056
2610.634
2611.212
2611.79
2612.37
2612.701
2613.032
2613.363
2613.694
2614.025
2614.356
2614.687
2615.018
2615.35
2615.82
2616.29
2616.76
2617.23
2617.7
2618.17
2618.816
2619.462
2620.108
2620.754
2621.4
2622.046
2622.69
2624.74
2625.672
2626.604
2627.536
2628.47
2628.745
2629.02
2629.409
2629.798
2630.187
2630.576
2630.965
2631.354
2631.743
2632.13
2632.544
2632.958
2633.372
2633.786
2634.2
2634.614
2635.028
2635.44
2635.726
2636.012
2636.298
2636.584
2636.87
2637.156
2637.442
2637.728
2638.01
2638.314
2638.618
2638.922
2639.226
2639.53
2639.834
2640.138
2640.44
2640.693
2640.946
2641.199
2641.452
2641.705
2641.958
2642.211
2642.464
2642.72
2642.982
2643.244
2643.506
2643.768
2644.03
2644.292
2644.554
2644.816
2645.076
2645.579
2646.082
2646.584
2647.086
2647.379
2647.672
2647.965
2648.258
2648.551
2648.844
2649.134
2649.438
2649.742
2650.046
2650.35
2650.654
2650.958
2651.262
2651.566
2651.872
2652.191
2652.51
2652.83
2653.15
2653.387
2653.624
2653.861
2654.098
2654.335
2654.572
2654.809
2655.046
2655.283
2655.52
2655.76
2656.028
2656.295
2656.562
2656.83
2657.032
2657.234
2657.436
2657.638
2657.84
2658.042
2658.244
2658.446
2658.648
2658.85
2659.052
2659.251
2659.465
2659.679
2659.893
2660.107
2660.321
2660.535
2660.75
2661.027
2661.304
2661.581
2661.858
2662.135
2662.412
2662.689
2662.966
2663.24
2663.494
2663.748
2664.002
2664.256
2664.51
2664.764
2665.018
2665.274
2665.494
2665.714
2665.934
2666.154
2666.374
2666.594
2666.815
2667.178
2667.541
2667.904
2668.267
2668.63
2668.995
2670.15
2670.386
2670.622
2670.858
2671.094
2671.33
2671.566
2671.802
2672.038
2672.274
2672.51
2672.75
2673.409
2674.068
2674.727
2675.384
2675.597
2675.81
2676.023
2676.236
2676.449
2676.662
2676.875
2677.088
2677.3
2677.607
2677.914
2678.22
2678.5
2678.78
2679.06
2679.34
2679.62
2679.9
2680.18
2680.491
2680.802
2681.113
2681.424
2681.735
2682.046
2682.36
2682.688
2683.015
2683.342
2683.669
2683.996
2684.323
2684.65
2684.977
2685.304
2685.631
2685.958
2686.29
2686.626
2686.962
2687.298
2687.634
2687.97
2688.306
2688.642
2688.98
2689.832
2690.684
2691.537
2692.389
2693.242
2694.095
2694.947
2695.8
2695.995
2696.19
2696.385
2696.58
2696.777
2696.944
2697.111
2697.278
2697.445
2697.61
2698.253
2698.896
2699.539
2700.182
2700.89
2701.251
2701.612
2701.973
2702.334
2702.695
2703.056
2703.417
2703.778
2704.137
2704.472
2704.807
2705.142
2705.477
2705.812
2706.147
2706.482
2706.834
2707.186
2707.538
2707.889
2708.449
2709.009
2709.569
2710.129
2710.689
2711.249
2711.809
2712.37
2712.809
2713.248
2713.687
2714.126
2714.565
2715.004
2715.443
2715.882
2716.321
2716.76
2717.202
2718.141
2719.079
2720.017
2720.956
2721.895
2722.833
2723.771
2724.71
2725.109
2725.508
2725.907
2726.306
2726.705
2727.104
2727.503
2727.9
2728.779
2729.658
2730.537
2731.416
2732.295
2733.174
2734.053
2734.932
2735.811
2736.69
2737.569
2738.447
2738.673
2738.899
2739.125
2739.351
2739.577
2739.803
2740.03
2740.252
2740.474
2740.696
2740.918
2741.14
2741.363
2741.761
2742.159
2742.557
2742.955
2743.353
2743.751
2744.149
2744.55
2744.753
2744.956
2745.159
2745.362
2745.565
2745.769
2745.989
2746.209
2746.429
2746.649
2746.869
2747.089
2747.31
2747.479
2747.648
2747.817
2747.986
2748.155
2748.324
2748.49
2749.825
2751.16
2751.493
2751.826
2752.159
2752.492
2752.825
2753.16
2753.433
2753.706
2753.979
2754.252
2754.525
2754.798
2755.07
2755.821
2756.572
2757.323
2758.074
2758.825
2759.576
2760.327
2761.078
2761.83
2762.415
2763.0
2763.585
2764.17
2764.755
2765.34
2765.923
2766.719
2767.515
2768.311
2769.107
2769.903
2770.699
2771.495
2772.291
2773.087
2773.883
2774.679
2775.48
2775.843
2776.206
2776.569
2776.932
2777.294
2777.657
2778.02
2778.383
2778.745
2779.105
2779.301
2779.497
2779.693
2779.889
2780.085
2780.281
2780.48
2780.754
2781.028
2781.302
2781.576
2781.85
2782.124
2782.398
2783.228
2784.058
2784.888
2785.718
2786.548
2787.377
2787.585
2787.793
2788.001
2788.21
2788.428
2788.646
2788.864
2789.082
2789.3
2789.52
2790.136
2790.752
2791.368
2791.984
2792.6
2793.216
2793.832
2794.448
2795.064
2795.68
2796.292
2796.655
2797.018
2797.381
2797.744
2798.107
2798.47
2798.833
2799.196
2799.559
2799.922
2800.285
2800.648
2801.011
2801.38
2801.781
2802.182
2802.583
2802.984
2803.385
2803.786
2804.187
2804.59
2804.833
2805.076
2805.319
2805.562
2805.805
2806.048
2806.291
2806.534
2806.777
2807.02
2807.195
2807.37
2807.545
2807.72
2807.895
2808.07
2808.245
2808.42
2808.595
2808.77
2808.94
2809.398
2809.856
2810.314
2810.772
2811.23
2811.688
2812.146
2812.604
2813.062
2813.52
2813.98
2814.342
2814.704
2815.066
2815.428
2815.79
2816.152
2816.514
2816.876
2817.238
2817.6
2817.822
2818.044
2818.266
2818.488
2818.71
2818.932
2819.154
2819.38
2819.608
2819.836
2820.063
2820.291
2820.519
2820.746
2820.974
2821.202
2821.43
2821.657
2821.885
2822.11
2822.557
2823.005
2823.453
2823.9
2824.347
2824.794
2825.242
2825.69
2826.053
2826.416
2826.779
2827.142
2827.506
2827.785
2828.064
2828.343
2828.622
2828.901
2829.18
2829.459
2829.74
2830.15
2830.56
2830.97
2831.38
2831.797
2832.214
2832.631
2833.048
2833.465
2833.88
2834.136
2834.392
2834.648
2834.904
2835.16
2835.416
2835.672
2835.928
2836.18
2836.534
2836.888
2837.242
2837.596
2837.95
2838.304
2838.658
2839.012
2839.366
2839.72
2840.07
2840.319
2840.568
2840.817
2841.066
2841.315
2841.564
2841.813
2842.06
2842.503
2842.946
2843.389
2843.832
2844.275
2844.718
2845.161
2845.604
2846.046
2847.747
2849.448
2851.15
2851.71
2852.27
2852.83
2853.39
2853.95
2854.262
2854.574
2854.886
2855.198
2855.51
2855.822
2856.134
2856.446
2856.758
2857.07
2857.382
2857.694
2858.01
2858.239
2858.468
2858.697
2858.926
2859.155
2859.384
2859.613
2859.84
2860.318
2860.796
2861.274
2861.752
2862.23
2863.19
2863.562
2863.934
2864.306
2864.678
2865.05
2865.422
2865.794
2866.166
2866.54
2866.86
2867.18
2867.5
2867.82
2868.14
2868.46
2868.78
2869.235
2869.69
2870.145
2870.6
2871.055
2871.847
2872.639
2873.431
2874.223
2875.015
2875.807
2876.597
2876.889
2877.181
2877.473
2877.765
2878.057
2878.349
2878.641
2878.93
2879.706
2880.482
2881.257
2881.44
2881.623
2881.806
2881.989
2882.172
2882.355
2882.538
2882.721
2882.904
2883.09
2883.395
2883.7
2884.005
2884.31
2884.615
2884.92
2885.225
2885.53
2885.835
2886.14
2886.44
2886.776
2887.112
2887.448
2887.784
2888.12
2888.456
2888.792
2889.128
2889.464
2889.8
2890.136
2890.472
2890.81
2891.128
2891.446
2891.764
2892.082
2892.4
2892.718
2893.036
2893.354
2893.67
2893.918
2894.166
2894.414
2894.662
2894.91
2895.158
2895.406
2895.654
2895.902
2896.15
2896.531
2896.912
2897.293
2897.674
2898.055
2898.436
2898.82
2899.117
2899.414
2899.711
2900.008
2900.305
2900.602
2900.9
2901.4
2901.762
2902.124
2902.486
2902.848
2903.21
2903.937
2904.664
2905.391
2906.118
2906.845
2907.57
2908.408
2908.752
2909.096
2909.44
2909.783
2910.106
2910.429
2910.752
2911.075
2911.4
2911.753
2912.106
2912.459
2912.81
2913.345
2913.88
2914.075
2914.27
2914.465
2914.66
2915.16
2915.431
2915.702
2915.973
2916.244
2916.515
2916.785
2917.064
2917.343
2917.622
2917.901
2918.18
2918.653
2919.126
2919.599
2920.072
2920.545
2921.018
2921.49
2922.254
2923.018
2923.782
2924.546
2925.31
2926.074
2926.838
2927.602
2928.37
2928.64
2928.91
2929.18
2929.45
2929.72
2929.99
2930.393
2930.796
2931.199
2931.602
2932.005
2932.408
2932.81
2933.653
2934.496
2935.339
2936.182
2937.025
2937.868
2938.711
2939.554
2940.397
2941.244
2941.465
2941.686
2941.907
2942.128
2942.349
2942.57
2942.791
2943.012
2943.233
2943.452
2944.371
2945.29
2945.823
2946.356
2946.889
2947.422
2947.955
2948.49
2948.925
2949.36
2950.046
2950.732
2951.418
2952.104
2952.79
2953.476
2954.162
2954.848
2955.534
2956.216
2956.703
2957.19
2957.677
2958.164
2958.651
2959.138
2959.554
2959.97
2960.386
2960.802
2961.218
2961.634
2962.05
2962.466
2962.88
2963.529
2964.195
2964.963
2965.731
2966.499
2967.267
2968.035
2968.803
2969.571
2970.339
2971.107
2971.875
2972.64
2973.45
2974.26
2975.07
2975.268
2975.466
2975.664
2975.862
2976.06
2976.26
2976.509
2976.758
2977.007
2977.256
2977.505
2977.754
2978.003
2978.252
2978.501
2978.75
2979.0
2979.361
2979.722
2980.083
2980.444
2980.805
2981.166
2981.527
2981.888
2982.249
2982.61
2982.876
2983.142
2983.408
2983.674
2983.94
2984.206
2984.472
2984.738
2985.004
2985.27
2985.536
2985.8
2986.08
2986.36
2986.64
2986.92
2987.2
2987.48
2987.701
2987.922
2988.143
2988.364
2988.585
2988.806
2989.027
2989.25
2989.69
2990.13
2990.57
2991.01
2991.45
2991.89
2992.218
2992.546
2992.874
2993.202
2993.53
2993.858
2994.186
2994.514
2994.842
2995.17
2995.43
2995.69
2995.95
2996.21
2996.47
2996.673
2996.876
2997.079
2997.282
2997.485
2997.688
2997.891
2998.094
2998.297
2998.5
2998.703
2998.906
2999.11
2999.345
2999.58
2999.815
3000.05
3000.285
3000.52
3000.755
3000.99
3001.225
3001.46
3001.695
3001.93
3002.165
3002.4
3002.64
3002.887
3003.134
3003.38
3004.85
3005.423
3005.996
3006.57
3007.487
3008.404
3008.727
3009.05
3009.373
3009.696
3010.019
3010.342
3010.665
3010.99
3011.636
3012.282
3012.928
3013.574
3014.22
3014.934
3015.648
3016.362
3017.076
3017.79
3018.504
3019.218
3019.932
3020.646
3021.36
3021.837
3022.314
3022.791
3023.268
3023.745
3024.222
3024.699
3025.176
3025.653
3026.126
3026.887
3027.648
3028.409
3029.17
3029.536
3029.902
3030.268
3030.634
3031.0
3031.366
3031.73
3033.81
3034.054
3034.298
3034.542
3034.786
3035.03
3035.274
3035.518
3035.762
3036.01
3036.198
3036.385
3036.573
3036.76
3036.948
3037.135
3037.323
3037.51
3038.082
3038.654
3039.226
3039.798
3040.37
3040.942
3041.514
3041.847
3042.18
3042.513
3042.846
3043.18
3044.6
3045.193
3045.785
3046.377
3046.97
3047.192
3047.414
3047.636
3047.858
3048.08
3048.302
3048.524
3048.746
3048.968
3049.19
3049.412
3049.634
3049.86
3050.265
3050.67
3051.075
3051.48
3051.885
3052.29
3052.695
3053.1
3053.505
3053.91
3054.32
3054.771
3055.222
3055.673
3056.124
3056.575
3057.026
3057.477
3057.928
3058.38
3058.987
3059.594
3060.201
3060.808
3061.415
3062.022
3062.629
3063.236
3063.84
3064.093
3064.346
3064.599
3064.852
3065.105
3065.36
3065.675
3065.99
3066.305
3066.62
3066.935
3067.25
3067.565
3067.88
3068.195
3068.51
3068.825
3069.14
3069.785
3070.43
3070.664
3070.898
3071.132
3071.366
3071.6
3071.834
3072.068
3072.3
3072.721
3073.142
3073.563
3073.984
3074.405
3074.826
3075.247
3075.668
3076.089
3076.51
3076.931
3077.35
3077.684
3078.018
3078.352
3078.686
3079.02
3079.354
3079.688
3080.022
3080.36
3080.606
3080.852
3081.098
3081.344
3081.59
3081.836
3082.082
3082.328
3082.57
3083.046
3083.522
3083.998
3084.474
3084.95
3085.426
3085.902
3086.378
3086.85
3087.707
3088.564
3089.42
3091.08
3092.0
3092.49
3092.98
3093.176
3093.372
3093.568
3093.764
3093.96
3094.156
3094.354
3094.675
3094.996
3095.317
3095.638
3095.959
3096.28
3096.601
3096.922
3097.24
3097.74
3098.082
3098.424
3098.766
3099.108
3099.45
3099.741
3100.032
3100.323
3100.614
3100.905
3101.196
3101.49
3102.414
3103.338
3104.262
3105.186
3106.11
3106.483
3106.856
3107.23
3107.702
3108.174
3108.646
3109.118
3109.59
3110.062
3110.534
3111.006
3111.475
3111.77
3112.065
3112.36
3112.655
3112.95
3113.245
3113.54
3113.835
3114.13
3114.427
3114.635
3114.843
3115.051
3115.259
3115.467
3115.675
3115.883
3116.091
3116.299
3116.51
3116.79
3117.07
3117.35
3117.63
3117.91
3118.19
3118.47
3118.75
3119.03
3119.31
3119.59
3119.87
3120.15
3120.43
3120.71
3120.99
3121.27
3121.548
3121.826
3122.104
3122.382
3122.66
3122.938
3123.216
3123.494
3123.77
3125.34
3125.552
3125.764
3125.976
3126.188
3126.4
3126.612
3126.824
3127.036
3127.25
3127.475
3127.7
3127.925
3128.15
3128.375
3128.6
3128.825
3129.05
3129.275
3129.5
3129.725
3129.95
3130.252
3130.554
3130.856
3131.158
3131.46
3131.762
3132.064
3132.385
3132.706
3133.027
3133.348
3133.669
3133.99
3134.311
3134.63
3134.87
3135.11
3135.35
3135.59
3135.83
3136.07
3136.31
3136.546
3136.725
3136.904
3137.083
3137.262
3137.441
3137.62
3137.919
3138.218
3138.517
3138.816
3139.115
3139.414
3139.713
3140.012
3140.311
3140.61
3140.875
3141.14
3141.405
3141.67
3141.935
3142.2
3142.465
3142.73
3142.995
3143.26
3143.52
3143.689
3143.858
3144.027
3144.196
3144.365
3144.534
3144.703
3144.872
3145.04
3145.33
3145.62
3145.91
3146.2
3146.49
3146.78
3147.07
3147.36
3147.65
3147.94
3148.88
3149.82
3150.086
3150.352
3150.618
3150.884
3151.15
3151.416
3151.68
3151.98
3152.28
3152.58
3152.88
3153.18
3153.48
3153.78
3154.08
3154.38
3154.68
3155.026
3155.372
3155.718
3156.064
3156.41
3156.756
3157.102
3157.45
3157.7
3157.95
3158.2
3158.45
3158.7
3158.95
3159.2
3159.45
3159.7
3159.95
3160.293
3160.635
3160.906
3161.177
3161.448
3161.719
3161.99
3162.26
3162.632
3163.004
3163.376
3163.748
3164.12
3164.49
3164.797
3165.104
3165.411
3165.718
3166.025
3166.332
3166.639
3166.946
3167.253
3167.56
3167.87
3168.191
3168.512
3168.833
3169.154
3169.475
3169.796
3170.117
3170.438
3170.76
3171.016
3171.271
3171.526
3171.782
3172.038
3172.293
3172.548
3172.804
3173.024
3173.244
3173.464
3173.684
3173.904
3174.124
3174.344
3174.564
3174.784
3175.004
3175.22
3175.459
3175.698
3175.938
3176.178
3179.27
3179.557
3179.844
3180.131
3180.418
3180.705
3180.992
3181.279
3181.566
3181.85
3182.024
3182.198
3182.372
3182.546
3182.72
3182.894
3183.068
3183.242
3183.416
3183.59
3183.764
3183.94
3184.199
3184.458
3184.717
3184.976
3185.235
3185.494
3185.753
3186.012
3186.271
3186.53
3186.789
3187.049
3188.32
3188.955
3189.59
3190.225
3190.86
3191.065
3191.27
3191.475
3191.68
3191.885
3192.09
3192.295
3192.5
3192.705
3192.91
3193.11
3194.06
3194.917
3196.386
3197.855
3199.325
3199.96
3200.595
3201.23
3201.582
3201.934
3202.286
3202.638
3202.99
3203.342
3203.694
3204.046
3204.401
3204.997
3205.593
3206.19
3206.772
3207.354
3207.936
3208.518
3209.1
3209.682
3210.264
3210.846
3211.43
3211.97
3212.505
3213.039
3213.296
3213.553
3213.81
3214.067
3214.324
3214.58
3215.131
3215.682
3216.233
3216.784
3217.335
3217.886
3218.44
3221.797
3225.154
3225.462
3225.77
3226.078
3226.386
3226.695
3227.032
3227.369
3227.706
3228.043
3228.38
3228.811
3229.242
3229.673
3230.104
3230.535
3230.966
3231.397
3231.828
3232.255
3234.17
3236.46
3236.8
3237.14
3237.48
3237.82
3238.16
3238.501
3238.758
3239.015
3239.272
3239.529
3239.786
3240.043
3240.3
3240.557
3240.81
3241.002
3241.194
3241.386
3241.578
3241.77
3241.962
3242.154
3242.346
3242.538
3242.73
3242.922
3243.114
3243.305
3243.576
3243.847
3244.118
3244.389
3244.66
3244.93
3245.097
3245.264
3245.43
3245.622
3245.814
3246.006
3246.198
3246.388
3246.689
3246.99
3247.29
3247.636
3247.982
3248.328
3248.674
3249.02
3249.366
3249.712
3250.058
3250.404
3250.75
3251.1
3252.45
3252.63
3252.81
3252.99
3253.17
3253.35
3253.53
3253.71
3253.89
3254.07
3254.25
3254.444
3254.638
3254.832
3255.026
3255.22
3255.414
3255.608
3255.8
3256.086
3256.372
3256.658
3256.944
3257.23
3257.516
3257.802
3258.088
3258.374
3258.66
3258.946
3259.232
3259.518
3259.81
3260.054
3260.298
3260.542
3260.786
3261.03
3261.274
3261.518
3261.762
3262.01
3262.427
3262.844
3263.261
3263.678
3264.095
3264.512
3264.929
3265.346
3265.763
3266.18
3266.424
3266.668
3266.912
3267.156
3267.4
3267.644
3267.887
3268.085
3268.283
3268.481
3268.679
3268.877
3269.075
3269.273
3269.47
3269.795
3270.12
3270.445
3270.77
3271.092
3271.414
3271.736
3272.058
3272.38
3272.702
3273.024
3273.346
3273.668
3273.99
3274.31
3274.728
3275.146
3275.564
3275.982
3276.4
3276.818
3277.236
3277.654
3278.072
3278.49
3278.908
3279.326
3279.74
3280.083
3280.426
3280.769
3281.112
3281.455
3281.8
3282.084
3282.368
3282.652
3282.936
3283.22
3283.504
3283.788
3284.072
3284.356
3284.64
3284.924
3285.208
3285.49
3285.79
3286.09
3286.39
3286.69
3286.99
3287.29
3287.59
3287.87
3288.15
3288.43
3288.71
3288.99
3289.27
3289.55
3290.471
3291.392
3292.313
3293.234
3294.155
3295.076
3295.997
3296.917
3297.115
3297.313
3297.511
3297.709
3297.907
3298.105
3298.303
3298.5
3298.794
3299.088
3299.382
3299.676
3299.97
3300.264
3300.558
3300.852
3301.146
3301.44
3301.732
3301.914
3302.096
3302.278
3302.46
3302.642
3302.824
3303.006
3303.19
3303.677
3304.164
3304.651
3305.138
3305.625
3306.11
3306.394
3306.678
3306.962
3307.246
3307.53
3307.814
3308.1
3308.455
3308.81
3309.165
3309.52
3309.875
3310.23
3310.585
3310.94
3311.148
3311.356
3311.564
3311.772
3311.98
3312.188
3312.396
3312.604
3312.812
3313.02
3313.228
3313.436
3313.644
3313.85
3314.69
3315.062
3315.434
3315.806
3316.178
3316.55
3316.922
3317.294
3317.666
3318.038
3318.41
3318.648
3318.886
3319.124
3319.362
3319.6
3319.838
3320.076
3320.314
3320.552
3320.79
3321.028
3321.266
3321.5
3321.875
3322.25
3322.625
3323.0
3323.375
3323.75
3324.125
3324.5
3324.715
3324.93
3325.145
3325.36
3325.575
3325.79
3326.005
3326.22
3326.435
3326.65
3326.873
3327.096
3327.319
3327.542
3327.765
3327.988
3328.211
3328.434
3328.657
3328.88
3329.103
3329.326
3329.55
3329.733
3329.916
3330.099
3330.282
3330.465
3330.648
3330.831
3331.014
3331.197
3331.384
3331.561
3331.738
3331.915
3332.092
3332.269
3332.446
3332.623
3332.8
3332.977
3333.154
3333.331
3333.508
3334.568
3335.628
3336.688
3337.748
3338.81
3339.306
3339.802
3340.298
3340.794
3341.29
3341.786
3342.282
3342.778
3343.27
3343.536
3343.802
3344.068
3344.334
3344.6
3344.952
3345.304
3345.656
3346.008
3346.36
3346.712
3347.064
3347.846
3348.628
3349.41
3350.192
3350.972
3351.217
3351.462
3351.707
3351.952
3352.197
3352.442
3352.687
3352.93
3353.276
3353.622
3353.968
3354.314
3354.66
3355.07
3355.48
3355.89
3356.3
3356.71
3357.38
3358.05
3358.72
3359.39
3360.06
3360.73
3361.4
3361.895
3362.39
3362.885
3363.38
3363.875
3364.37
3364.623
3364.876
3365.129
3365.382
3365.635
3365.89
3366.683
3367.476
3368.27
3368.681
3369.092
3369.503
3369.913
3371.12
3371.595
3372.07
3372.545
3373.02
3373.495
3373.97
3374.445
3374.92
3375.395
3375.866
3376.046
3376.226
3376.406
3376.586
3376.766
3376.946
3377.126
3377.306
3377.49
3378.054
3378.618
3379.182
3379.746
3380.31
3380.874
3381.438
3382.002
3382.566
3383.13
3383.691
3384.252
3384.813
3385.374
3385.935
3386.143
3386.351
3386.56
3386.809
3387.058
3387.307
3387.556
3387.805
3388.054
3388.303
3388.552
3388.8
3388.8
3388.8
