23.29
23.821
24.352
24.883
25.414
25.945
26.476
27.01
27.488
27.966
28.444
28.922
29.4
29.878
30.356
30.834
31.31
31.776
32.242
32.708
33.174
33.64
34.106
34.57
35.082
35.594
36.106
36.618
37.13
37.642
38.154
38.666
39.178
39.69
40.04
40.39
40.74
41.09
41.44
41.79
42.14
42.49
42.987
43.484
43.981
44.478
44.975
45.47
45.811
46.152
46.493
46.834
47.175
47.516
47.86
48.314
48.768
49.222
49.676
50.13
50.584
51.038
51.492
51.942
52.15
52.358
52.566
52.774
52.982
53.19
53.4
53.736
54.072
54.408
54.744
55.08
55.416
55.752
56.088
56.424
56.76
57.096
57.43
57.706
57.982
58.258
58.534
58.81
59.086
59.362
59.638
59.914
60.19
60.47
60.867
61.264
61.661
62.058
62.455
62.852
63.25
63.73
64.21
64.69
65.17
65.65
66.13
66.61
67.09
67.57
68.05
68.53
69.01
69.421
69.832
70.243
70.654
71.065
71.476
71.887
72.3
72.622
72.944
73.266
73.588
73.91
74.23
74.529
74.828
75.127
75.426
75.725
76.024
76.323
76.622
76.921
77.22
77.519
77.818
78.12
78.56
79.0
79.44
79.88
80.32
80.76
81.203
81.645
82.087
82.529
82.971
83.413
83.855
84.3
84.828
85.356
85.884
86.412
86.94
87.468
87.996
88.524
89.052
89.58
90.11
90.82
91.53
92.24
92.95
93.66
94.37
94.717
95.064
95.411
95.758
96.105
96.452
96.799
97.146
97.49
97.942
98.394
98.846
99.298
99.75
100.202
100.654
101.106
101.558
102.01
102.413
102.816
103.219
103.622
104.025
104.428
104.83
104.997
105.164
105.331
105.498
105.665
105.832
105.999
106.166
106.33
106.977
107.624
108.271
108.918
109.566
110.213
110.86
111.51
111.95
112.39
112.83
113.27
113.71
114.15
114.59
115.43
116.27
117.11
117.95
118.79
119.63
121.653
123.676
125.699
127.722
129.745
131.768
133.79
135.049
136.308
137.567
138.826
140.085
141.344
142.603
143.86
144.165
144.47
144.775
145.08
145.385
145.69
145.995
146.3
146.605
146.91
147.22
147.969
148.718
149.467
150.216
150.965
151.714
152.463
153.212
153.961
154.71
155.459
156.21
157.29
158.37
159.45
160.53
161.61
162.69
163.77
164.85
165.306
165.762
166.218
166.674
167.13
167.586
168.042
168.498
168.95
169.373
169.796
170.219
170.642
171.065
171.488
171.911
172.334
172.76
173.05
173.34
173.63
173.92
174.21
174.5
174.79
175.08
175.37
175.66
175.997
176.334
176.671
177.008
177.345
177.682
178.019
178.356
178.69
178.986
179.282
179.578
179.874
180.17
180.466
180.762
181.058
181.354
181.65
182.009
182.368
182.727
183.086
183.445
183.804
184.163
184.52
184.912
185.304
185.696
186.088
186.48
186.872
187.264
187.656
188.05
188.26
188.47
188.68
188.89
189.1
189.31
189.52
189.904
190.288
190.672
191.056
191.44
191.824
192.208
192.592
192.98
193.213
193.446
193.679
193.912
194.145
194.378
194.611
194.844
195.077
195.31
195.594
195.878
196.162
196.446
196.73
197.014
197.298
197.58
197.841
198.102
198.363
198.624
198.885
199.146
199.407
199.668
199.93
200.354
200.778
201.202
201.626
202.05
202.474
202.898
203.322
203.75
204.054
204.358
204.662
204.966
205.27
205.574
205.878
206.182
206.486
206.79
207.09
207.409
207.728
208.047
208.366
208.685
209.004
209.323
209.64
210.31
210.98
211.65
212.32
212.99
213.288
213.586
213.884
214.182
214.48
214.778
215.076
215.374
215.672
215.97
216.268
216.57
216.934
217.298
217.662
218.026
218.39
218.754
219.12
219.393
219.666
219.939
220.212
220.485
220.758
221.031
221.304
221.577
221.85
222.123
222.396
222.67
223.277
223.884
224.491
225.1
225.375
225.65
225.925
226.2
226.475
226.75
227.025
227.3
227.575
227.85
228.125
228.4
228.68
229.114
229.548
229.982
230.416
230.85
231.284
231.72
232.117
232.514
232.911
233.308
233.705
234.102
234.499
234.896
235.293
235.69
236.09
236.427
236.764
237.101
237.438
237.775
238.112
238.449
238.786
239.124
240.04
240.662
241.284
241.906
242.528
243.15
243.772
244.394
245.016
245.638
246.26
246.882
247.504
248.12
248.385
248.65
248.915
249.18
249.445
249.71
249.975
250.24
250.846
251.452
252.058
252.664
253.27
253.876
254.482
255.09
255.334
255.578
255.822
256.066
256.31
256.657
257.004
257.351
257.698
258.045
258.392
258.739
259.086
259.433
259.779
260.134
260.489
260.844
261.199
261.554
261.909
262.264
262.62
262.83
263.04
263.25
263.46
263.67
263.88
264.09
264.3
264.51
264.72
264.93
265.14
265.56
265.98
266.4
266.82
267.24
267.66
267.88
268.1
268.32
268.54
268.76
268.98
269.2
269.42
269.64
269.909
270.178
270.447
270.716
270.985
271.254
271.523
271.792
272.061
272.33
272.6
272.858
273.116
273.374
273.632
273.89
274.148
274.406
274.664
274.922
275.18
275.44
276.29
277.14
277.369
277.598
277.827
278.056
278.285
278.514
278.743
278.972
279.201
279.43
279.916
280.402
280.888
281.374
281.86
282.346
282.832
283.318
283.805
284.177
284.549
284.921
285.293
285.665
286.037
286.409
286.781
287.153
287.527
287.731
287.935
288.139
288.343
288.547
288.751
288.955
289.159
289.36
289.845
290.33
290.815
291.3
291.785
292.27
292.755
293.24
293.725
294.21
294.448
294.686
294.924
295.162
295.4
295.638
295.876
296.114
296.352
296.59
296.83
297.32
297.81
298.3
298.79
299.28
299.77
300.208
300.646
301.084
301.522
301.96
302.398
302.836
303.274
303.712
304.15
304.588
305.03
305.372
305.715
306.058
306.4
306.847
307.294
307.741
308.188
308.635
309.082
309.529
309.976
310.423
310.87
311.32
311.736
312.152
312.568
312.984
313.4
313.816
314.232
314.65
314.909
315.168
315.427
315.686
315.945
316.204
316.463
316.72
317.228
317.736
318.243
318.75
319.257
319.764
320.272
320.78
321.379
321.978
322.577
323.176
323.775
324.374
324.973
325.57
325.955
326.34
326.725
327.11
327.495
327.88
328.265
328.65
329.145
329.64
330.135
330.63
331.125
331.62
332.115
332.61
333.105
333.6
334.09
335.036
335.982
336.928
337.874
338.82
339.766
340.712
341.658
342.604
343.55
344.065
344.58
345.095
345.61
346.125
346.64
346.969
347.298
347.627
347.956
348.285
348.614
348.943
349.272
349.601
349.93
350.26
350.666
351.072
351.478
351.884
352.29
352.696
353.1
353.779
354.458
355.137
355.816
356.495
357.174
357.853
358.53
359.375
360.22
361.065
361.91
362.755
363.6
363.828
364.056
364.284
364.512
364.74
364.968
365.196
365.424
365.652
365.88
366.36
366.84
367.32
367.8
368.28
368.852
369.424
369.996
370.568
371.14
371.837
372.534
373.231
373.928
374.625
375.322
376.019
376.716
377.413
378.11
378.807
379.504
380.2
380.711
381.222
381.733
382.244
382.755
383.266
383.78
384.293
384.806
385.319
385.832
386.345
386.858
387.371
387.884
388.4
388.79
389.18
389.57
389.96
390.35
390.74
391.13
391.52
391.91
392.3
392.69
393.08
393.244
393.408
393.572
393.736
393.9
394.064
394.228
394.39
394.73
395.07
395.41
395.75
396.09
396.43
396.77
397.184
397.598
398.012
398.426
398.84
399.254
399.67
400.064
400.458
400.852
401.246
401.64
402.034
402.428
402.82
403.18
403.54
403.9
404.26
404.62
404.98
405.34
405.7
406.014
406.328
406.642
406.956
407.27
407.584
407.898
408.212
408.53
408.976
409.422
409.868
410.314
410.76
411.134
411.508
411.882
412.256
412.63
413.004
413.378
413.75
414.204
414.658
415.112
415.566
416.02
416.354
416.688
417.022
417.356
417.69
418.248
418.806
419.364
419.922
420.48
421.04
421.495
421.95
422.405
422.86
423.315
423.77
424.166
424.562
424.958
425.354
425.75
426.146
426.54
427.03
427.52
428.01
428.5
428.99
429.48
429.97
430.46
430.95
432.24
433.53
434.82
436.11
437.4
438.69
439.98
441.27
441.917
442.564
443.211
443.858
444.505
445.15
445.527
445.904
446.281
446.658
447.035
447.412
447.79
448.064
448.338
448.612
448.886
449.16
449.434
449.708
449.982
450.256
450.53
450.93
451.33
451.73
452.13
452.53
452.93
453.33
453.73
454.13
454.53
454.93
455.33
455.838
456.346
456.854
457.362
457.87
458.232
458.594
458.956
459.318
459.68
460.042
460.404
460.766
461.128
461.49
461.852
462.214
462.576
462.94
463.343
463.746
464.149
464.552
464.955
465.358
465.761
466.164
466.567
466.97
467.373
467.779
468.036
468.293
468.55
468.807
469.064
469.32
469.703
470.086
470.469
470.852
471.235
471.618
472.001
472.384
472.77
473.327
473.884
474.44
474.854
475.268
475.682
476.096
476.51
476.924
477.338
477.75
478.154
478.558
478.962
479.366
479.77
480.085
480.4
480.715
481.03
481.345
481.66
481.975
482.29
482.605
482.92
483.24
483.609
483.978
484.347
484.716
485.085
485.454
485.823
486.192
486.56
487.349
488.138
488.927
489.716
490.505
491.294
492.083
492.87
493.323
493.776
494.229
494.682
495.135
495.59
496.281
496.972
497.663
498.354
499.045
499.736
500.427
501.118
501.809
502.5
503.19
504.233
505.276
506.319
507.36
507.817
508.274
508.731
509.188
509.645
510.102
510.56
510.849
511.138
511.427
511.716
512.005
512.294
512.583
512.87
513.292
513.714
514.136
514.559
515.129
515.699
516.269
516.839
517.409
517.979
518.55
518.769
518.988
519.207
519.426
519.645
519.864
520.083
520.299
520.71
521.121
521.532
521.943
522.354
522.765
523.176
523.587
523.998
524.41
524.907
525.404
525.901
526.398
526.895
527.392
527.889
528.386
528.887
529.076
529.265
529.454
529.643
529.832
530.021
530.21
530.399
530.588
530.777
530.97
531.485
532.0
532.515
533.03
533.545
534.06
534.482
534.904
535.326
535.748
536.17
536.59
536.824
537.058
537.292
537.526
537.76
537.994
538.228
538.462
538.7
539.008
539.316
539.624
539.932
540.24
540.548
540.856
541.16
541.405
541.65
541.895
542.14
542.385
542.63
542.875
543.12
543.365
543.61
543.86
544.085
544.31
544.535
544.76
544.985
545.21
545.435
545.66
546.115
546.57
547.025
547.48
547.935
548.39
548.785
549.18
549.575
549.97
550.365
550.76
551.155
551.55
551.913
552.276
552.639
553.002
553.365
553.73
554.03
554.33
554.63
554.93
555.23
555.796
556.362
556.928
557.494
558.06
558.626
559.19
559.623
560.056
560.489
560.922
561.355
561.788
562.221
562.654
563.09
563.425
563.76
564.095
564.43
564.765
565.1
565.435
565.77
566.105
566.44
566.78
567.094
567.408
567.722
568.036
568.35
568.558
568.766
568.974
569.182
569.39
569.598
569.806
570.014
570.222
570.432
570.614
570.796
570.978
571.16
571.342
571.524
571.706
571.89
572.266
572.642
573.018
573.394
573.77
574.146
574.522
574.898
575.27
575.615
575.96
576.305
576.65
576.995
577.34
577.685
578.03
578.997
579.964
580.932
581.9
582.264
582.628
582.992
583.356
583.72
584.084
584.448
584.812
585.176
585.54
585.9
586.461
587.022
587.583
588.144
588.705
589.266
589.83
590.478
591.126
591.774
592.422
593.07
593.718
594.366
595.014
595.66
596.006
596.352
596.698
597.044
597.39
597.736
598.082
598.428
598.774
599.12
599.47
599.768
600.066
600.364
600.662
600.96
601.258
601.556
601.854
602.152
602.45
602.748
603.046
603.344
603.64
604.22
604.8
605.38
605.96
606.54
607.12
607.7
608.28
608.86
609.099
609.338
609.577
609.816
610.055
610.294
610.533
610.77
611.142
611.514
611.887
612.259
612.631
613.004
613.377
613.75
614.492
615.234
615.976
616.718
617.46
617.826
618.192
618.558
618.924
619.29
619.656
620.022
620.388
620.756
620.952
621.148
621.344
621.54
621.736
621.932
622.13
622.518
622.906
623.293
623.681
624.069
624.457
624.845
625.23
625.49
625.75
626.01
626.27
626.53
626.79
627.05
627.31
627.57
627.83
628.09
628.35
628.61
629.445
630.28
630.741
631.202
631.663
632.124
632.585
633.292
633.999
634.706
635.413
636.12
636.827
637.534
638.241
638.948
639.655
640.362
641.069
641.78
642.101
642.422
642.743
643.064
643.385
643.706
644.027
644.348
644.669
644.99
645.311
645.632
645.953
646.274
646.6
647.067
647.534
648.001
648.47
648.808
649.145
649.482
649.819
650.156
650.493
650.831
651.17
651.62
652.07
652.52
652.97
653.42
653.87
654.32
654.77
655.22
655.79
656.36
656.93
657.5
658.07
658.64
659.21
659.78
660.35
660.92
661.262
661.604
661.946
662.288
662.63
662.972
663.314
663.656
663.998
664.34
664.882
665.424
665.966
666.508
667.05
667.59
667.819
668.048
668.277
668.506
668.735
668.964
669.193
669.422
669.65
670.445
671.24
672.035
672.83
673.911
674.992
676.073
677.154
678.235
679.316
680.397
681.478
682.559
683.64
684.466
685.292
686.118
686.944
687.77
688.596
689.422
690.248
691.074
691.9
692.73
693.56
694.39
695.22
696.05
696.757
697.464
698.171
698.878
699.585
700.292
700.999
701.706
702.41
702.714
703.018
703.322
703.626
703.93
704.234
704.538
704.84
706.237
707.634
709.032
710.43
710.828
711.226
711.624
712.022
712.42
712.818
713.216
713.614
714.012
714.41
714.805
714.967
715.13
715.293
715.456
715.619
715.782
715.945
716.108
716.27
716.43
716.805
717.18
717.555
717.93
718.305
718.68
719.055
719.43
719.805
720.18
720.55
720.857
721.164
721.471
721.778
722.085
722.392
722.699
723.006
723.313
723.62
723.967
724.314
724.661
725.008
725.355
725.702
726.05
726.426
726.802
727.178
727.554
727.93
728.3
728.67
729.04
729.41
729.78
730.15
730.52
730.89
731.225
731.56
731.895
732.23
732.565
732.9
733.235
733.57
733.905
734.24
734.575
734.91
735.25
735.471
735.692
735.913
736.134
736.355
736.576
736.797
737.02
737.319
737.618
737.917
738.216
738.515
738.814
739.113
739.412
739.711
740.007
740.165
740.323
740.481
740.639
740.797
740.955
741.113
741.271
741.429
741.59
741.995
742.4
742.805
743.21
743.615
744.02
744.425
744.83
745.13
745.43
745.73
746.03
746.367
746.704
747.041
747.378
747.715
748.052
748.389
748.726
749.063
749.4
749.737
750.07
750.536
751.002
751.468
751.934
752.4
752.866
753.332
753.798
754.26
754.68
755.1
755.52
755.94
756.237
756.534
756.831
757.128
757.425
757.72
758.08
758.44
758.8
759.16
759.52
759.88
760.24
760.6
760.96
761.32
761.68
762.04
762.4
763.186
763.972
764.758
765.544
766.33
767.116
767.902
768.688
769.474
770.26
771.046
771.83
772.101
772.372
772.643
772.914
773.185
773.456
773.727
773.998
774.269
774.54
774.811
775.08
775.308
775.536
775.764
775.992
776.22
776.448
776.676
776.904
777.132
777.36
778.025
778.69
779.355
780.02
780.389
780.758
781.127
781.496
781.865
782.234
782.603
782.972
783.34
783.604
783.868
784.132
784.396
784.66
784.924
785.188
785.452
785.716
785.98
786.428
786.876
787.324
787.772
788.22
788.67
788.931
789.192
789.453
789.714
789.975
790.236
790.497
790.758
791.019
791.28
791.49
791.7
791.91
792.12
792.33
792.54
792.75
793.164
793.578
793.992
794.406
794.82
795.234
795.65
796.521
797.392
798.263
799.134
800.005
800.876
801.747
802.618
803.489
804.36
805.231
806.102
806.973
807.85
808.366
808.882
809.398
809.914
810.43
810.946
811.462
811.978
812.494
813.01
813.549
814.088
814.627
815.166
815.705
816.244
816.783
817.322
817.86
818.115
818.37
818.625
818.88
819.135
819.39
819.645
819.9
820.155
820.41
820.665
820.92
821.18
821.563
821.946
822.329
822.712
823.095
823.48
823.728
823.976
824.224
824.472
824.72
824.97
825.308
825.646
825.984
826.322
826.66
827.0
827.453
827.906
828.359
828.812
829.265
829.718
830.171
830.624
831.077
831.53
832.144
832.758
833.372
833.986
834.6
835.214
835.828
836.44
836.971
837.502
838.033
838.564
839.095
839.626
840.157
840.688
841.219
841.75
842.28
842.689
843.098
843.507
843.916
844.325
844.734
845.143
845.552
845.961
846.37
846.857
847.344
847.832
848.319
848.806
849.293
849.78
850.27
850.504
850.738
850.972
851.206
851.44
851.674
851.91
852.352
852.794
853.236
853.678
854.12
854.562
855.004
855.446
855.888
856.33
856.77
857.07
857.37
857.67
857.97
858.27
858.57
858.87
859.17
859.47
859.829
860.188
860.547
860.906
861.265
861.624
861.983
862.342
862.701
863.06
863.42
863.854
864.288
864.722
865.156
865.59
866.024
866.458
866.892
867.326
867.76
867.948
868.136
868.324
868.512
868.7
868.888
869.076
869.264
869.452
869.64
870.084
870.528
870.972
871.416
871.86
872.304
872.748
873.192
873.636
874.08
874.328
874.576
874.824
875.072
875.32
875.568
875.816
876.064
876.31
876.717
877.124
877.531
877.938
878.345
878.752
879.159
879.566
879.97
880.738
881.506
882.274
883.042
883.81
884.58
885.065
885.55
886.035
886.52
887.005
887.49
887.975
888.46
888.945
889.43
889.91
890.347
890.784
891.221
891.658
892.095
892.532
892.97
894.214
895.458
896.702
897.946
899.19
899.844
900.498
901.152
901.806
902.46
903.114
903.77
904.14
904.51
904.88
905.25
905.62
905.99
906.36
906.629
906.898
907.167
907.436
907.705
907.974
908.243
908.512
908.781
909.05
909.327
909.605
909.883
910.16
910.45
910.74
911.03
911.32
911.61
911.9
912.19
912.48
912.779
913.078
913.377
913.676
913.975
914.274
914.573
914.872
915.171
915.47
915.835
916.2
916.565
916.93
917.297
917.664
918.031
918.398
918.765
919.132
919.499
919.866
920.23
920.57
920.91
921.25
921.59
921.93
922.27
922.61
922.95
923.29
923.63
924.153
924.676
925.199
925.722
926.244
926.429
926.614
926.799
926.984
927.169
927.354
927.539
927.724
927.91
928.254
928.598
928.942
929.286
929.63
929.974
930.318
930.66
931.221
931.782
932.343
932.904
933.465
934.026
934.587
935.148
935.709
936.27
936.83
937.197
937.564
937.931
938.298
938.665
939.032
939.4
939.814
940.228
940.642
941.056
941.47
942.473
943.476
944.478
945.48
946.483
947.486
948.488
949.49
949.801
950.112
950.423
950.734
951.045
951.356
951.667
951.978
952.289
952.6
952.91
953.154
953.398
953.642
953.886
954.13
954.374
954.618
954.862
955.106
955.35
955.944
956.538
957.132
957.726
958.32
958.696
959.072
959.448
959.824
960.2
960.576
960.952
961.328
961.704
962.08
962.456
962.832
963.208
963.58
963.874
964.168
964.462
964.756
965.05
965.344
965.638
965.932
966.226
966.52
966.845
967.17
967.495
967.82
968.145
968.47
968.795
969.12
969.445
969.77
970.062
970.354
970.646
970.938
971.23
971.522
971.814
972.106
972.398
972.69
972.985
973.575
974.165
974.755
975.345
975.935
976.524
977.114
977.704
978.293
978.88
979.455
980.03
980.605
981.18
983.28
985.38
986.262
987.144
988.026
988.908
989.79
990.67
991.41
992.15
992.744
993.338
993.932
994.526
995.12
995.714
996.31
996.786
997.262
997.738
998.214
998.69
999.166
999.642
1000.12
1000.413
1000.706
1000.999
1001.292
1001.585
1001.878
1002.171
1002.464
1002.757
1003.05
1003.343
1003.636
1003.93
1004.311
1004.692
1005.073
1005.454
1005.835
1006.215
1006.958
1007.701
1008.444
1009.187
1009.93
1010.404
1010.878
1011.352
1011.826
1012.3
1012.774
1013.248
1013.722
1014.196
1014.67
1015.144
1015.618
1016.092
1016.57
1016.813
1017.056
1017.299
1017.542
1017.785
1018.03
1018.682
1019.334
1019.986
1020.638
1021.29
1021.942
1022.594
1023.246
1023.9
1025.132
1026.364
1027.596
1028.828
1030.06
1030.332
1030.605
1030.878
1031.15
1031.617
1032.084
1032.551
1033.018
1033.485
1033.952
1034.419
1034.886
1035.349
1035.714
1036.079
1036.444
1036.809
1037.174
1037.539
1037.904
1038.269
1038.634
1038.999
1039.364
1039.73
1040.064
1040.398
1040.732
1041.066
1041.4
1041.734
1042.068
1042.4
1042.794
1043.188
1043.582
1043.976
1044.37
1044.764
1045.16
1045.465
1045.77
1046.075
1046.38
1046.685
1046.99
1047.295
1047.599
1048.152
1048.705
1049.258
1049.811
1050.364
1050.917
1051.47
1051.801
1052.132
1052.463
1052.794
1053.125
1053.456
1053.787
1054.12
1054.464
1054.808
1055.152
1055.496
1055.84
1056.184
1056.528
1056.872
1057.216
1057.56
1057.9
1058.24
1058.58
1058.92
1059.26
1059.6
1059.94
1060.28
1060.62
1060.96
1061.223
1061.486
1061.749
1062.012
1062.275
1062.538
1062.801
1063.064
1063.327
1063.59
1063.85
1064.14
1064.43
1064.72
1065.01
1065.3
1066.819
1068.338
1069.857
1071.376
1072.895
1074.414
1075.93
1076.281
1076.632
1076.983
1077.334
1077.685
1078.036
1078.387
1078.74
1079.618
1080.496
1081.374
1082.252
1083.13
1084.008
1084.886
1085.764
1086.645
1086.841
1087.037
1087.233
1087.429
1087.625
1087.821
1088.02
1088.261
1088.502
1088.743
1088.984
1089.225
1089.466
1089.707
1089.948
1090.189
1090.43
1090.853
1091.276
1091.7
1092.235
1092.77
1093.305
1093.84
1094.103
1094.366
1094.629
1094.892
1095.155
1095.418
1095.681
1095.944
1096.207
1096.47
1096.658
1096.845
1097.033
1097.22
1097.408
1097.595
1097.783
1097.97
1098.569
1099.168
1099.767
1100.366
1100.965
1101.564
1102.163
1102.76
1103.443
1104.126
1104.809
1105.492
1106.175
1106.86
1107.145
1107.43
1107.715
1108.0
1108.285
1108.57
1108.855
1109.14
1109.538
1109.936
1110.333
1110.73
1111.286
1111.842
1112.398
1112.954
1113.51
1113.81
1114.11
1114.41
1114.71
1115.01
1115.31
1115.61
1115.91
1116.21
1116.51
1116.81
1117.2
1117.59
1117.98
1118.37
1118.76
1119.15
1119.54
1119.87
1120.2
1120.53
1120.86
1121.19
1121.52
1121.85
1122.223
1122.596
1122.969
1123.342
1123.715
1124.088
1124.461
1124.834
1125.21
1125.487
1125.764
1126.041
1126.318
1126.595
1126.872
1127.149
1127.426
1127.7
1128.123
1128.546
1128.969
1129.392
1129.815
1130.238
1130.66
1131.155
1131.65
1132.145
1132.64
1133.28
1133.92
1134.56
1135.2
1135.84
1136.48
1136.866
1137.252
1137.638
1138.024
1138.41
1138.727
1139.044
1139.361
1139.678
1139.995
1140.312
1140.629
1140.946
1141.263
1141.58
1141.9
1142.245
1142.59
1142.935
1143.28
1143.625
1143.97
1144.315
1144.66
1145.005
1145.35
1145.7
1146.09
1146.48
1146.87
1147.26
1147.65
1148.04
1148.43
1148.82
1149.094
1149.368
1149.642
1149.916
1150.19
1150.464
1150.738
1151.012
1151.29
1151.769
1152.248
1152.727
1153.206
1153.685
1154.164
1154.643
1155.122
1155.6
1156.509
1157.418
1158.327
1159.236
1160.145
1161.054
1161.963
1162.87
1163.126
1163.382
1163.638
1163.894
1164.15
1164.406
1164.662
1164.92
1165.239
1165.558
1165.877
1166.196
1166.515
1166.834
1167.15
1167.451
1167.752
1168.053
1168.354
1168.655
1168.956
1169.257
1169.56
1169.838
1170.116
1170.394
1170.672
1170.95
1171.23
1171.72
1172.21
1172.7
1173.19
1173.68
1174.17
1174.66
1175.15
1175.64
1176.13
1176.831
1177.532
1178.233
1178.934
1179.635
1180.336
1181.04
1181.393
1181.746
1182.099
1182.452
1182.805
1183.158
1183.511
1183.864
1184.217
1184.57
1185.113
1185.656
1186.199
1186.742
1187.285
1187.83
1188.234
1188.638
1189.042
1189.446
1189.85
1190.254
1190.658
1191.062
1191.466
1191.87
1192.27
1192.549
1192.828
1193.107
1193.386
1193.665
1193.944
1194.226
1194.455
1194.684
1194.913
1195.142
1195.371
1195.6
1196.12
1196.64
1197.16
1197.68
1198.2
1198.716
1199.232
1199.748
1200.264
1200.78
1201.82
1202.86
1203.9
1204.94
1205.98
1207.02
1208.06
1209.1
1210.14
1211.179
1211.372
1211.565
1211.758
1211.951
1212.144
1212.337
1212.53
1212.72
1213.858
1214.995
1216.132
1217.27
1217.598
1217.926
1218.254
1218.582
1218.91
1219.238
1219.566
1219.894
1220.222
1220.55
1220.88
1221.527
1222.174
1222.821
1223.468
1224.115
1224.762
1225.41
1226.074
1226.738
1227.402
1228.066
1228.73
1229.216
1229.702
1230.188
1230.674
1231.16
1231.646
1232.132
1232.618
1233.104
1233.59
1233.998
1234.406
1234.814
1235.222
1235.63
1236.038
1236.446
1236.854
1237.26
1237.788
1238.316
1238.844
1239.372
1239.9
1240.24
1240.58
1240.92
1241.26
1241.6
1241.94
1242.28
1242.62
1242.96
1243.3
1243.915
1244.53
1245.145
1245.76
1246.375
1246.99
1247.95
1248.187
1248.424
1248.661
1256.356
1256.668
1256.98
1257.292
1257.604
1257.916
1258.23
1258.966
1259.702
1260.438
1261.174
1261.91
1262.213
1262.515
1262.818
1263.12
1263.5
1263.88
1264.26
1264.64
1265.02
1265.4
1265.78
1266.161
1266.66
1267.16
1267.45
1267.74
1267.93
1268.12
1268.31
1268.704
1269.098
1269.492
1269.886
1270.28
1270.557
1270.834
1271.111
1271.388
1271.665
1271.942
1272.221
1272.421
1272.621
1272.821
1273.021
1273.22
1273.397
1273.574
1273.751
1273.928
1274.533
1275.138
1275.743
1276.348
1276.953
1277.558
1278.16
1278.654
1279.148
1279.642
1280.136
1280.63
1281.124
1281.62
1281.847
1282.074
1282.301
1282.528
1282.755
1282.982
1283.209
1283.436
1283.663
1283.89
1284.117
1284.344
1284.571
1284.8
1285.143
1285.486
1285.829
1286.172
1286.515
1286.858
1287.2
1287.742
1288.284
1288.826
1289.368
1289.91
1290.12
1290.33
1290.54
1290.75
1290.96
1291.17
1291.38
1291.59
1291.8
1292.01
1292.22
1292.425
1292.657
1292.889
1293.121
1293.353
1293.585
1293.817
1294.049
1294.28
1295.197
1296.114
1297.032
1297.95
1298.384
1298.818
1299.252
1299.686
1300.12
1300.554
1300.988
1301.422
1301.856
1302.29
1302.72
1303.199
1303.678
1304.157
1304.636
1305.115
1305.594
1306.073
1306.552
1307.031
1307.51
1307.99
1308.291
1308.592
1308.893
1309.194
1309.495
1309.796
1310.097
1310.398
1310.699
1311.0
1311.301
1311.602
1311.909
1312.601
1313.293
1313.985
1314.677
1315.369
1316.061
1316.75
1317.354
1317.958
1318.562
1319.166
1319.77
1320.374
1320.978
1321.582
1322.186
1322.79
1323.394
1324.0
1325.635
1327.27
1328.905
1330.54
1331.06
1331.58
1332.1
1332.62
1333.14
1333.66
1334.18
1334.7
1335.22
1335.74
1336.26
1336.78
1336.995
1337.21
1337.425
1337.64
1337.855
1338.07
1338.776
1339.482
1340.188
1340.894
1341.6
1342.306
1343.012
1343.718
1344.424
1345.13
1345.836
1346.542
1347.251
1347.883
1348.515
1349.147
1349.779
1350.41
1351.163
1351.916
1352.669
1353.422
1354.175
1354.928
1355.681
1356.434
1357.187
1357.94
1358.417
1358.894
1359.371
1359.848
1360.325
1360.802
1361.28
1361.657
1362.034
1362.411
1362.788
1363.165
1363.542
1363.919
1364.296
1364.67
1364.912
1365.154
1365.396
1365.638
1365.88
1366.23
1366.58
1366.93
1367.28
1367.63
1367.98
1368.33
1368.68
1369.03
1369.38
1369.73
1370.08
1370.43
1370.869
1371.308
1371.747
1372.186
1372.625
1373.064
1373.503
1373.94
1374.195
1374.45
1374.705
1374.96
1375.215
1375.47
1375.969
1376.468
1376.967
1377.466
1377.965
1378.464
1378.963
1379.462
1379.961
1380.46
1380.959
1381.458
1381.957
1382.456
1382.95
1383.327
1383.704
1384.081
1384.458
1384.835
1385.212
1385.589
1385.966
1386.343
1386.72
1387.097
1387.474
1387.85
1388.066
1388.282
1388.498
1388.714
1388.93
1389.146
1389.362
1389.578
1389.79
1389.991
1390.192
1390.393
1390.594
1390.795
1390.998
1391.232
1391.466
1391.7
1391.934
1392.168
1392.402
1392.636
1392.87
1393.104
1393.337
1393.541
1393.745
1393.949
1394.153
1394.357
1394.561
1394.765
1394.969
1395.17
1395.33
1395.49
1395.65
1395.81
1395.97
1396.13
1396.29
1396.45
1396.61
1396.77
1396.93
1397.09
1397.312
1397.534
1397.757
1397.98
1398.455
1398.93
1399.405
1399.88
1400.355
1400.83
1401.305
1401.78
1402.255
1402.73
1403.2
1403.743
1404.286
1404.829
1405.372
1405.915
1406.458
1407.0
1407.275
1407.55
1407.825
1408.1
1408.375
1408.65
1408.925
1409.197
1409.842
1410.487
1411.132
1411.777
1412.422
1413.067
1413.712
1414.357
1415.0
1415.201
1415.402
1415.603
1415.804
1416.005
1416.206
1416.407
1416.608
1416.805
1417.127
1417.449
1417.77
1418.03
1418.29
1418.55
1418.81
1419.07
1419.33
1419.59
1419.85
1420.377
1420.904
1421.431
1421.958
1422.485
1423.01
1423.264
1423.518
1423.772
1424.026
1424.28
1424.534
1424.788
1425.04
1425.523
1426.005
1426.488
1426.971
1427.454
1427.937
1428.419
1428.9
1429.262
1429.624
1429.986
1430.348
1430.71
1431.092
1431.474
1431.856
1432.238
1432.62
1433.0
1433.283
1433.566
1433.849
1434.132
1434.415
1434.698
1434.981
1435.264
1435.547
1435.83
1436.113
1436.396
1436.676
1436.979
1437.282
1437.585
1437.888
1438.191
1438.494
1438.797
1439.1
1439.4
1439.875
1440.35
1440.825
1441.3
1441.775
1442.25
1442.725
1443.2
1443.675
1444.15
1444.62
1444.841
1445.062
1445.283
1445.504
1445.725
1445.946
1446.167
1446.388
1446.609
1446.83
1447.402
1447.975
1448.547
1449.12
1449.71
1450.3
1450.89
1451.48
1451.801
1452.122
1452.443
1452.764
1453.085
1453.406
1453.727
1454.048
1454.37
1454.682
1454.994
1455.306
1455.618
1455.93
1456.242
1456.554
1456.864
1457.147
1457.43
1457.713
1457.996
1458.28
1458.511
1458.742
1458.973
1459.204
1459.435
1459.666
1459.897
1460.128
1460.363
1460.809
1461.255
1461.701
1462.147
1462.593
1463.039
1463.485
1463.931
1464.38
1464.577
1464.774
1464.971
1465.168
1465.365
1465.56
1466.265
1466.97
1467.675
1468.38
1469.085
1469.79
1470.495
1471.2
1471.499
1471.798
1472.097
1472.396
1472.695
1472.994
1473.293
1473.592
1473.891
1474.19
1474.476
1474.762
1475.048
1475.334
1475.62
1475.906
1476.192
1476.478
1476.764
1477.05
1477.416
1477.782
1478.148
1478.514
1478.88
1479.246
1479.612
1479.978
1480.344
1480.709
1480.876
1481.043
1481.21
1481.377
1481.544
1481.711
1481.878
1482.045
1482.212
1482.379
1482.546
1482.713
1482.88
1483.042
1484.81
1485.342
1485.874
1486.406
1486.938
1487.47
1488.002
1488.534
1489.066
1489.6
1490.214
1490.828
1491.442
1492.056
1492.67
1493.284
1493.9
1494.078
1494.256
1494.434
1494.612
1494.79
1494.97
1495.251
1495.532
1495.813
1496.094
1496.375
1496.656
1496.937
1497.218
1497.499
1497.78
1498.061
1498.342
1498.62
1498.944
1499.268
1499.592
1499.916
1500.24
1500.564
1500.888
1501.21
1501.762
1502.314
1502.866
1503.418
1503.97
1504.522
1505.074
1505.626
1506.178
1506.73
1507.277
1507.485
1507.693
1507.901
1508.109
1508.317
1508.525
1508.735
1509.072
1509.409
1509.746
1510.083
1510.42
1510.757
1511.094
1511.431
1511.768
1512.105
1512.44
1512.73
1513.02
1513.31
1513.6
1513.89
1514.18
1514.47
1514.76
1515.05
1515.34
1515.83
1516.32
1516.81
1517.111
1517.412
1517.713
1518.014
1518.315
1518.616
1518.917
1519.218
1519.519
1519.82
1520.121
1520.422
1520.723
1521.03
1521.873
1522.716
1523.559
1524.402
1525.245
1526.088
1526.93
1527.545
1528.16
1528.775
1529.39
1530.005
1530.62
1530.94
1531.26
1531.58
1531.9
1532.22
1532.54
1532.86
1533.18
1533.5
1533.82
1534.14
1534.46
1534.78
1535.445
1536.11
1536.775
1537.44
1538.105
1538.77
1539.435
1540.1
1540.765
1541.43
1542.095
1542.559
1543.023
1543.487
1543.95
1544.369
1544.788
1545.207
1545.626
1546.045
1546.464
1546.883
1547.302
1547.721
1548.14
1548.559
1548.978
1549.397
1549.814
1550.147
1550.48
1550.813
1551.146
1551.48
1551.734
1551.988
1552.242
1552.496
1552.75
1553.004
1553.258
1553.512
1553.766
1554.02
1554.414
1554.808
1555.202
1555.596
1555.99
1556.384
1556.778
1557.172
1557.57
1557.933
1558.296
1558.659
1559.022
1559.385
1559.748
1560.11
1560.548
1560.986
1561.424
1561.862
1562.3
1562.738
1563.176
1563.614
1564.052
1564.49
1564.904
1565.318
1565.732
1566.146
1566.56
1566.974
1567.388
1567.802
1568.216
1568.63
1568.872
1569.114
1569.356
1569.598
1569.84
1570.08
1570.765
1571.45
1572.135
1572.82
1573.505
1574.19
1574.875
1575.56
1576.245
1576.93
1577.615
1578.3
1578.99
1579.24
1579.49
1579.74
1579.99
1580.24
1580.49
1580.74
1580.99
1581.35
1581.71
1582.07
1582.43
1582.79
1583.15
1583.51
1583.87
1584.31
1584.75
1585.19
1585.63
1585.853
1586.076
1586.299
1586.522
1586.745
1586.968
1587.19
1587.457
1587.724
1587.991
1588.258
1588.525
1588.79
1589.056
1589.322
1589.588
1589.854
1590.12
1590.386
1590.649
1591.367
1592.085
1592.803
1593.522
1594.24
1594.96
1595.463
1595.966
1596.469
1596.972
1597.475
1597.978
1598.481
1598.984
1599.487
1599.99
1600.493
1600.996
1601.5
1602.483
1603.466
1604.449
1605.432
1606.415
1607.398
1608.381
1609.364
1610.347
1611.33
1612.31
1612.969
1613.628
1614.287
1614.946
1615.605
1616.264
1616.923
1617.582
1618.241
1618.9
1619.146
1619.392
1619.638
1619.884
1620.13
1620.376
1620.622
1620.868
1621.11
1621.432
1621.755
1622.078
1622.4
1622.973
1623.545
1624.118
1624.69
1625.263
1625.835
1626.408
1626.98
1627.553
1628.126
1628.698
1629.27
1629.671
1630.072
1630.473
1630.874
1631.275
1631.676
1632.077
1632.478
1632.879
1633.28
1633.847
1634.414
1634.981
1635.548
1636.115
1636.68
1637.481
1638.282
1639.083
1639.884
1640.685
1641.486
1642.287
1643.088
1643.889
1644.69
1645.465
1646.24
1647.015
1647.79
1648.565
1649.34
1650.115
1650.89
1651.665
1652.44
1653.21
1654.02
1654.83
1655.64
1656.45
1657.26
1658.07
1658.88
1659.69
1660.5
1661.31
1662.116
1662.328
1662.54
1662.752
1662.964
1663.176
1663.388
1663.6
1663.812
1664.024
1664.24
1664.866
1665.492
1666.118
1666.744
1667.37
1667.996
1668.622
1669.248
1669.87
1670.43
1670.99
1671.55
1672.11
1672.67
1673.23
1673.79
1674.081
1674.372
1674.663
1674.954
1675.245
1675.536
1675.827
1676.12
1676.813
1677.506
1678.2
1678.698
1679.196
1679.694
1680.192
1680.69
1681.188
1681.686
1682.184
1682.682
1683.18
1683.726
1684.272
1684.818
1685.364
1685.91
1686.456
1687.002
1687.548
1688.094
1688.64
1689.405
1690.17
1690.935
1691.7
1692.055
1692.41
1692.765
1693.12
1693.475
1693.83
1694.185
1694.54
1694.895
1695.25
1695.605
1695.96
1696.321
1696.682
1697.043
1697.404
1697.765
1698.126
1698.487
1698.848
1699.209
1699.57
1699.974
1700.378
1700.782
1701.186
1701.59
1701.994
1702.398
1702.8
1703.202
1703.604
1704.006
1704.408
1704.81
1705.212
1705.614
1706.016
1706.418
1706.82
1707.222
1707.624
1708.086
1708.548
1709.01
1709.472
1709.934
1710.396
1710.858
1711.32
1711.667
1712.014
1712.361
1712.708
1713.055
1713.4
1713.973
1714.546
1715.119
1715.692
1716.265
1716.84
1717.095
1717.35
1717.605
1717.86
1718.115
1718.37
1718.625
1718.88
1719.135
1719.39
1719.65
1719.898
1720.146
1720.394
1720.642
1720.89
1721.138
1721.386
1721.634
1721.882
1722.13
1722.38
1722.974
1723.568
1724.162
1724.352
1724.542
1724.732
1724.922
1725.112
1725.302
1725.492
1725.682
1725.87
1726.202
1726.534
1726.866
1727.198
1727.53
1727.862
1728.194
1728.526
1728.858
1729.19
1729.512
1729.834
1730.156
1730.478
1730.8
1731.077
1731.354
1731.631
1731.908
1732.185
1732.462
1732.739
1733.016
1733.293
1733.57
1733.85
1734.18
1734.51
1734.84
1735.17
1735.5
1735.83
1736.16
1736.49
1736.82
1737.14
1737.46
1737.78
1738.1
1738.42
1738.74
1739.121
1739.502
1739.883
1740.264
1740.645
1741.026
1741.407
1741.788
1742.17
1742.504
1742.838
1743.172
1743.506
1743.84
1744.199
1744.558
1744.917
1745.276
1745.635
1745.994
1746.353
1746.712
1747.071
1747.43
1747.79
1748.585
1749.38
1750.175
1750.97
1751.272
1751.574
1751.876
1752.178
1752.48
1752.735
1752.99
1753.245
1753.5
1753.755
1754.01
1754.266
1754.485
1754.703
1754.921
1755.14
1755.53
1755.92
1756.31
1756.662
1757.014
1757.366
1757.718
1758.071
1758.423
1758.775
1759.13
1759.704
1760.278
1760.852
1761.426
1762.0
1762.574
1763.148
1763.72
1763.952
1764.184
1764.416
1764.648
1764.88
1765.088
1765.296
1765.504
1765.712
1765.92
1766.128
1766.336
1766.544
1766.752
1766.96
1767.168
1767.38
1767.716
1768.052
1768.388
1768.724
1769.06
1769.395
1769.624
1769.853
1770.082
1770.311
1770.54
1770.769
1770.998
1771.227
1771.46
1771.959
1772.458
1772.957
1773.456
1773.955
1774.454
1774.953
1775.45
1775.716
1775.982
1776.248
1776.514
1776.78
1777.046
1777.312
1777.578
1777.844
1778.11
1778.504
1778.898
1779.292
1779.686
1780.08
1780.304
1780.528
1780.752
1780.976
1781.2
1781.424
1781.648
1781.87
1782.067
1782.264
1782.461
1782.658
1782.855
1783.052
1783.249
1783.446
1783.643
1783.84
1784.04
1784.424
1784.808
1785.192
1785.576
1785.96
1786.344
1786.728
1787.112
1787.496
1787.88
1788.264
1788.648
1789.032
1789.42
1789.704
1789.988
1790.272
1790.556
1790.84
1791.128
1791.416
1791.704
1791.992
1792.28
1792.568
1792.856
1793.144
1793.432
1793.72
1794.01
1794.431
1794.852
1795.273
1795.694
1796.114
1796.299
1796.484
1796.669
1796.854
1797.039
1797.224
1797.409
1797.594
1797.78
1798.208
1798.636
1799.064
1799.492
1799.92
1800.442
1800.964
1801.486
1802.008
1802.53
1803.052
1803.574
1804.096
1804.618
1805.14
1805.662
1806.184
1806.706
1807.23
1807.48
1807.73
1807.98
1808.23
1808.48
1808.73
1809.03
1809.33
1809.63
1809.93
1810.23
1810.53
1810.83
1811.13
1811.43
1811.73
1812.03
1812.33
1812.721
1813.112
1813.503
1813.894
1814.285
1814.676
1815.067
1815.46
1815.847
1816.234
1816.62
1816.877
1817.134
1817.391
1817.648
1817.905
1818.162
1818.42
1818.758
1819.096
1819.434
1819.772
1820.11
1820.484
1820.858
1821.232
1821.606
1821.98
1822.354
1822.728
1823.102
1823.476
1823.85
1824.224
1824.6
1825.062
1825.524
1825.986
1826.449
1826.912
1827.375
1827.838
1828.3
1829.031
1829.762
1830.493
1831.224
1831.955
1832.686
1833.417
1834.148
1834.879
1835.61
1836.341
1837.072
1837.803
1838.53
1839.493
1840.456
1841.42
1841.687
1841.954
1842.221
1842.488
1842.755
1843.022
1843.289
1843.556
1843.823
1844.086
1844.266
1844.446
1844.626
1844.806
1844.986
1845.166
1845.346
1845.526
1845.71
1845.942
1846.174
1846.406
1846.638
1846.87
1847.102
1847.334
1847.764
1848.194
1848.624
1849.054
1849.484
1849.914
1850.344
1850.774
1851.2
1851.54
1851.88
1852.22
1852.56
1852.9
1853.24
1853.58
1853.92
1854.26
1854.6
1854.94
1855.28
1855.557
1855.834
1856.11
1856.503
1856.896
1857.289
1857.682
1858.075
1858.468
1858.861
1859.254
1859.647
1860.04
1860.433
1860.827
1861.053
1861.279
1861.505
1861.731
1861.957
1862.183
1862.41
1862.688
1862.966
1863.243
1863.52
1863.797
1864.074
1864.351
1864.63
1865.245
1865.86
1866.475
1867.09
1867.705
1868.32
1868.935
1869.55
1870.15
1870.75
1871.35
1871.95
1872.55
1873.15
1873.414
1873.678
1873.942
1874.206
1874.47
1874.734
1875.0
1875.337
1875.674
1876.011
1876.348
1876.685
1877.022
1877.359
1877.696
1878.033
1878.37
1878.71
1879.485
1880.26
1881.035
1881.81
1882.59
1883.731
1884.348
1884.965
1885.582
1886.199
1886.816
1887.433
1888.05
1890.523
1892.996
1895.47
1896.31
1897.15
1897.99
1898.83
1899.142
1899.454
1899.766
1900.078
1900.39
1900.702
1901.014
1901.326
1901.64
1901.958
1902.276
1902.594
1902.912
1903.23
1903.55
1903.754
1903.958
1904.162
1904.366
1904.57
1904.774
1904.978
1905.18
1905.34
1905.5
1905.66
1905.82
1905.98
1906.14
1906.3
1906.46
1906.62
1906.78
1906.94
1907.1
1907.26
1907.42
1907.58
1907.74
1907.9
1908.655
1909.41
1910.165
1910.92
1911.113
1911.306
1911.499
1911.692
1911.885
1912.078
1912.271
1912.464
1912.657
1912.85
1913.04
1914.024
1915.008
1915.992
1916.976
1917.96
1918.252
1918.544
1918.836
1919.128
1919.42
1919.712
1920.004
1920.296
1920.588
1920.88
1921.123
1921.366
1921.609
1921.852
1922.095
1922.338
1922.58
1923.106
1923.632
1924.158
1924.684
1925.21
1925.736
1926.262
1926.788
1927.314
1927.84
1928.37
1928.61
1928.85
1929.09
1929.33
1929.57
1929.81
1930.206
1930.602
1930.998
1931.394
1931.79
1932.151
1932.512
1932.873
1933.234
1933.595
1933.956
1934.317
1934.678
1935.039
1935.4
1935.761
1936.122
1936.483
1936.84
1937.119
1937.398
1937.677
1937.956
1938.235
1938.514
1938.793
1939.07
1939.251
1939.432
1939.613
1939.794
1939.975
1940.156
1940.337
1940.518
1940.695
1940.962
1941.229
1941.496
1941.764
1942.031
1942.298
1942.565
1942.832
1943.1
1943.37
1943.647
1943.924
1944.201
1944.478
1944.755
1945.032
1945.309
1945.586
1945.86
1946.323
1946.786
1947.249
1947.712
1948.175
1948.64
1949.096
1949.552
1950.008
1950.464
1950.92
1951.376
1951.832
1952.29
1952.631
1952.972
1953.313
1953.654
1953.995
1954.336
1954.677
1955.02
1955.46
1955.9
1956.34
1956.78
1957.22
1957.66
1958.1
1958.49
1958.88
1959.27
1959.66
1960.05
1960.441
1960.628
1960.815
1961.002
1961.189
1961.376
1961.563
1961.75
1961.94
1962.667
1963.394
1964.121
1964.848
1965.575
1966.302
1967.03
1967.913
1968.796
1969.68
1970.09
1970.5
1970.91
1971.32
1971.73
1972.14
1972.55
1972.96
1973.518
1974.076
1974.634
1975.192
1975.75
1976.31
1976.612
1976.914
1977.216
1977.518
1977.82
1978.122
1978.424
1978.726
1979.028
1979.33
1979.632
1979.934
1980.236
1980.54
1981.257
1981.974
1982.691
1983.408
1984.125
1984.842
1985.559
1986.276
1986.993
1987.71
1988.082
1988.454
1988.826
1989.198
1989.57
1989.942
1990.314
1990.686
1991.058
1991.43
1991.802
1992.174
1992.54
1992.991
1993.442
1993.893
1994.344
1994.795
1995.246
1995.697
1996.15
1996.604
1997.058
1997.512
1997.966
1998.56
1999.154
1999.748
2000.342
2000.936
2001.53
2002.124
2002.72
2003.039
2003.358
2003.677
2003.996
2004.315
2004.634
2004.953
2005.272
2005.591
2005.91
2006.23
2006.528
2006.826
2007.124
2007.422
2007.72
2008.018
2008.316
2008.614
2008.91
2009.668
2010.425
2011.182
2011.94
2012.263
2012.586
2012.909
2013.232
2013.555
2013.878
2014.2
2014.74
2015.28
2015.82
2016.36
2016.646
2016.932
2017.218
2017.504
2017.79
2018.076
2018.362
2018.648
2018.934
2019.22
2019.506
2019.792
2020.078
2020.36
2020.583
2020.806
2021.029
2021.252
2021.475
2021.698
2021.921
2022.144
2022.367
2022.59
2022.81
2023.783
2024.756
2025.729
2026.702
2027.675
2028.65
2029.029
2029.408
2029.787
2030.166
2030.545
2030.924
2031.303
2031.682
2032.061
2032.44
2032.819
2033.198
2033.577
2033.96
2034.372
2034.784
2035.197
2035.609
2036.021
2036.433
2036.845
2037.257
2037.669
2038.082
2038.495
2038.91
2039.283
2039.655
2040.027
2040.399
2040.771
2041.143
2041.515
2041.89
2042.128
2042.366
2042.604
2042.842
2043.08
2043.318
2043.556
2043.794
2044.032
2044.27
2044.508
2044.746
2044.98
2045.342
2045.704
2046.066
2046.428
2046.79
2047.15
2047.448
2047.746
2048.044
2048.342
2048.64
2048.938
2049.239
2049.641
2050.043
2050.445
2050.847
2051.249
2051.651
2052.053
2052.455
2052.857
2053.259
2053.661
2054.063
2054.469
2054.821
2055.173
2055.525
2055.877
2056.229
2056.581
2056.933
2057.285
2057.637
2057.989
2058.5
2059.011
2059.522
2060.033
2060.544
2061.055
2061.566
2062.077
2062.588
2063.102
2063.307
2063.512
2063.717
2063.922
2064.127
2064.332
2064.537
2064.742
2064.947
2065.152
2065.357
2065.56
2065.783
2066.006
2066.229
2066.452
2066.675
2066.898
2067.121
2067.344
2067.567
2067.79
2068.162
2068.534
2068.907
2069.28
2069.839
2070.398
2070.957
2071.516
2072.075
2072.634
2073.193
2073.75
2074.24
2074.73
2075.22
2075.71
2076.2
2076.69
2077.18
2077.67
2078.16
2078.65
2079.262
2079.874
2080.486
2081.1
2081.394
2081.688
2081.982
2082.276
2082.57
2082.864
2083.158
2083.452
2083.746
2084.04
2084.339
2087.552
2090.765
2093.978
2097.191
2100.404
2103.617
2106.83
2107.345
2107.86
2108.375
2108.89
2109.405
2109.92
2110.435
2110.95
2111.358
2111.766
2112.174
2112.582
2112.99
2113.398
2113.806
2114.214
2114.622
2115.03
2115.438
2115.85
2116.55
2116.72
2116.89
2117.06
2117.23
2117.4
2117.57
2117.74
2117.91
2118.08
2118.568
2119.056
2119.544
2120.032
2120.52
2121.008
2121.496
2121.984
2122.472
2122.96
2123.45
2123.72
2123.99
2124.26
2124.53
2124.8
2125.07
2125.34
2125.61
2125.88
2126.15
2126.42
2126.69
2126.96
2127.175
2127.39
2127.605
2127.82
2128.035
2128.25
2128.465
2128.68
2128.895
2129.11
2129.325
2129.54
2129.75
2130.008
2130.266
2130.524
2130.782
2131.04
2131.298
2131.556
2131.814
2132.072
2132.33
2132.588
2132.846
2133.11
2133.338
2133.566
2133.794
2134.022
2134.25
2134.48
2134.92
2135.36
2135.8
2136.24
2136.68
2137.12
2137.56
2138.0
2138.44
2138.894
2139.348
2139.802
2140.256
2140.71
2141.164
2141.617
2141.793
2141.969
2142.145
2142.321
2142.497
2142.673
2142.849
2143.025
2143.2
2143.82
2144.44
2144.651
2144.862
2145.073
2145.284
2145.495
2145.706
2145.917
2146.128
2146.339
2146.55
2146.76
2147.002
2147.244
2147.486
2147.728
2147.97
2148.212
2148.454
2148.696
2148.938
2149.18
2150.26
2150.766
2151.272
2151.778
2152.284
2152.79
2153.26
2153.73
2154.2
2154.67
2155.14
2155.61
2156.08
2156.55
2157.02
2157.49
2157.96
2158.252
2158.544
2158.836
2159.128
2159.42
2159.712
2160.004
2160.296
2160.588
2160.88
2161.172
2161.464
2161.76
2162.31
2162.86
2163.41
2163.96
2164.51
2165.06
2165.61
2166.16
2166.71
2167.26
2167.81
2168.36
2168.91
2169.103
2169.296
2169.489
2169.682
2169.875
2170.068
2170.261
2170.454
2170.65
2171.197
2171.744
2172.291
2172.838
2173.385
2173.932
2174.479
2175.026
2175.573
2176.12
2176.67
2177.013
2177.356
2177.699
2178.042
2178.385
2178.728
2179.071
2179.414
2179.757
2180.1
2180.443
2180.79
2181.312
2181.834
2182.356
2182.878
2183.4
2183.922
2184.444
2184.966
2185.488
2186.01
2186.532
2187.05
2187.397
2187.744
2188.091
2188.438
2188.785
2189.132
2189.479
2189.826
2190.173
2190.52
2190.867
2191.21
2191.495
2191.78
2192.065
2192.35
2192.635
2192.92
2193.205
2193.49
2193.775
2194.06
2195.57
2195.819
2196.068
2196.317
2196.566
2196.815
2197.064
2197.313
2197.562
2197.811
2198.061
2198.261
2198.461
2198.661
2198.861
2199.06
2199.324
2199.588
2199.852
2200.116
2200.38
2200.644
2200.908
2201.169
2202.621
2204.073
2205.525
2206.977
2208.43
2208.737
2209.044
2209.351
2209.658
2209.965
2210.272
2210.58
2210.863
2211.146
2211.43
2211.913
2212.396
2212.88
2213.193
2213.506
2213.818
2214.13
2214.823
2215.516
2216.21
2216.999
2217.788
2218.577
2219.366
2220.155
2220.944
2221.733
2222.52
2222.825
2223.13
2223.435
2223.74
2224.045
2224.35
2224.655
2224.96
2225.265
2225.57
2225.87
2226.197
2226.524
2226.851
2227.178
2227.505
2227.832
2228.159
2228.486
2228.813
2229.14
2229.47
2230.58
2231.21
2231.84
2232.47
2233.1
2233.73
2234.141
2234.552
2234.963
2235.374
2235.785
2236.196
2236.607
2237.02
2237.377
2237.734
2238.091
2238.448
2238.805
2239.162
2239.519
2239.876
2240.23
2240.588
2240.946
2241.304
2241.662
2242.02
2242.378
2242.736
2243.094
2243.45
2243.778
2244.106
2244.434
2244.762
2245.09
2245.446
2245.802
2246.158
2246.514
2246.87
2247.226
2247.582
2247.938
2248.294
2248.65
2249.006
2249.362
2249.718
2250.08
2250.432
2250.784
2251.136
2251.488
2251.84
2252.19
2252.775
2253.36
2253.945
2254.53
2255.115
2255.7
2256.285
2256.87
2257.455
2258.04
2258.625
2259.21
2259.79
2260.75
2261.88
2263.01
2263.759
2264.508
2265.257
2266.006
2266.755
2267.504
2268.253
2269.002
2269.751
2270.5
2271.007
2271.514
2272.021
2272.528
2273.035
2273.542
2274.05
2274.298
2274.546
2274.794
2275.042
2275.29
2275.538
2275.786
2276.034
2276.28
2276.579
2276.878
2277.177
2277.476
2277.775
2278.074
2278.373
2278.672
2278.971
2279.27
2279.569
2279.87
2280.17
2280.47
2280.77
2281.07
2281.37
2281.67
2281.97
2282.27
2282.57
2282.95
2283.33
2283.71
2284.09
2284.47
2284.85
2285.44
2286.03
2286.62
2287.21
2287.8
2288.39
2288.98
2289.57
2290.16
2290.75
2291.34
2291.93
2292.788
2293.646
2294.504
2295.362
2296.22
2297.078
2297.936
2298.794
2299.652
2300.51
2301.368
2302.226
2303.084
2303.942
2304.8
2305.658
2306.52
2307.023
2307.526
2308.029
2308.532
2309.035
2309.538
2310.041
2310.544
2311.049
2311.306
2311.563
2311.82
2312.077
2312.334
2312.59
2313.043
2313.496
2313.95
2315.076
2316.202
2317.328
2318.454
2319.58
2320.706
2321.832
2322.958
2324.084
2325.21
2325.622
2326.034
2326.447
2326.86
2327.238
2327.615
2327.992
2328.37
2328.767
2329.164
2329.561
2329.958
2330.355
2330.752
2331.15
2331.57
2331.99
2332.41
2332.83
2333.25
2333.67
2334.09
2334.51
2334.701
2334.892
2335.083
2335.274
2335.465
2335.656
2335.847
2336.038
2336.23
2336.548
2336.866
2337.184
2337.502
2337.82
2338.14
2338.436
2338.732
2339.028
2339.324
2339.62
2339.916
2340.212
2340.51
2340.819
2341.128
2341.437
2341.746
2342.055
2342.364
2342.673
2342.98
2343.317
2343.654
2343.991
2344.328
2344.665
2345.002
2345.339
2345.676
2346.01
2346.253
2346.496
2346.739
2346.982
2347.225
2347.468
2347.711
2347.954
2348.197
2348.44
2348.683
2348.93
2350.337
2351.744
2353.151
2354.56
2355.849
2357.138
2358.427
2359.716
2361.005
2362.294
2363.583
2364.872
2366.16
2366.582
2367.005
2367.428
2367.851
2368.274
2368.697
2369.12
2369.54
2369.944
2370.348
2370.752
2371.156
2371.56
2371.964
2372.579
2373.194
2373.809
2374.424
2375.039
2375.654
2376.27
2376.752
2377.234
2377.716
2378.198
2378.68
2379.83
2380.98
2382.13
2383.28
2384.43
2385.58
2386.73
2387.88
2389.03
2390.176
2391.18
2391.568
2391.956
2392.344
2392.732
2392.987
2393.242
2393.497
2393.752
2394.007
2394.262
2394.517
2394.773
2396.96
2397.325
2397.69
2398.055
2398.42
2399.148
2399.876
2400.604
2401.33
2401.572
2401.814
2402.056
2402.298
2402.54
2402.782
2403.024
2403.27
2403.698
2404.126
2404.554
2404.982
2405.41
2405.84
2406.22
2406.6
2406.98
2407.36
2407.74
2408.065
2408.39
2408.715
2409.04
2409.365
2409.69
2410.046
2410.402
2410.758
2411.114
2411.47
2411.826
2412.18
2412.557
2412.934
2413.311
2413.688
2414.065
2414.442
2414.82
2415.163
2415.506
2415.849
2416.192
2416.535
2416.878
2417.221
2417.564
2417.907
2418.25
2418.593
2418.936
2419.28
2419.576
2419.872
2420.168
2420.464
2420.76
2421.056
2421.352
2421.648
2421.94
2422.538
2423.136
2423.734
2424.332
2424.93
2425.53
2425.867
2426.204
2426.541
2426.878
2427.215
2427.552
2427.889
2428.226
2428.563
2428.9
2429.237
2429.574
2429.91
2430.263
2430.616
2430.969
2431.322
2431.675
2432.028
2432.381
2432.734
2433.087
2433.44
2434.99
2435.25
2435.51
2435.77
2436.03
2436.29
2436.55
2436.81
2437.07
2437.33
2437.59
2437.85
2438.11
2438.37
2438.63
2438.932
2439.234
2439.536
2439.838
2440.14
2440.44
2440.803
2441.166
2441.529
2441.892
2442.255
2442.618
2442.981
2443.34
2443.788
2444.236
2444.684
2445.132
2445.58
2446.028
2446.476
2446.924
2447.372
2447.82
2448.268
2448.72
2449.164
2449.608
2450.052
2450.496
2450.94
2451.384
2451.828
2452.27
2452.517
2452.764
2453.011
2453.258
2453.505
2453.752
2453.999
2454.246
2454.49
2454.95
2455.41
2455.87
2456.33
2456.79
2457.137
2457.484
2457.831
2458.178
2458.525
2458.872
2459.22
2460.188
2461.156
2462.124
2463.092
2464.06
2464.761
2465.462
2466.163
2466.864
2467.565
2468.266
2468.967
2469.668
2470.37
2471.371
2472.372
2473.373
2474.374
2475.375
2476.376
2477.38
2478.18
2478.98
2479.78
2480.58
2481.38
2482.18
2482.98
2483.78
2484.58
2485.038
2485.496
2485.954
2486.412
2486.87
2487.33
2487.954
2488.578
2489.202
2489.826
2490.45
2490.807
2491.164
2491.522
2491.88
2492.238
2492.595
2492.952
2493.31
2493.531
2493.752
2493.973
2494.194
2494.415
2494.636
2494.857
2495.078
2495.299
2495.52
2495.752
2495.984
2496.216
2496.448
2496.68
2496.912
2497.144
2497.376
2497.608
2497.84
2498.07
2498.376
2498.682
2498.988
2499.294
2499.6
2499.926
2500.252
2500.578
2500.904
2501.23
2501.556
2501.882
2502.208
2502.534
2502.86
2503.19
2503.566
2503.942
2504.318
2504.694
2505.07
2505.446
2505.822
2506.198
2506.574
2506.95
2507.33
2507.556
2507.782
2508.008
2508.234
2508.46
2508.686
2508.912
2509.14
2509.509
2509.878
2510.247
2510.616
2510.985
2511.354
2511.723
2512.092
2512.461
2512.827
2513.031
2513.235
2513.439
2513.643
2513.847
2514.051
2514.255
2514.459
2514.66
2514.923
2515.186
2515.449
2515.712
2515.975
2516.238
2516.501
2516.764
2517.027
2517.29
2517.55
2517.906
2518.262
2518.618
2518.974
2519.33
2519.686
2520.042
2520.4
2520.757
2521.114
2521.471
2521.828
2522.185
2522.542
2522.899
2523.256
2523.61
2524.436
2525.262
2526.088
2526.914
2527.74
2528.259
2528.778
2529.297
2529.816
2530.335
2530.854
2531.373
2531.892
2532.411
2532.93
2533.33
2533.73
2534.13
2534.53
2534.824
2535.118
2535.412
2535.706
2536.0
2536.294
2536.59
2536.781
2536.972
2537.163
2537.354
2537.545
2537.736
2537.927
2538.118
2538.309
2538.5
2538.69
2538.966
2539.242
2539.518
2539.794
2540.07
2540.346
2540.622
2540.9
2541.498
2542.096
2542.694
2543.292
2543.89
2544.49
2544.793
2545.096
2545.399
2545.702
2546.005
2546.308
2546.611
2546.914
2547.217
2547.52
2547.823
2548.13
2549.046
2549.962
2550.878
2551.794
2552.71
2552.916
2553.122
2553.328
2553.534
2553.74
2553.946
2554.152
2554.358
2554.564
2554.77
2554.976
2555.182
2555.388
2555.594
2555.8
2555.967
2556.134
2556.301
2556.468
2556.635
2556.802
2556.969
2557.136
2557.303
2557.47
2557.637
2557.841
2558.045
2558.249
2558.453
2558.657
2558.861
2559.065
2559.269
2559.47
2559.712
2559.954
2560.197
2560.439
2560.681
2560.923
2561.165
2561.41
2561.773
2562.136
2562.499
2562.862
2563.225
2563.588
2563.951
2564.314
2564.677
2565.04
2565.4
2565.688
2565.976
2566.264
2566.552
2566.84
2567.13
2567.38
2567.63
2567.88
2568.13
2568.38
2568.63
2568.88
2569.13
2569.38
2569.63
2569.987
2570.344
2570.701
2571.058
2571.415
2571.772
2572.13
2572.331
2572.532
2572.733
2572.934
2573.135
2573.336
2573.537
2573.738
2573.939
2574.14
2574.341
2574.542
2574.74
2575.393
2576.046
2576.699
2577.352
2578.005
2578.658
2579.31
2579.728
2580.146
2580.564
2580.982
2581.4
2581.818
2582.236
2582.654
2583.07
2583.572
2584.074
2584.576
2585.078
2585.58
2586.082
2586.584
2587.086
2587.588
2588.09
2588.59
2588.848
2589.106
2589.364
2589.622
2589.88
2590.14
2590.496
2590.852
2591.208
2591.564
2591.92
2592.276
2592.632
2592.988
2593.344
2593.7
2594.056
2594.412
2594.768
2595.12
2595.474
2595.828
2596.182
2596.536
2596.89
2597.244
2597.598
2597.952
2598.306
2598.66
2599.014
2599.368
2599.72
2600.108
2600.496
2600.884
2601.272
2601.66
2602.048
2602.436
2602.824
2603.21
2603.67
2604.13
2604.59
2605.05
2605.51
2605.769
2606.028
2606.287
2606.546
2606.805
2607.064
2607.323
2607.582
2607.841
2608.1
2608.352
2608.604
2608.856
2609.108
2609.36
2609.709
2610.058
2610.407
2610.756
2611.105
2611.454
2611.8
2612.28
2612.76
2613.24
2613.72
2614.2
2614.68
2615.16
2615.64
2616.12
2616.6
2617.08
2617.47
2617.86
2618.25
2618.64
2619.03
2619.355
2619.68
2620.005
2620.33
2620.516
2620.702
2620.888
2621.074
2621.26
2621.446
2621.632
2621.818
2622.003
2622.272
2622.541
2622.81
2623.079
2623.348
2623.617
2623.886
2624.155
2624.424
2624.693
2624.962
2625.23
2625.715
2626.2
2626.685
2627.17
2627.655
2628.14
2628.625
2629.11
2629.595
2630.08
2630.56
2631.071
2631.582
2632.093
2632.604
2633.115
2633.626
2634.137
2634.65
2634.872
2635.094
2635.316
2635.538
2635.76
2635.982
2636.204
2636.426
2636.65
2637.544
2638.438
2639.332
2640.226
2641.12
2642.014
2642.908
2643.802
2644.696
2645.59
2646.484
2647.38
2648.124
2648.868
2649.612
2650.356
2651.1
2651.844
2652.588
2653.332
2654.076
2654.82
2655.564
2656.308
2657.052
2657.79
2658.456
2659.122
2659.788
2660.454
2661.12
2661.786
2662.45
2663.537
2664.624
2665.711
2666.798
2667.885
2668.972
2670.059
2671.146
2672.23
2672.948
2673.666
2674.384
2675.102
2675.82
2676.538
2677.256
2677.974
2678.692
2679.41
2679.88
2680.35
2680.82
2681.29
2681.76
2682.23
2682.7
2683.161
2683.622
2684.083
2684.544
2685.005
2685.466
2685.927
2686.388
2686.849
2687.31
2687.771
2688.23
2688.668
2689.106
2689.544
2689.982
2690.42
2691.257
2692.094
2692.931
2693.768
2694.605
2695.44
2695.861
2696.282
2696.703
2697.124
2697.545
2697.966
2698.387
2698.808
2699.23
2699.422
2699.614
2699.806
2699.998
2700.19
2700.382
2700.574
2700.766
2700.96
2701.211
2701.462
2701.713
2701.964
2702.215
2702.466
2702.714
2702.943
2703.172
2703.401
2703.63
2703.816
2704.002
2704.188
2704.374
2704.56
2704.746
2704.93
2705.193
2705.456
2705.719
2705.982
2706.245
2706.508
2706.77
2707.276
2707.782
2708.288
2708.794
2709.3
2709.806
2710.312
2710.818
2711.324
2711.83
2712.336
2712.842
2713.348
2713.86
2714.165
2714.47
2714.775
2715.08
2715.385
2715.69
2715.995
2716.3
2716.713
2717.126
2717.539
2717.952
2718.365
2718.778
2719.191
2719.604
2720.02
2720.609
2721.198
2721.787
2722.376
2722.965
2723.554
2724.14
2724.452
2724.764
2725.076
2725.388
2725.7
2726.012
2726.324
2726.636
2726.948
2727.26
2727.878
2728.496
2729.114
2729.732
2730.35
2731.197
2732.044
2732.891
2733.738
2734.585
2735.43
2735.776
2736.122
2736.468
2736.814
2737.16
2737.494
2737.828
2738.162
2738.496
2738.83
2739.164
2739.498
2739.835
2740.007
2740.179
2740.351
2740.523
2740.695
2740.867
2741.039
2741.21
2741.439
2741.668
2741.897
2742.126
2742.355
2742.584
2742.813
2743.042
2743.27
2743.866
2744.462
2745.058
2745.654
2746.25
2746.846
2747.44
2747.685
2747.93
2748.175
2748.42
2748.665
2748.91
2749.155
2749.4
2750.68
2751.96
2753.24
2754.52
2754.839
2755.158
2755.477
2755.796
2756.115
2756.434
2756.753
2757.072
2757.387
2757.585
2757.783
2757.981
2758.179
2758.377
2758.575
2758.773
2758.97
2759.482
2759.994
2760.506
2761.018
2761.53
2762.04
2762.327
2762.614
2762.901
2763.188
2763.475
2763.762
2764.049
2764.336
2764.623
2764.91
2765.2
2765.608
2766.016
2766.423
2766.831
2767.239
2767.646
2768.053
2768.46
2768.665
2768.87
2769.075
2769.28
2769.485
2769.69
2769.895
2770.1
2770.305
2770.51
2770.715
2770.92
2771.125
2771.33
2771.678
2772.026
2772.374
2772.722
2773.07
2773.418
2773.766
2774.114
2774.462
2774.81
2775.197
2775.584
2775.971
2776.358
2776.745
2777.132
2777.519
2777.906
2778.293
2778.68
2778.958
2779.236
2779.514
2779.792
2780.07
2780.348
2780.626
2780.904
2781.182
2781.46
2781.693
2781.926
2782.159
2782.392
2782.624
2782.856
2783.089
2783.322
2783.555
2783.787
2784.019
2784.25
2784.514
2784.778
2785.042
2785.306
2785.57
2785.834
2786.098
2786.36
2786.7
2787.04
2787.38
2787.72
2788.06
2788.4
2788.74
2789.08
2789.42
2789.852
2790.284
2790.716
2791.15
2791.669
2792.188
2792.707
2793.226
2793.745
2794.264
2794.783
2795.302
2795.821
2796.34
2796.803
2797.266
2797.729
2798.192
2798.655
2799.118
2799.581
2800.044
2800.507
2800.97
2801.433
2801.9
2802.983
2804.066
2805.149
2806.232
2807.315
2808.398
2809.48
2809.981
2810.482
2810.983
2811.484
2811.985
2812.486
2812.987
2813.488
2813.989
2814.49
2814.991
2815.492
2815.993
2816.494
2816.995
2817.496
2818.0
2819.205
2820.41
2821.615
2822.82
2823.324
2823.828
2824.332
2824.836
2825.34
2825.844
2826.348
2826.852
2827.356
2827.86
2828.36
2828.795
2829.23
2829.665
2830.1
2830.535
2830.97
2831.249
2831.528
2831.807
2832.086
2832.365
2832.644
2832.923
2833.2
2833.602
2834.004
2834.406
2834.808
2835.21
2835.612
2836.014
2836.416
2836.818
2837.22
2837.622
2838.02
2838.246
2838.472
2838.698
2838.924
2839.15
2839.376
2839.602
2839.828
2840.05
2840.407
2840.764
2841.121
2841.478
2841.835
2842.192
2842.549
2842.906
2843.263
2843.62
2843.98
2844.416
2844.852
2845.288
2845.724
2846.16
2846.596
2847.032
2847.47
2847.734
2847.998
2848.262
2848.526
2848.79
2849.054
2849.318
2849.58
2849.859
2850.138
2850.417
2850.696
2850.975
2851.254
2851.533
2851.812
2852.091
2852.37
2852.649
2852.928
2853.21
2853.551
2853.892
2854.233
2854.574
2854.915
2855.256
2855.597
2855.938
2856.279
2856.62
2857.62
2858.62
2859.62
2860.62
2861.047
2861.474
2861.901
2862.328
2862.755
2863.182
2863.609
2864.036
2864.46
2864.804
2865.148
2865.492
2865.836
2866.18
2866.524
2866.868
2867.212
2867.56
2867.776
2867.992
2868.208
2868.424
2868.64
2868.856
2869.072
2869.288
2869.504
2869.72
2870.116
2870.512
2870.908
2871.304
2871.7
2872.096
2872.492
2872.888
2873.28
2873.855
2874.43
2875.005
2875.58
2876.155
2876.73
2877.305
2877.88
2878.38
2878.88
2879.38
2879.88
2880.38
2880.88
2881.38
2881.88
2882.38
2882.88
2883.38
2883.803
2884.226
2884.649
2885.07
2885.299
2885.528
2885.757
2885.986
2886.215
2886.444
2886.673
2886.902
2887.131
2887.36
2887.59
2887.812
2888.034
2888.256
2888.478
2888.7
2888.922
2889.144
2889.37
2889.855
2890.34
2890.825
2891.31
2891.795
2892.28
2892.765
2893.25
2893.735
2894.22
2894.71
2895.051
2895.392
2895.733
2896.074
2896.415
2896.756
2897.1
2897.309
2897.518
2897.727
2897.936
2898.145
2898.354
2898.563
2898.77
2899.181
2899.592
2900.003
2900.414
2900.825
2901.236
2901.647
2902.058
2902.469
2902.88
2903.291
2903.702
2904.113
2904.524
2904.935
2905.35
2906.273
2907.196
2908.119
2909.042
2909.965
2910.89
2911.379
2911.868
2912.357
2912.846
2913.335
2913.824
2914.316
2915.839
2916.36
2916.88
2917.4
2917.92
2918.562
2919.204
2919.846
2920.488
2921.13
2921.772
2922.414
2923.056
2923.698
2924.34
2924.658
2924.976
2925.294
2925.612
2925.93
2926.248
2926.566
2926.884
2927.202
2927.52
2927.712
2927.904
2928.096
2928.288
2928.48
2928.672
2928.864
2929.056
2929.25
2929.491
2929.732
2929.973
2930.214
2930.455
2930.696
2930.937
2931.178
2931.42
2931.699
2931.978
2932.257
2932.536
2932.815
2933.094
2933.373
2933.652
2933.931
2934.21
2934.49
2934.891
2935.292
2935.693
2936.094
2936.495
2936.896
2937.297
2937.698
2938.1
2938.625
2939.15
2939.675
2940.2
2940.725
2941.25
2941.775
2942.3
2943.033
2943.766
2944.499
2945.232
2945.965
2946.7
2947.124
2947.548
2947.972
2948.396
2948.82
2949.244
2949.668
2950.092
2950.52
2950.96
2951.4
2951.84
2952.28
2952.72
2953.16
2953.6
2954.04
2954.48
2954.92
2955.36
2955.687
2956.014
2956.341
2956.668
2956.995
2957.322
2957.65
2958.092
2958.534
2958.976
2959.418
2959.86
2960.302
2960.744
2961.186
2961.63
2962.128
2962.626
2963.124
2963.622
2964.12
2964.618
2965.116
2965.614
2966.112
2966.61
2966.966
2967.322
2967.678
2968.034
2968.39
2968.746
2969.102
2969.46
2969.988
2970.516
2971.044
2971.572
2972.1
2972.628
2973.156
2973.684
2974.21
2974.732
2975.254
2975.776
2976.298
2976.82
2977.342
2977.864
2978.386
2978.908
2979.43
2979.952
2980.47
2980.952
2981.434
2981.916
2982.398
2982.88
2983.362
2983.844
2984.326
2984.808
2985.29
2985.77
2986.19
2986.61
2987.03
2987.45
2987.87
2988.29
2988.71
2989.108
2989.506
2989.903
2990.3
2990.698
2991.095
2991.492
2991.89
2992.427
2992.964
2993.501
2994.038
2994.575
2995.112
2995.65
2995.889
2996.128
2996.367
2996.606
2996.845
2997.084
2997.323
2997.562
2997.801
2998.04
2998.28
2998.52
2998.76
2999.0
2999.24
2999.48
2999.72
2999.96
3000.2
3000.44
3000.68
3000.92
3001.156
3001.331
3001.506
3001.681
3001.856
3002.03
3003.34
3004.65
3005.96
3007.27
3008.58
3009.89
3010.099
3010.308
3010.517
3010.726
3010.935
3011.144
3011.35
3011.95
3012.55
3013.15
3013.75
3014.402
3015.054
3015.706
3016.358
3017.01
3017.662
3018.314
3018.465
3018.616
3018.767
3018.918
3019.069
3019.22
3019.371
3019.522
3019.673
3019.824
3019.98
3020.29
3020.6
3020.91
3021.22
3021.53
3021.84
3022.288
3022.736
3023.184
3023.632
3024.08
3024.528
3024.976
3025.424
3025.87
3026.93
3027.331
3027.732
3028.133
3028.534
3028.935
3029.336
3029.737
3030.138
3030.539
3030.94
3031.574
3032.208
3032.842
3033.476
3034.11
3034.744
3035.378
3036.01
3036.476
3036.942
3037.408
3037.874
3038.34
3038.806
3039.272
3039.738
3040.204
3040.67
3041.136
3041.6
3042.188
3042.776
3043.363
3043.95
3044.537
3045.124
3045.711
3046.3
3046.767
3047.234
3047.701
3048.168
3048.635
3049.102
3049.569
3050.036
3050.503
3050.97
3051.666
3052.362
3053.058
3053.754
3054.45
3054.782
3055.115
3055.447
3055.78
3056.113
3056.445
3056.778
3057.11
3057.443
3057.776
3058.108
3058.44
3058.83
3059.22
3059.61
3060.0
3060.39
3060.78
3061.17
3061.56
3061.95
3062.34
3062.684
3063.028
3063.372
3063.716
3064.06
3064.404
3064.748
3065.092
3065.436
3065.78
3066.065
3066.35
3066.635
3066.92
3067.205
3067.49
3067.775
3068.06
3068.345
3068.63
3068.92
3069.212
3069.504
3069.796
3070.088
3070.38
3070.672
3070.964
3071.256
3071.548
3071.84
3072.13
3072.467
3072.804
3073.141
3073.478
3073.815
3074.152
3074.49
3074.74
3074.99
3075.24
3075.49
3075.74
3075.99
3076.24
3076.49
3076.74
3076.99
3077.31
3077.63
3077.95
3078.27
3078.27
3078.27
3078.27
