20.907
21.49
22.196
22.902
23.608
24.314
25.02
27.29
27.944
28.598
29.252
29.905
31.252
31.498
31.744
31.99
32.236
32.482
32.728
32.974
33.22
33.466
33.71
34.46
34.769
35.078
35.387
35.696
36.005
36.314
36.623
36.932
37.24
37.433
37.626
37.819
38.012
38.205
38.398
38.591
38.784
38.977
39.17
39.363
39.556
39.75
39.976
40.202
40.428
40.654
40.88
41.106
41.332
41.558
41.784
42.01
42.236
42.462
42.667
42.872
43.077
43.282
43.487
43.692
43.897
44.102
44.307
44.512
44.717
44.92
45.393
45.866
46.34
46.543
46.746
46.949
47.152
47.355
47.558
47.761
47.964
48.167
48.37
48.573
48.78
49.38
49.642
49.904
50.166
50.428
50.69
50.952
51.214
51.474
51.752
52.03
52.308
52.586
52.864
53.14
53.742
54.344
54.947
55.55
56.152
56.755
57.358
57.96
58.2
58.44
58.68
58.92
59.16
59.4
59.64
59.88
60.12
60.36
60.6
60.89
61.18
61.47
61.76
62.05
62.34
62.63
63.26
63.614
63.968
64.49
65.012
65.534
66.056
66.58
67.308
68.036
68.764
69.492
70.22
70.948
71.675
72.039
72.403
72.767
73.131
73.495
73.857
74.811
75.181
75.55
75.919
76.288
76.657
77.026
77.395
77.767
78.183
78.6
79.583
80.566
81.549
82.531
83.03
83.593
84.156
84.719
85.28
85.45
85.62
85.79
85.96
86.13
86.3
86.47
86.64
86.81
86.98
87.15
87.319
87.539
87.759
87.979
88.199
88.419
88.639
88.86
89.14
89.42
89.7
91.24
91.639
92.038
92.437
92.836
93.235
93.634
94.033
94.432
94.831
95.23
95.629
96.028
96.427
96.83
98.715
100.6
102.485
104.37
106.255
108.14
108.449
108.758
109.067
109.376
109.685
109.994
110.303
110.612
110.921
111.23
111.752
112.274
112.796
113.319
113.59
113.86
114.84
115.82
116.228
116.636
117.044
117.452
117.86
118.27
118.553
118.836
119.119
119.402
119.687
120.004
120.321
120.638
120.955
121.27
121.491
121.712
121.933
122.154
122.375
122.596
122.817
123.038
123.26
123.69
124.12
124.55
124.98
125.41
126.41
127.003
127.596
128.189
128.782
129.375
129.968
130.561
131.154
131.75
132.178
132.606
133.034
133.46
133.71
133.96
134.21
134.46
134.71
134.96
135.21
135.46
135.71
135.96
136.224
136.488
136.752
137.016
137.28
137.544
137.81
138.054
138.298
138.542
138.786
139.03
139.274
139.518
139.76
140.016
140.272
140.528
140.784
141.04
141.296
141.552
141.808
142.06
142.59
143.12
143.65
144.18
144.71
145.24
145.77
146.3
146.83
147.36
147.75
148.14
148.53
148.92
149.31
149.7
150.09
150.48
150.87
151.179
151.488
151.797
152.106
152.415
152.722
153.357
153.992
154.627
155.262
155.897
156.532
157.167
157.802
158.44
158.798
159.156
159.514
159.872
160.23
160.588
160.946
161.304
161.662
162.02
163.374
164.728
167.851
170.975
171.412
171.85
172.12
172.39
172.66
172.93
173.2
173.47
173.74
174.01
174.326
174.642
174.958
175.274
175.59
175.906
176.224
178.82
181.416
184.012
186.608
189.204
191.8
192.022
192.244
192.466
192.688
192.91
193.132
193.354
193.576
193.798
194.02
194.242
194.46
194.765
195.07
195.375
195.68
195.985
196.29
196.595
196.9
197.205
197.51
197.865
198.22
198.575
198.93
199.285
199.64
199.995
200.35
200.705
201.06
201.415
201.77
202.13
202.36
202.59
202.82
203.05
203.28
203.51
203.74
203.97
204.2
204.611
205.022
205.433
205.844
206.255
206.666
207.077
207.488
207.899
208.31
208.676
209.042
209.408
209.774
210.14
210.506
210.872
211.238
211.604
211.97
212.336
212.7
213.004
213.308
213.612
213.916
214.22
214.524
214.828
215.132
215.44
215.872
216.304
216.736
217.168
217.6
218.032
218.464
218.896
219.328
219.76
220.192
220.624
221.05
221.504
221.958
222.412
222.866
223.32
223.774
224.228
224.682
225.136
225.59
226.05
226.51
226.97
227.43
227.738
228.046
228.354
228.662
228.97
229.278
229.586
229.894
230.2
230.874
231.548
232.222
232.896
233.57
233.782
233.994
234.206
234.418
234.63
234.842
235.054
235.266
235.478
235.69
235.902
236.11
236.374
236.638
236.902
237.166
237.43
237.694
237.958
238.222
238.486
238.75
239.017
239.284
239.551
239.818
240.085
240.352
240.619
240.886
241.153
241.42
241.626
241.832
242.038
242.244
242.45
242.656
242.862
243.068
243.275
243.557
243.839
244.121
244.403
244.685
244.967
245.25
245.481
245.712
245.943
246.174
246.405
246.636
246.867
247.098
247.329
247.56
250.643
253.726
256.81
257.28
257.75
258.22
258.69
259.16
259.63
260.002
260.374
260.746
261.118
261.49
261.864
262.322
262.78
265.107
265.513
265.919
266.325
266.732
267.147
267.562
267.977
268.392
268.807
269.39
269.641
269.892
270.143
270.394
270.645
270.896
271.147
271.4
271.598
271.796
271.994
272.192
272.39
272.59
274.13
275.67
277.21
278.75
280.29
281.83
282.253
282.676
283.099
283.522
283.945
284.368
284.791
285.214
285.637
286.06
286.426
286.792
287.158
287.524
287.89
288.256
288.622
288.988
289.354
289.72
290.305
290.89
291.475
292.06
292.645
293.23
293.815
294.4
294.985
295.57
296.155
296.74
297.224
297.708
298.192
298.676
299.16
299.644
300.128
300.612
301.096
301.58
302.568
303.556
304.544
305.532
306.52
306.792
307.064
307.336
307.608
307.88
308.152
308.424
308.696
308.972
309.239
309.506
309.773
310.04
310.307
310.574
310.841
311.11
311.453
311.796
312.139
312.482
312.825
313.168
313.511
313.854
314.197
314.54
314.88
315.235
315.59
315.945
316.3
316.655
317.01
317.298
317.586
317.874
318.162
318.45
318.738
319.026
319.314
319.602
319.89
320.18
320.583
320.986
321.389
321.792
322.195
322.599
322.798
322.997
323.196
323.395
323.594
323.793
323.992
324.191
324.39
325.771
327.152
328.533
329.914
331.295
332.674
334.421
336.168
337.914
338.58
338.972
339.364
339.756
340.148
340.54
340.932
341.324
341.716
342.108
342.5
342.892
343.284
343.67
343.938
344.205
344.472
344.739
345.006
345.273
345.541
345.81
346.156
346.502
346.848
347.194
347.54
347.886
348.232
348.578
348.924
349.27
349.616
349.96
350.332
350.704
351.076
351.448
351.82
352.192
352.564
352.936
353.31
353.641
353.972
354.303
354.634
354.965
355.296
355.627
355.96
356.592
357.224
357.856
358.488
359.12
359.752
360.384
361.016
361.65
362.143
362.636
363.129
363.622
364.115
364.608
365.101
365.594
366.087
366.58
367.073
367.57
367.746
367.922
368.098
368.274
368.45
368.893
369.336
369.779
370.222
370.665
371.108
371.55
371.894
372.238
372.582
372.926
373.27
373.614
373.958
374.302
374.65
375.165
375.68
376.195
376.71
377.225
377.74
378.255
378.77
379.215
379.66
380.105
380.55
380.995
381.44
381.885
382.33
382.775
383.22
383.66
384.321
384.982
385.643
386.304
386.965
387.626
388.287
388.948
389.61
389.913
390.216
390.519
390.822
391.125
391.428
391.731
392.034
394.99
395.355
395.72
396.085
396.45
396.816
400.87
401.57
402.083
402.596
403.109
403.622
404.135
404.648
405.161
405.674
406.187
406.702
407.24
407.777
411.33
411.905
412.48
413.055
413.63
415.103
416.577
418.05
419.524
424.94
425.606
426.272
426.938
427.604
427.84
428.076
428.312
428.548
428.784
429.02
429.256
429.49
429.693
429.896
430.099
430.302
430.505
430.708
430.908
437.77
438.002
438.234
438.466
438.698
438.93
439.162
439.394
439.626
439.858
440.09
440.322
440.593
440.864
441.135
441.405
441.88
442.355
442.83
442.897
442.964
443.031
443.1
443.6
443.78
443.96
444.14
444.32
444.5
444.722
444.944
445.166
445.388
445.61
445.833
446.97
447.403
447.836
448.27
448.926
449.582
450.238
450.894
451.55
452.206
452.86
453.517
454.174
454.831
455.488
456.145
456.802
457.46
458.257
459.054
459.851
460.648
461.445
462.242
463.039
463.836
464.633
465.43
466.227
467.024
467.82
468.14
468.46
468.78
469.1
469.42
469.74
470.06
470.38
470.7
471.02
471.34
471.66
472.128
472.596
473.063
473.53
473.997
474.465
474.933
475.4
475.867
476.335
476.803
477.27
477.904
478.538
479.172
479.806
480.44
481.074
481.708
482.342
482.976
483.607
484.116
484.625
485.134
485.643
486.152
486.661
487.17
487.679
488.188
488.697
489.204
490.035
494.2
494.44
494.68
494.92
495.16
495.4
495.64
495.88
496.12
496.35
496.58
496.81
497.04
497.27
497.5
497.73
497.96
498.347
498.734
499.121
499.508
499.895
500.282
500.669
501.056
501.443
501.83
502.217
502.604
502.99
503.541
504.092
504.643
505.194
505.745
506.296
506.847
507.398
507.949
508.5
509.05
509.519
509.988
510.457
510.926
511.395
511.864
512.333
512.799
513.374
513.949
514.524
515.099
515.674
516.249
516.824
517.399
517.97
518.79
519.61
520.43
521.25
522.07
522.89
523.71
524.53
525.35
527.576
529.77
530.327
530.884
531.441
531.998
532.555
533.11
533.304
533.498
533.692
533.886
534.08
534.274
534.468
534.662
534.856
535.05
535.244
535.438
535.63
536.077
536.524
536.971
537.42
537.819
538.218
538.617
539.016
539.416
540.054
540.692
541.33
541.968
542.606
543.244
543.882
545.646
547.167
548.688
550.21
550.723
551.236
551.749
552.262
552.775
553.288
553.801
554.314
559.347
559.93
560.48
561.03
561.58
562.13
562.68
563.115
563.551
563.987
564.422
565.047
565.297
565.547
565.797
566.047
566.297
566.544
566.893
567.242
567.591
567.94
568.289
568.638
568.987
569.336
569.685
570.037
570.6
571.163
571.727
572.31
572.57
572.83
573.09
573.35
573.61
573.87
574.13
574.39
574.65
574.907
575.129
575.351
575.573
575.795
576.017
576.24
576.512
576.784
577.056
577.328
577.6
577.872
578.144
578.416
578.688
578.96
579.232
579.5
579.796
580.092
580.388
580.684
580.98
581.276
581.57
581.879
582.188
582.497
582.806
583.115
583.424
583.733
584.042
584.351
584.66
584.97
585.257
585.544
585.831
586.118
586.404
586.727
587.05
587.373
587.696
588.02
588.933
589.846
590.758
591.061
591.364
591.666
592.424
593.182
593.94
594.446
594.952
595.458
595.964
596.47
596.976
597.48
598.17
598.86
599.55
600.24
600.93
601.62
602.31
603.121
603.932
604.743
605.554
606.365
607.176
607.987
608.798
609.609
610.42
611.23
611.491
611.752
612.013
612.274
612.535
612.796
613.057
613.318
613.58
613.89
614.2
614.51
614.82
615.13
615.44
615.75
616.06
616.37
616.645
616.92
617.195
617.47
617.745
618.02
618.295
618.57
618.845
619.12
619.4
619.571
619.742
619.913
620.084
620.255
620.426
620.597
620.768
620.939
621.11
621.281
621.452
621.623
621.8
622.303
622.806
623.309
623.812
624.315
624.818
625.321
625.824
626.327
626.83
627.33
627.628
627.926
628.224
628.522
628.82
629.118
629.416
629.714
630.012
630.31
630.61
630.926
631.242
631.558
631.874
632.19
632.506
632.822
633.138
633.45
634.67
635.89
637.11
638.33
639.55
640.77
641.99
643.208
643.648
644.088
644.528
644.968
645.408
645.847
649.0
649.183
649.366
649.549
649.732
649.915
650.098
650.28
651.5
652.72
653.94
655.16
656.38
657.6
658.092
658.584
659.076
659.568
660.06
660.55
660.978
661.406
661.834
662.262
662.69
663.118
663.546
663.974
664.402
664.832
669.185
673.537
673.821
674.105
674.389
674.673
674.957
675.241
675.525
677.04
677.438
677.836
678.234
678.632
679.03
679.428
679.826
680.224
680.622
681.022
681.182
681.342
681.502
681.662
681.822
681.98
682.222
682.464
682.706
682.948
683.19
683.432
683.674
683.916
684.16
684.419
684.678
684.937
685.196
685.455
685.714
685.973
686.23
686.541
686.852
687.163
687.474
687.785
688.096
688.407
688.718
689.029
689.34
689.651
689.96
690.223
690.486
690.749
691.012
691.275
691.538
691.8
692.024
692.247
692.47
692.694
692.918
693.141
693.335
693.529
693.723
693.917
694.111
694.305
694.499
694.693
694.89
695.144
695.398
695.652
695.906
696.158
696.596
697.033
697.321
697.609
697.897
698.185
698.473
698.761
699.049
699.337
699.625
699.913
700.201
700.485
700.74
700.995
701.25
701.505
701.76
702.015
702.27
702.525
702.78
703.035
703.29
703.54
703.902
704.264
704.626
704.988
705.352
706.06
706.461
706.862
707.263
707.664
708.065
708.466
708.87
709.07
709.27
709.47
709.67
709.87
710.07
710.27
710.47
710.67
710.87
711.73
712.225
712.72
713.215
713.709
713.933
714.157
714.381
714.605
714.829
715.053
715.277
715.5
715.82
716.14
716.46
716.78
717.1
717.42
717.74
718.06
718.38
718.7
719.02
719.34
719.655
720.1
720.545
720.99
721.435
721.88
722.115
722.35
722.585
722.82
723.055
723.29
723.525
723.76
723.995
724.23
724.47
724.986
725.502
726.018
726.534
727.05
727.724
728.398
729.072
729.746
730.42
731.094
731.768
732.442
733.12
733.455
733.79
734.125
734.46
735.56
736.45
737.428
738.406
739.384
740.362
741.34
742.32
742.618
742.916
743.214
743.512
743.81
744.108
744.406
744.704
745.002
745.3
745.598
745.896
746.19
746.698
747.206
747.714
748.222
748.73
749.238
749.746
750.254
750.762
751.27
752.27
752.53
752.79
753.05
753.31
753.57
753.83
754.09
754.353
754.678
755.003
755.328
755.653
755.978
756.303
756.628
756.953
757.278
757.603
757.928
758.253
758.578
758.9
759.1
759.3
759.5
759.7
759.9
760.1
760.3
760.5
760.7
760.9
761.1
761.3
761.596
761.892
762.188
762.484
762.78
763.076
763.372
763.668
763.964
764.264
769.83
772.77
773.486
774.202
774.919
777.487
777.779
778.071
778.363
778.655
778.947
779.239
779.531
779.82
780.41
781.0
783.276
783.442
783.608
783.775
784.38
784.985
785.59
785.92
786.25
786.58
786.91
787.24
788.32
788.936
789.552
790.168
790.784
791.4
792.016
792.632
793.248
793.864
794.48
795.1
795.517
795.934
796.351
796.768
797.183
800.147
803.11
803.418
803.726
804.034
804.342
804.65
804.958
805.266
805.577
805.735
805.893
806.051
806.209
806.367
806.525
806.683
806.841
806.999
807.16
807.605
808.05
808.495
808.94
809.385
809.83
810.099
810.368
810.637
810.906
811.175
811.444
811.713
811.98
812.481
812.982
813.483
813.984
814.485
814.986
815.487
815.988
816.49
816.701
816.912
817.123
817.334
817.545
817.756
817.967
818.18
818.727
819.274
819.821
820.368
820.915
821.46
821.684
821.908
822.132
822.356
822.58
822.804
823.028
823.252
823.476
823.7
823.92
824.897
825.874
826.85
827.118
827.386
827.654
827.922
828.19
828.593
828.995
829.398
829.801
830.204
830.606
831.009
831.41
831.611
831.812
832.013
832.214
832.415
832.616
832.817
833.018
833.22
833.613
834.006
834.399
834.792
835.185
835.58
835.887
836.194
836.501
836.808
837.115
837.422
837.729
838.036
838.34
838.547
838.754
838.961
839.168
839.375
839.582
839.789
839.996
840.203
840.41
840.62
840.835
841.05
841.265
841.48
841.695
841.91
842.125
842.34
842.555
842.77
842.98
843.512
844.044
844.576
845.108
845.64
846.17
846.697
847.225
847.753
848.28
849.4
849.872
850.344
850.817
851.29
851.596
851.902
852.208
852.514
852.82
853.126
853.432
853.738
854.04
854.372
854.704
855.036
855.368
855.7
856.03
856.301
856.572
856.843
857.114
857.385
857.656
857.927
858.2
858.694
859.188
859.682
860.176
860.67
860.899
861.128
861.357
861.586
861.815
862.044
862.273
862.502
862.731
862.96
863.19
863.433
863.676
863.919
864.162
864.405
864.648
864.891
865.134
865.377
865.62
865.86
866.11
866.36
866.61
866.86
867.11
867.36
867.6
867.84
868.08
868.32
868.56
868.799
869.038
869.276
869.86
870.444
871.028
871.612
872.196
872.78
873.364
873.95
874.21
874.47
874.73
874.99
875.25
875.51
875.77
876.03
876.29
876.55
876.81
877.136
877.462
877.788
878.114
878.44
878.756
879.072
879.388
879.704
880.02
880.222
880.424
880.626
880.828
881.03
881.453
881.876
882.299
882.722
883.145
883.568
883.991
884.414
884.84
886.766
887.122
887.478
887.834
888.19
888.546
888.902
889.26
889.578
889.896
890.214
890.532
890.85
891.168
891.486
891.804
892.122
892.44
892.76
893.474
894.188
894.902
895.616
896.33
897.044
897.76
898.06
898.36
898.66
898.96
899.26
900.24
900.531
900.822
901.113
901.404
901.695
901.986
902.277
902.568
902.859
903.15
903.441
903.732
904.023
904.314
904.61
904.927
905.244
905.561
905.878
906.195
906.512
906.829
907.146
907.46
907.884
908.308
908.732
909.156
909.58
910.004
910.43
910.744
911.058
911.372
911.686
912.0
912.314
912.628
912.942
913.26
913.706
914.152
914.598
915.044
915.49
915.936
916.382
916.83
917.234
917.638
918.042
918.446
918.85
919.254
919.658
920.062
920.47
920.849
921.228
921.607
921.986
922.365
922.744
923.123
923.499
924.113
924.727
926.7
927.067
927.434
927.801
928.17
928.449
928.728
929.007
929.286
929.565
929.844
930.123
930.4
930.918
931.436
931.954
932.472
932.99
933.49
935.08
935.393
935.706
936.019
936.33
936.52
936.741
936.962
937.183
937.404
937.625
937.846
938.067
938.288
938.509
938.728
938.928
939.128
939.328
939.528
939.728
939.928
940.128
940.33
940.545
940.76
940.975
941.19
941.405
941.62
941.828
942.036
942.244
942.452
942.66
942.868
943.076
943.286
943.751
944.216
944.681
945.146
945.61
945.861
946.112
946.363
946.614
946.865
947.116
947.367
947.616
947.812
948.008
948.204
948.4
948.596
948.792
948.99
949.52
950.05
950.58
951.11
951.983
952.856
953.729
954.602
955.475
956.348
957.221
958.091
958.59
959.346
960.102
960.858
961.614
962.37
963.125
964.514
965.903
967.292
968.681
970.07
970.426
970.782
971.138
971.494
971.85
972.086
972.322
972.558
972.794
973.03
973.266
974.004
974.742
975.48
976.218
976.956
977.694
978.43
978.807
979.184
979.561
979.938
980.315
980.692
981.069
981.446
981.823
982.2
982.58
983.061
983.542
984.023
984.504
984.985
985.466
985.947
986.428
986.909
987.39
987.87
988.377
988.884
989.391
989.898
990.405
990.91
991.397
991.884
992.371
992.858
993.345
993.832
994.32
994.947
995.574
996.201
996.828
997.455
998.082
998.709
999.339
999.532
999.725
999.918
1000.111
1000.304
1000.497
1000.69
1000.88
1001.281
1001.682
1002.083
1002.484
1002.885
1003.286
1003.69
1004.095
1004.5
1005.127
1005.754
1006.381
1007.008
1007.635
1008.262
1008.889
1009.516
1010.143
1010.774
1011.045
1011.316
1011.587
1011.858
1012.129
1012.4
1012.671
1012.94
1015.43
1016.09
1016.357
1016.624
1016.891
1017.158
1017.425
1017.692
1017.96
1018.162
1018.364
1018.566
1018.768
1018.97
1019.172
1019.374
1019.576
1019.778
1019.98
1020.131
1020.282
1020.433
1020.584
1020.735
1020.886
1021.037
1021.19
1021.34
1021.37
1021.926
1022.482
1023.038
1023.594
1024.15
1024.706
1025.259
1025.586
1025.913
1026.24
1026.567
1026.894
1027.221
1027.55
1028.013
1028.476
1028.939
1029.402
1029.865
1030.328
1030.791
1031.256
1031.839
1032.283
1032.727
1033.171
1033.615
1034.059
1034.503
1034.947
1035.39
1035.844
1036.298
1036.752
1037.206
1037.66
1037.979
1038.298
1038.617
1038.936
1039.255
1039.574
1039.893
1040.21
1040.727
1041.244
1041.76
1042.332
1042.904
1043.476
1044.048
1044.62
1045.192
1045.764
1046.336
1046.91
1047.976
1049.042
1050.108
1051.174
1052.24
1052.721
1053.202
1053.683
1054.164
1054.645
1055.126
1055.61
1056.505
1057.4
1058.295
1059.19
1059.448
1059.706
1059.964
1060.222
1060.48
1060.738
1060.996
1061.254
1061.512
1061.77
1062.028
1062.286
1062.55
1062.85
1063.15
1063.45
1063.75
1064.05
1064.35
1064.652
1064.86
1065.068
1065.276
1065.484
1065.692
1065.9
1066.11
1066.794
1067.478
1068.162
1068.846
1069.53
1070.214
1070.898
1071.58
1072.026
1072.472
1072.918
1073.364
1073.81
1074.256
1074.702
1075.15
1075.494
1075.838
1076.182
1076.526
1076.87
1077.214
1077.56
1078.357
1079.154
1079.951
1080.748
1081.545
1082.34
1083.178
1084.016
1084.854
1085.692
1086.53
1087.368
1088.206
1089.044
1089.882
1091.048
1092.214
1093.38
1093.574
1093.768
1093.962
1094.156
1094.35
1094.544
1094.738
1094.932
1095.13
1095.544
1095.958
1096.372
1096.786
1097.2
1097.614
1098.028
1098.442
1098.856
1099.27
1099.603
1099.936
1100.269
1100.602
1100.935
1101.268
1101.601
1101.934
1102.267
1102.6
1102.93
1103.431
1103.932
1104.433
1104.934
1105.435
1105.936
1106.437
1106.938
1107.439
1107.94
1108.29
1108.64
1108.99
1109.34
1109.69
1110.04
1110.39
1110.74
1111.09
1111.44
1111.72
1112.0
1112.28
1112.56
1112.84
1113.12
1113.4
1113.68
1113.96
1114.24
1114.52
1115.091
1115.662
1116.233
1116.804
1117.374
1117.909
1118.445
1118.98
1119.515
1120.051
1120.586
1121.121
1121.658
1122.106
1122.554
1123.002
1123.45
1123.898
1124.346
1124.794
1125.242
1125.693
1126.54
1127.93
1128.27
1128.61
1128.95
1129.29
1129.63
1129.97
1130.31
1130.65
1130.99
1131.33
1131.67
1132.01
1132.513
1133.016
1133.519
1134.022
1134.525
1135.028
1135.53
1135.818
1136.106
1136.394
1136.682
1136.97
1137.258
1137.546
1137.834
1138.12
1138.679
1139.238
1139.797
1140.356
1140.915
1141.474
1142.03
1142.437
1142.844
1143.251
1143.658
1144.065
1144.472
1144.88
1145.157
1145.434
1145.711
1145.988
1146.265
1146.542
1146.819
1147.096
1147.373
1147.65
1147.927
1148.2
1148.553
1148.906
1149.259
1149.612
1149.965
1150.318
1150.67
1150.978
1151.286
1151.594
1151.902
1152.21
1152.518
1152.826
1153.134
1153.442
1153.75
1154.154
1154.558
1154.962
1155.366
1155.77
1156.174
1156.578
1156.982
1157.39
1157.805
1158.22
1158.635
1159.05
1159.465
1159.88
1160.295
1160.712
1160.902
1161.092
1161.282
1161.472
1161.662
1161.852
1162.042
1162.232
1162.42
1163.193
1163.966
1164.738
1165.51
1165.687
1165.864
1166.041
1166.218
1166.395
1166.572
1166.75
1167.004
1167.258
1167.512
1167.766
1168.02
1168.274
1168.528
1168.782
1169.036
1169.286
1169.653
1170.02
1170.387
1170.754
1171.12
1171.492
1171.864
1172.236
1172.608
1172.982
1174.28
1175.762
1175.935
1176.108
1176.281
1176.454
1176.627
1176.8
1176.97
1177.152
1177.334
1177.516
1177.698
1177.88
1178.062
1178.244
1178.428
1178.789
1179.15
1179.511
1179.872
1180.233
1180.594
1180.955
1181.316
1181.677
1182.038
1182.404
1183.34
1184.722
1186.105
1186.791
1187.477
1188.163
1188.85
1189.098
1189.346
1189.594
1189.842
1190.09
1190.338
1192.546
1194.754
1200.64
1200.948
1201.256
1201.564
1201.872
1202.18
1202.488
1202.796
1203.104
1203.41
1203.608
1203.806
1204.004
1204.202
1204.4
1204.598
1204.796
1204.994
1205.19
1205.723
1206.255
1206.788
1207.32
1208.105
1208.89
1209.675
1210.46
1211.245
1212.03
1212.531
1213.032
1213.533
1214.034
1214.535
1215.036
1215.537
1216.038
1216.54
1216.9
1217.261
1217.621
1217.982
1218.342
1218.703
1219.063
1219.424
1219.784
1220.145
1221.543
1222.941
1224.34
1224.571
1224.802
1225.033
1225.264
1225.495
1225.726
1225.957
1226.188
1226.42
1226.709
1226.998
1227.287
1227.576
1227.865
1228.154
1228.443
1228.73
1229.079
1229.428
1229.777
1230.126
1230.475
1230.824
1231.173
1231.52
1231.741
1231.962
1232.183
1232.404
1232.625
1232.846
1233.067
1233.288
1233.509
1233.73
1233.95
1234.5
1235.05
1235.6
1236.15
1236.7
1237.25
1237.8
1238.224
1238.648
1239.072
1239.496
1239.921
1240.801
1241.681
1242.561
1243.44
1243.797
1244.154
1244.511
1244.868
1245.225
1245.582
1245.942
1246.227
1246.512
1246.797
1247.082
1247.367
1247.65
1247.719
1247.788
1247.857
1247.926
1247.995
1248.063
1248.421
1248.78
1249.568
1250.356
1251.144
1251.932
1252.72
1253.006
1253.292
1253.578
1253.864
1254.15
1254.436
1254.722
1255.009
1255.202
1255.395
1255.588
1255.781
1255.974
1256.167
1256.36
1256.55
1256.832
1257.114
1257.396
1257.678
1257.96
1258.698
1259.436
1260.174
1260.912
1261.65
1262.388
1263.126
1263.864
1264.6
1265.036
1265.472
1265.908
1266.344
1266.78
1267.214
1267.648
1268.082
1268.516
1268.95
1269.208
1269.466
1269.724
1269.982
1270.24
1270.498
1270.756
1271.014
1271.272
1271.53
1271.79
1271.94
1272.09
1272.24
1272.39
1272.54
1272.992
1273.445
1273.898
1274.35
1274.523
1274.696
1274.869
1275.042
1275.215
1275.388
1275.56
1275.8
1276.04
1276.28
1276.52
1276.76
1277.0
1277.24
1277.48
1277.779
1278.078
1278.377
1278.676
1278.975
1279.274
1279.573
1279.872
1280.17
1280.475
1280.78
1281.085
1281.39
1281.695
1282.0
1282.305
1282.61
1282.915
1283.22
1283.525
1283.83
1284.237
1284.645
1285.053
1285.46
1285.782
1286.104
1286.426
1286.748
1287.07
1287.392
1287.714
1288.036
1288.357
1289.036
1289.715
1290.394
1291.073
1291.752
1292.431
1293.11
1293.521
1293.932
1294.343
1294.754
1295.165
1295.576
1295.987
1296.398
1296.809
1297.22
1297.561
1297.902
1298.243
1298.584
1298.925
1299.266
1299.607
1299.948
1300.289
1300.634
1301.599
1301.773
1301.947
1302.12
1302.293
1302.466
1302.64
1303.51
1304.38
1305.25
1306.121
1306.62
1306.915
1307.21
1307.505
1307.8
1308.095
1308.39
1308.685
1308.98
1309.275
1309.57
1309.851
1310.132
1310.413
1310.694
1310.975
1311.256
1311.537
1311.818
1312.099
1312.38
1312.657
1312.813
1312.969
1313.125
1313.281
1313.437
1313.593
1313.749
1313.905
1314.061
1314.217
1314.373
1314.529
1314.685
1314.841
1314.99
1315.309
1315.628
1315.947
1316.266
1316.585
1316.904
1317.223
1317.542
1317.858
1319.334
1320.81
1321.248
1321.686
1322.124
1322.562
1323.0
1323.437
1323.924
1324.411
1324.776
1325.141
1325.506
1325.872
1326.116
1326.36
1326.603
1326.846
1330.646
1331.229
1331.959
1332.69
1333.059
1333.428
1333.797
1334.166
1334.37
1334.573
1334.777
1334.98
1335.307
1335.634
1335.961
1336.288
1336.615
1336.942
1337.269
1337.596
1337.92
1338.191
1338.462
1338.733
1339.004
1339.275
1339.546
1339.817
1340.088
1340.359
1340.629
1340.824
1341.019
1341.214
1341.409
1341.604
1341.799
1341.994
1342.189
1342.384
1342.579
1342.774
1342.969
1343.17
1343.456
1343.742
1344.028
1344.314
1344.6
1344.886
1345.172
1345.458
1345.741
1346.152
1346.563
1346.974
1347.385
1347.796
1348.207
1348.618
1349.03
1349.232
1349.434
1349.636
1349.838
1350.04
1350.242
1350.444
1350.646
1350.848
1351.054
1351.239
1351.424
1351.609
1351.794
1351.979
1352.164
1352.349
1352.534
1352.72
1352.953
1353.186
1353.419
1353.652
1353.885
1354.118
1354.351
1354.584
1354.82
1356.98
1359.14
1361.3
1363.46
1363.968
1364.476
1364.984
1365.492
1366.0
1366.508
1367.016
1367.524
1368.032
1368.54
1368.975
1369.41
1369.845
1370.28
1370.715
1371.15
1371.585
1372.02
1372.455
1372.89
1373.33
1373.64
1373.95
1374.26
1374.57
1374.88
1375.19
1375.496
1375.802
1376.108
1376.414
1376.72
1377.026
1377.332
1377.638
1377.94
1378.138
1378.335
1378.533
1378.73
1378.928
1379.126
1379.323
1379.52
1380.405
1381.29
1382.175
1383.06
1383.945
1384.83
1385.082
1385.335
1385.588
1385.841
1386.093
1386.346
1386.599
1386.851
1387.104
1387.357
1387.61
1387.86
1388.324
1388.788
1389.252
1389.716
1390.18
1390.644
1391.108
1391.572
1392.036
1392.5
1392.964
1393.428
1393.892
1394.351
1394.559
1394.767
1394.975
1395.183
1395.391
1395.599
1395.807
1396.015
1396.223
1396.431
1396.639
1396.85
1397.163
1397.476
1397.79
1398.092
1398.394
1398.696
1398.998
1399.3
1399.602
1399.904
1400.206
1400.508
1400.81
1401.11
1401.674
1402.238
1402.802
1403.366
1403.93
1404.494
1405.06
1405.339
1405.618
1405.897
1406.176
1406.455
1406.734
1407.013
1407.292
1407.571
1407.85
1408.86
1409.87
1410.88
1412.443
1414.006
1415.569
1417.132
1418.695
1420.257
1420.783
1421.309
1421.835
1422.361
1422.887
1423.413
1423.939
1424.465
1424.991
1425.517
1426.043
1426.57
1426.81
1427.05
1427.29
1427.53
1427.77
1428.01
1428.25
1428.49
1428.73
1428.97
1429.577
1430.184
1430.79
1431.401
1432.012
1432.623
1433.234
1433.845
1434.456
1435.067
1435.678
1436.29
1436.624
1436.958
1437.291
1440.06
1440.751
1441.442
1442.133
1442.824
1443.515
1444.206
1444.897
1445.588
1446.279
1446.971
1447.39
1447.809
1448.228
1448.647
1449.066
1449.485
1449.904
1450.323
1450.74
1451.24
1452.264
1452.472
1452.68
1452.888
1453.096
1453.304
1453.512
1453.72
1453.93
1454.865
1455.8
1456.3
1456.867
1457.434
1458.001
1458.568
1459.135
1459.702
1460.269
1460.84
1461.212
1461.584
1461.956
1462.328
1462.7
1463.072
1463.444
1463.816
1464.188
1464.56
1465.051
1465.542
1466.033
1466.524
1467.015
1467.506
1467.997
1468.488
1468.98
1469.334
1469.688
1470.042
1470.396
1470.75
1471.104
1471.458
1471.812
1472.166
1472.52
1472.87
1473.186
1473.502
1473.818
1474.134
1474.45
1474.766
1475.082
1475.398
1475.714
1476.03
1476.344
1476.546
1476.748
1476.95
1477.152
1477.354
1477.556
1477.76
1478.165
1478.57
1478.975
1479.38
1479.785
1480.19
1480.595
1481.0
1481.405
1481.81
1482.146
1482.482
1482.818
1483.154
1483.49
1483.826
1484.162
1484.498
1484.83
1485.33
1485.558
1485.786
1486.014
1486.242
1486.47
1486.7
1488.011
1489.322
1490.633
1491.944
1493.255
1494.566
1495.877
1497.188
1498.5
1498.823
1499.146
1499.469
1499.792
1500.115
1500.438
1500.76
1501.08
1501.4
1501.72
1502.04
1502.36
1502.68
1503.0
1503.32
1503.64
1503.94
1504.24
1504.54
1504.84
1505.14
1505.487
1505.834
1506.181
1506.528
1506.875
1507.22
1507.523
1507.826
1508.129
1508.432
1508.735
1509.038
1509.34
1509.739
1510.138
1510.537
1510.936
1511.335
1511.734
1512.133
1512.532
1512.931
1513.33
1513.729
1514.128
1514.527
1514.92
1516.114
1517.308
1518.502
1519.696
1520.89
1521.141
1521.392
1521.643
1521.894
1522.145
1522.396
1522.647
1522.898
1523.15
1523.727
1524.304
1524.881
1525.458
1526.035
1526.612
1527.189
1527.766
1528.343
1528.92
1529.567
1530.214
1530.861
1531.508
1532.155
1532.802
1533.449
1534.096
1534.743
1535.39
1535.703
1536.016
1536.329
1536.642
1536.955
1537.268
1537.58
1539.822
1541.042
1541.255
1541.469
1541.683
1541.897
1542.111
1542.325
1542.539
1542.75
1543.321
1543.892
1544.463
1545.034
1545.605
1546.176
1546.747
1547.318
1547.889
1548.46
1549.03
1549.57
1550.11
1550.65
1551.19
1551.73
1552.272
1552.554
1552.836
1553.117
1554.442
1555.767
1557.092
1557.537
1557.982
1558.427
1558.872
1559.317
1559.762
1560.207
1560.65
1560.946
1561.242
1561.538
1561.834
1562.13
1563.0
1563.547
1564.094
1564.64
1565.604
1566.568
1567.532
1568.496
1569.46
1570.424
1571.388
1572.349
1572.569
1572.789
1573.009
1573.229
1573.449
1573.669
1573.89
1574.077
1574.264
1574.451
1574.638
1574.825
1575.012
1575.199
1575.389
1576.179
1576.969
1577.759
1578.549
1579.339
1580.129
1580.919
1581.709
1582.499
1583.289
1584.079
1584.871
1585.37
1585.709
1586.048
1586.387
1586.726
1587.065
1587.404
1587.743
1588.08
1589.99
1590.178
1590.366
1590.553
1590.74
1590.948
1591.156
1591.364
1591.572
1591.78
1591.988
1592.198
1592.42
1592.642
1592.864
1593.086
1593.308
1593.53
1593.752
1593.974
1594.196
1594.418
1594.64
1594.952
1595.264
1595.576
1595.888
1596.2
1596.766
1597.332
1597.898
1598.464
1599.03
1599.596
1600.162
1600.73
1601.599
1602.468
1603.337
1604.206
1605.075
1605.944
1606.813
1607.682
1608.551
1609.42
1610.289
1611.158
1612.03
1612.416
1612.802
1613.188
1613.574
1613.96
1614.346
1614.732
1615.118
1615.5
1615.929
1616.358
1616.787
1617.216
1617.645
1618.074
1618.503
1618.932
1619.361
1619.79
1620.22
1620.43
1620.64
1620.85
1621.06
1621.503
1621.946
1622.389
1622.832
1623.275
1623.718
1624.16
1624.943
1625.726
1626.509
1627.292
1628.075
1628.86
1629.081
1629.302
1629.523
1629.744
1629.965
1630.186
1630.41
1631.029
1631.648
1632.267
1632.886
1633.505
1634.124
1634.743
1635.36
1636.26
1637.16
1637.981
1638.802
1639.623
1640.444
1641.265
1642.086
1642.907
1643.728
1644.55
1644.949
1645.348
1645.747
1646.146
1646.545
1646.944
1647.343
1647.742
1648.14
1648.485
1648.83
1649.175
1649.52
1649.865
1650.21
1650.555
1650.9
1651.245
1651.587
1651.986
1652.385
1652.784
1653.183
1653.582
1653.981
1654.38
1654.779
1655.178
1655.577
1655.976
1656.375
1656.77
1657.27
1657.631
1657.992
1658.353
1658.714
1659.075
1659.436
1659.797
1660.158
1660.519
1660.88
1661.24
1661.462
1661.684
1661.906
1662.128
1662.35
1662.572
1662.794
1663.016
1663.238
1663.46
1663.818
1664.176
1664.534
1664.892
1665.038
1665.184
1665.33
1665.476
1665.622
1665.768
1665.914
1666.06
1666.206
1666.35
1666.562
1666.774
1666.986
1667.198
1667.41
1667.622
1667.834
1668.046
1668.258
1668.47
1668.68
1669.31
1669.94
1670.57
1671.2
1671.45
1671.7
1672.336
1672.972
1673.608
1674.244
1674.88
1675.516
1676.152
1676.79
1677.095
1677.4
1677.705
1678.01
1678.315
1678.62
1679.147
1679.674
1680.201
1680.728
1681.255
1681.782
1682.312
1682.632
1682.952
1683.272
1683.592
1683.91
1684.392
1684.874
1685.356
1685.838
1686.32
1686.579
1686.838
1687.097
1687.356
1687.615
1687.874
1688.133
1688.392
1688.651
1688.91
1689.169
1689.43
1689.713
1689.996
1690.279
1690.562
1690.845
1691.128
1691.411
1691.694
1691.977
1692.26
1696.14
1696.796
1697.452
1698.108
1698.764
1699.42
1700.076
1700.732
1701.388
1702.044
1702.7
1703.181
1703.662
1704.143
1704.624
1705.105
1705.586
1706.067
1706.548
1707.029
1707.51
1707.991
1708.477
1708.704
1708.931
1709.158
1709.385
1709.612
1709.839
1710.066
1710.293
1710.518
1711.277
1711.631
1711.985
1712.246
1712.508
1712.77
1713.032
1713.293
1713.554
1713.816
1714.077
1714.344
1714.611
1714.878
1715.145
1715.41
1715.778
1716.146
1716.514
1716.882
1717.25
1717.618
1717.986
1718.354
1718.722
1719.09
1719.354
1719.618
1719.882
1720.146
1720.41
1720.674
1720.938
1721.202
1721.466
1721.73
1721.994
1722.258
1722.522
1722.78
1723.25
1723.72
1724.19
1724.66
1725.13
1725.6
1726.36
1727.112
1727.865
1728.618
1729.37
1729.87
1730.116
1730.362
1730.608
1730.854
1731.1
1731.346
1731.59
1731.776
1731.962
1732.148
1732.334
1732.52
1732.706
1732.89
1733.057
1733.224
1733.391
1733.558
1733.725
1733.892
1734.059
1734.226
1734.393
1734.56
1734.727
1734.89
1735.248
1735.606
1735.964
1736.322
1736.679
1737.037
1737.395
1737.75
1738.804
1739.858
1740.912
1741.966
1743.02
1744.074
1745.13
1745.329
1745.528
1745.727
1745.926
1746.125
1746.324
1746.526
1746.738
1746.95
1747.162
1747.374
1747.586
1747.798
1748.01
1748.222
1748.434
1748.65
1748.906
1749.162
1749.418
1749.674
1749.93
1750.186
1750.442
1750.698
1750.954
1751.21
1751.744
1752.278
1752.812
1753.346
1753.88
1754.414
1754.95
1755.265
1755.58
1755.895
1756.21
1756.525
1756.84
1757.155
1757.47
1758.055
1758.64
1759.225
1759.81
1760.395
1760.98
1761.58
1762.08
1762.37
1762.659
1762.949
1763.239
1763.529
1763.817
1764.122
1764.428
1764.734
1765.039
1765.344
1765.65
1765.985
1766.32
1766.655
1766.99
1767.313
1767.636
1767.959
1768.282
1768.605
1768.928
1769.251
1769.574
1769.897
1770.22
1770.543
1770.866
1771.189
1771.512
1771.83
1772.08
1772.33
1772.852
1773.374
1773.896
1774.418
1774.94
1775.462
1775.984
1776.506
1777.028
1777.55
1778.07
1778.63
1779.19
1779.75
1780.31
1780.87
1781.43
1781.99
1782.55
1783.11
1783.67
1784.23
1784.429
1784.628
1784.827
1785.026
1785.225
1785.424
1785.623
1785.82
1786.207
1786.594
1786.981
1787.368
1787.755
1788.14
1788.82
1789.5
1790.18
1790.86
1791.101
1791.342
1791.583
1791.824
1792.065
1792.306
1792.547
1792.788
1793.029
1793.27
1793.511
1793.752
1793.993
1794.24
1794.476
1794.712
1794.948
1795.184
1795.42
1795.656
1795.892
1796.128
1796.364
1796.6
1796.84
1797.172
1797.505
1797.838
1798.17
1798.503
1798.835
1799.168
1799.5
1799.832
1800.165
1800.497
1800.83
1801.079
1801.328
1801.577
1801.826
1802.075
1802.324
1802.573
1802.82
1803.065
1803.31
1803.555
1803.8
1804.045
1804.29
1804.535
1804.78
1805.025
1805.27
1805.515
1805.76
1806.007
1806.254
1806.501
1806.748
1806.995
1807.242
1807.489
1807.736
1807.983
1808.23
1808.477
1808.724
1808.97
1809.264
1809.558
1809.852
1810.146
1810.44
1810.732
1810.946
1811.159
1811.373
1811.587
1811.801
1812.014
1812.227
1812.44
1813.513
1814.586
1815.659
1816.732
1817.805
1818.88
1819.158
1819.436
1819.714
1819.992
1820.27
1820.548
1820.826
1821.104
1821.382
1821.66
1822.117
1822.574
1823.031
1823.488
1823.945
1824.402
1824.859
1825.316
1825.773
1826.23
1826.69
1827.002
1827.314
1827.626
1827.938
1828.25
1828.562
1828.874
1829.186
1829.498
1829.81
1830.082
1830.354
1830.626
1830.898
1831.17
1831.504
1831.838
1832.172
1832.506
1832.84
1833.174
1833.51
1833.963
1834.416
1834.869
1835.322
1835.775
1836.228
1836.681
1837.134
1837.587
1838.04
1838.63
1839.22
1839.81
1840.4
1840.945
1841.49
1842.035
1842.58
1843.125
1843.67
1844.215
1844.76
1845.281
1845.802
1846.323
1846.844
1847.365
1847.886
1848.407
1848.928
1849.449
1849.97
1850.216
1850.462
1850.708
1850.954
1851.2
1851.446
1851.692
1851.94
1852.235
1852.53
1852.825
1853.12
1853.415
1853.71
1854.005
1854.3
1854.595
1854.89
1855.18
1855.733
1856.286
1856.839
1857.392
1857.945
1858.498
1859.05
1859.745
1860.44
1861.135
1861.83
1862.525
1863.22
1863.58
1863.94
1864.3
1864.66
1865.02
1865.38
1865.74
1866.1
1866.345
1866.59
1866.835
1867.08
1867.325
1867.57
1867.815
1868.06
1868.248
1868.436
1868.624
1868.812
1869.0
1869.188
1869.376
1869.564
1869.752
1869.94
1870.13
1870.624
1871.118
1871.612
1872.106
1872.6
1872.844
1873.088
1873.332
1873.576
1873.82
1874.064
1874.308
1874.552
1874.796
1875.04
1875.284
1875.528
1875.772
1876.02
1876.78
1877.54
1878.22
1878.9
1879.58
1880.26
1880.555
1880.85
1881.155
1881.46
1881.765
1882.07
1882.375
1882.68
1883.372
1884.064
1884.756
1885.448
1886.14
1886.83
1887.088
1887.346
1887.604
1887.862
1888.12
1888.378
1888.636
1888.894
1889.152
1889.41
1889.67
1889.947
1890.224
1890.501
1890.778
1891.055
1891.33
1891.563
1891.796
1892.029
1892.262
1892.495
1892.728
1892.96
1893.398
1893.835
1894.273
1894.71
1894.945
1895.18
1895.415
1895.65
1895.885
1896.12
1896.355
1896.59
1896.825
1897.06
1897.295
1897.53
1897.765
1898.0
1898.237
1898.475
1898.712
1898.95
1899.211
1899.472
1899.733
1899.994
1900.255
1900.516
1900.777
1901.038
1901.3
1901.546
1901.792
1902.038
1902.284
1902.53
1902.776
1903.02
1903.423
1903.826
1904.229
1904.632
1905.035
1905.438
1905.84
1906.539
1907.238
1907.937
1908.636
1909.335
1910.034
1910.733
1911.432
1912.13
1912.383
1912.636
1912.889
1913.142
1913.395
1913.648
1913.9
1914.057
1914.214
1914.371
1914.528
1914.685
1914.842
1914.999
1915.156
1915.316
1915.554
1915.792
1916.03
1916.268
1916.506
1916.744
1916.982
1917.22
1917.458
1917.696
1917.93
1918.191
1918.452
1918.713
1918.974
1919.235
1919.496
1919.757
1920.018
1920.28
1921.877
1923.474
1925.07
1926.16
1927.25
1927.525
1927.8
1928.07
1928.34
1928.61
1928.88
1929.15
1929.42
1929.69
1929.96
1930.23
1930.5
1930.77
1931.04
1931.31
1931.58
1931.85
1932.12
1932.39
1932.953
1933.516
1934.08
1934.323
1934.566
1934.809
1935.052
1935.295
1935.538
1935.781
1936.024
1936.267
1936.51
1936.749
1936.925
1937.101
1937.277
1937.453
1937.629
1937.805
1937.981
1938.157
1938.333
1938.509
1938.685
1938.861
1939.04
1940.5
1941.095
1941.69
1942.285
1942.88
1943.475
1944.07
1944.665
1945.26
1945.855
1946.45
1947.045
1947.64
1948.23
1948.73
1949.23
1949.648
1950.066
1950.484
1950.902
1951.32
1951.74
1952.09
1952.44
1952.79
1953.14
1953.49
1953.84
1954.19
1954.54
1954.89
1955.24
1955.59
1956.0
1956.41
1956.82
1957.23
1960.34
1960.746
1961.152
1961.558
1961.964
1962.37
1962.776
1963.182
1963.59
1964.52
1965.45
1966.38
1967.31
1968.24
1969.17
1970.1
1971.03
1971.53
1971.813
1972.096
1972.379
1972.662
1972.945
1973.228
1973.511
1973.794
1974.077
1974.36
1974.887
1975.414
1975.941
1976.468
1976.995
1977.522
1978.049
1978.576
1979.103
1979.63
1980.157
1980.689
1980.852
1981.015
1981.178
1981.341
1981.504
1981.667
1981.83
1981.993
1982.156
1982.319
1982.48
1982.691
1982.902
1983.113
1983.324
1983.535
1983.746
1983.957
1984.168
1984.379
1984.59
1984.801
1985.012
1985.22
1985.5
1985.78
1986.06
1986.34
1986.62
1986.9
1987.18
1987.372
1987.564
1987.756
1987.948
1988.14
1988.332
1988.524
1988.716
1988.908
1989.1
1989.292
1989.484
1989.67
1989.818
1989.966
1990.114
1990.262
1990.41
1990.558
1990.706
1990.854
1991.004
1991.595
1992.186
1992.777
1993.368
1993.959
1994.55
1995.14
1996.3
1996.653
1997.006
1997.359
1997.712
1998.065
1998.418
1998.771
1999.126
1999.471
1999.816
2000.161
2000.506
2000.85
2001.1
2001.35
2001.6
2001.85
2002.1
2002.35
2002.6
2003.146
2003.692
2004.238
2004.784
2005.33
2005.876
2006.42
2006.736
2007.052
2007.368
2007.684
2008.0
2008.316
2008.63
2009.334
2010.038
2010.742
2011.446
2012.15
2012.854
2013.56
2013.904
2014.248
2014.592
2014.936
2015.28
2015.624
2015.968
2016.312
2016.656
2017.0
2017.344
2017.688
2018.03
2018.365
2018.7
2019.035
2019.37
2019.705
2020.04
2020.511
2020.982
2021.453
2021.924
2022.395
2022.866
2023.34
2023.793
2024.246
2024.699
2025.152
2025.605
2026.058
2026.511
2026.964
2027.417
2027.87
2028.27
2028.67
2029.07
2029.47
2029.87
2030.27
2030.67
2030.931
2031.192
2031.453
2031.714
2031.975
2032.236
2032.497
2032.76
2033.101
2033.442
2033.783
2034.124
2034.465
2034.806
2035.15
2035.518
2035.886
2036.254
2036.622
2036.99
2037.36
2037.637
2037.914
2038.191
2038.468
2038.745
2039.022
2039.299
2039.58
2039.875
2040.17
2040.465
2040.76
2041.055
2041.35
2041.645
2041.94
2042.235
2042.53
2042.778
2043.026
2043.274
2043.522
2043.77
2044.018
2044.266
2044.514
2044.762
2045.01
2045.39
2045.77
2046.15
2046.53
2046.91
2047.29
2047.67
2047.984
2048.298
2048.612
2048.926
2049.24
2049.554
2049.868
2050.182
2050.496
2050.81
2051.124
2051.438
2051.75
2052.74
2053.73
2054.018
2054.306
2054.594
2054.882
2055.17
2055.458
2055.746
2056.034
2056.322
2056.61
2056.898
2057.186
2057.48
2057.804
2058.128
2058.452
2058.776
2059.1
2059.424
2059.748
2060.072
2060.396
2060.72
2061.044
2061.37
2061.62
2061.87
2062.146
2062.422
2062.698
2062.974
2063.25
2063.526
2063.802
2064.08
2064.371
2064.662
2064.953
2065.244
2065.535
2065.826
2066.117
2066.408
2066.699
2066.99
2067.28
2067.486
2067.692
2067.898
2068.104
2068.31
2068.516
2068.722
2068.928
2069.13
2069.435
2069.74
2070.045
2070.35
2070.655
2070.96
2071.265
2071.57
2071.875
2072.18
2072.485
2072.79
2073.1
2074.199
2074.683
2075.167
2075.651
2076.135
2076.619
2077.103
2077.587
2078.071
2078.555
2079.039
2079.523
2080.007
2080.489
2080.957
2081.425
2081.893
2082.361
2082.829
2083.297
2083.765
2084.233
2084.699
2085.214
2085.729
2086.244
2086.759
2087.274
2087.789
2088.304
2088.819
2089.33
2089.493
2089.656
2089.819
2089.982
2090.145
2090.308
2090.471
2090.634
2090.794
2091.032
2091.27
2091.508
2091.746
2091.984
2092.222
2092.46
2092.898
2093.336
2093.774
2094.212
2094.65
2094.85
2095.05
2095.25
2095.45
2095.65
2095.85
2096.05
2096.25
2096.45
2096.65
2096.976
2097.302
2097.628
2097.954
2098.28
2098.558
2098.836
2099.114
2099.392
2099.67
2099.948
2100.226
2100.504
2100.782
2101.06
2101.338
2101.616
2101.894
2102.17
2102.669
2103.168
2103.667
2104.166
2104.665
2105.164
2105.663
2106.16
2107.96
2109.26
2110.56
2111.21
2111.86
2112.51
2113.16
2113.811
2114.31
2115.008
2115.706
2116.404
2117.102
2117.8
2118.5
2123.68
2124.205
2124.73
2125.255
2125.78
2126.305
2126.83
2127.389
2127.948
2128.506
2129.064
2129.332
2129.6
2129.868
2130.136
2130.404
2130.672
2130.94
2131.208
2131.48
2131.742
2132.004
2132.266
2132.528
2132.79
2133.052
2133.314
2133.576
2133.838
2134.1
2134.362
2134.622
2135.296
2135.97
2136.644
2137.32
2137.534
2137.748
2137.962
2138.176
2138.39
2138.604
2138.818
2139.03
2139.64
2140.25
2140.86
2141.47
2142.08
2142.688
2143.359
2144.03
2144.7
2145.31
2145.689
2146.068
2146.447
2146.826
2147.205
2147.584
2147.963
2148.34
2148.545
2148.75
2148.955
2149.16
2149.365
2149.57
2149.775
2149.98
2150.185
2150.39
2150.59
2150.949
2151.308
2151.667
2152.026
2152.385
2152.744
2153.1
2153.47
2153.84
2154.21
2154.58
2154.95
2155.329
2155.708
2156.087
2156.466
2156.845
2157.222
2157.423
2157.624
2157.825
2158.026
2158.227
2158.43
2158.614
2158.798
2158.982
2159.166
2159.35
2159.534
2159.718
2159.902
2160.086
2160.27
2160.45
2160.653
2160.856
2161.059
2161.262
2161.465
2161.668
2161.871
2162.074
2162.565
2163.056
2163.547
2164.038
2164.529
2165.02
2165.51
2165.774
2166.038
2166.302
2166.566
2166.83
2167.094
2167.358
2167.622
2167.886
2168.15
2168.414
2168.68
2169.812
2170.944
2171.161
2171.378
2171.595
2171.812
2172.029
2172.246
2172.463
2172.68
2172.897
2173.11
2174.0
2174.89
2175.78
2176.67
2177.08
2177.49
2177.9
2178.31
2178.72
2179.13
2179.54
2179.695
2179.85
2180.005
2180.16
2180.315
2180.47
2180.625
2180.78
2180.935
2181.09
2181.25
2181.474
2181.698
2181.922
2182.146
2182.37
2182.594
2182.818
2183.041
2183.342
2183.643
2183.944
2184.245
2184.546
2184.847
2185.148
2185.45
2185.672
2185.894
2186.116
2186.338
2186.56
2186.78
2187.035
2187.29
2187.545
2187.8
2188.055
2188.31
2188.565
2188.82
2189.439
2190.058
2190.677
2191.296
2191.915
2192.534
2193.153
2193.772
2194.391
2195.01
2195.629
2196.248
2196.865
2197.068
2197.271
2197.474
2197.677
2197.88
2198.083
2198.286
2198.49
2198.875
2199.26
2199.645
2200.03
2200.415
2200.8
2201.185
2201.57
2201.835
2202.1
2202.365
2202.63
2202.895
2203.16
2203.443
2203.726
2204.009
2204.292
2204.575
2204.858
2205.14
2205.398
2205.656
2205.914
2206.172
2206.43
2206.69
2206.895
2207.1
2207.305
2207.51
2207.715
2207.92
2208.125
2208.33
2208.535
2208.74
2208.945
2209.15
2209.36
2209.557
2209.754
2209.951
2210.148
2210.345
2210.542
2210.739
2210.936
2211.133
2211.33
2211.527
2211.724
2211.921
2212.118
2212.32
2212.517
2212.714
2212.911
2213.108
2213.305
2213.502
2213.699
2213.896
2214.093
2214.29
2214.543
2214.796
2215.049
2215.302
2215.555
2215.808
2216.061
2216.314
2216.567
2216.82
2217.07
2218.119
2218.327
2218.535
2218.743
2218.951
2219.16
2219.332
2219.505
2219.678
2219.851
2220.024
2220.197
2220.37
2220.543
2220.716
2220.889
2221.062
2221.23
2221.508
2221.785
2222.062
2222.34
2222.618
2222.896
2223.174
2223.45
2223.69
2223.93
2224.17
2224.41
2224.714
2225.018
2225.322
2225.626
2225.93
2226.234
2226.538
2226.84
2227.196
2227.552
2227.908
2228.264
2228.62
2228.976
2229.33
2229.614
2229.898
2230.182
2230.466
2230.75
2231.034
2231.318
2231.602
2231.886
2232.17
2232.809
2233.448
2234.087
2234.726
2235.365
2236.004
2236.643
2237.282
2237.921
2238.56
2239.198
2239.7
2240.202
2240.704
2241.206
2241.708
2242.21
2242.712
2243.214
2243.72
2243.96
2244.2
2244.44
2244.68
2244.92
2245.16
2245.4
2245.64
2245.88
2246.12
2246.36
2246.6
2246.84
2247.08
2247.377
2247.674
2247.971
2248.268
2248.565
2248.862
2249.159
2249.456
2249.753
2250.05
2250.356
2250.662
2250.968
2251.274
2251.58
2251.886
2252.192
2252.5
2252.829
2253.158
2253.487
2253.816
2254.145
2254.474
2254.8
2255.23
2255.66
2256.09
2256.52
2256.95
2257.379
2257.599
2257.819
2258.039
2258.259
2258.479
2258.699
2258.92
2259.251
2259.582
2259.913
2260.244
2260.575
2260.906
2261.24
2261.479
2261.718
2261.957
2262.196
2262.435
2262.674
2262.911
2263.599
2264.287
2264.975
2265.663
2266.351
2267.039
2267.727
2268.415
2269.103
2269.791
2270.48
2271.53
2272.58
2273.63
2274.0
2274.37
2274.74
2275.11
2275.58
2276.05
2276.52
2276.99
2277.46
2277.93
2278.4
2278.87
2279.34
2279.81
2280.205
2280.6
2280.907
2281.215
2281.523
2281.831
2282.139
2282.447
2282.755
2283.06
2283.728
2284.396
2285.064
2285.281
2285.498
2285.715
2285.932
2286.149
2286.366
2286.583
2286.8
2287.017
2287.23
2287.486
2287.742
2287.998
2288.254
2288.51
2288.764
2289.68
2289.882
2290.084
2290.286
2290.488
2290.69
2290.892
2291.094
2291.296
2291.498
2291.7
2291.902
2292.104
2292.31
2293.088
2293.866
2294.644
2295.422
2296.2
2296.978
2298.176
2298.447
2298.718
2298.989
2299.26
2299.531
2299.8
2300.086
2300.372
2300.658
2300.944
2301.23
2301.516
2301.802
2302.088
2302.374
2302.66
2302.946
2303.233
2304.827
2306.421
2308.015
2309.609
2311.204
2316.857
2317.033
2317.209
2317.385
2317.561
2317.737
2317.913
2318.089
2318.265
2318.44
2318.693
2318.946
2319.198
2319.45
2319.702
2319.955
2320.207
2320.46
2321.3
2322.14
2322.98
2323.82
2324.66
2324.883
2325.106
2325.329
2325.552
2325.775
2326.0
2327.982
2328.225
2328.468
2328.711
2328.954
2329.197
2329.44
2329.699
2329.958
2330.217
2330.476
2330.735
2330.993
2331.88
2332.883
2333.885
2334.888
2335.89
2336.184
2336.478
2336.772
2337.066
2337.36
2337.654
2337.948
2338.24
2338.486
2338.732
2338.978
2339.224
2339.47
2339.716
2339.962
2340.208
2340.454
2340.7
2341.281
2341.862
2342.443
2343.024
2343.605
2344.186
2344.767
2345.348
2345.93
2346.206
2346.482
2346.758
2347.034
2347.31
2347.586
2347.862
2348.138
2348.414
2348.69
2348.966
2349.242
2349.518
2349.792
2350.109
2350.426
2350.743
2351.06
2351.377
2351.694
2352.011
2352.328
2352.648
2353.6
2354.552
2354.85
2355.148
2355.446
2355.744
2356.042
2356.34
2356.638
2356.932
2357.32
2357.708
2358.096
2358.484
2358.87
2359.351
2359.832
2360.313
2360.794
2361.274
2361.545
2361.816
2362.087
2362.358
2362.629
2362.9
2363.171
2363.44
2363.699
2363.958
2364.217
2364.476
2364.735
2364.994
2365.252
2365.475
2365.698
2365.921
2366.144
2366.367
2366.59
2366.813
2367.036
2367.259
2367.482
2367.71
2368.475
2368.816
2369.157
2369.498
2369.84
2370.86
2371.88
2372.9
2373.92
2374.794
2375.668
2376.394
2377.12
2378.781
2380.442
2382.104
2382.69
2383.276
2383.862
2384.448
2385.034
2385.62
2386.206
2386.792
2387.38
2387.848
2388.316
2388.784
2389.252
2389.72
2390.19
2390.675
2391.16
2391.645
2392.13
2392.615
2393.1
2394.53
2395.55
2396.57
2397.59
2398.374
2399.158
2399.942
2400.726
2401.51
2401.719
2401.928
2402.137
2402.346
2402.555
2402.764
2402.973
2403.182
2403.391
2403.6
2403.809
2404.018
2404.232
2404.399
2404.566
2404.733
2404.9
2405.065
2405.445
2405.825
2406.206
2406.587
2406.967
2407.347
2407.727
2408.108
2408.489
2408.87
2409.09
2409.31
2409.53
2409.75
2409.97
2410.19
2410.41
2410.63
2410.85
2411.316
2411.782
2412.248
2412.714
2413.179
2414.001
2414.823
2415.645
2416.467
2417.289
2418.11
2419.017
2419.924
2420.831
2421.74
2422.24
2423.633
2425.026
2426.418
2427.9
2429.179
2429.378
2429.577
2429.776
2429.975
2430.174
2430.373
2430.572
2430.771
2430.97
2431.259
2431.548
2431.837
2432.126
2432.415
2432.704
2432.993
2433.28
2433.68
2434.08
2434.48
2434.88
2435.28
2435.68
2436.08
2436.48
2436.88
2437.28
2437.681
2438.18
2438.43
2438.68
2438.93
2439.18
2439.43
2439.68
2439.93
2440.167
2440.404
2440.641
2440.878
2441.115
2441.352
2441.589
2441.826
2442.063
2442.3
2442.518
2442.736
2442.954
2443.172
2443.39
2443.608
2443.826
2444.044
2444.26
2444.456
2444.652
2444.848
2445.044
2445.24
2445.436
2445.632
2445.828
2446.024
2446.22
2446.417
2446.6
2446.783
2446.966
2447.149
2447.332
2447.515
2447.698
2447.881
2448.064
2448.25
2448.682
2449.113
2449.544
2449.976
2450.251
2450.526
2450.801
2451.076
2451.351
2451.626
2451.9
2452.13
2452.36
2452.59
2452.82
2453.05
2453.28
2453.462
2453.644
2453.826
2454.008
2454.19
2454.372
2454.554
2454.736
2454.918
2455.1
2455.28
2455.66
2456.04
2456.42
2456.8
2457.18
2457.56
2457.94
2458.115
2458.289
2458.464
2458.639
2458.814
2458.987
2459.219
2459.451
2459.683
2459.915
2460.147
2460.379
2460.612
2461.143
2461.674
2462.205
2462.735
2462.999
2463.263
2463.527
2463.791
2464.055
2464.319
2464.583
2464.847
2465.11
2465.518
2465.926
2466.334
2466.742
2467.15
2467.56
2467.768
2467.976
2468.184
2468.392
2468.6
2468.808
2469.019
2469.195
2469.371
2469.547
2469.723
2469.899
2470.075
2470.251
2470.427
2470.601
2470.815
2471.029
2471.243
2471.456
2471.997
2472.65
2473.303
2476.81
2477.592
2478.374
2479.156
2479.938
2480.72
2481.077
2481.434
2481.791
2482.148
2482.505
2482.862
2483.22
2483.83
2484.611
2485.392
2486.172
2486.854
2487.536
2488.218
2488.9
2489.494
2490.088
2490.682
2491.276
2491.87
2492.464
2493.06
2493.56
2493.922
2494.284
2494.646
2495.008
2495.37
2495.732
2496.094
2496.456
2496.818
2497.18
2497.54
2497.842
2498.144
2498.446
2498.748
2499.05
2499.352
2499.654
2499.956
2500.258
2500.56
2500.862
2501.164
2501.46
2501.704
2501.948
2502.192
2502.436
2502.68
2502.924
2503.168
2503.412
2503.656
2503.9
2504.144
2504.39
2504.68
2504.97
2505.26
2505.55
2505.84
2506.13
2506.42
2506.71
2507.0
2507.29
2507.597
2507.904
2508.211
2508.518
2508.825
2509.132
2509.439
2509.746
2510.057
2510.246
2510.435
2510.624
2510.813
2511.002
2511.191
2511.38
2511.569
2511.758
2511.947
2512.14
2512.424
2512.708
2512.992
2513.276
2513.56
2513.844
2514.13
2514.451
2514.772
2515.093
2515.414
2515.735
2516.054
2516.427
2516.8
2517.173
2517.546
2517.919
2518.292
2518.665
2519.04
2520.486
2520.725
2520.964
2521.203
2521.442
2521.681
2521.92
2522.48
2523.04
2523.6
2524.16
2524.72
2525.28
2525.84
2526.085
2526.33
2526.575
2526.82
2527.065
2527.31
2527.634
2527.958
2528.282
2528.606
2528.93
2529.254
2529.578
2529.902
2530.23
2530.477
2530.724
2530.972
2531.22
2531.467
2531.715
2531.963
2532.21
2532.587
2532.964
2533.341
2533.718
2534.095
2534.47
2534.799
2535.128
2535.457
2535.786
2536.115
2536.444
2536.77
2537.235
2537.7
2538.165
2538.63
2539.033
2539.436
2539.839
2540.242
2540.645
2541.048
2541.451
2541.854
2542.257
2542.66
2543.109
2543.558
2544.007
2544.456
2544.664
2544.872
2545.08
2545.288
2545.496
2545.704
2545.912
2546.12
2546.33
2546.525
2546.72
2546.915
2547.11
2547.305
2547.5
2547.695
2547.89
2548.133
2548.376
2548.619
2548.862
2549.105
2549.35
2549.862
2550.374
2550.886
2551.398
2551.91
2552.42
2552.606
2552.792
2552.978
2553.164
2553.35
2553.536
2553.722
2553.908
2554.094
2554.28
2554.47
2554.706
2554.942
2555.178
2555.414
2555.65
2555.886
2556.12
2556.463
2556.806
2557.149
2557.492
2557.835
2558.178
2558.521
2558.864
2559.207
2559.55
2559.808
2560.066
2560.324
2560.582
2560.84
2561.098
2561.356
2561.614
2561.872
2562.13
2562.39
2562.685
2562.98
2563.275
2563.57
2563.865
2564.16
2564.455
2564.75
2565.045
2565.34
2565.64
2565.967
2566.294
2566.621
2566.948
2567.275
2567.602
2567.929
2568.256
2568.583
2568.909
2569.777
2570.645
2571.513
2572.381
2573.249
2574.117
2574.985
2575.853
2576.722
2577.433
2578.144
2578.855
2579.566
2580.277
2580.988
2581.697
2582.081
2582.465
2582.849
2583.233
2583.617
2584.0
2584.494
2584.988
2585.482
2585.976
2586.47
2586.723
2586.976
2587.229
2587.482
2587.735
2587.988
2588.241
2588.494
2588.75
2589.211
2589.672
2590.133
2590.594
2591.055
2591.901
2592.747
2593.593
2594.44
2595.096
2595.752
2596.408
2597.064
2597.721
2598.039
2598.357
2598.675
2598.993
2599.311
2599.629
2599.947
2600.53
2601.059
2601.588
2602.117
2602.646
2603.175
2603.704
2604.233
2604.762
2605.291
2605.82
2606.349
2606.88
2607.664
2608.449
2608.711
2608.973
2609.235
2609.497
2609.759
2610.021
2610.282
2610.585
2610.888
2611.19
2611.515
2611.84
2612.165
2612.49
2612.815
2613.14
2613.465
2613.79
2614.115
2614.44
2614.766
2616.241
2617.716
2619.19
2619.446
2619.702
2619.958
2620.214
2620.47
2620.726
2620.982
2621.24
2621.968
2622.181
2622.394
2622.607
2622.82
2623.034
2623.247
2623.46
2623.676
2624.008
2624.34
2624.672
2625.004
2625.336
2625.668
2626.0
2626.332
2626.664
2627.0
2627.24
2627.48
2627.72
2627.96
2628.2
2628.44
2628.68
2628.944
2629.208
2629.472
2629.736
2630.0
2630.303
2630.606
2630.909
2631.212
2631.515
2631.82
2632.035
2632.25
2632.465
2632.68
2632.895
2633.11
2633.325
2633.54
2633.755
2633.97
2634.19
2634.707
2635.224
2635.742
2636.26
2636.549
2636.838
2637.127
2637.416
2637.705
2637.994
2638.283
2638.57
2638.744
2638.918
2639.092
2639.266
2639.44
2639.614
2639.788
2639.962
2640.136
2640.31
2640.888
2641.466
2642.044
2642.622
2643.2
2643.78
2643.946
2644.112
2644.278
2644.444
2644.61
2644.776
2644.942
2645.108
2645.274
2645.44
2645.606
2645.769
2645.927
2646.085
2646.243
2646.401
2646.56
2647.071
2647.582
2648.093
2648.604
2649.115
2649.626
2650.137
2650.648
2651.159
2651.67
2652.181
2652.687
2652.956
2653.225
2653.494
2653.763
2654.032
2654.3
2654.676
2655.052
2655.428
2655.804
2656.18
2656.491
2656.802
2657.113
2657.424
2657.735
2658.046
2658.357
2658.668
2658.979
2659.29
2659.6
2660.077
2660.555
2661.032
2661.51
2661.988
2662.465
2662.943
2663.42
2663.651
2663.882
2664.113
2664.344
2664.575
2664.806
2665.037
2665.268
2665.502
2665.708
2665.914
2666.12
2666.326
2666.532
2666.738
2666.944
2667.15
2667.356
2667.562
2667.941
2668.32
2668.7
2669.283
2669.602
2669.921
2670.24
2670.559
2670.879
2671.2
2671.491
2671.782
2672.073
2672.364
2672.655
2672.946
2673.237
2673.528
2673.819
2674.11
2674.401
2674.692
2674.983
2675.28
2675.503
2675.726
2675.948
2676.17
2676.392
2676.614
2676.836
2677.06
2677.225
2677.39
2677.555
2677.72
2677.885
2678.05
2678.215
2678.38
2678.545
2678.71
2678.88
2679.518
2680.156
2680.794
2681.431
2681.625
2681.819
2682.013
2682.207
2682.401
2682.595
2682.789
2682.983
2683.18
2683.355
2683.53
2683.705
2683.88
2684.055
2684.23
2684.405
2684.58
2684.755
2684.929
2685.115
2685.301
2685.487
2685.673
2685.859
2686.045
2686.231
2686.417
2686.6
2686.869
2687.138
2687.407
2687.676
2687.945
2688.214
2688.483
2688.752
2689.02
2689.309
2689.598
2689.887
2690.176
2690.465
2690.754
2691.043
2691.332
2691.62
2691.882
2692.144
2692.406
2692.668
2692.93
2693.19
2693.835
2694.48
2695.125
2695.77
2696.415
2697.06
2697.474
2697.888
2698.302
2698.716
2699.13
2699.544
2699.958
2700.372
2700.786
2701.2
2701.61
2701.942
2702.274
2702.606
2702.938
2703.27
2703.602
2703.934
2704.266
2704.598
2704.93
2705.262
2705.594
2705.93
2706.254
2706.578
2706.902
2707.226
2707.55
2707.874
2708.198
2708.522
2708.846
2709.17
2709.49
2710.032
2710.574
2711.116
2711.658
2712.2
2712.99
2713.78
2714.57
2715.36
2716.15
2716.94
2717.73
2718.52
2719.31
2720.1
2720.6
2720.812
2721.024
2721.236
2721.448
2721.659
2721.951
2722.243
2722.535
2722.827
2723.119
2723.411
2723.7
2723.95
2724.2
2724.45
2724.7
2724.95
2725.2
2725.45
2725.649
2725.848
2726.047
2726.246
2726.445
2726.644
2726.843
2727.04
2727.306
2727.572
2727.838
2728.104
2728.37
2728.636
2728.902
2729.168
2729.434
2729.7
2729.97
2730.345
2730.72
2731.095
2731.47
2731.845
2732.22
2732.592
2744.24
2744.484
2744.728
2744.972
2745.216
2745.46
2745.704
2745.948
2746.192
2746.436
2746.68
2746.841
2747.002
2747.163
2747.324
2747.485
2747.646
2747.807
2747.968
2748.129
2748.29
2748.525
2748.76
2748.995
2749.23
2749.465
2749.7
2749.935
2750.17
2750.405
2750.64
2751.184
2751.728
2752.272
2752.816
2753.36
2753.642
2753.924
2754.206
2754.488
2754.77
2755.052
2755.334
2755.616
2755.898
2756.18
2756.462
2756.744
2757.026
2757.308
2757.59
2757.88
2758.166
2758.452
2758.738
2759.024
2759.31
2759.596
2759.879
2760.136
2760.393
2760.65
2760.907
2761.164
2761.42
2761.97
2762.52
2763.07
2763.62
2764.17
2764.522
2764.874
2765.226
2765.578
2765.93
2766.2
2766.47
2766.74
2767.01
2767.28
2767.55
2767.726
2767.902
2768.078
2768.254
2768.43
2768.606
2768.782
2768.958
2769.13
2769.493
2769.856
2770.219
2770.582
2770.945
2771.308
2771.67
2771.978
2772.286
2772.594
2772.902
2773.21
2773.518
2773.825
2774.531
2775.237
2775.943
2776.649
2777.355
2778.06
2778.276
2778.492
2778.708
2778.924
2779.14
2779.356
2779.572
2779.788
2780.004
2780.221
2780.388
2780.555
2780.722
2780.889
2781.056
2781.223
2781.39
2781.557
2781.724
2781.891
2782.058
2782.22
2782.382
2782.544
2782.706
2782.868
2783.03
2783.192
2783.354
2783.516
2783.678
2783.968
2784.258
2784.548
2784.838
2785.13
2785.447
2785.764
2786.081
2786.398
2786.715
2787.032
2787.35
2787.722
2788.094
2788.466
2788.838
2789.21
2789.582
2789.954
2790.326
2790.7
2791.376
2792.052
2792.728
2793.404
2794.32
2795.315
2796.31
2797.378
2798.446
2799.514
2800.582
2801.65
2802.66
2803.67
2804.06
2804.45
2804.84
2805.23
2805.62
2806.01
2806.283
2806.555
2806.827
2807.1
2807.372
2807.644
2807.916
2808.189
2808.461
2808.733
2809.006
2809.28
2809.481
2809.682
2809.883
2810.084
2810.285
2810.486
2810.687
2810.89
2811.137
2811.385
2811.633
2811.88
2812.128
2812.376
2812.624
2812.87
2813.146
2813.422
2813.698
2813.974
2814.25
2814.526
2814.802
2815.078
2815.354
2815.63
2815.91
2817.096
2818.282
2819.468
2820.654
2821.84
2822.032
2822.224
2822.416
2822.608
2822.8
2822.99
2823.183
2823.376
2823.569
2823.762
2823.955
2824.148
2824.341
2824.534
2824.727
2824.92
2825.113
2825.306
2825.499
2825.692
2825.88
2826.267
2826.653
2827.039
2827.426
2827.812
2828.198
2828.584
2828.97
2829.356
2829.743
2830.13
2830.518
2830.991
2831.464
2831.937
2832.41
2832.881
2833.131
2833.381
2833.631
2833.881
2834.131
2834.381
2834.631
2834.88
2835.173
2835.466
2835.759
2836.052
2836.345
2836.638
2836.93
2837.194
2837.458
2837.722
2837.986
2838.25
2838.514
2838.778
2839.039
2839.243
2839.447
2839.651
2839.855
2840.059
2840.263
2840.467
2840.671
2840.875
2841.08
2841.339
2841.598
2841.857
2842.116
2842.375
2842.634
2842.893
2843.152
2843.411
2843.67
2845.33
2846.99
2848.65
2849.423
2850.195
2850.968
2851.74
2852.512
2853.285
2854.057
2854.83
2855.182
2855.534
2855.887
2856.24
2856.592
2856.945
2857.298
2857.65
2858.161
2858.672
2859.183
2859.694
2860.205
2860.716
2861.227
2861.738
2862.249
2862.76
2863.271
2863.782
2864.293
2864.804
2865.315
2865.826
2866.337
2866.853
2867.323
2867.793
2868.263
2868.733
2869.203
2869.673
2870.143
2870.61
2871.019
2871.428
2871.837
2872.246
2872.655
2873.064
2873.473
2873.882
2874.291
2874.7
2875.11
2875.305
2875.5
2875.695
2875.89
2876.085
2876.28
2876.475
2876.67
2876.865
2877.06
2877.255
2877.45
2877.645
2877.84
2878.17
2878.5
2878.83
2879.16
2879.49
2879.82
2880.15
2880.48
2880.81
2881.466
2882.122
2882.778
2883.434
2884.09
2884.746
2885.402
2886.058
2886.71
2887.248
2887.786
2888.324
2888.862
2889.4
2889.938
2890.476
2891.016
2891.188
2891.36
2891.532
2891.704
2891.876
2892.048
2892.22
2892.39
2892.924
2893.458
2893.992
2894.526
2895.06
2895.727
2896.394
2897.061
2897.73
2898.0
2898.27
2898.54
2898.81
2899.08
2899.35
2899.62
2899.89
2900.108
2900.326
2900.544
2900.762
2900.98
2901.198
2901.416
2901.634
2901.852
2902.07
2902.288
2902.51
2903.063
2903.616
2904.169
2904.722
2905.275
2905.828
2906.381
2906.934
2907.487
2908.04
2908.593
2909.146
2909.7
2910.054
2910.408
2910.762
2911.116
2911.47
2911.824
2912.178
2912.532
2912.886
2913.24
2913.594
2913.948
2914.302
2914.66
2916.383
2918.106
2919.83
2920.437
2921.044
2921.651
2922.258
2922.865
2923.472
2924.079
2924.686
2925.293
2925.9
2926.191
2926.482
2926.773
2927.064
2927.355
2927.646
2927.937
2928.228
2928.519
2928.81
2929.101
2929.392
2929.683
2929.974
2930.26
2930.767
2931.274
2931.781
2932.288
2932.795
2933.302
2933.809
2934.316
2934.823
2935.33
2935.837
2936.34
2936.716
2937.092
2937.468
2937.844
2938.222
2938.4
2938.578
2938.756
2938.934
2939.112
2939.29
2939.468
2939.646
2939.824
2940.002
2940.18
2941.078
2941.976
2942.874
2943.772
2943.954
2944.136
2944.318
2944.5
2944.682
2944.864
2945.046
2945.23
2945.481
2945.732
2945.983
2946.234
2946.485
2946.736
2946.987
2947.24
2947.45
2947.66
2947.87
2948.08
2948.29
2948.5
2948.819
2949.138
2949.457
2949.776
2950.095
2950.414
2950.733
2951.052
2951.371
2951.69
2952.009
2952.33
2952.952
2953.575
2954.197
2954.82
2955.262
2955.704
2956.146
2956.588
2957.03
2957.224
2957.418
2957.612
2957.806
2958.0
2958.194
2958.388
2958.582
2958.776
2958.97
2959.164
2959.358
2959.552
2959.746
2959.937
2961.541
2963.145
2964.75
2965.223
2965.696
2965.96
2966.224
2966.488
2966.752
2967.016
2967.28
2967.544
2967.808
2968.07
2968.453
2968.836
2969.219
2969.602
2969.985
2970.37
2970.84
2971.31
2971.78
2972.25
2972.537
2972.824
2973.111
2973.398
2973.685
2973.972
2974.259
2974.546
2974.833
2975.12
2975.407
2975.694
2975.98
2976.453
2976.926
2977.399
2977.872
2978.345
2978.82
2979.687
2980.554
2981.421
2982.288
2982.727
2983.166
2983.605
2984.044
2984.483
2984.922
2985.361
2985.8
2986.24
2986.843
2987.447
2988.051
2988.654
2988.846
2989.038
2989.23
2989.422
2989.614
2989.806
2989.998
2990.19
2990.382
2990.57
2990.861
2991.152
2991.443
2991.734
2992.025
2992.316
2992.607
2992.898
2993.19
2993.442
2993.694
2993.946
2994.198
2994.45
2994.702
2994.954
2995.206
2995.458
2995.71
2995.962
2996.214
2996.46
2996.843
2997.226
2997.609
2997.992
2998.375
2998.76
2998.976
2999.192
2999.408
2999.624
2999.84
3000.056
3000.272
3000.488
3000.704
3000.92
3001.136
3001.352
3001.562
3001.738
3001.914
3002.09
3002.266
3002.442
3002.618
3002.794
3002.97
3003.146
3003.322
3003.498
3003.674
3003.85
3004.02
3004.453
3004.886
3005.32
3005.417
3005.514
3005.611
3005.708
3005.805
3005.9
3006.15
3006.4
3006.65
3006.9
3007.15
3007.4
3007.65
3007.9
3008.132
3008.364
3008.596
3008.828
3009.06
3009.292
3009.524
3009.807
3010.09
3010.373
3010.656
3010.939
3011.222
3011.505
3011.79
3011.995
3012.2
3012.405
3012.61
3012.836
3013.062
3013.288
3013.514
3013.74
3013.966
3014.193
3014.496
3014.799
3015.102
3015.405
3015.708
3016.011
3016.314
3016.62
3016.876
3017.132
3017.388
3017.644
3017.9
3018.156
3018.412
3018.668
3018.926
3019.285
3019.644
3020.003
3020.362
3020.72
3021.025
3021.33
3021.635
3021.94
3022.245
3022.55
3022.855
3023.16
3023.465
3023.77
3024.07
3024.733
3025.396
3026.059
3026.722
3027.384
3027.551
3027.718
3027.885
3028.052
3028.219
3028.386
3028.553
3028.72
3028.887
3029.05
3029.817
3030.584
3031.351
3032.118
3032.885
3033.652
3034.419
3035.186
3035.953
3036.72
3037.49
3037.726
3037.962
3038.198
3038.434
3038.67
3038.906
3039.142
3039.377
3039.96
3042.256
3042.566
3042.876
3043.187
3043.497
3043.807
3044.117
3044.428
3044.74
3045.07
3045.4
3045.73
3046.06
3046.39
3046.72
3047.05
3047.393
3047.736
3048.079
3048.422
3048.766
3048.995
3049.224
3049.453
3049.682
3049.911
3050.14
3050.387
3050.635
3050.883
3051.13
3051.378
3051.625
3051.859
3052.093
3052.327
3052.561
3052.795
3053.029
3053.263
3053.497
3053.73
3053.954
3054.178
3054.402
3054.626
3054.85
3055.074
3055.298
3055.522
3055.746
3055.97
3056.19
3056.55
3056.91
3057.27
3057.63
3057.99
3058.35
3058.727
3059.104
3059.481
3059.858
3060.235
3060.612
3060.989
3061.366
3061.74
3063.19
3063.46
3063.73
3064.0
3064.27
3064.54
3064.81
3065.08
3065.35
3066.128
3066.906
3067.684
3068.462
3069.241
3069.507
3069.773
3070.039
3070.305
3070.571
3070.837
3071.103
3071.366
3071.722
3072.079
3072.436
3072.793
3073.149
3073.505
3073.861
3074.217
3074.573
3074.931
3075.651
3076.371
3077.091
3077.811
3078.531
3079.25
3079.502
3079.754
3080.006
3080.258
3080.51
3080.813
3081.116
3081.419
3081.722
3082.025
3082.328
3082.63
3082.909
3083.188
3083.467
3083.746
3084.025
3084.304
3084.583
3084.862
3085.14
3085.356
3085.572
3085.788
3086.004
3086.22
3086.436
3086.65
3087.301
3087.952
3088.603
3089.254
3089.905
3090.557
3090.918
3091.279
3091.64
3092.375
3093.11
3093.422
3093.734
3094.045
3094.287
3094.529
3094.771
3095.013
3095.255
3095.497
3095.739
3095.981
3096.22
3096.791
3097.362
3097.933
3098.504
3099.074
3099.316
3099.558
3099.8
3100.042
3100.284
3100.526
3100.768
3101.01
3101.252
3101.49
3101.925
3102.36
3102.795
3103.23
3103.665
3104.1
3104.379
3104.658
3104.937
3105.216
3105.495
3105.774
3106.053
3106.33
3106.591
3106.852
3107.113
3107.374
3107.635
3107.896
3108.157
3108.418
3108.679
3108.94
3109.201
3109.467
3109.693
3109.919
3110.145
3110.371
3110.597
3110.823
3111.05
3111.331
3111.612
3111.893
3112.174
3112.455
3112.736
3113.017
3113.298
3113.579
3113.86
3114.44
3115.02
3115.6
3116.18
3116.76
3117.34
3117.92
3118.264
3118.608
3118.952
3119.296
3119.64
3119.984
3120.33
3121.296
3122.262
3123.228
3124.194
3125.16
3126.126
3127.09
3127.425
3127.76
3128.095
3128.43
3128.765
3129.1
3129.435
3129.77
3130.105
3130.44
3130.775
3131.11
3131.445
3131.78
3132.158
3132.536
3132.914
3133.292
3133.67
3134.048
3134.426
3134.804
3135.182
3135.56
3135.94
3136.181
3136.422
3136.663
3136.904
3137.145
3137.386
3137.627
3137.868
3138.109
3138.35
3138.591
3138.836
3139.413
3139.99
3140.567
3141.144
3141.721
3142.298
3142.875
3143.45
3143.793
3144.136
3144.479
3144.822
3145.165
3145.508
3145.85
3146.07
3146.29
3146.51
3146.73
3146.95
3147.17
3147.39
3147.61
3147.83
3148.05
3148.27
3149.34
3150.41
3151.48
3152.174
3152.868
3153.562
3154.256
3154.95
3155.644
3156.338
3157.032
3157.726
3158.42
3159.11
3159.323
3159.535
3159.747
3159.959
3160.171
3160.383
3160.595
3160.81
3161.081
3161.352
3161.623
3161.894
3162.165
3162.436
3162.707
3162.98
3163.389
3163.798
3164.207
3164.616
3165.025
3165.434
3165.843
3166.252
3166.66
3167.52
3167.753
3167.986
3168.219
3168.452
3168.685
3168.92
3169.381
3169.842
3170.303
3170.764
3171.225
3171.686
3172.147
3172.61
3173.233
3173.856
3174.48
3174.665
3174.85
3175.035
3175.22
3175.405
3175.59
3175.775
3175.96
3176.145
3176.33
3176.515
3176.7
3176.877
3177.055
3177.233
3177.41
3177.587
3177.765
3177.943
3178.12
3178.445
3178.77
3179.095
3179.42
3179.745
3180.07
3180.265
3180.46
3180.655
3180.85
3181.045
3181.24
3181.435
3181.63
3181.91
3182.19
3182.47
3182.75
3183.03
3183.31
3183.59
3183.87
3184.149
3184.322
3184.495
3184.668
3184.841
3185.014
3185.19
3185.362
3185.534
3185.706
3185.878
3186.05
3186.222
3186.394
3186.564
3186.819
3187.074
3187.329
3187.584
3187.839
3188.094
3188.35
3188.839
3189.328
3189.817
3190.306
3190.795
3191.284
3191.773
3192.26
3192.97
3193.68
3194.39
3194.833
3195.276
3195.719
3196.162
3196.605
3197.048
3197.491
3197.934
3198.38
3198.709
3199.038
3199.367
3199.696
3200.025
3200.354
3200.683
3201.012
3201.341
3201.67
3201.999
3202.328
3202.657
3202.99
3203.463
3203.936
3204.409
3204.882
3205.355
3205.828
3206.301
3206.774
3207.25
3207.736
3208.222
3208.707
3209.96
3211.14
3211.537
3211.934
3212.33
3213.585
3214.001
3214.417
3214.834
3217.618
3219.01
3219.503
3219.995
3220.487
3220.979
3221.471
3221.963
3222.456
3222.95
3223.492
3224.034
3224.576
3225.118
3225.66
3226.2
3226.4
3226.6
3226.8
3227.0
3227.2
3227.4
3227.6
3227.8
3228.167
3228.534
3228.901
3229.268
3229.635
3230.002
3230.37
3230.637
3230.905
3231.173
3231.44
3231.707
3231.974
3232.242
3232.51
3232.778
3233.045
3233.312
3233.58
3233.871
3234.162
3234.453
3234.744
3235.035
3235.326
3235.62
3235.897
3236.174
3236.451
3236.728
3237.005
3237.282
3237.559
3237.836
3238.113
3238.39
3238.564
3238.738
3238.912
3239.086
3239.26
3239.434
3239.61
3239.86
3240.11
3240.36
3240.61
3240.86
3241.11
3241.36
3241.61
3241.943
3242.276
3242.609
3242.942
3243.275
3243.608
3243.941
3244.274
3244.61
3245.033
3245.456
3245.879
3246.302
3246.725
3247.148
3247.571
3247.99
3248.262
3248.534
3248.806
3249.078
3249.35
3249.622
3249.894
3250.165
3250.381
3250.597
3250.813
3251.029
3251.245
3251.461
3251.677
3251.893
3252.109
3252.325
3252.54
3252.707
3252.874
3253.041
3253.208
3253.375
3253.542
3253.709
3253.876
3254.043
3254.21
3254.373
3254.62
3254.867
3255.114
3255.361
3255.608
3255.855
3256.102
3256.349
3256.596
3256.843
3257.09
3257.34
3259.459
3260.569
3261.679
3262.789
3263.899
3265.01
3265.229
3265.448
3265.667
3265.886
3266.105
3266.324
3266.543
3266.762
3266.981
3267.2
3267.42
3267.656
3267.892
3268.128
3268.364
3268.6
3268.836
3269.072
3269.31
3269.634
3269.958
3270.282
3270.606
3270.93
3271.254
3271.578
3271.902
3272.23
3272.397
3272.564
3272.731
3272.898
3273.065
3273.232
3273.399
3273.566
3273.73
3273.73
3273.73
3273.73
3273.73
3273.73
