20.794
21.072
21.35
21.628
21.906
22.184
22.46
22.886
23.312
23.738
24.164
24.59
24.819
25.048
25.277
25.506
25.735
25.964
26.193
26.422
26.651
26.88
27.281
27.682
28.083
28.484
28.885
29.286
29.69
30.2
30.9
31.295
31.69
32.085
32.48
32.875
33.27
33.665
34.06
34.913
35.765
36.617
37.47
37.82
38.17
38.52
38.87
39.22
39.57
39.92
40.206
40.492
40.778
41.065
41.276
41.487
41.698
41.909
42.12
42.331
42.542
42.75
43.029
43.308
43.587
43.866
44.145
44.424
44.7
45.07
45.44
45.81
46.18
46.55
46.92
47.29
47.66
48.077
48.494
48.911
49.328
49.745
50.162
50.58
50.86
51.14
51.42
51.7
52.03
52.36
52.934
53.508
54.082
54.656
55.23
55.657
56.085
56.567
57.049
57.531
58.013
58.495
58.977
59.46
59.795
60.13
60.465
60.8
61.135
61.47
61.805
62.14
62.413
62.686
62.959
63.232
63.505
63.778
64.051
64.324
64.597
64.87
65.14
65.521
65.902
66.283
66.664
67.045
67.426
67.807
68.188
68.57
69.164
69.758
70.352
70.946
71.54
72.134
72.728
73.32
73.624
73.928
74.232
74.536
74.84
75.144
75.448
75.75
75.988
76.226
76.464
76.702
76.94
77.178
77.416
77.654
77.892
78.13
78.464
78.798
79.132
79.466
79.8
80.134
80.468
80.8
81.248
81.696
82.144
82.592
83.04
83.458
83.876
84.294
84.712
85.13
85.547
85.965
86.38
86.66
86.94
87.22
87.5
87.78
88.06
88.34
88.62
88.987
89.354
89.721
90.088
90.455
90.82
91.143
91.466
91.789
92.112
92.435
92.76
93.001
93.242
93.483
93.724
93.965
94.206
94.447
94.688
94.929
95.17
95.41
95.788
96.166
96.544
96.922
97.3
97.678
98.056
98.434
98.812
99.19
99.568
99.951
100.118
100.285
100.452
100.619
100.786
100.953
101.12
101.287
101.45
101.782
102.114
102.446
102.777
102.985
103.193
103.401
103.609
103.817
104.025
104.233
104.441
104.649
104.86
105.141
105.422
105.703
105.984
106.265
106.546
106.827
107.108
107.389
107.67
107.95
108.117
108.284
108.45
108.65
108.85
109.05
109.25
109.45
109.65
109.85
110.05
110.25
110.45
110.78
111.11
111.44
111.77
112.058
112.346
112.634
112.922
113.21
113.5
113.735
113.97
114.205
114.44
114.675
114.91
115.145
115.38
115.615
115.85
116.321
116.792
117.263
117.734
118.205
118.676
119.147
119.618
120.09
120.487
120.884
121.281
121.678
122.075
122.47
123.065
123.66
124.255
124.85
125.445
126.04
126.635
127.23
127.591
127.952
128.313
128.674
129.035
129.396
129.757
130.118
130.479
130.84
131.2
131.498
131.796
132.094
132.392
132.69
132.99
133.813
134.087
134.361
134.635
134.909
135.183
135.457
135.729
135.954
136.179
136.404
136.629
136.854
137.079
137.304
137.529
137.757
138.182
138.607
139.032
139.457
139.882
140.307
140.732
141.16
141.43
141.701
142.028
142.355
142.682
143.009
143.334
143.617
143.9
144.183
144.466
144.75
144.95
145.046
145.142
145.238
145.334
145.43
145.526
145.622
145.718
145.814
145.91
146.01
146.266
146.522
146.778
147.034
147.29
147.546
147.802
148.058
148.314
148.57
148.83
149.073
149.316
149.559
149.802
150.045
150.29
150.655
151.02
151.385
151.75
152.115
152.48
152.845
153.21
153.575
153.941
154.128
154.315
154.502
154.689
154.876
155.063
155.25
155.44
155.625
155.81
155.995
156.18
156.365
156.55
156.735
156.92
157.106
158.212
158.425
158.639
158.853
159.067
159.281
159.495
159.709
159.92
160.163
160.406
160.649
160.892
161.135
161.378
161.621
161.864
162.11
164.0
165.89
167.78
168.058
168.336
168.614
168.892
169.17
169.45
169.77
170.09
170.41
170.73
171.049
171.57
172.09
172.58
173.07
173.56
174.05
174.473
174.896
175.319
175.742
176.165
176.588
177.011
177.434
177.857
178.28
178.7
179.211
179.722
180.233
180.744
181.255
181.471
181.687
181.903
182.119
182.335
182.551
182.767
182.983
183.199
183.415
183.63
183.88
184.13
184.38
184.63
184.88
185.13
185.38
185.627
185.831
186.035
186.239
186.443
186.647
186.851
187.055
187.259
187.46
188.188
188.916
189.644
190.372
191.1
191.369
191.638
191.907
192.176
192.445
192.714
192.98
193.258
193.536
193.814
194.092
194.37
194.648
194.926
195.204
195.48
195.675
195.87
196.065
196.26
196.455
196.65
196.845
197.04
197.367
197.694
198.021
198.348
198.675
199.002
199.329
199.656
199.98
201.41
202.36
203.079
203.797
204.38
204.643
204.906
205.169
205.432
205.695
205.96
206.268
206.576
206.884
207.192
207.501
207.861
208.221
208.581
208.941
209.301
209.661
210.021
210.381
210.741
211.101
211.46
211.796
212.132
212.468
212.804
213.14
214.16
214.377
214.594
214.81
214.921
215.032
215.143
215.254
215.365
215.476
215.587
215.698
215.809
215.92
216.031
216.142
216.25
216.474
216.698
216.922
217.146
217.37
217.594
217.818
218.041
218.28
218.519
218.758
218.997
219.236
219.475
219.714
219.953
220.192
220.431
220.67
220.91
221.25
221.59
221.93
222.27
222.61
222.95
223.33
223.71
224.09
224.47
224.85
225.117
225.384
225.651
225.918
226.185
226.452
226.719
226.986
227.25
227.547
227.844
228.141
228.438
228.735
229.032
229.329
229.626
229.923
230.22
230.517
230.814
231.11
231.459
231.808
232.157
232.506
232.855
233.204
233.487
233.77
234.053
234.336
234.62
234.967
235.314
235.661
236.008
236.355
236.702
237.05
237.516
237.982
238.448
238.914
239.38
239.846
240.313
240.938
241.263
241.588
241.913
242.238
242.563
242.89
243.143
243.396
243.649
243.902
244.155
244.408
244.661
244.914
245.167
245.42
245.654
245.888
246.122
246.356
246.59
246.824
247.058
247.292
247.526
247.76
247.994
248.227
248.535
248.843
249.151
249.459
249.768
250.21
250.57
250.922
251.274
251.626
251.98
252.224
252.469
252.714
252.959
253.204
253.447
253.765
254.083
254.401
254.719
255.037
255.355
255.673
255.988
256.33
256.672
257.014
257.68
257.995
258.31
258.625
258.94
259.255
259.57
259.882
260.374
260.866
261.503
262.14
262.777
263.414
264.051
264.69
265.055
265.42
265.785
266.15
266.515
266.88
267.245
267.61
267.975
268.34
268.705
269.07
269.44
269.719
269.998
270.277
270.556
270.835
271.114
271.396
271.557
271.718
271.879
272.04
272.201
272.362
272.52
272.724
272.928
273.132
273.336
273.54
273.744
273.948
274.152
274.356
274.56
274.863
275.166
275.469
275.772
276.075
276.378
276.68
277.18
277.474
277.768
278.062
278.356
278.65
278.944
279.238
279.532
279.83
280.446
281.062
281.678
282.294
282.91
283.665
284.039
284.413
284.787
285.161
285.535
285.909
286.283
286.66
287.186
287.712
288.238
288.764
289.29
289.816
290.34
290.778
291.216
291.654
292.092
292.53
292.97
293.49
294.01
294.53
295.05
295.57
296.137
296.704
297.271
297.837
298.129
298.42
298.592
298.764
298.936
299.108
299.28
299.452
299.624
299.796
299.968
300.14
300.312
300.484
300.65
301.233
301.587
301.941
302.295
302.649
303.003
303.357
303.711
304.065
304.42
304.858
305.296
305.733
306.17
306.478
306.786
307.094
307.402
307.71
308.018
308.326
308.634
308.942
309.247
309.43
309.613
309.796
309.979
310.162
310.345
310.528
310.711
310.894
311.08
311.214
311.348
311.482
311.616
311.75
312.541
312.939
313.337
313.735
314.18
314.625
315.07
315.96
317.603
319.246
320.889
322.532
324.175
325.818
327.464
327.631
327.798
327.965
328.132
328.299
328.466
328.633
328.8
328.967
329.13
329.52
329.91
330.3
330.69
331.08
331.47
331.97
332.681
333.392
334.103
334.814
335.525
336.236
336.95
337.311
337.672
338.033
338.394
338.755
339.116
339.477
339.838
340.199
340.56
340.802
341.044
341.286
341.528
341.77
342.012
342.254
342.496
342.738
342.98
343.222
343.464
343.71
344.049
344.388
344.727
345.066
345.405
345.744
346.08
346.296
346.512
346.728
346.944
347.16
347.376
347.999
348.622
349.245
349.868
350.49
351.073
351.656
352.239
352.822
353.405
353.988
354.571
355.154
355.737
356.32
356.903
357.49
357.843
358.196
358.55
359.007
359.464
359.921
360.378
360.835
361.292
361.749
362.206
362.66
363.099
363.538
363.977
364.416
364.855
365.294
365.73
366.243
366.756
367.27
368.23
369.19
370.15
370.977
371.804
372.63
372.919
373.208
373.497
373.786
374.075
374.364
374.65
375.525
376.4
377.275
378.15
378.323
378.496
378.669
378.842
379.015
379.19
379.495
379.8
380.105
380.41
380.715
381.02
381.325
381.63
381.935
382.24
382.54
382.738
382.936
383.134
383.332
383.53
383.73
384.15
384.57
384.99
385.41
385.83
386.25
386.67
387.09
387.41
387.73
388.05
388.37
388.69
389.01
389.33
389.65
389.97
390.29
390.61
391.348
392.086
392.824
393.562
394.3
394.645
394.99
395.335
395.68
396.025
396.37
396.715
397.06
397.405
397.75
398.095
398.44
399.64
400.349
401.058
401.767
402.476
403.185
403.894
404.603
405.312
406.02
406.6
407.18
407.76
408.34
408.92
409.5
410.08
410.382
410.684
410.986
411.288
411.59
411.892
412.194
412.496
412.798
413.1
413.4
413.685
413.97
414.255
414.54
414.825
415.11
415.395
415.68
415.965
416.25
416.535
416.82
417.151
417.482
417.813
418.144
418.475
418.806
419.137
419.468
419.799
420.13
420.46
420.743
421.026
421.309
421.592
421.875
422.158
422.441
422.724
423.01
423.392
423.774
424.156
424.538
424.92
425.302
425.684
426.066
426.448
426.83
427.21
427.461
427.712
427.963
428.214
428.465
428.716
428.967
429.22
429.76
430.233
430.706
431.179
431.652
432.125
432.598
433.071
433.544
434.017
434.49
434.963
435.44
435.732
436.024
436.316
436.608
436.9
437.683
438.466
439.25
439.462
439.674
439.886
440.098
440.31
440.52
440.983
441.446
441.91
442.399
442.888
443.377
443.866
444.355
444.844
445.333
445.82
446.644
447.468
448.292
449.116
449.94
450.266
450.592
450.918
451.244
451.57
451.896
452.222
452.55
452.937
453.324
453.711
454.098
454.485
454.872
455.26
455.457
455.654
455.851
456.048
456.245
456.442
456.639
456.836
457.033
457.23
457.427
457.624
457.82
458.092
458.364
458.636
458.908
459.18
459.452
459.724
459.996
460.268
460.542
460.73
460.918
461.106
461.294
461.482
461.67
461.858
462.046
462.234
462.42
462.756
463.092
463.428
463.764
464.102
464.284
464.466
464.648
464.83
465.012
465.194
465.376
465.56
465.837
466.114
466.391
466.668
466.945
467.222
467.499
467.776
468.053
468.33
468.61
468.952
469.294
469.636
469.978
470.32
470.725
471.13
471.535
471.94
472.346
472.645
472.944
473.243
473.542
473.84
474.05
474.26
474.47
474.68
474.89
475.1
475.31
475.52
475.73
475.939
476.148
476.357
476.566
476.775
476.984
477.193
477.402
477.611
477.82
478.029
478.238
478.453
479.14
480.05
481.265
482.48
483.52
484.56
484.945
485.33
485.715
486.1
486.485
486.932
487.379
487.826
488.273
488.72
489.099
489.478
489.857
490.236
490.615
490.994
491.37
492.11
492.85
493.59
494.33
495.07
495.695
497.12
497.628
498.136
498.644
499.152
499.66
499.834
500.008
500.182
500.356
500.53
500.704
500.878
501.052
501.226
501.4
501.574
501.748
501.922
502.09
502.334
502.578
502.822
503.066
503.31
503.554
503.798
504.042
504.286
504.53
504.774
505.018
505.26
505.493
505.726
505.959
506.192
506.425
506.658
506.891
507.12
507.406
507.692
507.978
508.264
508.55
508.836
509.122
509.405
510.59
511.51
512.127
512.744
513.36
513.659
513.958
514.257
514.556
514.855
515.154
515.452
515.83
516.208
516.586
516.964
517.34
522.659
522.951
523.243
523.535
523.827
524.119
524.411
524.7
524.986
525.272
525.558
525.844
526.13
526.416
526.702
526.988
527.274
527.56
527.846
528.132
528.42
530.31
532.2
532.81
534.66
535.056
535.452
535.848
536.244
536.64
537.036
537.43
538.04
538.65
539.26
539.87
540.48
541.035
541.59
542.145
542.7
543.255
543.81
544.365
544.92
545.74
546.56
547.38
548.2
548.672
549.144
549.616
550.088
550.56
551.03
551.702
552.374
553.046
553.718
554.39
555.062
555.734
556.406
557.08
558.327
559.574
560.821
562.068
563.315
564.562
565.81
566.049
566.288
566.527
566.766
567.005
567.244
567.483
567.722
567.961
568.2
568.439
568.68
568.866
569.052
569.238
569.424
569.61
569.796
569.982
570.168
570.354
570.54
571.094
571.648
572.202
572.756
573.31
573.864
574.415
577.144
579.873
582.602
585.33
585.734
586.138
586.542
586.946
587.35
587.673
587.996
588.319
588.642
588.965
589.289
589.469
589.649
589.83
590.088
590.346
590.604
590.862
591.12
591.378
592.316
593.254
594.192
595.13
596.432
597.734
599.036
600.338
601.64
602.94
603.897
604.08
604.263
604.446
604.629
604.812
604.995
605.178
605.361
605.544
605.73
606.065
606.4
606.735
607.07
607.405
607.74
608.157
608.574
608.99
610.79
612.59
614.39
616.37
616.624
616.878
617.132
617.386
617.64
617.894
618.148
618.402
618.656
618.91
619.16
619.647
620.134
620.62
620.948
621.276
621.604
621.932
622.26
622.588
622.916
623.244
623.57
624.153
624.736
625.318
625.9
626.482
627.064
627.646
628.23
628.573
628.916
629.259
629.602
629.945
630.288
630.631
630.974
631.32
632.187
632.399
632.611
632.823
633.035
633.247
633.459
633.671
633.883
634.095
634.307
634.52
634.9
635.28
635.66
636.04
636.42
636.8
637.18
637.564
638.052
638.54
639.028
639.516
641.472
643.428
645.384
647.34
649.296
651.25
651.548
651.846
652.144
652.44
652.8
653.16
653.52
653.88
654.24
654.587
654.934
655.281
655.628
655.975
656.32
657.734
659.148
660.562
661.976
662.659
663.342
664.025
664.708
665.392
665.759
666.126
666.493
666.86
667.23
667.6
667.97
668.341
671.287
671.615
671.943
672.27
672.43
672.59
672.75
672.91
673.07
673.23
673.39
673.615
673.84
674.065
674.29
674.515
674.74
674.965
675.19
675.415
675.64
676.257
676.874
677.49
677.992
678.494
678.996
679.498
680.0
680.5
680.807
681.114
681.421
681.728
682.035
682.342
682.649
682.956
683.263
683.57
683.821
684.072
684.323
684.574
684.825
685.076
685.327
685.578
685.829
686.08
686.33
686.738
687.146
687.553
687.961
688.369
688.777
689.185
689.59
690.241
690.892
691.543
692.194
692.845
693.496
694.147
694.798
695.45
696.775
698.1
699.425
700.75
701.085
701.42
701.755
702.09
702.425
702.76
703.095
703.43
703.765
704.1
704.432
704.664
704.896
705.128
705.36
705.592
705.824
706.056
706.288
706.52
706.752
706.984
707.216
707.448
707.68
708.062
708.444
708.826
709.208
709.59
709.972
710.354
710.736
711.12
711.69
712.26
712.83
713.4
713.97
714.54
715.11
715.68
716.25
716.82
717.39
717.96
718.53
719.1
719.67
720.119
720.568
721.017
721.466
721.915
722.364
722.815
723.49
724.88
725.203
725.526
725.849
726.172
726.495
726.818
727.14
727.459
727.778
728.097
728.416
728.735
729.054
729.37
729.717
730.064
730.411
730.758
731.105
731.45
731.688
731.926
732.164
732.402
732.64
732.878
733.116
733.354
733.592
733.83
734.068
734.306
734.544
734.782
735.02
735.272
735.524
735.776
736.028
736.28
736.532
736.784
737.036
737.288
737.54
737.792
738.044
738.29
738.676
739.062
739.448
739.834
740.22
740.606
740.992
741.378
741.764
742.15
742.536
742.92
743.126
743.332
743.538
743.744
743.95
744.156
744.362
744.568
744.77
745.148
745.525
745.902
746.28
746.622
746.964
747.306
747.648
747.99
748.332
748.674
749.016
749.36
749.826
750.292
750.758
751.224
751.69
752.009
752.328
752.647
752.966
753.285
753.604
753.923
754.24
754.49
754.74
754.99
755.24
755.49
755.74
755.99
756.24
756.49
756.74
756.99
757.324
757.658
757.992
758.326
758.66
758.994
759.23
759.466
759.702
759.938
760.174
760.41
760.723
761.036
761.349
761.662
761.975
762.288
762.601
762.914
763.227
763.54
763.853
764.166
764.476
764.725
764.974
765.223
765.472
765.721
765.97
766.219
766.468
766.72
766.955
767.19
767.425
767.66
767.895
768.13
768.365
768.6
770.536
770.883
771.23
771.577
771.924
772.271
772.618
772.965
773.31
773.574
773.838
774.102
774.366
774.63
774.894
775.158
775.42
775.908
776.396
776.884
777.372
777.86
778.203
778.546
778.889
779.232
779.575
779.918
780.262
780.446
780.63
780.814
780.998
781.182
781.366
781.55
781.734
781.918
782.102
782.286
782.47
782.772
783.074
783.376
783.678
783.897
784.116
784.335
784.554
784.773
784.992
785.211
785.43
785.65
785.877
786.104
786.331
786.558
786.785
787.012
787.239
787.466
787.693
787.92
788.104
788.288
788.472
788.657
788.921
789.185
789.449
789.713
789.977
790.24
790.455
790.67
790.885
791.1
791.299
791.498
791.697
791.896
792.095
792.294
792.493
792.692
792.89
793.088
793.286
793.484
793.682
793.88
794.08
794.996
795.912
796.83
797.023
797.216
797.409
797.602
797.795
797.988
798.181
798.374
798.567
798.76
798.95
799.516
800.082
800.648
801.215
802.17
803.125
803.73
804.335
804.94
805.544
806.03
806.516
807.002
807.488
808.064
808.641
810.5
812.36
814.51
815.102
815.694
816.286
816.878
817.47
818.063
819.0
819.937
820.874
821.811
822.748
823.685
824.622
825.559
826.496
827.432
828.124
828.816
829.049
829.282
829.515
830.262
831.009
831.756
832.503
833.25
833.998
841.97
843.985
846.0
848.015
850.03
850.65
851.27
851.89
852.51
854.316
854.933
855.55
856.167
856.785
857.022
857.26
857.497
857.734
857.971
858.208
858.445
858.683
858.92
859.16
859.516
859.872
860.228
860.585
861.538
862.49
863.4
864.31
864.746
865.182
865.618
866.054
866.49
866.926
867.362
867.798
868.23
868.727
869.224
869.721
870.218
870.715
871.21
871.404
871.598
871.792
871.986
872.18
872.374
872.568
872.762
872.96
873.136
873.312
873.488
873.664
873.84
874.016
874.192
874.368
874.544
874.72
874.896
875.072
875.248
875.43
875.68
875.93
876.18
876.43
876.68
876.93
877.18
877.49
877.8
878.11
878.42
878.73
879.046
879.362
879.678
879.994
880.31
880.626
880.94
881.548
882.156
882.764
883.372
883.98
884.588
885.196
885.804
886.412
887.02
887.562
888.104
888.646
889.188
889.73
890.019
890.308
890.597
890.886
891.175
891.464
891.75
892.249
892.748
893.247
893.746
894.245
894.744
895.243
895.742
896.24
896.74
897.678
898.616
899.554
900.492
901.43
901.7
901.97
902.24
902.51
902.78
903.051
906.099
906.314
906.529
906.744
906.959
907.174
907.39
907.783
908.176
908.569
908.962
909.355
909.748
910.141
910.53
910.818
911.106
911.394
911.682
911.971
912.364
912.757
913.149
913.542
913.935
914.326
916.45
916.65
916.85
917.05
917.25
917.45
917.95
918.229
918.508
918.787
919.066
919.345
919.624
919.9
920.194
920.488
920.782
921.076
921.37
921.86
922.35
922.84
923.33
924.175
925.02
925.326
925.632
925.938
926.244
926.55
926.856
927.162
927.468
927.774
928.08
928.386
928.692
929.0
929.213
929.426
929.639
929.852
930.065
930.278
930.491
930.704
930.92
931.385
931.85
932.315
932.78
933.245
933.71
934.175
934.64
935.075
935.51
935.945
936.38
936.815
937.25
937.685
938.12
938.359
938.598
938.837
939.076
939.315
939.554
939.793
940.03
940.251
940.472
940.693
940.914
941.135
941.356
941.577
941.798
942.02
942.472
942.924
943.375
946.477
946.893
947.31
948.587
948.799
949.011
949.223
949.435
949.647
949.859
950.071
950.283
950.495
950.707
950.92
951.237
951.554
951.871
952.188
952.505
952.822
953.139
953.456
954.171
954.887
955.303
955.72
955.949
956.178
956.407
956.636
956.865
957.094
957.323
957.552
957.785
958.254
958.723
959.192
959.66
960.13
960.6
961.07
961.54
962.372
963.204
964.036
964.868
965.7
966.53
967.437
968.344
969.251
970.158
971.065
971.97
972.313
972.656
972.999
973.342
973.685
974.028
974.371
974.714
975.057
975.4
975.74
976.193
976.646
977.099
977.552
978.005
978.458
978.911
979.364
979.817
980.27
980.723
981.18
981.626
982.072
982.518
982.964
983.41
983.856
984.302
984.748
985.194
985.64
986.366
987.092
987.818
988.544
989.27
989.996
990.722
991.448
992.17
993.615
995.06
995.666
996.272
996.878
997.484
998.09
998.696
999.302
999.908
1000.514
1001.12
1001.562
1002.004
1002.446
1002.888
1003.329
1007.82
1008.332
1008.844
1009.356
1009.868
1010.38
1010.909
1011.438
1011.967
1012.496
1013.025
1013.554
1014.08
1014.588
1015.095
1015.602
1016.11
1016.618
1017.126
1017.633
1018.14
1019.34
1020.54
1020.753
1020.966
1021.179
1021.392
1021.605
1021.818
1022.031
1022.244
1022.46
1022.68
1022.9
1023.12
1023.34
1023.56
1023.78
1024.001
1024.228
1024.455
1024.682
1024.909
1025.136
1025.363
1025.59
1025.82
1026.307
1026.794
1027.28
1027.92
1028.56
1029.2
1029.493
1029.786
1030.079
1030.372
1030.665
1030.958
1031.254
1031.456
1031.658
1031.86
1032.062
1032.264
1032.466
1032.67
1033.023
1033.375
1033.727
1034.08
1034.432
1034.784
1035.137
1035.49
1036.041
1036.592
1037.143
1037.694
1038.245
1038.796
1039.347
1039.898
1040.449
1041.0
1042.485
1043.97
1045.455
1046.94
1048.425
1049.91
1051.172
1052.434
1053.696
1054.957
1056.219
1057.479
1058.14
1058.801
1059.462
1060.123
1060.784
1061.445
1062.106
1062.77
1063.171
1063.572
1063.973
1064.374
1064.775
1065.176
1065.58
1065.754
1065.928
1066.102
1066.276
1066.45
1066.624
1066.798
1066.972
1067.146
1067.32
1068.12
1068.92
1069.72
1070.52
1071.32
1073.515
1075.71
1076.061
1076.412
1076.763
1077.114
1077.465
1077.816
1078.167
1078.518
1078.87
1079.335
1079.8
1080.265
1080.73
1081.195
1081.66
1082.125
1082.59
1083.055
1083.52
1083.882
1084.244
1084.606
1084.968
1085.33
1085.606
1085.882
1086.158
1086.434
1086.71
1086.986
1087.262
1087.538
1087.814
1088.09
1088.37
1088.837
1089.304
1089.771
1090.238
1090.705
1091.172
1091.639
1092.106
1092.573
1093.04
1093.507
1093.973
1094.34
1094.707
1095.074
1095.441
1095.808
1096.177
1096.76
1097.015
1097.598
1097.873
1098.148
1098.423
1098.698
1098.973
1099.248
1099.523
1099.798
1100.073
1100.345
1100.711
1101.077
1101.443
1101.81
1102.388
1102.966
1103.544
1104.122
1104.7
1105.278
1105.856
1106.434
1107.012
1107.59
1108.168
1108.746
1109.33
1109.752
1110.174
1110.596
1111.018
1111.44
1111.862
1112.284
1112.706
1113.13
1113.319
1113.508
1113.697
1113.886
1114.075
1114.264
1114.453
1114.642
1114.831
1115.02
1115.206
1115.392
1115.578
1115.764
1115.95
1116.136
1116.322
1116.508
1116.694
1116.88
1117.061
1117.294
1117.527
1117.76
1117.993
1118.226
1118.459
1118.692
1118.925
1119.156
1119.44
1119.724
1120.008
1120.292
1120.576
1120.86
1121.144
1121.428
1121.712
1122.0
1122.225
1122.45
1122.675
1122.9
1123.125
1123.35
1123.575
1123.8
1124.025
1124.25
1126.09
1127.93
1129.77
1130.185
1130.6
1131.015
1131.43
1131.845
1132.259
1132.514
1132.769
1133.024
1133.279
1133.534
1133.789
1134.044
1134.299
1134.55
1135.175
1135.465
1135.755
1136.045
1136.335
1136.658
1136.981
1137.304
1137.627
1137.95
1138.273
1138.596
1138.919
1139.245
1139.851
1140.457
1141.063
1141.67
1142.086
1142.502
1142.918
1143.334
1143.75
1144.166
1144.58
1144.824
1145.068
1145.312
1145.556
1145.8
1146.044
1146.288
1146.532
1146.776
1147.022
1147.314
1147.606
1147.898
1148.19
1148.48
1148.793
1149.106
1149.419
1149.732
1150.045
1150.358
1150.67
1150.836
1151.002
1151.168
1151.334
1151.5
1151.666
1151.835
1152.22
1152.605
1152.99
1153.173
1153.356
1153.539
1153.722
1153.905
1154.088
1154.271
1154.454
1154.64
1154.8
1154.96
1155.12
1155.28
1155.44
1155.598
1155.855
1156.112
1156.369
1156.626
1156.883
1157.14
1157.397
1157.654
1157.912
1158.21
1158.508
1158.806
1159.104
1159.402
1159.7
1160.0
1160.25
1160.5
1160.75
1161.0
1161.25
1161.5
1161.75
1161.936
1162.122
1162.308
1162.494
1162.68
1162.866
1163.052
1163.238
1163.424
1163.61
1163.796
1163.98
1164.213
1164.446
1164.679
1164.912
1165.145
1165.378
1165.611
1165.844
1166.077
1166.31
1166.543
1166.78
1167.048
1167.316
1167.584
1167.852
1168.12
1168.388
1168.656
1168.924
1169.19
1169.625
1170.06
1170.495
1170.93
1171.365
1171.8
1172.235
1172.67
1172.95
1173.23
1173.51
1173.79
1174.07
1174.35
1174.63
1174.91
1175.19
1175.47
1175.75
1176.03
1176.31
1176.67
1177.03
1177.39
1177.75
1178.11
1178.336
1178.562
1178.788
1179.014
1179.24
1179.466
1179.692
1179.92
1180.862
1181.804
1182.746
1183.688
1184.63
1185.572
1186.514
1187.456
1188.398
1189.34
1189.737
1190.134
1190.531
1190.928
1191.325
1191.72
1192.475
1193.23
1193.985
1194.74
1195.495
1196.25
1197.005
1197.76
1198.515
1199.27
1200.02
1200.549
1201.078
1201.607
1202.136
1202.665
1203.194
1203.72
1204.15
1204.58
1205.01
1205.44
1205.87
1206.3
1206.578
1206.856
1207.134
1207.412
1207.69
1207.968
1208.246
1208.524
1208.806
1209.66
1210.22
1210.78
1211.34
1211.9
1212.46
1213.02
1213.58
1214.14
1214.7
1215.262
1215.505
1215.748
1215.991
1216.234
1216.477
1216.72
1217.398
1218.076
1218.754
1219.432
1220.11
1220.788
1221.466
1222.146
1222.814
1223.482
1224.15
1224.818
1225.486
1226.154
1226.822
1227.49
1228.158
1228.826
1229.494
1230.162
1230.83
1231.255
1231.68
1232.105
1232.53
1232.955
1233.38
1233.805
1234.23
1234.655
1235.08
1235.505
1235.93
1236.355
1236.78
1237.21
1237.678
1238.146
1238.613
1239.081
1239.548
1240.015
1240.483
1240.95
1241.401
1241.852
1242.303
1242.754
1243.205
1243.656
1244.107
1244.558
1245.005
1245.213
1245.421
1245.629
1245.837
1246.045
1246.253
1246.461
1246.669
1246.88
1247.298
1247.716
1248.134
1248.552
1248.97
1249.39
1249.686
1249.982
1250.279
1250.487
1250.695
1250.903
1251.111
1251.32
1252.387
1253.454
1254.521
1255.588
1256.655
1257.72
1258.852
1259.985
1260.55
1261.115
1261.68
1262.245
1262.81
1263.375
1263.94
1264.505
1265.07
1265.635
1266.2
1266.77
1267.021
1267.272
1267.523
1267.774
1268.025
1268.276
1268.527
1268.78
1268.957
1269.134
1269.311
1269.488
1269.665
1269.842
1270.02
1270.319
1270.618
1270.917
1271.216
1271.515
1271.814
1272.113
1272.412
1272.711
1273.01
1273.31
1273.918
1274.526
1275.134
1275.742
1276.35
1276.958
1277.566
1278.174
1278.78
1279.06
1279.34
1279.62
1279.9
1280.18
1280.46
1280.74
1281.02
1281.3
1281.58
1281.86
1282.12
1282.38
1282.64
1283.14
1283.38
1283.62
1283.86
1284.1
1284.34
1284.58
1284.82
1285.094
1285.368
1285.642
1285.916
1286.19
1286.464
1286.738
1287.01
1287.62
1288.23
1288.84
1289.45
1289.638
1289.825
1290.013
1290.2
1290.388
1290.575
1290.763
1290.95
1291.579
1292.207
1292.836
1293.464
1294.063
1294.662
1295.26
1295.626
1295.992
1296.358
1296.724
1297.09
1297.59
1298.317
1299.044
1299.771
1300.498
1301.225
1301.95
1302.235
1302.52
1302.933
1303.346
1303.759
1304.172
1304.585
1304.998
1305.411
1305.824
1306.237
1306.65
1307.06
1307.343
1307.627
1307.91
1308.194
1308.477
1308.761
1309.044
1309.328
1309.611
1309.895
1310.638
1311.381
1312.124
1312.867
1313.61
1314.353
1315.096
1315.839
1316.582
1318.637
1320.691
1322.745
1324.8
1327.46
1327.943
1328.426
1328.909
1329.392
1329.875
1330.358
1330.841
1331.32
1331.841
1332.362
1332.883
1333.404
1333.925
1334.446
1334.967
1335.488
1336.009
1336.53
1336.839
1337.148
1337.457
1337.766
1338.075
1338.384
1338.69
1338.884
1339.078
1339.272
1339.466
1339.66
1339.854
1340.048
1340.242
1340.436
1340.63
1341.029
1341.428
1341.827
1342.226
1342.625
1343.024
1343.424
1344.683
1345.942
1347.201
1348.46
1349.72
1350.031
1350.342
1350.653
1350.964
1351.275
1351.586
1351.897
1352.208
1352.519
1352.83
1353.238
1353.646
1354.054
1354.462
1354.87
1355.757
1356.59
1356.86
1357.13
1357.4
1357.67
1357.94
1358.21
1358.48
1359.05
1360.53
1361.3
1362.07
1362.337
1362.604
1362.871
1363.138
1363.405
1363.672
1363.939
1364.206
1364.473
1364.74
1365.064
1365.388
1365.712
1366.036
1366.36
1366.684
1367.01
1367.212
1367.414
1367.616
1367.818
1368.02
1368.222
1368.424
1368.626
1368.83
1369.16
1369.49
1369.82
1370.15
1370.48
1370.81
1370.997
1371.185
1371.372
1371.56
1371.747
1371.935
1372.122
1372.31
1372.528
1372.746
1372.964
1373.182
1373.4
1373.618
1373.836
1374.054
1374.268
1374.646
1375.024
1375.402
1375.78
1376.158
1376.536
1376.914
1377.292
1377.67
1378.048
1378.43
1378.798
1379.166
1379.534
1379.902
1380.27
1380.638
1381.006
1381.374
1381.739
1382.603
1383.467
1384.331
1385.195
1386.06
1386.698
1387.336
1387.974
1388.612
1389.25
1390.066
1390.259
1390.452
1390.645
1390.838
1391.031
1391.224
1391.417
1391.61
1391.803
1391.996
1392.19
1392.326
1392.462
1392.598
1392.734
1393.017
1393.3
1393.583
1393.866
1394.15
1395.189
1396.228
1397.267
1398.306
1399.345
1400.384
1401.423
1402.462
1403.501
1404.54
1405.58
1406.105
1406.63
1406.824
1407.018
1407.212
1407.406
1407.6
1407.794
1407.988
1408.182
1408.379
1408.853
1409.327
1409.801
1410.275
1410.749
1411.223
1411.697
1412.171
1412.645
1413.119
1413.59
1415.37
1415.876
1416.382
1416.888
1417.394
1417.9
1418.406
1418.91
1419.224
1419.538
1419.852
1420.166
1420.48
1420.794
1421.108
1421.422
1421.74
1422.242
1422.744
1423.246
1423.748
1424.25
1426.399
1428.547
1428.743
1428.939
1429.135
1429.331
1429.527
1429.723
1429.919
1430.115
1430.311
1430.505
1431.612
1432.719
1433.825
1435.197
1436.57
1437.089
1437.608
1438.127
1438.646
1439.165
1439.684
1440.203
1440.722
1441.245
1442.463
1443.681
1444.899
1446.117
1446.329
1446.541
1446.753
1446.965
1447.177
1447.389
1447.601
1447.813
1448.025
1448.237
1448.45
1448.827
1449.204
1449.58
1449.825
1450.07
1450.315
1450.56
1450.805
1451.05
1451.369
1451.688
1452.007
1452.326
1452.645
1452.964
1453.283
1453.6
1453.919
1454.238
1454.557
1454.876
1455.195
1455.514
1455.833
1456.152
1456.471
1456.79
1457.11
1457.407
1457.704
1458.001
1458.298
1458.596
1458.768
1458.94
1459.112
1459.284
1459.456
1459.628
1459.8
1459.97
1460.249
1460.528
1460.807
1461.086
1461.365
1461.645
1462.12
1462.595
1463.07
1464.77
1466.28
1467.64
1469.0
1476.0
1476.34
1476.68
1477.02
1477.36
1477.7
1478.217
1478.734
1479.251
1479.768
1480.285
1480.802
1481.319
1481.836
1482.353
1482.87
1483.39
1484.006
1484.622
1485.238
1485.854
1486.47
1486.859
1487.248
1487.637
1488.026
1488.415
1488.804
1489.19
1490.276
1491.362
1492.448
1493.534
1494.62
1495.706
1496.792
1497.88
1498.626
1499.372
1500.118
1500.864
1501.61
1502.356
1503.102
1503.85
1504.079
1504.308
1504.537
1504.766
1504.995
1505.224
1505.453
1505.682
1505.911
1506.14
1506.919
1507.698
1508.477
1509.256
1510.035
1510.814
1511.59
1511.821
1512.052
1512.283
1512.514
1512.745
1512.976
1513.207
1513.44
1513.707
1513.974
1514.241
1514.508
1514.775
1515.042
1515.309
1515.576
1515.843
1516.11
1516.38
1516.809
1517.238
1517.667
1518.096
1518.525
1518.954
1519.383
1519.81
1520.31
1520.81
1521.31
1521.694
1522.078
1522.462
1522.846
1523.23
1523.614
1523.998
1524.382
1524.766
1525.15
1525.838
1526.526
1527.214
1527.902
1528.59
1528.999
1529.408
1529.817
1530.226
1530.635
1531.044
1531.453
1531.862
1532.271
1532.68
1533.089
1533.5
1533.78
1534.06
1534.34
1534.62
1534.9
1535.18
1535.532
1535.884
1536.236
1536.588
1536.94
1537.292
1537.644
1537.996
1538.348
1538.7
1539.05
1539.986
1540.922
1541.858
1542.794
1543.73
1544.301
1544.872
1545.443
1546.014
1546.585
1547.156
1547.727
1548.3
1548.56
1548.82
1549.08
1549.34
1549.6
1549.86
1550.12
1550.38
1550.64
1550.873
1551.106
1551.339
1551.572
1551.805
1552.038
1552.271
1552.504
1552.74
1554.26
1554.593
1554.926
1555.259
1555.592
1555.925
1556.256
1556.515
1556.774
1557.033
1557.292
1557.552
1558.142
1558.732
1559.322
1559.912
1561.286
1561.529
1561.772
1562.015
1562.258
1562.501
1562.744
1563.036
1563.328
1563.62
1563.912
1564.204
1564.496
1564.785
1565.162
1565.539
1565.916
1566.293
1566.67
1567.047
1567.424
1567.8
1568.05
1568.3
1568.55
1568.8
1569.05
1569.302
1569.736
1570.17
1571.04
1571.332
1571.624
1571.916
1572.208
1572.498
1572.982
1573.466
1573.95
1574.435
1574.872
1575.31
1575.389
1575.468
1575.547
1575.626
1575.705
1575.784
1575.863
1575.942
1576.021
1576.1
1576.179
1576.26
1576.92
1577.58
1577.899
1578.218
1578.537
1578.856
1579.175
1579.494
1579.813
1580.132
1580.45
1580.638
1580.825
1581.013
1581.2
1581.388
1581.575
1581.763
1581.95
1582.73
1583.51
1584.29
1585.07
1585.85
1586.63
1587.13
1587.446
1587.762
1588.078
1588.394
1588.71
1589.026
1589.342
1589.658
1589.974
1590.29
1590.61
1591.142
1591.674
1592.206
1592.738
1593.27
1593.802
1594.334
1594.866
1595.398
1595.93
1596.462
1596.994
1597.522
1598.392
1599.262
1600.132
1601.002
1601.87
1602.627
1603.384
1604.141
1604.898
1605.655
1606.412
1607.169
1607.926
1608.683
1609.44
1609.822
1610.204
1610.586
1610.968
1611.35
1611.732
1612.114
1612.496
1612.878
1613.26
1613.642
1614.029
1620.12
1621.205
1622.29
1623.375
1624.46
1625.76
1627.06
1629.38
1631.7
1631.938
1632.176
1632.414
1632.652
1632.89
1633.128
1633.366
1633.604
1633.842
1634.08
1634.318
1634.556
1634.8
1635.535
1636.27
1637.005
1637.74
1638.72
1638.999
1639.278
1639.557
1639.836
1640.115
1640.394
1640.673
1640.952
1641.234
1641.472
1641.71
1641.948
1642.186
1642.424
1642.662
1642.9
1643.379
1643.858
1644.337
1644.816
1645.295
1645.774
1646.253
1646.73
1647.077
1647.424
1647.771
1648.118
1648.465
1648.812
1649.159
1649.506
1649.853
1650.197
1655.26
1655.51
1655.76
1656.01
1656.26
1656.51
1656.76
1657.01
1657.26
1657.51
1657.745
1657.98
1658.215
1658.45
1658.685
1658.92
1659.155
1659.39
1659.625
1659.86
1660.095
1660.33
1660.57
1661.517
1662.465
1663.412
1664.36
1664.564
1664.768
1664.972
1665.176
1665.38
1665.584
1665.788
1665.992
1666.196
1666.4
1666.604
1666.81
1667.032
1667.254
1667.476
1667.698
1667.92
1668.14
1668.461
1668.782
1669.103
1669.424
1669.745
1670.066
1670.39
1670.85
1671.31
1671.77
1672.23
1672.69
1673.15
1673.61
1674.07
1674.353
1674.636
1674.919
1675.202
1675.485
1675.768
1676.051
1676.334
1676.62
1677.12
1677.552
1677.984
1678.416
1678.848
1679.28
1679.712
1680.144
1680.576
1681.008
1681.44
1681.872
1682.3
1682.967
1683.635
1684.303
1684.97
1685.352
1685.735
1686.117
1686.499
1686.881
1687.265
1687.536
1687.807
1688.078
1688.349
1688.62
1688.89
1689.456
1690.022
1690.588
1691.154
1691.72
1692.286
1692.852
1693.418
1693.984
1694.55
1695.12
1695.294
1695.468
1695.642
1695.816
1695.99
1699.17
1699.464
1699.758
1700.052
1700.346
1700.64
1700.949
1701.258
1701.567
1701.876
1702.185
1702.494
1702.802
1702.98
1703.158
1703.336
1703.514
1703.692
1703.87
1704.048
1704.226
1704.404
1704.582
1704.76
1705.123
1705.486
1705.849
1706.212
1706.575
1706.938
1707.3
1707.594
1707.888
1708.182
1708.476
1708.77
1709.064
1709.36
1709.642
1709.924
1710.206
1710.488
1710.77
1711.021
1711.272
1711.523
1711.774
1712.025
1712.276
1712.53
1713.108
1713.686
1714.264
1714.841
1715.418
1715.995
1716.572
1717.15
1717.421
1717.692
1717.963
1718.234
1718.505
1718.776
1719.05
1719.613
1720.176
1720.74
1721.24
1721.74
1722.24
1722.74
1723.24
1723.74
1724.235
1724.73
1725.225
1725.72
1726.215
1729.185
1730.086
1730.987
1731.888
1732.789
1733.69
1734.591
1735.492
1736.393
1737.294
1738.195
1739.1
1739.549
1739.998
1740.447
1740.896
1741.345
1741.794
1742.243
1742.69
1742.981
1743.272
1743.563
1743.854
1744.145
1744.436
1744.727
1745.018
1745.309
1745.6
1745.947
1746.294
1746.641
1746.988
1747.335
1747.682
1748.029
1748.376
1748.723
1749.07
1749.42
1749.822
1750.224
1750.626
1751.028
1751.43
1751.832
1752.234
1752.636
1753.038
1753.44
1753.842
1754.244
1754.64
1755.253
1755.866
1756.041
1756.216
1756.391
1756.566
1756.74
1757.027
1757.314
1757.601
1757.889
1758.176
1758.463
1758.75
1759.04
1759.431
1759.822
1760.213
1760.604
1760.995
1761.386
1761.777
1762.168
1762.559
1762.95
1763.341
1763.732
1764.117
1764.3
1764.483
1764.666
1764.849
1765.032
1765.215
1765.398
1765.581
1765.764
1765.95
1766.18
1766.41
1766.64
1766.87
1767.1
1767.4
1767.7
1768.0
1768.3
1768.6
1769.225
1769.85
1770.475
1771.1
1771.725
1772.35
1772.581
1772.812
1773.043
1773.274
1773.505
1773.736
1773.967
1774.198
1774.429
1774.66
1774.895
1775.062
1775.229
1775.396
1775.563
1775.73
1775.896
1776.243
1776.59
1776.936
1777.83
1778.108
1778.386
1778.664
1778.942
1779.22
1779.88
1780.325
1780.77
1781.215
1781.66
1782.105
1782.55
1783.091
1783.632
1784.173
1784.714
1785.255
1785.796
1786.337
1786.878
1787.419
1787.96
1788.533
1789.106
1789.679
1790.252
1790.825
1791.4
1791.733
1792.066
1792.4
1792.553
1792.706
1792.859
1793.012
1793.164
1793.4
1793.636
1793.872
1794.108
1794.344
1794.58
1795.54
1798.4
1799.853
1801.306
1802.76
1803.667
1804.574
1805.481
1806.388
1807.295
1808.202
1809.11
1809.543
1809.976
1810.41
1811.087
1811.764
1812.44
1812.921
1813.402
1813.883
1814.364
1814.845
1815.326
1815.807
1816.288
1816.769
1817.25
1817.731
1818.212
1818.693
1819.17
1820.017
1820.864
1821.71
1822.109
1822.508
1822.907
1823.306
1823.705
1824.104
1824.503
1824.902
1825.3
1826.182
1827.064
1827.946
1828.828
1829.71
1830.59
1830.98
1831.37
1831.76
1832.15
1832.54
1832.928
1833.4
1833.872
1834.344
1834.816
1835.288
1835.76
1836.232
1836.704
1836.921
1837.138
1837.355
1837.572
1837.789
1838.006
1838.223
1838.44
1838.657
1838.87
1839.287
1839.705
1840.122
1840.54
1840.773
1841.006
1841.24
1841.833
1842.426
1843.018
1843.482
1843.946
1844.47
1845.29
1846.11
1846.93
1847.75
1848.402
1849.054
1849.706
1850.358
1851.01
1851.662
1852.314
1852.966
1853.62
1854.238
1854.856
1855.474
1856.092
1856.71
1857.328
1857.946
1858.564
1859.182
1859.8
1860.42
1861.109
1861.798
1862.487
1863.176
1863.865
1864.554
1865.243
1865.932
1866.621
1867.31
1867.999
1868.688
1869.377
1870.066
1870.76
1871.202
1871.644
1872.086
1872.528
1872.97
1873.412
1873.854
1874.3
1874.629
1874.958
1875.287
1875.616
1875.945
1876.274
1876.603
1876.932
1877.261
1877.59
1877.92
1878.166
1878.412
1878.658
1878.904
1879.15
1879.396
1879.642
1879.888
1880.134
1880.38
1880.63
1880.879
1881.128
1881.377
1881.626
1881.875
1882.124
1882.37
1882.691
1883.013
1883.334
1883.656
1883.977
1884.299
1884.959
1885.619
1886.279
1886.939
1887.599
1888.259
1888.919
1889.579
1890.238
1891.143
1892.048
1892.953
1893.858
1894.763
1895.668
1896.573
1897.48
1897.89
1898.3
1898.71
1899.12
1899.53
1899.741
1899.952
1900.163
1900.374
1900.585
1900.796
1901.007
1901.218
1901.43
1901.898
1902.366
1902.834
1903.302
1903.77
1904.02
1904.27
1904.52
1904.77
1905.02
1905.27
1905.52
1905.864
1906.208
1906.552
1906.896
1907.24
1907.584
1907.93
1908.285
1908.64
1908.995
1909.35
1909.705
1910.06
1910.79
1911.162
1911.534
1911.906
1912.278
1912.65
1913.022
1913.391
1913.741
1914.091
1914.441
1914.791
1915.14
1915.525
1915.91
1916.295
1916.681
1916.934
1917.187
1917.44
1917.693
1917.946
1918.199
1918.452
1918.705
1918.958
1919.211
1919.459
1919.671
1919.883
1920.095
1920.307
1920.519
1920.731
1920.943
1921.155
1921.367
1921.579
1921.791
1922.0
1922.38
1922.76
1923.14
1923.52
1923.9
1924.28
1924.66
1925.04
1925.345
1925.65
1925.955
1926.26
1926.565
1926.87
1927.175
1927.48
1927.785
1928.09
1928.395
1928.7
1929.156
1929.612
1930.068
1930.524
1930.98
1931.436
1931.892
1932.35
1932.688
1933.026
1933.364
1933.702
1934.04
1934.378
1934.716
1935.054
1935.392
1935.73
1936.068
1936.41
1936.643
1936.876
1937.109
1937.342
1937.575
1937.808
1938.041
1938.274
1938.507
1938.74
1938.975
1939.168
1939.361
1939.554
1939.747
1939.94
1940.133
1940.326
1940.519
1940.712
1940.905
1941.1
1941.396
1941.692
1941.988
1942.284
1942.58
1942.876
1943.172
1943.468
1943.764
1944.06
1944.356
1944.652
1944.948
1945.25
1945.593
1945.936
1946.279
1946.622
1946.965
1947.308
1947.651
1947.994
1948.34
1949.015
1949.69
1950.365
1951.04
1951.715
1952.39
1953.065
1953.74
1954.095
1954.45
1954.805
1955.16
1955.515
1955.87
1956.225
1956.58
1956.935
1957.29
1957.64
1958.017
1958.394
1958.771
1959.148
1959.525
1959.9
1960.252
1960.604
1960.956
1961.308
1961.66
1962.012
1962.364
1962.716
1963.07
1963.277
1963.484
1963.691
1963.898
1964.105
1964.312
1964.52
1965.523
1966.526
1967.53
1968.142
1968.754
1969.366
1969.978
1970.59
1971.202
1971.814
1972.426
1973.038
1973.65
1973.954
1974.258
1974.562
1974.866
1975.17
1975.474
1975.778
1976.082
1976.386
1976.69
1976.994
1977.298
1977.6
1977.872
1978.145
1978.418
1978.69
1978.963
1979.236
1979.509
1979.78
1980.183
1980.586
1980.989
1981.392
1981.795
1982.2
1982.528
1982.856
1983.184
1983.512
1983.84
1984.168
1984.496
1984.824
1985.15
1985.44
1985.73
1986.02
1986.31
1986.6
1986.96
1987.32
1987.68
1988.04
1988.4
1988.744
1989.088
1989.432
1989.776
1990.12
1990.464
1990.808
1991.152
1991.496
1991.84
1992.4
1992.96
1993.52
1994.08
1994.325
1994.57
1994.815
1995.06
1995.305
1995.55
1995.795
1996.04
1996.285
1996.53
1996.78
1997.188
1997.596
1998.004
1998.412
1998.82
1999.228
1999.636
2000.044
2000.45
2000.745
2001.04
2001.335
2001.63
2001.925
2002.22
2002.515
2002.81
2003.018
2003.226
2003.434
2003.642
2003.85
2004.058
2004.266
2004.474
2004.68
2004.87
2005.101
2005.332
2005.563
2005.794
2006.025
2006.256
2006.487
2006.718
2006.953
2007.248
2007.543
2007.838
2008.133
2008.428
2008.723
2009.018
2009.313
2009.608
2009.9
2010.4
2010.623
2010.846
2011.069
2011.292
2011.515
2011.738
2011.961
2012.184
2012.407
2012.63
2012.858
2013.171
2013.484
2013.797
2014.11
2014.423
2014.736
2015.049
2015.362
2015.675
2015.985
2016.61
2016.927
2017.244
2017.561
2017.878
2018.195
2018.512
2018.83
2019.1
2019.37
2019.64
2019.91
2020.18
2020.45
2020.72
2020.921
2021.122
2021.323
2021.524
2021.725
2021.926
2022.127
2022.328
2022.529
2022.73
2022.931
2023.136
2023.708
2024.28
2024.852
2025.424
2025.996
2026.568
2027.14
2027.712
2028.28
2029.051
2029.822
2030.592
2031.362
2031.544
2031.726
2031.908
2032.09
2032.272
2032.454
2032.636
2032.82
2033.035
2033.25
2033.465
2033.68
2033.895
2034.111
2034.531
2034.951
2035.371
2035.791
2036.211
2036.631
2037.051
2037.471
2037.891
2038.311
2038.731
2039.15
2039.515
2039.88
2040.245
2040.61
2040.975
2041.34
2041.705
2042.07
2042.432
2042.708
2042.984
2043.26
2043.536
2043.812
2044.088
2044.364
2044.64
2045.677
2046.714
2047.75
2047.983
2048.216
2048.449
2048.682
2048.915
2049.148
2049.381
2049.614
2049.847
2050.08
2050.309
2050.889
2051.469
2052.049
2052.629
2053.209
2053.789
2054.369
2054.949
2055.216
2055.483
2055.75
2056.017
2056.284
2056.551
2056.818
2057.085
2057.352
2057.619
2057.889
2058.248
2058.607
2058.966
2059.325
2059.684
2060.043
2060.402
2060.764
2060.977
2061.189
2061.401
2061.613
2061.825
2062.037
2062.249
2062.461
2062.673
2062.889
2063.193
2063.497
2063.801
2064.105
2064.409
2064.607
2064.805
2065.003
2065.201
2065.399
2065.597
2065.795
2065.993
2066.191
2066.389
2066.59
2066.861
2067.132
2067.403
2067.674
2067.945
2068.214
2069.022
2069.83
2070.638
2071.446
2072.254
2073.062
2073.87
2074.679
2075.305
2077.256
2079.207
2081.158
2083.11
2083.326
2083.542
2083.758
2083.974
2084.19
2084.406
2084.622
2084.84
2085.019
2085.198
2085.377
2085.556
2085.735
2085.914
2086.09
2086.566
2087.042
2087.518
2087.994
2088.47
2088.946
2089.422
2089.9
2090.558
2091.216
2091.874
2092.532
2093.19
2093.848
2094.507
2096.368
2098.229
2100.09
2101.951
2103.812
2105.673
2107.532
2107.728
2107.924
2108.12
2108.316
2108.512
2108.708
2108.904
2109.1
2109.296
2109.49
2109.758
2110.026
2110.294
2110.562
2110.83
2111.098
2111.366
2111.634
2111.902
2112.166
2113.664
2115.162
2116.66
2118.158
2119.656
2121.154
2122.652
2124.15
2125.65
2126.118
2126.586
2127.054
2127.522
2127.99
2128.46
2129.41
2130.36
2131.31
2132.26
2133.21
2134.16
2135.11
2135.586
2136.062
2136.538
2137.014
2137.49
2137.966
2138.44
2139.703
2140.966
2142.229
2143.492
2144.755
2146.018
2147.28
2147.676
2148.072
2148.468
2148.864
2149.26
2149.656
2150.052
2150.448
2150.844
2151.24
2151.636
2152.032
2152.43
2152.832
2153.235
2153.638
2154.041
2154.444
2154.847
2155.25
2155.65
2155.977
2156.304
2156.631
2156.958
2157.285
2157.612
2157.939
2158.266
2158.593
2158.92
2159.25
2159.46
2159.67
2159.88
2160.09
2160.3
2160.51
2160.72
2160.93
2161.14
2161.35
2161.56
2161.77
2161.977
2162.167
2162.357
2162.547
2162.737
2162.927
2163.117
2163.31
2163.678
2164.046
2164.414
2164.782
2165.15
2165.518
2165.886
2166.254
2166.62
2166.85
2167.08
2167.31
2167.54
2167.77
2168.0
2168.23
2168.46
2168.69
2168.92
2169.28
2169.64
2170.0
2170.36
2170.72
2171.08
2171.44
2171.8
2172.16
2172.52
2172.908
2173.296
2173.684
2174.072
2174.46
2174.848
2175.236
2175.624
2176.012
2176.4
2176.79
2177.504
2178.218
2178.932
2179.646
2180.36
2181.074
2181.788
2182.502
2183.22
2183.556
2183.892
2184.228
2184.564
2184.9
2185.236
2185.572
2185.908
2186.244
2186.58
2186.916
2187.252
2187.588
2187.924
2188.26
2188.6
2188.902
2189.204
2189.506
2189.808
2190.11
2190.412
2190.714
2191.016
2191.318
2191.62
2191.962
2192.304
2192.646
2192.988
2193.33
2193.672
2194.014
2194.356
2194.698
2195.04
2195.38
2195.652
2195.924
2196.196
2196.468
2196.74
2197.012
2197.284
2197.556
2197.828
2198.1
2198.372
2198.64
2199.0
2199.36
2199.72
2200.08
2200.44
2200.8
2201.16
2201.52
2201.88
2202.24
2202.602
2202.751
2202.9
2203.049
2203.198
2203.347
2203.496
2203.645
2203.794
2203.943
2204.092
2204.241
2204.393
2209.32
2214.247
2219.174
2224.101
2229.03
2229.436
2229.842
2230.248
2230.654
2231.06
2231.466
2231.872
2232.278
2232.684
2233.09
2233.416
2233.742
2234.068
2234.394
2234.72
2235.046
2235.372
2235.698
2236.025
2246.03
2246.967
2247.904
2248.84
2251.289
2251.568
2251.847
2252.126
2252.405
2252.684
2252.963
2253.245
2253.788
2254.331
2254.874
2255.417
2255.96
2256.503
2257.046
2257.589
2258.135
2258.461
2258.787
2259.113
2259.439
2259.765
2260.091
2260.417
2260.743
2261.069
2261.436
2261.803
2262.17
2262.537
2262.904
2263.271
2263.638
2264.005
2264.372
2264.739
2265.106
2265.47
2266.204
2266.938
2267.672
2268.406
2269.14
2269.39
2269.64
2269.89
2270.14
2270.39
2270.64
2271.068
2271.496
2271.924
2272.352
2272.78
2273.225
2273.67
2274.115
2274.56
2275.006
2276.251
2277.496
2278.741
2279.986
2281.231
2282.476
2282.808
2283.14
2283.472
2283.804
2284.136
2284.47
2284.729
2284.988
2285.247
2285.506
2285.765
2286.024
2286.283
2286.542
2286.801
2287.06
2288.015
2288.97
2289.627
2290.284
2290.941
2291.598
2292.255
2292.912
2293.569
2294.226
2294.883
2295.54
2296.197
2296.854
2297.511
2298.17
2299.996
2301.822
2303.648
2305.474
2307.3
2309.47
2309.914
2310.358
2310.802
2311.246
2311.69
2312.134
2312.578
2313.022
2313.47
2314.266
2315.062
2315.858
2316.108
2316.358
2316.608
2316.858
2317.108
2317.358
2317.724
2318.09
2318.456
2318.822
2319.188
2319.554
2319.92
2320.286
2320.652
2321.018
2321.38
2321.873
2322.366
2322.859
2323.352
2323.845
2324.338
2324.831
2325.326
2326.08
2339.571
2340.909
2342.247
2343.585
2344.923
2346.261
2347.599
2348.94
2353.122
2353.493
2353.864
2354.235
2354.606
2354.978
2355.187
2355.396
2355.605
2355.814
2356.023
2356.23
2356.823
2357.416
2358.009
2358.602
2359.195
2359.788
2360.381
2360.974
2361.564
2361.813
2362.062
2362.311
2362.56
2362.809
2363.058
2363.307
2363.556
2364.22
2364.884
2365.548
2366.212
2366.876
2367.54
2367.789
2368.038
2368.287
2368.536
2368.785
2369.034
2369.282
2369.516
2369.75
2369.984
2370.218
2370.452
2370.688
2370.952
2371.216
2371.48
2371.744
2372.008
2372.271
2372.662
2373.053
2373.444
2373.835
2374.226
2374.617
2375.01
2376.265
2377.52
2378.233
2378.946
2379.659
2380.372
2381.085
2381.798
2382.51
2382.766
2383.022
2383.278
2383.534
2383.79
2384.046
2384.302
2384.559
2384.754
2384.949
2385.144
2385.339
2385.534
2385.729
2385.924
2386.119
2386.314
2386.509
2386.704
2386.899
2387.1
2387.278
2387.456
2387.633
2387.81
2387.988
2388.166
2388.343
2388.52
2388.732
2388.944
2389.156
2389.368
2389.58
2389.792
2390.007
2391.254
2391.492
2391.73
2391.968
2392.206
2392.444
2392.682
2392.92
2393.533
2394.146
2394.76
2395.01
2395.26
2395.51
2395.76
2396.01
2396.26
2396.51
2396.76
2398.73
2400.7
2400.999
2401.298
2401.597
2401.896
2402.195
2402.494
2402.793
2403.092
2403.39
2403.676
2403.962
2404.248
2404.534
2404.82
2405.106
2405.392
2405.678
2405.964
2406.25
2406.536
2406.82
2407.144
2407.468
2407.792
2408.116
2408.44
2408.764
2409.09
2409.439
2409.788
2410.137
2410.486
2410.835
2411.184
2411.533
2411.882
2412.231
2412.58
2412.902
2413.224
2413.546
2413.868
2414.19
2414.574
2414.958
2415.342
2415.726
2416.11
2416.562
2417.014
2417.466
2417.92
2418.41
2418.9
2419.102
2419.304
2419.506
2419.708
2419.91
2420.11
2420.77
2421.43
2422.09
2422.75
2423.41
2424.07
2424.73
2425.39
2426.05
2426.71
2427.37
2427.705
2428.04
2428.375
2428.71
2429.045
2429.38
2429.66
2429.94
2430.22
2430.5
2430.78
2431.06
2431.34
2431.83
2432.32
2432.81
2433.3
2433.79
2434.28
2434.77
2435.26
2435.75
2436.244
2436.738
2437.232
2437.726
2438.22
2438.563
2438.906
2439.249
2439.592
2439.935
2440.279
2440.633
2440.987
2441.341
2441.695
2441.913
2442.131
2442.349
2442.566
2442.783
2443.0
2443.276
2443.552
2443.828
2444.104
2444.38
2444.656
2444.93
2445.189
2445.448
2445.707
2445.966
2446.225
2446.484
2446.743
2447.0
2447.202
2447.404
2447.606
2447.808
2448.01
2448.212
2448.414
2448.616
2448.818
2449.02
2449.222
2449.42
2450.047
2450.674
2451.301
2451.928
2452.555
2453.182
2453.809
2454.436
2455.063
2455.69
2457.478
2459.266
2461.054
2462.842
2463.333
2463.824
2464.315
2464.806
2465.297
2465.788
2466.279
2466.77
2467.261
2467.622
2467.983
2468.344
2468.705
2469.066
2469.426
2469.688
2469.95
2470.212
2470.474
2470.736
2470.998
2471.26
2471.522
2471.784
2472.05
2472.951
2473.852
2474.753
2475.654
2476.555
2477.456
2478.36
2478.636
2478.912
2479.188
2479.463
2479.739
2480.015
2480.291
2480.564
2481.178
2481.792
2482.406
2483.02
2483.634
2484.248
2484.86
2485.048
2485.236
2485.424
2485.612
2485.8
2485.988
2486.176
2486.364
2486.552
2486.74
2486.928
2487.116
2487.304
2487.492
2487.681
2488.18
2488.42
2488.66
2488.9
2489.14
2489.38
2489.62
2489.86
2490.188
2490.516
2490.844
2491.172
2491.502
2491.995
2492.488
2492.98
2494.132
2494.447
2494.762
2495.077
2495.392
2495.707
2496.02
2496.47
2496.92
2497.37
2497.82
2498.27
2498.72
2499.17
2499.656
2500.142
2500.628
2501.114
2501.6
2502.086
2502.569
2502.819
2503.069
2503.319
2503.569
2503.819
2504.068
2505.042
2505.77
2506.026
2506.282
2506.538
2506.794
2507.05
2507.306
2507.561
2507.877
2508.193
2508.509
2508.825
2509.141
2509.457
2509.773
2510.089
2510.405
2510.722
2511.078
2511.434
2511.79
2512.146
2512.5
2512.911
2513.322
2513.733
2514.144
2514.555
2514.966
2515.375
2515.578
2515.781
2515.984
2516.187
2516.39
2516.593
2516.796
2517.0
2517.36
2517.72
2518.08
2518.44
2518.8
2519.16
2519.48
2519.8
2520.12
2520.44
2520.76
2521.08
2521.4
2521.685
2521.97
2522.255
2522.54
2522.825
2523.11
2523.395
2523.68
2524.026
2524.372
2524.718
2525.064
2525.41
2525.756
2526.1
2526.374
2526.648
2526.922
2527.196
2527.47
2527.744
2528.018
2528.29
2529.296
2530.302
2531.308
2532.314
2533.32
2534.326
2535.332
2536.34
2536.647
2536.954
2537.261
2537.568
2537.875
2538.182
2538.489
2538.796
2539.103
2539.41
2540.26
2541.11
2541.616
2542.122
2542.628
2543.134
2543.64
2544.146
2544.652
2545.158
2545.66
2546.583
2547.506
2548.43
2548.8
2549.17
2549.54
2549.91
2550.28
2550.65
2551.02
2551.39
2551.76
2552.13
2552.499
2552.723
2552.947
2553.171
2553.395
2553.619
2553.843
2554.067
2554.29
2554.548
2554.806
2555.064
2555.322
2555.58
2556.59
2556.908
2557.226
2557.544
2557.862
2558.18
2558.5
2558.759
2559.018
2559.277
2559.536
2559.795
2560.054
2560.313
2560.572
2560.831
2561.09
2561.349
2561.608
2561.867
2562.122
2562.423
2562.724
2563.025
2563.326
2563.627
2563.928
2564.229
2564.53
2564.831
2565.129
2565.322
2565.515
2565.708
2565.901
2566.094
2566.287
2566.48
2566.67
2566.903
2567.136
2567.369
2567.602
2567.835
2568.07
2568.535
2569.0
2569.465
2569.93
2570.395
2570.86
2571.325
2571.79
2572.07
2572.35
2572.63
2572.91
2573.19
2573.47
2573.75
2574.137
2574.524
2574.911
2575.298
2575.685
2576.07
2576.325
2576.58
2576.835
2577.091
2577.414
2577.737
2578.06
2578.382
2578.507
2578.632
2578.757
2578.882
2579.007
2579.132
2579.257
2579.38
2579.69
2580.0
2580.31
2580.62
2580.93
2581.063
2581.196
2581.329
2581.462
2581.595
2581.73
2581.934
2582.138
2582.342
2582.546
2582.75
2582.937
2583.124
2583.311
2583.498
2583.685
2583.872
2584.059
2584.246
2584.433
2584.624
2585.125
2585.356
2585.587
2585.818
2586.049
2586.28
2586.511
2586.742
2586.973
2587.207
2587.394
2587.581
2587.768
2587.955
2588.142
2588.329
2588.516
2588.703
2588.888
2589.152
2589.416
2589.68
2589.944
2590.208
2590.472
2590.736
2591.0
2591.26
2592.24
2592.448
2592.656
2592.864
2593.072
2593.28
2593.488
2593.696
2593.906
2594.449
2594.992
2595.535
2596.078
2596.62
2596.99
2597.36
2597.73
2598.1
2598.47
2598.84
2599.21
2599.402
2599.594
2599.786
2599.978
2600.17
2600.362
2600.554
2600.746
2600.938
2601.13
2601.322
2601.514
2601.71
2602.209
2602.708
2603.207
2603.706
2604.205
2604.704
2605.203
2605.702
2606.201
2606.704
2607.397
2608.09
2608.394
2608.698
2609.002
2609.306
2609.61
2609.914
2610.218
2610.522
2610.826
2611.13
2611.434
2611.74
2612.267
2612.794
2613.322
2613.85
2614.142
2614.434
2614.726
2615.018
2615.31
2615.602
2615.894
2616.186
2616.478
2616.77
2617.062
2617.355
2617.664
2617.973
2618.282
2618.59
2618.93
2619.27
2619.61
2619.95
2620.29
2620.63
2620.97
2621.31
2621.592
2621.874
2622.157
2622.44
2622.722
2623.005
2623.288
2623.57
2623.936
2624.302
2624.668
2625.034
2625.4
2625.765
2626.338
2626.911
2627.484
2628.057
2628.63
2629.026
2629.422
2629.818
2630.214
2630.61
2631.14
2631.67
2632.2
2632.73
2632.909
2633.088
2633.267
2633.446
2633.625
2633.804
2633.983
2634.162
2634.341
2634.52
2634.699
2634.878
2635.057
2635.235
2635.729
2636.223
2636.717
2637.21
2637.479
2637.748
2638.017
2638.286
2638.555
2638.826
2639.326
2639.969
2640.612
2641.255
2641.898
2642.541
2643.184
2643.83
2644.19
2644.551
2644.912
2645.273
2645.633
2645.993
2646.354
2646.714
2647.014
2647.314
2647.614
2647.914
2648.214
2648.514
2648.814
2649.114
2649.41
2649.9
2650.39
2650.88
2651.511
2652.142
2652.772
2653.017
2653.262
2653.507
2653.752
2653.997
2654.242
2654.487
2654.73
2655.18
2655.63
2656.08
2656.53
2656.98
2657.43
2657.696
2657.962
2658.228
2658.494
2658.76
2659.026
2659.292
2659.56
2659.84
2660.053
2660.266
2660.479
2660.692
2660.905
2661.119
2661.332
2661.548
2662.009
2662.47
2662.741
2663.012
2663.283
2663.554
2663.825
2664.096
2664.367
2664.636
2664.851
2665.066
2665.281
2665.496
2665.711
2665.926
2666.141
2666.356
2666.571
2666.786
2667.001
2667.216
2667.431
2667.65
2667.92
2668.19
2668.46
2668.73
2669.0
2669.27
2669.54
2669.811
2670.097
2670.383
2670.669
2670.955
2671.241
2671.527
2671.81
2672.024
2672.238
2672.452
2672.666
2672.88
2673.094
2673.31
2673.599
2673.888
2674.177
2674.466
2674.755
2675.044
2675.33
2675.562
2675.794
2676.026
2676.258
2676.49
2676.722
2676.955
2677.19
2677.505
2677.82
2678.135
2678.45
2678.892
2679.334
2679.776
2680.218
2680.66
2681.102
2681.544
2681.986
2682.428
2682.87
2683.312
2683.667
2684.022
2684.377
2684.732
2685.087
2685.44
2685.95
2686.46
2686.97
2687.48
2687.99
2688.5
2689.01
2689.52
2690.03
2690.383
2690.736
2691.089
2691.442
2691.795
2692.148
2692.503
2692.897
2693.291
2693.685
2694.079
2694.473
2694.868
2695.341
2695.814
2696.287
2696.76
2697.352
2697.944
2698.537
2699.13
2699.575
2700.02
2700.465
2700.91
2701.355
2701.8
2702.245
2702.692
2702.91
2703.128
2703.346
2703.564
2703.782
2704.0
2704.218
2704.436
2704.65
2704.884
2705.118
2705.352
2705.586
2705.82
2706.054
2706.29
2706.498
2706.706
2706.914
2707.122
2707.33
2707.538
2707.746
2707.954
2708.162
2708.37
2708.578
2708.786
2708.99
2709.756
2710.522
2711.288
2712.054
2712.82
2713.586
2714.354
2714.562
2714.77
2714.978
2715.186
2715.394
2715.602
2715.81
2716.02
2716.922
2717.824
2718.726
2719.628
2720.53
2720.712
2720.894
2721.076
2721.258
2721.44
2721.622
2721.804
2721.986
2722.168
2722.35
2722.53
2722.85
2723.17
2723.49
2723.81
2724.13
2724.45
2724.77
2725.09
2725.41
2725.73
2726.05
2726.416
2726.782
2727.148
2727.514
2727.88
2728.246
2728.612
2728.977
2729.132
2729.287
2729.442
2729.597
2729.752
2729.907
2730.06
2730.298
2730.536
2730.774
2731.012
2731.25
2731.488
2731.726
2731.964
2732.202
2732.44
2732.68
2732.892
2733.104
2733.316
2733.528
2733.74
2733.952
2734.164
2734.376
2734.588
2734.8
2735.083
2735.366
2735.649
2735.932
2736.215
2736.498
2736.781
2737.064
2737.35
2737.532
2737.714
2737.896
2738.078
2738.26
2738.442
2738.624
2738.806
2738.988
2739.17
2739.352
2739.534
2739.72
2739.938
2740.156
2740.374
2740.59
2740.895
2741.2
2741.505
2741.81
2742.115
2742.42
2742.725
2743.03
2743.335
2743.64
2743.945
2744.25
2744.55
2744.847
2745.144
2745.441
2745.738
2746.035
2746.33
2746.953
2747.576
2748.199
2748.822
2749.445
2750.068
2750.691
2751.314
2751.937
2752.56
2752.756
2752.952
2753.148
2753.344
2753.54
2753.736
2753.932
2754.128
2754.324
2754.52
2754.849
2755.178
2755.507
2755.836
2756.165
2756.494
2756.823
2757.15
2757.417
2757.684
2757.951
2758.218
2758.485
2758.752
2759.019
2759.286
2759.55
2759.762
2759.974
2760.186
2760.398
2760.61
2760.822
2761.034
2761.246
2761.458
2761.67
2761.88
2762.37
2762.86
2763.35
2763.84
2764.33
2764.82
2765.31
2765.718
2766.126
2766.534
2766.942
2767.35
2767.76
2768.039
2768.318
2768.597
2768.876
2769.155
2769.434
2769.713
2769.991
2770.759
2771.527
2772.295
2773.063
2773.831
2774.598
2774.867
2775.136
2775.405
2775.674
2775.943
2776.212
2776.481
2776.75
2777.019
2777.286
2778.19
2778.469
2778.748
2779.027
2779.306
2779.585
2779.864
2780.143
2780.422
2780.701
2780.98
2781.259
2781.536
2782.16
2783.43
2783.788
2784.146
2784.504
2784.862
2785.22
2785.65
2786.081
2786.512
2786.942
2788.81
2789.248
2789.686
2790.124
2790.562
2791.0
2791.438
2791.876
2792.063
2792.25
2792.437
2792.624
2792.811
2792.998
2793.185
2793.372
2793.559
2793.75
2793.958
2794.166
2794.374
2794.582
2794.79
2794.998
2795.208
2795.673
2796.139
2796.605
2797.07
2797.304
2797.538
2797.772
2798.006
2798.24
2798.474
2798.708
2798.942
2799.172
2799.385
2799.599
2799.812
2800.025
2800.238
2800.451
2800.664
2800.88
2801.228
2801.576
2801.924
2802.272
2802.62
2802.968
2803.316
2803.664
2804.01
2804.319
2804.628
2804.937
2805.246
2805.555
2805.864
2806.173
2806.482
2806.791
2807.1
2807.41
2808.157
2808.905
2809.653
2810.4
2810.646
2810.892
2811.138
2811.384
2811.63
2811.876
2812.122
2812.368
2812.614
2812.86
2813.106
2813.325
2813.544
2813.763
2813.982
2814.201
2814.42
2814.639
2814.858
2815.077
2815.296
2815.515
2815.73
2816.163
2816.596
2817.029
2817.462
2817.894
2818.746
2819.598
2820.45
2821.303
2821.79
2822.277
2822.764
2823.251
2823.738
2824.225
2824.712
2825.199
2825.686
2826.173
2826.66
2827.15
2827.709
2828.268
2828.827
2829.386
2829.946
2830.191
2830.436
2830.681
2830.926
2831.171
2831.416
2831.661
2831.906
2832.151
2832.396
2832.64
2832.943
2833.246
2833.549
2833.852
2834.155
2834.458
2834.761
2835.064
2835.367
2835.67
2836.204
2836.738
2837.272
2837.806
2838.34
2838.874
2839.405
2839.845
2840.285
2840.725
2841.165
2841.605
2842.045
2842.485
2842.925
2843.365
2843.805
2844.24
2844.667
2845.094
2845.521
2845.948
2846.375
2846.669
2846.963
2847.257
2847.551
2847.845
2848.139
2848.433
2848.727
2849.021
2849.315
2849.61
2849.977
2850.344
2850.711
2851.08
2851.364
2851.648
2851.932
2852.216
2852.5
2852.784
2853.068
2853.352
2853.636
2853.92
2854.204
2854.488
2854.77
2855.124
2855.478
2855.832
2856.186
2856.54
2856.768
2856.996
2857.224
2857.452
2857.68
2857.908
2858.136
2858.364
2858.592
2858.82
2859.048
2859.28
2859.714
2860.148
2860.582
2861.016
2861.45
2861.884
2862.32
2862.625
2862.93
2863.235
2863.54
2863.845
2864.15
2864.455
2864.76
2865.065
2865.37
2865.675
2865.98
2866.28
2866.561
2866.842
2867.123
2867.404
2867.685
2867.966
2868.247
2868.528
2868.809
2869.09
2869.371
2869.656
2871.52
2871.745
2871.97
2872.195
2872.42
2872.645
2872.87
2873.095
2873.32
2873.545
2873.77
2874.05
2874.33
2874.61
2874.89
2875.17
2875.45
2875.681
2875.912
2876.143
2876.374
2876.605
2876.836
2877.067
2877.298
2877.529
2877.76
2877.99
2878.216
2878.442
2878.668
2878.894
2879.12
2879.346
2879.572
2879.798
2880.024
2880.25
2880.476
2880.702
2880.928
2881.15
2881.397
2881.644
2881.891
2882.138
2882.385
2882.632
2882.88
2883.169
2883.458
2883.747
2884.036
2884.325
2884.614
2884.903
2885.192
2885.481
2885.77
2886.06
2886.264
2886.468
2886.672
2886.876
2887.08
2887.284
2887.488
2887.692
2887.896
2888.1
2888.393
2888.686
2888.979
2889.272
2889.565
2889.858
2890.15
2890.451
2890.752
2891.053
2891.354
2891.655
2891.956
2892.257
2892.558
2892.859
2893.16
2893.46
2893.75
2894.04
2894.33
2894.62
2894.91
2895.2
2895.49
2895.78
2896.07
2896.36
2896.659
2896.958
2897.257
2897.556
2897.855
2898.154
2898.453
2898.752
2899.051
2899.35
2899.649
2899.948
2900.247
2900.546
2900.85
2901.076
2901.302
2901.528
2901.754
2901.98
2902.206
2902.432
2902.658
2902.884
2903.11
2903.336
2903.562
2903.794
2904.226
2904.658
2905.09
2905.522
2905.989
2906.456
2906.923
2907.39
2909.097
2910.804
2912.51
2913.021
2913.532
2914.043
2914.554
2915.065
2915.576
2916.087
2916.6
2917.342
2918.084
2918.827
2919.57
2919.941
2920.312
2920.683
2921.054
2921.425
2921.796
2922.167
2922.54
2922.783
2923.026
2923.269
2923.512
2923.755
2923.998
2924.241
2924.484
2924.727
2924.97
2925.216
2925.403
2925.59
2925.777
2925.964
2926.151
2926.338
2926.525
2926.712
2926.899
2927.09
2927.396
2927.702
2928.008
2928.314
2928.62
2928.926
2929.232
2929.538
2929.844
2930.15
2930.46
2930.765
2931.07
2931.375
2931.68
2931.985
2932.29
2932.595
2932.9
2933.205
2933.51
2933.908
2934.305
2934.702
2935.1
2935.497
2935.894
2936.291
2936.69
2936.889
2937.088
2937.287
2937.486
2937.685
2937.884
2938.083
2938.282
2938.48
2938.76
2939.04
2939.32
2939.6
2939.88
2940.16
2940.44
2940.701
2940.962
2941.223
2941.484
2941.745
2942.006
2942.267
2942.528
2942.79
2943.042
2943.294
2943.546
2943.798
2944.05
2944.302
2944.554
2944.806
2945.06
2945.563
2946.066
2946.569
2947.072
2947.575
2948.078
2948.581
2949.084
2949.587
2950.09
2950.59
2950.82
2951.05
2951.28
2951.51
2951.74
2951.97
2952.2
2952.43
2952.66
2953.558
2954.456
2955.354
2956.252
2957.15
2957.461
2957.772
2958.083
2958.395
2958.692
2958.989
2959.286
2959.583
2959.88
2960.177
2960.474
2960.77
2961.236
2961.702
2961.944
2962.186
2962.428
2962.67
2962.91
2963.211
2963.512
2963.813
2964.114
2964.415
2964.716
2965.017
2965.32
2965.798
2966.276
2966.754
2967.232
2967.71
2968.188
2968.666
2969.144
2969.622
2970.1
2970.578
2971.054
2971.502
2971.95
2972.398
2972.846
2973.294
2973.742
2974.19
2974.64
2974.926
2975.212
2975.498
2975.784
2976.07
2976.356
2976.642
2976.928
2977.214
2977.5
2977.767
2978.034
2978.301
2978.568
2978.835
2979.1
2979.653
2980.206
2980.759
2981.312
2981.865
2982.418
2982.971
2983.524
2984.077
2984.63
2985.183
2985.736
2986.29
2986.645
2987.0
2987.355
2987.71
2988.066
2988.295
2988.524
2988.753
2988.982
2989.211
2989.44
2989.641
2989.842
2990.043
2990.244
2990.445
2990.648
2990.934
2991.22
2991.506
2991.792
2992.078
2992.364
2992.65
2992.936
2993.222
2993.508
2993.794
2994.08
2994.321
2994.562
2994.803
2995.044
2995.285
2995.526
2995.767
2996.008
2996.25
2996.468
2996.686
2996.904
2997.123
2997.606
2998.089
2998.572
2999.055
2999.538
3000.02
3000.521
3001.022
3001.523
3002.024
3002.525
3003.026
3003.53
3004.203
3004.876
3005.55
3005.872
3006.194
3006.516
3006.838
3007.16
3007.48
3008.264
3009.048
3009.964
3010.422
3010.88
3011.34
3011.8
3012.433
3013.066
3013.7
3015.785
3020.115
3020.459
3020.803
3021.147
3021.49
3021.985
3022.48
3022.975
3023.47
3023.965
3024.46
3024.686
3024.912
3025.138
3025.364
3025.59
3025.816
3026.042
3026.268
3026.494
3027.087
3027.68
3028.273
3028.864
3029.812
3031.001
3032.19
3032.526
3032.862
3033.198
3033.534
3033.87
3034.206
3034.542
3034.878
3035.214
3035.55
3035.856
3036.162
3036.468
3036.774
3037.08
3037.384
3038.175
3038.351
3038.527
3038.703
3038.879
3039.055
3039.231
3039.938
3040.645
3041.352
3042.059
3042.766
3043.473
3044.18
3044.887
3045.592
3045.877
3046.162
3046.447
3046.732
3047.017
3047.3
3047.521
3047.742
3047.963
3048.184
3048.405
3048.626
3048.847
3049.068
3049.289
3049.508
3049.874
3050.24
3050.606
3050.972
3051.338
3051.704
3052.07
3052.436
3052.802
3053.168
3053.534
3053.9
3054.266
3054.63
3054.818
3055.006
3055.194
3055.382
3055.57
3055.758
3055.946
3056.134
3056.322
3056.51
3056.682
3056.854
3057.026
3057.198
3057.37
3057.542
3057.714
3057.884
3058.084
3058.284
3058.484
3058.684
3058.884
3059.084
3059.284
3059.484
3059.684
3059.884
3060.084
3060.284
3060.488
3060.636
3060.784
3060.932
3061.08
3061.229
3061.476
3061.723
3061.97
3062.217
3062.464
3062.711
3062.958
3063.233
3063.508
3063.783
3064.058
3064.333
3064.608
3064.883
3065.158
3065.43
3065.689
3065.948
3066.207
3066.466
3066.725
3066.984
3067.243
3067.502
3067.76
3067.999
3068.237
3068.476
3068.714
3069.38
3069.692
3070.004
3070.316
3070.629
3070.834
3071.039
3071.244
3071.449
3071.654
3071.859
3072.064
3072.269
3072.474
3072.679
3072.884
3073.089
3073.294
3073.499
3073.704
3073.911
3074.161
3074.411
3074.661
3074.911
3075.161
3075.411
3075.661
3075.91
3076.111
3076.312
3076.513
3076.714
3076.915
3077.116
3077.32
3078.567
3079.814
3081.06
3081.564
3082.068
3082.572
3083.076
3083.58
3084.084
3084.588
3085.092
3085.596
3086.1
3086.604
3087.11
3088.133
3089.155
3090.178
3091.2
3091.45
3091.7
3091.95
3092.2
3092.45
3093.28
3094.11
3094.94
3095.77
3096.735
3097.7
3098.087
3098.475
3098.863
3099.25
3099.482
3099.714
3099.946
3100.178
3100.41
3100.87
3101.33
3101.79
3102.25
3102.71
3103.918
3105.126
3106.334
3107.541
3108.749
3109.956
3111.164
3112.37
3113.05
3113.73
3114.41
3115.09
3115.77
3116.786
3117.802
3118.02
3118.238
3118.456
3118.674
3118.892
3119.11
3119.328
3119.546
3119.76
3120.648
3121.536
3122.424
3123.312
3124.2
3125.09
3125.429
3125.768
3126.107
3126.446
3126.785
3127.124
3127.463
3127.8
3128.302
3128.804
3129.306
3129.808
3130.31
3130.81
3131.128
3131.446
3131.764
3132.08
3132.85
3133.522
3134.146
3134.77
3135.394
3136.018
3136.642
3137.267
3137.531
3137.795
3138.059
3138.323
3138.587
3138.85
3139.123
3139.396
3139.669
3139.942
3140.215
3140.488
3140.761
3141.034
3141.31
3141.599
3141.888
3142.177
3142.466
3142.755
3143.044
3143.333
3143.622
3143.91
3144.331
3144.752
3145.173
3145.594
3146.015
3146.436
3146.857
3147.278
3147.699
3148.12
3148.541
3148.96
3150.062
3151.164
3152.266
3153.368
3154.47
3154.72
3154.97
3155.567
3156.164
3156.76
3157.908
3159.056
3160.204
3161.352
3162.5
3163.65
3164.878
3166.106
3167.334
3168.562
3169.79
3171.02
3171.319
3171.618
3171.917
3172.216
3172.515
3172.814
3173.113
3173.415
3173.915
3174.391
3174.867
3175.343
3175.819
3176.295
3176.77
3177.283
3177.796
3178.309
3178.822
3179.335
3179.848
3180.36
3181.31
3181.595
3181.88
3182.165
3182.45
3182.735
3183.02
3183.94
3184.86
3185.78
3186.7
3187.62
3188.54
3189.46
3190.38
3190.686
3190.992
3191.298
3191.604
3191.91
3192.414
3192.918
3193.422
3193.926
3194.43
3194.934
3195.438
3195.942
3196.45
3196.831
3197.212
3197.593
3197.974
3198.355
3198.736
3199.117
3199.498
3199.88
3200.191
3200.502
3200.813
3201.124
3201.435
3201.746
3202.057
3202.368
3202.679
3202.99
3203.301
3203.61
3204.333
3205.056
3205.779
3206.502
3207.225
3207.948
3208.466
3208.984
3209.502
3209.715
3209.928
3210.141
3210.354
3210.567
3210.78
3210.994
3211.21
3211.507
3211.804
3212.101
3212.398
3212.697
3213.239
3213.78
3214.47
3215.16
3215.351
3215.542
3215.733
3215.924
3216.115
3216.306
3216.497
3216.688
3216.879
3217.07
3217.26
3217.448
3217.635
3217.823
3218.01
3218.198
3218.385
3218.573
3218.76
3219.129
3219.498
3219.867
3220.236
3220.605
3220.974
3221.343
3221.712
3222.08
3223.585
3225.09
3225.32
3225.55
3225.78
3226.01
3226.24
3226.47
3226.7
3226.93
3227.16
3227.39
3227.62
3228.149
3228.678
3229.207
3229.736
3230.265
3230.794
3231.323
3231.852
3232.456
3233.06
3233.357
3233.654
3233.95
3235.002
3236.055
3237.108
3238.16
3239.237
3240.314
3241.391
3242.47
3243.337
3244.204
3245.071
3245.938
3246.805
3247.672
3248.539
3249.406
3250.273
3251.14
3251.57
3252.0
3252.43
3252.86
3253.29
3253.72
3254.15
3254.58
3255.01
3255.665
3256.32
3256.925
3257.53
3258.03
3258.45
3258.87
3259.29
3259.767
3260.244
3260.721
3261.198
3261.675
3262.431
3263.187
3263.943
3264.699
3265.455
3266.21
3267.43
3267.64
3267.85
3268.06
3268.27
3268.48
3268.69
3268.9
3269.11
3269.32
3269.53
3269.823
3270.116
3270.409
3270.702
3270.995
3271.288
3271.581
3271.874
3272.167
3272.46
3274.104
3274.317
3274.53
3274.743
3274.956
3275.169
3275.382
3275.595
3275.808
3276.02
3276.42
3276.82
3277.22
3277.62
3278.068
3278.516
3278.964
3279.412
3279.86
3280.308
3280.756
3281.204
3281.652
3282.1
3282.548
3283.0
3283.786
3284.572
3285.436
3286.3
3287.043
3287.785
3289.057
3290.33
3291.32
3292.31
3293.3
3293.688
3294.076
3294.464
3294.852
3295.24
3295.628
3296.016
3296.404
3296.79
3297.515
3298.24
3298.965
3299.69
3300.757
3301.825
3302.408
3302.991
3303.574
3304.157
3304.74
3306.233
3307.726
3309.219
3310.712
3312.17
3312.474
3312.778
3313.082
3313.386
3313.69
3313.994
3314.298
3314.602
3314.91
3315.372
3315.834
3316.296
3316.758
3317.22
3317.68
3317.89
3318.1
3318.31
3318.52
3318.73
3318.94
3319.15
3319.36
3319.57
3319.78
3319.99
3320.199
3320.398
3320.597
3320.796
3320.995
3321.194
3321.393
3321.592
3321.791
3321.99
3322.332
3322.674
3323.016
3323.358
3323.7
3324.04
3324.54
3324.741
3324.942
3325.143
3325.344
3325.545
3325.746
3325.947
3326.148
3326.349
3326.55
3326.748
3327.117
3327.486
3327.855
3328.224
3328.593
3328.962
3329.331
3329.7
3332.125
3334.55
3335.57
3336.591
3337.211
3337.831
3338.451
3339.071
3339.691
3340.311
3340.931
3341.55
3341.84
3342.13
3342.42
3342.71
3343.0
3343.29
3343.58
3343.87
3344.16
3344.689
3345.218
3345.747
3346.276
3346.805
3347.334
3347.863
3348.39
3349.385
3350.38
3351.375
3352.37
3353.365
3354.36
3354.794
3355.228
3355.662
3356.096
3356.53
3356.964
3357.4
3357.768
3358.136
3358.504
3358.872
3359.24
3359.61
3359.913
3360.216
3360.519
3360.822
3361.124
3361.426
3361.729
3362.03
3362.321
3362.612
3362.903
3363.194
3363.485
3363.776
3364.067
3364.36
3364.58
3364.8
3365.02
3365.24
3365.46
3365.68
3365.9
3366.12
3366.368
3366.616
3366.864
3367.112
3367.36
3367.608
3367.856
3368.104
3368.35
3368.715
3369.08
3369.445
3369.81
3370.061
3370.312
3370.563
3370.814
3371.065
3371.316
3371.567
3371.818
3372.069
3372.32
3372.651
3372.982
3373.313
3373.644
3373.975
3374.306
3374.637
3374.968
3375.295
3375.794
3376.291
3376.788
3377.285
3377.782
3378.28
3378.626
3378.972
3379.318
3379.664
3380.01
3380.356
3380.702
3381.05
3381.322
3381.594
3381.866
3382.138
3382.41
3382.682
3382.954
3383.226
3383.498
3383.77
3384.042
3384.314
3384.59
3385.175
3385.76
3386.345
3386.93
3387.555
3388.18
3388.805
3389.43
3390.055
3390.68
3391.305
3391.93
3392.559
3392.757
3392.955
3393.153
3393.35
3393.613
3393.876
3394.139
3394.402
3394.665
3394.928
3395.19
3395.449
3395.708
3395.967
3396.226
3396.485
3396.744
3397.003
3397.262
3397.521
3397.78
3398.251
3398.722
3399.193
3399.664
3400.135
3400.604
3400.989
3401.374
3401.759
3402.144
3402.529
3402.914
3403.3
3404.309
3405.318
3406.327
3407.336
3408.345
3409.354
3410.363
3411.37
3411.747
3412.124
3412.501
3412.878
3413.255
3413.63
3414.694
3415.758
3416.822
3417.886
3418.95
3420.014
3421.078
3422.14
3422.424
3422.708
3422.992
3423.276
3423.56
3423.844
3424.128
3424.412
3424.696
3424.98
3425.264
3425.548
3425.832
3426.11
3427.723
3429.336
3430.949
3432.562
3434.175
3435.788
3437.4
3437.615
3437.83
3438.045
3438.26
3438.475
3438.69
3438.905
3439.122
3439.534
3439.946
3440.358
3440.77
3441.182
3441.594
3442.008
3442.56
3443.112
3443.664
3444.216
3444.768
3445.32
3445.87
3446.67
3447.12
3447.57
3448.02
3448.47
3448.92
3449.37
3449.818
3450.274
3450.73
3451.186
3451.642
3452.098
3452.554
3453.01
3453.467
3453.883
3454.3
3455.734
3456.175
3456.616
3457.057
3457.498
3457.939
3458.38
3458.819
3459.36
3459.477
3459.594
3459.711
3459.83
3460.195
3460.56
3460.925
3461.29
3462.22
3463.15
3464.08
3465.01
3465.686
3466.362
3467.038
3467.714
3468.39
3469.066
3469.742
3470.418
3471.094
3471.77
3472.086
3472.402
3472.718
3473.034
3473.35
3473.666
3473.982
3474.298
3474.614
3474.93
3475.181
3475.432
3475.683
3475.934
3476.185
3476.436
3476.687
3476.94
3477.399
3477.858
3478.317
3478.776
3479.236
3480.733
3482.23
3484.145
3486.06
3488.06
3489.06
3490.84
3492.147
3493.4
3495.217
3497.035
3497.325
3497.615
3497.905
3498.195
3498.484
3499.03
3499.576
3500.122
3500.668
3501.212
3501.504
3501.796
3502.088
3502.38
3502.67
3503.153
3503.636
3504.119
3504.602
3505.085
3505.568
3506.051
3506.361
3506.671
3506.981
3507.291
3507.601
3507.911
3508.224
3508.8
3509.376
3509.951
3510.856
3511.761
3512.666
3513.571
3514.476
3515.76
3516.01
3516.26
3516.51
3516.76
3517.01
3517.26
3517.51
3517.812
3518.114
3518.416
3518.718
3519.02
3519.32
3519.798
3520.276
3520.754
3521.232
3521.71
3522.188
3522.666
3523.144
3523.622
3524.1
3524.407
3524.714
3525.021
3525.328
3525.635
3525.94
3526.392
3526.844
3527.296
3527.748
3528.2
3528.652
3529.104
3529.556
3530.008
3530.46
3530.912
3531.364
3531.816
3532.264
3532.626
3532.988
3533.35
3533.712
3534.074
3534.434
3535.178
3535.922
3536.666
3537.41
3538.154
3538.898
3539.64
3540.256
3540.872
3541.488
3542.104
3542.72
3543.336
3543.952
3544.57
3545.94
3547.01
3548.08
3548.404
3548.728
3549.052
3549.376
3549.702
3549.988
3550.274
3550.56
3550.846
3551.13
3552.083
3553.036
3553.99
3555.185
3556.38
3557.575
3558.77
3559.965
3561.16
3561.548
3561.936
3562.324
3562.712
3563.1
3563.49
3564.456
3565.422
3566.388
3567.354
3568.32
3569.286
3570.252
3571.218
3572.18
3572.448
3572.716
3572.984
3573.252
3573.52
3573.788
3574.059
3575.017
3575.975
3576.933
3578.139
3579.345
3580.109
3580.873
3581.637
3582.401
3583.165
3583.929
3584.69
3585.011
3585.332
3585.653
3585.974
3586.295
3586.616
3586.937
3587.26
3587.48
3587.7
3587.92
3588.14
3588.36
3588.58
3588.8
3589.02
3589.24
3589.559
3589.878
3590.197
3590.516
3590.835
3591.154
3591.47
3592.053
3592.636
3593.219
3593.801
3594.49
3595.179
3595.868
3596.557
3597.14
3597.681
3598.223
3600.6
3601.392
3602.184
3602.976
3603.768
3604.56
3604.856
3605.152
3605.448
3605.744
3606.04
3606.336
3606.632
3606.928
3607.22
3607.533
3607.846
3608.159
3608.472
3608.785
3609.098
3609.411
3609.724
3610.037
3610.35
3611.02
3611.383
3611.746
3612.109
3612.472
3612.835
3613.198
3613.561
3613.924
3614.287
3614.654
3614.896
3615.138
3615.38
3615.622
3615.864
3616.106
3616.348
3616.59
3616.832
3617.07
3617.438
3617.806
3618.174
3618.542
3618.91
3619.278
3619.633
3619.988
3620.343
3620.698
3621.053
3621.408
3621.76
3622.644
3622.889
3623.134
3623.379
3623.624
3623.869
3624.114
3624.359
3624.604
3624.849
3625.097
3625.722
3625.962
3626.202
3626.442
3626.682
3626.922
3627.162
3627.402
3627.642
3627.882
3628.122
3628.362
3628.602
3628.842
3629.082
3629.322
3629.56
3630.161
3630.762
3631.363
3631.964
3632.565
3633.166
3633.77
3633.953
3634.136
3634.319
3634.502
3634.685
3634.868
3635.051
3635.234
3635.417
3635.6
3635.783
3635.967
3636.661
3637.355
3638.049
3638.743
3639.437
3640.131
3640.826
3641.11
3641.394
3641.678
3641.962
3642.246
3642.53
3642.814
3643.098
3643.382
3643.666
3643.95
3644.23
3644.53
3644.83
3645.13
3645.43
3645.729
3646.028
3646.327
3646.626
3646.813
3647.0
3647.187
3647.374
3647.561
3647.75
3647.963
3648.176
3648.389
3648.602
3648.815
3649.028
3649.241
3649.454
3649.667
3649.88
3650.119
3650.358
3650.597
3650.836
3651.075
3651.314
3651.553
3651.792
3652.031
3652.27
3652.509
3652.745
3653.001
3653.257
3653.513
3653.769
3654.025
3654.281
3654.537
3654.793
3655.049
3655.305
3655.561
3655.817
3656.07
3656.457
3656.844
3657.231
3657.619
3658.006
3658.393
3658.78
3659.17
3660.01
3660.239
3660.468
3660.697
3660.926
3661.155
3661.384
3661.613
3661.842
3662.07
3662.36
3662.649
3662.938
3663.227
3663.516
3663.807
3667.229
3670.65
3671.74
3672.068
3672.396
3672.724
3673.052
3673.38
3673.708
3674.036
3674.364
3674.692
3675.02
3675.348
3675.68
3675.952
3676.224
3676.496
3676.768
3677.04
3678.74
3679.218
3679.696
3680.174
3680.652
3681.13
3681.608
3682.94
3683.296
3683.652
3684.008
3684.364
3684.72
3684.984
3685.248
3685.512
3685.776
3686.04
3686.304
3686.57
3687.378
3688.186
3688.994
3689.802
3690.61
3690.814
3691.018
3691.222
3691.426
3691.63
3692.113
3692.595
3693.077
3693.56
3694.043
3694.525
3694.979
3695.433
3695.887
3696.341
3696.795
3697.249
3697.7
3698.032
3698.364
3698.696
3699.028
3699.589
3700.15
3700.71
3701.418
3701.691
3701.964
3702.237
3702.51
3702.783
3703.056
3703.33
3703.754
3704.178
3704.602
3705.026
3705.45
3705.874
3706.295
3706.585
3706.875
3707.165
3707.455
3707.744
3707.977
3708.21
3708.443
3708.676
3708.91
3711.68
3712.512
3713.344
3714.176
3715.008
3715.84
3716.672
3717.504
3718.336
3719.168
3720.0
3720.791
3721.582
3722.373
3723.164
3723.955
3724.746
3725.54
3726.051
3726.562
3727.073
3727.584
3728.095
3728.606
3729.12
3729.487
3729.854
3730.221
3730.588
3730.955
3731.324
3731.865
3732.406
3732.947
3733.488
3734.029
3734.57
3735.111
3735.652
3736.194
3736.448
3736.702
3736.956
3737.21
3737.464
3737.718
3737.972
3738.226
3738.48
3738.734
3738.988
3739.242
3739.496
3739.75
3740.0
3740.33
3740.66
3740.99
3741.32
3741.65
3741.98
3742.31
3742.64
3742.97
3743.302
3743.776
3744.249
3744.722
3745.196
3745.669
3746.142
3746.615
3747.09
3748.97
3749.44
3749.91
3750.38
3750.615
3750.85
3751.085
3751.32
3751.555
3751.79
3752.004
3752.218
3752.432
3752.646
3752.86
3753.074
3753.29
3753.496
3753.702
3753.908
3754.114
3754.32
3754.526
3754.732
3754.938
3755.144
3755.35
3756.135
3756.92
3757.705
3758.49
3759.275
3760.06
3760.845
3761.63
3762.419
3763.385
3764.351
3765.317
3765.66
3766.003
3766.346
3766.689
3767.032
3767.375
3767.718
3768.061
3768.404
3768.747
3769.09
3769.433
3769.776
3770.114
3770.341
3770.568
3770.795
3771.022
3771.25
3771.458
3771.666
3771.874
3772.082
3772.29
3772.498
3772.706
3772.914
3773.122
3773.33
3773.54
3774.04
3774.54
3775.04
3775.54
3776.04
3776.54
3777.04
3777.54
3777.765
3777.99
3778.215
3778.44
3778.665
3778.89
3779.115
3779.34
3779.575
3779.81
3780.045
3780.28
3780.515
3780.75
3780.985
3781.22
3781.585
3781.95
3782.328
3782.706
3783.084
3783.462
3783.838
3786.68
3786.899
3787.118
3787.337
3787.556
3787.775
3787.994
3788.213
3788.43
3788.643
3788.856
3789.069
3789.282
3789.495
3789.708
3789.921
3790.134
3790.346
3790.957
3791.568
3792.179
3792.79
3794.403
3796.015
3796.5
3796.985
3797.47
3797.955
3798.44
3799.182
3799.924
3800.666
3801.408
3802.15
3802.568
3802.986
3803.404
3803.822
3804.24
3804.658
3805.076
3805.494
3805.912
3806.33
3806.75
3807.981
3809.212
3810.443
3811.674
3812.905
3814.136
3815.367
3816.598
3817.829
3819.06
3820.291
3821.522
3822.75
3824.434
3827.386
3829.846
3830.84
3831.997
3833.154
3834.311
3835.468
3836.625
3837.782
3838.939
3840.096
3841.253
3842.41
3843.567
3844.72
3845.068
3845.416
3845.764
3846.112
3846.46
3846.808
3847.156
3847.504
3847.85
3848.125
3848.4
3848.675
3848.95
3849.225
3849.5
3849.775
3850.05
3850.325
3850.6
3850.875
3851.145
3851.51
3851.875
3852.24
3852.605
3852.97
3853.236
3853.502
3853.768
3854.034
3854.3
3854.566
3854.832
3855.098
3855.364
3855.63
3855.896
3856.162
3856.428
3856.694
3856.96
3857.441
3857.922
3858.403
3858.884
3859.365
3859.846
3860.327
3860.81
3861.161
3861.512
3861.863
3862.214
3862.565
3862.916
3863.267
3863.618
3863.969
3864.32
3864.597
3864.874
3865.151
3865.428
3865.705
3865.98
3866.358
3866.736
3867.114
3867.492
3867.87
3868.248
3868.626
3869.004
3869.382
3869.76
3870.138
3870.52
3870.687
3870.854
3871.021
3871.188
3871.355
3871.524
3872.024
3872.288
3872.552
3872.816
3873.08
3873.344
3873.607
3874.365
3875.123
3875.88
3876.197
3876.514
3876.831
3877.148
3877.465
3877.78
3878.045
3878.31
3878.575
3878.84
3879.105
3879.37
3879.635
3879.9
3880.165
3880.43
3880.841
3881.252
3881.663
3882.074
3882.485
3882.896
3883.31
3883.721
3884.132
3884.543
3884.954
3885.365
3885.776
3886.19
3886.727
3887.264
3887.8
3888.724
3888.969
3889.214
3889.459
3889.704
3889.949
3890.194
3890.439
3890.682
3891.848
3893.014
3894.18
3894.973
3895.251
3895.529
3895.807
3896.085
3896.363
3896.641
3896.919
3897.197
3897.475
3897.751
3899.141
3900.53
3900.99
3901.45
3901.91
3902.37
3902.83
3903.29
3903.556
3903.822
3904.088
3904.354
3904.62
3904.886
3905.152
3905.418
3905.684
3905.95
3906.226
3906.502
3906.778
3907.054
3907.33
3907.606
3907.882
3908.16
3908.657
3909.154
3909.651
3910.148
3910.645
3911.142
3911.64
3912.085
3912.53
3912.975
3913.42
3913.865
3914.31
3914.56
3914.81
3915.06
3915.31
3915.56
3915.81
3916.06
3916.407
3916.754
3917.1
3917.508
3917.916
3918.324
3918.732
3919.14
3919.55
3919.823
3920.096
3920.369
3920.642
3920.915
3921.19
3921.472
3921.754
3922.036
3922.318
3922.6
3922.882
3923.164
3923.446
3923.728
3924.01
3924.235
3924.46
3924.685
3924.91
3925.135
3925.36
3925.585
3925.81
3926.11
3926.41
3926.71
3927.01
3927.31
3927.61
3927.91
3927.91
3927.91
3927.91
3927.91
3927.91
