21.349
21.569
21.789
22.009
22.229
22.449
22.669
22.89
23.325
23.76
24.195
24.63
25.065
25.5
25.935
26.371
26.593
26.815
27.037
27.259
27.481
27.703
27.925
28.147
28.37
28.791
29.212
29.633
30.054
30.475
30.896
31.317
31.738
32.159
32.58
33.001
33.422
33.843
34.26
34.587
34.914
35.24
35.656
36.072
36.488
36.904
37.32
37.736
38.152
38.568
38.984
39.4
39.655
39.91
40.165
40.42
40.675
40.93
41.185
41.44
41.695
41.95
42.21
42.401
42.592
42.783
42.974
43.165
43.356
43.547
43.738
43.929
44.12
44.311
44.5
44.763
45.026
45.289
45.552
45.815
46.078
46.341
46.604
46.867
47.13
47.393
47.65
47.933
48.216
48.499
48.782
49.065
49.348
49.631
49.914
50.197
50.482
50.784
51.086
51.388
51.69
52.047
52.404
52.762
53.12
53.477
53.834
54.192
54.55
54.942
55.334
55.727
56.119
56.511
56.904
57.297
57.689
58.081
58.474
58.866
59.26
59.602
59.944
60.287
60.63
60.892
61.154
61.416
61.678
61.94
62.202
62.464
62.726
62.988
63.25
63.51
63.854
64.198
64.542
64.886
65.23
65.574
65.918
66.26
66.576
66.892
67.208
67.524
67.84
68.156
68.472
68.788
69.104
69.42
69.61
69.8
69.99
70.18
70.37
70.56
70.75
70.94
71.129
71.379
71.629
71.879
72.129
72.379
72.629
72.879
73.129
73.378
73.648
73.918
74.189
74.46
74.819
75.178
75.537
75.896
76.255
76.614
76.97
77.597
78.224
78.851
79.478
80.105
80.732
81.36
81.837
82.314
82.79
83.044
83.298
83.552
83.806
84.06
84.314
84.568
84.822
85.076
85.33
85.584
85.838
86.09
86.311
86.532
86.753
86.974
87.195
87.416
87.64
87.98
88.32
88.66
89.0
89.34
89.68
90.02
90.36
90.696
91.032
91.368
91.704
92.04
92.664
93.288
93.912
94.536
95.16
95.784
96.408
97.032
97.659
97.883
98.107
98.331
98.555
98.779
99.003
99.227
99.45
99.92
100.39
100.86
101.33
101.8
102.27
102.74
102.94
103.14
103.34
103.54
103.74
103.94
104.14
104.368
104.596
104.824
105.052
105.28
105.508
105.736
105.964
106.19
106.557
106.924
107.29
107.627
107.964
108.301
108.638
108.975
109.312
109.65
110.139
110.628
111.117
111.606
112.095
112.584
113.073
113.562
114.051
114.54
115.03
115.283
115.536
115.789
116.042
116.295
116.548
116.801
117.054
117.31
117.658
118.006
118.354
118.702
119.05
119.785
120.52
120.82
121.12
121.42
121.72
122.02
122.32
122.62
122.92
123.22
123.52
123.82
124.12
124.42
124.71
125.0
125.29
125.58
125.87
126.16
126.45
126.74
126.985
127.23
127.475
127.72
127.965
128.21
128.74
130.639
131.445
132.251
133.057
133.863
134.669
135.475
136.281
137.086
137.339
137.592
137.845
138.098
138.351
138.604
138.857
139.112
139.354
139.596
139.838
140.08
140.32
141.45
141.637
141.824
142.011
142.198
142.384
142.571
142.758
142.946
143.133
143.321
143.508
143.696
143.884
144.026
144.168
144.31
144.452
144.594
144.736
144.88
145.14
145.298
145.456
145.614
145.772
145.93
147.2
148.47
149.74
151.01
159.09
167.17
175.25
175.595
175.94
176.285
176.63
176.975
177.32
177.665
178.01
178.354
178.548
178.742
178.936
179.13
179.324
179.52
180.111
180.702
181.293
181.884
182.475
183.066
183.66
183.947
184.234
184.521
184.808
185.095
185.382
185.67
186.159
186.648
187.137
187.626
188.115
188.604
189.09
189.566
190.042
190.518
190.994
191.47
191.946
192.422
192.898
193.37
194.12
194.87
195.62
196.37
196.888
197.406
197.924
198.442
198.96
199.48
199.757
200.035
200.312
200.59
200.868
201.145
201.423
201.7
203.051
204.402
205.753
207.104
208.455
209.806
211.16
211.66
211.858
212.056
212.254
212.452
212.65
213.154
213.658
214.162
214.666
215.172
217.96
218.373
218.785
219.197
219.61
219.899
220.188
220.477
220.766
221.055
223.677
227.78
228.079
228.378
228.677
228.976
229.275
229.574
229.873
230.172
230.47
230.818
231.166
231.514
231.862
232.21
233.61
234.044
234.478
234.912
235.346
235.78
236.214
236.649
236.857
237.065
237.273
237.481
237.69
240.2
240.48
240.76
241.04
241.32
241.6
241.88
242.16
242.44
242.72
243.0
243.5
244.33
244.557
244.784
245.011
245.238
245.465
245.692
245.919
246.146
246.373
246.6
247.142
247.684
248.226
248.768
249.31
249.85
250.092
250.334
250.576
250.818
251.058
251.294
251.53
251.766
252.002
252.24
252.711
253.182
253.653
254.124
254.595
255.064
255.265
255.466
255.667
255.868
256.069
256.27
256.471
256.672
256.873
257.074
257.275
257.48
257.677
257.874
258.07
258.844
259.618
260.392
261.166
261.94
262.714
263.488
264.263
265.002
265.742
266.482
267.222
267.962
268.7
269.44
269.711
269.982
270.253
270.524
270.795
271.066
271.337
271.608
271.88
272.372
272.864
273.356
273.848
274.34
274.832
275.324
275.816
276.31
276.647
276.984
277.321
277.658
277.997
278.58
278.78
278.98
279.18
279.38
279.579
280.113
280.647
281.18
282.038
282.896
283.754
284.612
285.47
286.328
287.186
288.044
288.902
289.758
290.548
291.338
292.128
292.917
293.5
293.738
293.976
294.214
294.452
294.69
294.93
295.25
295.5
295.75
296.0
296.25
296.5
296.75
297.057
297.364
297.671
297.978
298.285
298.592
298.899
299.206
299.51
300.072
300.634
301.196
301.758
302.32
302.88
303.081
303.282
303.483
303.684
303.885
304.084
305.072
306.06
307.048
308.036
309.024
310.012
311.0
311.984
312.446
312.908
313.37
313.832
314.294
314.756
315.218
315.68
316.142
316.604
317.066
317.524
318.034
318.544
319.054
319.564
320.23
320.503
320.776
321.049
321.322
321.595
321.868
322.141
322.414
322.688
323.456
324.224
324.992
325.361
325.73
326.099
326.468
326.837
327.206
327.575
327.944
328.313
328.684
329.35
329.566
329.782
329.998
330.214
330.43
330.646
330.86
331.052
331.244
331.436
331.628
331.818
332.231
332.644
333.057
333.47
333.884
334.785
335.41
336.02
337.465
338.91
340.354
343.14
343.497
343.854
344.211
344.568
344.925
345.282
345.639
345.996
346.35
346.818
347.286
347.754
348.222
348.691
348.866
349.041
349.216
349.391
349.566
349.741
349.916
350.091
350.266
350.44
350.78
351.12
351.46
351.8
352.14
352.481
352.693
352.905
353.117
353.329
353.541
353.753
353.965
354.177
354.39
354.618
354.846
355.074
355.302
355.53
355.758
355.986
356.214
356.442
356.67
356.898
357.126
357.36
357.713
358.066
358.42
358.761
359.102
359.443
359.784
360.125
360.466
360.807
361.15
361.617
362.084
362.551
363.018
363.485
363.95
364.17
364.39
364.61
364.83
365.05
365.27
365.49
366.138
366.786
367.434
368.082
368.73
369.378
370.026
370.674
371.322
371.97
372.618
373.27
373.644
374.018
374.392
374.766
375.14
375.514
375.89
376.093
376.296
376.5
376.738
376.976
377.214
377.452
377.69
377.928
378.166
378.4
378.983
379.422
379.861
380.3
380.739
381.18
381.387
381.594
381.801
382.008
382.215
382.422
382.629
382.836
383.043
383.249
383.42
383.591
383.762
383.933
384.104
384.275
384.446
384.617
384.79
384.989
385.188
385.387
385.586
385.785
385.984
386.183
386.382
386.581
386.945
387.309
387.674
388.078
388.482
388.886
389.29
389.827
390.364
390.9
391.762
399.33
399.586
399.842
400.098
400.354
400.61
400.866
401.122
401.378
401.634
401.891
402.11
402.329
402.548
402.767
402.986
403.205
403.424
403.641
403.947
404.253
404.559
404.865
405.17
405.405
405.64
405.875
406.11
406.345
406.58
408.71
408.974
409.238
409.502
409.766
410.03
410.294
410.558
410.822
411.086
411.35
411.53
411.71
411.89
412.07
412.25
412.43
412.61
413.107
413.604
414.101
414.598
415.095
415.592
415.785
415.978
416.171
416.364
416.557
416.75
416.943
417.136
417.329
417.522
417.72
417.933
418.146
418.359
418.572
418.785
419.0
419.78
420.027
420.274
420.521
420.768
421.015
421.26
421.477
421.694
421.911
422.128
422.345
422.562
422.779
422.996
423.213
423.43
423.647
423.86
424.607
425.112
425.617
426.122
426.627
427.132
427.637
428.14
428.96
429.78
430.6
431.42
432.24
432.445
432.649
432.853
433.058
433.262
433.467
434.435
435.403
436.371
437.34
437.513
437.686
437.859
438.032
438.205
438.378
438.551
438.724
438.9
439.392
439.884
440.376
440.868
441.36
441.623
441.886
442.149
442.412
442.675
442.938
443.201
443.464
443.727
443.99
444.25
444.529
444.808
445.087
445.366
445.645
445.924
446.203
446.48
446.799
447.118
447.437
447.756
448.075
448.394
448.71
449.027
449.344
449.661
449.978
450.295
450.612
450.928
451.293
451.658
452.023
452.386
452.9
453.414
453.928
454.442
454.957
455.54
455.828
456.116
456.404
456.692
456.98
457.279
457.578
457.877
458.176
458.475
458.774
459.073
459.37
459.597
459.824
460.051
460.278
460.505
460.732
460.959
461.186
461.413
461.64
461.87
462.017
462.164
462.311
462.458
462.605
462.752
462.899
463.046
463.19
464.13
465.07
465.376
465.682
465.988
466.294
466.6
466.906
467.212
467.52
467.907
468.294
468.681
469.068
469.455
469.842
470.229
470.616
471.003
471.391
471.89
472.468
473.046
473.624
474.202
474.78
475.13
475.48
477.59
477.926
478.262
478.598
478.934
479.27
479.606
479.942
480.278
480.614
480.952
481.431
481.91
482.3
482.69
489.26
489.514
489.768
490.022
490.276
490.53
490.784
491.038
491.29
494.23
495.42
495.816
496.212
496.608
497.004
497.4
497.931
498.462
498.993
499.524
500.055
500.585
503.42
504.093
504.766
505.44
505.743
506.046
506.35
506.697
507.044
507.391
507.74
508.705
509.67
510.635
511.6
512.565
513.53
514.073
514.616
515.073
515.53
516.382
517.522
518.662
519.802
520.942
522.08
522.394
522.708
523.022
523.336
523.65
523.84
524.03
524.22
524.41
524.6
524.79
524.98
525.17
525.358
525.715
526.072
526.429
526.786
527.143
527.5
527.893
528.286
528.679
529.072
529.465
529.858
530.251
530.647
531.23
532.625
533.25
533.534
533.818
534.102
534.386
534.67
534.954
535.238
535.522
535.806
536.09
536.37
536.919
537.468
538.017
538.566
539.115
539.664
540.21
540.71
541.0
541.29
542.033
542.776
543.523
544.27
545.017
545.764
546.511
547.26
547.66
548.06
548.46
548.86
549.26
549.662
550.472
551.282
552.092
552.416
552.74
553.064
553.369
553.674
553.98
554.574
555.168
555.762
556.356
556.952
557.586
558.22
558.854
559.488
560.12
560.744
561.368
561.992
562.616
563.24
563.864
564.49
564.785
565.08
565.375
565.67
565.965
566.26
566.555
566.85
567.145
567.44
567.972
568.504
569.036
569.568
570.1
570.63
570.907
571.184
571.461
571.738
572.015
572.292
572.569
572.846
573.123
573.4
573.677
573.95
574.171
574.392
574.613
574.834
575.055
575.276
575.497
575.718
575.939
576.16
576.381
576.6
577.089
577.578
578.067
578.556
579.045
579.534
580.023
580.51
592.183
603.856
615.529
627.2
627.384
627.568
627.752
627.936
628.12
628.304
628.488
628.672
628.86
629.165
629.47
629.775
630.08
630.385
630.69
630.91
631.13
631.35
631.57
632.127
632.684
633.241
633.798
634.355
634.912
635.467
635.665
635.863
636.061
636.259
636.457
636.655
636.853
637.05
637.214
637.378
637.542
637.706
637.87
638.034
638.198
638.36
638.52
638.68
638.84
639.0
639.16
639.32
639.48
639.64
639.8
640.008
640.216
640.424
640.632
640.84
641.05
641.597
642.144
642.692
643.24
643.523
643.806
644.089
644.372
644.655
644.938
645.221
645.504
645.787
646.066
647.73
650.02
650.235
650.45
650.665
650.88
651.095
651.31
651.525
651.74
651.955
652.17
652.385
652.6
652.82
653.143
653.466
653.788
654.11
654.835
655.56
656.285
657.01
657.368
657.726
658.083
658.44
658.705
658.97
659.235
659.5
659.765
660.03
660.295
660.56
660.825
661.09
661.36
661.782
662.204
662.626
663.048
663.47
663.892
664.314
664.736
665.155
665.864
666.573
667.282
667.991
668.702
669.103
669.504
669.905
670.306
670.707
671.108
671.51
672.63
673.041
673.452
673.863
674.274
674.685
675.096
675.507
675.918
676.329
676.74
677.24
677.384
677.528
677.672
677.816
677.96
678.355
678.75
679.145
679.54
679.935
680.33
680.725
681.12
681.515
681.91
682.305
682.7
683.265
683.83
684.395
684.96
685.525
686.09
686.655
687.22
687.6
687.98
688.36
688.74
689.22
689.7
690.18
690.658
693.424
694.09
695.42
695.671
695.922
696.173
696.424
696.675
696.926
697.177
697.428
697.679
697.93
698.278
698.626
698.974
699.322
699.67
700.02
700.332
700.644
700.956
701.268
701.58
701.892
702.204
702.516
702.828
703.14
704.025
704.91
705.795
706.68
707.565
708.45
709.335
710.22
710.453
710.686
710.919
711.152
711.385
711.618
711.851
712.084
712.317
712.55
712.95
713.35
713.75
714.15
714.55
714.882
715.214
715.546
715.878
716.21
716.54
717.345
718.15
719.24
720.33
720.751
721.172
721.593
722.014
722.435
722.856
723.277
723.698
724.119
724.54
724.96
725.485
726.01
726.535
727.06
727.42
727.78
728.14
728.5
728.86
729.22
729.58
729.94
730.3
730.66
731.02
731.38
731.74
732.095
732.276
732.457
732.638
732.819
733.0
733.18
733.395
733.61
733.825
734.04
734.255
734.47
734.665
734.86
735.055
735.25
735.445
735.64
735.835
736.03
736.225
736.42
736.62
736.949
737.278
737.607
737.936
738.265
738.594
738.923
739.249
740.159
741.069
741.979
742.889
743.799
744.709
745.62
746.718
747.816
748.914
750.012
751.11
752.208
753.303
756.17
757.19
757.967
758.744
759.52
760.546
761.536
762.526
763.516
764.506
765.422
771.346
777.27
777.683
778.096
778.51
787.01
788.26
789.51
790.233
790.956
791.68
793.682
798.17
798.558
798.946
799.334
799.722
800.11
800.5
800.95
801.4
801.85
802.3
802.75
803.2
803.65
804.1
804.55
806.36
807.807
808.39
810.465
812.54
813.85
815.895
817.94
819.985
822.03
823.44
824.089
824.738
825.386
825.822
826.257
826.92
827.583
828.246
828.909
829.572
830.235
830.9
831.16
831.42
831.68
831.94
832.2
832.46
836.556
840.652
844.748
844.999
845.25
845.64
850.24
850.813
851.386
851.959
852.532
853.105
853.676
853.921
854.166
854.411
854.654
854.852
855.05
855.248
855.445
855.835
856.225
856.457
856.689
856.921
857.153
857.385
857.617
857.85
858.049
858.248
858.447
858.646
858.845
859.044
859.243
859.442
859.641
859.917
860.193
860.469
860.745
861.021
861.297
861.57
862.8
864.249
865.698
867.147
868.596
870.047
873.69
874.047
874.404
874.76
875.176
875.592
876.008
876.424
876.84
878.166
878.634
879.102
879.57
880.325
880.885
881.445
882.005
882.565
883.126
883.678
884.23
884.782
885.334
885.667
886.0
886.479
886.958
887.437
887.592
887.747
887.902
888.057
888.21
888.853
889.496
890.14
890.739
891.338
891.937
892.52
892.694
892.868
893.042
893.216
893.39
893.889
894.97
895.554
896.138
896.722
897.306
897.89
898.476
899.157
899.838
900.519
901.2
901.45
901.7
901.95
902.3
902.65
903.457
904.04
905.792
912.99
913.458
913.926
914.394
914.862
915.33
915.797
916.061
916.325
916.589
916.853
917.117
917.38
918.025
918.67
919.315
919.96
920.605
921.25
921.488
921.726
921.964
922.202
922.44
922.678
922.916
923.154
923.392
923.63
923.868
924.106
924.339
925.287
926.235
927.183
928.13
928.366
928.602
928.838
929.074
929.31
929.546
929.782
930.018
930.254
930.49
930.73
930.976
931.222
931.468
931.714
931.96
932.206
932.45
933.289
934.128
934.967
935.806
936.645
937.484
938.32
938.598
938.875
939.153
939.431
939.709
939.986
940.264
940.542
940.82
941.098
941.375
941.65
942.728
943.806
944.885
945.964
946.359
946.754
947.149
947.544
947.94
948.464
948.988
949.512
950.036
950.56
951.084
951.608
952.132
952.656
953.18
953.701
954.2
954.78
955.36
956.026
957.691
959.356
961.02
962.865
964.71
965.084
965.458
965.832
966.206
966.58
966.954
967.33
968.19
969.05
969.91
970.77
971.63
972.49
973.35
974.21
974.663
975.116
975.569
976.022
976.475
976.928
977.383
977.845
978.307
978.769
979.23
980.35
981.019
981.688
982.357
983.026
983.695
984.364
985.033
985.7
986.053
986.406
986.759
987.112
987.465
987.818
988.171
988.524
988.88
989.298
989.716
990.134
990.552
990.97
991.388
991.806
992.225
992.462
992.699
992.936
993.173
993.41
993.647
993.885
994.122
994.359
994.6
994.845
995.09
995.335
995.58
995.825
996.07
996.315
996.56
996.856
997.152
997.448
997.744
998.04
998.336
998.63
999.007
999.384
999.762
1000.139
1000.516
1000.893
1001.271
1001.65
1001.909
1002.168
1002.427
1002.686
1002.945
1003.204
1003.463
1003.725
1003.991
1004.257
1004.523
1004.789
1005.055
1005.321
1005.587
1005.85
1006.374
1006.898
1007.422
1007.946
1008.47
1008.786
1009.102
1009.418
1009.734
1010.05
1010.366
1010.68
1011.215
1011.75
1012.285
1012.907
1013.529
1014.15
1014.597
1015.044
1015.492
1016.036
1016.58
1017.125
1017.573
1018.021
1018.47
1018.637
1018.804
1018.97
1019.163
1019.356
1019.548
1019.74
1020.175
1020.61
1021.045
1021.48
1021.915
1022.35
1022.785
1023.22
1023.655
1024.09
1024.525
1024.96
1025.4
1025.681
1025.962
1026.243
1026.524
1026.805
1027.086
1027.367
1027.648
1027.929
1028.21
1028.491
1028.772
1029.053
1029.339
1029.688
1030.037
1030.386
1030.735
1031.084
1031.433
1031.782
1032.131
1032.48
1032.829
1033.18
1033.471
1033.762
1034.053
1034.344
1034.635
1034.926
1035.217
1035.508
1035.8
1036.048
1036.296
1036.544
1036.792
1037.04
1037.288
1037.536
1037.784
1038.032
1038.28
1038.846
1039.412
1039.978
1040.544
1041.11
1041.676
1042.242
1042.81
1044.109
1044.277
1044.445
1044.613
1044.781
1044.95
1045.377
1045.804
1046.23
1046.734
1047.238
1047.742
1048.246
1048.75
1049.173
1049.596
1050.019
1050.442
1050.865
1051.288
1051.711
1052.134
1052.56
1052.794
1053.028
1053.262
1053.496
1053.73
1053.964
1054.2
1054.519
1054.838
1055.157
1055.476
1055.795
1056.114
1056.433
1056.752
1057.071
1057.39
1057.709
1058.028
1058.35
1058.591
1058.832
1059.073
1059.314
1059.555
1059.796
1060.037
1060.278
1060.519
1060.76
1061.0
1062.027
1062.344
1062.661
1062.978
1063.295
1063.61
1064.327
1064.587
1064.847
1065.107
1065.367
1065.627
1065.887
1066.147
1066.41
1066.596
1066.782
1066.968
1067.154
1067.34
1067.526
1067.71
1068.03
1068.28
1068.53
1068.78
1069.03
1069.28
1069.53
1069.78
1070.031
1070.282
1070.533
1070.784
1071.035
1071.286
1071.537
1071.788
1072.039
1072.29
1072.541
1072.79
1073.012
1073.234
1073.456
1073.678
1073.9
1074.122
1074.344
1074.565
1075.19
1075.63
1076.07
1076.51
1076.95
1077.39
1077.83
1078.27
1078.709
1078.964
1079.219
1079.474
1079.729
1079.984
1080.239
1080.494
1080.75
1081.158
1081.565
1081.973
1082.38
1082.788
1083.196
1083.603
1084.01
1084.321
1084.632
1084.943
1085.254
1085.565
1085.876
1086.19
1086.472
1086.754
1087.036
1087.318
1087.6
1087.88
1088.201
1088.522
1088.843
1089.164
1089.485
1089.806
1090.127
1090.45
1090.881
1091.312
1091.743
1092.174
1092.605
1093.036
1093.467
1093.898
1094.33
1094.635
1094.94
1095.245
1095.55
1095.855
1096.16
1096.465
1096.77
1097.079
1097.299
1097.519
1097.739
1097.959
1098.179
1098.399
1098.62
1099.393
1100.166
1100.939
1101.712
1102.485
1103.258
1104.03
1104.316
1104.602
1104.888
1105.174
1105.46
1105.746
1106.032
1106.318
1106.601
1107.1
1107.59
1108.08
1108.57
1109.6
1110.35
1110.666
1110.981
1114.866
1118.751
1119.051
1119.351
1119.651
1119.951
1120.25
1120.514
1120.778
1121.042
1121.306
1121.57
1121.834
1122.1
1122.437
1122.774
1123.11
1123.329
1123.548
1123.767
1123.986
1124.205
1124.424
1124.643
1124.862
1125.081
1125.3
1125.519
1125.74
1126.124
1126.508
1126.892
1127.276
1127.66
1128.044
1128.428
1128.812
1129.2
1129.462
1129.724
1129.986
1130.248
1130.51
1130.712
1130.914
1131.116
1131.318
1131.52
1131.722
1131.924
1132.126
1132.328
1132.53
1132.732
1132.934
1133.13
1133.468
1133.806
1134.144
1134.482
1134.82
1135.16
1135.417
1135.674
1135.931
1136.188
1136.445
1136.702
1136.959
1137.216
1137.473
1138.104
1138.735
1139.366
1139.997
1140.63
1141.002
1141.374
1141.746
1142.118
1142.49
1142.862
1143.234
1143.606
1143.978
1144.35
1144.767
1145.184
1145.601
1146.018
1146.435
1146.85
1147.171
1147.492
1147.813
1148.134
1148.455
1148.776
1149.097
1149.418
1149.74
1150.513
1151.285
1152.058
1152.831
1153.603
1154.375
1155.48
1156.225
1156.97
1157.189
1157.408
1157.627
1157.845
1158.231
1158.617
1159.003
1159.389
1159.775
1160.161
1160.547
1160.933
1161.32
1162.486
1163.652
1164.818
1165.984
1167.15
1168.316
1169.482
1170.648
1171.81
1172.189
1172.568
1172.947
1173.326
1173.705
1174.084
1174.463
1174.84
1175.237
1175.634
1176.031
1176.428
1176.825
1177.222
1177.619
1178.016
1178.41
1178.759
1179.108
1179.457
1179.806
1180.155
1180.504
1180.853
1181.2
1181.4
1181.6
1181.8
1182.0
1182.2
1182.4
1182.67
1182.94
1183.21
1183.48
1183.75
1184.02
1184.357
1184.694
1185.031
1185.368
1185.705
1186.04
1186.428
1186.816
1187.204
1187.592
1187.98
1188.254
1188.528
1188.802
1189.076
1189.35
1189.624
1189.9
1190.24
1190.58
1190.92
1191.26
1191.6
1191.94
1192.604
1193.268
1193.932
1194.596
1195.26
1195.924
1196.59
1197.325
1198.06
1198.795
1199.53
1200.265
1201.0
1201.735
1202.47
1203.118
1203.766
1204.414
1205.062
1205.71
1206.36
1206.674
1206.988
1207.302
1207.616
1207.93
1208.244
1208.56
1209.309
1210.058
1210.807
1211.556
1212.305
1213.054
1213.803
1214.552
1215.3
1216.7
1217.024
1217.347
1217.67
1217.994
1218.317
1218.64
1218.964
1219.288
1221.0
1221.25
1221.5
1221.75
1222.0
1222.25
1222.5
1222.75
1223.0
1223.391
1223.782
1224.173
1224.564
1224.955
1225.346
1225.74
1226.279
1226.818
1227.357
1227.896
1228.435
1228.974
1229.513
1230.05
1230.87
1231.69
1231.949
1232.208
1232.467
1232.726
1232.985
1233.244
1233.503
1233.76
1234.041
1234.322
1234.603
1234.884
1235.165
1235.446
1235.73
1235.924
1236.118
1236.312
1236.506
1236.7
1237.029
1237.358
1237.687
1238.016
1238.345
1238.674
1239.003
1239.329
1240.589
1241.849
1243.109
1244.37
1244.665
1244.96
1245.255
1245.55
1245.845
1246.14
1246.435
1246.73
1247.025
1247.32
1247.615
1247.91
1248.176
1248.442
1248.708
1248.974
1249.239
1250.241
1251.243
1252.245
1253.247
1254.249
1255.251
1256.25
1256.731
1257.212
1257.693
1258.174
1258.655
1259.136
1259.617
1260.1
1260.38
1260.66
1260.94
1261.22
1261.5
1261.78
1262.06
1262.34
1262.62
1262.9
1263.204
1263.508
1263.812
1264.116
1264.42
1264.724
1265.028
1265.332
1265.636
1265.94
1266.24
1266.87
1267.5
1268.21
1268.92
1269.63
1270.34
1271.05
1271.76
1272.47
1272.714
1272.958
1273.202
1273.446
1273.69
1273.934
1274.178
1274.42
1275.381
1276.342
1277.303
1278.264
1279.225
1280.186
1281.147
1282.108
1283.069
1284.03
1284.379
1284.728
1285.077
1285.426
1285.775
1286.124
1286.473
1286.822
1287.171
1287.52
1287.869
1288.215
1288.742
1289.27
1289.511
1289.752
1289.993
1290.234
1290.475
1290.716
1290.96
1291.152
1291.344
1291.536
1291.728
1291.92
1292.36
1292.8
1293.24
1293.68
1294.12
1294.56
1295.179
1295.798
1296.417
1297.036
1297.655
1298.274
1298.893
1299.512
1300.131
1300.75
1301.369
1301.988
1302.607
1303.22
1304.19
1305.16
1305.398
1305.636
1305.874
1306.112
1306.35
1306.59
1306.808
1307.026
1307.244
1307.462
1307.68
1307.898
1308.116
1308.334
1308.552
1308.77
1308.988
1309.206
1309.42
1309.808
1310.196
1310.584
1310.972
1311.36
1311.548
1311.736
1311.924
1312.112
1312.3
1312.49
1313.442
1314.302
1315.161
1315.411
1315.661
1315.911
1316.161
1316.411
1316.661
1316.91
1319.02
1319.832
1324.017
1324.261
1324.505
1324.749
1324.993
1325.237
1325.481
1325.725
1326.082
1326.44
1326.69
1326.857
1327.024
1327.19
1328.037
1328.883
1329.729
1330.576
1332.99
1333.293
1333.596
1333.899
1334.202
1334.505
1334.811
1335.061
1335.31
1336.44
1337.57
1338.7
1339.83
1340.123
1340.416
1340.709
1341.002
1341.295
1341.588
1341.881
1342.174
1342.467
1342.76
1343.622
1344.485
1345.347
1346.21
1348.003
1349.796
1351.589
1353.382
1355.175
1356.97
1357.657
1358.344
1359.031
1359.718
1360.405
1361.092
1361.779
1362.466
1363.153
1363.84
1364.09
1364.34
1364.59
1364.84
1365.09
1365.34
1365.59
1365.84
1366.09
1366.423
1366.756
1367.089
1367.422
1367.755
1368.088
1368.42
1370.01
1371.6
1373.19
1374.78
1376.37
1377.96
1379.55
1381.14
1382.73
1384.32
1384.787
1385.254
1385.721
1386.188
1386.655
1387.122
1387.589
1388.056
1388.52
1389.194
1389.868
1390.542
1391.216
1391.89
1392.564
1393.238
1393.912
1394.59
1395.141
1395.692
1396.243
1396.794
1397.345
1397.896
1398.45
1398.894
1399.338
1399.782
1400.226
1400.67
1401.114
1401.558
1402.002
1402.446
1402.89
1403.334
1403.778
1404.222
1404.66
1405.12
1405.58
1406.04
1406.5
1406.96
1407.42
1407.901
1408.382
1408.863
1409.344
1409.825
1410.306
1410.784
1410.97
1411.156
1411.342
1411.528
1411.714
1411.9
1412.086
1412.272
1412.458
1412.644
1412.83
1413.016
1413.2
1413.424
1413.648
1413.872
1414.096
1414.32
1414.544
1414.768
1414.992
1415.22
1415.946
1416.672
1417.397
1417.587
1417.777
1417.967
1418.157
1418.347
1418.537
1418.73
1419.331
1419.932
1420.533
1421.135
1421.697
1422.26
1423.056
1423.852
1424.647
1425.23
1425.705
1426.18
1427.012
1427.844
1428.676
1429.508
1430.34
1430.694
1431.048
1431.402
1431.756
1432.11
1432.464
1432.818
1433.172
1433.53
1433.865
1434.2
1434.535
1434.87
1435.205
1435.54
1435.875
1436.21
1436.545
1436.88
1437.215
1437.55
1437.89
1438.39
1439.089
1439.788
1440.487
1441.186
1441.885
1442.584
1443.283
1443.98
1444.339
1444.698
1445.057
1445.416
1445.775
1446.134
1446.493
1446.852
1447.211
1447.566
1449.47
1450.898
1453.6
1454.54
1455.48
1456.42
1458.575
1461.44
1461.728
1462.016
1462.304
1462.592
1462.88
1463.17
1463.487
1463.804
1464.121
1464.438
1464.755
1465.072
1465.389
1465.706
1466.02
1466.207
1466.394
1466.581
1466.768
1466.955
1467.142
1467.329
1467.516
1467.719
1467.922
1468.125
1468.328
1468.531
1468.734
1468.937
1469.14
1469.702
1470.264
1470.826
1471.388
1471.95
1472.245
1472.54
1472.835
1473.13
1473.425
1473.72
1474.015
1474.31
1474.605
1474.9
1475.474
1476.048
1476.622
1477.196
1477.77
1478.344
1478.915
1479.415
1479.676
1479.937
1480.198
1480.459
1480.72
1480.981
1481.191
1481.401
1481.611
1481.821
1482.031
1482.241
1482.451
1482.661
1482.871
1483.081
1483.29
1483.467
1483.644
1483.821
1483.998
1484.175
1484.352
1484.529
1484.706
1484.883
1485.06
1485.237
1485.41
1485.658
1485.905
1486.152
1486.399
1486.646
1486.893
1487.14
1487.388
1487.635
1487.882
1488.13
1488.38
1489.405
1490.43
1491.45
1492.47
1493.49
1494.51
1495.53
1496.55
1497.57
1498.59
1499.873
1501.157
1501.573
1501.99
1502.328
1502.666
1503.004
1503.342
1503.68
1504.018
1504.356
1504.694
1505.032
1505.37
1505.708
1506.046
1506.39
1506.905
1507.42
1507.935
1508.45
1508.965
1509.478
1509.868
1510.258
1510.648
1511.038
1511.43
1511.984
1512.538
1513.092
1513.646
1514.2
1514.754
1515.31
1515.806
1516.302
1516.798
1517.294
1517.79
1518.296
1518.802
1519.307
1522.69
1522.972
1523.254
1523.536
1523.818
1524.1
1525.27
1525.973
1526.676
1527.38
1528.258
1529.136
1530.014
1530.891
1531.769
1532.645
1533.089
1533.533
1533.977
1534.421
1534.865
1535.308
1535.769
1536.23
1536.691
1537.152
1537.613
1538.074
1538.535
1538.996
1539.457
1539.918
1540.38
1541.44
1542.49
1543.327
1544.164
1545.0
1545.672
1546.344
1547.016
1547.688
1548.36
1549.03
1549.896
1550.762
1551.628
1552.495
1553.633
1554.771
1555.909
1557.047
1558.184
1558.855
1559.526
1560.197
1560.868
1561.537
1564.9
1565.904
1566.137
1566.37
1566.603
1566.836
1567.07
1567.352
1567.634
1567.916
1568.198
1568.48
1568.762
1569.044
1569.326
1569.608
1569.89
1570.172
1570.45
1570.976
1571.502
1572.028
1572.554
1573.08
1573.606
1574.132
1574.658
1575.184
1575.713
1576.296
1576.796
1578.22
1579.182
1580.144
1580.946
1581.748
1582.55
1582.89
1583.23
1583.57
1583.91
1584.25
1584.59
1584.93
1585.27
1585.453
1585.636
1585.819
1586.002
1586.185
1586.368
1586.551
1586.735
1586.907
1587.079
1587.251
1587.423
1587.595
1587.767
1587.939
1588.11
1588.425
1588.74
1588.893
1589.046
1589.199
1589.352
1589.505
1589.658
1589.811
1589.964
1590.117
1590.27
1590.42
1590.636
1590.852
1591.068
1591.284
1591.5
1591.716
1591.932
1592.148
1592.497
1592.846
1593.195
1593.544
1593.893
1594.242
1594.59
1594.888
1595.186
1595.484
1595.782
1596.08
1596.621
1597.62
1597.843
1598.066
1598.289
1598.512
1598.735
1598.958
1599.181
1599.404
1599.627
1599.85
1601.815
1603.78
1605.746
1607.269
1608.792
1610.315
1611.838
1613.36
1613.825
1614.29
1614.755
1615.22
1615.685
1616.15
1616.615
1617.08
1617.545
1618.01
1618.475
1618.94
1619.405
1619.87
1620.335
1620.8
1621.26
1621.513
1621.766
1622.02
1622.714
1623.408
1624.102
1624.796
1625.49
1626.321
1627.152
1627.983
1628.814
1629.645
1630.476
1631.307
1632.14
1633.17
1634.2
1635.23
1636.26
1637.29
1637.79
1638.238
1638.686
1639.134
1639.582
1640.03
1641.464
1641.769
1642.074
1642.38
1642.568
1642.756
1642.944
1643.277
1643.61
1643.915
1644.22
1644.433
1644.646
1644.86
1645.63
1645.829
1646.028
1646.227
1646.426
1646.625
1646.826
1646.923
1647.02
1647.117
1647.214
1647.31
1647.91
1648.073
1648.236
1648.4
1648.609
1648.818
1649.027
1649.236
1649.445
1649.654
1649.863
1650.072
1650.28
1650.633
1650.986
1651.339
1651.692
1652.045
1652.4
1652.802
1653.204
1653.606
1654.008
1654.41
1654.866
1655.322
1655.778
1656.234
1656.69
1657.146
1657.602
1658.06
1658.801
1659.542
1660.284
1661.844
1662.149
1662.454
1662.76
1663.32
1663.88
1664.44
1664.654
1664.868
1665.082
1665.296
1665.51
1665.724
1665.94
1666.118
1666.295
1666.473
1666.65
1666.828
1667.005
1667.183
1667.36
1667.591
1667.822
1668.053
1668.284
1668.515
1668.746
1668.977
1669.208
1669.443
1669.63
1669.818
1670.005
1670.193
1670.38
1670.568
1670.755
1670.943
1671.13
1671.318
1671.485
1671.652
1671.819
1671.986
1672.153
1672.32
1672.487
1672.654
1672.818
1673.046
1673.274
1673.502
1673.73
1673.96
1674.356
1674.752
1675.148
1675.544
1675.94
1676.336
1676.732
1677.13
1677.63
1678.178
1678.726
1679.274
1679.822
1680.37
1680.918
1681.467
1682.05
1682.284
1682.518
1682.752
1682.986
1683.22
1683.454
1683.688
1683.925
1684.137
1684.349
1684.561
1684.773
1684.985
1685.197
1685.409
1685.621
1685.83
1686.101
1686.372
1686.643
1686.914
1687.185
1687.454
1687.781
1688.108
1688.435
1688.762
1689.089
1689.416
1689.74
1690.071
1690.402
1690.733
1691.064
1691.395
1691.726
1692.057
1692.251
1692.445
1692.64
1692.882
1693.124
1693.366
1693.608
1693.851
1694.038
1694.225
1694.412
1694.599
1694.786
1694.973
1695.16
1695.35
1695.932
1696.514
1697.096
1697.678
1698.26
1698.841
1699.34
1699.494
1699.648
1699.802
1699.956
1700.11
1700.505
1700.901
1701.345
1701.789
1702.233
1702.677
1703.12
1703.589
1704.058
1704.527
1704.996
1705.465
1705.934
1706.403
1706.872
1707.341
1707.811
1708.253
1708.695
1709.137
1709.579
1710.021
1710.463
1710.905
1711.347
1711.789
1712.455
1713.371
1713.871
1714.537
1715.04
1715.17
1715.3
1715.43
1715.56
1715.69
1715.82
1716.064
1716.308
1716.552
1716.796
1717.04
1717.284
1717.528
1717.772
1718.017
1718.26
1718.503
1718.746
1718.989
1719.232
1719.475
1719.682
1719.889
1720.096
1720.305
1720.93
1722.1
1722.348
1722.596
1722.844
1723.092
1723.34
1723.547
1723.754
1723.961
1724.168
1724.375
1724.582
1724.789
1724.996
1725.203
1725.41
1725.614
1725.806
1725.998
1726.19
1726.382
1726.574
1726.766
1726.958
1727.15
1727.342
1727.53
1727.887
1728.244
1728.6
1729.172
1729.744
1730.316
1730.888
1731.46
1731.662
1731.864
1732.066
1732.268
1732.47
1732.67
1734.29
1735.91
1737.53
1739.15
1740.77
1741.019
1741.268
1741.517
1741.766
1742.015
1742.264
1742.513
1742.76
1743.345
1743.93
1744.515
1745.1
1745.686
1746.31
1746.518
1746.726
1746.934
1747.142
1747.351
1748.013
1748.675
1749.337
1750.0
1751.32
1751.5
1751.68
1751.86
1752.04
1752.81
1753.58
1754.19
1754.8
1755.41
1756.02
1756.628
1756.792
1756.956
1757.12
1757.284
1757.448
1757.612
1757.776
1757.94
1758.104
1758.268
1758.43
1759.227
1760.024
1760.821
1761.618
1762.415
1763.212
1764.009
1764.81
1765.104
1765.398
1765.692
1765.986
1766.28
1766.574
1766.868
1767.16
1767.905
1768.65
1769.395
1770.14
1770.626
1771.112
1771.598
1772.084
1772.666
1773.248
1773.83
1774.412
1774.995
1775.62
1775.876
1776.132
1776.388
1776.644
1776.9
1777.156
1777.411
1777.715
1778.019
1778.323
1778.627
1778.931
1779.235
1779.539
1779.843
1780.147
1780.451
1780.755
1781.063
1781.371
1781.679
1781.987
1782.295
1782.603
1782.91
1783.515
1784.12
1784.725
1785.329
1785.87
1786.094
1786.318
1786.542
1786.766
1787.589
1787.813
1788.037
1788.261
1788.485
1788.709
1788.933
1789.157
1789.38
1792.451
1795.522
1798.594
1799.062
1799.53
1799.998
1800.466
1800.934
1801.402
1801.87
1802.34
1802.626
1802.912
1803.198
1803.484
1803.77
1804.056
1804.342
1804.698
1805.054
1805.41
1805.766
1806.12
1806.62
1806.87
1807.12
1807.37
1807.62
1807.87
1808.01
1808.182
1808.354
1808.526
1808.698
1808.87
1809.043
1809.215
1809.39
1809.623
1809.856
1810.09
1810.327
1810.564
1810.802
1811.04
1811.35
1811.66
1811.893
1812.126
1812.359
1812.591
1812.823
1813.056
1813.289
1813.52
1813.947
1814.374
1814.801
1815.228
1815.519
1815.81
1816.101
1816.392
1816.683
1816.974
1817.265
1817.556
1817.85
1818.212
1818.574
1818.937
1819.299
1819.661
1820.024
1820.386
1820.75
1821.103
1821.456
1821.809
1822.162
1822.515
1822.868
1823.221
1823.574
1823.927
1824.276
1824.459
1824.642
1824.825
1825.008
1825.191
1825.374
1825.557
1825.74
1825.923
1826.106
1826.289
1826.472
1826.65
1826.937
1827.224
1827.511
1827.798
1828.085
1828.372
1828.66
1828.983
1829.305
1829.628
1829.95
1830.273
1830.595
1830.918
1831.24
1831.74
1831.93
1832.12
1832.31
1832.5
1832.69
1832.88
1833.073
1833.262
1833.451
1833.64
1833.83
1834.017
1834.205
1834.392
1834.58
1834.83
1835.08
1835.33
1835.58
1835.83
1836.082
1836.303
1836.524
1836.745
1836.966
1837.187
1837.408
1837.629
1837.85
1838.071
1838.29
1838.48
1838.67
1838.86
1839.05
1839.24
1839.429
1839.6
1839.771
1839.942
1840.113
1840.284
1840.455
1840.626
1840.797
1840.97
1841.387
1841.803
1842.038
1842.273
1842.508
1842.742
1842.95
1843.158
1843.366
1843.574
1843.782
1843.99
1844.2
1844.394
1844.588
1844.782
1844.976
1845.17
1845.364
1845.558
1845.752
1845.946
1846.142
1846.39
1846.638
1846.886
1847.134
1847.382
1847.63
1849.199
1849.419
1849.639
1849.859
1850.079
1850.299
1850.519
1850.74
1851.5
1852.26
1853.02
1853.78
1854.54
1855.3
1856.06
1856.82
1857.58
1858.08
1858.337
1858.594
1858.851
1859.108
1859.365
1859.621
1859.956
1860.291
1860.626
1860.961
1861.296
1861.631
1861.966
1862.302
1862.582
1862.862
1863.142
1863.422
1863.702
1863.982
1864.26
1864.8
1865.34
1865.88
1866.191
1866.502
1866.813
1867.124
1867.435
1867.746
1868.057
1868.37
1868.774
1869.178
1869.582
1869.986
1870.39
1870.794
1871.198
1871.602
1872.006
1872.41
1872.81
1873.218
1873.626
1874.034
1874.442
1874.85
1875.258
1875.666
1876.074
1876.562
1877.05
1877.92
1878.184
1878.448
1878.712
1878.976
1879.24
1879.504
1879.768
1880.032
1880.296
1880.56
1880.939
1881.318
1881.697
1882.076
1882.455
1882.834
1883.21
1883.425
1883.64
1883.855
1884.07
1884.283
1884.477
1884.671
1884.866
1885.482
1886.098
1886.714
1886.927
1887.14
1887.353
1887.566
1887.779
1887.992
1888.205
1888.418
1888.63
1888.942
1889.254
1889.566
1889.878
1890.19
1890.502
1890.814
1891.126
1891.44
1891.632
1891.824
1892.016
1892.208
1892.4
1892.592
1892.784
1892.976
1893.17
1893.433
1893.696
1893.959
1894.222
1894.485
1894.748
1895.01
1895.452
1895.894
1896.336
1896.778
1897.22
1897.662
1898.104
1898.55
1899.091
1899.632
1900.173
1900.714
1901.255
1901.796
1902.337
1902.877
1903.71
1905.58
1905.899
1906.218
1906.537
1906.856
1907.175
1907.494
1907.81
1908.216
1908.622
1909.028
1909.434
1909.84
1910.246
1910.652
1911.058
1911.464
1911.87
1912.276
1912.682
1913.088
1913.5
1913.762
1914.024
1914.286
1914.548
1914.81
1915.072
1915.334
1915.596
1915.858
1916.12
1916.38
1916.727
1917.074
1917.42
1917.65
1917.88
1918.11
1918.34
1918.57
1918.8
1919.03
1919.26
1919.49
1921.362
1923.235
1925.107
1926.98
1927.182
1927.384
1927.586
1927.788
1927.99
1928.192
1928.394
1928.596
1928.798
1929.0
1929.2
1929.699
1929.905
1930.111
1930.317
1930.523
1930.729
1930.935
1931.14
1931.607
1932.074
1932.541
1933.008
1933.475
1933.94
1934.225
1934.51
1934.795
1935.08
1935.365
1935.65
1936.312
1936.974
1937.636
1938.3
1938.551
1938.802
1939.053
1939.304
1939.555
1939.806
1940.06
1940.263
1940.466
1940.669
1940.872
1941.075
1941.28
1941.459
1941.638
1941.817
1941.996
1942.175
1942.354
1942.53
1942.938
1943.346
1943.754
1944.162
1944.57
1944.906
1945.242
1945.578
1945.914
1946.249
1946.979
1947.709
1948.439
1949.169
1949.899
1950.629
1951.359
1952.089
1952.82
1958.19
1963.56
1963.867
1964.174
1964.481
1964.788
1965.095
1965.4
1965.8
1966.2
1966.6
1967.0
1967.4
1967.8
1968.2
1968.6
1969.0
1969.4
1969.8
1981.81
1983.052
1984.294
1985.536
1986.778
1988.02
1989.262
1990.504
1991.746
1992.988
1994.23
1994.713
1995.196
1995.679
1996.162
1996.645
1997.13
1997.634
1998.138
1998.642
1999.146
1999.65
2000.154
2000.66
2001.207
2001.754
2002.301
2002.848
2003.395
2003.942
2004.489
2005.036
2005.583
2006.13
2006.677
2007.224
2007.771
2008.32
2009.085
2009.85
2010.615
2011.38
2012.145
2012.91
2013.675
2014.44
2015.205
2015.97
2016.74
2017.478
2018.216
2018.954
2019.692
2020.43
2021.178
2021.926
2022.674
2023.422
2024.17
2024.918
2025.666
2026.414
2027.162
2027.91
2028.66
2029.712
2030.764
2031.816
2032.868
2033.92
2034.4
2034.88
2035.36
2035.84
2036.32
2036.8
2037.062
2037.324
2037.586
2037.848
2038.11
2038.372
2038.634
2038.896
2039.158
2039.42
2039.682
2039.944
2040.2
2040.587
2040.974
2041.361
2041.748
2042.135
2042.522
2042.91
2043.185
2043.46
2043.735
2044.01
2044.285
2044.56
2044.835
2045.11
2045.385
2045.66
2046.207
2046.754
2047.3
2047.632
2047.964
2048.296
2048.628
2048.96
2049.292
2049.624
2049.956
2050.288
2050.62
2050.952
2051.282
2051.779
2052.276
2052.773
2053.27
2053.767
2054.264
2054.76
2055.093
2055.426
2055.759
2056.092
2056.425
2056.758
2057.091
2057.424
2057.757
2058.09
2058.441
2058.792
2059.143
2059.494
2059.845
2060.196
2060.547
2060.9
2061.264
2061.628
2061.992
2062.356
2062.72
2063.084
2063.448
2063.812
2064.176
2064.54
2064.904
2065.27
2065.499
2065.728
2065.957
2066.186
2066.415
2066.644
2066.873
2067.102
2067.331
2067.56
2068.237
2068.914
2069.591
2070.268
2070.945
2071.622
2072.3
2072.81
2073.32
2073.83
2074.339
2074.547
2074.755
2074.963
2075.171
2075.379
2075.587
2075.795
2076.003
2076.211
2076.419
2076.63
2076.971
2077.312
2077.653
2077.994
2078.335
2078.676
2079.017
2079.36
2079.744
2080.128
2080.512
2080.896
2081.28
2081.664
2082.05
2082.397
2082.744
2083.091
2083.438
2083.785
2084.13
2084.438
2084.746
2085.054
2085.362
2085.67
2085.978
2086.286
2086.594
2086.83
2087.066
2087.302
2087.538
2087.774
2088.01
2088.565
2089.12
2089.675
2090.23
2090.785
2091.34
2091.528
2091.716
2091.904
2092.092
2092.28
2092.468
2092.656
2092.844
2093.032
2093.22
2093.408
2093.6
2094.052
2094.504
2094.956
2095.408
2095.86
2096.31
2096.613
2096.916
2097.219
2097.522
2097.825
2098.128
2098.431
2098.734
2099.037
2099.34
2099.643
2099.946
2100.25
2100.469
2100.688
2100.907
2101.126
2101.345
2101.564
2101.783
2102.002
2102.221
2102.44
2102.659
2102.878
2103.097
2103.32
2103.645
2103.97
2104.295
2104.62
2104.945
2105.27
2105.595
2105.92
2106.245
2106.57
2106.756
2106.942
2107.128
2107.314
2107.5
2107.686
2107.872
2108.058
2108.244
2108.43
2108.616
2108.802
2108.988
2109.174
2109.36
2109.546
2109.73
2110.3
2110.87
2111.44
2112.01
2112.58
2113.15
2113.597
2114.044
2114.491
2114.938
2115.385
2115.83
2116.155
2116.48
2116.805
2117.13
2117.455
2117.78
2118.105
2118.43
2118.701
2118.972
2119.243
2119.514
2119.785
2120.056
2120.33
2120.712
2121.094
2121.476
2121.858
2122.24
2122.56
2122.88
2123.2
2123.52
2123.875
2124.23
2124.585
2124.94
2125.295
2125.65
2126.007
2126.215
2126.423
2126.631
2126.839
2127.047
2127.255
2127.465
2128.046
2128.627
2129.208
2129.79
2129.997
2130.204
2130.412
2130.619
2130.827
2131.035
2131.242
2131.45
2131.911
2132.372
2132.833
2133.294
2133.755
2134.216
2134.677
2135.138
2135.599
2136.06
2136.522
2136.851
2137.18
2137.509
2137.838
2138.167
2138.494
2138.776
2139.058
2139.34
2139.622
2139.904
2140.186
2140.47
2140.9
2141.33
2141.76
2142.19
2142.62
2143.27
2143.92
2144.57
2145.22
2145.532
2145.844
2146.156
2146.468
2146.78
2147.092
2147.404
2147.716
2148.028
2148.34
2148.652
2148.964
2149.28
2149.78
2150.815
2151.85
2152.257
2152.664
2153.071
2153.478
2153.885
2154.292
2154.7
2154.937
2155.174
2155.411
2155.648
2155.885
2156.122
2156.359
2156.596
2156.833
2157.07
2157.547
2158.024
2158.501
2158.978
2159.455
2159.932
2160.41
2160.653
2160.896
2161.139
2161.382
2161.625
2161.868
2162.111
2162.354
2162.597
2162.84
2163.188
2163.536
2163.884
2164.232
2164.58
2164.928
2165.276
2165.624
2165.97
2166.443
2166.916
2167.389
2167.862
2168.335
2168.808
2169.281
2169.754
2170.227
2170.7
2171.17
2171.551
2171.932
2172.313
2172.694
2173.075
2173.456
2173.84
2174.174
2174.508
2174.842
2175.176
2175.51
2175.844
2176.178
2176.512
2176.846
2177.18
2177.514
2177.85
2178.35
2178.608
2178.866
2179.124
2179.382
2179.64
2180.263
2180.886
2181.509
2182.132
2182.755
2183.38
2183.597
2183.814
2184.031
2184.248
2184.465
2184.682
2184.9
2185.115
2185.33
2185.545
2185.76
2185.975
2186.19
2186.405
2186.62
2186.835
2187.05
2187.265
2187.483
2187.934
2188.385
2188.836
2189.287
2189.738
2190.189
2190.64
2191.091
2191.54
2191.87
2192.2
2192.53
2192.86
2193.19
2193.52
2193.998
2194.476
2194.954
2195.432
2195.91
2196.388
2196.866
2197.341
2197.84
2198.035
2198.23
2198.425
2198.62
2198.815
2199.01
2199.205
2199.4
2199.595
2199.79
2199.985
2200.18
2200.381
2200.859
2201.337
2201.815
2202.293
2202.77
2203.19
2203.61
2204.295
2204.98
2205.48
2205.95
2206.42
2209.71
2210.213
2210.716
2211.218
2211.72
2212.222
2212.725
2213.227
2213.73
2215.73
2218.017
2218.6
2219.24
2219.88
2220.52
2221.16
2221.8
2222.39
2223.27
2224.15
2225.03
2225.91
2226.79
2227.67
2228.55
2229.05
2229.207
2229.364
2229.521
2229.68
2233.605
2237.53
2241.455
2245.38
2245.885
2246.39
2246.895
2247.4
2247.905
2248.41
2249.533
2250.656
2251.779
2252.902
2254.025
2255.148
2256.271
2257.394
2258.52
2259.023
2259.526
2260.029
2260.532
2261.035
2261.538
2262.041
2262.544
2263.05
2263.495
2263.94
2265.52
2267.1
2268.016
2268.932
2269.848
2270.764
2271.68
2272.596
2273.509
2273.78
2274.05
2274.57
2275.09
2275.61
2276.13
2276.65
2277.17
2277.69
2278.036
2278.382
2278.728
2279.074
2279.42
2279.766
2280.112
2280.46
2281.24
2282.02
2282.8
2283.98
2285.16
2286.14
2286.252
2286.364
2286.476
2286.588
2286.7
2287.938
2289.176
2290.414
2291.652
2292.89
2294.128
2295.366
2296.604
2297.842
2299.08
2300.973
2302.866
2304.76
2305.007
2305.254
2305.501
2305.748
2305.995
2306.24
2307.64
2307.896
2308.152
2308.408
2308.664
2308.922
2309.123
2309.324
2309.525
2309.726
2309.927
2310.128
2310.329
2310.53
2310.731
2310.932
2311.13
2313.48
2314.787
2316.094
2317.4
2317.567
2317.734
2317.901
2318.068
2318.235
2318.4
2318.673
2318.946
2319.22
2321.3
2321.91
2322.264
2322.618
2322.972
2323.326
2323.68
2324.034
2324.388
2324.742
2325.1
2326.237
2327.374
2328.511
2329.648
2330.785
2331.922
2333.059
2334.2
2335.345
2336.49
2337.635
2338.78
2339.925
2341.07
2342.215
2343.36
2344.33
2344.829
2345.328
2345.827
2346.326
2346.825
2347.324
2347.823
2348.322
2348.821
2349.32
2349.819
2350.32
2350.82
2351.117
2351.414
2351.711
2352.008
2352.305
2352.602
2352.9
2353.327
2353.754
2354.181
2354.608
2355.035
2355.462
2355.889
2356.316
2356.743
2357.17
2357.6
2358.17
2358.405
2358.64
2358.875
2359.11
2359.82
2360.53
2361.24
2361.95
2362.66
2363.37
2364.08
2364.79
2365.5
2366.214
2366.45
2366.686
2366.922
2367.158
2367.394
2367.63
2368.227
2368.824
2369.421
2370.018
2370.615
2371.212
2371.81
2372.567
2373.324
2374.08
2374.482
2374.884
2375.286
2375.688
2376.09
2377.44
2378.79
2379.349
2379.908
2380.467
2381.026
2381.585
2382.144
2382.701
2382.909
2383.117
2383.325
2383.533
2383.741
2383.95
2384.38
2384.81
2385.24
2385.67
2386.1
2386.424
2386.748
2387.072
2387.396
2387.72
2388.266
2388.812
2389.358
2389.904
2390.45
2390.98
2391.51
2392.04
2392.57
2393.016
2393.462
2393.908
2394.354
2394.802
2395.135
2395.468
2395.801
2396.135
2396.624
2397.113
2397.602
2398.312
2399.02
2399.312
2399.604
2399.896
2400.188
2400.48
2400.772
2401.064
2401.356
2401.648
2401.94
2403.09
2403.276
2403.462
2403.648
2403.834
2404.02
2404.232
2404.444
2404.656
2404.868
2405.08
2405.292
2405.504
2405.716
2405.928
2406.14
2406.353
2406.707
2407.061
2407.415
2407.769
2408.123
2408.477
2408.831
2409.184
2409.424
2409.664
2409.904
2410.144
2410.383
2410.622
2410.861
2411.1
2411.263
2411.426
2411.589
2411.752
2411.915
2412.078
2412.241
2412.404
2412.57
2413.011
2413.452
2415.236
2417.02
2417.52
2418.02
2418.543
2419.066
2419.588
2420.11
2420.91
2421.133
2421.356
2421.579
2421.802
2422.025
2422.248
2422.471
2422.694
2422.917
2423.136
2423.37
2423.604
2423.838
2424.072
2424.306
2424.54
2424.774
2425.01
2425.43
2425.85
2426.27
2426.69
2427.11
2427.362
2427.614
2427.866
2428.118
2428.37
2428.622
2428.874
2429.126
2429.38
2430.808
2432.236
2433.664
2435.092
2436.52
2437.948
2439.379
2439.55
2439.721
2439.892
2440.063
2440.234
2440.405
2440.576
2440.747
2440.92
2441.343
2441.766
2442.189
2442.612
2443.035
2443.458
2443.881
2444.304
2444.73
2445.278
2445.826
2446.374
2446.922
2447.47
2448.018
2448.566
2449.114
2449.662
2450.21
2450.758
2451.31
2451.931
2452.552
2453.173
2453.794
2454.415
2455.036
2455.657
2456.28
2456.477
2456.674
2456.871
2457.068
2457.265
2457.462
2457.66
2458.197
2458.734
2459.27
2459.874
2460.478
2461.082
2461.686
2462.29
2462.894
2463.498
2464.102
2464.706
2465.31
2465.91
2466.61
2467.31
2468.01
2468.71
2469.503
2470.296
2471.088
2471.88
2472.533
2473.185
2473.837
2474.49
2474.99
2475.173
2475.356
2475.539
2475.722
2475.906
2476.164
2476.422
2476.68
2476.938
2477.196
2477.454
2477.712
2477.97
2478.485
2479.0
2479.515
2480.03
2480.545
2481.06
2481.575
2482.09
2482.605
2483.12
2483.635
2484.15
2484.744
2485.338
2485.932
2486.526
2487.12
2487.714
2488.308
2488.902
2489.496
2490.09
2490.684
2491.28
2491.861
2492.442
2493.023
2493.604
2494.185
2494.766
2495.347
2495.93
2496.642
2497.354
2498.066
2498.778
2499.49
2500.2
2500.513
2500.826
2501.14
2501.406
2501.672
2501.938
2502.204
2502.47
2502.736
2503.001
2504.391
2505.781
2507.171
2508.56
2508.977
2509.394
2509.811
2510.228
2510.645
2511.062
2511.479
2511.896
2512.31
2513.266
2514.222
2515.178
2516.134
2517.09
2517.586
2518.082
2518.578
2519.074
2519.57
2520.066
2520.562
2521.06
2521.896
2522.732
2523.568
2524.404
2525.24
2525.743
2526.246
2526.749
2527.252
2527.755
2528.258
2528.761
2529.264
2529.767
2530.27
2530.77
2531.016
2531.262
2531.508
2531.754
2532.0
2532.246
2532.492
2532.74
2533.006
2533.272
2533.538
2533.804
2534.07
2534.336
2534.602
2534.87
2535.097
2535.325
2535.552
2535.78
2535.947
2536.114
2536.281
2536.448
2536.615
2536.782
2536.949
2537.116
2537.28
2537.712
2538.144
2538.576
2539.008
2539.44
2539.872
2540.304
2540.736
2541.167
2546.77
2547.057
2547.344
2547.631
2547.918
2548.205
2548.492
2548.779
2549.066
2549.35
2549.808
2550.266
2550.724
2551.182
2551.64
2552.098
2552.556
2553.014
2553.472
2553.93
2554.388
2554.846
2555.304
2555.762
2556.22
2556.775
2557.33
2557.885
2558.44
2558.995
2559.55
2560.105
2560.66
2561.215
2561.77
2562.325
2562.875
2563.071
2563.267
2563.463
2563.659
2563.855
2564.051
2564.25
2564.489
2564.728
2564.967
2565.206
2565.445
2565.684
2565.921
2566.997
2568.073
2569.149
2570.227
2570.411
2570.595
2570.779
2570.963
2571.147
2571.331
2571.515
2571.699
2571.883
2572.067
2572.251
2572.435
2573.03
2573.625
2574.22
2574.858
2575.495
2576.132
2576.77
2577.032
2577.294
2577.556
2577.818
2578.08
2578.342
2578.604
2578.866
2579.128
2579.391
2579.585
2579.779
2579.973
2580.167
2580.361
2580.555
2580.749
2580.943
2581.14
2581.682
2582.224
2582.766
2583.308
2583.85
2584.108
2584.366
2584.624
2584.882
2585.14
2585.398
2585.656
2585.914
2586.17
2586.441
2586.712
2586.983
2587.254
2587.525
2587.796
2588.07
2588.271
2588.472
2588.673
2588.874
2589.075
2589.278
2590.576
2591.874
2593.172
2594.47
2595.77
2596.182
2596.594
2597.006
2597.418
2597.83
2598.242
2598.656
2599.128
2599.6
2600.96
2602.32
2602.551
2602.782
2603.013
2603.244
2603.475
2603.706
2603.94
2604.33
2604.72
2605.91
2606.176
2606.442
2606.708
2606.974
2607.24
2607.506
2607.77
2609.812
2611.854
2613.896
2615.94
2616.298
2616.656
2617.014
2617.372
2617.73
2618.09
2618.394
2618.698
2619.002
2619.306
2619.61
2619.914
2620.218
2620.522
2620.826
2621.13
2621.609
2622.088
2622.567
2623.046
2623.525
2624.004
2624.483
2624.962
2625.441
2625.92
2626.399
2626.882
2627.191
2627.5
2627.81
2628.102
2628.394
2628.686
2628.98
2629.35
2629.72
2630.09
2630.82
2631.55
2633.39
2633.89
2636.03
2636.5
2636.97
2637.44
2637.816
2638.192
2638.568
2638.944
2639.32
2639.683
2640.046
2640.41
2642.38
2644.35
2644.85
2645.942
2646.65
2647.098
2647.546
2647.994
2648.442
2648.89
2649.24
2649.59
2649.94
2650.222
2650.504
2650.786
2651.068
2651.35
2651.632
2651.914
2652.196
2652.478
2652.76
2653.042
2653.324
2653.606
2653.888
2654.17
2654.452
2654.73
2655.495
2656.162
2656.83
2657.51
2657.861
2658.212
2658.563
2658.914
2659.265
2659.616
2659.967
2660.32
2661.632
2662.035
2662.438
2662.84
2663.803
2664.645
2665.487
2666.07
2666.42
2666.77
2667.12
2667.47
2667.82
2668.17
2668.52
2668.87
2669.22
2670.15
2672.94
2673.385
2673.83
2674.403
2674.976
2675.549
2676.122
2676.403
2676.684
2676.965
2677.246
2677.429
2677.612
2677.795
2677.978
2678.161
2678.344
2678.527
2678.71
2678.892
2679.558
2680.6
2681.067
2681.534
2682.0
2682.717
2683.435
2684.153
2684.87
2685.12
2685.37
2685.706
2686.041
2686.54
2686.847
2687.154
2687.461
2687.768
2688.075
2688.38
2690.675
2692.97
2695.265
2697.56
2698.027
2698.494
2698.961
2699.428
2699.896
2700.976
2702.056
2703.137
2703.446
2703.755
2704.063
2704.338
2704.613
2704.888
2705.163
2705.438
2705.713
2705.988
2706.263
2706.538
2706.81
2708.74
2709.357
2709.974
2710.591
2711.208
2711.825
2712.44
2713.064
2713.688
2714.312
2714.936
2715.56
2716.397
2717.234
2718.071
2718.908
2719.745
2720.58
2720.935
2721.29
2721.645
2722.0
2722.355
2722.71
2723.065
2723.42
2723.642
2723.864
2724.086
2724.308
2724.53
2724.752
2724.974
2725.196
2725.42
2726.156
2726.892
2727.628
2728.364
2729.1
2729.836
2730.572
2731.308
2732.044
2732.78
2734.253
2735.726
2737.2
2738.515
2739.83
2741.32
2742.81
2744.3
2745.79
2746.461
2747.132
2747.803
2748.474
2749.145
2749.816
2752.367
2752.95
2753.34
2753.73
2754.334
2754.938
2755.542
2756.146
2756.752
2757.688
2758.624
2758.976
2759.328
2759.68
2760.03
2760.484
2760.938
2761.392
2761.846
2762.3
2762.754
2763.208
2763.662
2764.12
2764.392
2764.664
2764.937
2765.21
2765.436
2765.662
2765.888
2766.114
2766.34
2767.17
2768.0
2768.405
2768.81
2769.215
2769.62
2769.95
2770.28
2770.61
2770.94
2771.287
2771.634
2771.981
2772.33
2772.555
2772.78
2773.005
2773.23
2773.455
2773.68
2773.905
2774.13
2774.355
2774.58
2774.8
2776.54
2776.789
2777.038
2777.287
2777.536
2777.785
2778.034
2778.283
2778.532
2778.78
2778.989
2779.198
2779.407
2779.616
2779.825
2780.034
2780.243
2780.452
2780.661
2780.87
2781.079
2781.288
2781.5
2781.83
2782.16
2782.49
2782.82
2783.15
2783.449
2783.748
2784.047
2784.346
2784.645
2784.942
2785.155
2785.369
2785.582
2785.795
2786.008
2786.221
2786.434
2786.65
2786.944
2787.238
2787.532
2787.826
2788.12
2788.414
2788.708
2789.002
2789.3
2789.955
2790.61
2791.265
2791.92
2792.575
2793.23
2793.885
2794.54
2795.195
2795.85
2796.096
2796.342
2796.588
2796.834
2797.08
2797.326
2797.572
2797.818
2798.06
2798.396
2798.732
2799.068
2799.404
2799.74
2800.076
2800.414
2800.581
2800.748
2800.915
2801.082
2801.249
2801.416
2801.583
2801.75
2801.917
2802.084
2802.251
2802.418
2802.58
2803.08
2803.58
2804.08
2804.58
2805.08
2805.58
2806.08
2806.58
2807.388
2808.196
2809.004
2809.812
2810.62
2811.428
2812.236
2813.044
2813.852
2814.66
2815.468
2816.276
2817.084
2817.892
2818.184
2818.476
2818.767
2819.058
2819.539
2820.02
2820.603
2820.973
2821.343
2821.713
2822.082
2822.369
2822.656
2822.943
2823.23
2823.514
2823.798
2824.082
2824.367
2824.95
2825.281
2825.612
2825.943
2826.274
2826.605
2826.936
2827.267
2827.598
2827.929
2828.26
2828.591
2828.92
2829.229
2829.538
2829.847
2830.156
2830.465
2830.774
2831.083
2831.392
2831.701
2832.01
2832.32
2832.875
2833.43
2833.985
2834.54
2835.095
2835.65
2836.205
2836.76
2837.315
2837.87
2838.43
2839.554
2840.678
2841.801
2847.07
2847.402
2847.734
2848.066
2848.398
2848.732
2848.914
2849.096
2849.278
2849.46
2849.642
2849.824
2850.006
2850.19
2850.424
2850.658
2850.892
2851.126
2851.36
2851.594
2851.828
2852.06
2852.393
2852.726
2853.059
2853.392
2853.725
2854.058
2854.391
2854.724
2855.06
2855.688
2856.316
2856.944
2857.572
2858.2
2858.83
2859.131
2859.432
2859.733
2860.034
2860.335
2860.636
2860.94
2861.904
2862.543
2863.182
2863.821
2864.46
2865.099
2865.738
2866.38
2866.596
2866.812
2867.028
2867.244
2867.46
2867.676
2867.892
2868.108
2868.324
2868.54
2869.153
2869.766
2870.379
2870.992
2871.605
2872.22
2874.823
2877.426
2878.905
2879.343
2879.78
2880.23
2880.68
2881.13
2881.58
2881.824
2882.068
2882.312
2882.556
2882.8
2883.044
2883.288
2883.532
2883.776
2884.02
2885.137
2886.254
2887.37
2887.548
2887.726
2887.904
2888.383
2888.862
2889.656
2890.45
2890.9
2891.35
2891.8
2892.25
2892.7
2892.927
2893.154
2893.381
2893.608
2893.835
2894.06
2894.244
2894.428
2894.612
2894.796
2894.98
2895.164
2895.348
2895.53
2895.954
2896.378
2896.802
2897.226
2897.65
2898.074
2898.5
2898.775
2899.05
2899.325
2899.6
2899.875
2900.15
2900.425
2900.7
2901.539
2902.378
2903.217
2904.056
2904.895
2905.734
2906.573
2907.412
2908.251
2909.09
2909.929
2910.769
2911.144
2911.519
2911.894
2912.269
2912.554
2912.839
2913.124
2913.409
2913.694
2913.979
2914.265
2914.555
2914.845
2915.135
2915.425
2915.715
2916.005
2916.295
2916.585
2916.875
2917.164
2917.789
2918.414
2919.04
2919.442
2919.844
2920.246
2920.648
2921.05
2921.45
2922.438
2923.426
2924.414
2925.4
2925.742
2926.084
2926.427
2926.606
2926.785
2926.964
2927.143
2927.322
2927.501
2927.68
2927.859
2928.038
2928.217
2928.396
2928.575
2928.76
2929.175
2929.59
2930.005
2930.419
2930.833
2931.247
2931.49
2931.733
2931.976
2932.219
2932.462
2932.705
2932.961
2933.217
2933.473
2933.729
2933.985
2934.241
2934.497
2934.75
2935.247
2935.744
2936.242
2936.74
2937.004
2937.268
2937.532
2937.796
2938.06
2938.324
2938.588
2938.852
2939.116
2939.38
2939.729
2940.078
2940.427
2940.776
2941.125
2941.474
2941.823
2942.172
2942.521
2942.87
2943.209
2943.548
2943.887
2944.226
2944.565
2944.904
2945.243
2945.582
2945.921
2946.26
2946.8
2947.728
2948.656
2949.584
2950.512
2951.44
2951.76
2952.08
2952.4
2952.72
2953.04
2953.36
2953.68
2954.0
2954.32
2954.64
2955.49
2956.34
2957.19
2957.413
2957.636
2957.859
2958.082
2958.305
2958.528
2958.751
2958.974
2959.197
2959.42
2959.851
2960.282
2960.713
2961.144
2961.575
2962.006
2962.44
2963.75
2964.151
2964.552
2964.953
2965.354
2965.755
2966.156
2966.557
2966.96
2967.305
2967.65
2967.995
2968.34
2968.685
2969.03
2969.375
2969.72
2970.065
2970.41
2970.76
2971.159
2971.558
2971.957
2972.356
2972.755
2973.154
2973.553
2973.952
2974.351
2974.75
2975.151
2976.001
2976.851
2977.701
2978.551
2979.4
2979.703
2980.006
2980.309
2980.612
2980.915
2981.22
2983.2
2983.974
2984.748
2985.522
2986.296
2987.07
2987.844
2988.618
2989.392
2990.164
2990.496
2990.828
2991.16
2994.54
2995.198
2995.856
2996.514
2997.172
2997.83
2998.49
2998.81
2999.13
2999.45
2999.77
3000.09
3000.41
3000.728
3001.046
3001.364
3001.682
3002.0
3002.318
3002.636
3002.954
3003.272
3003.59
3003.912
3004.266
3004.62
3004.886
3005.152
3005.418
3005.684
3005.95
3006.08
3006.21
3006.474
3006.738
3007.001
3007.92
3008.85
3009.78
3012.063
3014.346
3016.63
3017.5
3017.808
3018.116
3018.424
3018.732
3019.04
3019.349
3019.552
3019.755
3019.958
3020.161
3020.364
3020.567
3020.77
3020.973
3021.176
3021.375
3022.0
3022.599
3023.198
3023.797
3024.396
3024.995
3025.594
3026.193
3026.792
3027.391
3027.99
3028.59
3029.286
3029.982
3030.678
3031.374
3032.07
3032.766
3033.462
3034.158
3034.85
3035.249
3035.648
3036.048
3036.447
3036.847
3037.247
3037.483
3037.719
3037.955
3038.191
3038.427
3038.663
3038.899
3039.135
3039.371
3039.753
3040.135
3040.517
3040.899
3041.281
3041.531
3041.781
3042.031
3042.281
3042.531
3042.781
3043.031
3043.28
3043.676
3044.072
3044.468
3044.864
3045.26
3045.656
3046.052
3046.45
3046.708
3046.967
3047.55
3047.763
3047.976
3048.189
3048.401
3048.613
3048.825
3049.037
3049.249
3049.461
3049.675
3050.099
3050.523
3050.947
3051.37
3051.793
3052.216
3052.639
3053.062
3053.485
3053.91
3054.182
3054.454
3054.727
3055.0
3055.205
3055.41
3055.615
3055.82
3056.125
3056.43
3056.735
3057.04
3057.345
3057.65
3057.955
3058.26
3058.567
3059.108
3061.568
3061.861
3062.154
3062.447
3062.74
3063.033
3063.326
3063.619
3063.912
3064.205
3064.498
3064.79
3065.195
3065.6
3066.005
3066.41
3066.815
3067.22
3067.625
3068.03
3068.398
3068.765
3069.132
3069.499
3069.866
3070.233
3070.601
3070.97
3071.175
3071.38
3071.585
3071.79
3072.26
3072.73
3073.07
3073.41
3073.75
3074.09
3074.432
3074.614
3074.796
3074.978
3075.16
3075.342
3075.524
3075.706
3075.89
3076.368
3076.846
3077.324
3077.802
3078.28
3078.468
3078.655
3078.843
3079.03
3080.025
3081.02
3081.222
3081.424
3081.626
3081.828
3082.03
3082.232
3082.434
3082.636
3082.84
3085.4
3087.96
3089.723
3091.486
3093.249
3095.011
3095.51
3096.574
3097.638
3098.701
3099.2
3099.45
3099.7
3099.95
3100.2
3100.45
3100.7
3100.95
3101.2
3101.45
3101.699
3102.069
3102.439
3102.809
3103.179
3103.55
3103.957
3104.364
3104.771
3105.178
3105.585
3105.992
3106.399
3106.81
3107.152
3107.494
3107.836
3108.178
3108.52
3108.862
3109.204
3109.546
3109.89
3110.315
3110.74
3111.165
3111.59
3112.015
3112.44
3112.865
3113.29
3113.807
3114.324
3114.841
3115.358
3115.876
3116.394
3116.911
3117.43
3117.918
3118.406
3118.894
3119.381
3119.869
3120.357
3120.845
3121.33
3121.785
3122.24
3122.695
3123.152
3123.42
3123.688
3123.956
3124.224
3124.49
3124.927
3125.364
3125.725
3126.086
3126.447
3126.808
3127.169
3127.53
3127.891
3128.252
3128.614
3129.28
3129.53
3129.78
3130.03
3130.28
3130.53
3130.78
3131.03
3131.28
3131.53
3131.78
3132.146
3132.512
3132.878
3133.244
3133.61
3133.976
3134.342
3134.708
3135.07
3135.354
3135.638
3135.922
3136.206
3136.49
3136.774
3137.058
3137.345
3137.623
3137.901
3138.179
3138.457
3138.735
3139.013
3139.291
3139.57
3140.231
3140.892
3141.553
3142.214
3142.875
3143.536
3144.197
3144.858
3145.519
3146.18
3146.734
3147.288
3147.842
3148.396
3148.95
3149.504
3150.058
3150.612
3151.166
3151.72
3152.27
3152.462
3152.654
3152.846
3153.038
3153.23
3153.422
3153.614
3153.806
3153.998
3154.191
3155.148
3156.105
3157.062
3158.019
3158.976
3159.933
3160.89
3161.85
3162.81
3163.063
3163.316
3163.569
3163.822
3164.075
3164.328
3164.581
3164.834
3165.087
3165.34
3165.593
3165.85
