21.587
21.904
22.221
22.538
22.855
23.17
23.827
24.484
25.141
25.798
26.455
26.83
27.205
27.58
27.955
28.507
29.059
29.611
30.163
30.715
31.267
31.82
32.104
32.388
32.672
32.956
33.24
33.823
34.68
34.875
35.07
35.265
35.46
35.655
35.85
36.045
36.24
36.482
36.724
36.966
37.208
37.448
37.993
38.538
39.083
39.628
40.173
40.718
41.263
41.81
42.263
42.715
43.168
43.62
44.072
44.525
44.977
45.429
45.882
46.334
46.787
47.24
48.703
50.166
51.628
53.09
53.394
53.698
54.002
54.306
54.61
54.914
55.218
55.52
55.981
56.442
56.903
57.364
57.825
58.286
58.747
59.208
59.669
60.13
60.59
60.928
61.265
61.602
61.939
62.276
62.614
62.951
63.288
63.625
63.962
64.3
64.64
64.884
65.128
65.372
65.616
65.86
66.103
66.385
66.667
66.95
68.38
69.005
69.63
70.255
70.88
71.505
72.13
72.755
73.38
74.005
74.63
75.255
75.88
76.51
76.726
76.942
77.158
77.374
77.59
77.806
78.022
78.238
78.454
78.67
78.886
79.1
79.408
79.716
80.024
80.332
80.64
80.925
81.21
81.495
81.78
82.065
82.35
82.635
82.92
83.205
83.49
83.78
84.587
85.394
86.201
87.008
87.815
88.622
88.823
89.024
89.225
89.426
89.627
89.83
89.997
90.164
90.331
90.498
90.665
90.832
90.999
91.166
91.33
91.63
91.93
92.23
92.53
92.83
93.13
93.43
93.73
94.108
94.486
94.864
95.242
95.62
95.998
96.376
96.754
97.132
97.51
97.89
98.475
99.06
99.645
100.232
100.551
100.87
101.19
101.546
101.902
102.258
102.614
102.97
103.376
103.782
104.188
104.594
105.0
105.404
105.561
105.718
105.875
106.032
106.189
106.346
106.503
106.66
106.82
107.027
107.234
107.441
107.648
107.855
108.062
108.269
108.476
108.683
108.89
109.097
109.3
109.525
109.75
109.975
110.2
110.425
110.65
110.875
111.1
111.762
112.424
113.087
113.75
114.067
114.384
114.701
115.018
115.335
115.652
115.967
116.328
116.689
117.05
117.425
117.8
118.175
118.55
118.925
119.3
119.603
119.906
120.209
120.512
120.815
121.12
121.342
121.564
121.786
122.008
122.23
122.452
122.674
122.896
123.118
123.34
123.56
123.794
124.028
124.262
124.496
124.73
124.964
125.195
125.388
125.581
125.774
125.967
126.16
126.353
126.546
126.739
126.932
127.125
127.32
127.875
128.43
128.984
129.178
129.372
129.566
129.76
129.954
130.15
130.578
131.006
131.434
131.862
132.29
132.498
132.706
132.914
133.122
133.33
133.538
133.746
133.954
134.135
134.315
134.495
134.675
134.856
135.036
135.216
135.397
135.577
135.757
135.938
136.12
136.306
136.492
136.678
136.864
137.05
137.236
137.422
137.608
137.794
137.98
138.161
138.343
138.525
138.707
138.889
139.071
139.255
139.484
139.713
139.942
140.171
140.4
140.63
140.921
141.212
141.503
141.794
142.085
142.376
142.667
142.958
143.249
143.54
144.018
144.496
144.974
145.452
145.93
146.408
146.886
147.364
147.842
148.317
148.546
148.775
149.004
149.233
149.462
149.691
149.92
150.15
150.514
150.878
151.242
151.606
151.97
152.334
152.698
153.062
153.426
153.79
154.154
154.518
154.88
156.06
156.717
157.374
158.031
158.688
159.345
160.002
160.66
160.903
161.146
161.389
161.632
161.875
162.118
162.36
162.584
162.808
163.032
163.256
163.48
163.704
163.928
164.152
164.38
164.647
164.914
165.181
165.448
165.715
165.982
166.249
166.516
166.783
167.05
167.32
167.741
168.162
168.583
169.004
169.425
169.846
170.267
170.688
171.109
171.53
171.95
172.648
173.346
174.044
174.742
175.44
176.138
176.836
177.534
178.232
178.93
179.13
179.33
179.53
179.73
179.93
180.13
180.33
180.53
180.73
181.123
181.516
181.909
182.302
182.695
183.09
183.542
183.994
184.446
184.898
185.35
185.802
186.254
186.706
187.158
187.61
188.062
188.51
189.843
191.175
192.508
193.84
194.285
194.73
195.58
196.43
196.794
197.158
197.522
197.886
198.25
198.614
198.978
199.342
199.706
200.07
200.434
200.8
201.505
202.21
202.915
203.62
204.325
205.03
205.735
206.44
207.145
207.85
208.555
209.26
209.96
210.239
210.518
210.797
211.076
211.355
211.634
211.913
212.192
212.47
212.777
213.084
213.391
213.698
214.005
214.312
214.619
214.926
215.233
215.54
215.847
216.154
216.461
216.768
217.07
217.332
217.594
217.856
218.118
218.38
218.642
218.904
219.166
219.43
219.696
219.962
220.228
220.494
220.76
221.026
221.292
221.558
221.82
222.145
222.47
222.795
223.12
223.445
223.77
224.095
224.42
224.745
225.07
225.4
225.855
226.31
226.765
227.22
227.675
228.13
228.72
229.31
229.9
230.49
231.08
232.223
233.366
234.509
235.652
236.795
237.938
239.081
240.224
241.367
242.51
243.653
244.796
245.939
247.08
247.285
247.49
247.695
247.9
248.105
248.31
248.515
248.72
248.925
249.13
249.422
249.714
250.006
250.298
250.59
250.882
251.174
251.466
251.758
252.05
253.003
253.956
254.91
255.254
255.598
255.942
256.286
256.63
256.974
257.318
257.66
258.138
258.616
259.094
259.572
260.05
260.529
260.874
261.219
261.564
261.909
262.254
262.599
262.944
263.289
263.634
263.979
264.32
264.539
264.758
264.977
265.196
265.415
265.634
265.853
266.072
266.291
266.51
266.73
267.255
267.78
268.305
268.83
269.355
269.88
270.405
270.93
271.209
271.488
271.767
272.046
272.325
272.604
272.883
273.162
273.441
273.719
273.948
274.177
274.406
274.635
274.864
275.093
275.322
275.551
275.78
276.01
276.42
276.83
277.24
277.65
278.06
278.47
278.88
279.168
279.456
279.744
280.032
280.32
280.608
280.896
281.184
281.472
281.76
282.05
282.372
282.694
283.016
283.338
283.66
283.982
284.304
284.626
284.948
285.27
285.592
285.914
286.24
286.592
286.944
287.296
287.648
288.0
288.352
288.704
289.056
289.41
289.671
289.932
290.193
290.454
290.715
290.976
291.24
291.613
291.986
292.359
292.732
293.105
293.48
293.8
294.12
294.44
294.76
295.08
295.4
295.72
296.04
296.36
296.82
297.28
297.74
298.2
298.66
299.12
299.58
300.04
300.5
300.96
301.42
301.88
302.572
303.264
303.957
304.65
304.942
305.234
305.526
305.818
306.11
306.4
306.937
307.474
308.011
308.548
309.085
309.62
310.216
310.812
311.408
312.005
312.213
312.421
312.629
312.837
313.045
313.253
313.461
313.669
313.88
314.446
315.012
315.578
316.144
316.71
317.276
317.842
318.408
318.975
319.253
319.531
319.809
320.087
320.365
320.643
320.921
321.199
321.48
325.623
329.766
333.91
334.582
335.254
335.926
336.598
337.27
337.944
338.146
338.348
338.55
338.752
338.954
339.156
339.36
339.814
340.268
340.722
341.176
341.63
342.084
342.538
342.992
343.45
343.807
344.164
344.521
344.878
345.235
345.59
345.889
346.188
346.487
346.786
347.085
347.384
347.683
347.982
348.281
348.58
349.014
349.448
349.882
350.316
350.75
351.184
351.62
351.781
351.942
352.103
352.264
352.425
352.586
352.747
352.908
353.069
353.23
353.39
353.654
353.918
354.182
354.446
354.71
354.974
355.238
355.502
355.766
356.03
356.294
356.56
356.806
357.052
357.298
357.544
357.79
358.036
358.282
358.53
358.835
359.14
359.445
359.75
360.055
360.36
360.665
360.97
361.275
361.58
361.89
362.747
363.604
364.461
365.318
366.175
367.032
367.89
368.556
369.222
369.888
370.554
371.22
371.563
371.906
372.249
372.592
372.935
373.278
373.621
373.964
374.307
374.65
374.872
375.094
375.316
375.538
375.76
375.982
376.204
376.427
376.631
376.835
377.039
377.243
377.447
377.651
377.855
378.059
378.26
378.492
378.724
378.956
379.188
379.42
379.652
379.884
380.116
380.348
380.58
380.961
381.342
381.723
382.104
382.485
382.866
383.247
383.63
384.37
385.11
385.395
385.68
385.965
386.25
386.535
386.82
387.286
387.752
388.218
388.684
389.15
389.894
390.638
391.382
392.126
392.87
393.614
394.358
395.102
395.846
396.587
396.858
397.129
397.4
397.671
397.942
398.212
398.402
398.592
398.782
398.972
399.162
399.352
399.542
399.732
399.923
400.117
401.37
401.858
402.346
402.834
403.322
403.81
404.3
404.717
405.134
405.551
405.968
406.385
406.802
407.22
407.81
408.4
408.99
409.58
410.17
410.76
411.35
411.94
412.391
412.842
413.293
413.744
414.195
414.646
415.096
415.37
415.644
415.918
416.192
416.466
416.74
417.012
417.333
417.654
417.975
418.296
418.617
418.94
419.503
420.066
420.629
421.192
421.755
422.32
422.557
422.794
423.031
423.268
423.505
423.742
423.98
424.226
424.472
424.718
424.964
425.21
426.015
426.82
427.625
428.43
429.235
430.04
430.845
431.65
432.455
433.26
433.984
434.708
435.432
436.156
436.88
437.173
437.466
437.759
438.052
438.345
438.64
439.015
439.39
439.765
440.14
440.515
440.89
441.265
441.64
442.014
442.514
443.002
443.49
444.058
444.625
445.192
445.76
446.993
448.226
449.459
450.694
451.172
451.65
452.128
452.606
453.084
453.562
454.04
455.91
456.178
456.446
456.714
456.982
457.25
457.518
457.786
458.054
458.322
458.59
458.86
459.11
459.36
459.777
460.194
460.611
461.028
461.445
461.86
462.183
462.506
462.829
463.152
463.475
463.798
464.122
464.323
464.524
464.725
464.926
465.127
465.328
465.529
465.73
465.931
466.132
466.33
466.635
466.94
467.245
467.55
467.855
468.16
468.465
468.77
469.075
469.38
469.871
470.362
470.854
471.083
471.312
471.541
471.77
471.999
472.228
472.457
472.686
472.916
473.047
473.178
473.31
474.155
474.554
474.953
475.352
475.75
476.038
476.326
476.614
476.902
477.19
477.478
477.766
478.054
478.342
478.63
479.032
479.434
479.837
480.239
480.641
481.043
481.445
481.847
482.249
482.651
483.053
483.46
484.32
485.03
485.74
486.45
487.16
487.87
488.58
489.29
490.0
490.71
491.42
492.13
493.223
494.316
495.409
496.502
497.595
498.688
499.781
500.874
501.97
502.466
502.962
503.458
503.954
504.45
504.666
504.882
505.098
505.314
505.53
505.746
505.962
506.178
506.39
507.17
507.95
508.73
509.51
510.291
510.624
510.957
511.29
511.679
512.068
512.456
512.703
512.95
513.197
513.444
513.691
513.94
514.449
514.958
515.467
515.976
516.485
516.994
517.503
518.012
518.521
519.03
519.539
520.048
520.557
521.066
521.57
521.919
522.268
522.617
522.966
523.315
523.664
524.013
524.362
525.13
525.898
526.666
527.434
528.204
528.443
528.683
528.923
529.163
529.403
529.643
529.883
530.12
531.043
531.966
532.889
533.81
534.19
534.57
534.95
535.33
535.71
536.12
536.53
536.94
537.35
537.76
538.17
538.58
538.853
539.126
539.399
539.672
539.945
540.22
540.559
540.898
541.237
541.576
541.915
542.254
542.593
542.932
543.271
543.61
544.337
545.064
545.791
546.518
547.245
547.972
548.699
549.426
550.153
550.88
551.293
551.706
552.119
552.532
552.945
553.36
553.642
553.924
554.206
554.488
554.77
555.277
555.784
556.291
556.798
557.305
557.814
558.052
558.29
558.528
558.766
559.004
559.242
559.48
560.85
561.455
562.06
562.665
563.27
563.875
564.48
565.082
565.588
566.094
566.6
567.106
567.61
568.007
568.404
568.801
569.198
569.595
569.992
571.43
572.125
572.82
573.515
574.21
574.905
575.202
575.499
575.796
576.093
576.39
576.609
576.828
577.047
577.266
577.485
577.704
577.923
578.145
578.382
578.619
578.856
579.093
579.33
579.567
579.804
580.041
580.279
580.52
580.772
581.024
581.276
581.528
581.78
582.032
582.284
582.536
582.788
583.04
583.292
583.544
583.79
586.05
586.324
586.598
586.872
587.146
587.42
587.694
587.968
588.242
588.516
588.79
589.064
589.34
589.58
589.82
590.06
590.3
590.542
592.721
594.9
595.295
595.69
596.085
596.48
596.875
597.27
597.665
598.06
598.336
598.612
598.888
599.164
599.44
599.716
599.992
600.268
600.544
600.82
601.096
601.372
601.648
601.924
602.2
602.399
602.598
602.797
602.996
603.195
603.394
603.593
603.792
603.99
604.101
604.212
604.323
604.434
604.545
604.656
604.767
604.878
604.989
605.1
605.211
605.32
605.751
606.182
606.613
607.044
607.475
607.906
608.337
608.768
609.199
609.63
610.061
610.492
610.923
611.354
611.785
612.22
612.592
612.965
613.338
613.71
614.082
614.455
614.828
615.2
615.418
615.635
615.852
616.069
616.286
616.503
616.721
616.94
617.866
618.792
619.718
620.644
621.57
622.496
623.42
623.99
624.56
625.13
625.7
626.27
626.84
627.41
627.98
628.55
629.342
630.134
630.926
631.718
632.51
633.302
634.094
634.886
635.678
636.472
636.748
637.024
637.3
637.576
637.852
638.128
638.404
638.68
639.614
640.548
641.482
642.416
643.35
644.284
645.22
645.94
646.66
647.38
648.1
648.82
649.54
651.157
652.774
654.392
654.684
654.976
655.268
655.56
655.85
656.103
656.356
656.609
656.862
657.115
657.368
657.62
658.15
658.68
659.21
659.74
660.27
660.8
661.33
661.86
662.388
662.889
663.39
663.891
664.392
664.893
665.394
665.895
666.396
666.9
667.199
667.498
667.797
668.096
668.397
672.604
672.823
673.042
673.261
673.48
673.699
673.918
674.137
674.356
674.574
678.74
678.935
679.13
679.325
679.52
679.715
679.91
680.105
680.3
680.495
680.69
680.89
681.433
681.976
682.52
683.024
683.528
684.032
684.536
685.04
685.544
686.05
686.491
686.932
687.373
687.814
688.255
688.696
689.137
689.578
690.019
690.46
690.901
691.34
691.53
691.72
691.91
692.1
692.494
692.888
693.282
693.676
694.07
694.464
694.858
695.25
696.265
697.28
698.295
699.31
699.734
700.158
700.582
701.006
701.43
701.854
702.28
702.6
702.92
703.24
703.56
703.88
704.2
704.52
705.15
705.78
706.41
707.04
707.516
707.992
708.468
708.944
709.42
709.896
710.372
710.848
711.324
711.8
713.48
714.313
715.146
715.979
716.812
717.645
718.48
719.092
719.704
720.316
720.93
721.75
722.57
723.39
724.21
725.03
725.85
726.67
727.49
728.792
730.094
731.396
732.698
734.0
735.3
735.956
736.612
737.268
737.925
745.87
746.317
746.764
747.211
747.658
748.105
748.552
748.999
749.446
749.893
750.34
750.787
751.23
751.469
751.708
751.947
752.186
752.425
752.664
752.903
753.14
753.395
753.65
753.905
754.16
754.415
754.67
754.925
755.18
755.435
755.69
755.945
756.2
756.521
756.842
757.163
757.484
757.805
758.126
758.447
758.77
759.014
759.258
759.502
759.746
759.99
760.234
760.478
760.72
761.037
761.354
761.671
761.988
762.305
762.62
762.919
763.218
763.517
763.816
764.115
764.414
764.713
765.012
765.31
765.799
766.288
766.777
767.266
767.755
768.244
768.733
769.222
769.711
770.2
770.534
770.868
771.202
771.536
771.87
772.204
772.538
772.872
773.206
773.54
773.874
774.208
774.542
774.876
775.21
775.55
775.767
775.984
776.201
776.418
776.635
776.852
777.069
777.286
777.503
777.72
778.049
778.378
778.707
779.036
779.365
779.694
780.023
780.352
780.68
780.869
781.058
781.247
781.436
781.625
781.814
782.0
782.317
782.634
782.951
783.268
783.585
783.902
784.219
784.536
784.853
785.17
785.445
785.72
785.995
786.27
786.545
786.82
787.095
787.37
787.645
787.92
789.495
791.07
792.645
794.22
795.795
797.37
798.945
800.52
801.225
801.93
802.635
803.34
804.045
804.75
805.455
806.16
806.865
807.57
808.27
808.507
808.744
808.981
809.218
809.455
809.692
809.929
810.166
810.4
810.767
811.134
811.501
811.868
812.235
812.6
812.813
813.026
813.239
813.452
813.665
813.878
814.091
814.304
814.517
814.73
815.088
815.446
815.804
816.162
816.52
816.878
817.236
817.594
817.95
818.484
819.018
819.552
820.084
822.53
823.04
823.55
824.06
825.035
826.01
826.337
826.664
826.991
827.318
827.645
827.972
828.3
828.718
829.136
829.554
829.972
830.39
830.81
831.25
831.69
832.13
832.57
833.01
833.45
833.89
834.33
834.77
835.21
836.18
837.15
838.12
839.09
839.483
839.876
840.269
840.662
841.055
841.45
842.211
842.972
843.733
844.494
845.255
846.016
846.777
847.538
848.299
849.06
849.825
850.302
850.779
851.256
851.734
853.694
854.111
854.528
854.945
855.36
855.637
855.914
856.191
856.468
856.745
857.022
857.299
857.576
857.853
858.13
858.343
858.556
858.769
858.982
859.195
859.408
859.62
860.775
861.93
863.085
864.24
865.395
866.55
867.123
867.696
868.269
868.842
869.415
869.988
870.561
871.134
871.707
872.279
872.487
872.695
872.903
873.111
873.32
873.803
874.285
874.767
875.25
876.19
877.17
877.42
877.67
877.92
878.17
878.42
878.67
879.142
879.614
880.086
880.558
881.03
881.708
882.386
883.064
883.742
884.42
885.098
885.776
886.454
887.13
889.044
890.88
891.303
891.726
892.149
892.57
892.779
892.988
893.197
893.406
893.615
893.824
894.033
894.242
894.451
894.66
894.869
895.08
895.723
896.365
896.537
896.709
896.881
897.053
897.225
897.397
897.569
897.74
898.258
898.776
899.294
899.812
900.33
900.85
901.391
901.932
902.473
903.014
903.555
904.096
904.637
905.18
905.716
906.252
906.788
907.324
907.86
908.396
908.932
909.468
910.0
910.709
911.418
912.127
912.836
913.545
914.254
914.963
915.672
916.381
917.09
917.799
918.508
919.217
919.93
920.137
920.344
920.551
920.758
920.965
921.172
921.379
921.586
921.79
922.04
922.29
922.54
922.79
923.04
923.212
923.384
923.556
923.728
923.9
924.072
924.244
924.415
924.776
925.137
925.498
925.86
926.167
926.474
926.781
927.088
927.395
927.702
928.009
928.316
928.622
928.83
929.038
929.246
929.454
929.662
929.87
930.08
930.612
931.144
931.676
932.208
932.74
933.27
933.469
933.668
933.867
934.066
934.265
934.464
934.663
934.862
935.061
935.26
935.459
935.658
935.86
936.141
936.422
936.703
936.984
937.265
937.546
937.827
938.108
938.389
938.67
938.951
939.232
939.513
939.8
940.55
941.3
942.05
942.8
943.55
944.3
945.05
945.8
946.55
946.925
947.3
947.675
948.05
948.425
948.8
949.175
949.55
949.925
950.3
950.68
951.18
951.68
954.095
958.74
959.132
959.524
959.916
960.308
960.7
961.039
961.378
961.717
962.056
962.395
962.734
963.07
963.445
963.82
964.195
964.57
964.945
965.32
965.695
966.07
966.443
966.816
967.189
967.562
967.935
968.308
968.681
969.054
969.293
969.533
969.773
970.013
970.253
970.493
970.733
970.97
971.666
972.362
973.058
973.754
974.45
975.146
975.84
976.197
976.554
976.911
977.268
977.625
977.982
978.339
978.697
979.054
979.411
979.768
980.13
981.458
982.786
984.114
985.442
986.77
986.973
987.176
987.38
988.945
990.51
992.075
993.64
995.205
996.77
998.335
999.9
1001.465
1003.03
1004.59
1004.911
1005.232
1005.553
1005.874
1006.195
1006.516
1006.837
1007.158
1007.479
1007.8
1008.12
1008.488
1008.856
1009.224
1009.592
1009.96
1010.154
1010.348
1010.542
1010.736
1010.93
1011.124
1011.318
1011.51
1011.73
1011.95
1012.17
1012.39
1012.61
1012.83
1013.05
1013.273
1013.582
1013.891
1014.2
1014.509
1014.818
1015.125
1015.418
1015.711
1016.004
1016.297
1016.59
1016.883
1017.176
1017.469
1017.762
1018.05
1018.29
1018.53
1018.77
1019.01
1019.25
1019.49
1019.73
1019.972
1020.872
1021.772
1022.672
1023.572
1024.47
1024.691
1024.912
1025.133
1025.354
1025.575
1025.796
1026.017
1026.238
1026.459
1026.68
1026.901
1027.151
1027.401
1027.651
1027.901
1028.151
1028.401
1028.651
1028.901
1029.15
1029.505
1029.86
1030.215
1030.57
1030.925
1031.28
1031.635
1031.99
1032.345
1032.7
1033.082
1033.464
1033.846
1034.228
1034.61
1034.992
1035.374
1035.756
1036.138
1036.52
1036.902
1037.28
1037.539
1037.798
1038.057
1038.316
1038.575
1038.834
1039.093
1039.352
1039.61
1043.099
1043.768
1044.043
1044.318
1044.593
1044.868
1045.143
1045.279
1045.415
1045.551
1045.687
1045.823
1045.96
1046.17
1046.38
1046.59
1046.8
1047.01
1047.22
1047.43
1049.494
1051.558
1053.622
1053.914
1054.206
1054.498
1054.79
1055.08
1055.343
1055.606
1055.869
1056.132
1056.395
1056.658
1056.921
1057.184
1058.471
1059.758
1061.045
1062.332
1063.62
1063.832
1064.045
1064.258
1064.471
1064.684
1064.897
1065.11
1065.32
1066.94
1068.56
1070.18
1071.8
1073.42
1075.04
1076.66
1078.28
1079.9
1081.52
1081.815
1082.11
1082.405
1082.7
1082.995
1083.29
1083.585
1083.88
1084.175
1084.474
1085.007
1085.54
1086.073
1086.606
1087.139
1087.672
1088.205
1088.738
1089.271
1089.8
1092.1
1092.399
1092.698
1092.997
1093.296
1093.595
1093.894
1094.193
1094.492
1094.79
1095.151
1095.512
1095.873
1096.234
1096.595
1096.956
1097.317
1097.678
1098.039
1098.4
1099.036
1099.672
1100.308
1100.944
1101.58
1102.216
1102.852
1103.49
1103.782
1104.074
1104.366
1104.658
1104.95
1105.24
1106.033
1106.825
1107.618
1108.41
1109.203
1109.995
1110.787
1111.58
1112.372
1113.165
1113.957
1114.75
1115.035
1115.32
1115.605
1115.89
1116.175
1116.46
1116.745
1117.03
1117.237
1117.445
1117.652
1117.86
1118.067
1118.274
1118.481
1118.69
1118.979
1119.268
1119.557
1119.846
1120.135
1120.424
1120.71
1120.999
1121.288
1121.577
1121.866
1122.155
1122.444
1122.733
1123.02
1123.364
1123.708
1124.052
1124.396
1124.74
1125.084
1125.43
1126.557
1127.684
1128.811
1129.938
1131.065
1132.192
1133.319
1134.449
1134.664
1134.879
1135.094
1135.309
1135.524
1135.74
1136.813
1137.886
1138.96
1140.06
1141.16
1142.26
1143.36
1144.46
1145.56
1146.66
1147.088
1147.516
1147.944
1148.372
1148.8
1149.228
1149.656
1150.084
1150.512
1150.94
1151.368
1151.796
1152.224
1152.65
1153.138
1153.626
1154.114
1154.602
1155.09
1155.578
1156.066
1156.554
1157.041
1160.26
1160.72
1161.18
1161.64
1162.1
1162.56
1163.02
1163.48
1163.94
1164.538
1165.136
1165.734
1166.332
1166.93
1167.248
1167.566
1167.884
1168.202
1168.52
1168.838
1169.156
1169.474
1169.792
1170.11
1170.538
1170.966
1171.394
1171.822
1172.252
1172.442
1172.632
1172.822
1173.012
1173.202
1173.392
1173.582
1173.772
1173.96
1174.236
1174.512
1174.788
1175.064
1175.34
1175.869
1176.398
1176.927
1177.456
1177.985
1178.514
1179.043
1179.572
1180.101
1180.63
1180.816
1181.002
1181.188
1181.374
1181.56
1181.746
1181.932
1182.12
1182.702
1183.284
1183.866
1184.448
1185.03
1185.796
1186.562
1187.328
1188.094
1188.86
1189.626
1190.392
1191.16
1191.411
1191.662
1191.913
1192.164
1192.415
1192.666
1192.917
1193.168
1193.42
1193.647
1193.874
1194.101
1194.328
1194.555
1194.782
1195.01
1196.235
1197.46
1198.685
1199.91
1201.135
1202.36
1203.124
1203.888
1204.652
1205.416
1206.18
1206.944
1207.71
1209.228
1210.746
1212.264
1213.782
1215.3
1216.818
1218.336
1219.854
1221.37
1223.737
1226.104
1228.47
1228.853
1229.236
1229.619
1230.002
1230.385
1230.768
1231.151
1231.534
1231.917
1232.3
1232.68
1233.121
1233.562
1234.003
1234.444
1234.885
1235.326
1235.767
1236.21
1236.43
1236.65
1236.87
1237.09
1237.31
1237.53
1237.75
1237.97
1238.19
1238.41
1238.695
1238.98
1239.265
1239.55
1239.815
1240.08
1240.345
1240.61
1240.875
1241.14
1241.405
1241.67
1241.997
1242.324
1242.651
1242.978
1243.305
1243.632
1243.959
1244.286
1244.613
1244.94
1245.267
1245.594
1245.919
1246.148
1246.377
1246.606
1246.835
1247.064
1247.293
1247.522
1247.751
1247.98
1248.21
1248.37
1248.53
1248.69
1248.85
1249.01
1249.17
1249.33
1249.49
1249.65
1249.81
1249.985
1250.16
1250.335
1250.51
1250.685
1250.86
1251.035
1251.21
1251.385
1251.56
1251.73
1252.092
1252.454
1252.816
1253.178
1253.54
1254.235
1254.93
1255.625
1256.32
1257.015
1257.71
1258.405
1259.1
1259.795
1260.49
1261.185
1261.88
1262.575
1263.27
1264.164
1265.057
1265.826
1266.595
1267.364
1268.133
1268.902
1269.671
1270.44
1271.011
1271.582
1272.153
1272.724
1273.295
1273.866
1274.44
1275.175
1275.91
1276.645
1277.38
1278.115
1278.85
1279.585
1280.32
1280.689
1281.058
1281.427
1281.796
1282.165
1282.534
1282.903
1283.272
1283.641
1284.01
1284.84
1285.67
1286.5
1286.803
1287.106
1287.409
1287.71
1287.94
1288.17
1288.4
1288.63
1288.86
1289.453
1290.046
1290.639
1291.232
1291.824
1292.438
1293.052
1293.667
1293.959
1294.251
1294.543
1294.835
1295.127
1295.419
1295.711
1296.0
1296.384
1296.768
1297.152
1297.536
1297.92
1298.193
1298.466
1298.738
1299.011
1299.284
1299.557
1299.83
1300.1
1300.694
1301.288
1301.882
1302.476
1303.07
1303.664
1304.26
1304.529
1304.798
1305.067
1305.336
1305.605
1305.874
1306.143
1306.412
1306.681
1306.95
1307.22
1307.403
1307.586
1307.769
1307.952
1308.135
1308.318
1308.5
1310.398
1312.296
1314.194
1316.092
1317.99
1319.89
1320.194
1320.498
1320.802
1321.106
1321.41
1321.714
1322.018
1322.322
1322.626
1322.93
1323.582
1324.235
1324.887
1325.539
1326.191
1326.843
1327.495
1328.15
1328.636
1329.122
1329.608
1330.094
1330.58
1331.066
1331.55
1336.22
1340.89
1341.242
1341.594
1341.946
1342.298
1342.65
1343.002
1343.354
1343.706
1344.058
1344.41
1344.64
1344.87
1345.1
1345.33
1345.56
1345.79
1346.02
1346.25
1346.48
1346.71
1346.941
1347.223
1347.505
1347.787
1348.069
1348.351
1348.633
1348.915
1349.2
1349.496
1349.792
1350.088
1350.384
1350.68
1351.89
1352.103
1352.316
1352.529
1352.742
1352.955
1353.17
1353.474
1353.778
1354.082
1354.386
1354.69
1354.994
1355.298
1355.602
1355.91
1356.339
1356.768
1357.197
1357.626
1358.055
1358.484
1358.913
1359.34
1359.729
1360.118
1360.507
1360.896
1361.285
1361.674
1362.06
1362.425
1362.79
1363.155
1363.52
1363.885
1364.25
1364.615
1364.98
1365.171
1365.362
1365.553
1365.744
1365.935
1366.126
1366.317
1366.508
1366.699
1366.89
1367.081
1367.27
1367.54
1367.81
1368.08
1368.35
1368.62
1368.89
1369.16
1369.43
1369.7
1369.97
1370.331
1370.692
1371.053
1371.414
1371.775
1372.136
1372.497
1372.86
1373.366
1373.872
1374.378
1374.884
1375.39
1375.713
1376.036
1376.359
1376.682
1377.005
1377.328
1377.65
1377.836
1378.022
1378.208
1378.394
1378.58
1378.766
1378.952
1379.138
1379.324
1379.51
1379.696
1379.88
1380.236
1380.592
1380.948
1381.304
1381.66
1382.016
1382.37
1383.028
1383.686
1384.344
1385.002
1385.66
1386.248
1386.836
1387.424
1388.012
1388.6
1388.962
1389.324
1389.686
1390.048
1390.41
1390.77
1391.92
1393.07
1394.22
1395.37
1396.52
1396.757
1396.994
1397.231
1397.468
1397.705
1397.94
1403.21
1408.48
1408.833
1409.186
1409.54
1410.35
1411.16
1411.97
1412.78
1414.125
1415.47
1416.59
1417.71
1418.83
1419.141
1419.452
1419.763
1420.074
1420.385
1420.696
1421.007
1421.32
1421.648
1421.976
1422.304
1422.632
1422.96
1423.29
1423.75
1424.21
1424.67
1425.13
1425.297
1425.464
1425.631
1425.798
1425.965
1426.132
1426.299
1426.466
1426.63
1427.134
1427.638
1428.142
1428.646
1429.15
1429.556
1429.962
1430.368
1430.774
1431.18
1431.751
1432.322
1432.893
1433.464
1434.035
1434.607
1435.35
1436.093
1436.836
1437.579
1438.32
1439.083
1439.846
1440.609
1441.372
1442.135
1442.898
1443.661
1444.424
1445.187
1445.95
1446.715
1447.216
1447.717
1448.218
1448.719
1449.22
1449.722
1450.125
1450.528
1450.93
1451.718
1452.506
1453.294
1454.082
1454.87
1455.658
1456.446
1457.234
1458.022
1458.81
1459.598
1460.39
1460.623
1460.856
1461.089
1461.322
1461.555
1461.788
1462.021
1462.254
1462.487
1462.72
1462.95
1463.24
1463.53
1463.82
1464.11
1464.4
1464.69
1464.98
1465.27
1465.56
1465.85
1466.14
1466.43
1466.72
1467.01
1467.415
1467.82
1468.225
1468.63
1469.035
1469.44
1469.845
1470.25
1470.655
1471.06
1471.47
1471.911
1472.352
1472.793
1473.234
1473.675
1474.116
1474.557
1474.998
1475.439
1475.88
1476.321
1476.76
1476.926
1477.092
1477.258
1477.424
1477.59
1477.756
1477.922
1478.088
1478.254
1478.42
1478.586
1478.752
1478.918
1479.084
1479.25
1479.42
1480.001
1480.582
1481.163
1481.744
1482.325
1482.906
1483.49
1484.055
1484.62
1485.185
1485.75
1486.315
1486.88
1487.445
1488.01
1488.575
1489.14
1490.244
1491.348
1492.452
1493.556
1494.66
1495.764
1496.87
1497.517
1498.164
1498.811
1499.458
1500.105
1500.75
1501.603
1502.456
1503.309
1504.162
1505.015
1505.868
1506.721
1507.574
1508.427
1509.28
1510.133
1510.986
1511.839
1512.692
1513.545
1514.398
1515.25
1515.696
1516.142
1516.588
1517.034
1517.48
1517.926
1518.372
1518.818
1519.264
1519.71
1520.156
1520.602
1521.05
1521.427
1521.804
1522.181
1522.558
1522.935
1523.314
1530.23
1531.978
1533.726
1535.474
1543.62
1545.36
1545.953
1546.546
1547.139
1547.732
1548.325
1548.918
1549.511
1550.104
1550.697
1551.29
1551.498
1551.706
1551.914
1552.122
1552.33
1552.538
1552.746
1552.954
1553.162
1553.37
1553.578
1553.786
1553.994
1554.202
1554.41
1554.673
1554.936
1555.199
1555.462
1555.725
1555.99
1556.397
1556.804
1557.211
1557.618
1558.027
1563.45
1563.731
1564.012
1564.293
1564.574
1564.855
1565.136
1565.42
1565.64
1565.86
1566.08
1566.3
1566.52
1566.745
1566.97
1567.195
1567.42
1567.645
1567.87
1568.095
1568.32
1568.81
1569.3
1569.79
1570.28
1570.77
1571.26
1571.75
1572.24
1572.73
1573.025
1573.32
1573.615
1573.91
1574.205
1574.5
1574.795
1575.09
1575.385
1575.68
1575.975
1576.27
1576.565
1576.86
1577.155
1577.45
1577.818
1578.186
1578.554
1578.922
1579.29
1579.658
1580.026
1580.394
1580.762
1581.13
1581.498
1581.87
1582.069
1582.268
1582.467
1582.666
1582.865
1583.064
1583.26
1583.616
1583.972
1584.328
1584.684
1585.04
1585.396
1585.75
1586.077
1586.405
1586.733
1587.061
1587.389
1587.716
1588.043
1588.37
1588.875
1589.38
1589.885
1590.39
1590.753
1591.115
1591.477
1591.84
1592.202
1592.564
1592.927
1593.29
1593.928
1594.566
1595.204
1595.842
1596.48
1597.118
1597.756
1598.394
1599.032
1599.67
1600.308
1600.946
1601.59
1601.951
1602.312
1602.673
1603.034
1603.395
1603.756
1604.117
1604.478
1604.839
1605.2
1605.771
1606.342
1606.913
1607.484
1608.055
1608.626
1609.197
1609.768
1610.34
1610.578
1610.816
1611.054
1611.292
1611.53
1611.768
1612.006
1612.244
1612.48
1613.47
1614.46
1615.45
1616.44
1617.43
1618.42
1619.846
1621.272
1622.698
1624.124
1625.55
1625.898
1626.246
1626.594
1626.942
1627.29
1627.638
1627.986
1628.334
1628.682
1629.03
1629.378
1629.726
1630.074
1630.422
1630.77
1631.039
1631.308
1631.577
1631.846
1632.115
1632.384
1632.653
1632.92
1633.397
1633.874
1634.351
1634.828
1635.305
1635.78
1636.09
1636.4
1636.71
1637.02
1637.33
1637.64
1637.95
1638.26
1638.57
1639.22
1639.87
1640.52
1641.17
1641.82
1642.47
1643.12
1643.77
1644.42
1645.07
1645.72
1646.37
1647.02
1647.67
1648.062
1648.454
1648.846
1649.238
1649.63
1650.023
1650.415
1650.81
1651.167
1651.524
1651.881
1652.238
1652.595
1652.952
1653.31
1653.827
1654.344
1654.861
1655.379
1655.896
1656.413
1656.93
1657.45
1657.89
1658.33
1659.34
1659.734
1660.128
1660.522
1660.916
1661.31
1661.704
1662.098
1662.492
1662.886
1663.28
1663.674
1664.068
1664.462
1664.86
1665.327
1665.794
1666.262
1666.73
1666.954
1667.178
1667.402
1667.626
1667.85
1668.074
1668.298
1668.522
1668.746
1668.97
1669.713
1670.456
1671.2
1672.517
1673.834
1675.151
1676.47
1676.662
1676.854
1677.046
1677.238
1677.43
1677.622
1677.814
1678.006
1678.2
1678.936
1679.672
1680.408
1681.144
1681.88
1682.616
1683.352
1684.088
1684.82
1685.507
1686.194
1686.881
1687.568
1688.255
1688.942
1689.629
1690.314
1695.5
1695.705
1695.91
1696.115
1696.32
1696.525
1696.73
1696.935
1697.14
1697.345
1697.55
1697.75
1698.61
1699.47
1700.33
1701.19
1702.05
1702.91
1703.77
1704.0
1704.23
1704.46
1704.69
1704.92
1705.15
1705.38
1705.828
1706.275
1706.723
1707.17
1707.618
1708.065
1708.513
1708.96
1709.245
1709.53
1709.815
1710.1
1710.385
1710.67
1710.955
1711.24
1712.427
1713.614
1714.801
1715.988
1717.175
1718.362
1719.55
1720.221
1720.892
1721.563
1722.234
1722.905
1723.576
1724.247
1724.92
1725.183
1725.446
1725.709
1725.972
1726.235
1726.498
1726.761
1727.024
1727.287
1727.55
1727.81
1728.374
1728.938
1729.502
1730.066
1730.63
1731.194
1731.76
1732.18
1732.6
1733.02
1733.44
1733.86
1734.28
1734.7
1735.12
1735.54
1735.88
1736.22
1736.56
1736.9
1737.24
1737.58
1737.912
1738.244
1738.576
1738.908
1739.24
1739.572
1739.904
1740.236
1740.568
1740.9
1741.234
1741.47
1741.706
1741.942
1742.178
1742.414
1742.65
1743.504
1744.358
1745.212
1746.066
1746.92
1748.295
1749.67
1750.023
1750.376
1750.73
1751.138
1751.546
1751.954
1752.362
1752.77
1753.18
1753.52
1753.86
1754.204
1754.548
1754.892
1755.236
1755.58
1755.84
1756.1
1756.36
1756.62
1756.88
1757.14
1757.4
1757.66
1758.055
1758.45
1758.845
1759.24
1759.635
1760.03
1760.425
1760.82
1761.215
1761.61
1761.882
1762.154
1762.426
1762.698
1762.97
1763.242
1763.514
1763.786
1764.058
1764.33
1764.602
1764.87
1765.127
1765.384
1765.64
1765.816
1765.992
1766.168
1766.344
1766.52
1766.696
1766.872
1767.048
1767.223
1767.562
1767.901
1768.24
1768.579
1768.918
1769.257
1769.596
1769.935
1770.274
1770.613
1770.952
1771.29
1771.928
1772.566
1773.204
1773.842
1774.48
1774.774
1775.068
1775.362
1775.656
1775.95
1776.244
1776.538
1776.83
1777.11
1777.39
1777.67
1777.95
1778.23
1778.51
1778.795
1779.081
1779.366
1779.651
1779.937
1780.222
1780.507
1780.794
1781.71
1782.868
1784.025
1785.183
1786.34
1786.673
1787.006
1787.339
1787.672
1788.005
1788.34
1788.528
1788.716
1788.904
1789.092
1789.28
1789.468
1789.656
1789.844
1790.03
1790.32
1790.61
1790.9
1791.19
1791.48
1791.77
1792.06
1792.35
1792.64
1792.93
1793.22
1793.463
1793.706
1793.949
1794.192
1794.435
1794.68
1795.015
1795.35
1795.685
1796.02
1796.355
1796.69
1797.025
1797.36
1797.907
1798.454
1799.001
1799.548
1800.095
1800.642
1801.189
1801.736
1802.283
1802.83
1803.377
1803.924
1804.471
1805.02
1805.606
1806.192
1806.778
1807.364
1807.543
1807.721
1807.899
1808.077
1808.255
1808.434
1808.612
1808.792
1809.355
1809.918
1810.48
1810.753
1811.026
1811.299
1811.572
1811.811
1812.05
1812.289
1812.53
1812.84
1813.15
1813.46
1813.77
1814.08
1814.39
1814.7
1814.965
1815.23
1815.495
1815.76
1816.025
1818.483
1820.94
1821.224
1821.508
1821.792
1822.076
1822.36
1822.644
1822.93
1823.168
1823.406
1823.644
1823.882
1824.12
1824.356
1825.161
1825.966
1826.771
1827.576
1828.381
1829.187
1829.992
1830.8
1832.19
1833.58
1834.97
1836.36
1837.75
1839.14
1840.53
1841.92
1842.123
1842.326
1842.529
1842.732
1842.935
1843.138
1843.341
1843.544
1843.75
1844.168
1844.586
1845.004
1845.422
1845.84
1846.075
1846.31
1846.545
1846.78
1847.015
1847.25
1847.466
1847.682
1847.898
1848.114
1848.33
1848.546
1848.76
1849.039
1849.318
1849.597
1849.876
1850.155
1850.434
1850.713
1850.992
1851.271
1851.55
1851.83
1852.263
1852.696
1853.129
1853.562
1853.995
1854.43
1854.681
1854.932
1855.183
1855.434
1855.685
1855.936
1856.187
1856.438
1856.689
1856.94
1857.19
1858.015
1858.84
1859.665
1860.49
1860.78
1861.07
1861.36
1861.65
1861.94
1862.23
1862.386
1862.542
1862.698
1862.854
1863.01
1863.338
1863.666
1863.994
1864.322
1864.65
1864.978
1865.306
1865.634
1865.96
1866.392
1866.824
1867.256
1867.688
1868.12
1868.55
1869.194
1869.838
1870.482
1871.126
1871.77
1872.158
1872.546
1872.934
1873.322
1873.71
1873.906
1874.101
1874.297
1874.493
1874.688
1874.884
1875.08
1875.275
1875.471
1875.667
1875.862
1876.056
1876.258
1876.46
1876.662
1876.864
1877.066
1877.268
1877.47
1877.672
1877.874
1878.076
1878.278
1878.48
1878.68
1879.958
1880.217
1880.476
1880.735
1880.994
1881.253
1881.512
1881.768
1881.988
1882.208
1882.428
1882.648
1882.868
1883.088
1883.308
1883.528
1883.745
1884.026
1884.307
1884.588
1884.87
1885.777
1886.685
1888.033
1889.38
1889.84
1890.3
1890.76
1891.22
1891.68
1892.14
1892.312
1892.484
1892.656
1892.828
1893.0
1893.172
1893.344
1893.516
1893.69
1895.46
1895.938
1896.416
1896.894
1897.372
1897.85
1899.082
1900.314
1901.546
1902.778
1904.01
1904.28
1904.55
1904.82
1905.09
1905.36
1905.63
1905.9
1906.17
1906.976
1907.782
1908.588
1909.394
1910.2
1910.514
1910.828
1911.142
1911.456
1911.77
1912.084
1912.398
1912.71
1913.213
1913.716
1914.219
1914.722
1915.225
1915.728
1916.231
1916.734
1917.237
1917.74
1918.24
1918.57
1918.9
1919.244
1919.588
1919.932
1920.276
1920.62
1921.56
1922.5
1923.42
1923.874
1924.328
1924.782
1925.236
1925.69
1926.144
1926.598
1927.052
1927.51
1927.996
1928.482
1928.968
1929.454
1929.94
1930.426
1930.912
1931.4
1931.909
1932.418
1932.927
1933.436
1933.945
1934.454
1934.963
1935.472
1935.981
1936.49
1936.999
1937.508
1938.017
1938.526
1939.035
1939.54
1939.744
1939.948
1940.152
1940.356
1940.56
1940.764
1940.97
1941.773
1942.576
1943.379
1944.182
1944.985
1945.788
1946.591
1947.394
1948.2
1949.818
1951.436
1953.054
1954.672
1956.29
1957.91
1958.175
1958.44
1958.705
1958.97
1959.235
1959.5
1959.765
1960.03
1960.295
1960.56
1961.011
1961.462
1961.913
1962.364
1962.815
1963.266
1963.717
1964.168
1964.619
1965.07
1965.521
1965.972
1966.423
1966.88
1967.392
1967.904
1968.416
1968.928
1969.44
1969.95
1970.244
1970.538
1970.832
1971.126
1971.42
1971.714
1972.01
1972.286
1972.562
1972.838
1973.114
1973.39
1973.666
1973.942
1974.218
1974.494
1974.77
1975.046
1975.322
1975.6
1975.909
1976.218
1976.527
1976.836
1977.145
1977.454
1977.76
1977.956
1978.152
1978.348
1978.544
1978.74
1978.936
1979.132
1979.328
1979.524
1979.72
1979.911
1980.089
1980.267
1980.445
1980.623
1980.801
1980.979
1981.16
1981.459
1981.758
1982.057
1982.356
1982.655
1982.954
1983.253
1983.552
1983.851
1984.15
1984.45
1984.733
1985.016
1985.299
1985.582
1985.865
1986.148
1986.431
1986.714
1986.997
1987.28
1987.563
1987.85
1988.151
1988.452
1988.753
1989.054
1989.355
1989.656
1989.957
1990.258
1990.559
1990.86
1991.161
1991.462
1991.763
1992.06
1992.381
1992.702
1993.023
1993.344
1993.665
1993.986
1994.307
1994.63
1994.97
1995.31
1995.65
1995.99
1996.33
1996.67
1997.01
1997.265
1997.52
1997.775
1998.03
1998.285
1998.54
1998.785
1999.03
1999.275
1999.52
1999.765
2000.01
2000.255
2000.5
2000.745
2000.99
2001.24
2001.52
2001.8
2002.08
2002.36
2002.64
2002.92
2003.2
2003.48
2003.76
2004.185
2004.61
2005.035
2005.46
2005.885
2006.31
2006.735
2007.16
2007.585
2008.01
2008.432
2008.854
2009.276
2009.698
2010.12
2010.54
2010.946
2011.352
2011.758
2012.164
2012.57
2012.976
2013.382
2013.788
2014.19
2014.473
2014.755
2015.038
2015.321
2015.603
2015.886
2016.168
2016.45
2016.733
2017.015
2017.298
2017.58
2018.204
2018.828
2019.452
2020.076
2020.7
2021.108
2021.516
2021.924
2022.332
2022.74
2023.15
2023.403
2023.656
2023.909
2024.162
2024.415
2024.668
2024.921
2025.174
2025.43
2025.953
2026.476
2026.999
2027.522
2028.045
2028.57
2028.825
2029.08
2029.335
2029.59
2029.845
2030.1
2030.28
2030.46
2030.64
2030.82
2031.0
2031.18
2031.36
2031.54
2031.724
2032.277
2032.831
2033.384
2033.938
2034.492
2035.045
2035.599
2036.152
2036.643
2037.134
2037.625
2038.116
2038.607
2039.098
2039.589
2040.08
2040.416
2040.752
2041.088
2041.424
2041.76
2042.096
2042.432
2042.768
2043.1
2043.421
2043.742
2044.063
2044.384
2044.705
2045.026
2045.347
2045.665
2046.143
2046.621
2047.099
2047.577
2048.055
2048.533
2049.011
2049.489
2049.967
2050.448
2050.746
2051.044
2051.342
2051.64
2051.938
2052.239
2052.531
2052.823
2053.115
2053.407
2053.699
2053.989
2054.293
2054.597
2054.901
2055.205
2055.509
2055.813
2056.117
2056.42
2056.828
2057.236
2057.644
2058.052
2058.461
2058.721
2058.981
2059.241
2059.501
2059.761
2060.021
2060.281
2060.544
2060.78
2061.016
2061.252
2061.488
2061.724
2061.96
2062.334
2062.708
2063.082
2063.456
2063.83
2064.047
2064.264
2064.481
2064.698
2064.915
2065.132
2065.352
2065.56
2065.768
2065.976
2066.184
2066.392
2066.6
2066.81
2066.992
2067.174
2067.356
2067.538
2067.72
2067.902
2068.084
2068.268
2068.744
2069.22
2069.696
2070.172
2070.648
2071.124
2071.6
2072.076
2072.55
2072.979
2073.408
2073.837
2074.266
2074.695
2075.124
2075.55
2076.72
2077.89
2079.06
2080.23
2081.4
2083.85
2084.34
2084.83
2085.32
2085.81
2086.302
2086.51
2086.718
2086.926
2087.134
2087.342
2087.55
2087.76
2088.154
2088.548
2088.942
2089.336
2089.73
2090.467
2091.204
2091.941
2092.678
2093.417
2093.681
2093.945
2094.209
2094.473
2094.737
2095.0
2095.246
2095.492
2095.738
2095.984
2096.23
2096.476
2096.719
2097.174
2097.629
2098.084
2098.539
2098.994
2099.45
2099.873
2100.296
2100.72
2100.966
2101.212
2101.458
2101.704
2101.95
2102.196
2102.445
2102.629
2102.813
2102.997
2103.181
2103.365
2103.549
2103.736
2104.021
2104.306
2104.591
2104.876
2105.161
2105.446
2105.731
2106.016
2106.3
2106.669
2107.038
2107.407
2107.776
2108.147
2108.407
2108.667
2108.927
2109.187
2109.447
2109.707
2109.967
2110.23
2110.414
2110.598
2110.782
2110.966
2111.15
2111.334
2111.521
2111.929
2112.337
2112.745
2113.153
2113.561
2113.97
2114.2
2114.43
2114.66
2114.89
2115.12
2115.35
2115.58
2115.81
2116.04
2116.274
2116.459
2116.644
2116.829
2117.014
2117.199
2117.384
2117.569
2117.754
2117.94
2118.35
2118.76
2119.17
2119.58
2119.99
2120.4
2120.81
2121.22
2121.634
2121.872
2122.11
2122.348
2122.586
2122.824
2123.062
2123.3
2123.75
2124.2
2124.65
2125.1
2125.55
2126.0
2126.45
2126.776
2127.102
2127.428
2127.754
2128.08
2128.406
2128.732
2129.058
2129.384
2129.71
2130.036
2130.362
2130.69
2132.89
2133.62
2134.35
2135.08
2135.81
2136.408
2137.006
2137.604
2138.202
2138.8
2139.03
2139.26
2139.49
2139.72
2139.95
2140.18
2140.41
2140.738
2141.066
2141.394
2141.722
2142.05
2142.378
2142.706
2143.034
2143.36
2143.717
2144.074
2144.431
2144.788
2145.145
2145.501
2145.674
2145.847
2146.02
2146.193
2146.366
2146.539
2146.712
2146.885
2147.058
2147.231
2147.404
2147.577
2147.75
2147.977
2148.204
2148.431
2148.658
2148.885
2149.112
2149.339
2149.566
2149.793
2150.02
2150.247
2150.47
2150.777
2151.084
2151.391
2151.698
2152.005
2152.312
2152.619
2152.926
2153.23
2153.567
2153.904
2154.241
2154.578
2154.915
2155.25
2155.436
2155.622
2155.808
2155.994
2156.18
2156.366
2156.552
2156.735
2156.998
2157.261
2157.524
2157.787
2158.05
2158.313
2158.576
2158.84
2159.097
2159.354
2159.611
2159.868
2160.125
2160.382
2160.639
2160.896
2161.153
2161.41
2161.667
2161.92
2162.19
2162.46
2162.73
2163.14
2163.55
2163.96
2164.37
2164.78
2165.19
2165.6
2166.01
2166.42
2166.83
2167.109
2167.388
2167.667
2167.946
2168.225
2168.504
2168.783
2169.062
2169.341
2169.62
2169.899
2170.178
2170.46
2170.781
2171.102
2171.423
2171.744
2172.065
2172.386
2172.707
2173.028
2173.35
2173.647
2173.944
2174.18
2174.416
2174.652
2174.888
2175.124
2175.36
2176.481
2177.602
2178.723
2179.844
2180.965
2182.086
2183.21
2183.454
2183.698
2183.942
2184.186
2184.43
2184.674
2184.918
2185.162
2185.41
2185.61
2185.81
2186.01
2186.21
2186.41
2186.61
2186.81
2187.01
2187.21
2187.41
2187.589
2187.768
2187.947
2188.126
2188.305
2188.484
2188.663
2188.84
2189.011
2189.182
2189.353
2189.524
2189.695
2189.866
2190.04
2190.254
2190.468
2190.682
2190.896
2191.11
2191.324
2191.54
2191.793
2192.046
2192.298
2192.55
2192.803
2193.055
2193.307
2193.56
2194.182
2194.804
2195.426
2196.048
2196.67
2197.292
2197.914
2198.536
2199.158
2199.78
2200.4
2202.94
2205.48
2205.896
2206.312
2206.728
2207.144
2207.56
2208.035
2208.51
2208.904
2209.298
2209.692
2210.086
2210.48
2210.842
2211.204
2211.566
2211.928
2212.29
2212.65
2213.033
2213.416
2213.799
2214.182
2214.565
2214.948
2215.331
2215.714
2215.954
2216.194
2216.434
2216.674
2216.914
2217.154
2217.394
2217.63
2218.226
2218.822
2219.418
2220.014
2220.61
2221.206
2221.802
2222.398
2222.996
2223.183
2223.37
2223.557
2223.744
2223.931
2224.118
2224.305
2224.492
2224.679
2224.87
2225.063
2225.256
2225.449
2225.642
2225.835
2226.03
2226.28
2226.53
2226.78
2227.03
2227.28
2227.53
2227.78
2228.03
2228.279
2228.501
2228.723
2228.945
2229.167
2229.389
2229.61
2229.884
2230.158
2230.432
2230.706
2230.98
2231.187
2231.394
2231.601
2231.808
2232.015
2232.222
2232.429
2232.636
2232.84
2233.563
2234.286
2235.009
2235.732
2236.455
2237.178
2237.901
2238.624
2239.35
2239.918
2240.486
2241.053
2241.62
2242.188
2242.756
2243.323
2243.89
2244.271
2244.652
2245.033
2245.414
2245.795
2246.176
2246.557
2246.938
2247.319
2247.7
2248.08
2252.005
2255.93
2259.855
2263.78
2264.1
2264.42
2264.74
2265.06
2265.38
2265.7
2266.02
2266.34
2267.531
2268.722
2269.913
2271.104
2272.295
2273.486
2274.677
2275.87
2276.254
2276.638
2277.022
2277.406
2277.79
2278.174
2278.56
2279.28
2280.0
2280.72
2281.022
2281.324
2281.626
2281.928
2282.23
2282.532
2282.834
2283.136
2283.438
2283.74
2284.04
2284.529
2285.018
2285.507
2285.996
2286.485
2286.974
2287.463
2287.95
2288.779
2289.608
2290.437
2291.266
2292.095
2292.924
2293.75
2294.262
2294.774
2295.286
2295.798
2296.31
2296.558
2296.806
2297.054
2297.302
2297.55
2297.798
2298.046
2298.294
2298.542
2298.79
2299.13
2299.47
2299.81
2300.15
2300.49
2300.83
2301.17
2301.571
2301.972
2302.373
2302.774
2303.175
2303.576
2303.977
2304.378
2304.779
2305.18
2307.327
2309.474
2311.62
2313.17
2314.72
2316.27
2317.82
2319.37
2319.718
2320.066
2320.414
2320.762
2321.11
2321.342
2321.574
2321.806
2322.038
2322.27
2322.502
2322.734
2322.966
2323.2
2325.0
2326.8
2328.6
2329.187
2329.774
2330.361
2330.948
2331.535
2332.12
2332.993
2333.866
2334.74
2334.971
2335.202
2335.433
2335.664
2335.895
2336.126
2336.357
2336.588
2336.82
2337.328
2337.836
2338.344
2338.852
2339.36
2339.868
2340.376
2340.884
2341.392
2341.9
2342.407
2343.8
2345.193
2346.586
2347.979
2349.37
2350.293
2351.216
2352.139
2353.06
2355.447
2357.834
2360.22
2360.404
2360.588
2360.772
2360.956
2361.14
2361.324
2361.508
2361.692
2361.876
2362.06
2362.426
2362.792
2363.158
2363.524
2363.89
2364.256
2364.622
2364.99
2365.537
2366.084
2366.631
2367.18
2367.732
2368.284
2368.836
2369.388
2369.94
2370.704
2371.468
2372.232
2372.996
2373.76
2374.524
2375.288
2376.05
2376.483
2376.916
2377.349
2377.78
2378.07
2378.36
2378.65
2378.94
2379.23
2379.52
2379.83
2380.14
2380.45
2380.658
2380.866
2381.074
2381.282
2381.49
2381.698
2381.906
2382.114
2382.322
2382.53
2382.738
2382.951
2387.72
2388.118
2388.516
2388.914
2389.312
2389.71
2390.108
2390.506
2390.904
2391.3
2391.502
2391.704
2391.906
2392.108
2392.31
2392.512
2392.714
2392.916
2393.118
2393.32
2393.522
2393.724
2393.93
2394.365
2394.8
2395.235
2395.67
2396.105
2396.54
2396.975
2397.41
2397.674
2397.938
2398.202
2398.466
2398.73
2398.994
2399.26
2399.74
2400.22
2400.7
2401.18
2401.415
2401.65
2401.885
2402.12
2402.355
2402.59
2402.825
2403.06
2403.286
2403.512
2403.738
2403.964
2404.19
2404.416
2404.642
2404.868
2405.09
2405.584
2406.078
2406.572
2407.066
2407.56
2408.054
2408.55
2408.888
2409.226
2409.564
2409.901
2410.238
2410.575
2410.912
2411.249
2411.586
2411.923
2412.26
2412.6
2413.033
2413.466
2413.899
2414.332
2414.765
2415.198
2415.63
2416.368
2417.106
2417.844
2418.582
2419.32
2420.058
2420.796
2421.534
2422.27
2423.318
2424.366
2425.414
2426.462
2427.51
2427.708
2427.905
2428.102
2428.3
2428.498
2428.695
2428.892
2429.09
2429.288
2429.485
2429.682
2429.88
2431.62
2433.36
2435.1
2436.84
2437.091
2437.342
2437.593
2437.844
2438.095
2438.346
2438.597
2438.848
2439.1
2440.182
2441.264
2442.346
2443.428
2444.51
2445.59
2446.124
2446.658
2447.192
2447.726
2448.26
2448.794
2449.328
2449.86
2450.819
2451.778
2452.737
2453.696
2454.655
2455.614
2456.57
2456.922
2457.274
2457.626
2457.978
2458.33
2458.682
2459.034
2459.386
2459.738
2460.09
2460.439
2460.699
2460.959
2461.219
2461.48
2462.345
2463.21
2464.075
2464.94
2465.805
2466.67
2467.535
2468.4
2468.627
2468.854
2469.081
2469.308
2469.535
2469.762
2469.989
2470.216
2470.443
2470.67
2470.897
2471.124
2471.351
2471.58
2472.066
2472.552
2473.038
2473.524
2474.01
2474.587
2475.164
2475.741
2476.318
2476.895
2477.47
2478.029
2478.588
2479.147
2479.706
2480.265
2480.824
2481.383
2481.94
2482.368
2482.796
2483.224
2483.652
2484.08
2484.508
2484.936
2485.364
2485.792
2486.22
2487.53
2488.84
2490.15
2491.46
2492.77
2494.08
2495.39
2496.7
2497.493
2498.286
2499.079
2499.872
2500.665
2501.458
2502.25
2503.914
2505.578
2507.242
2508.215
2509.188
2510.161
2511.134
2511.807
2512.48
2513.153
2513.826
2514.499
2515.172
2515.845
2516.52
2516.93
2517.34
2517.75
2518.16
2518.57
2518.98
2519.39
2519.8
2520.21
2520.62
2521.03
2521.44
2521.848
2522.098
2522.348
2523.121
2523.894
2524.096
2524.298
2524.5
2524.702
2524.904
2525.106
2525.31
2525.596
2525.882
2526.168
2526.454
2526.74
2527.106
2527.472
2527.838
2528.204
2528.57
2528.936
2529.3
2529.638
2529.976
2530.314
2530.652
2530.99
2531.33
2531.575
2531.82
2532.065
2532.31
2532.555
2532.8
2533.045
2533.29
2533.535
2533.78
2534.03
2534.234
2534.438
2534.642
2534.846
2535.05
2535.254
2535.458
2535.662
2535.867
2536.043
2536.219
2536.395
2536.571
2536.747
2536.923
2537.099
2537.275
2537.45
2537.87
2538.29
2538.71
2539.13
2539.406
2539.682
2539.958
2540.234
2540.51
2540.786
2541.062
2541.338
2541.614
2541.89
2542.166
2542.442
2542.718
2543.0
2543.432
2543.864
2544.296
2544.728
2545.16
2545.59
2546.214
2546.838
2547.462
2548.086
2548.71
2549.334
2549.958
2550.58
2550.771
2550.962
2551.153
2551.344
2551.535
2551.726
2551.917
2552.108
2552.299
2552.49
2552.681
2552.872
2553.063
2553.254
2553.44
2553.768
2554.096
2554.424
2554.752
2555.08
2555.408
2555.736
2556.064
2556.39
2556.768
2557.146
2557.524
2557.902
2558.28
2558.658
2559.036
2559.414
2559.792
2560.17
2560.746
2561.322
2561.898
2562.474
2563.05
2563.626
2564.202
2564.778
2565.354
2565.928
2566.423
2566.918
2567.414
2567.91
2568.471
2569.032
2569.593
2570.154
2570.715
2571.276
2571.837
2572.398
2572.96
2573.352
2573.744
2574.136
2574.528
2574.92
2575.249
2575.578
2575.907
2576.236
2576.565
2576.894
2577.223
2577.552
2577.881
2578.21
2578.539
2578.868
2579.194
2580.153
2581.112
2582.071
2583.03
2583.825
2584.62
2585.415
2586.21
2587.005
2587.8
2588.595
2589.39
2590.185
2590.98
2591.77
2592.499
2593.228
2593.957
2594.686
2595.415
2596.144
2596.875
2597.867
2598.859
2599.85
2601.16
2601.371
2601.582
2601.793
2602.004
2602.215
2602.426
2602.637
2602.848
2603.059
2603.27
2603.481
2603.69
2604.026
2604.362
2604.698
2605.034
2605.37
2605.706
2606.042
2606.378
2606.714
2607.05
2607.39
2608.261
2609.132
2610.003
2610.874
2611.745
2612.616
2613.49
2613.983
2614.476
2614.97
2615.35
2615.73
2616.11
2616.49
2616.87
2617.25
2617.63
2618.01
2618.39
2618.77
2619.15
2619.53
2619.91
2620.29
2620.963
2621.636
2622.309
2622.982
2623.655
2624.328
2625.001
2625.67
2627.995
2628.647
2629.299
2629.951
2630.603
2631.255
2631.907
2632.56
2633.043
2633.526
2634.009
2634.492
2634.975
2635.458
2635.941
2636.424
2636.907
2637.39
2637.873
2638.36
2638.641
2638.922
2639.203
2639.484
2639.765
2640.046
2640.327
2640.608
2640.889
2641.17
2641.451
2641.73
2642.216
2642.702
2643.188
2643.674
2644.16
2644.644
2645.368
2646.092
2646.816
2647.539
2648.953
2650.367
2651.781
2653.196
2654.472
2655.748
2657.024
2658.3
2659.335
2660.37
2660.838
2661.306
2661.774
2662.242
2662.71
2663.178
2663.646
2664.114
2664.582
2665.047
2677.94
2678.352
2678.764
2679.176
2679.588
2680.0
2680.412
2680.824
2681.236
2681.65
2682.334
2683.018
2683.702
2684.386
2685.07
2685.534
2685.998
2686.462
2686.926
2687.39
2687.854
2688.318
2688.782
2689.246
2689.71
2690.176
2691.565
2691.894
2692.222
2692.551
2692.88
2693.209
2693.537
2693.865
2694.193
2694.522
2694.85
2695.429
2696.008
2696.587
2697.166
2697.745
2698.324
2698.9
2699.183
2699.466
2699.749
2700.032
2700.315
2700.598
2700.88
2701.343
2701.806
2702.269
2702.732
2703.195
2703.658
2704.121
2704.584
2705.047
2705.51
2705.732
2705.954
2706.176
2706.398
2706.62
2706.84
2707.022
2707.204
2707.386
2707.568
2707.75
2707.932
2708.114
2708.296
2708.478
2708.66
2708.84
2709.359
2709.878
2710.397
2710.916
2711.435
2711.954
2712.47
2713.44
2714.096
2714.752
2715.408
2716.064
2716.72
2717.019
2717.318
2717.617
2717.916
2718.215
2718.514
2718.813
2719.112
2719.41
2719.651
2719.892
2720.133
2720.374
2720.615
2720.856
2721.1
2721.436
2721.772
2722.108
2722.444
2722.78
2723.116
2723.452
2723.788
2724.124
2724.46
2725.363
2726.265
2727.168
2728.071
2728.974
2729.877
2730.78
2731.68
2732.138
2732.596
2733.054
2733.512
2733.97
2734.428
2734.886
2735.344
2735.802
2736.26
2736.498
2736.736
2736.974
2737.212
2737.45
2737.688
2737.926
2738.164
2738.402
2738.64
2738.878
2739.116
2739.35
2739.607
2739.864
2740.121
2740.378
2740.635
2740.892
2741.149
2741.406
2741.66
2742.36
2743.06
2743.76
2744.46
2745.16
2745.86
2746.56
2747.26
2747.96
2749.523
2751.086
2752.648
2754.21
2754.517
2754.824
2755.131
2755.44
2755.967
2756.494
2757.021
2757.548
2758.075
2758.602
2759.13
2761.13
2761.692
2762.254
2762.816
2763.378
2763.94
2764.5
2765.215
2765.93
2766.645
2767.36
2768.654
2769.948
2771.242
2771.899
2772.556
2773.213
2773.87
2774.527
2775.186
2775.528
2775.87
2776.212
2776.554
2776.896
2777.238
2777.58
2777.922
2778.26
2778.736
2779.212
2779.688
2780.164
2780.64
2781.116
2781.592
2782.068
2782.544
2783.02
2783.496
2783.97
2784.443
2784.916
2785.389
2785.862
2786.335
2786.81
2787.038
2787.266
2787.494
2787.722
2787.95
2788.18
2788.43
2788.68
2788.93
2789.18
2790.63
2791.115
2791.6
2792.085
2792.57
2793.055
2793.54
2794.025
2794.51
2795.055
2795.6
2796.145
2796.69
2797.235
2797.78
2798.325
2798.87
2799.415
2799.96
2800.505
2801.05
2801.6
2802.129
2802.658
2803.187
2803.716
2804.245
2804.774
2805.303
2805.832
2806.36
2806.827
2807.294
2807.761
2808.228
2808.695
2809.16
2809.61
2810.06
2810.51
2810.96
2811.41
2811.86
2812.31
2812.76
2813.21
2813.928
2814.646
2815.364
2816.082
2816.8
2817.033
2817.266
2817.499
2817.732
2817.965
2818.198
2818.431
2818.664
2818.9
2819.36
2819.82
2820.28
2820.74
2821.2
2821.66
2822.12
2822.58
2823.04
2823.5
2823.96
2824.42
2824.88
2825.61
2826.086
2826.562
2827.038
2827.514
2827.99
2828.466
2828.942
2829.418
2829.89
2830.288
2830.686
2831.084
2831.482
2831.88
2832.278
2832.676
2833.074
2833.472
2833.87
2834.268
2834.67
2835.123
2835.576
2836.029
2836.482
2836.935
2837.39
2837.895
2838.4
2838.814
2839.228
2839.642
2840.056
2840.47
2840.884
2841.298
2841.712
2842.13
2842.318
2842.506
2842.693
2842.88
2843.23
2843.58
2843.93
2844.28
2844.63
2844.98
2845.362
2845.744
2846.126
2846.508
2846.89
2847.272
2847.654
2848.036
2848.42
2848.676
2848.932
2849.188
2849.444
2849.7
2849.956
2850.21
2851.128
2852.046
2852.963
2853.88
2854.68
2855.48
2855.92
2856.36
2856.8
2858.593
2860.386
2862.18
2862.434
2862.688
2862.942
2863.196
2863.45
2863.704
2863.96
2864.26
2864.56
2864.86
2865.16
2865.422
2865.684
2865.946
2866.208
2866.47
2866.732
2866.994
2867.256
2867.52
2868.067
2868.614
2869.161
2869.708
2870.255
2870.802
2871.349
2871.896
2872.443
2872.99
2873.54
2874.21
2874.391
2874.572
2874.753
2874.934
2875.115
2875.296
2875.477
2875.658
2875.839
2876.02
2876.3
2876.58
2876.86
2877.14
2877.42
2877.7
2878.188
2878.676
2879.164
2879.652
2880.14
2880.628
2881.116
2881.604
2882.094
2882.33
2882.566
2882.802
2883.038
2883.274
2883.51
2884.441
2885.372
2886.303
2887.234
2888.165
2889.096
2890.03
2890.291
2890.552
2890.813
2891.074
2891.335
2891.596
2891.857
2892.118
2892.379
2892.64
2892.901
2893.162
2893.423
2893.684
2893.94
2894.303
2894.666
2895.029
2895.392
2895.755
2896.118
2896.481
2896.844
2897.207
2897.57
2897.93
2898.617
2899.304
2899.991
2900.678
2901.365
2902.052
2902.74
2902.957
2903.174
2903.391
2903.608
2903.825
2904.042
2904.259
2904.476
2904.693
2904.91
2905.127
2905.34
2905.82
2906.3
2906.78
2907.26
2908.59
2909.92
2911.25
2912.58
2913.91
2915.24
2917.52
2918.725
2919.93
2920.26
2920.59
2920.92
2921.25
2921.58
2921.91
2922.24
2922.57
2922.9
2923.173
2923.445
2923.718
2923.99
2924.262
2924.535
2924.807
2925.079
2925.352
2925.624
2925.896
2926.17
2926.485
2926.8
2927.115
2927.429
2927.744
2928.059
2928.374
2928.688
2929.003
2929.318
2929.633
2929.944
2930.218
2930.492
2930.766
2931.04
2931.314
2931.588
2931.86
2932.176
2932.492
2932.808
2933.124
2933.44
2933.756
2934.072
2934.388
2934.704
2935.02
2935.34
2935.602
2935.864
2936.126
2936.388
2936.65
2936.912
2937.174
2937.436
2937.698
2937.96
2938.281
2938.602
2938.923
2939.244
2939.565
2939.886
2940.207
2940.528
2940.849
2941.17
2941.491
2941.81
2942.136
2942.462
2942.788
2943.114
2943.44
2943.74
2944.04
2944.34
2944.64
2944.94
2945.319
2945.698
2946.077
2946.456
2946.835
2947.214
2947.593
2947.972
2948.351
2948.73
2949.033
2949.336
2949.639
2949.942
2950.245
2950.548
2950.851
2951.154
2951.367
2951.58
2951.793
2952.006
2952.219
2952.432
2952.645
2952.858
2953.07
2953.544
2954.018
2954.492
2954.966
2955.44
2955.914
2956.388
2956.862
2957.334
2957.688
2958.042
2958.396
2958.75
2959.15
2959.55
2959.95
2960.215
2960.48
2960.745
2961.01
2961.275
2961.54
2961.805
2962.07
2962.335
2962.6
2962.958
2963.316
2963.674
2964.032
2964.39
2964.868
2965.346
2965.824
2966.302
2966.78
2967.26
2967.54
2967.82
2968.1
2968.38
2968.66
2968.94
2969.22
2969.813
2970.406
2970.999
2971.592
2972.185
2972.778
2973.37
2975.835
2978.3
2980.765
2983.23
2983.448
2983.666
2983.884
2984.102
2984.32
2984.538
2984.756
2984.974
2985.192
2985.41
2985.628
2985.85
2987.104
2988.359
2988.832
2989.305
2989.778
2990.251
2990.724
2990.891
2991.058
2991.225
2991.392
2991.559
2991.726
2991.893
2992.06
2992.227
2992.39
2993.104
2993.34
2993.576
2993.812
2994.048
2994.284
2994.52
2994.852
2995.184
2995.517
2995.85
2996.302
2996.755
2997.207
2997.66
2997.961
2998.262
2998.563
2998.864
2999.165
2999.466
2999.767
3000.068
3000.37
3000.712
3001.055
3001.398
3001.74
3002.043
3002.346
3002.649
3002.952
3003.255
3003.56
3003.799
3004.038
3004.277
3004.516
3004.755
3004.994
3005.233
3005.47
3006.113
3006.755
3007.892
3009.03
3009.838
3010.646
3011.067
3011.488
3011.909
3012.33
3012.751
3013.17
3013.521
3013.872
3014.223
3014.574
3014.925
3015.276
3015.627
3015.978
3016.33
3016.773
3017.216
3017.659
3018.102
3018.545
3018.988
3019.431
3019.874
3020.317
3020.76
3021.2
3021.763
3022.326
3022.889
3023.452
3024.015
3024.578
3025.14
3025.47
3025.8
3026.13
3026.46
3026.75
3027.04
3027.33
3027.62
3027.91
3028.199
3028.488
3028.777
3029.066
3029.355
3029.644
3029.932
3030.219
3030.506
3030.793
3031.08
3031.367
3031.652
3031.834
3032.016
3032.198
3032.38
3032.562
3032.744
3032.926
3033.11
3033.228
3033.346
3033.464
3033.582
3033.7
3033.818
3033.936
3034.054
3034.172
3034.29
3034.408
3034.526
3034.65
3034.831
3035.012
3035.193
3035.374
3035.555
3035.736
3035.917
3036.098
3036.28
3036.59
3036.9
3037.21
3037.52
3037.83
3038.14
3038.45
3038.668
3038.886
3039.104
3039.322
3039.54
3039.758
3039.976
3040.194
3040.412
3040.63
3040.85
3041.257
3041.664
3042.071
3042.478
3042.885
3043.292
3043.7
3044.412
3045.124
3045.836
3046.548
3047.26
3047.972
3048.684
3049.396
3050.11
3051.064
3052.018
3052.972
3053.926
3054.88
3055.285
3055.69
3056.095
3056.5
3056.905
3057.31
3057.582
3057.854
3058.126
3058.399
3058.671
3058.943
3059.216
3059.49
3059.841
3060.192
3060.543
3060.894
3061.245
3061.596
3061.947
3062.298
3062.649
3063.0
3063.351
3063.702
3064.053
3064.404
3064.75
3065.246
3065.742
3066.238
3066.734
3067.23
3067.727
3067.894
3068.061
3068.228
3068.395
3068.562
3068.729
3068.896
3069.063
3069.23
3069.397
3069.564
3069.731
3069.898
3070.06
3070.443
3070.826
3071.209
3071.592
3071.975
3072.36
3072.555
3072.75
3072.945
3073.14
3073.335
3073.53
3073.725
3073.92
3074.115
3080.74
3081.151
3081.562
3081.973
3082.384
3082.795
3083.206
3083.617
3084.03
3084.168
3084.306
3084.444
3084.582
3084.72
3084.86
3086.71
3087.033
3087.356
3087.679
3088.002
3088.325
3088.648
3088.97
3089.358
3089.746
3090.134
3090.522
3090.91
3091.298
3091.686
3092.074
3092.462
3092.85
3093.24
3093.493
3093.746
3093.999
3094.252
3094.505
3094.758
3095.011
3095.264
3095.517
3095.77
3095.952
3096.134
3096.316
3096.498
3096.68
3096.862
3097.044
3097.226
3097.408
3097.59
3097.926
3098.262
3098.598
3098.934
3099.27
3099.606
3099.942
3100.278
3100.614
3100.95
3101.29
3101.91
3102.53
3103.15
3103.77
3104.39
3105.54
3105.955
3106.37
3106.785
3107.2
3107.615
3108.031
3109.217
3110.404
3111.209
3112.014
3112.819
3113.624
3114.429
3115.234
3116.038
3117.279
3118.52
3118.918
3119.316
3119.713
3120.111
3120.508
3120.905
3121.303
3121.7
3122.06
3122.42
3122.78
3123.14
3123.5
3123.86
3124.22
3124.58
3124.94
3125.222
3125.504
3125.786
3126.068
3126.35
3126.632
3126.914
3127.196
3127.478
3127.76
3128.04
3129.373
3130.706
3132.04
3132.326
3132.612
3132.898
3133.184
3133.47
3133.756
3134.042
3134.33
3134.566
3134.802
3135.038
3135.274
3135.51
3135.746
3135.98
3136.251
3136.522
3136.793
3137.064
3137.335
3137.606
3137.877
3138.148
3138.42
3138.715
3139.01
3139.305
3139.6
3139.895
3140.19
3140.485
3140.78
3141.025
3141.27
3141.515
3141.76
3142.005
3142.25
3142.495
3142.74
3142.985
3143.23
3143.475
3143.72
3144.148
3144.576
3145.004
3145.432
3145.86
3146.29
3146.603
3146.916
3147.229
3147.542
3147.855
3148.168
3148.481
3148.794
3149.111
3149.289
3149.467
3149.645
3149.823
3150.001
3150.179
3150.36
3150.785
3151.21
3151.635
3152.06
3152.485
3152.91
3153.335
3153.76
3154.185
3154.61
3155.035
3155.46
3155.88
3156.27
3156.66
3157.05
3157.44
3157.83
3158.22
3159.91
3160.165
3160.42
3160.675
3160.93
3161.185
3161.44
3161.695
3161.95
3162.192
3162.434
3162.676
3162.918
3163.16
3163.402
3163.644
3163.886
3164.13
3164.396
3164.662
3164.928
3165.194
3165.46
3165.726
3165.992
3166.26
3166.574
3166.888
3167.202
3167.516
3167.83
3168.144
3168.46
3168.825
3169.19
3169.555
3169.92
3170.285
3170.65
3171.015
3171.38
3171.745
3172.11
3172.487
3172.864
3173.241
3173.618
3173.995
3174.372
3174.749
3175.126
3175.5
3175.5
3175.5
3175.5
3175.5
3175.5
3175.5
