22.272
23.001
23.73
24.112
24.494
24.876
25.258
25.64
26.022
26.404
26.786
27.167
27.396
27.625
27.854
28.083
28.312
28.541
28.77
29.0
29.33
29.66
29.99
30.32
30.65
30.98
31.31
31.662
32.014
32.367
32.719
33.072
33.425
33.777
34.13
34.564
34.998
35.432
35.866
36.3
36.734
37.168
37.6
38.332
39.064
39.796
40.528
41.26
41.99
42.573
43.156
43.739
44.322
44.905
45.488
46.071
46.654
47.237
47.822
48.164
48.506
48.848
49.19
49.637
50.084
50.532
50.98
51.447
51.914
52.381
52.848
53.315
53.784
54.173
54.562
54.95
55.103
55.256
55.881
56.6
58.046
59.492
60.938
62.384
63.83
64.318
64.806
65.294
65.782
66.27
66.758
67.246
67.734
68.222
68.71
69.358
70.006
70.356
70.706
71.056
71.406
71.755
72.281
72.807
73.332
73.748
74.165
74.45
74.735
75.02
75.305
75.59
75.93
76.27
76.61
76.95
77.29
77.63
77.97
78.282
78.594
78.906
79.219
79.531
79.844
80.156
80.47
80.784
81.098
81.412
81.726
82.04
82.354
82.668
82.982
83.296
83.61
83.912
84.214
84.516
84.818
85.12
85.42
85.973
86.526
87.08
87.352
87.624
87.896
88.168
88.44
88.712
88.984
89.256
89.528
89.8
90.072
90.344
90.617
90.981
91.345
91.709
92.073
92.437
92.802
93.284
93.766
94.248
94.73
95.21
95.499
95.788
96.077
96.366
96.655
96.944
97.233
97.522
97.811
98.1
98.611
99.122
99.633
100.144
100.655
101.166
101.68
102.251
102.822
103.393
103.964
104.535
105.106
105.677
106.25
106.707
107.164
107.621
108.08
108.375
108.67
108.965
109.26
109.555
109.85
110.145
110.44
110.735
111.03
111.325
111.62
111.91
112.182
112.454
112.726
112.998
113.27
113.542
113.814
114.086
114.358
114.63
114.9
115.247
115.594
115.941
116.288
116.635
116.982
117.329
117.675
118.022
118.365
118.75
119.135
119.52
119.905
120.29
120.944
121.598
122.251
122.75
122.951
123.152
123.353
123.554
123.755
123.956
124.157
124.358
124.559
124.76
124.958
125.174
125.39
125.606
125.822
126.038
126.254
126.47
126.686
126.902
127.118
127.331
127.549
127.767
127.985
128.203
128.421
128.639
128.857
129.075
129.289
129.796
130.303
130.81
131.168
131.526
131.884
132.242
132.6
132.96
133.195
133.43
133.665
133.9
134.135
134.37
134.605
134.84
135.203
135.566
135.929
136.292
136.655
137.018
137.381
137.744
138.107
138.47
138.778
139.086
139.394
139.702
140.01
140.318
140.626
140.934
141.242
141.55
141.803
142.056
142.309
142.562
142.815
143.068
143.321
143.574
143.827
144.08
144.333
144.59
144.963
145.336
145.709
146.082
146.455
146.827
147.858
148.889
149.92
150.95
151.231
151.512
151.793
152.074
152.355
152.636
152.917
153.198
153.479
153.76
154.039
154.247
154.455
154.663
154.871
155.079
155.287
155.495
155.703
155.911
156.119
156.33
156.508
156.686
156.864
157.042
157.22
157.398
157.576
157.754
157.932
158.11
158.288
158.466
158.642
159.137
159.632
160.127
160.622
161.117
161.612
162.107
162.602
163.097
163.59
164.025
164.46
164.895
165.33
165.765
166.2
166.741
167.282
167.823
168.364
168.905
169.446
169.987
170.528
171.07
171.568
172.066
172.564
173.062
173.56
174.056
175.892
176.155
176.418
176.681
176.944
177.207
177.47
177.73
178.155
178.58
179.005
179.43
180.048
180.666
181.284
181.902
182.52
183.14
183.502
183.864
184.226
184.588
184.95
185.312
185.675
190.38
190.62
190.86
191.1
191.34
191.58
191.82
192.06
192.3
192.54
192.78
193.02
193.853
194.685
195.517
196.35
196.744
197.138
197.532
197.926
198.32
198.714
199.11
199.44
199.77
200.1
200.43
200.923
201.416
201.909
202.402
202.895
203.388
203.881
204.374
204.867
205.36
205.85
206.223
206.596
206.969
207.342
207.715
208.088
208.461
208.834
209.21
209.495
209.78
210.065
210.35
210.635
210.92
211.205
211.49
212.053
212.616
213.18
213.383
213.586
213.789
213.992
214.195
214.398
214.601
214.804
215.007
215.21
215.779
216.348
216.917
217.486
218.055
218.624
219.19
219.477
219.764
220.05
220.515
220.98
221.445
221.91
222.375
222.84
223.305
223.77
224.28
224.79
225.111
225.432
225.753
226.074
226.395
226.716
227.037
227.36
227.66
227.96
228.26
228.56
228.86
229.16
229.46
229.76
230.126
230.492
230.858
231.224
231.59
231.956
232.32
232.903
233.486
234.069
234.652
235.235
235.82
236.108
236.396
236.684
236.972
237.26
237.548
237.836
238.124
238.412
238.7
238.988
239.276
239.57
240.2
240.83
241.46
242.09
242.72
243.35
243.91
244.47
245.03
245.59
246.15
246.71
247.194
247.678
248.162
248.646
249.132
249.462
249.792
250.122
250.452
250.78
252.2
252.41
252.62
252.83
253.182
253.534
253.886
254.238
254.59
254.942
255.294
255.646
256.0
256.461
256.922
257.383
257.844
258.305
258.766
259.23
259.508
259.786
260.064
260.342
260.62
260.9
261.103
261.306
261.509
261.712
261.915
262.118
262.321
262.524
262.727
262.93
263.183
263.435
263.688
263.94
264.192
264.445
264.697
264.95
265.185
265.42
265.655
265.89
266.125
266.36
267.27
268.18
268.812
269.444
270.076
270.709
275.85
276.99
277.463
277.936
278.409
278.882
279.355
279.828
280.303
280.794
281.285
281.776
282.267
282.758
283.249
283.74
284.231
284.722
285.213
285.68
286.147
286.614
287.081
287.548
288.015
288.48
288.99
289.5
290.01
290.52
291.03
291.274
291.518
291.762
292.006
292.25
292.494
292.738
292.982
293.23
293.419
293.608
293.797
293.986
294.175
294.364
294.553
294.742
294.93
295.103
295.276
295.449
295.622
295.795
295.968
296.141
296.31
296.551
296.792
297.033
297.274
297.515
297.756
297.997
298.238
298.48
298.865
299.25
299.635
300.02
300.405
300.79
300.947
301.104
301.261
301.418
301.575
301.732
301.889
302.046
302.203
302.36
302.517
302.674
302.831
302.982
303.225
303.468
303.711
303.954
304.197
304.44
304.735
305.03
305.325
305.62
305.915
306.21
306.505
306.8
307.095
307.39
307.69
308.072
308.454
308.836
309.218
309.6
309.979
310.178
310.377
310.576
310.775
310.974
311.173
311.372
311.571
311.77
312.582
313.394
314.206
315.018
315.83
316.455
317.08
317.705
318.33
318.956
325.179
325.435
325.691
325.947
326.203
326.459
326.715
326.97
327.182
327.394
327.606
327.818
328.03
328.242
328.454
328.666
328.88
329.083
329.286
329.489
329.692
329.895
330.098
330.301
330.504
330.707
330.91
331.115
331.418
331.721
332.024
332.327
332.63
332.933
333.238
333.764
334.29
334.816
335.342
335.867
336.131
336.395
336.659
336.923
337.187
337.45
337.736
338.022
338.308
338.594
338.88
339.166
339.45
339.998
340.546
341.094
341.642
342.19
342.738
343.286
343.83
344.298
344.765
345.232
345.7
345.932
346.164
346.396
346.628
346.86
347.092
347.324
347.556
347.788
348.02
348.251
351.497
354.743
357.989
361.235
364.48
364.765
365.05
365.335
365.62
365.905
366.19
366.475
366.76
367.053
367.346
367.639
367.932
368.225
368.518
368.81
369.129
369.448
369.767
370.086
370.405
370.724
371.042
371.717
372.392
373.067
373.742
374.417
375.092
375.77
376.41
377.053
377.696
378.339
378.982
379.625
380.27
381.167
382.064
382.961
383.858
384.755
385.652
386.549
387.446
388.343
389.24
390.137
391.034
391.931
392.83
393.192
393.554
393.916
394.278
394.64
394.955
395.27
395.585
395.9
396.215
396.53
396.845
397.16
397.475
397.79
398.105
398.42
398.827
399.235
399.643
400.05
400.53
401.01
401.49
401.97
402.45
402.93
403.463
403.996
404.529
405.062
405.595
406.128
406.661
407.194
407.727
408.26
408.615
408.97
409.325
409.68
410.035
410.39
410.745
411.1
411.455
411.81
412.165
412.52
412.87
413.097
413.324
413.551
413.778
414.005
414.232
414.46
414.799
415.138
415.477
415.816
416.155
416.494
416.833
417.172
417.51
418.01
418.51
419.01
419.51
420.01
420.51
420.856
421.202
421.548
421.894
422.24
422.586
422.932
423.278
423.624
423.97
424.32
424.963
425.606
426.249
426.892
427.535
428.18
428.482
428.784
429.086
429.388
429.69
429.99
430.807
431.624
432.441
433.258
434.075
434.89
435.367
435.844
436.321
436.798
437.275
437.752
438.229
438.706
439.183
439.66
440.137
440.61
441.42
442.23
442.428
442.626
442.824
443.022
443.22
443.418
443.616
443.814
444.012
444.21
444.737
445.264
445.791
446.318
446.845
447.372
447.9
448.173
448.446
448.719
448.992
449.265
449.538
449.811
450.084
450.36
450.843
451.326
451.809
452.292
452.775
453.258
453.74
454.146
454.552
454.958
455.364
455.77
456.467
457.164
457.861
458.558
459.257
461.03
462.803
464.576
466.35
466.981
467.612
468.243
468.874
469.505
470.136
470.767
471.398
472.029
472.66
472.983
473.306
473.629
473.952
474.275
474.598
474.921
475.244
475.567
475.89
476.213
476.54
477.666
478.792
479.918
481.044
482.17
483.296
484.42
484.814
485.208
485.602
485.996
486.39
486.784
487.178
487.572
487.966
488.36
488.754
489.15
489.812
490.474
491.136
491.798
492.46
493.122
493.784
494.446
495.108
495.77
496.43
497.072
497.714
498.356
498.998
499.64
500.28
501.14
502.0
502.86
503.72
504.58
505.44
506.3
507.16
510.8
511.369
511.938
512.507
513.076
513.645
514.214
514.783
515.35
515.98
516.61
517.24
517.87
518.5
519.13
519.76
520.39
521.02
521.65
522.282
522.592
522.902
523.212
523.522
523.832
524.142
524.452
524.762
525.072
525.382
525.692
526.0
527.889
528.815
529.741
530.667
531.593
532.52
532.797
533.074
533.351
533.628
533.905
534.182
534.46
534.78
535.1
535.42
535.74
536.06
536.38
536.7
537.136
537.572
538.008
538.444
538.88
539.316
539.752
540.188
540.624
541.06
541.433
541.806
542.179
542.552
542.925
543.298
543.671
544.044
544.42
544.711
545.002
545.293
545.584
545.875
546.166
546.457
546.75
546.958
547.166
547.374
547.582
547.79
548.0
548.471
548.942
549.414
549.616
549.818
550.02
550.222
550.424
550.626
550.83
551.095
551.36
551.625
551.89
552.155
552.42
552.685
552.95
553.215
553.48
553.75
554.342
554.934
555.526
556.118
556.71
556.952
557.194
557.436
557.678
557.92
558.162
558.404
558.65
559.182
559.714
560.246
560.778
561.31
561.842
562.374
562.906
563.438
563.97
564.511
565.052
565.593
566.134
566.675
567.216
567.757
568.298
568.839
569.38
569.722
570.064
570.406
570.748
571.09
571.322
571.554
571.786
572.018
572.25
572.482
572.714
572.95
573.32
573.69
574.06
574.368
574.676
574.984
575.292
575.6
575.908
576.216
576.524
576.832
577.14
577.454
577.768
578.082
578.396
578.71
579.024
579.338
579.652
579.97
580.344
580.718
581.092
581.466
581.84
582.214
582.588
582.96
583.477
583.994
584.511
585.028
585.545
586.062
586.58
586.913
587.245
587.577
587.909
588.241
588.573
588.905
589.24
589.706
590.172
590.638
591.104
591.57
592.142
592.714
593.286
593.858
594.43
595.002
595.574
596.146
596.72
597.055
597.39
597.725
598.06
598.395
598.73
599.065
599.4
599.714
600.028
600.342
600.656
600.97
601.284
601.6
601.853
602.106
602.359
602.612
602.865
603.118
603.371
603.624
603.88
605.307
606.734
608.161
609.588
611.015
612.44
612.701
612.962
613.223
613.484
613.745
614.006
614.27
614.557
614.844
615.131
615.418
615.705
615.99
616.965
617.94
618.915
619.89
620.865
621.84
622.483
623.125
623.768
624.411
625.053
625.696
626.339
626.98
627.312
627.644
627.976
628.308
628.64
628.97
629.279
629.588
629.897
630.206
630.515
630.824
631.133
631.44
631.732
632.024
632.316
632.608
632.9
633.192
633.484
633.776
634.068
634.36
634.65
642.436
650.222
650.466
650.71
650.954
651.198
651.442
651.686
651.93
653.211
654.492
655.773
657.054
658.335
659.616
660.897
662.178
663.459
664.74
665.141
665.542
665.943
666.344
666.745
667.146
667.547
667.948
668.349
668.75
669.279
669.808
670.337
670.866
671.395
671.924
672.45
672.706
672.962
673.218
673.474
673.73
673.986
674.242
674.5
674.871
675.242
675.613
675.984
676.355
676.726
677.097
677.468
677.839
678.21
678.581
678.95
679.384
679.818
680.252
680.686
681.12
681.554
681.988
682.42
682.814
683.208
683.602
683.996
684.39
684.784
685.178
685.572
685.966
686.36
686.754
687.15
687.488
687.826
688.164
688.502
688.84
689.18
689.48
689.78
690.08
690.38
690.68
690.98
691.28
691.58
691.88
692.18
692.48
692.78
693.08
693.664
694.248
694.832
695.416
696.0
696.584
697.168
697.75
697.992
698.234
698.476
698.718
698.96
699.202
699.444
699.686
699.928
700.17
700.572
700.974
701.376
701.778
702.18
702.582
702.984
703.386
703.788
704.19
704.59
705.543
706.496
707.449
708.402
709.355
710.308
711.261
712.214
713.17
714.335
715.5
716.665
717.83
718.248
718.666
719.084
719.502
719.92
720.338
720.756
721.174
721.592
722.01
722.43
722.753
723.076
723.399
723.722
724.045
724.368
724.691
725.014
725.337
725.66
725.983
726.306
726.63
727.0
727.37
727.74
728.11
728.48
728.85
729.102
729.354
729.606
729.858
730.11
730.362
730.614
730.866
731.118
731.37
731.622
731.87
732.231
732.592
732.953
733.314
733.675
734.036
734.309
734.582
734.855
735.128
735.401
735.674
735.947
736.22
736.532
736.844
737.156
737.468
737.78
738.092
738.404
738.716
739.03
739.293
739.556
739.819
740.082
740.345
740.61
740.85
741.09
741.33
741.57
741.81
742.05
742.29
742.53
742.77
743.01
743.466
743.922
744.378
744.834
745.29
745.746
746.202
746.66
747.084
747.508
747.932
748.356
748.78
749.204
749.628
750.052
750.476
750.9
751.324
751.748
752.172
752.596
753.02
753.45
754.042
754.634
755.226
755.818
756.41
757.0
757.365
757.73
758.095
758.46
758.825
759.19
759.555
759.92
760.285
760.65
761.015
761.38
762.332
763.284
764.236
765.188
766.14
767.09
767.489
767.888
768.287
768.686
769.085
769.484
769.88
770.099
770.318
770.537
770.756
770.975
771.194
771.413
771.63
772.073
772.516
772.959
773.402
773.845
774.288
774.731
775.174
775.62
775.967
776.314
776.661
777.008
777.355
777.702
778.049
778.396
778.743
779.09
779.402
779.714
780.026
780.338
780.65
780.96
781.154
781.348
781.542
781.736
781.93
782.124
782.318
782.512
782.706
782.904
783.071
783.238
783.405
783.572
783.739
783.906
784.073
784.24
784.407
784.57
785.393
786.216
787.039
787.862
788.685
789.508
790.331
791.154
791.977
792.8
793.62
793.85
794.08
794.31
794.54
794.77
795.0
795.23
795.46
795.876
796.292
796.708
797.124
797.54
797.956
798.37
798.734
799.098
799.462
799.826
800.19
800.554
800.918
801.28
801.484
801.688
801.892
802.096
802.3
802.504
802.71
803.327
803.944
804.561
805.178
805.795
806.41
806.642
806.875
807.107
807.339
807.572
807.804
808.036
808.268
808.5
808.732
808.964
809.2
809.503
809.806
810.109
810.412
810.715
811.018
811.321
811.62
811.88
812.14
812.4
812.66
812.92
813.18
813.467
813.754
814.041
814.328
814.615
814.902
815.189
815.476
815.766
815.914
816.062
816.21
816.358
816.506
816.654
816.802
816.95
817.098
817.246
817.39
817.889
818.605
819.32
819.508
819.696
819.884
820.072
820.26
820.447
820.635
820.82
821.265
821.71
822.155
822.6
823.045
823.49
824.324
825.158
825.992
826.826
827.66
828.494
829.328
830.16
830.489
830.818
831.147
831.476
831.805
832.134
832.463
832.79
833.526
834.262
834.998
835.734
836.47
837.206
837.942
838.68
839.054
839.428
839.802
840.176
840.55
840.924
841.298
841.672
842.046
842.42
842.75
843.08
843.41
843.74
844.07
846.233
848.396
850.56
851.056
851.552
852.048
852.544
853.04
853.536
854.032
854.53
854.854
855.178
855.502
855.826
856.15
856.474
856.798
857.122
857.45
858.463
859.476
860.489
861.502
862.515
863.53
864.035
864.54
865.045
865.55
866.055
866.56
867.065
867.57
868.075
868.584
868.786
868.988
869.19
869.392
869.594
869.796
870.0
870.236
870.472
870.708
870.944
871.18
871.416
871.65
872.257
872.864
873.471
874.078
874.685
875.292
875.899
876.506
877.11
877.427
877.744
878.061
878.378
878.695
879.01
880.022
881.034
882.047
882.352
882.658
882.964
883.27
883.575
883.88
884.426
884.972
885.518
886.064
886.61
886.925
887.24
887.555
887.87
888.185
888.5
888.815
889.13
889.445
889.76
890.07
890.675
891.28
891.885
892.49
892.679
892.868
893.057
893.246
893.435
893.624
893.813
894.002
894.191
894.38
894.569
894.758
894.942
895.737
896.532
897.327
898.122
898.917
899.712
900.51
900.761
901.012
901.263
901.514
901.765
902.016
902.267
902.518
902.769
903.02
903.27
903.692
904.115
904.538
904.961
905.384
905.807
906.23
906.65
907.148
907.646
908.144
908.642
909.14
909.638
910.136
910.634
911.132
911.63
912.32
913.01
913.7
914.39
915.08
915.77
916.46
917.031
917.602
918.173
918.744
919.315
919.886
920.457
921.028
921.599
922.17
922.74
923.567
924.394
925.221
926.048
926.875
927.702
928.53
929.121
929.712
930.303
930.894
931.485
932.076
932.667
933.26
933.659
934.058
934.457
934.856
935.255
935.654
936.053
936.452
936.851
937.25
937.649
938.05
938.409
938.768
939.127
939.486
939.845
940.204
940.563
940.922
941.28
941.985
942.69
943.395
944.1
944.805
945.51
946.215
946.92
947.625
948.33
949.04
949.352
949.664
949.976
950.288
950.601
950.913
951.226
951.54
952.45
953.36
954.27
955.18
956.09
957.0
957.91
958.82
959.101
959.382
959.663
959.944
960.225
960.506
960.79
961.206
961.622
962.038
962.454
962.87
963.286
963.7
964.902
966.104
967.306
968.508
969.71
970.912
972.114
973.316
974.52
975.017
975.514
976.011
976.508
977.005
977.502
977.999
978.496
978.993
979.49
979.987
980.48
980.965
981.45
981.935
982.42
982.905
983.39
983.875
984.36
984.845
985.33
985.81
986.372
986.934
987.496
988.058
988.62
989.182
989.744
990.306
990.868
991.43
991.992
992.554
993.116
993.678
994.24
994.8
995.026
995.252
995.478
995.704
995.93
996.156
996.382
996.61
997.089
997.568
998.047
998.526
999.005
999.484
999.963
1000.442
1000.921
1001.4
1001.88
1002.458
1003.036
1003.614
1004.192
1004.77
1005.057
1005.344
1005.631
1005.918
1006.205
1006.492
1006.779
1007.066
1007.353
1007.64
1008.245
1008.85
1009.455
1010.06
1010.665
1011.27
1011.875
1012.48
1013.162
1013.844
1014.526
1015.208
1015.89
1016.57
1016.863
1017.156
1017.449
1017.742
1018.035
1018.326
1018.555
1018.784
1019.013
1019.242
1019.471
1019.7
1020.07
1020.44
1020.81
1021.18
1021.55
1021.92
1022.29
1022.66
1023.73
1024.8
1025.87
1026.94
1028.01
1029.079
1029.831
1030.582
1031.334
1032.086
1032.838
1033.588
1034.087
1034.586
1035.085
1035.584
1036.083
1036.582
1037.081
1037.58
1038.079
1038.685
1039.291
1039.897
1040.503
1041.109
1041.715
1042.321
1042.93
1043.462
1043.994
1044.526
1045.058
1045.589
1046.065
1046.541
1047.017
1047.493
1047.969
1048.445
1048.921
1049.397
1049.87
1050.425
1050.98
1051.535
1052.09
1052.645
1053.2
1053.755
1054.31
1054.576
1054.842
1055.108
1055.374
1055.64
1055.906
1056.172
1056.438
1056.7
1057.362
1058.024
1058.686
1059.348
1060.009
1060.367
1060.725
1061.083
1061.441
1061.8
1062.145
1062.49
1062.835
1063.18
1063.525
1063.87
1064.448
1065.026
1065.604
1066.182
1066.76
1067.34
1067.669
1067.998
1068.327
1068.656
1068.985
1069.314
1069.643
1069.972
1070.3
1070.618
1070.936
1071.254
1071.572
1071.89
1072.21
1072.444
1072.678
1072.912
1073.146
1073.38
1073.614
1073.848
1074.082
1074.316
1074.55
1074.784
1075.02
1075.359
1075.698
1076.037
1076.376
1076.715
1077.054
1077.393
1077.732
1078.071
1078.41
1078.929
1079.448
1079.967
1080.486
1081.005
1081.524
1082.043
1082.562
1083.08
1083.449
1083.818
1084.187
1084.556
1084.925
1085.294
1085.663
1086.032
1086.401
1086.77
1087.14
1087.62
1088.1
1088.58
1089.06
1089.54
1090.02
1090.5
1091.172
1091.844
1092.516
1093.188
1093.86
1094.242
1094.624
1095.006
1095.388
1095.77
1096.152
1096.534
1096.916
1097.298
1097.68
1098.062
1098.444
1098.83
1102.718
1106.606
1110.494
1114.381
1114.88
1115.13
1115.38
1115.63
1115.88
1116.13
1116.617
1117.104
1117.591
1118.078
1118.565
1119.052
1119.54
1119.806
1120.072
1120.338
1120.604
1120.87
1121.136
1121.4
1121.696
1121.992
1122.288
1122.584
1122.88
1123.176
1123.47
1124.147
1124.824
1125.501
1126.178
1126.855
1127.532
1128.21
1128.45
1128.69
1128.93
1129.17
1129.41
1129.65
1129.89
1130.13
1130.37
1130.61
1130.85
1131.46
1132.07
1132.68
1133.29
1133.9
1134.51
1135.12
1135.73
1136.34
1136.886
1137.432
1137.978
1138.524
1139.07
1139.616
1140.162
1140.708
1141.25
1141.641
1142.032
1142.423
1142.814
1143.205
1143.596
1143.987
1144.378
1144.769
1145.16
1145.551
1145.94
1146.313
1146.686
1147.059
1147.432
1147.805
1148.18
1148.508
1148.836
1149.164
1149.492
1149.82
1150.148
1150.476
1150.8
1151.165
1151.53
1151.895
1152.26
1152.625
1152.99
1153.355
1153.72
1154.085
1154.45
1154.82
1155.103
1155.386
1155.669
1155.952
1156.235
1156.518
1156.801
1157.084
1157.367
1157.65
1157.93
1158.134
1158.338
1158.542
1158.746
1158.95
1159.154
1159.358
1159.562
1159.766
1159.97
1160.285
1160.6
1160.915
1161.23
1161.553
1161.876
1162.199
1162.522
1162.845
1163.17
1163.45
1163.73
1164.01
1164.29
1164.57
1164.85
1165.132
1165.376
1165.62
1165.864
1166.108
1166.352
1166.596
1166.84
1167.16
1167.48
1167.8
1168.12
1168.44
1168.76
1169.08
1169.28
1169.48
1169.68
1169.88
1170.08
1170.28
1170.48
1170.68
1170.88
1171.08
1171.539
1171.998
1172.457
1172.916
1173.375
1173.834
1174.293
1174.752
1175.21
1175.608
1176.006
1176.404
1176.802
1177.047
1177.292
1177.537
1177.782
1178.027
1178.272
1178.517
1178.76
1179.068
1179.376
1179.684
1179.992
1180.3
1180.608
1180.916
1181.224
1181.532
1181.84
1182.179
1182.518
1182.857
1183.196
1183.535
1183.874
1184.213
1184.552
1184.891
1185.23
1185.569
1185.908
1186.25
1186.594
1186.938
1187.282
1187.625
1187.852
1188.079
1188.306
1188.533
1188.76
1188.987
1189.403
1189.82
1190.042
1190.264
1190.486
1190.994
1191.502
1192.01
1192.257
1192.504
1192.751
1192.998
1193.245
1193.492
1193.739
1193.986
1194.233
1194.476
1194.638
1194.8
1194.962
1195.124
1195.286
1195.448
1195.61
1195.772
1195.934
1196.1
1196.306
1196.512
1196.718
1196.924
1197.13
1197.336
1197.542
1197.748
1197.954
1198.16
1198.366
1198.572
1198.782
1198.983
1199.184
1199.385
1199.586
1199.787
1199.988
1200.189
1200.39
1200.591
1200.792
1200.99
1201.451
1201.912
1202.373
1202.834
1203.295
1203.756
1204.217
1204.68
1205.074
1205.468
1205.862
1206.256
1206.649
1206.869
1207.089
1207.309
1207.529
1207.749
1207.969
1208.19
1208.428
1208.666
1208.904
1209.142
1209.38
1209.618
1209.856
1210.094
1210.332
1210.57
1210.81
1211.238
1211.666
1212.094
1212.522
1212.95
1213.194
1213.438
1213.682
1213.926
1214.17
1214.414
1214.658
1214.902
1215.146
1215.39
1215.634
1215.88
1216.258
1216.636
1217.014
1217.392
1217.77
1218.148
1218.526
1218.904
1219.282
1219.66
1220.04
1220.368
1220.696
1221.024
1221.352
1221.68
1222.008
1222.336
1222.664
1222.99
1223.387
1223.784
1224.181
1224.578
1224.975
1225.372
1225.77
1226.17
1226.57
1226.97
1227.37
1227.77
1228.17
1228.57
1228.972
1229.13
1229.288
1229.446
1229.604
1229.762
1229.92
1230.078
1230.236
1230.394
1230.552
1230.71
1230.868
1231.026
1231.18
1231.65
1232.12
1232.59
1232.89
1233.19
1233.49
1233.79
1234.09
1234.39
1234.785
1235.18
1235.575
1235.97
1236.365
1236.76
1237.161
1237.562
1237.963
1238.364
1238.765
1239.166
1239.57
1240.566
1241.562
1242.558
1243.554
1244.55
1245.546
1246.542
1247.538
1248.53
1248.751
1248.972
1249.193
1249.414
1249.635
1249.856
1250.077
1250.298
1250.519
1250.74
1250.96
1251.27
1251.58
1251.89
1252.2
1252.51
1252.82
1253.116
1253.412
1253.708
1254.004
1254.3
1254.596
1254.89
1255.124
1255.358
1255.592
1255.826
1256.06
1256.294
1256.53
1256.808
1257.086
1257.364
1257.642
1257.92
1258.198
1258.476
1258.754
1259.03
1259.33
1259.63
1259.93
1260.23
1260.53
1260.83
1261.13
1261.391
1261.652
1261.913
1262.174
1262.435
1262.696
1262.957
1263.218
1263.479
1263.74
1264.336
1264.932
1265.528
1266.122
1266.3
1266.478
1266.656
1266.834
1267.012
1267.19
1267.368
1267.546
1267.724
1267.902
1268.08
1268.286
1268.492
1268.698
1268.904
1269.11
1269.316
1269.522
1269.728
1269.934
1270.14
1270.35
1270.563
1270.777
1270.991
1271.205
1271.418
1271.631
1271.845
1272.058
1272.348
1272.638
1272.928
1273.218
1273.508
1273.798
1274.088
1274.38
1274.747
1275.114
1275.481
1275.848
1276.215
1276.58
1276.927
1277.274
1277.621
1277.968
1278.315
1278.662
1279.009
1279.356
1279.7
1279.942
1280.184
1280.426
1280.668
1280.91
1281.152
1281.394
1281.636
1281.878
1282.12
1282.362
1282.604
1282.842
1283.085
1283.328
1283.571
1283.814
1284.057
1284.3
1284.58
1284.86
1285.14
1285.42
1285.7
1285.98
1286.26
1286.54
1287.059
1287.578
1288.097
1288.616
1289.135
1289.654
1290.173
1290.69
1292.765
1294.84
1296.915
1298.99
1300.314
1301.638
1302.962
1304.286
1305.61
1306.934
1308.258
1309.582
1310.904
1311.112
1311.32
1311.528
1311.736
1311.944
1312.152
1312.36
1312.57
1313.03
1313.49
1313.95
1314.41
1314.87
1315.33
1315.595
1315.86
1316.125
1316.39
1316.655
1316.92
1317.185
1317.45
1317.715
1317.98
1318.22
1318.46
1318.7
1318.966
1319.232
1319.498
1319.764
1320.03
1320.296
1320.562
1320.83
1321.189
1321.548
1321.907
1322.266
1322.625
1322.984
1323.34
1323.602
1323.864
1324.126
1324.388
1324.65
1324.912
1325.174
1325.436
1325.7
1326.83
1327.96
1329.09
1330.221
1330.471
1330.721
1330.971
1331.221
1331.471
1331.721
1331.971
1332.221
1332.471
1332.72
1333.206
1333.692
1334.178
1334.664
1335.15
1335.636
1336.124
1336.79
1337.012
1337.234
1337.456
1337.678
1337.9
1338.122
1338.344
1338.566
1338.788
1339.01
1339.318
1339.626
1339.934
1340.242
1340.55
1340.858
1341.166
1341.474
1341.782
1342.09
1342.447
1342.804
1343.161
1343.518
1343.875
1344.232
1344.59
1344.933
1345.276
1345.619
1345.962
1346.305
1346.648
1346.991
1347.334
1347.677
1348.02
1348.363
1348.706
1349.05
1349.339
1349.628
1349.917
1350.206
1350.495
1350.784
1351.073
1351.362
1351.651
1351.94
1352.23
1352.562
1352.894
1353.226
1353.559
1353.891
1354.224
1354.556
1354.889
1355.221
1355.553
1355.886
1356.22
1356.41
1356.6
1356.79
1356.98
1357.17
1357.36
1357.55
1357.74
1357.93
1358.12
1358.31
1358.654
1358.998
1359.342
1359.686
1360.03
1360.374
1360.718
1361.062
1361.406
1361.752
1362.138
1362.524
1362.91
1363.296
1363.682
1364.068
1364.454
1364.84
1365.23
1365.575
1365.92
1366.265
1366.61
1366.955
1367.299
1367.729
1368.159
1368.59
1369.046
1369.502
1369.958
1370.487
1371.016
1371.545
1372.074
1372.603
1373.132
1373.66
1374.334
1375.008
1375.682
1376.356
1377.03
1378.932
1379.178
1379.424
1379.67
1379.916
1380.162
1380.408
1380.654
1380.9
1381.146
1381.39
1381.726
1382.062
1382.398
1382.734
1383.07
1383.406
1383.74
1384.023
1384.305
1384.588
1384.87
1385.152
1385.435
1385.717
1386.0
1386.283
1386.565
1386.848
1387.13
1388.71
1390.29
1390.672
1391.054
1391.436
1391.818
1392.2
1392.58
1393.108
1393.636
1394.164
1394.692
1395.22
1395.601
1395.982
1396.363
1396.744
1397.125
1397.506
1397.887
1398.27
1398.503
1398.736
1398.969
1399.202
1399.435
1399.668
1399.9
1400.13
1400.374
1400.618
1400.862
1401.106
1401.35
1401.594
1401.838
1402.042
1402.246
1402.45
1402.654
1402.858
1403.062
1403.266
1403.47
1403.678
1403.886
1404.094
1404.302
1404.51
1404.718
1404.926
1405.136
1405.43
1405.724
1406.018
1406.312
1406.606
1406.9
1407.194
1407.488
1407.78
1407.991
1408.202
1408.413
1408.624
1408.835
1409.046
1409.257
1409.468
1409.679
1409.89
1410.078
1410.266
1410.454
1410.642
1410.83
1411.018
1411.206
1411.394
1411.582
1411.77
1411.96
1412.221
1412.482
1412.743
1413.004
1413.265
1413.526
1413.787
1414.048
1414.31
1414.602
1414.894
1415.186
1415.478
1415.77
1416.062
1416.354
1416.646
1416.94
1417.28
1417.62
1417.96
1418.3
1418.64
1418.98
1419.32
1419.66
1420.0
1420.34
1420.677
1421.014
1421.351
1421.688
1422.025
1422.36
1422.59
1422.82
1423.05
1423.28
1423.51
1423.74
1423.97
1424.2
1424.43
1424.93
1425.251
1425.572
1425.893
1426.214
1426.535
1426.856
1427.18
1427.441
1427.702
1427.963
1428.224
1428.485
1428.745
1429.005
1429.266
1429.527
1429.785
1430.591
1431.397
1432.203
1433.01
1433.291
1433.572
1433.853
1434.134
1434.415
1434.696
1434.977
1435.258
1435.54
1436.057
1436.574
1437.09
1437.259
1437.428
1437.597
1437.766
1437.935
1438.104
1438.273
1438.442
1438.611
1438.78
1438.949
1439.118
1439.287
1439.456
1439.63
1439.994
1440.358
1440.722
1441.086
1441.45
1441.814
1442.178
1442.54
1442.828
1443.116
1443.404
1443.692
1443.98
1444.268
1444.556
1444.844
1445.13
1445.355
1445.58
1445.805
1446.03
1446.255
1446.48
1446.705
1446.93
1447.155
1447.38
1447.61
1448.01
1448.41
1448.81
1449.21
1449.61
1450.01
1450.41
1450.682
1450.954
1451.226
1451.498
1451.77
1452.04
1452.311
1452.582
1452.853
1453.124
1453.395
1453.666
1453.937
1454.208
1454.479
1454.75
1455.139
1455.528
1455.917
1456.306
1456.695
1457.084
1457.473
1457.862
1458.251
1458.64
1458.856
1459.072
1459.288
1459.504
1459.72
1459.936
1460.152
1460.368
1460.584
1460.8
1461.016
1461.23
1461.606
1461.982
1462.358
1462.734
1463.11
1463.486
1463.862
1464.238
1464.614
1464.99
1465.362
1465.717
1466.072
1466.427
1466.782
1467.137
1467.492
1467.847
1468.202
1468.56
1468.877
1469.194
1469.511
1469.828
1470.145
1470.462
1470.78
1471.547
1472.314
1473.082
1473.264
1473.446
1473.628
1473.81
1473.992
1474.174
1474.356
1474.54
1474.807
1475.074
1475.341
1475.608
1475.875
1476.14
1476.463
1476.786
1477.109
1477.432
1477.755
1478.078
1478.4
1478.91
1479.42
1479.93
1480.44
1480.95
1481.46
1481.745
1482.03
1482.315
1482.6
1482.885
1483.17
1483.455
1483.74
1484.025
1484.31
1484.6
1485.029
1485.458
1485.887
1486.316
1486.745
1487.174
1487.603
1488.032
1488.461
1488.89
1489.319
1489.75
1490.119
1490.488
1490.857
1491.226
1491.595
1491.964
1492.333
1492.7
1493.123
1493.546
1493.969
1494.392
1494.815
1495.238
1495.661
1496.084
1496.51
1496.732
1496.954
1497.176
1497.398
1497.62
1497.842
1498.064
1498.286
1498.506
1498.95
1499.394
1499.838
1500.282
1500.726
1501.17
1501.612
1501.855
1502.098
1502.341
1502.584
1502.827
1503.07
1503.704
1504.338
1504.972
1505.606
1506.24
1506.496
1506.752
1507.008
1507.264
1507.52
1507.776
1508.03
1508.48
1508.93
1509.38
1509.83
1510.28
1510.555
1510.83
1511.105
1511.38
1511.655
1511.93
1512.205
1512.48
1512.894
1513.308
1513.722
1514.136
1514.55
1514.964
1515.38
1515.707
1516.034
1516.361
1516.688
1517.015
1517.342
1517.669
1517.996
1518.323
1518.65
1518.977
1519.304
1519.63
1519.821
1520.012
1520.203
1520.394
1520.585
1520.776
1520.967
1521.158
1521.349
1521.54
1521.731
1521.92
1522.116
1522.312
1522.508
1522.704
1522.9
1523.096
1523.292
1523.488
1523.684
1523.878
1524.082
1524.286
1524.49
1524.694
1524.898
1525.102
1525.306
1525.51
1525.714
1525.918
1526.12
1526.589
1527.058
1527.527
1527.996
1528.465
1528.934
1529.403
1529.87
1530.097
1530.324
1530.552
1530.779
1531.006
1531.234
1531.461
1531.69
1531.975
1532.26
1532.545
1532.83
1533.115
1533.4
1533.684
1533.958
1534.232
1534.506
1534.78
1535.054
1535.328
1535.6
1538.42
1539.125
1539.83
1540.248
1540.666
1541.084
1541.502
1541.92
1542.69
1543.46
1544.23
1545.0
1545.77
1546.54
1547.31
1547.721
1548.132
1548.543
1548.954
1549.365
1549.776
1550.187
1550.598
1551.009
1551.42
1551.83
1552.1
1552.37
1552.64
1552.91
1553.18
1553.45
1553.9
1554.35
1554.8
1555.25
1555.757
1556.264
1556.771
1557.278
1557.785
1558.292
1558.799
1559.306
1559.813
1560.32
1560.83
1561.012
1561.195
1561.378
1561.561
1561.744
1561.927
1562.11
1562.29
1562.79
1563.04
1563.29
1563.54
1563.79
1564.04
1564.29
1564.687
1565.084
1565.481
1565.878
1566.275
1566.67
1567.112
1567.554
1567.996
1568.438
1568.88
1569.322
1570.03
1570.28
1570.529
1570.904
1571.279
1571.654
1572.03
1572.342
1572.655
1572.967
1573.28
1573.592
1573.905
1574.184
1574.463
1574.742
1575.021
1575.3
1575.58
1575.972
1576.364
1576.756
1577.148
1577.54
1580.435
1581.308
1582.181
1583.054
1583.928
1586.423
1587.375
1588.327
1589.279
1590.23
1590.888
1591.546
1592.204
1592.862
1593.52
1594.18
1594.35
1594.52
1594.69
1594.86
1595.03
1595.2
1595.37
1595.54
1595.71
1595.88
1596.115
1596.35
1596.585
1596.82
1597.055
1597.29
1597.525
1597.76
1597.995
1598.23
1598.673
1599.116
1599.559
1600.002
1600.445
1600.888
1601.331
1601.774
1602.217
1602.66
1603.104
1603.281
1603.458
1603.635
1603.812
1603.989
1604.166
1604.343
1604.52
1604.757
1604.995
1605.232
1605.469
1605.707
1605.945
1606.182
1606.419
1606.657
1606.895
1608.182
1609.47
1609.838
1610.206
1610.573
1610.94
1611.332
1611.724
1612.116
1612.508
1612.9
1613.66
1614.42
1615.28
1615.524
1615.768
1616.012
1616.256
1616.5
1616.744
1616.988
1617.23
1617.54
1617.85
1618.16
1618.47
1618.78
1619.09
1619.4
1619.946
1620.492
1621.038
1621.584
1622.13
1622.676
1623.22
1623.69
1624.16
1624.63
1625.1
1625.57
1626.04
1626.51
1626.98
1627.45
1627.92
1628.195
1628.47
1628.745
1629.02
1629.295
1629.57
1629.845
1630.12
1630.395
1630.67
1630.945
1631.22
1631.495
1631.77
1632.04
1632.383
1632.726
1633.069
1633.412
1633.755
1634.1
1634.546
1634.992
1635.438
1635.884
1636.33
1636.668
1637.005
1637.343
1637.681
1638.019
1638.357
1638.695
1639.03
1639.289
1639.548
1639.807
1640.066
1640.324
1640.775
1641.226
1641.677
1642.128
1642.579
1643.03
1643.481
1643.932
1644.383
1644.834
1645.29
1645.706
1646.122
1646.538
1646.954
1647.37
1647.786
1648.2
1648.717
1649.234
1649.751
1650.268
1650.786
1650.961
1651.136
1651.311
1651.486
1651.66
1652.026
1652.392
1652.758
1653.124
1653.49
1653.856
1654.222
1654.588
1654.95
1655.187
1655.424
1655.661
1655.898
1656.135
1656.372
1656.612
1656.854
1657.096
1657.338
1657.58
1657.82
1658.14
1658.46
1658.78
1659.1
1659.42
1659.74
1660.01
1660.28
1660.55
1660.82
1661.09
1661.36
1661.63
1661.9
1662.17
1662.44
1662.71
1663.155
1663.6
1664.045
1664.49
1664.935
1665.38
1665.825
1666.27
1666.641
1667.012
1667.383
1667.754
1668.125
1668.496
1668.867
1669.238
1669.609
1669.98
1670.35
1670.797
1671.244
1671.69
1671.929
1672.168
1672.407
1672.646
1672.885
1673.124
1673.363
1673.602
1673.841
1674.08
1674.508
1674.936
1675.364
1675.792
1676.22
1676.65
1676.963
1677.276
1677.589
1677.902
1678.215
1678.528
1678.841
1679.154
1679.467
1679.78
1680.09
1680.412
1680.734
1681.056
1681.378
1681.7
1682.022
1682.344
1682.666
1682.988
1683.31
1683.731
1684.152
1684.573
1684.994
1685.415
1685.836
1686.257
1686.415
1686.573
1686.731
1686.889
1687.047
1687.205
1687.363
1687.521
1687.679
1687.84
1688.473
1689.106
1689.739
1690.372
1691.005
1691.638
1692.271
1692.904
1693.537
1694.17
1694.803
1695.44
1695.938
1696.436
1696.934
1697.432
1697.93
1698.43
1699.226
1700.022
1700.818
1701.614
1702.409
1702.579
1702.749
1702.919
1703.089
1703.259
1703.429
1703.599
1703.769
1703.939
1704.109
1704.279
1704.45
1704.657
1704.864
1705.071
1705.278
1705.485
1705.692
1705.899
1706.106
1706.31
1706.538
1706.766
1706.994
1707.222
1707.45
1707.678
1707.906
1708.134
1708.362
1708.594
1708.751
1708.908
1709.065
1709.222
1709.379
1709.536
1709.693
1709.85
1710.01
1710.251
1710.492
1710.733
1710.974
1711.215
1711.456
1711.609
1711.762
1711.915
1712.068
1712.221
1712.374
1712.527
1712.68
1712.83
1713.034
1713.238
1713.442
1713.646
1713.85
1714.054
1714.258
1714.462
1714.663
1714.918
1715.173
1715.428
1715.683
1715.938
1716.193
1716.448
1716.703
1716.958
1717.213
1717.468
1717.723
1717.978
1718.233
1718.49
1718.987
1719.485
1719.982
1720.479
1720.976
1721.474
1721.971
1722.47
1723.181
1723.892
1724.603
1725.314
1726.027
1726.194
1726.361
1726.528
1726.695
1726.86
1727.05
1727.24
1727.43
1727.62
1727.81
1728.0
1728.193
1728.443
1728.693
1728.943
1729.193
1729.443
1729.69
1729.927
1730.164
1730.401
1730.638
1730.875
1731.112
1731.349
1731.586
1731.82
1732.165
1732.51
1732.855
1733.2
1733.545
1733.89
1734.235
1734.58
1734.925
1735.27
1735.61
1736.2
1736.79
1737.38
1737.673
1737.966
1738.258
1738.55
1739.313
1740.076
1740.84
1741.417
1741.994
1742.571
1743.148
1743.725
1744.304
1744.506
1744.708
1744.91
1745.112
1745.314
1745.516
1745.72
1745.955
1746.19
1746.425
1746.66
1746.895
1747.13
1747.365
1747.6
1747.835
1748.07
1748.305
1748.54
1748.983
1749.425
1749.867
1750.309
1750.751
1751.193
1751.635
1752.08
1752.378
1752.676
1752.974
1753.272
1753.57
1753.868
1754.166
1754.464
1754.76
1755.075
1755.39
1755.705
1756.02
1756.335
1756.65
1756.965
1757.28
1757.932
1758.584
1759.236
1759.888
1760.54
1761.19
1761.474
1761.758
1762.042
1762.326
1762.61
1762.894
1763.178
1763.46
1763.693
1763.926
1764.159
1764.392
1764.625
1764.858
1765.091
1765.324
1765.557
1765.79
1766.029
1766.268
1766.507
1766.746
1766.985
1767.224
1767.463
1767.702
1767.94
1768.234
1768.528
1768.822
1769.116
1769.41
1769.704
1770.0
1770.29
1770.58
1770.87
1771.16
1771.45
1771.74
1772.03
1772.32
1772.61
1772.9
1773.19
1773.48
1773.77
1774.06
1774.39
1774.72
1775.05
1775.38
1775.71
1776.04
1776.437
1776.834
1777.231
1777.628
1778.025
1778.42
1778.877
1779.334
1779.791
1780.248
1780.705
1781.162
1781.619
1782.076
1782.533
1782.99
1783.283
1783.575
1783.868
1784.16
1784.453
1784.745
1785.037
1785.33
1785.655
1785.98
1786.305
1786.63
1786.955
1787.28
1787.605
1787.93
1788.255
1788.58
1788.905
1789.23
1789.605
1789.98
1790.355
1790.73
1791.105
1791.48
1791.855
1792.23
1792.483
1792.736
1792.989
1793.242
1793.495
1793.747
1794.0
1794.25
1794.684
1795.118
1795.552
1795.986
1796.42
1796.67
1796.92
1797.17
1797.42
1797.67
1797.92
1798.17
1798.42
1798.67
1799.428
1800.186
1800.944
1801.702
1802.46
1803.22
1803.55
1803.88
1804.21
1804.54
1804.87
1805.2
1805.53
1805.86
1806.19
1806.901
1807.612
1808.323
1809.034
1809.745
1810.456
1811.167
1811.878
1812.589
1813.3
1813.807
1814.314
1814.822
1815.329
1815.836
1816.343
1816.851
1817.36
1818.097
1818.834
1819.572
1820.31
1820.56
1820.81
1821.06
1821.21
1821.36
1821.51
1821.66
1821.81
1821.96
1822.11
1822.26
1822.528
1822.796
1823.064
1823.332
1823.6
1823.883
1824.166
1824.449
1824.732
1825.015
1825.298
1825.581
1825.864
1826.147
1826.43
1826.633
1826.836
1827.039
1827.242
1827.445
1827.648
1827.851
1828.054
1828.255
1828.506
1828.757
1829.008
1829.26
1829.998
1830.736
1831.474
1832.212
1832.95
1833.69
1834.532
1835.374
1836.216
1837.058
1837.9
1838.74
1839.084
1839.428
1839.772
1840.116
1840.46
1840.804
1841.148
1841.492
1841.836
1842.18
1842.52
1842.83
1843.14
1843.45
1843.76
1844.194
1844.628
1845.062
1845.496
1845.93
1846.364
1846.798
1847.23
1847.59
1847.95
1848.31
1848.67
1849.03
1849.39
1849.75
1850.11
1850.47
1850.83
1851.19
1851.55
1851.85
1852.15
1852.45
1852.75
1853.05
1853.35
1853.65
1853.95
1854.25
1854.867
1855.484
1856.101
1856.718
1857.336
1857.573
1857.81
1858.047
1858.284
1858.521
1858.758
1858.995
1859.232
1859.469
1859.71
1860.009
1860.308
1860.607
1860.906
1861.205
1861.504
1861.803
1862.102
1862.401
1862.7
1863.021
1863.342
1863.663
1863.984
1864.305
1864.626
1864.947
1865.268
1865.589
1865.91
1866.231
1866.552
1866.87
1867.2
1867.53
1867.86
1868.19
1868.52
1868.85
1869.18
1869.51
1869.722
1869.934
1870.146
1870.358
1870.57
1870.782
1870.994
1871.206
1871.418
1871.63
1871.84
1872.031
1872.222
1872.413
1872.604
1872.795
1872.986
1873.177
1873.368
1873.559
1873.75
1873.94
1874.326
1874.712
1875.098
1875.484
1875.87
1876.256
1876.642
1877.028
1877.414
1877.8
1878.19
1878.538
1878.886
1879.234
1879.582
1879.93
1880.238
1880.546
1880.854
1881.162
1881.47
1881.778
1882.086
1882.394
1882.7
1883.016
1883.332
1883.648
1883.964
1884.28
1884.596
1884.91
1885.564
1886.218
1886.872
1887.526
1888.18
1888.636
1889.092
1889.548
1890.004
1890.46
1890.916
1891.37
1891.796
1892.222
1892.648
1893.074
1893.5
1893.926
1894.352
1894.553
1894.754
1894.955
1895.156
1895.357
1895.56
1895.827
1896.094
1896.361
1896.628
1896.895
1897.162
1897.429
1897.696
1897.963
1898.23
1898.5
1898.83
1899.16
1899.49
1899.881
1900.272
1900.663
1901.054
1901.445
1901.836
1902.23
1902.53
1902.83
1903.13
1903.43
1903.73
1904.03
1904.33
1904.63
1904.951
1905.272
1905.593
1905.914
1906.235
1906.556
1906.88
1907.223
1907.566
1907.909
1908.252
1908.595
1908.94
1909.235
1909.53
1909.825
1910.12
1910.415
1910.71
1910.989
1911.268
1911.547
1911.826
1912.105
1912.384
1912.66
1913.009
1913.358
1913.707
1914.056
1914.405
1914.754
1915.103
1915.45
1915.718
1915.986
1916.254
1916.522
1916.79
1917.394
1917.998
1918.602
1919.206
1919.81
1920.414
1921.018
1921.62
1922.015
1922.41
1922.805
1923.2
1923.595
1923.99
1924.385
1924.78
1925.175
1925.57
1925.96
1926.858
1927.756
1928.654
1929.552
1930.45
1931.35
1934.89
1938.43
1938.661
1938.892
1939.123
1939.354
1939.585
1939.816
1940.047
1940.278
1940.509
1940.74
1940.971
1941.202
1941.43
1941.995
1942.56
1943.77
1944.98
1946.19
1947.4
1949.675
1951.95
1954.225
1956.5
1956.809
1957.118
1957.427
1957.736
1958.045
1958.354
1958.663
1958.97
1959.41
1959.85
1960.29
1960.73
1961.17
1961.61
1962.05
1962.533
1963.016
1963.499
1963.982
1964.465
1964.948
1965.43
1965.684
1965.938
1966.192
1966.446
1966.7
1966.954
1967.21
1967.518
1967.826
1968.134
1968.442
1968.75
1969.058
1969.366
1969.674
1969.982
1970.29
1970.598
1970.91
1971.09
1971.27
1971.45
1971.63
1971.81
1971.99
1972.17
1972.35
1972.53
1972.924
1973.318
1973.712
1974.106
1974.5
1975.409
1976.318
1977.227
1978.136
1979.045
1979.954
1980.86
1981.824
1982.788
1983.752
1984.716
1985.68
1986.644
1987.61
1988.443
1989.276
1990.11
1990.794
1991.478
1992.162
1992.846
1993.53
1994.214
1994.898
1995.58
1995.841
1996.102
1996.363
1996.624
1996.885
1997.146
1997.41
1998.082
1998.755
1999.428
2000.1
2000.514
2000.928
2001.342
2001.756
2002.17
2002.584
2002.998
2003.412
2003.83
2004.195
2004.56
2004.993
2005.426
2005.859
2006.292
2006.725
2007.158
2007.59
2007.899
2008.208
2008.517
2008.826
2009.135
2009.444
2009.75
2011.186
2012.622
2014.058
2015.494
2016.93
2018.366
2019.802
2021.238
2022.674
2024.11
2025.546
2026.982
2028.418
2029.854
2031.29
2032.726
2034.162
2035.6
2036.284
2036.968
2037.652
2038.336
2039.02
2039.704
2040.388
2041.072
2041.756
2042.106
2042.456
2042.806
2043.156
2043.506
2043.856
2044.206
2044.556
2044.906
2045.256
2045.61
2046.085
2046.56
2047.035
2047.51
2047.985
2048.46
2048.708
2048.956
2049.204
2049.452
2049.7
2049.948
2050.196
2050.444
2050.69
2051.168
2051.646
2052.124
2052.601
2053.079
2053.557
2054.034
2054.512
2054.99
2055.467
2055.945
2056.42
2056.655
2056.89
2057.125
2057.36
2057.595
2057.83
2058.041
2058.252
2058.463
2058.674
2058.885
2059.096
2059.307
2059.518
2059.729
2059.94
2060.216
2060.492
2060.768
2061.044
2061.32
2061.596
2061.872
2062.148
2062.424
2062.699
2063.276
2063.853
2064.43
2065.007
2065.215
2065.423
2065.631
2065.84
2066.497
2067.154
2067.81
2068.128
2068.446
2068.764
2069.08
2069.472
2069.865
2070.257
2070.649
2071.041
2071.434
2071.827
2072.22
2072.612
2073.005
2073.398
2073.79
2074.623
2075.456
2076.289
2077.122
2077.955
2078.788
2079.621
2080.454
2081.287
2082.12
2082.507
2082.894
2083.281
2083.668
2084.055
2084.442
2084.83
2085.017
2085.204
2085.391
2085.578
2085.765
2085.952
2086.139
2086.326
2086.51
2087.121
2087.732
2088.343
2088.954
2089.565
2090.176
2090.787
2091.4
2091.742
2092.084
2092.425
2092.767
2093.108
2093.449
2093.914
2094.379
2094.844
2095.309
2095.774
2096.239
2096.704
2097.169
2097.63
2097.95
2098.27
2098.59
2098.91
2099.701
2100.492
2101.283
2102.074
2102.865
2103.656
2104.447
2105.238
2106.03
2106.605
2107.18
2107.755
2108.33
2108.591
2108.852
2109.113
2109.374
2109.635
2109.896
2110.157
2110.418
2110.679
2110.94
2111.201
2111.46
2114.664
2117.868
2118.214
2118.56
2118.906
2119.252
2119.598
2119.944
2120.288
2120.616
2120.944
2121.272
2121.6
2121.928
2122.256
2122.584
2122.912
2123.24
2123.561
2123.882
2124.203
2124.524
2124.845
2125.166
2125.487
2125.808
2126.129
2126.45
2126.771
2127.09
2127.446
2127.802
2128.158
2128.514
2128.87
2129.226
2129.582
2129.938
2130.29
2130.597
2130.904
2131.211
2131.518
2131.825
2132.13
2132.775
2133.42
2134.065
2134.71
2135.355
2136.0
2136.293
2136.586
2136.879
2137.172
2137.465
2137.758
2138.049
2138.29
2138.531
2138.772
2139.013
2139.254
2139.495
2139.736
2139.977
2140.215
2140.454
2140.693
2140.932
2141.171
2141.41
2141.649
2141.888
2142.127
2142.366
2142.608
2142.929
2143.25
2143.572
2143.822
2144.072
2144.322
2144.572
2144.863
2145.154
2145.445
2145.736
2146.027
2146.318
2146.61
2146.868
2147.126
2147.383
2147.64
2148.037
2148.434
2148.83
2149.44
2150.05
2150.66
2151.27
2152.658
2154.046
2155.434
2156.822
2158.21
2158.481
2158.752
2159.023
2159.294
2159.565
2159.836
2160.107
2160.378
2160.649
2160.92
2161.191
2161.462
2161.73
2162.301
2162.872
2163.443
2164.014
2164.585
2165.156
2165.73
2166.486
2167.242
2167.998
2168.754
2169.51
2170.266
2171.022
2171.778
2172.53
2172.85
2173.17
2173.49
2173.81
2174.13
2174.45
2174.859
2175.268
2175.677
2176.086
2176.495
2176.904
2177.313
2177.722
2178.131
2178.54
2178.95
2179.653
2180.356
2181.059
2181.762
2182.465
2183.168
2183.871
2184.574
2185.28
2185.682
2186.084
2186.486
2186.888
2187.29
2187.631
2187.972
2188.313
2188.654
2188.995
2189.336
2189.677
2190.018
2190.359
2190.7
2191.191
2191.682
2192.173
2192.664
2193.155
2193.646
2194.137
2194.63
2195.322
2196.014
2196.706
2197.398
2198.09
2198.78
2199.106
2199.432
2199.758
2200.084
2200.41
2200.736
2201.062
2201.388
2201.714
2202.04
2202.345
2202.65
2202.955
2203.26
2203.565
2203.87
2204.175
2204.48
2204.97
2205.46
2205.95
2206.345
2206.74
2207.135
2207.53
2207.925
2208.32
2208.715
2209.11
2209.603
2210.096
2210.589
2211.082
2211.575
2212.068
2212.561
2213.054
2213.55
2213.812
2214.074
2214.336
2214.598
2214.86
2215.12
2215.445
2215.77
2216.095
2216.42
2216.745
2217.07
2217.395
2217.72
2218.045
2218.37
2218.585
2218.8
2219.015
2219.23
2219.445
2219.66
2219.875
2220.09
2220.305
2220.52
2220.735
2220.95
2221.457
2221.965
2222.473
2222.98
2223.565
2224.15
2224.735
2225.32
2225.905
2226.49
2227.075
2227.66
2228.245
2228.83
2229.42
2229.868
2230.316
2230.764
2231.212
2231.66
2232.108
2232.556
2233.004
2233.452
2233.9
2234.348
2234.796
2235.24
2235.603
2235.966
2236.329
2236.692
2237.055
2237.418
2237.781
2238.144
2238.51
2239.017
2239.524
2240.031
2240.538
2241.045
2241.551
2242.05
2243.513
2244.976
2246.44
2247.296
2248.152
2249.008
2249.864
2250.72
2251.576
2252.432
2253.288
2254.144
2255.0
2255.856
2256.71
2257.05
2257.39
2257.73
2258.07
2258.41
2258.75
2259.652
2260.554
2261.456
2262.358
2263.26
2264.162
2265.064
2265.966
2266.868
2267.77
2268.707
2269.644
2270.58
2270.81
2271.04
2271.27
2271.5
2271.73
2271.96
2272.19
2272.417
2273.402
2274.387
2275.372
2276.357
2277.342
2278.327
2279.312
2280.3
2280.798
2281.296
2281.794
2282.292
2282.79
2283.29
2283.746
2284.202
2284.658
2285.114
2285.57
2286.026
2286.482
2286.938
2287.394
2287.85
2288.306
2288.76
2288.985
2289.21
2289.435
2289.66
2289.885
2290.11
2290.335
2290.56
2290.785
2291.01
2291.16
2291.31
2291.46
2291.61
2291.76
2292.233
2292.706
2293.179
2293.652
2294.125
2294.6
2294.942
2295.284
2295.626
2295.968
2296.31
2296.652
2296.994
2297.336
2297.682
2299.206
2300.731
2302.256
2303.78
2304.638
2305.496
2306.354
2307.212
2308.07
2308.928
2309.786
2310.644
2311.502
2312.36
2312.69
2313.02
2313.35
2313.68
2314.01
2314.34
2314.67
2315.04
2315.41
2315.78
2316.15
2316.52
2316.89
2317.26
2317.63
2318.0
2318.37
2318.778
2319.185
2319.592
2320.0
2320.499
2320.998
2321.497
2321.996
2322.495
2322.994
2323.493
2323.992
2324.49
2324.899
2325.308
2325.717
2326.126
2326.535
2326.944
2327.353
2327.762
2328.171
2328.58
2328.989
2329.398
2329.807
2330.21
2330.44
2330.67
2330.9
2331.13
2331.36
2331.59
2331.82
2332.05
2332.28
2332.836
2333.392
2333.948
2334.504
2335.06
2335.616
2336.172
2336.728
2337.284
2337.84
2338.071
2338.302
2338.533
2338.764
2338.995
2339.226
2339.457
2339.688
2339.919
2340.15
2340.381
2340.61
2340.929
2341.248
2341.567
2341.886
2342.205
2342.524
2342.84
2343.223
2343.606
2343.989
2344.372
2344.755
2345.138
2345.521
2345.9
2346.139
2346.378
2346.617
2346.856
2347.095
2347.334
2347.57
2348.1
2348.63
2349.16
2349.69
2350.22
2350.75
2351.28
2351.805
2352.33
2352.855
2353.38
2353.905
2354.43
2354.955
2355.48
2356.005
2356.53
2357.055
2357.58
2358.11
2358.389
2358.668
2358.947
2359.226
2359.505
2359.784
2360.063
2360.34
2360.929
2361.518
2362.107
2362.696
2363.285
2363.874
2364.463
2365.052
2365.64
2366.054
2366.468
2366.882
2367.296
2367.71
2368.124
2368.538
2368.952
2369.37
2369.603
2369.836
2370.069
2370.302
2370.535
2370.768
2371.001
2371.234
2371.47
2371.969
2373.056
2374.143
2375.23
2376.317
2377.404
2378.491
2379.58
2379.809
2380.038
2380.267
2380.496
2380.725
2380.954
2381.183
2381.412
2381.641
2381.87
2382.099
2382.328
2382.56
2382.802
2383.044
2383.286
2383.528
2383.77
2384.012
2384.254
2384.496
2384.74
2385.211
2385.682
2386.153
2386.624
2387.095
2387.566
2388.037
2388.511
2389.01
2389.43
2389.85
2390.27
2390.69
2391.11
2391.53
2391.95
2392.37
2392.79
2393.21
2393.436
2393.662
2393.888
2394.114
2394.34
2394.566
2394.792
2395.018
2395.244
2395.47
2395.696
2395.922
2396.15
2396.796
2397.442
2398.088
2398.734
2399.38
2400.026
2400.672
2401.318
2401.964
2402.61
2403.077
2403.544
2404.011
2404.478
2404.945
2405.412
2405.879
2406.346
2406.813
2407.28
2407.747
2408.21
2408.488
2408.766
2409.044
2409.322
2409.6
2409.878
2410.156
2410.434
2410.712
2410.99
2411.268
2411.546
2411.83
2412.059
2412.288
2412.517
2412.746
2412.975
2413.204
2413.43
2413.874
2414.318
2414.762
2415.206
2415.65
2415.978
2416.306
2416.634
2416.962
2417.29
2417.618
2417.946
2418.274
2418.6
2418.821
2419.042
2419.263
2419.484
2419.705
2419.926
2420.147
2420.368
2420.589
2420.81
2421.153
2421.495
2421.837
2422.18
2422.469
2422.758
2423.047
2423.336
2423.625
2423.914
2424.203
2424.492
2424.781
2425.07
2425.31
2425.55
2425.79
2426.03
2426.27
2426.51
2426.75
2426.99
2427.608
2428.226
2428.844
2429.462
2430.08
2430.361
2430.642
2430.923
2431.204
2431.485
2431.766
2432.05
2432.394
2432.738
2433.082
2433.426
2433.77
2434.114
2434.458
2434.8
2435.083
2435.366
2435.649
2435.932
2436.215
2436.498
2436.781
2437.064
2437.347
2437.63
2437.913
2438.196
2438.479
2438.76
2439.453
2440.146
2440.84
2441.366
2441.892
2442.418
2442.944
2443.47
2443.996
2444.522
2445.05
2445.438
2445.825
2446.212
2446.599
2446.986
2447.373
2447.76
2448.15
2448.41
2448.67
2448.93
2449.19
2449.45
2449.71
2449.97
2450.23
2450.49
2450.75
2451.01
2451.27
2451.53
2451.79
2452.013
2452.236
2452.459
2452.682
2452.905
2453.128
2453.351
2453.574
2453.797
2454.02
2454.243
2454.466
2454.69
2455.017
2455.344
2455.671
2455.998
2456.325
2456.652
2456.979
2457.306
2457.633
2457.96
2458.567
2459.174
2459.781
2460.388
2460.995
2461.602
2462.209
2462.816
2463.423
2464.03
2464.637
2465.244
2465.854
2466.187
2466.52
2466.853
2467.186
2467.52
2467.82
2468.12
2468.42
2468.72
2469.02
2469.32
2469.62
2469.83
2470.04
2470.25
2470.46
2470.67
2470.88
2471.09
2471.53
2471.97
2472.41
2472.85
2473.29
2473.73
2474.23
2474.73
2475.23
2475.73
2476.23
2476.73
2477.23
2477.73
2478.245
2478.76
2479.275
2479.79
2480.187
2480.584
2480.981
2481.378
2481.775
2482.172
2482.569
2482.966
2483.363
2483.76
2484.157
2484.55
2484.82
2485.09
2485.36
2485.63
2485.9
2486.17
2486.44
2486.869
2487.298
2487.727
2488.156
2488.585
2489.016
2489.962
2490.181
2490.4
2490.619
2490.838
2491.057
2491.275
2491.55
2491.825
2492.1
2492.375
2492.65
2492.963
2493.276
2493.588
2493.9
2494.213
2494.526
2494.839
2495.152
2495.465
2495.778
2496.09
2496.435
2496.78
2497.125
2497.47
2497.815
2498.16
2498.505
2498.85
2499.195
2499.54
2499.88
2500.183
2500.486
2500.789
2501.092
2501.395
2501.698
2502.001
2502.304
2502.61
2502.788
2502.966
2503.144
2503.322
2503.499
2503.676
2503.854
2504.03
2504.647
2505.264
2505.881
2506.498
2507.115
2507.732
2508.349
2508.966
2509.58
2509.762
2509.944
2510.126
2510.308
2510.49
2510.672
2510.854
2511.036
2511.218
2511.4
2511.58
2511.794
2512.008
2512.222
2512.436
2512.65
2512.864
2513.08
2513.424
2513.768
2514.112
2514.456
2514.8
2515.144
2515.488
2515.832
2516.176
2516.52
2516.873
2517.226
2517.579
2517.932
2518.285
2518.638
2518.991
2519.347
2521.739
2524.13
2524.621
2525.112
2525.602
2526.88
2527.196
2527.512
2527.828
2528.144
2528.46
2528.776
2529.092
2529.41
2529.673
2529.936
2530.199
2530.462
2530.725
2530.988
2531.251
2531.514
2531.777
2532.04
2532.303
2532.566
2532.83
2533.091
2533.352
2533.613
2533.874
2534.135
2534.396
2534.657
2534.918
2535.18
2535.713
2536.246
2536.779
2537.312
2537.845
2538.38
2538.651
2538.922
2539.193
2539.464
2539.735
2540.006
2540.28
2540.636
2540.992
2541.348
2541.704
2542.062
2542.263
2542.464
2542.665
2542.866
2543.067
2543.268
2543.469
2543.67
2543.871
2544.072
2544.27
2544.635
2545.0
2545.365
2545.73
2546.095
2546.46
2546.844
2547.228
2547.612
2547.996
2548.38
2548.764
2549.148
2549.53
2549.823
2550.116
2550.409
2550.702
2550.995
2551.29
2551.579
2551.868
2552.157
2552.446
2552.735
2553.024
2553.313
2553.602
2553.891
2554.18
2554.638
2555.096
2555.554
2556.012
2556.47
2556.928
2557.386
2557.844
2558.3
2558.656
2559.012
2559.368
2559.724
2560.08
2560.436
2560.792
2561.148
2561.504
2561.86
2562.216
2562.57
2563.424
2564.278
2565.132
2565.986
2566.84
2567.694
2568.548
2569.402
2570.256
2571.11
2571.96
2573.452
2574.944
2576.436
2577.928
2579.42
2580.912
2582.401
2582.651
2582.901
2583.151
2583.401
2583.651
2583.901
2584.15
2584.717
2585.284
2585.851
2586.417
2587.579
2588.741
2589.903
2591.065
2592.227
2593.389
2594.552
2595.198
2595.844
2596.49
2597.136
2597.782
2598.428
2599.074
2599.719
2600.077
2600.435
2600.793
2601.151
2601.51
2601.82
2602.13
2602.441
2602.752
2603.063
2603.374
2603.685
2603.996
2604.307
2604.62
2605.002
2605.384
2605.766
2606.148
2606.53
2606.912
2607.294
2607.676
2608.058
2608.44
2608.82
2609.04
2609.26
2609.48
2609.7
2609.92
2610.14
2610.36
2610.58
2611.315
2612.05
2612.785
2613.52
2614.255
2614.99
2615.189
2615.388
2615.587
2615.786
2615.985
2616.184
2616.383
2616.582
2616.781
2616.98
2617.179
2617.378
2617.577
2617.77
2618.035
2618.3
2618.565
2618.83
2619.095
2619.36
2619.651
2619.942
2620.233
2620.524
2620.815
2621.106
2621.397
2621.688
2621.979
2622.27
2622.56
2622.85
2623.14
2623.43
2623.72
2624.01
2624.3
2624.59
2624.88
2625.17
2625.46
2625.75
2626.04
2626.33
2626.62
2626.91
2627.623
2628.336
2629.049
2629.762
2630.475
2631.188
2631.901
2632.614
2633.33
2633.991
2634.652
2635.313
2635.974
2636.635
2637.296
2637.957
2638.62
2638.966
2639.312
2639.658
2640.004
2640.35
2640.696
2641.042
2641.388
2641.734
2642.08
2642.426
2642.772
2643.114
2643.327
2643.54
2643.753
2643.966
2644.179
2644.392
2644.605
2644.818
2645.03
2645.287
2645.544
2645.801
2646.058
2646.315
2646.571
2647.209
2647.847
2648.485
2649.123
2649.761
2650.4
2650.824
2651.248
2651.672
2652.096
2652.52
2652.944
2653.368
2653.79
2654.138
2654.486
2654.834
2655.182
2655.53
2655.878
2656.226
2656.574
2656.92
2657.35
2657.78
2658.21
2658.64
2659.07
2659.5
2659.93
2660.36
2661.311
2662.261
2662.465
2662.669
2662.873
2663.077
2663.281
2663.485
2663.689
2663.893
2664.097
2664.301
2664.51
2664.807
2665.104
2665.401
2665.698
2665.995
2666.292
2666.589
2666.886
2667.183
2667.48
2667.78
2668.218
2668.656
2669.094
2669.532
2669.97
2670.41
2670.895
2671.38
2671.865
2672.35
2672.882
2673.414
2673.947
2674.48
2674.668
2674.856
2675.044
2675.231
2675.419
2675.606
2675.794
2675.981
2676.169
2676.356
2676.544
2676.73
2677.64
2678.339
2679.038
2679.737
2680.436
2681.135
2681.834
2682.536
2683.013
2683.49
2683.967
2684.444
2684.921
2685.398
2685.875
2686.35
2686.85
2687.218
2687.586
2687.954
2688.322
2688.69
2689.058
2689.426
2689.794
2690.162
2690.53
2690.898
2691.266
2691.634
2692.0
2692.226
2692.452
2692.678
2692.904
2693.13
2693.356
2693.582
2693.808
2694.034
2694.26
2694.916
2695.572
2696.228
2696.884
2697.54
2698.196
2698.85
2699.29
2699.73
2700.17
2700.61
2701.05
2701.49
2701.884
2702.278
2702.672
2703.066
2703.46
2703.854
2704.25
2704.506
2704.762
2705.018
2705.274
2705.53
2705.786
2706.042
2706.298
2706.554
2706.81
2707.07
2707.892
2708.714
2709.536
2710.358
2711.18
2712.0
2713.92
2714.507
2715.095
2716.574
2718.053
2719.532
2721.01
2721.173
2721.335
2721.497
2721.66
2722.394
2723.128
2723.862
2724.596
2725.33
2725.708
2726.086
2726.464
2726.842
2727.22
2727.598
2727.976
2728.354
2728.732
2729.11
2729.347
2729.584
2729.82
2730.119
2730.418
2730.717
2731.016
2731.315
2731.614
2731.913
2732.212
2732.511
2732.81
2733.056
2733.302
2733.548
2733.794
2734.04
2734.286
2734.532
2734.778
2735.024
2735.27
2737.455
2739.64
2739.869
2740.098
2740.327
2740.556
2740.785
2741.014
2741.243
2741.472
2741.701
2741.93
2742.159
2742.39
2742.688
2742.986
2743.284
2743.582
2743.88
2744.178
2744.476
2744.774
2745.072
2745.37
2745.668
2745.97
2746.19
2746.41
2746.63
2746.85
2747.07
2747.29
2747.51
2747.73
2747.95
2748.17
2748.55
2748.93
2749.31
2749.69
2750.07
2750.45
2750.812
2751.174
2751.536
2751.898
2752.26
2752.638
2753.015
2753.392
2753.769
2754.146
2754.524
2754.901
2755.278
2755.655
2756.033
2756.41
2756.79
2757.068
2757.346
2757.624
2757.902
2758.18
2758.458
2758.736
2759.014
2759.29
2759.609
2759.928
2760.247
2760.566
2760.885
2761.204
2761.52
2761.801
2762.082
2762.363
2762.644
2762.925
2763.206
2763.487
2763.768
2764.049
2764.33
2764.617
2764.904
2765.191
2765.478
2765.765
2766.052
2766.339
2766.626
2766.913
2767.2
2767.487
2767.716
2767.945
2768.174
2768.403
2768.632
2768.861
2769.09
2769.32
2770.36
2771.4
2772.44
2772.64
2772.84
2773.04
2773.24
2773.44
2773.64
2773.84
2774.04
2774.24
2774.44
2774.626
2774.812
2774.998
2775.184
2775.37
2775.556
2775.742
2775.928
2776.114
2776.3
2776.481
2776.732
2776.983
2777.234
2777.485
2777.736
2777.987
2778.238
2778.489
2778.74
2778.99
2779.294
2779.598
2779.902
2780.206
2780.51
2780.814
2781.12
2781.547
2781.974
2782.401
2782.828
2783.255
2783.682
2784.109
2784.536
2784.96
2785.236
2785.512
2785.788
2786.064
2786.34
2786.616
2786.89
2787.089
2787.288
2787.487
2787.686
2787.885
2788.084
2788.283
2788.482
2788.68
2789.348
2790.016
2790.684
2791.352
2792.018
2792.261
2792.504
2792.747
2792.99
2793.233
2793.476
2793.72
2793.933
2794.146
2794.36
2794.573
2794.786
2794.999
2795.212
2795.428
2795.875
2796.322
2796.769
2797.216
2797.663
2798.11
2798.672
2799.234
2799.796
2800.358
2800.92
2801.482
2802.044
2802.606
2803.168
2803.73
2804.292
2804.854
2805.42
2805.772
2806.124
2806.476
2806.828
2807.18
2807.532
2807.884
2808.236
2808.588
2808.94
2809.29
2809.508
2809.726
2809.944
2810.162
2810.38
2810.598
2810.816
2811.034
2811.252
2811.471
2811.69
2811.909
2812.128
2812.347
2812.566
2812.785
2813.004
2813.22
2813.44
2813.66
2813.88
2814.1
2814.32
2814.54
2814.76
2814.98
2815.2
2815.443
2815.686
2815.929
2816.172
2816.415
2816.658
2816.901
2817.144
2817.346
2817.548
2817.75
2817.952
2818.154
2818.356
2818.56
2818.965
2819.37
2819.775
2820.18
2820.585
2820.99
2821.395
2821.8
2822.205
2822.61
2823.02
2823.402
2823.784
2824.166
2824.548
2824.93
2825.703
2826.476
2827.249
2828.024
2828.309
2828.594
2828.879
2829.164
2829.449
2829.734
2830.019
2830.3
2830.3
2830.3
2830.3
2830.3
2830.3
2830.3
2830.3
2830.3
