21.184
21.452
21.72
21.988
22.256
22.524
22.792
23.06
23.328
23.6
23.849
24.098
24.347
24.596
24.845
25.094
25.343
25.59
25.823
26.056
26.289
26.522
26.755
26.988
27.221
27.454
27.687
27.92
28.153
28.386
28.62
28.897
29.174
29.451
29.728
30.005
30.282
30.559
30.836
31.113
31.39
31.83
32.27
32.71
33.15
33.59
33.909
34.228
34.547
34.866
35.185
35.504
35.823
36.142
36.461
36.78
37.099
37.42
37.711
38.002
38.293
38.584
38.875
39.166
39.457
39.748
40.039
40.33
40.621
40.91
41.182
41.454
41.726
41.998
42.27
42.542
42.814
43.086
43.36
43.637
43.914
44.191
44.468
44.745
45.022
45.299
45.576
45.853
46.13
46.41
46.975
47.54
48.105
48.67
49.235
49.8
50.175
50.55
50.925
51.3
51.675
52.05
52.425
52.8
53.175
53.55
53.925
54.3
54.68
55.084
55.488
55.892
56.296
56.7
57.104
57.508
57.912
58.32
63.91
64.137
64.364
64.591
64.818
65.045
65.272
65.499
65.726
65.953
66.18
66.407
66.63
67.057
67.484
67.911
68.338
68.765
69.192
69.62
70.051
70.482
70.913
71.344
71.775
72.206
72.64
73.187
73.734
74.281
74.828
75.375
75.922
76.469
77.016
77.563
78.11
78.657
79.2
80.832
82.464
84.096
85.728
87.36
87.938
88.516
89.094
89.672
90.25
90.828
91.406
91.984
92.56
93.02
93.48
93.94
94.4
94.86
95.32
95.78
96.24
96.7
97.16
97.62
98.298
98.976
99.654
100.332
101.01
101.688
102.366
103.044
103.722
104.4
104.898
105.396
105.894
106.392
106.89
107.388
107.886
108.384
108.882
109.38
109.878
110.376
110.87
111.298
111.726
112.154
112.582
113.01
113.438
113.866
114.294
114.722
115.15
115.513
115.876
116.239
116.602
116.965
117.328
117.691
118.054
118.417
118.78
119.14
119.397
119.654
119.911
120.168
120.425
120.682
120.939
121.196
121.453
121.71
122.188
122.666
123.144
123.622
124.1
124.578
125.056
125.534
126.012
126.49
126.968
127.446
127.93
128.905
129.88
130.855
131.83
132.805
133.78
134.755
135.73
136.039
136.348
136.657
136.966
137.275
137.584
137.893
138.2
138.473
138.746
139.02
139.417
139.814
140.211
140.608
141.005
141.402
141.799
142.196
142.59
143.636
144.682
145.728
146.774
147.82
148.637
149.454
150.27
150.497
150.724
150.951
151.178
151.405
151.632
151.859
152.086
152.313
152.54
152.987
153.434
153.881
154.328
154.775
155.222
155.669
156.116
156.563
157.01
157.457
157.904
158.351
158.573
158.795
159.017
159.239
159.461
159.683
159.905
160.127
160.35
160.585
160.82
161.055
161.29
161.525
161.76
161.995
162.23
162.465
162.7
162.935
163.174
163.413
163.652
163.891
164.13
164.369
164.608
164.847
165.086
165.325
165.56
165.921
166.282
166.643
167.004
167.365
167.726
168.087
168.45
169.175
169.9
170.625
171.35
172.075
172.8
173.525
174.25
174.975
175.7
176.425
177.15
177.87
178.105
178.34
178.575
178.81
179.045
179.28
179.515
179.75
179.985
180.22
180.455
180.69
180.93
181.349
181.768
182.187
182.606
183.025
183.444
183.863
184.282
184.701
185.12
185.349
185.578
185.807
186.036
186.265
186.494
186.723
186.952
187.181
187.41
187.639
187.868
188.097
188.326
188.55
188.826
189.102
189.378
189.654
189.93
190.206
190.482
190.758
191.034
191.31
192.201
193.092
193.983
194.874
195.765
196.656
197.547
198.438
199.329
200.22
201.111
202.002
202.893
203.78
204.233
204.685
205.137
205.589
206.041
206.493
206.945
207.4
208.243
209.086
209.929
210.772
211.615
212.458
213.3
214.62
215.94
217.26
217.685
218.11
218.535
218.96
219.155
219.35
219.545
219.74
219.935
220.13
220.325
220.52
220.715
220.91
221.105
221.3
221.49
222.21
222.93
223.65
224.371
226.39
228.409
230.428
232.447
234.468
235.452
238.404
239.142
239.88
241.86
242.434
243.008
243.582
244.156
244.73
245.304
245.88
247.727
249.574
251.42
251.774
252.128
252.482
252.836
253.19
253.544
253.9
254.176
254.452
254.728
255.004
255.28
255.556
255.832
256.108
256.384
256.66
256.936
257.209
258.142
259.075
260.008
260.941
261.874
262.807
263.74
263.919
264.098
264.277
264.456
264.635
264.814
264.993
265.172
265.351
265.53
265.709
265.888
266.067
266.246
266.43
267.018
267.606
268.194
268.782
269.37
269.958
270.546
271.134
271.72
271.989
272.258
272.527
272.796
273.065
273.334
273.604
273.812
274.02
274.228
274.436
274.644
274.852
275.06
275.27
275.765
276.26
276.755
277.25
277.745
278.24
278.735
279.23
279.725
280.22
280.712
280.908
281.104
281.3
281.496
281.692
281.888
282.084
282.28
282.476
282.67
283.227
283.784
284.341
284.898
285.455
286.01
286.514
287.018
287.522
288.026
288.53
289.034
289.538
290.04
290.703
291.366
292.029
292.692
293.355
294.02
294.35
294.68
295.01
295.34
295.67
296.0
296.33
296.547
296.764
296.981
297.198
297.415
297.632
297.849
298.066
298.28
299.405
300.53
301.655
302.78
303.903
304.502
305.101
305.7
306.3
307.738
308.108
308.478
308.848
309.218
309.588
309.96
310.68
310.904
311.128
311.352
311.576
311.8
312.024
312.248
312.472
312.7
312.923
313.146
313.369
313.592
313.815
314.038
314.261
314.484
314.707
314.93
315.677
316.424
317.171
317.918
318.665
319.412
320.159
320.906
321.65
322.184
322.718
323.252
323.786
324.32
324.854
325.388
325.92
326.295
326.67
327.045
327.42
327.795
328.17
328.545
328.92
329.295
329.67
330.04
330.35
330.66
330.97
331.28
331.59
331.9
332.21
332.52
332.83
333.14
333.527
333.914
334.301
334.688
335.075
335.462
335.849
336.24
336.55
336.86
337.17
337.48
337.79
338.1
338.41
338.643
338.876
339.109
339.342
339.575
339.808
340.04
340.262
340.484
340.706
340.928
341.15
341.85
342.55
343.25
343.448
343.646
343.844
344.042
344.24
344.438
344.636
344.834
345.032
345.23
345.428
345.63
346.16
346.69
347.22
347.75
348.28
348.81
349.033
349.256
349.479
349.702
349.925
350.15
351.46
351.7
351.94
352.18
352.42
352.66
352.9
353.14
353.41
353.68
353.95
354.22
354.49
354.76
355.03
355.3
355.57
356.014
356.458
356.902
357.346
357.79
358.234
358.68
359.006
359.332
359.658
359.984
360.31
360.636
360.962
361.29
361.583
361.876
362.169
362.462
362.755
363.05
363.392
363.734
364.076
364.418
364.76
365.288
365.816
366.344
366.872
367.4
367.928
368.456
368.984
369.512
370.037
370.272
370.507
370.742
370.977
371.212
371.447
371.682
371.917
372.152
372.387
372.62
372.963
373.306
373.649
373.992
374.335
374.678
375.021
375.364
375.707
376.05
376.39
376.836
377.282
377.728
378.174
378.62
379.107
379.594
380.081
380.568
381.055
381.542
382.03
383.654
385.278
386.902
388.526
390.15
391.774
393.398
395.02
395.934
396.848
397.762
398.676
399.59
400.504
401.418
402.332
403.25
403.551
403.852
404.153
404.454
404.755
405.056
405.357
405.658
405.959
406.26
406.56
407.274
407.988
408.702
409.416
410.13
410.844
411.558
412.272
412.99
413.298
413.606
413.914
414.222
414.53
414.838
415.146
415.454
415.762
416.07
416.38
416.798
417.216
417.634
418.052
418.47
418.888
419.306
419.724
420.142
420.56
420.98
421.305
421.63
421.955
422.28
422.605
422.93
423.255
423.58
424.417
425.254
426.091
426.928
427.765
428.602
429.439
430.276
431.11
433.07
434.42
434.74
435.06
435.38
435.7
436.247
436.794
437.341
437.888
438.435
438.982
439.529
440.076
440.623
441.17
441.42
441.67
442.72
443.77
444.45
445.113
445.776
446.439
447.1
447.386
447.672
447.958
448.244
448.53
448.816
449.102
449.388
449.674
449.96
450.25
450.516
450.782
451.048
451.314
451.58
451.846
452.112
452.378
452.644
452.91
453.18
454.62
456.06
457.5
458.94
460.38
460.639
460.898
461.157
461.416
461.675
461.934
462.193
462.452
462.711
462.97
463.619
464.268
464.917
465.566
466.215
466.864
467.513
468.162
468.811
469.46
469.775
470.09
470.405
470.72
471.035
471.35
471.665
471.98
472.21
472.44
472.67
472.9
473.13
473.36
473.667
473.974
474.28
474.521
474.762
475.003
475.244
475.485
475.726
475.966
476.198
476.43
476.662
476.894
477.126
477.358
477.59
477.77
477.95
478.13
478.31
478.49
478.67
478.85
479.03
479.214
479.402
479.59
479.778
479.966
480.154
480.342
480.53
480.72
481.361
482.002
482.643
483.284
483.925
484.566
485.207
485.848
486.49
486.943
487.396
487.849
488.302
488.755
489.208
489.661
490.114
490.567
491.02
491.473
491.93
492.604
493.278
493.952
494.626
495.3
495.974
496.65
497.75
498.85
499.95
501.05
502.15
503.25
504.35
505.45
506.55
507.65
508.75
509.85
510.95
512.05
513.147
514.035
514.923
515.811
516.698
517.0
517.302
517.604
517.906
518.208
518.51
519.63
519.878
520.126
520.374
520.622
520.87
521.118
521.366
521.614
521.862
522.11
522.63
523.15
523.67
524.19
524.71
525.23
525.502
525.774
526.046
526.318
526.59
526.862
527.134
527.406
527.678
527.95
528.22
528.997
529.774
530.551
531.328
532.105
532.88
533.567
534.254
534.941
535.628
536.315
537.002
537.689
538.376
539.063
539.75
540.363
540.976
541.589
542.202
542.815
543.428
544.041
544.654
545.267
545.88
546.493
547.11
548.015
548.92
549.825
550.73
551.19
551.65
552.11
552.57
553.03
553.49
553.95
554.41
554.87
555.33
555.79
556.035
556.28
556.525
556.77
557.015
557.26
557.505
558.117
558.729
559.341
559.953
560.565
561.176
561.519
561.862
562.205
562.55
562.934
563.318
563.702
564.086
564.47
564.851
565.232
565.613
565.994
566.375
566.756
567.137
567.518
567.9
568.981
570.062
571.143
572.224
573.305
574.386
575.47
576.02
576.57
577.12
577.67
578.22
578.508
578.796
579.084
579.371
579.659
579.947
580.235
580.523
580.811
581.099
581.387
581.67
581.94
582.21
582.48
582.75
583.02
583.29
583.562
584.047
584.532
585.017
585.502
585.987
586.47
587.312
588.154
588.996
589.838
590.68
591.522
592.365
593.207
594.049
594.891
595.733
596.58
597.889
599.198
600.507
601.816
603.125
604.434
605.743
607.05
607.397
607.744
608.091
608.438
608.785
609.132
609.479
609.826
610.173
610.52
610.694
610.868
611.042
611.216
611.39
611.564
611.738
611.91
612.237
612.564
612.89
613.694
614.498
615.302
616.105
616.59
617.075
617.56
618.09
618.62
619.15
619.68
620.21
620.74
621.27
621.8
622.33
622.86
623.39
624.367
625.344
626.322
627.3
627.704
628.108
628.512
628.916
629.32
629.724
630.128
630.532
630.936
631.34
631.954
632.568
633.182
633.796
634.41
635.024
635.638
636.252
636.866
637.48
638.094
638.71
640.178
641.646
643.114
644.582
646.05
646.411
646.772
647.133
647.494
647.855
648.216
648.58
648.984
649.388
649.792
650.196
650.6
651.004
651.41
651.874
652.338
652.802
653.266
653.73
654.194
654.658
655.122
655.586
656.05
656.457
656.865
657.273
657.681
658.089
658.497
658.904
659.31
659.649
659.988
660.327
660.666
661.005
661.344
661.68
662.003
662.326
662.649
662.972
663.295
663.618
663.94
664.304
664.668
665.032
665.396
665.76
666.124
666.488
666.852
667.22
667.993
668.766
669.539
670.312
671.085
671.858
672.63
672.944
673.258
673.572
673.886
674.2
674.648
675.096
675.544
675.992
676.438
677.335
678.232
679.13
679.657
680.184
680.711
681.238
681.765
682.292
682.819
683.346
683.873
684.4
684.843
685.286
685.729
686.172
686.615
687.058
687.501
687.944
688.387
688.83
689.273
689.716
690.159
690.602
691.04
691.434
691.828
692.222
692.616
693.01
693.342
693.674
694.006
694.338
694.67
695.002
695.334
695.67
695.938
696.206
696.474
696.742
697.01
697.278
697.546
697.814
698.08
698.528
698.976
699.424
699.872
700.32
700.768
701.216
701.664
702.112
702.56
703.008
703.714
704.42
705.126
705.832
706.538
707.244
707.95
708.656
709.362
710.068
710.77
710.936
711.102
711.268
711.434
711.6
711.766
711.932
712.098
712.26
712.525
712.79
713.055
713.32
713.585
713.85
714.115
714.38
714.98
715.58
716.18
716.78
717.38
717.843
718.306
718.769
719.232
719.695
720.158
720.62
720.892
721.164
721.436
721.708
721.98
722.266
722.552
722.838
723.124
723.41
723.696
723.982
724.268
724.554
724.84
725.126
725.412
725.698
725.98
726.225
726.47
726.715
726.96
727.205
727.45
727.695
727.94
728.185
728.43
728.68
729.174
729.668
730.162
730.656
731.15
731.644
732.138
732.632
733.126
733.622
734.818
736.014
737.209
737.413
737.617
737.821
738.025
738.229
738.433
738.637
738.841
739.045
739.25
739.559
739.868
740.177
740.486
740.795
741.104
741.41
742.017
742.625
743.232
743.839
744.447
745.054
745.661
746.27
746.603
746.936
747.269
747.602
747.935
748.269
748.81
749.418
750.026
750.634
751.242
751.85
752.458
753.066
753.674
754.28
754.677
755.074
755.471
755.868
756.267
756.534
756.801
757.068
757.335
757.6
757.875
758.15
758.425
758.7
758.975
759.25
759.525
759.8
760.075
760.35
760.563
760.776
760.989
761.202
761.415
761.628
761.84
762.114
762.388
762.662
762.936
763.21
763.484
763.685
763.886
764.087
764.288
764.489
764.69
764.891
765.092
765.293
765.494
765.695
765.9
766.53
767.16
767.79
768.42
769.05
769.68
770.31
770.94
771.912
772.884
773.856
774.828
775.8
776.23
776.66
777.09
777.52
777.95
778.38
779.711
781.042
783.036
785.03
786.948
788.866
791.296
793.726
796.156
796.71
797.264
797.818
798.372
798.926
799.48
800.034
800.588
801.142
801.696
802.25
802.804
803.358
803.91
804.3
804.69
805.08
805.47
806.394
807.016
807.638
808.26
808.882
809.504
810.126
810.75
811.53
812.31
813.09
813.87
814.65
815.43
815.928
816.426
816.924
817.422
817.92
818.418
818.916
819.414
819.912
820.41
820.912
821.224
821.536
821.848
822.16
822.947
823.734
824.522
825.089
825.656
826.223
826.79
827.357
827.924
828.49
828.903
829.316
829.729
830.142
830.555
830.968
831.381
831.794
832.207
832.624
832.979
833.334
833.689
834.044
834.4
834.707
835.014
835.321
835.628
835.935
836.242
836.549
836.854
837.195
837.536
837.877
838.218
838.559
838.9
839.241
839.58
839.81
840.04
840.27
840.5
840.73
840.96
841.19
841.42
841.65
841.88
842.207
842.534
842.861
843.188
843.515
843.842
844.169
844.496
844.823
845.15
847.45
847.78
848.11
848.44
848.77
849.1
849.43
849.721
850.012
850.303
850.594
850.885
851.176
851.47
854.014
854.252
854.49
854.728
854.966
855.204
855.442
855.68
855.942
856.204
856.466
856.728
856.991
857.49
857.975
858.46
858.945
859.43
860.09
860.75
861.387
862.024
862.661
863.298
863.935
864.572
865.209
865.846
866.48
866.721
866.962
867.203
867.444
867.685
867.926
868.167
868.408
868.65
869.071
869.492
869.913
870.334
870.755
871.176
871.597
872.02
872.324
872.628
872.932
873.236
873.54
873.844
874.148
874.452
874.76
875.386
876.012
876.638
877.264
877.89
878.188
878.486
878.784
879.082
879.38
879.678
879.975
880.487
880.999
881.511
882.023
882.535
883.047
883.559
884.071
884.58
884.799
885.018
885.237
885.456
885.675
885.894
886.113
886.33
886.93
887.53
888.13
888.73
889.33
889.93
890.53
891.132
891.314
891.496
891.678
891.86
892.042
892.224
892.406
892.59
892.779
892.968
893.157
893.346
893.535
893.724
893.913
894.102
894.291
894.48
894.764
895.048
895.332
895.616
895.9
896.491
897.082
897.673
898.264
898.855
899.446
900.04
900.226
900.412
900.598
900.784
900.97
901.156
901.342
901.53
901.804
902.078
902.352
902.626
902.9
903.174
903.448
903.722
903.996
904.27
904.544
904.818
905.092
905.37
907.24
909.11
909.533
909.956
910.379
910.802
911.225
911.65
912.164
912.678
913.192
913.706
914.22
914.734
915.248
915.762
916.276
916.79
917.448
918.106
918.764
919.422
920.08
920.74
921.033
921.326
921.619
921.912
922.205
922.5
922.793
923.086
923.379
923.672
923.965
924.258
924.55
924.975
925.4
925.825
926.25
926.675
927.1
927.418
927.736
928.054
928.372
928.69
929.008
929.326
929.644
929.962
930.28
930.6
930.88
931.16
931.44
931.72
932.0
932.28
932.56
932.84
933.117
933.394
933.671
933.948
934.225
934.502
934.779
935.056
935.333
935.61
935.89
936.31
936.73
937.15
937.57
937.99
938.359
938.728
939.097
939.466
939.835
940.204
940.573
940.942
941.311
941.68
942.05
942.321
942.592
942.863
943.134
943.405
943.676
943.947
944.22
944.484
944.748
945.012
945.276
945.54
945.804
946.07
946.6
947.13
947.66
948.19
948.72
949.25
949.78
950.234
950.688
951.142
951.596
952.05
952.504
952.96
953.46
953.775
954.09
954.405
954.72
955.035
955.35
955.668
955.99
956.312
956.634
956.956
957.278
957.6
957.922
958.245
958.872
959.499
960.126
960.753
961.38
962.007
962.634
963.26
964.311
965.362
966.413
967.464
968.514
968.951
969.388
969.825
970.262
970.699
971.136
971.573
972.01
972.447
972.884
973.321
973.76
973.981
974.202
974.423
974.644
974.865
975.086
975.31
975.616
975.922
976.228
976.534
976.84
977.201
977.562
977.923
978.284
978.645
979.006
979.367
979.728
980.089
980.45
980.775
981.1
981.425
981.75
982.075
982.4
982.725
983.05
983.34
983.63
983.92
984.21
984.5
984.79
985.08
985.37
985.68
985.99
986.3
986.61
986.92
987.23
987.54
987.794
988.048
988.302
988.556
988.81
989.064
989.318
989.572
989.826
990.08
990.33
990.872
991.414
991.956
992.498
993.04
993.582
994.124
994.666
995.208
995.75
996.108
996.466
996.824
997.182
997.54
997.9
998.166
998.432
998.698
998.964
999.23
999.487
999.745
1000.003
1000.261
1000.518
1000.775
1001.033
1001.29
1001.514
1001.738
1001.962
1002.186
1002.41
1002.634
1002.858
1003.082
1003.306
1003.53
1003.754
1003.978
1004.2
1004.501
1004.802
1005.103
1005.404
1005.705
1006.006
1006.307
1006.61
1006.99
1007.37
1007.75
1008.13
1008.51
1008.878
1009.245
1009.612
1009.979
1010.347
1010.715
1011.082
1011.45
1011.677
1011.904
1012.131
1012.358
1012.585
1012.812
1013.039
1013.266
1013.493
1013.72
1014.024
1014.328
1014.632
1014.936
1015.24
1015.544
1015.848
1016.152
1016.46
1016.811
1017.162
1017.513
1017.864
1018.215
1018.566
1018.917
1019.268
1019.62
1019.96
1020.3
1020.64
1020.98
1021.32
1021.66
1022.0
1022.34
1022.68
1023.02
1023.36
1024.168
1024.976
1025.784
1026.592
1027.4
1028.208
1029.016
1029.824
1030.63
1032.869
1033.441
1034.013
1034.585
1035.157
1035.73
1038.18
1038.394
1038.608
1038.822
1039.036
1039.25
1039.464
1039.68
1040.715
1041.75
1042.785
1043.819
1044.072
1044.325
1044.578
1044.831
1045.084
1045.337
1045.589
1045.799
1046.009
1046.219
1046.429
1046.64
1048.53
1048.956
1049.382
1049.808
1050.234
1050.66
1051.086
1051.512
1051.94
1052.502
1053.064
1053.626
1054.188
1054.75
1055.312
1055.874
1056.436
1056.998
1057.56
1058.122
1058.684
1059.246
1059.81
1060.018
1060.226
1060.434
1060.642
1060.85
1061.058
1061.266
1061.474
1061.68
1062.514
1063.348
1064.182
1065.016
1065.85
1066.684
1067.518
1068.352
1069.186
1070.02
1070.54
1071.06
1071.58
1072.1
1072.62
1073.14
1073.66
1074.18
1074.7
1075.037
1075.374
1075.711
1076.048
1076.385
1076.722
1077.059
1077.396
1077.73
1078.098
1078.466
1078.833
1079.201
1079.569
1079.937
1080.304
1080.672
1081.04
1081.408
1081.775
1082.14
1082.379
1082.618
1082.857
1083.096
1083.335
1083.574
1083.81
1084.258
1084.706
1085.154
1085.602
1086.05
1086.498
1086.946
1087.394
1087.842
1088.29
1088.738
1089.19
1089.607
1090.024
1090.441
1090.858
1091.275
1091.692
1092.109
1092.526
1092.943
1093.36
1093.777
1094.194
1094.611
1095.028
1095.45
1096.406
1097.362
1098.318
1099.274
1100.23
1101.186
1102.14
1102.734
1103.328
1103.922
1104.516
1105.11
1105.704
1106.298
1106.892
1107.49
1107.757
1108.024
1108.291
1108.56
1108.92
1109.28
1109.64
1110.0
1110.36
1110.72
1111.08
1111.329
1111.578
1111.827
1112.076
1112.325
1112.574
1112.82
1113.077
1113.334
1113.591
1113.848
1114.105
1114.362
1114.62
1114.88
1115.23
1115.58
1115.93
1116.28
1116.63
1116.98
1117.227
1117.474
1117.721
1117.968
1118.215
1118.462
1118.71
1119.06
1119.41
1119.76
1120.11
1120.46
1120.81
1121.16
1121.605
1122.05
1122.495
1122.94
1123.385
1123.83
1124.275
1124.72
1125.533
1126.346
1127.159
1127.972
1128.785
1129.598
1130.411
1131.224
1132.037
1132.85
1133.66
1133.896
1134.132
1134.368
1134.604
1134.84
1135.319
1135.798
1136.277
1136.756
1137.235
1137.714
1138.193
1138.67
1139.138
1139.605
1140.072
1140.539
1141.006
1141.474
1141.941
1142.41
1142.947
1143.484
1144.021
1144.558
1145.095
1145.632
1146.169
1146.706
1147.243
1147.784
1148.725
1149.666
1150.607
1151.548
1152.49
1152.701
1152.912
1153.123
1153.334
1153.545
1153.756
1153.967
1154.178
1154.389
1154.6
1155.127
1155.654
1156.181
1156.708
1157.236
1157.764
1158.291
1158.818
1159.345
1159.872
1160.399
1160.926
1161.453
1161.98
1162.507
1163.04
1163.59
1164.14
1164.69
1164.963
1165.236
1165.509
1165.782
1166.055
1166.328
1166.6
1166.881
1167.162
1167.443
1167.724
1168.005
1168.286
1168.57
1169.019
1169.468
1169.917
1170.366
1170.815
1171.264
1171.713
1172.162
1172.61
1173.011
1173.412
1173.813
1174.214
1174.615
1175.016
1175.417
1175.818
1176.219
1176.62
1177.021
1177.422
1177.823
1178.23
1178.836
1179.442
1180.048
1180.654
1181.26
1181.866
1182.472
1183.078
1183.68
1184.087
1184.494
1184.901
1185.308
1185.715
1186.122
1186.53
1186.909
1187.288
1187.667
1188.046
1188.425
1188.804
1189.183
1189.56
1190.023
1190.486
1190.949
1191.412
1191.875
1192.338
1192.801
1193.264
1193.726
1194.189
1194.652
1195.11
1195.88
1196.65
1197.42
1198.19
1198.96
1199.73
1200.5
1201.27
1202.04
1202.244
1202.448
1202.652
1202.856
1203.06
1203.264
1203.468
1203.672
1203.876
1204.08
1204.284
1204.49
1204.911
1205.332
1205.753
1206.174
1206.595
1207.016
1207.437
1207.858
1208.279
1208.7
1209.196
1209.692
1210.188
1210.684
1211.18
1211.674
1212.172
1212.67
1213.168
1213.666
1214.164
1214.66
1215.595
1216.026
1216.457
1216.888
1217.319
1217.75
1218.181
1218.612
1219.36
1220.108
1220.856
1221.604
1221.878
1222.152
1222.426
1222.7
1222.974
1223.248
1223.52
1224.08
1224.64
1225.2
1225.538
1225.876
1226.214
1226.552
1226.89
1227.436
1227.982
1228.528
1229.074
1229.62
1230.166
1230.712
1231.258
1231.8
1232.067
1232.334
1232.601
1232.868
1233.135
1233.402
1233.669
1233.936
1234.2
1234.464
1234.728
1234.992
1235.256
1235.52
1235.784
1236.05
1236.55
1237.05
1237.55
1238.05
1238.338
1238.626
1238.914
1239.202
1239.49
1239.778
1240.066
1240.354
1240.642
1240.927
1241.153
1241.379
1241.605
1241.831
1242.057
1242.283
1242.51
1243.019
1243.528
1244.037
1244.546
1245.055
1245.564
1246.073
1246.582
1247.09
1247.418
1247.746
1248.074
1248.402
1248.73
1249.058
1249.386
1249.714
1250.042
1250.37
1250.698
1251.026
1251.36
1251.696
1252.032
1252.368
1252.704
1253.041
1254.279
1255.517
1256.755
1257.993
1259.23
1260.88
1262.53
1262.856
1263.182
1263.508
1263.834
1264.16
1264.486
1264.812
1265.138
1265.464
1265.79
1266.026
1266.262
1266.498
1266.734
1266.97
1267.206
1267.442
1267.68
1268.236
1268.792
1269.348
1269.904
1270.46
1271.016
1271.57
1271.823
1272.076
1272.329
1272.582
1272.835
1273.088
1273.34
1273.663
1273.986
1274.309
1274.632
1274.954
1279.91
1280.205
1280.5
1280.795
1281.09
1281.385
1281.68
1281.997
1282.314
1282.631
1282.948
1283.265
1283.584
1284.501
1285.418
1286.334
1287.25
1288.372
1289.494
1290.616
1291.738
1292.86
1293.708
1294.556
1295.404
1296.252
1297.1
1297.465
1297.83
1298.195
1298.56
1299.13
1299.7
1300.27
1300.84
1301.41
1301.743
1302.076
1302.409
1302.742
1303.075
1303.41
1303.894
1304.378
1304.862
1305.346
1305.83
1306.314
1306.798
1307.282
1307.766
1308.25
1308.73
1310.566
1310.764
1310.962
1311.16
1311.358
1311.556
1311.754
1311.952
1312.15
1312.348
1312.546
1312.744
1312.94
1313.259
1313.578
1313.897
1314.216
1314.535
1314.854
1315.173
1315.492
1315.811
1316.13
1316.449
1316.77
1317.08
1317.39
1317.7
1318.01
1318.32
1318.63
1318.94
1319.101
1319.262
1319.423
1319.584
1319.745
1319.906
1320.067
1320.228
1320.389
1320.55
1320.711
1320.872
1321.033
1321.2
1321.482
1321.764
1322.046
1322.328
1322.61
1322.892
1323.174
1323.456
1323.738
1324.02
1324.3
1324.948
1325.596
1326.244
1326.892
1327.54
1328.188
1328.836
1329.484
1330.132
1330.78
1331.428
1332.076
1332.724
1333.37
1333.682
1333.995
1334.307
1334.62
1334.932
1335.245
1335.557
1335.87
1336.207
1336.545
1336.883
1337.221
1337.559
1337.897
1338.235
1338.572
1338.909
1339.247
1339.585
1339.92
1341.38
1342.84
1344.3
1344.572
1344.844
1345.117
1345.389
1345.661
1345.934
1346.207
1346.48
1347.05
1347.62
1348.19
1348.76
1349.33
1349.9
1350.275
1350.65
1351.025
1351.4
1351.775
1352.15
1352.525
1352.9
1353.275
1353.65
1354.025
1354.4
1354.735
1355.07
1355.405
1355.74
1356.075
1356.41
1356.745
1357.08
1357.415
1357.75
1358.08
1358.456
1358.832
1359.208
1359.584
1359.96
1360.336
1360.712
1361.09
1361.46
1361.83
1362.2
1362.57
1362.765
1362.96
1363.155
1363.35
1363.545
1363.74
1363.935
1364.13
1364.325
1364.52
1364.715
1364.91
1365.24
1365.57
1365.9
1366.23
1366.56
1366.89
1367.22
1367.55
1367.88
1368.21
1368.54
1368.87
1369.2
1369.53
1370.006
1370.482
1370.958
1371.434
1371.91
1372.386
1372.862
1373.338
1373.814
1374.29
1374.766
1375.242
1375.718
1376.19
1378.726
1381.262
1383.797
1386.332
1388.265
1388.89
1389.274
1389.658
1390.042
1390.426
1390.81
1391.194
1391.58
1391.832
1392.084
1392.336
1392.588
1392.84
1393.09
1393.494
1393.898
1394.302
1394.706
1395.11
1395.514
1395.918
1396.322
1396.726
1397.13
1397.534
1397.938
1398.342
1398.75
1399.088
1399.426
1399.764
1400.102
1400.44
1400.778
1401.116
1401.454
1401.792
1402.13
1402.468
1402.806
1403.144
1403.482
1403.82
1403.989
1404.158
1404.327
1404.496
1404.665
1404.834
1405.003
1405.172
1405.341
1405.51
1405.679
1405.848
1406.017
1406.186
1406.355
1406.52
1406.94
1407.36
1407.78
1408.2
1408.617
1409.034
1409.451
1409.868
1410.285
1410.702
1411.119
1411.536
1411.95
1412.612
1413.274
1413.936
1414.598
1415.26
1415.922
1416.584
1417.246
1417.909
1418.572
1419.234
1419.9
1420.103
1420.306
1420.509
1420.712
1420.915
1421.118
1421.321
1421.524
1421.727
1421.93
1422.267
1422.604
1422.941
1423.278
1423.615
1423.952
1424.289
1424.626
1424.96
1425.399
1425.838
1426.277
1426.716
1427.155
1427.594
1428.03
1428.352
1428.675
1428.997
1429.32
1429.787
1430.255
1430.723
1431.19
1431.658
1432.125
1432.592
1433.06
1433.324
1433.588
1433.852
1434.116
1434.38
1434.644
1434.908
1435.172
1435.44
1435.754
1436.068
1436.382
1436.696
1437.01
1437.324
1437.638
1437.952
1438.266
1438.58
1438.894
1439.21
1440.4
1441.59
1442.78
1443.97
1444.287
1444.604
1444.921
1445.238
1445.555
1445.872
1446.189
1446.51
1446.777
1447.044
1447.312
1447.579
1447.846
1448.113
1448.38
1448.65
1448.822
1448.994
1449.166
1449.338
1449.51
1449.682
1449.854
1450.026
1450.198
1450.372
1450.543
1450.714
1450.885
1451.056
1451.227
1451.398
1451.569
1451.74
1451.911
1452.08
1452.354
1452.628
1452.902
1453.176
1453.45
1453.724
1453.998
1454.27
1454.998
1455.726
1456.454
1457.182
1457.91
1458.638
1459.366
1460.094
1460.822
1461.55
1462.278
1463.01
1463.197
1463.384
1463.572
1463.76
1464.963
1466.166
1467.369
1468.572
1469.775
1470.978
1472.181
1473.384
1474.587
1475.79
1476.993
1478.196
1479.399
1480.602
1481.81
1482.195
1482.58
1482.965
1483.35
1483.735
1484.12
1484.505
1484.89
1485.275
1485.66
1486.045
1486.43
1486.82
1487.034
1487.248
1487.462
1487.676
1487.89
1488.104
1488.318
1488.532
1488.746
1488.96
1489.174
1489.39
1491.405
1493.42
1495.435
1497.45
1498.148
1498.845
1499.543
1500.24
1500.701
1501.162
1501.623
1502.084
1502.545
1503.006
1503.47
1503.997
1504.524
1505.05
1505.383
1505.716
1506.049
1506.382
1506.715
1507.05
1507.398
1507.746
1508.094
1508.442
1508.79
1509.138
1509.486
1509.834
1510.182
1510.53
1510.92
1511.31
1511.7
1512.09
1512.48
1512.87
1513.26
1513.65
1514.04
1514.43
1514.82
1515.208
1519.71
1520.287
1520.865
1521.443
1522.021
1522.599
1523.177
1523.755
1524.33
1525.295
1526.26
1527.225
1528.19
1529.155
1530.12
1531.085
1532.05
1533.015
1533.98
1534.94
1535.546
1536.152
1536.758
1537.364
1537.97
1538.576
1539.182
1539.788
1540.39
1540.636
1540.882
1541.128
1541.374
1541.62
1541.866
1542.112
1542.358
1542.604
1542.85
1543.096
1543.342
1543.588
1543.83
1544.113
1544.396
1545.286
1546.176
1547.066
1547.956
1548.846
1549.736
1550.626
1551.516
1552.406
1553.3
1553.825
1554.35
1554.875
1555.4
1555.925
1556.45
1556.836
1557.222
1557.608
1557.994
1558.38
1558.766
1559.152
1559.538
1559.92
1560.569
1561.218
1561.867
1562.516
1563.165
1563.814
1564.463
1565.112
1565.761
1566.41
1567.059
1567.71
1570.773
1573.836
1576.9
1577.145
1577.39
1577.635
1577.88
1578.125
1578.37
1578.615
1578.858
1579.344
1579.83
1580.316
1580.802
1581.29
1582.09
1582.89
1583.69
1584.49
1585.29
1586.09
1586.808
1587.526
1588.244
1588.962
1589.68
1590.398
1591.116
1591.834
1592.552
1593.27
1593.556
1593.842
1594.128
1594.414
1594.7
1594.986
1595.272
1595.56
1596.002
1596.444
1596.886
1597.328
1597.77
1598.21
1598.655
1599.1
1599.545
1599.99
1600.435
1600.88
1601.325
1601.77
1602.215
1602.66
1603.058
1603.456
1603.854
1604.252
1604.65
1605.048
1605.446
1605.844
1606.246
1606.99
1607.734
1608.478
1609.222
1609.966
1610.71
1611.079
1611.448
1611.817
1612.186
1612.555
1612.924
1613.293
1613.662
1614.03
1614.244
1614.458
1614.672
1614.886
1615.1
1615.314
1615.528
1615.742
1615.956
1616.17
1616.38
1617.394
1618.408
1619.422
1620.436
1621.45
1622.037
1622.624
1623.211
1623.798
1624.384
1624.978
1625.572
1626.166
1626.76
1627.354
1627.95
1628.446
1628.942
1629.438
1629.934
1630.43
1630.926
1631.42
1631.826
1632.232
1632.638
1633.044
1633.45
1633.856
1634.26
1634.633
1635.006
1635.379
1635.752
1636.125
1636.498
1636.871
1637.244
1637.617
1637.99
1639.411
1640.832
1642.253
1643.674
1645.095
1646.516
1647.94
1648.874
1649.808
1650.742
1651.676
1652.61
1653.544
1654.478
1655.412
1656.35
1656.689
1657.028
1657.367
1657.706
1658.045
1658.384
1658.72
1659.187
1659.654
1660.121
1660.588
1661.055
1661.522
1661.989
1662.456
1662.923
1663.39
1663.888
1664.385
1664.882
1665.38
1665.724
1666.068
1666.412
1666.756
1667.1
1667.444
1667.79
1668.483
1669.175
1669.867
1670.56
1670.89
1671.22
1671.55
1671.88
1672.21
1672.54
1672.87
1673.2
1673.53
1673.991
1674.452
1674.913
1675.374
1675.835
1676.296
1676.757
1677.218
1677.679
1678.14
1678.398
1678.656
1678.914
1679.172
1679.43
1679.688
1679.946
1680.204
1680.46
1680.727
1680.995
1681.262
1681.529
1681.796
1682.063
1682.331
1682.598
1682.865
1683.132
1683.399
1683.67
1684.02
1684.37
1684.72
1685.07
1685.42
1685.645
1685.87
1686.095
1686.32
1686.545
1686.77
1686.995
1687.22
1687.445
1687.67
1687.848
1688.026
1688.204
1688.382
1688.56
1688.738
1688.916
1689.094
1689.272
1689.45
1689.628
1689.81
1690.068
1690.326
1690.584
1690.842
1691.1
1691.358
1691.616
1691.874
1692.129
1693.871
1695.613
1697.355
1699.097
1700.839
1702.581
1704.32
1704.555
1704.79
1705.025
1705.26
1705.495
1705.73
1705.965
1706.2
1706.569
1706.938
1707.307
1707.676
1708.045
1708.414
1708.783
1709.152
1709.52
1710.0
1710.48
1710.96
1711.44
1711.837
1712.234
1712.631
1713.028
1713.425
1713.82
1715.286
1716.752
1718.218
1719.684
1721.15
1722.616
1724.081
1724.996
1725.911
1726.826
1727.74
1728.25
1728.76
1729.865
1733.8
1734.293
1734.786
1735.279
1735.772
1736.265
1736.758
1737.251
1737.744
1738.237
1738.73
1739.223
1739.716
1740.209
1740.702
1741.195
1741.69
1742.754
1743.818
1744.882
1745.946
1747.01
1748.074
1749.138
1750.202
1751.266
1752.33
1753.398
1753.81
1754.222
1754.634
1755.046
1755.458
1755.868
1756.25
1756.632
1757.014
1757.396
1757.778
1758.16
1758.542
1758.924
1759.306
1759.688
1760.067
1760.539
1761.011
1761.483
1761.955
1762.427
1762.899
1763.371
1763.843
1764.315
1764.787
1765.26
1766.2
1766.44
1766.68
1766.92
1767.16
1767.4
1767.64
1767.88
1768.12
1768.41
1768.7
1768.99
1769.28
1769.57
1769.815
1770.06
1770.305
1770.55
1770.795
1771.04
1771.284
1771.465
1771.645
1771.825
1772.005
1772.186
1772.366
1772.546
1772.726
1772.907
1773.087
1773.267
1773.45
1773.68
1773.91
1774.14
1774.37
1774.6
1774.83
1775.06
1775.29
1775.52
1775.75
1775.984
1776.176
1776.368
1776.56
1776.752
1776.944
1777.136
1777.328
1777.52
1777.712
1777.9
1778.164
1778.428
1778.692
1778.956
1779.22
1779.873
1780.526
1781.179
1781.832
1782.485
1783.14
1784.001
1784.862
1785.723
1786.584
1787.445
1788.306
1789.167
1790.028
1790.889
1791.75
1792.611
1793.474
1793.873
1794.272
1794.671
1795.07
1795.47
1796.196
1796.922
1797.648
1798.374
1799.1
1799.449
1799.798
1800.147
1800.496
1800.845
1801.194
1801.54
1802.079
1802.618
1803.157
1803.696
1804.235
1804.774
1805.313
1805.852
1806.391
1806.93
1807.469
1808.008
1808.55
1808.749
1808.948
1809.147
1809.346
1809.545
1809.744
1809.943
1810.14
1810.498
1810.856
1811.214
1811.572
1811.93
1812.288
1812.646
1813.004
1813.362
1813.72
1814.127
1814.534
1814.941
1815.348
1815.755
1816.162
1816.57
1817.119
1817.668
1818.217
1818.766
1819.315
1819.864
1820.413
1820.962
1821.511
1822.06
1822.585
1823.11
1823.635
1824.16
1824.685
1825.21
1825.735
1826.26
1826.7
1827.14
1827.58
1828.02
1828.46
1828.9
1829.34
1829.78
1830.22
1830.668
1831.116
1831.564
1832.012
1832.46
1832.816
1833.172
1833.528
1833.884
1834.24
1834.596
1834.952
1835.308
1835.664
1836.02
1836.376
1836.732
1837.088
1837.444
1837.8
1838.162
1838.407
1838.652
1838.897
1839.142
1839.387
1839.632
1839.877
1840.122
1840.37
1840.775
1841.18
1841.585
1841.99
1842.395
1842.8
1843.205
1843.61
1844.015
1844.42
1844.82
1845.247
1845.675
1846.102
1846.53
1846.957
1847.385
1847.812
1848.24
1848.688
1849.136
1849.584
1850.032
1850.48
1850.876
1851.272
1851.668
1852.064
1852.46
1852.856
1853.252
1853.648
1854.044
1854.44
1854.84
1855.246
1855.652
1856.058
1856.464
1856.87
1857.276
1857.682
1858.088
1858.49
1858.748
1859.006
1859.264
1859.522
1859.78
1860.038
1860.296
1860.554
1860.812
1861.07
1861.328
1861.59
1861.916
1862.242
1862.568
1862.894
1863.22
1863.546
1863.87
1864.153
1864.436
1864.719
1865.002
1865.285
1865.568
1865.851
1866.134
1866.42
1866.811
1867.202
1867.593
1867.984
1868.375
1868.766
1869.157
1869.548
1869.94
1870.654
1871.368
1872.082
1872.796
1873.51
1874.224
1874.935
1875.503
1876.071
1876.639
1877.207
1877.775
1878.343
1878.911
1879.479
1880.047
1880.615
1881.18
1881.818
1882.456
1883.094
1883.732
1884.37
1885.008
1885.646
1886.284
1886.922
1887.56
1888.535
1889.51
1890.485
1891.46
1892.435
1893.41
1893.914
1894.418
1894.922
1895.426
1895.93
1896.434
1896.938
1897.442
1897.95
1898.352
1898.754
1899.156
1899.558
1899.96
1900.362
1900.764
1901.166
1901.568
1901.97
1902.372
1902.774
1903.18
1904.487
1905.794
1907.101
1908.408
1909.715
1911.022
1912.329
1913.636
1914.94
1915.318
1915.696
1916.074
1916.452
1916.83
1917.208
1917.586
1917.964
1918.342
1918.72
1919.1
1919.558
1920.016
1920.474
1920.932
1921.39
1921.848
1922.306
1922.764
1923.222
1923.68
1924.138
1924.6
1925.237
1925.874
1926.51
1926.798
1927.086
1927.374
1927.662
1927.95
1928.24
1928.607
1928.974
1929.341
1929.708
1930.075
1930.44
1930.972
1931.504
1932.036
1932.568
1933.1
1933.57
1934.04
1934.51
1934.98
1935.45
1935.92
1936.39
1936.86
1937.262
1937.664
1938.066
1938.468
1938.87
1939.272
1939.674
1940.076
1940.478
1940.88
1941.573
1942.266
1942.959
1943.652
1944.345
1945.038
1945.731
1946.424
1947.117
1947.81
1948.5
1949.09
1949.68
1950.27
1950.86
1951.45
1952.04
1952.63
1953.22
1953.81
1954.4
1954.99
1955.317
1955.644
1955.971
1956.298
1956.625
1956.952
1957.279
1957.606
1957.933
1958.26
1958.587
1958.914
1959.24
1960.382
1961.524
1962.666
1963.808
1964.95
1966.092
1967.234
1968.376
1969.518
1970.66
1971.8
1972.017
1972.234
1972.451
1972.668
1972.885
1973.102
1973.319
1973.536
1973.753
1973.97
1974.298
1974.626
1974.954
1975.282
1975.61
1975.938
1976.266
1976.594
1976.92
1977.531
1978.142
1978.753
1979.364
1979.975
1980.586
1981.197
1981.81
1983.223
1984.636
1986.049
1987.462
1988.875
1990.288
1991.7
1992.06
1992.42
1992.78
1993.14
1993.5
1993.86
1994.22
1994.58
1994.94
1995.3
1995.75
1996.2
1996.65
1997.1
1997.55
1998.0
1998.45
1998.9
1999.93
2000.207
2000.484
2000.761
2001.038
2001.315
2001.592
2001.869
2002.146
2002.423
2002.7
2002.982
2003.264
2003.546
2003.828
2004.11
2004.392
2004.674
2004.956
2005.238
2005.521
2005.865
2006.209
2006.553
2006.896
2007.621
2008.346
2009.071
2009.796
2010.521
2011.246
2011.971
2012.697
2012.951
2013.205
2013.459
2013.713
2013.967
2014.221
2014.475
2014.729
2014.985
2015.526
2016.067
2016.608
2017.149
2017.69
2018.64
2019.59
2019.912
2020.234
2020.556
2020.878
2021.2
2021.52
2021.857
2022.194
2022.531
2022.868
2023.205
2023.542
2023.879
2024.216
2024.55
2024.947
2025.343
2025.74
2026.137
2026.534
2026.931
2027.328
2027.722
2027.93
2028.138
2028.346
2028.554
2028.762
2028.97
2029.18
2030.75
2031.013
2031.276
2031.539
2031.802
2032.065
2032.328
2032.59
2032.853
2033.116
2033.379
2033.642
2033.905
2034.168
2034.431
2034.694
2034.957
2035.22
2035.48
2036.017
2036.555
2037.093
2037.63
2037.834
2038.038
2038.242
2038.446
2038.65
2038.854
2039.058
2039.262
2039.47
2039.853
2040.236
2040.619
2041.002
2041.385
2041.768
2042.151
2042.534
2042.92
2043.315
2043.71
2044.105
2044.5
2044.895
2045.29
2045.631
2045.972
2046.313
2046.654
2046.995
2047.336
2047.68
2047.877
2048.074
2048.271
2048.468
2048.665
2048.862
2049.059
2049.256
2049.453
2049.65
2049.85
2050.128
2050.406
2050.684
2050.962
2051.24
2051.52
2052.907
2054.294
2055.681
2057.068
2058.456
2059.845
2060.146
2060.447
2060.748
2061.049
2061.35
2061.651
2061.952
2062.25
2062.717
2063.184
2063.651
2064.118
2064.585
2065.052
2065.519
2065.986
2066.453
2066.92
2067.387
2067.554
2067.721
2067.888
2068.055
2068.222
2068.389
2068.556
2068.723
2068.89
2069.053
2069.324
2069.595
2069.866
2070.137
2070.409
2072.51
2072.789
2073.068
2073.347
2073.626
2073.905
2074.184
2074.46
2074.714
2074.968
2075.222
2075.476
2075.73
2075.984
2076.238
2076.489
2076.89
2077.291
2077.692
2078.093
2078.494
2078.895
2079.296
2079.697
2080.1
2080.354
2080.608
2080.862
2081.116
2081.37
2081.624
2081.878
2082.132
2082.386
2082.64
2082.894
2083.152
2083.998
2084.844
2085.69
2086.536
2087.382
2088.228
2089.074
2089.923
2090.268
2090.613
2090.958
2091.303
2091.648
2091.993
2092.338
2092.965
2093.592
2094.219
2094.846
2095.474
2095.694
2095.914
2096.134
2096.354
2096.574
2096.794
2097.014
2097.234
2097.454
2097.674
2097.89
2098.388
2098.886
2099.384
2099.882
2100.38
2100.878
2101.376
2101.875
2102.997
2104.119
2105.24
2105.469
2105.698
2105.927
2106.156
2106.385
2106.614
2106.843
2107.07
2107.348
2107.626
2107.904
2108.182
2108.46
2108.738
2109.016
2109.294
2109.572
2109.85
2110.125
2110.752
2111.379
2112.006
2112.633
2113.26
2113.887
2114.514
2115.141
2115.768
2116.395
2117.02
2117.211
2117.402
2117.593
2117.784
2117.975
2118.166
2118.357
2118.55
2118.974
2119.398
2119.822
2120.246
2120.67
2121.094
2121.518
2121.942
2122.366
2122.79
2123.214
2123.636
2124.405
2125.174
2125.943
2126.712
2127.479
2130.754
2134.029
2137.304
2140.25
2140.81
2141.37
2141.93
2142.49
2143.05
2143.61
2146.0
2146.555
2146.833
2147.111
2147.389
2147.667
2147.945
2148.223
2148.5
2148.697
2148.894
2149.091
2149.288
2149.485
2149.682
2149.879
2150.076
2150.273
2150.47
2150.666
2151.0
2151.334
2151.668
2152.002
2152.336
2152.67
2153.004
2153.338
2153.672
2154.004
2154.32
2154.636
2154.952
2155.268
2155.584
2155.9
2156.216
2156.532
2156.848
2157.164
2157.479
2157.771
2158.063
2158.355
2158.647
2158.939
2159.231
2159.52
2159.928
2160.336
2160.744
2161.152
2161.56
2161.968
2162.376
2162.784
2163.192
2163.6
2164.008
2164.42
2164.988
2165.556
2166.124
2166.692
2167.26
2167.527
2167.794
2168.061
2168.328
2168.595
2168.862
2169.129
2169.396
2169.663
2169.927
2170.917
2171.907
2172.898
2173.172
2173.446
2173.72
2173.994
2174.268
2174.542
2174.814
2175.427
2176.04
2176.653
2177.266
2177.877
2178.103
2178.329
2178.555
2178.781
2179.007
2179.233
2179.46
2179.649
2179.838
2180.027
2180.216
2180.405
2180.594
2180.783
2180.972
2181.161
2181.35
2181.62
2181.89
2182.16
2182.43
2182.7
2182.97
2183.136
2183.302
2183.468
2183.634
2183.8
2183.966
2184.132
2184.298
2184.464
2184.63
2184.801
2185.03
2185.259
2185.488
2185.717
2185.946
2186.176
2186.24
2186.523
2186.806
2187.089
2187.372
2187.656
2187.918
2188.18
2188.442
2188.704
2188.966
2189.23
2190.714
2193.827
2196.94
2197.373
2197.806
2198.239
2198.672
2199.105
2199.538
2199.971
2200.404
2200.837
2201.27
2201.703
2202.136
2202.569
2203.0
2203.419
2203.838
2204.257
2204.676
2205.095
2205.514
2205.933
2206.352
2206.771
2207.19
2207.609
2208.03
2208.257
2208.484
2208.711
2208.938
2209.165
2209.39
2209.694
2209.998
2210.302
2210.606
2210.91
2211.214
2211.518
2211.822
2212.126
2212.43
2213.727
2215.024
2216.321
2217.618
2218.915
2220.212
2221.51
2222.144
2222.778
2223.412
2224.046
2224.68
2225.314
2225.948
2226.582
2227.22
2228.23
2229.24
2230.25
2231.26
2232.27
2233.28
2234.29
2235.3
2236.31
2236.602
2236.894
2237.186
2237.478
2237.77
2238.062
2238.354
2238.646
2238.938
2239.23
2240.898
2242.566
2244.234
2245.902
2247.57
2247.964
2248.358
2248.752
2249.146
2249.54
2249.934
2250.328
2250.722
2251.12
2251.482
2251.844
2252.206
2252.568
2252.93
2253.12
2253.31
2253.5
2253.69
2253.88
2254.07
2254.26
2254.45
2254.64
2255.574
2256.508
2257.442
2258.376
2259.31
2260.244
2261.178
2262.112
2263.046
2263.98
2265.094
2266.208
2267.322
2268.436
2269.55
2270.664
2271.778
2272.892
2274.01
2275.244
2276.478
2277.712
2278.946
2280.18
2281.414
2282.648
2283.882
2285.116
2286.35
2286.703
2287.056
2287.409
2287.762
2288.115
2288.468
2288.821
2289.174
2289.53
2290.27
2291.01
2291.75
2292.49
2293.23
2293.97
2294.534
2295.098
2295.662
2296.226
2296.79
2297.354
2297.918
2298.482
2299.05
2299.662
2300.274
2300.886
2301.498
2302.11
2302.722
2303.334
2303.946
2304.558
2305.17
2305.782
2306.395
2314.68
2315.055
2315.43
2315.805
2316.18
2316.435
2316.69
2316.945
2317.2
2317.455
2317.71
2317.965
2318.22
2318.475
2318.73
2318.98
2319.214
2319.448
2319.682
2319.916
2320.15
2320.384
2320.618
2320.85
2321.139
2321.428
2321.717
2322.006
2322.295
2322.584
2322.873
2323.162
2323.451
2323.74
2324.029
2324.318
2324.607
2324.9
2325.601
2326.302
2327.003
2327.704
2328.405
2329.106
2329.807
2330.508
2331.209
2331.91
2332.61
2333.681
2334.752
2335.823
2336.894
2337.965
2339.036
2340.107
2341.178
2342.249
2343.32
2344.391
2345.462
2346.53
2346.812
2347.094
2347.376
2347.658
2347.94
2348.222
2348.504
2348.786
2349.07
2349.454
2349.838
2350.222
2350.606
2350.99
2351.471
2351.952
2352.433
2352.914
2353.395
2353.876
2354.357
2354.838
2355.319
2355.8
2356.281
2356.762
2357.243
2357.73
2358.061
2358.392
2358.723
2359.054
2359.385
2359.716
2360.047
2360.378
2360.709
2361.04
2361.37
2361.878
2362.386
2362.894
2363.402
2363.91
2364.418
2364.926
2365.434
2365.94
2366.688
2367.436
2368.184
2368.932
2369.68
2370.428
2371.176
2371.924
2372.672
2373.42
2374.21
2375.0
2375.79
2376.58
2377.37
2378.16
2378.95
2379.74
2380.53
2381.324
2381.807
2382.29
2382.773
2383.256
2383.739
2384.222
2384.467
2384.712
2384.957
2385.202
2385.447
2385.692
2385.937
2386.182
2386.43
2386.819
2387.208
2387.597
2387.986
2388.375
2388.764
2389.153
2389.542
2389.931
2390.32
2391.285
2391.447
2391.61
2391.773
2391.936
2392.099
2392.262
2392.425
2392.588
2392.751
2392.91
2393.181
2393.452
2393.723
2393.994
2394.265
2394.536
2394.807
2395.078
2395.345
2396.692
2398.039
2399.386
2400.733
2402.08
2402.423
2402.766
2403.109
2403.452
2403.795
2404.138
2404.481
2404.824
2405.17
2405.399
2405.628
2405.857
2406.086
2406.315
2406.544
2406.773
2407.0
2407.395
2407.79
2408.185
2408.58
2408.975
2409.37
2409.765
2410.16
2410.551
2412.141
2413.731
2415.321
2416.911
2418.5
2418.785
2419.07
2419.355
2419.64
2419.925
2420.21
2420.495
2420.78
2421.037
2421.294
2421.551
2421.808
2422.065
2422.321
2422.816
2423.311
2423.806
2424.301
2424.796
2425.29
2425.545
2425.8
2426.055
2426.31
2426.565
2426.82
2427.075
2427.33
2427.581
2428.509
2429.437
2430.365
2431.293
2432.221
2433.149
2434.077
2435.005
2435.93
2436.297
2436.664
2437.031
2437.398
2437.765
2438.13
2438.488
2438.846
2439.204
2439.562
2439.92
2440.28
2441.394
2442.508
2443.622
2444.736
2445.85
2446.964
2448.078
2449.192
2450.306
2451.42
2452.534
2453.648
2454.76
2455.618
2456.476
2457.334
2458.191
2459.048
2459.905
2460.763
2461.62
2461.921
2462.222
2462.523
2462.824
2463.125
2463.426
2463.73
2463.99
2464.25
2464.51
2464.77
2465.03
2465.29
2465.55
2465.81
2466.257
2466.704
2467.151
2467.598
2468.045
2468.492
2468.94
2469.593
2470.245
2470.898
2471.551
2472.204
2472.857
2473.51
2474.16
2474.733
2475.306
2475.878
2476.45
2477.023
2477.596
2478.168
2478.74
2478.993
2479.246
2479.499
2479.752
2480.005
2480.258
2480.51
2480.842
2481.174
2481.506
2481.838
2482.17
2482.5
2482.959
2483.418
2483.877
2484.336
2484.795
2485.254
2485.713
2486.17
2486.506
2486.842
2487.178
2487.514
2487.85
2488.357
2488.864
2489.371
2489.878
2490.385
2490.892
2491.399
2491.906
2492.413
2492.92
2493.43
2493.812
2494.194
2494.576
2494.958
2495.34
2495.722
2496.104
2496.486
2496.868
2497.25
2497.632
2498.01
2498.828
2499.646
2500.464
2501.282
2502.1
2502.92
2503.584
2504.248
2504.912
2505.576
2506.24
2506.904
2507.568
2508.232
2508.896
2509.56
2510.224
2510.888
2511.552
2512.22
2513.16
2513.521
2513.882
2514.243
2514.604
2514.965
2515.326
2515.69
2515.884
2516.078
2516.272
2516.466
2516.66
2516.854
2517.049
2517.278
2517.507
2517.736
2517.965
2518.194
2518.423
2518.652
2518.881
2519.11
2519.34
2519.84
2520.254
2520.668
2521.082
2521.496
2521.91
2522.324
2522.738
2523.152
2523.57
2524.31
2525.05
2525.79
2526.011
2526.232
2526.453
2526.674
2526.895
2527.116
2527.337
2527.558
2527.779
2528.0
2528.221
2528.44
2528.859
2529.278
2529.697
2530.116
2530.535
2530.954
2531.373
2531.792
2532.21
2533.376
2534.542
2535.708
2536.874
2538.04
2539.206
2540.37
2541.419
2542.468
2543.517
2544.566
2545.615
2546.664
2547.713
2548.762
2549.811
2550.86
2551.909
2552.958
2554.007
2555.06
2555.363
2555.666
2555.97
2556.274
2556.661
2557.048
2557.435
2557.822
2558.209
2558.596
2558.983
2559.37
2559.754
2563.216
2563.419
2563.622
2563.825
2564.028
2564.231
2564.434
2564.637
2564.84
2565.24
2565.64
2566.04
2566.44
2566.84
2567.127
2567.414
2567.701
2567.988
2568.275
2568.562
2568.849
2569.136
2569.423
2569.71
2570.0
2570.487
2570.974
2571.461
2571.948
2572.435
2572.922
2573.409
2573.896
2574.38
2574.683
2574.986
2575.289
2575.592
2575.895
2576.198
2576.5
2577.092
2577.684
2578.276
2578.868
2579.46
2580.052
2580.644
2581.236
2581.83
2582.086
2582.342
2582.598
2582.854
2583.11
2583.366
2583.622
2583.878
2584.134
2584.39
2584.646
2584.902
2585.158
2585.41
2585.596
2585.782
2585.968
2586.154
2586.34
2586.526
2586.712
2586.898
2587.084
2587.27
2587.456
2587.642
2587.828
2588.014
2588.2
2588.386
2588.572
2588.75
2589.084
2589.418
2589.752
2590.086
2590.42
2590.754
2591.088
2591.422
2591.756
2592.09
2592.42
2592.815
2593.21
2593.605
2594.0
2594.395
2594.79
2595.108
2595.426
2595.744
2596.062
2596.38
2596.698
2597.015
2597.33
2598.091
2598.852
2599.613
2600.374
2601.135
2601.896
2602.657
2603.418
2604.179
2604.94
2605.701
2606.46
2607.18
2607.9
2608.62
2609.34
2610.06
2610.78
2611.5
2612.22
2612.94
2613.66
2614.38
2615.1
2615.815
2616.028
2616.24
2616.452
2616.665
2616.878
2617.091
2617.303
2617.515
2617.727
2617.94
2618.178
2618.416
2618.654
2618.892
2619.13
2619.368
2619.606
2619.844
2620.082
2620.324
2620.565
2620.806
2621.047
2621.288
2621.529
2621.77
2622.011
2622.252
2622.49
2623.475
2624.46
2625.46
2626.365
2627.27
2627.693
2628.116
2628.539
2628.962
2629.385
2629.808
2630.231
2630.654
2631.077
2631.5
2631.92
2632.416
2632.912
2633.408
2633.904
2634.4
2634.679
2634.958
2635.237
2635.516
2635.795
2636.074
2636.35
2638.478
2640.606
2642.734
2644.862
2646.99
2649.12
2649.696
2650.272
2650.848
2651.424
2652.0
2652.576
2653.152
2653.728
2654.304
2654.88
2655.58
2656.28
2656.98
2657.68
2658.38
2659.08
2659.78
2660.48
2661.18
2662.327
2663.475
2664.622
2665.769
2666.916
2668.064
2669.211
2670.36
2670.604
2670.848
2671.092
2671.336
2671.58
2671.824
2672.068
2672.312
2672.56
2674.507
2676.454
2678.401
2680.348
2682.295
2684.24
2684.805
2685.37
2685.935
2686.5
2687.009
2687.518
2688.027
2688.536
2689.045
2689.554
2690.06
2690.27
2690.48
2690.69
2690.9
2691.11
2691.32
2691.53
2691.892
2692.255
2692.618
2692.98
2693.342
2693.704
2694.066
2694.43
2694.95
2695.47
2695.99
2696.237
2696.484
2696.731
2696.978
2697.225
2697.472
2697.719
2697.966
2698.213
2698.46
2698.707
2698.954
2699.2
2699.904
2700.608
2701.312
2702.016
2702.72
2703.033
2703.346
2703.659
2703.972
2704.285
2704.598
2704.911
2705.224
2705.537
2705.85
2706.16
2706.467
2706.774
2707.081
2707.388
2707.695
2708.002
2708.309
2708.616
2708.923
2709.23
2709.54
2709.827
2710.114
2710.401
2710.688
2710.975
2711.262
2711.55
2711.803
2712.056
2712.309
2712.562
2712.815
2713.068
2713.321
2713.574
2713.827
2714.08
2714.333
2714.59
2715.121
2715.652
2716.183
2716.714
2717.245
2717.776
2718.31
2718.835
2719.36
2719.885
2720.41
2720.935
2721.46
2721.985
2722.51
2723.176
2723.842
2724.508
2725.174
2725.84
2726.506
2727.172
2727.838
2728.5
2728.892
2729.284
2729.677
2730.07
2730.463
2730.856
2731.249
2731.64
2732.018
2732.396
2732.774
2733.152
2733.53
2733.908
2734.286
2734.664
2735.042
2735.42
2735.798
2736.176
2736.56
2736.794
2737.028
2737.262
2737.496
2737.73
2737.964
2738.198
2738.43
2738.682
2738.934
2739.186
2739.438
2739.69
2739.942
2740.194
2740.446
2740.698
2740.95
2741.202
2741.45
2741.708
2741.966
2742.224
2742.482
2742.74
2742.998
2743.256
2743.514
2743.772
2744.03
2744.288
2744.55
2744.776
2745.002
2745.228
2745.454
2745.68
2745.906
2746.132
2746.358
2746.58
2747.064
2747.548
2748.032
2748.516
2749.0
2749.484
2749.968
2750.45
2750.656
2750.862
2751.068
2751.274
2751.48
2751.686
2751.892
2752.098
2752.304
2752.51
2752.716
2752.922
2753.13
2753.8
2754.47
2755.14
2755.446
2755.752
2756.058
2756.364
2756.67
2756.976
2757.282
2757.588
2757.894
2758.2
2758.506
2758.812
2760.068
2761.324
2762.579
2762.922
2763.265
2763.608
2763.951
2764.294
2764.637
2764.977
2766.365
2767.753
2769.14
2770.386
2771.632
2772.878
2774.124
2775.37
2775.737
2776.104
2776.471
2776.838
2777.205
2777.572
2777.939
2778.306
2778.673
2779.04
2779.407
2779.77
2780.129
2780.488
2780.847
2781.206
2781.566
2781.876
2782.186
2782.496
2782.806
2783.116
2783.426
2783.736
2784.046
2784.356
2784.67
2785.275
2785.88
2786.485
2787.09
2787.694
2787.93
2788.166
2788.402
2788.638
2788.874
2789.11
2789.651
2790.192
2790.733
2791.274
2791.815
2792.356
2792.897
2793.438
2793.98
2794.329
2794.678
2795.027
2795.376
2795.725
2796.074
2796.423
2796.77
2797.137
2797.504
2797.87
2798.112
2798.354
2798.596
2798.838
2799.08
2799.322
2799.564
2799.806
2800.05
2800.618
2801.186
2801.754
2802.322
2802.89
2803.173
2803.456
2803.739
2804.022
2804.305
2804.588
2804.871
2805.154
2805.437
2805.722
2805.92
2806.118
2806.316
2806.514
2806.712
2806.91
2807.108
2807.305
2807.639
2807.973
2808.307
2808.641
2808.975
2809.31
2809.607
2809.904
2810.201
2810.498
2810.795
2811.09
2811.391
2811.692
2811.993
2812.294
2812.595
2812.896
2813.197
2813.498
2813.799
2814.1
2814.401
2814.7
2815.037
2815.374
2815.711
2816.048
2816.385
2816.72
2817.012
2817.305
2817.597
2817.89
2818.2
2818.51
2818.82
2819.13
2819.44
2819.75
2821.068
2822.386
2823.704
2825.022
2826.34
2827.658
2828.976
2830.294
2831.611
2832.928
2834.245
2835.56
2835.847
2836.135
2836.423
2836.71
2836.997
2837.284
2837.572
2837.86
2838.352
2838.844
2839.336
2839.83
2840.249
2840.668
2841.087
2841.506
2841.925
2842.344
2842.763
2843.18
2843.411
2843.642
2843.873
2844.104
2844.335
2844.566
2844.797
2845.028
2845.26
2845.513
2845.765
2846.017
2846.269
2846.521
2846.774
2847.026
2847.28
2847.69
2848.1
2848.51
2848.92
2849.33
2849.74
2850.15
2850.557
2850.964
2851.371
2851.778
2852.185
2852.592
2852.999
2853.406
2853.813
2854.22
2854.895
2855.57
2856.244
2856.65
2857.056
2857.462
2857.868
2858.274
2858.68
2859.28
2859.88
2860.48
2861.08
2861.563
2862.046
2862.529
2863.012
2863.495
2863.978
2864.461
2864.944
2865.427
2865.91
2866.393
2866.876
2867.359
2867.84
2868.346
2868.852
2869.358
2869.864
2870.37
2870.719
2871.068
2871.417
2871.766
2872.115
2872.464
2872.812
2873.358
2873.904
2874.45
2874.996
2875.54
2875.813
2876.086
2876.359
2876.632
2876.905
2877.178
2877.451
2877.724
2877.997
2878.27
2878.565
2878.86
2879.155
2879.45
2879.745
2880.04
2880.334
2880.628
2880.922
2881.216
2881.51
2881.927
2882.344
2882.761
2883.178
2883.595
2884.012
2884.429
2884.846
2885.263
2885.68
2886.1
2886.345
2886.59
2886.835
2887.079
2887.856
2888.633
2889.41
2890.187
2890.964
2891.247
2891.53
2891.813
2892.096
2892.379
2892.66
2892.918
2893.176
2893.434
2893.692
2893.95
2894.206
2895.595
2895.856
2896.117
2896.378
2896.639
2896.9
2897.322
2897.744
2898.166
2898.588
2899.01
2899.432
2899.854
2900.276
2900.698
2901.12
2901.54
2901.954
2902.368
2902.782
2903.196
2903.61
2904.024
2904.438
2904.852
2905.268
2905.529
2905.79
2906.051
2906.312
2906.573
2906.836
2907.023
2907.21
2907.397
2907.584
2907.771
2907.96
2908.616
2909.272
2909.928
2910.584
2911.24
2911.896
2912.552
2913.21
2914.269
2915.328
2916.387
2917.446
2918.505
2919.564
2920.623
2921.68
2922.023
2922.366
2922.709
2923.052
2923.395
2923.738
2924.081
2924.424
2924.767
2925.11
2925.464
2925.818
2926.172
2926.526
2926.88
2927.234
2927.588
2927.942
2928.3
2928.791
2929.282
2929.773
2930.264
2930.441
2930.618
2930.795
2930.972
2931.149
2931.326
2931.503
2931.68
2934.003
2936.326
2938.649
2940.972
2943.295
2945.62
2946.744
2947.868
2948.992
2950.116
2951.24
2953.265
2955.29
2955.792
2956.294
2956.796
2957.298
2957.8
2958.302
2958.804
2959.306
2959.812
2960.183
2960.554
2960.925
2961.296
2961.667
2962.04
2962.451
2962.862
2963.273
2963.684
2964.095
2964.506
2964.917
2965.33
2966.05
2966.77
2967.49
2968.21
2968.93
2969.65
2970.37
2971.09
2971.318
2971.546
2971.774
2972.002
2972.23
2972.458
2972.686
2972.914
2973.142
2973.37
2973.6
2975.338
2977.076
2978.814
2980.552
2982.29
2984.028
2985.765
2987.5
2987.787
2988.074
2988.361
2988.65
2988.946
2989.242
2989.538
2989.834
2990.13
2990.426
2990.722
2991.018
2991.314
2991.61
2991.979
2992.348
2992.717
2993.086
2993.455
2993.824
2994.193
2994.562
2994.931
2995.3
2995.561
2995.822
2996.083
2996.344
2996.605
2996.866
2997.13
2997.533
2997.936
2998.339
2998.742
2999.145
2999.548
2999.951
3000.354
3000.76
3001.038
3001.316
3001.594
3001.872
3002.15
3002.43
3002.72
3003.01
3003.3
3003.59
3003.88
3004.133
3004.386
3004.639
3004.892
3005.145
3005.398
3005.651
3005.905
3006.108
3006.311
3006.514
3006.717
3006.92
3007.123
3007.326
3007.53
3007.768
3008.006
3008.244
3008.482
3008.72
3008.958
3009.196
3009.434
3009.672
3009.91
3010.15
3010.43
3010.71
3010.99
3011.27
3011.55
3011.83
3012.11
3012.39
3012.67
3012.95
3013.171
3013.392
3013.613
3013.834
3014.055
3014.276
3014.495
3014.731
3014.967
3015.203
3015.439
3015.675
3015.911
3016.147
3016.383
3016.62
3017.014
3017.408
3017.802
3018.196
3018.59
3018.985
3020.023
3021.06
3021.297
3021.534
3021.771
3022.008
3022.245
3022.48
3022.74
3023.0
3023.26
3023.52
3023.78
3024.04
3024.3
3024.696
3025.092
3025.488
3025.884
3026.28
3026.568
3026.856
3027.144
3027.432
3027.72
3028.008
3028.296
3028.584
3028.872
3029.16
3029.448
3029.736
3030.03
3030.419
3030.808
3031.197
3031.586
3031.975
3032.364
3032.753
3033.142
3033.53
3034.135
3034.74
3035.345
3035.95
3036.556
3036.902
3037.248
3037.594
3037.94
3038.286
3038.632
3038.978
3039.324
3039.67
3039.949
3040.228
3040.507
3040.786
3041.065
3041.344
3041.623
3041.902
3042.181
3042.46
3043.08
3043.35
3043.62
3043.89
3044.16
3044.43
3044.7
3044.97
3045.24
3045.451
3045.662
3045.873
3046.084
3046.295
3046.506
3046.72
3047.036
3047.352
3047.668
3047.984
3048.3
3048.616
3048.932
3049.246
3049.585
3049.924
3050.263
3050.602
3050.941
3051.28
3051.62
3052.162
3052.704
3053.246
3053.788
3054.33
3054.87
3055.097
3055.324
3055.551
3055.778
3056.005
3056.232
3056.459
3056.686
3056.913
3057.14
3057.37
3057.608
3057.846
3058.084
3058.322
3058.56
3058.798
3059.035
3059.27
3059.55
3059.83
3060.11
3060.39
3060.67
3060.95
3061.23
3061.448
3061.666
3061.884
3062.102
3062.32
3062.538
3062.756
3062.974
3063.192
3063.41
3063.628
3063.85
3064.09
3064.33
3064.57
3064.81
3065.05
3065.29
3065.495
3065.7
3065.905
3066.11
3066.315
3066.52
3066.725
3066.93
3067.135
3067.34
3067.54
3067.851
3068.162
3068.473
3068.784
3069.095
3069.406
3069.717
3070.03
3070.264
3070.498
3070.732
3070.966
3071.2
3071.434
3071.668
3071.902
3072.136
3072.37
3072.563
3072.756
3072.949
3073.142
3073.335
3073.528
3073.721
3073.914
3074.107
3074.3
3074.495
3074.794
3075.093
3075.392
3075.691
3075.99
3076.289
3076.588
3076.887
3077.186
3077.485
3077.784
3078.083
3078.38
3078.612
3078.844
3079.076
3079.308
3079.54
3079.772
3080.004
3080.236
3080.47
3080.715
3080.96
3081.205
3081.45
3081.695
3081.94
3082.185
3082.43
3082.675
3082.92
3083.16
3083.647
3084.134
3084.621
3085.108
3085.595
3086.082
3086.57
3086.796
3087.022
3087.248
3087.474
3087.7
3087.947
3088.194
3088.441
3088.688
3088.935
3089.182
3089.429
3089.676
3089.92
3090.197
3090.474
3090.751
3091.028
3091.305
3091.582
3091.859
3092.136
3092.413
3092.69
3092.97
3093.255
3093.54
3093.825
3094.11
3094.395
3094.68
3094.965
3095.25
3095.641
3096.032
3096.423
3096.814
3097.205
3097.596
3097.99
3098.22
3098.45
3098.68
3098.91
3099.14
3099.37
3099.6
3099.83
3100.06
3100.29
3100.52
3100.778
3101.035
3101.293
3101.55
3101.55
