64.07
65.595
67.12
68.645
70.17
71.695
73.22
74.745
76.27
76.848
77.426
78.004
78.582
79.16
79.738
80.316
80.894
81.472
82.05
82.628
83.206
83.78
84.087
84.394
84.701
85.008
85.315
85.622
85.929
86.236
86.543
86.85
87.157
87.464
87.771
88.078
88.385
88.692
89.0
89.47
89.94
90.41
90.88
91.35
91.82
92.29
92.76
93.23
93.7
94.17
94.64
95.11
95.58
96.05
96.429
96.808
97.187
97.566
97.945
98.324
98.703
99.082
99.461
99.84
100.219
100.598
100.977
101.356
101.735
102.114
102.49
103.148
103.806
104.464
105.122
105.78
106.438
107.096
107.754
108.412
109.07
109.728
110.386
111.044
111.7
112.072
112.444
112.816
113.188
113.56
113.932
114.304
114.676
115.048
115.42
115.792
116.164
116.536
116.908
117.28
117.652
118.024
118.396
118.77
119.214
119.658
120.102
120.546
120.99
121.434
121.878
122.322
122.766
123.21
123.654
124.098
124.542
124.986
125.43
125.88
126.15
126.42
126.69
126.96
127.23
127.5
127.77
128.04
128.31
128.58
128.85
129.12
129.39
129.66
129.93
130.2
130.47
130.739
131.018
131.297
131.576
131.855
132.134
132.413
132.692
132.971
133.25
133.529
133.808
134.087
134.366
134.645
134.924
135.2
135.542
135.884
136.226
136.568
136.91
137.252
137.594
137.936
138.278
138.62
138.962
139.304
139.646
139.988
140.33
140.933
141.536
142.139
142.742
143.345
143.948
144.551
145.154
145.757
146.36
146.963
147.566
148.17
148.561
148.952
149.343
149.734
150.125
150.516
150.907
151.298
151.689
152.08
152.471
152.862
153.253
153.644
154.035
154.43
154.743
155.055
155.368
155.68
155.993
156.305
156.618
156.93
157.243
157.555
157.868
158.18
158.493
158.805
159.118
159.43
159.929
160.428
160.927
161.426
161.925
162.424
162.923
163.422
163.921
164.42
164.919
165.418
165.917
166.42
166.808
167.196
167.584
167.972
168.36
168.748
169.136
169.524
169.912
170.3
170.688
171.076
171.464
171.852
172.24
172.63
172.932
173.234
173.536
173.838
174.14
174.442
174.744
175.046
175.348
175.65
175.952
176.254
176.556
176.858
177.16
177.459
178.084
178.709
179.334
179.96
180.441
180.922
181.403
181.884
182.365
182.846
183.327
183.808
184.289
184.77
185.251
185.732
186.213
186.694
187.175
187.656
188.13
188.592
189.054
189.516
189.978
190.44
190.902
191.364
191.826
192.288
192.75
193.212
193.674
194.136
194.598
195.06
195.522
195.984
196.449
196.832
197.215
197.598
197.981
198.364
198.747
199.13
199.513
199.896
200.279
200.662
201.045
201.428
201.811
202.2
207.389
207.716
208.043
208.37
208.697
209.024
209.351
209.678
210.005
210.332
210.659
210.986
211.313
211.64
211.97
212.379
212.788
213.197
213.606
214.015
214.424
214.833
215.242
215.651
216.06
216.469
216.878
217.287
217.696
218.105
218.51
219.173
219.836
220.499
221.162
221.825
222.488
223.151
223.814
224.477
225.14
225.803
226.466
227.129
227.79
228.276
228.762
229.248
229.734
230.22
230.706
231.192
231.678
232.164
232.65
233.136
233.62
233.875
234.13
234.385
234.64
234.895
235.15
235.405
235.66
235.915
236.17
236.425
236.68
236.935
237.19
237.695
238.2
238.705
239.21
239.715
240.22
240.725
241.23
241.735
242.24
242.745
243.25
243.755
244.26
244.765
245.27
245.78
246.275
246.77
247.265
247.76
248.255
248.75
249.245
249.74
250.235
250.73
251.225
251.72
252.22
252.585
252.95
253.315
253.68
254.045
254.41
254.775
255.14
255.505
255.87
256.235
256.6
256.965
257.33
257.695
258.06
258.317
258.574
258.831
259.088
259.345
259.602
259.859
260.116
260.373
260.63
260.887
261.144
261.401
261.658
261.91
262.139
262.368
262.597
262.826
263.055
263.284
263.513
263.742
263.971
264.2
264.429
264.658
264.887
265.116
265.345
265.574
265.81
266.141
266.472
266.803
267.134
267.465
267.796
268.127
268.458
268.789
269.12
269.451
269.782
270.113
270.444
270.775
271.106
271.437
271.76
272.106
272.452
272.798
273.144
273.49
273.836
274.182
274.528
274.874
275.22
275.566
275.912
276.258
276.604
276.95
277.296
277.642
277.988
278.33
278.696
279.062
279.428
279.794
280.16
280.526
280.892
281.258
281.624
281.99
282.356
282.722
283.088
283.454
283.82
284.19
285.19
285.534
285.878
286.222
286.566
286.91
287.254
287.598
287.942
288.286
288.63
288.974
289.318
289.662
290.006
290.35
290.694
291.04
291.309
291.578
291.847
292.116
292.385
292.654
292.923
293.192
293.461
293.73
293.999
294.268
294.537
294.806
295.075
295.344
295.613
295.889
296.174
296.459
296.744
297.029
297.314
297.599
297.884
298.169
298.454
298.739
299.024
299.309
299.594
299.879
300.164
300.449
300.732
300.92
301.108
301.296
301.484
301.672
301.86
302.048
302.236
302.424
302.612
302.8
302.988
303.176
303.364
303.552
303.74
303.928
304.116
304.304
304.492
304.68
305.095
305.51
305.925
306.34
306.755
307.17
307.585
308.0
308.415
308.83
309.245
309.66
310.075
310.49
310.905
311.32
311.73
312.063
312.396
312.729
313.062
313.395
313.728
314.061
314.394
314.727
315.06
315.393
315.726
316.059
316.392
316.725
317.058
317.391
317.724
318.057
318.39
318.729
319.433
320.137
320.841
321.545
322.249
322.953
323.66
324.009
324.358
324.707
325.056
325.405
325.754
326.103
326.452
326.801
327.15
327.499
327.848
328.197
328.54
328.913
329.286
329.659
330.032
330.405
330.778
331.151
331.524
331.897
332.27
332.643
333.016
333.389
333.762
334.135
334.508
334.881
335.25
335.573
335.896
336.219
336.542
336.865
337.188
337.511
337.834
338.157
338.48
338.803
339.126
339.449
339.772
340.09
340.439
340.788
341.137
341.486
341.835
342.184
342.533
342.882
343.231
343.58
343.929
344.278
344.627
344.976
345.32
345.763
346.206
346.649
347.092
347.535
347.978
348.421
348.864
349.307
349.75
350.193
350.636
351.079
351.522
351.961
352.251
352.541
352.831
353.121
353.411
353.701
353.991
354.281
354.571
354.861
355.151
355.441
355.731
356.021
356.311
356.6
356.881
357.162
357.443
357.724
358.005
358.286
358.567
358.848
359.129
359.41
359.691
359.972
360.253
360.534
360.815
361.096
361.377
361.66
361.883
362.106
362.329
362.552
362.775
362.998
363.221
363.444
363.667
363.89
364.113
364.336
364.559
364.782
365.005
365.23
365.622
366.014
366.406
366.798
367.19
367.582
367.974
368.366
368.758
369.15
369.542
369.934
370.326
370.718
371.11
371.502
371.9
372.308
372.716
373.124
373.532
373.94
374.348
374.756
375.164
375.572
375.98
376.388
376.796
377.204
377.612
378.02
378.43
379.54
380.65
381.76
382.87
383.302
383.734
384.166
384.598
385.03
385.462
385.894
386.326
386.758
387.19
387.622
388.054
388.486
388.918
389.35
389.78
389.958
390.136
390.314
390.492
390.67
390.848
391.026
391.204
391.382
391.56
391.738
391.916
392.094
392.272
392.45
392.628
392.806
392.984
393.16
393.691
394.222
394.753
395.284
395.815
396.346
396.877
397.408
397.939
398.47
399.001
399.532
400.063
400.594
401.125
401.656
402.18
402.414
402.648
402.882
403.116
403.35
403.584
403.818
404.052
404.286
404.52
404.754
404.988
405.222
405.456
405.69
405.924
406.158
406.392
406.62
406.981
407.342
407.703
408.064
408.425
408.786
409.147
409.508
409.869
410.23
410.591
410.952
411.313
411.674
412.035
412.396
412.75
413.048
413.346
413.644
413.942
414.24
414.538
414.836
415.134
415.432
415.73
416.028
416.326
416.624
416.922
417.22
417.52
418.049
418.578
419.107
419.636
420.165
420.694
421.223
421.75
422.075
422.4
422.725
423.05
423.375
423.7
424.025
424.35
424.675
425.0
425.325
425.65
425.975
426.3
426.625
426.95
427.27
427.624
427.978
428.332
428.686
429.04
429.394
429.748
430.102
430.456
430.81
431.164
431.518
431.872
432.226
432.58
432.93
433.379
433.828
434.277
434.726
435.175
435.624
436.073
436.522
436.971
437.42
437.869
438.318
438.767
439.22
439.475
439.73
439.985
440.24
440.495
440.75
441.005
441.26
441.515
441.77
442.025
442.28
442.535
442.79
443.045
443.3
443.55
443.858
444.166
444.474
444.782
445.09
445.398
445.706
446.014
446.322
446.63
446.938
447.246
447.554
447.862
448.17
448.583
448.996
449.409
449.822
450.235
450.648
451.061
451.474
451.887
452.3
452.523
452.746
452.969
453.192
453.415
453.638
453.861
454.084
454.307
454.53
454.753
454.976
455.199
455.422
455.645
455.868
456.091
456.314
456.53
456.867
457.204
457.541
457.878
458.215
458.552
458.889
459.226
459.563
459.9
460.237
460.574
460.911
461.248
461.585
461.92
462.316
462.712
463.108
463.504
463.9
464.296
464.692
465.088
465.484
465.88
466.276
466.672
467.068
467.464
467.86
468.256
468.652
469.04
469.392
469.744
470.096
470.448
470.8
471.152
471.504
471.856
472.208
472.56
472.912
473.264
473.616
473.968
474.32
474.672
475.024
475.38
475.921
476.462
477.003
477.544
478.085
478.626
479.167
479.708
480.249
480.79
481.331
481.872
482.419
482.824
483.229
483.634
484.039
484.444
484.849
485.254
485.659
486.064
486.469
486.874
487.279
487.684
488.089
488.494
488.9
489.198
489.496
489.794
490.092
490.39
490.688
490.986
491.284
491.582
491.88
492.178
492.476
492.774
493.072
493.37
493.668
493.966
494.264
494.57
495.259
495.948
496.637
497.326
498.015
498.704
499.393
500.082
500.771
501.46
502.149
502.838
503.527
504.22
504.45
504.68
504.91
505.14
505.37
505.6
505.83
506.06
506.29
506.52
506.75
506.98
507.21
507.44
507.67
507.9
508.13
508.307
508.484
508.661
508.838
509.015
509.192
509.369
509.546
509.723
509.9
510.077
510.254
510.431
510.608
510.785
510.962
511.139
511.32
511.58
511.84
512.1
512.36
512.62
512.944
513.268
513.592
513.916
514.24
514.564
514.888
515.212
515.536
515.86
516.184
516.508
516.832
517.156
517.48
517.804
518.128
518.45
519.89
520.172
520.454
520.736
521.018
521.3
521.582
521.864
522.146
522.428
522.71
522.992
523.274
523.556
523.838
524.12
524.402
524.68
525.279
525.878
526.477
527.076
527.675
528.274
528.873
529.472
530.071
530.67
531.269
531.868
532.467
533.066
533.665
534.269
534.611
534.953
535.295
535.637
535.979
536.321
536.663
537.005
537.347
537.689
538.031
538.373
538.715
539.057
539.399
539.741
540.083
540.43
541.048
541.666
542.284
542.902
543.52
544.138
544.756
545.374
545.992
546.61
547.228
547.846
548.464
549.082
549.7
550.318
550.936
551.55
552.17
552.79
553.41
554.03
554.65
555.27
555.89
556.51
557.13
557.75
558.37
558.99
559.61
559.799
559.988
560.177
560.366
560.555
560.744
560.933
561.122
561.311
561.5
561.689
561.878
562.067
562.256
562.445
562.634
562.823
563.012
563.201
563.39
563.57
563.898
564.226
564.554
564.882
565.21
565.538
565.866
566.194
566.522
566.85
567.178
567.506
567.834
568.162
568.49
568.818
569.146
569.474
569.8
570.018
570.236
570.454
570.672
570.89
571.108
571.326
571.544
571.762
571.98
572.198
572.416
572.634
572.852
573.07
573.288
573.506
573.72
574.031
574.342
574.653
574.964
575.275
575.586
575.897
576.208
576.519
576.83
577.141
577.452
577.763
578.074
578.385
578.69
579.127
579.564
580.001
580.438
580.875
581.312
581.749
582.186
582.623
583.06
583.497
583.934
584.371
584.808
585.245
585.682
586.119
586.56
586.894
587.228
587.562
587.896
588.23
588.564
588.898
589.232
589.566
589.9
590.234
590.568
590.902
591.236
591.57
591.9
592.192
592.484
592.776
593.068
593.36
593.652
593.944
594.236
594.528
594.82
595.112
595.404
595.696
595.988
596.28
596.57
596.915
597.26
597.605
597.95
598.295
598.64
598.985
599.33
599.675
600.02
600.365
600.71
601.055
601.4
601.745
602.089
602.775
603.461
604.147
604.833
605.519
606.205
606.891
607.577
608.263
608.949
609.635
610.321
611.007
611.693
612.38
612.629
612.878
613.127
613.376
613.625
613.874
614.123
614.372
614.621
614.87
615.12
615.191
615.262
615.333
615.404
615.475
615.546
615.617
615.688
615.759
615.83
615.901
615.972
616.043
616.12
616.421
616.722
617.023
617.324
617.625
617.926
618.227
618.528
618.829
619.13
619.431
619.732
620.033
620.334
620.635
620.936
621.24
621.517
621.794
622.071
622.348
622.625
622.902
623.179
623.456
623.733
624.01
624.287
624.564
624.841
625.118
625.395
625.672
625.949
626.23
626.804
627.378
627.952
628.526
629.1
629.674
630.248
630.822
631.396
631.97
632.544
633.118
633.692
634.266
634.84
635.414
635.988
636.562
637.14
637.596
638.052
638.508
638.964
639.42
639.876
640.332
640.788
641.244
641.7
642.156
642.612
643.068
643.524
643.98
644.98
645.367
645.754
646.141
646.528
646.915
647.302
647.689
648.076
648.463
648.85
649.237
649.624
650.011
650.398
650.79
651.935
653.08
653.752
654.424
655.096
655.768
656.44
657.112
657.784
658.456
659.128
659.8
660.472
661.144
661.816
662.488
663.16
663.832
664.51
664.875
665.24
665.605
665.97
666.335
666.7
667.065
667.43
667.795
668.16
668.525
668.89
669.255
669.62
669.985
670.35
670.715
671.08
671.658
672.236
672.814
673.392
673.97
674.548
675.126
675.704
676.282
676.86
677.438
678.016
678.594
679.172
679.75
680.265
680.78
681.295
681.81
682.325
682.84
683.176
683.512
683.848
684.184
684.52
684.856
685.192
685.528
685.864
686.2
686.536
686.872
687.208
687.544
687.88
688.332
688.784
689.236
689.688
690.14
690.592
691.044
691.496
691.948
692.4
692.852
693.304
693.756
694.208
694.66
694.98
695.3
695.62
695.94
696.26
696.58
696.9
697.22
697.54
697.86
698.18
698.5
698.915
699.33
699.745
700.16
700.575
700.99
701.405
701.82
702.235
702.65
703.065
703.48
703.895
704.31
704.725
705.14
705.489
705.838
706.187
706.536
706.885
707.234
707.583
707.932
708.281
708.63
708.979
709.328
709.677
710.026
710.375
710.724
711.07
711.335
711.6
711.865
712.13
712.395
712.66
712.925
713.19
713.455
713.72
713.985
714.25
714.515
714.78
715.045
715.31
715.58
716.569
717.558
718.547
719.536
720.525
721.514
722.503
723.492
724.481
725.47
726.459
727.448
728.437
729.42
730.119
730.818
731.517
732.216
732.915
733.614
734.313
735.012
735.711
736.41
737.109
737.808
738.507
739.206
739.905
740.604
741.3
742.001
742.702
743.403
744.104
744.805
745.506
746.207
746.908
747.609
748.31
749.011
749.712
750.413
751.114
751.815
752.516
753.21
753.616
754.022
754.428
754.834
755.24
755.646
756.052
756.458
756.864
757.27
757.676
758.082
758.488
758.894
759.3
759.706
760.112
760.51
760.858
761.206
761.554
761.902
762.25
762.598
762.946
763.294
763.642
763.99
764.338
764.686
765.034
765.382
765.73
766.113
766.496
766.879
767.262
767.644
768.027
768.41
768.793
769.176
769.559
769.942
770.325
770.708
771.091
771.474
771.85
772.204
772.558
772.912
773.266
773.62
773.974
774.328
774.682
775.036
775.39
775.744
776.098
776.452
776.806
777.16
777.511
777.636
777.761
777.886
778.011
778.136
778.261
778.386
778.511
778.636
778.761
778.886
779.011
779.136
779.261
779.386
779.511
779.702
779.893
780.084
780.275
780.466
780.657
780.848
781.039
781.23
781.421
781.612
781.803
781.994
782.185
782.376
782.567
782.75
783.415
784.08
784.745
785.41
786.075
786.74
787.405
788.07
788.735
789.4
790.065
790.73
791.395
792.06
792.725
793.39
794.06
794.471
794.882
795.293
795.704
796.115
796.526
796.937
797.348
797.759
798.17
798.581
798.992
799.403
799.814
800.225
800.63
802.774
804.918
807.062
809.206
811.35
813.494
815.638
817.782
819.93
820.403
820.876
821.349
821.822
822.295
822.768
823.241
823.714
824.187
824.66
825.133
825.606
826.079
826.552
827.025
827.5
827.792
828.084
828.376
828.668
828.96
829.336
829.712
830.088
830.464
830.84
831.216
831.592
831.968
832.344
832.72
833.096
833.472
833.848
834.224
834.6
834.976
835.36
835.638
835.916
836.194
836.472
836.75
837.028
837.306
837.584
837.862
838.14
838.418
838.696
838.974
839.252
839.53
839.808
840.08
840.649
841.218
841.787
842.356
842.925
843.494
844.063
844.632
845.201
845.77
846.339
846.908
847.477
848.05
848.756
849.462
850.168
850.874
851.58
852.286
852.992
853.698
854.404
855.11
855.816
856.522
857.228
857.934
858.64
859.34
859.772
860.204
860.636
861.068
861.5
861.932
862.364
862.796
863.228
863.66
864.092
864.524
864.956
865.388
865.82
866.25
866.798
867.346
867.894
868.442
868.99
869.538
870.086
870.634
871.182
871.73
872.278
872.826
873.374
873.922
874.47
875.02
875.347
875.674
876.001
876.328
876.655
876.982
877.309
877.636
877.963
878.29
878.62
879.414
880.208
881.002
881.796
882.59
883.384
884.178
884.972
885.766
886.56
886.839
887.118
887.397
887.676
887.955
888.234
888.513
888.792
889.071
889.35
889.629
889.908
890.187
890.466
890.745
891.024
891.303
891.58
891.919
892.258
892.597
892.936
893.275
893.614
893.953
894.292
894.631
894.97
895.309
895.648
895.987
896.326
896.665
897.004
897.343
897.682
898.03
898.313
898.596
898.879
899.162
899.445
899.728
900.011
900.294
900.577
900.86
901.143
901.426
901.709
901.992
902.275
902.558
902.841
903.124
903.399
903.679
903.959
904.239
904.519
904.828
905.137
905.446
905.755
906.064
906.373
906.682
906.991
907.3
907.609
907.918
908.227
908.536
908.845
909.154
909.463
909.772
910.081
910.399
910.728
911.057
911.386
911.715
912.044
912.373
912.702
913.031
913.36
913.689
914.018
914.347
914.676
915.005
915.334
915.663
915.992
916.321
916.65
916.98
917.369
917.758
918.147
918.536
918.925
919.314
919.703
920.092
920.481
920.87
921.259
921.648
922.037
922.426
922.815
923.204
923.593
923.982
924.37
924.745
925.12
925.495
925.87
926.245
926.62
926.995
927.37
927.745
928.12
928.495
928.87
929.245
929.62
929.995
930.37
931.238
932.106
932.974
933.842
934.71
935.578
936.446
937.314
938.18
938.964
939.748
940.532
941.316
942.1
942.884
943.668
944.452
945.236
946.02
946.804
947.588
948.372
949.156
949.94
950.724
951.508
952.29
952.78
953.27
953.76
954.25
954.74
955.23
955.72
956.21
956.7
957.19
957.68
958.17
958.66
959.15
959.64
960.13
960.62
960.704
960.788
960.872
960.956
961.04
961.124
961.208
961.292
961.376
961.46
961.544
961.628
961.712
961.796
961.88
961.964
962.048
962.132
962.216
962.3
962.384
962.468
962.55
963.146
963.742
964.338
964.934
965.53
966.126
966.722
967.318
967.914
968.51
969.106
969.702
970.298
970.894
971.49
972.08
972.892
973.704
974.515
975.327
976.139
976.951
977.763
978.575
979.387
980.198
981.01
981.822
982.634
983.446
984.258
985.07
985.882
986.693
987.505
988.31
989.063
989.816
990.569
991.322
992.075
992.828
993.581
994.334
995.087
995.84
996.593
997.346
998.099
998.852
999.605
1000.358
1001.111
1001.86
1002.193
1002.526
1002.86
1003.027
1003.194
1003.361
1003.528
1003.695
1003.86
1004.205
1004.55
1004.895
1005.24
1005.585
1005.93
1006.275
1006.62
1006.965
1007.31
1007.655
1008.0
1008.345
1008.69
1009.035
1009.38
1009.725
1010.07
1010.415
1010.76
1011.202
1011.644
1012.086
1012.528
1012.97
1013.412
1013.854
1014.296
1014.738
1015.18
1015.622
1016.064
1016.506
1016.948
1017.39
1017.832
1018.274
1018.716
1019.158
1019.6
1020.042
1020.484
1020.92
1021.305
1021.69
1022.075
1022.46
1022.845
1023.23
1023.615
1024.0
1024.385
1024.77
1025.155
1025.54
1025.925
1026.31
1026.695
1027.08
1027.465
1027.85
1028.235
1028.62
1029.005
1029.39
1029.802
1030.214
1030.626
1031.038
1031.45
1031.862
1032.274
1032.686
1033.098
1033.51
1033.922
1034.334
1034.746
1035.158
1035.57
1035.982
1036.394
1036.806
1037.218
1037.63
1038.049
1038.978
1039.907
1040.836
1041.765
1042.694
1043.623
1044.549
1045.047
1045.545
1046.043
1046.541
1047.039
1047.537
1048.035
1048.533
1049.031
1049.529
1050.027
1050.525
1051.023
1051.521
1052.019
1052.517
1053.015
1053.513
1054.011
1054.509
1055.007
1055.505
1056.0
1056.783
1057.566
1058.349
1059.132
1059.915
1060.698
1061.481
1062.264
1063.047
1063.83
1064.613
1065.396
1066.179
1066.962
1067.745
1068.528
1069.311
1070.094
1070.877
1071.66
1072.443
1073.23
1073.56
1073.89
1074.22
1074.55
1074.88
1075.21
1075.54
1075.87
1076.2
1076.53
1076.86
1077.19
1077.52
1077.85
1078.18
1078.51
1078.84
1079.17
1079.5
1079.83
1080.15
1080.63
1081.11
1081.59
1082.07
1082.55
1083.03
1083.51
1083.99
1084.47
1084.95
1085.43
1085.91
1086.39
1086.87
1087.35
1087.83
1088.309
1088.68
1089.051
1089.422
1089.793
1090.164
1090.535
1090.906
1091.277
1091.648
1092.019
1092.39
1092.761
1093.132
1093.503
1093.874
1094.245
1094.616
1094.987
1095.359
1095.651
1095.943
1096.235
1096.527
1096.819
1097.111
1097.403
1097.695
1097.987
1098.279
1098.571
1098.863
1099.155
1099.447
1099.739
1100.03
1100.276
1100.522
1100.768
1101.014
1101.26
1101.506
1101.752
1101.998
1102.244
1102.49
1102.736
1102.982
1103.228
1103.474
1103.72
1103.966
1104.212
1104.458
1104.71
1104.924
1105.138
1105.352
1105.566
1105.78
1105.994
1106.208
1106.422
1106.636
1106.85
1107.064
1107.278
1107.492
1107.706
1107.92
1108.134
1108.348
1108.562
1108.776
1108.99
1109.204
1109.418
1109.632
1109.846
1110.06
1110.274
1110.488
1110.7
1110.933
1111.166
1111.399
1111.632
1111.865
1112.098
1112.331
1112.564
1112.797
1113.03
1113.263
1113.496
1113.729
1113.962
1114.195
1114.428
1114.669
1114.935
1115.201
1115.467
1115.733
1115.999
1116.265
1116.531
1116.797
1117.063
1117.329
1117.595
1117.861
1118.127
1118.393
1118.659
1118.925
1119.191
1119.46
1119.778
1120.096
1120.414
1120.732
1121.05
1121.368
1121.686
1122.004
1122.32
1122.609
1122.898
1123.187
1123.476
1123.765
1124.054
1124.343
1124.632
1124.921
1125.21
1125.499
1125.788
1126.077
1126.366
1126.655
1126.944
1127.233
1127.522
1127.811
1128.1
1128.39
1128.762
1129.134
1129.506
1129.878
1130.25
1130.622
1130.994
1131.366
1131.738
1132.11
1132.482
1132.854
1133.226
1133.598
1133.97
1134.342
1134.714
1135.08
1135.625
1136.17
1136.715
1137.26
1137.805
1138.35
1138.895
1139.44
1139.985
1140.53
1141.075
1141.62
1142.165
1142.71
1143.255
1143.8
1144.345
1144.889
1145.169
1145.449
1145.729
1146.009
1146.289
1146.569
1146.849
1147.129
1147.409
1147.689
1147.969
1148.249
1148.529
1148.809
1149.089
1149.369
1149.649
1149.929
1150.209
1150.489
1150.769
1151.091
1151.413
1151.735
1152.057
1152.379
1152.701
1153.023
1153.345
1153.667
1153.989
1154.311
1154.633
1154.955
1155.277
1155.6
1155.959
1156.318
1156.677
1157.036
1157.395
1157.754
1158.113
1158.472
1158.831
1159.19
1159.549
1159.908
1160.267
1160.626
1160.985
1161.35
1162.652
1163.954
1165.256
1166.558
1167.86
1169.162
1170.464
1171.766
1173.068
1174.37
1174.787
1175.204
1175.621
1176.038
1176.455
1176.872
1177.289
1177.706
1178.123
1178.54
1178.957
1179.374
1179.791
1180.208
1180.625
1181.042
1181.46
1181.862
1182.264
1182.666
1183.068
1183.47
1183.872
1184.274
1184.676
1185.078
1185.48
1185.882
1186.284
1186.686
1187.088
1187.49
1187.889
1188.136
1188.383
1188.63
1188.877
1189.124
1189.371
1189.618
1189.865
1190.112
1190.359
1190.56
1190.761
1190.962
1191.163
1191.364
1191.565
1191.769
1192.492
1193.215
1193.938
1194.661
1195.384
1196.107
1196.83
1197.553
1198.276
1198.999
1199.722
1200.445
1201.168
1201.891
1202.609
1203.08
1203.551
1204.022
1204.493
1204.964
1205.435
1205.906
1206.377
1206.848
1207.319
1207.79
1208.261
1208.732
1209.203
1209.674
1210.145
1210.616
1211.087
1211.558
1212.029
1212.44
1212.851
1213.262
1213.673
1214.084
1214.495
1214.906
1215.317
1215.728
1216.139
1216.55
1216.961
1217.372
1217.779
1218.215
1218.651
1219.087
1219.523
1219.959
1220.395
1220.831
1221.267
1221.703
1222.139
1222.575
1223.011
1223.447
1223.883
1224.32
1224.748
1225.176
1225.604
1226.032
1226.46
1226.888
1227.316
1227.744
1228.172
1228.6
1229.028
1229.456
1229.884
1230.309
1230.834
1231.359
1231.884
1232.409
1232.934
1233.459
1233.984
1234.509
1235.034
1235.559
1236.084
1236.609
1237.134
1237.659
1238.184
1238.709
1239.234
1239.759
1240.381
1241.003
1241.625
1242.247
1242.869
1243.491
1244.113
1244.735
1245.357
1245.979
1246.601
1247.22
1248.091
1248.962
1249.833
1250.704
1251.575
1252.446
1253.317
1254.188
1255.059
1255.93
1256.801
1257.672
1258.543
1259.414
1260.285
1261.156
1262.027
1262.898
1263.76
1264.067
1264.374
1264.681
1264.988
1265.295
1265.602
1265.909
1266.216
1266.523
1266.83
1267.137
1267.444
1267.751
1268.058
1268.365
1268.672
1268.979
1269.286
1269.593
1269.909
1270.255
1270.601
1270.947
1271.293
1271.639
1271.985
1272.331
1272.677
1273.023
1273.369
1273.715
1274.061
1274.407
1274.753
1275.099
1275.445
1275.791
1276.137
1276.483
1276.829
1277.179
1277.393
1277.607
1277.821
1278.035
1278.249
1278.463
1278.677
1278.891
1279.105
1279.319
1279.529
1279.816
1280.103
1280.39
1280.677
1280.964
1281.251
1281.538
1281.825
1282.112
1282.399
1282.686
1282.973
1283.26
1283.547
1283.834
1284.121
1284.408
1284.695
1284.989
1285.32
1285.651
1285.982
1286.313
1286.644
1286.975
1287.306
1287.637
1287.968
1288.299
1288.63
1288.961
1289.292
1289.623
1289.954
1290.285
1290.616
1290.947
1291.278
1291.609
1291.95
1292.308
1292.666
1293.024
1293.382
1293.74
1294.098
1294.456
1294.814
1295.172
1295.53
1295.888
1296.246
1296.604
1296.962
1297.32
1297.801
1298.282
1298.763
1299.244
1299.725
1300.206
1300.687
1301.168
1301.649
1302.13
1302.611
1303.092
1303.573
1304.054
1304.535
1305.016
1305.497
1305.978
1306.459
1306.94
1307.421
1307.902
1308.379
1309.091
1309.803
1310.515
1311.227
1311.939
1312.651
1313.363
1314.075
1314.787
1315.499
1316.211
1316.923
1317.635
1318.347
1319.059
1319.771
1320.483
1321.2
1321.833
1322.466
1323.099
1323.732
1324.365
1324.998
1325.631
1326.264
1326.897
1327.53
1328.163
1328.796
1329.429
1330.062
1330.695
1331.328
1331.961
1332.59
1333.295
1334.0
1334.705
1335.41
1336.115
1336.82
1337.525
1338.23
1338.935
1339.64
1340.345
1341.05
1341.755
1342.46
1343.165
1343.87
1344.575
1345.28
1345.985
1346.69
1347.4
1347.85
1348.3
1348.75
1349.2
1349.65
1350.1
1350.55
1351.0
1351.45
1351.9
1352.35
1352.8
1353.25
1353.7
1354.15
1354.6
1355.05
1355.5
1355.95
1356.4
1356.85
1357.3
1357.76
1358.235
1358.71
1359.185
1359.66
1360.135
1360.61
1361.085
1361.56
1362.035
1362.51
1362.985
1363.46
1363.935
1364.41
1364.885
1365.36
1365.83
1366.128
1366.426
1366.724
1367.022
1367.32
1367.618
1367.916
1368.214
1368.512
1368.81
1369.108
1369.406
1369.704
1370.002
1370.3
1370.598
1370.896
1371.2
1371.448
1371.696
1371.944
1372.192
1372.44
1372.688
1372.936
1373.184
1373.432
1373.68
1373.928
1374.176
1374.424
1374.672
1374.92
1375.168
1375.416
1375.664
1375.912
1376.16
1376.409
1376.53
1376.651
1376.772
1376.893
1377.014
1377.135
1377.256
1377.377
1377.498
1377.619
1377.74
1377.861
1377.982
1378.103
1378.22
1378.429
1378.638
1378.847
1379.056
1379.265
1379.474
1379.683
1379.892
1380.101
1380.31
1380.519
1380.728
1380.937
1381.146
1381.355
1381.564
1381.773
1381.982
1382.191
1382.4
1382.609
1382.809
1383.018
1383.227
1383.436
1383.645
1383.854
1384.063
1384.272
1384.481
1384.69
1384.899
1385.108
1385.317
1385.526
1385.735
1385.944
1386.153
1386.362
1386.57
1386.805
1387.04
1387.275
1387.51
1387.745
1387.98
1388.215
1388.45
1388.685
1388.92
1389.155
1389.39
1389.625
1389.86
1390.095
1390.33
1390.565
1390.8
1391.035
1391.27
1391.509
1392.018
1392.527
1393.036
1393.545
1394.054
1394.563
1395.072
1395.581
1396.09
1396.599
1397.11
1397.49
1397.87
1398.25
1398.63
1399.01
1399.39
1399.77
1400.15
1400.53
1400.91
1401.29
1401.67
1402.05
1402.43
1402.81
1403.19
1403.57
1403.95
1404.33
1404.71
1405.09
1405.46
1405.891
1406.322
1406.753
1407.184
1407.615
1408.046
1408.477
1408.908
1409.339
1409.77
1410.201
1410.632
1411.063
1411.494
1411.925
1412.356
1412.78
1413.18
1413.58
1413.98
1414.38
1414.78
1415.18
1415.58
1415.98
1416.38
1416.78
1417.18
1417.58
1417.98
1418.38
1418.78
1419.179
1419.636
1420.093
1420.55
1421.007
1421.464
1421.921
1422.378
1422.835
1423.292
1423.749
1424.206
1424.663
1425.12
1425.577
1426.034
1426.491
1426.948
1427.409
1428.075
1428.741
1429.407
1430.073
1430.739
1431.405
1432.071
1432.737
1433.403
1434.069
1434.735
1435.401
1436.067
1436.733
1437.399
1438.059
1438.484
1438.909
1439.334
1439.759
1440.184
1440.609
1441.034
1441.459
1441.884
1442.309
1442.734
1443.159
1443.584
1444.009
1444.434
1444.859
1445.29
1445.931
1446.572
1447.213
1447.854
1448.495
1449.136
1449.779
1450.6
1451.421
1452.242
1453.063
1453.884
1454.705
1455.526
1456.347
1457.168
1457.989
1458.81
1459.631
1460.452
1461.273
1462.094
1462.915
1463.736
1464.549
1464.875
1465.201
1465.527
1465.853
1466.179
1466.505
1466.831
1467.157
1467.483
1467.809
1468.135
1468.461
1468.787
1469.113
1469.439
1469.765
1470.091
1470.417
1470.74
1471.065
1471.39
1471.715
1472.04
1472.365
1472.69
1473.015
1473.34
1473.665
1473.99
1474.315
1474.64
1474.965
1475.29
1475.615
1475.94
1476.265
1476.59
1476.919
1477.649
1478.379
1479.109
1479.839
1480.57
1480.97
1481.37
1481.77
1482.17
1482.57
1482.97
1483.37
1483.77
1484.17
1484.57
1484.97
1485.37
1485.77
1486.17
1486.57
1486.97
1487.454
1487.938
1488.422
1488.906
1489.39
1489.874
1490.358
1490.842
1491.326
1491.81
1492.294
1492.778
1493.262
1493.746
1494.23
1494.714
1495.198
1495.69
1496.136
1496.582
1497.028
1497.474
1497.92
1498.366
1498.812
1499.258
1499.704
1500.15
1500.596
1501.042
1501.488
1501.934
1502.38
1502.826
1503.279
1503.553
1503.827
1504.101
1504.375
1504.649
1504.923
1505.197
1505.471
1505.745
1506.019
1506.293
1506.567
1506.841
1507.115
1507.389
1507.663
1507.937
1508.211
1508.48
1508.756
1509.032
1509.308
1509.584
1509.86
1510.136
1510.412
1510.688
1510.964
1511.24
1511.516
1511.792
1512.068
1512.344
1512.62
1512.889
1513.286
1513.683
1514.08
1514.477
1514.874
1515.271
1515.668
1516.065
1516.462
1516.859
1517.256
1517.653
1518.05
1518.447
1518.844
1519.241
1519.638
1520.035
1520.432
1520.82
1521.142
1521.464
1521.786
1522.108
1522.43
1522.752
1523.074
1523.396
1523.718
1524.04
1524.362
1524.684
1525.006
1525.328
1525.65
1525.972
1526.294
1526.619
1527.023
1527.427
1527.831
1528.235
1528.639
1529.043
1529.447
1529.851
1530.255
1530.659
1531.063
1531.467
1531.871
1532.275
1532.679
1533.083
1533.487
1533.891
1534.295
1534.699
1535.103
1535.499
1535.979
1536.459
1536.939
1537.419
1537.899
1538.379
1538.859
1539.339
1539.819
1540.299
1540.779
1541.259
1541.739
1542.219
1542.699
1543.179
1543.46
1543.741
1544.022
1544.303
1544.584
1544.865
1545.146
1545.427
1545.71
1545.75
1545.79
1545.83
1545.87
1545.91
1545.95
1545.99
1546.03
1546.07
1546.11
1546.15
1546.19
1546.23
1546.27
1546.31
1546.35
1546.39
1546.43
1546.47
1546.51
1546.55
1546.59
1546.63
1546.67
1546.71
1547.042
1547.374
1547.706
1548.038
1548.37
1548.702
1549.034
1549.366
1549.698
1550.03
1550.362
1550.694
1551.026
1551.358
1551.69
1552.022
1552.359
1552.871
1553.383
1553.895
1554.407
1554.919
1555.431
1555.943
1556.455
1556.967
1557.479
1557.991
1558.503
1559.015
1559.527
1560.039
1560.551
1561.059
1561.402
1561.745
1562.088
1562.431
1562.774
1563.117
1563.46
1563.803
1564.146
1564.489
1564.832
1565.175
1565.518
1565.861
1566.204
1566.547
1566.89
1567.233
1567.576
1567.919
1568.262
1568.605
1568.95
1569.252
1569.554
1569.856
1570.158
1570.46
1570.762
1571.064
1571.366
1571.668
1571.97
1572.272
1572.574
1572.876
1573.178
1573.48
1573.782
1574.08
1575.176
1576.272
1577.368
1578.464
1579.56
1580.656
1581.752
1582.848
1583.944
1585.04
1586.136
1587.232
1588.328
1589.429
1589.611
1589.793
1589.975
1590.157
1590.339
1590.521
1590.703
1590.885
1591.067
1591.249
1591.431
1591.613
1591.795
1591.977
1592.159
1592.341
1592.523
1592.71
1592.832
1592.955
1593.077
1593.199
1593.322
1593.444
1593.566
1593.688
1593.811
1593.933
1594.055
1594.178
1594.301
1594.423
1594.545
1594.67
1594.921
1595.172
1595.423
1595.674
1595.925
1596.176
1596.427
1596.678
1596.929
1597.18
1597.431
1597.682
1597.933
1598.184
1598.435
1598.69
1599.025
1599.36
1599.695
1600.03
1600.365
1600.7
1601.035
1601.37
1601.705
1602.04
1602.375
1602.71
1603.045
1603.38
1603.715
1604.05
1604.39
1604.783
1605.176
1605.569
1605.962
1606.355
1606.748
1607.141
1607.534
1607.927
1608.32
1608.713
1609.106
1609.499
1609.892
1610.285
1610.678
1611.071
1611.46
1611.973
1612.486
1612.999
1613.512
1614.025
1614.538
1615.051
1615.564
1616.077
1616.59
1617.103
1617.616
1618.129
1618.642
1619.155
1619.668
1620.181
1620.694
1621.207
1621.72
1622.01
1622.3
1622.59
1622.88
1623.17
1623.46
1623.75
1624.04
1624.33
1624.62
1624.91
1625.2
1625.49
1625.78
1626.07
1626.36
1626.65
1626.94
1627.229
1627.674
1628.119
1628.564
1629.009
1629.454
1629.899
1630.344
1630.789
1631.234
1631.679
1632.124
1632.569
1633.014
1633.459
1633.904
1634.349
1634.794
1635.239
1635.718
1636.197
1636.676
1637.155
1637.634
1638.113
1638.592
1639.071
1639.55
1640.029
1640.423
1640.817
1641.211
1641.605
1641.999
1642.393
1642.787
1643.181
1643.575
1643.969
1644.363
1644.757
1645.151
1645.545
1645.939
1646.333
1646.727
1647.12
1647.446
1647.772
1648.098
1648.424
1648.75
1649.076
1649.402
1649.728
1650.054
1650.379
1650.867
1651.355
1651.843
1652.331
1652.819
1653.307
1653.795
1654.283
1654.771
1655.259
1655.747
1656.235
1656.723
1657.211
1657.699
1658.187
1658.669
1659.156
1659.643
1660.13
1660.617
1661.104
1661.591
1662.078
1662.565
1663.052
1663.539
1664.026
1664.513
1665.0
1665.487
1665.974
1666.461
1666.95
1668.054
1669.158
1670.262
1671.366
1672.47
1673.574
1674.678
1675.782
1676.886
1677.99
1679.094
1680.198
1681.302
1682.406
1683.51
1684.614
1685.72
1686.256
1686.792
1687.328
1687.864
1688.4
1688.936
1689.472
1690.008
1690.544
1691.08
1691.616
1692.152
1692.688
1693.224
1693.76
1694.296
1694.832
1695.369
1695.758
1696.147
1696.536
1696.925
1697.314
1697.703
1698.092
1698.481
1698.87
1699.259
1699.648
1700.037
1700.426
1700.815
1701.204
1701.593
1701.982
1702.371
1702.76
1703.136
1703.512
1703.888
1704.264
1704.64
1705.016
1705.392
1705.768
1706.144
1706.52
1706.896
1707.272
1707.648
1708.024
1708.4
1708.776
1709.152
1709.529
1709.991
1710.453
1710.915
1711.377
1711.839
1712.301
1712.763
1713.225
1713.687
1714.149
1714.611
1715.073
1715.535
1715.997
1716.459
1716.921
1717.383
1717.84
1718.196
1718.552
1718.908
1719.264
1719.62
1719.976
1720.332
1720.688
1721.044
1721.4
1721.756
1722.112
1722.468
1722.824
1723.18
1723.536
1723.899
1724.571
1725.243
1725.915
1726.587
1727.259
1727.931
1728.603
1729.275
1729.947
1730.619
1731.139
1731.659
1732.179
1732.699
1733.219
1733.739
1734.259
1734.779
1735.299
1735.819
1736.339
1736.859
1737.379
1737.899
1738.419
1738.939
1739.459
1739.979
1740.499
1740.803
1741.107
1741.411
1741.715
1742.019
1742.323
1742.627
1742.931
1743.235
1743.539
1743.843
1744.147
1744.451
1744.755
1745.059
1745.363
1745.669
1746.035
1746.401
1746.767
1747.133
1747.499
1747.865
1748.231
1748.597
1748.963
1749.329
1749.695
1750.061
1750.427
1750.793
1751.159
1751.525
1751.891
1752.257
1752.629
1753.02
1753.411
1753.802
1754.193
1754.584
1754.975
1755.366
1755.757
1756.149
1756.611
1757.073
1757.535
1757.997
1758.459
1758.921
1759.383
1759.845
1760.307
1760.769
1761.231
1761.693
1762.155
1762.617
1763.079
1763.539
1763.945
1764.351
1764.757
1765.163
1765.569
1765.975
1766.381
1766.787
1767.193
1767.599
1768.005
1768.411
1768.817
1769.223
1769.629
1770.035
1770.441
1770.84
1771.293
1771.746
1772.199
1772.652
1773.105
1773.558
1774.011
1774.464
1774.917
1775.37
1775.823
1776.276
1776.729
1777.182
1777.635
1778.09
1778.372
1778.654
1778.936
1779.218
1779.5
1779.782
1780.064
1780.346
1780.628
1780.91
1781.192
1781.474
1781.756
1782.038
1782.32
1782.602
1782.884
1783.159
1783.685
1784.211
1784.737
1785.263
1785.789
1786.315
1786.841
1787.367
1787.893
1788.419
1788.945
1789.471
1789.997
1790.523
1791.049
1791.575
1792.109
1792.319
1792.529
1792.739
1792.949
1793.159
1793.369
1793.579
1793.789
1793.999
1794.209
1794.419
1794.629
1794.839
1795.049
1795.259
1795.469
1795.679
1795.889
1796.266
1796.643
1797.02
1797.397
1797.774
1798.151
1798.528
1798.905
1799.282
1799.659
1800.036
1800.413
1800.79
1801.167
1801.544
1801.921
1802.298
1802.679
1803.132
1803.585
1804.038
1804.491
1804.944
1805.397
1805.85
1806.303
1806.756
1807.209
1807.662
1808.115
1808.568
1809.021
1809.474
1809.929
1810.46
1810.991
1811.522
1812.053
1812.584
1813.115
1813.646
1814.177
1814.708
1815.239
1816.048
1816.857
1817.666
1818.475
1819.284
1820.093
1820.902
1821.711
1822.52
1823.329
1824.138
1824.947
1825.756
1826.565
1827.374
1828.179
1828.558
1828.937
1829.316
1829.695
1830.074
1830.453
1830.832
1831.211
1831.59
1831.969
1832.348
1832.727
1833.106
1833.485
1833.864
1834.243
1834.622
1835.001
1835.38
1835.759
1836.268
1836.777
1837.286
1837.795
1838.304
1838.813
1839.322
1839.831
1840.34
1840.849
1841.358
1841.867
1842.376
1842.885
1843.399
1843.925
1844.451
1844.977
1845.503
1846.029
1846.555
1847.081
1847.607
1848.133
1848.659
1849.185
1849.711
1850.237
1850.763
1851.289
1851.815
1852.34
1852.68
1853.02
1853.36
1853.7
1854.04
1854.38
1854.72
1855.06
1855.4
1855.74
1856.08
1856.42
1856.76
1857.1
1857.44
1857.779
1858.332
1858.885
1859.438
1859.991
1860.543
1861.095
1861.648
1862.2
1862.753
1863.305
1863.858
1864.409
1864.733
1865.057
1865.381
1865.705
1866.029
1866.353
1866.679
1867.213
1867.747
1868.281
1868.815
1869.349
1869.883
1870.417
1870.951
1871.485
1872.019
1872.553
1873.087
1873.621
1874.159
1874.841
1875.523
1876.205
1876.887
1877.569
1878.251
1878.933
1879.615
1880.297
1880.979
1881.661
1882.343
1883.025
1883.71
1883.993
1884.276
1884.559
1884.842
1885.125
1885.408
1885.691
1885.974
1886.257
1886.54
1886.823
1887.106
1887.389
1887.672
1887.955
1888.238
1888.519
1889.012
1889.505
1889.998
1890.491
1890.984
1891.477
1891.97
1892.463
1892.956
1893.449
1893.942
1894.435
1894.928
1895.421
1895.914
1896.409
1897.204
1897.999
1898.794
1899.589
1900.384
1901.179
1901.974
1902.769
1903.106
1903.443
1903.78
1904.117
1904.454
1904.791
1905.128
1905.465
1905.802
1906.139
1906.476
1906.813
1907.15
1907.487
1907.824
1908.161
1908.49
1909.022
1909.554
1910.086
1910.618
1911.15
1911.682
1912.214
1912.746
1913.278
1913.81
1914.342
1914.874
1915.406
1915.938
1916.47
1917.009
1917.348
1917.687
1918.026
1918.365
1918.704
1919.043
1919.382
1919.721
1920.06
1920.399
1920.738
1921.077
1921.416
1921.755
1922.094
1922.433
1922.769
1923.258
1923.747
1924.236
1924.725
1925.214
1925.703
1926.192
1926.681
1927.17
1927.659
1928.148
1928.637
1929.12
1929.66
1930.2
1930.74
1931.28
1931.82
1932.36
1932.9
1933.44
1933.98
1934.52
1935.06
1935.6
1936.14
1936.68
1937.22
1937.76
1938.3
1938.84
1939.497
1940.154
1940.811
1941.468
1942.125
1942.782
1943.439
1944.096
1944.753
1945.41
1946.067
1946.724
1947.381
1948.038
1948.695
1949.352
1950.009
1950.666
1951.32
1952.008
1952.696
1953.384
1954.072
1954.76
1955.448
1956.136
1956.824
1957.512
1958.2
1958.888
1959.576
1960.264
1960.952
1961.64
1962.328
1963.009
1963.749
1964.489
1965.229
1965.969
1966.709
1967.449
1968.189
1968.929
1969.669
1970.409
1971.149
1971.889
1972.629
1973.369
1974.11
1974.64
1975.17
1975.7
1976.23
1976.76
1977.29
1977.82
1978.35
1978.88
1979.41
1979.94
1980.47
1981.0
1981.53
1982.06
1982.59
1983.12
1983.65
1984.18
1984.719
1984.989
1985.259
1985.529
1985.799
1986.069
1986.339
1986.609
1986.879
1987.149
1987.419
1987.689
1987.959
1988.229
1988.499
1988.769
1989.039
1989.309
1989.579
1989.85
1990.169
1990.488
1990.807
1991.126
1991.445
1991.764
1992.083
1992.402
1992.721
1993.04
1993.359
1993.679
1993.953
1994.227
1994.501
1994.775
1995.049
1995.323
1995.597
1995.871
1996.145
1996.419
1996.693
1996.967
1997.241
1997.515
1997.789
1998.063
1998.337
1998.611
1998.885
1999.159
1999.457
1999.755
2000.053
2000.351
2000.649
2000.947
2001.245
2001.543
2001.841
2002.139
2002.437
2002.735
2003.033
2003.331
2003.629
2003.927
2004.219
2004.719
2005.219
2005.719
2006.219
2006.719
2007.219
2007.719
2008.219
2008.719
2009.219
2009.719
2010.219
2010.719
2011.219
2011.719
2012.219
2012.719
2013.219
2013.719
2014.29
2014.861
2015.432
2016.003
2016.574
2017.145
2017.716
2018.287
2018.858
2019.429
2020.0
2020.571
2021.142
2021.713
2022.284
2022.855
2023.426
2023.997
2024.568
2025.139
2025.7
2026.7
2027.336
2027.972
2028.608
2029.244
2029.879
2030.572
2031.265
2031.958
2032.651
2033.344
2034.037
2034.73
2035.423
2036.116
2036.809
2037.502
2038.195
2038.888
2039.581
2040.274
2040.967
2041.66
2042.353
2043.039
2043.997
2044.955
2045.913
2046.871
2047.829
2048.787
2049.745
2050.703
2051.661
2052.619
2053.577
2054.535
2055.493
2056.451
2057.409
2058.367
2059.325
2060.283
2061.24
2061.468
2061.696
2061.924
2062.152
2062.38
2062.608
2062.836
2063.064
2063.292
2063.52
2063.748
2063.976
2064.204
2064.432
2064.66
2064.888
2065.116
2065.344
2065.58
2065.993
2066.406
2066.819
2067.232
2067.645
2068.058
2068.471
2068.884
2069.297
2069.71
2070.123
2070.536
2070.949
2071.362
2071.775
2072.188
2072.609
2073.451
2074.293
2075.135
2075.977
2076.819
2077.661
2078.503
2079.345
2080.187
2081.029
2081.871
2082.713
2083.555
2084.397
2085.239
2086.081
2086.923
2087.765
2088.607
2089.449
2090.3
2090.846
2091.392
2091.938
2092.484
2093.03
2093.576
2094.122
2094.668
2095.214
2095.76
2096.306
2096.852
2097.398
2097.944
2098.49
2099.036
2099.582
2100.128
2100.674
2101.22
2101.891
2102.562
2103.233
2103.904
2104.575
2105.246
2105.917
2106.588
2107.259
2107.93
2108.601
2109.272
2109.943
2110.614
2111.285
2111.956
2112.62
2114.993
2117.366
2119.74
2120.497
2121.254
2122.011
2122.768
2123.525
2124.282
2125.039
2125.796
2126.553
2127.31
2128.067
2128.824
2129.581
2130.338
2131.095
2131.852
2132.609
2133.37
2134.047
2134.724
2135.401
2136.078
2136.755
2137.432
2138.109
2138.786
2139.463
2140.14
2140.817
2141.494
2142.171
2142.848
2143.525
2144.202
2144.879
2145.556
2146.24
2147.087
2147.934
2148.781
2149.628
2150.475
2151.322
2152.169
2153.016
2153.863
2154.71
2155.557
2156.404
2157.251
2158.098
2158.945
2159.792
2160.639
2161.486
2162.34
2162.603
2162.866
2163.129
2163.392
2163.655
2163.918
2164.181
2164.444
2164.707
2164.97
2165.233
2165.496
2165.759
2166.022
2166.285
2166.548
2166.811
2167.074
2167.33
2167.86
2168.39
2168.92
2169.45
2169.98
2170.51
2171.04
2171.57
2172.1
2172.63
2173.16
2173.69
2174.22
2174.75
2175.28
2175.81
2176.402
2176.994
2177.586
2178.178
2178.77
2179.362
2179.954
2180.546
2181.138
2181.73
2182.322
2182.914
2183.506
2184.098
2184.69
2185.282
2185.874
2186.46
2187.04
2187.62
2188.2
2188.78
2189.36
2189.94
2190.52
2191.1
2191.68
2192.26
2192.84
2193.42
2194.0
2194.58
2195.16
2195.74
2196.32
2196.552
2196.784
2197.016
2197.248
2197.48
2197.712
2197.944
2198.176
2198.408
2198.64
2198.872
2199.104
2199.336
2199.568
2199.8
2200.032
2200.264
2200.496
2200.728
2200.96
2201.192
2201.43
2201.954
2202.478
2203.002
2203.526
2204.05
2204.574
2205.098
2205.622
2206.146
2206.67
2207.194
2207.718
2208.242
2208.766
2209.29
2209.814
2210.338
2210.86
2211.824
2212.788
2213.752
2214.716
2215.68
2216.644
2217.608
2218.572
2219.536
2220.5
2220.802
2221.104
2221.406
2221.708
2222.01
2222.312
2222.614
2222.916
2223.218
2223.52
2223.822
2224.124
2224.426
2224.728
2225.03
2225.332
2225.63
2226.068
2226.506
2226.944
2227.382
2227.82
2228.258
2228.696
2229.134
2229.572
2230.01
2230.448
2230.886
2231.324
2231.762
2232.2
2232.638
2233.076
2233.52
2234.07
2234.62
2235.17
2235.72
2236.27
2236.82
2237.37
2237.92
2238.47
2239.02
2239.57
2240.12
2240.67
2241.22
2241.77
2242.32
2242.87
2243.42
2243.97
2244.52
2245.07
2245.62
2246.17
2246.72
2247.054
2247.388
2247.722
2248.056
2248.39
2248.724
2249.058
2249.392
2249.726
2250.06
2250.394
2250.728
2251.062
2251.39
2251.695
2252.001
2252.307
2252.612
2252.918
2253.224
2253.53
2253.836
2254.141
2254.447
2254.753
2255.059
2255.365
2255.67
2255.976
2256.282
2256.588
2256.894
2257.199
2257.5
2257.838
2258.176
2258.514
2258.852
2259.19
2259.528
2259.866
2260.204
2260.542
2260.88
2261.218
2261.556
2261.894
2262.232
2262.57
2262.908
2263.246
2263.584
2263.92
2264.363
2264.805
2265.247
2265.689
2266.131
2266.573
2267.015
2267.457
2267.899
2268.341
2268.784
2269.227
2269.669
2270.111
2270.553
2270.995
2271.438
2271.881
2272.323
2272.77
2273.296
2273.822
2274.348
2274.874
2275.4
2275.926
2276.452
2276.978
2277.504
2278.03
2278.556
2279.082
2279.608
2280.134
2280.66
2281.186
2281.712
2282.23
2282.596
2282.962
2283.328
2283.694
2284.06
2284.426
2284.792
2285.158
2285.524
2285.89
2286.256
2286.622
2286.988
2287.354
2287.72
2288.086
2288.452
2288.818
2289.184
2289.55
2289.832
2290.114
2290.396
2290.678
2290.96
2291.242
2291.524
2291.806
2292.088
2292.37
2292.652
2292.934
2293.216
2293.498
2293.78
2294.062
2294.344
2294.626
2294.908
2295.191
2295.666
2296.141
2296.616
2297.091
2297.566
2298.041
2298.516
2298.991
2299.466
2299.941
2300.416
2300.891
2301.366
2301.841
2302.31
2302.785
2303.26
2303.735
2304.21
2304.685
2305.16
2305.635
2306.11
2306.585
2307.06
2307.535
2308.01
2308.485
2308.96
2309.435
2309.91
2310.385
2310.86
2311.335
2311.81
2312.253
2312.696
2313.139
2313.582
2314.025
2314.468
2314.911
2315.354
2315.797
2316.24
2316.683
2317.126
2317.569
2318.012
2318.455
2318.898
2319.341
2319.784
2320.227
2320.67
2321.11
2321.602
2322.094
2322.586
2323.078
2323.57
2324.062
2324.554
2325.046
2325.538
2326.03
2326.522
2327.014
2327.506
2327.998
2328.49
2328.982
2329.474
2329.966
2330.458
2330.95
2331.44
2331.841
2332.242
2332.643
2333.044
2333.445
2333.846
2334.247
2334.648
2335.049
2335.45
2335.851
2336.252
2336.653
2337.054
2337.455
2337.85
2338.614
2339.378
2340.142
2340.906
2341.67
2342.434
2343.198
2343.962
2344.726
2345.49
2346.254
2347.018
2347.782
2348.546
2349.31
2350.074
2350.838
2351.6
2352.085
2352.57
2353.055
2353.54
2354.025
2354.51
2354.995
2355.48
2355.965
2356.45
2356.935
2357.42
2357.905
2358.39
2358.875
2359.36
2359.845
2360.33
2360.776
2361.222
2361.668
2362.114
2362.56
2363.006
2363.452
2363.898
2364.344
2364.79
2365.236
2365.682
2366.128
2366.574
2367.02
2367.46
2367.976
2368.492
2369.008
2369.524
2370.04
2370.556
2371.072
2371.588
2372.104
2372.62
2373.136
2373.652
2374.168
2374.684
2375.2
2375.716
2376.232
2376.74
2377.041
2377.342
2377.643
2377.944
2378.245
2378.546
2378.847
2379.148
2379.449
2379.75
2380.051
2380.352
2380.653
2380.954
2381.255
2381.56
2381.923
2382.286
2382.649
2383.012
2383.375
2383.738
2384.101
2384.464
2384.827
2385.19
2385.553
2385.916
2386.279
2386.642
2387.005
2387.361
2387.757
2388.153
2388.549
2388.945
2389.341
2389.737
2390.133
2390.529
2390.925
2391.321
2391.717
2392.113
2392.509
2392.905
2393.301
2393.697
2394.1
2394.554
2395.008
2395.462
2395.916
2396.37
2396.824
2397.278
2397.732
2398.186
2398.64
2399.094
2399.55
2399.824
2400.098
2400.372
2400.646
2400.92
2401.194
2401.468
2401.742
2402.016
2402.29
2402.564
2402.838
2403.112
2403.386
2403.66
2403.934
2404.208
2404.49
2404.944
2405.398
2405.852
2406.306
2406.76
2407.214
2407.668
2408.122
2408.576
2409.03
2409.484
2409.938
2410.392
2410.846
2411.3
2411.754
2412.208
2412.66
2419.235
2425.81
2426.139
2426.468
2426.797
2427.126
2427.455
2427.784
2428.113
2428.442
2428.771
2429.1
2429.429
2429.758
2430.087
2430.416
2430.745
2431.074
2431.41
2431.853
2432.296
2432.739
2433.182
2433.625
2434.068
2434.511
2434.954
2435.397
2435.84
2436.283
2436.726
2437.169
2437.612
2438.055
2438.498
2438.941
2439.38
2439.765
2440.15
2440.535
2440.92
2441.305
2441.69
2442.075
2442.46
2442.845
2443.23
2443.615
2444.0
2444.385
2444.77
2445.16
2445.423
2445.686
2445.949
2446.212
2446.475
2446.738
2447.001
2447.264
2447.527
2447.79
2448.053
2448.316
2448.579
2448.842
2449.105
2449.368
2449.631
2449.894
2450.15
2450.562
2450.974
2451.386
2451.798
2452.21
2452.622
2453.034
2453.446
2453.858
2454.27
2454.682
2455.094
2455.51
2455.919
2456.328
2456.737
2457.146
2457.555
2457.964
2458.373
2458.782
2459.191
2459.6
2460.009
2460.418
2460.827
2461.236
2461.64
2461.936
2462.232
2462.528
2462.823
2463.119
2463.415
2463.711
2464.006
2464.302
2464.598
2464.894
2465.189
2465.485
2465.781
2466.077
2466.373
2466.669
2466.965
2467.261
2467.55
2467.969
2468.388
2468.807
2469.226
2469.645
2470.064
2470.483
2470.902
2471.321
2471.74
2472.159
2472.578
2472.997
2473.416
2473.835
2474.254
2474.67
2475.071
2475.472
2475.873
2476.274
2476.675
2477.076
2477.477
2477.878
2478.279
2478.68
2479.081
2479.482
2479.883
2480.284
2480.685
2481.086
2481.49
2483.3
2484.226
2485.152
2486.078
2487.004
2487.93
2488.856
2489.782
2490.708
2491.634
2492.56
2493.486
2494.412
2495.338
2496.264
2497.19
2498.116
2499.042
2499.968
2500.89
2501.449
2502.008
2502.567
2503.126
2503.685
2504.244
2504.803
2505.362
2505.921
2506.48
2507.039
2507.598
2508.157
2508.716
2509.275
2509.834
2510.393
2510.952
2511.52
2512.436
2513.352
2514.268
2515.184
2516.1
2517.016
2517.932
2518.848
2519.764
2520.68
2521.596
2522.512
2523.428
2524.344
2525.26
2526.176
2527.092
2528.0
2528.537
2529.074
2529.611
2530.148
2530.685
2531.222
2531.759
2532.296
2532.833
2533.37
2533.907
2534.444
2534.981
2535.518
2536.055
2536.592
2537.129
2537.666
2538.21
2538.573
2538.936
2539.299
2539.662
2540.025
2540.388
2540.751
2541.114
2541.477
2541.84
2542.203
2542.566
2542.929
2543.292
2543.655
2544.018
2544.381
2544.744
2545.1
2545.616
2546.132
2546.648
2547.164
2547.68
2548.196
2548.712
2549.23
2549.373
2549.516
2549.659
2549.802
2549.945
2550.088
2550.231
2550.374
2550.517
2550.66
2551.07
2551.48
2551.89
2552.3
2552.71
2553.12
2553.53
2553.94
2554.35
2554.76
2555.17
2555.58
2555.99
2556.4
2556.81
2557.22
2557.63
2558.04
2558.45
2558.86
2559.261
2559.639
2560.017
2560.395
2560.773
2561.151
2561.529
2561.907
2562.285
2562.663
2563.041
2563.419
2563.797
2564.175
2564.553
2564.931
2565.309
2565.687
2566.065
2566.443
2566.821
2567.199
2567.57
2567.988
2568.406
2568.824
2569.242
2569.66
2570.078
2570.496
2570.914
2571.332
2571.75
2572.168
2572.586
2573.004
2573.422
2573.84
2574.258
2574.676
2575.101
2575.724
2576.347
2576.97
2577.593
2578.216
2578.839
2579.462
2580.085
2580.708
2581.331
2581.954
2582.577
2583.2
2583.823
2584.446
2585.069
2585.692
2586.31
2587.356
2588.402
2589.448
2590.494
2591.54
2592.212
2592.884
2593.556
2594.228
2594.9
2595.572
2596.244
2596.916
2597.588
2598.26
2598.932
2599.604
2600.276
2600.948
2601.62
2602.292
2602.964
2603.64
2604.074
2604.508
2604.942
2605.376
2605.81
2606.244
2606.678
2607.112
2607.546
2607.98
2608.414
2608.848
2609.282
2609.716
2610.15
2610.584
2611.018
2611.452
2611.89
2612.504
2613.118
2613.732
2614.346
2614.96
2615.574
2616.188
2616.802
2617.416
2618.03
2618.644
2619.258
2619.872
2620.486
2621.1
2621.714
2622.328
2622.94
2623.107
2623.274
2623.441
2623.608
2623.775
2623.94
2624.465
2624.99
2625.515
2626.04
2626.565
2627.09
2627.615
2628.14
2628.665
2629.19
2629.715
2630.24
2630.765
2631.29
2631.815
2632.34
2632.53
2632.72
2632.91
2633.1
2633.29
2633.48
2633.67
2633.86
2634.05
2634.24
2634.43
2634.62
2634.802
2634.984
2635.166
2635.348
2635.53
2635.712
2635.894
2636.076
2636.258
2636.44
2636.622
2636.804
2636.986
2637.168
2637.35
2637.532
2637.714
2637.896
2638.078
2638.26
2638.821
2639.382
2639.943
2640.504
2641.065
2641.626
2642.187
2642.748
2643.309
2643.87
2644.431
2644.992
2645.553
2646.114
2646.675
2647.24
2648.004
2648.768
2649.532
2650.296
2651.06
2651.824
2652.588
2653.352
2654.116
2654.88
2655.644
2656.408
2657.172
2657.936
2658.7
2659.47
2660.101
2660.732
2661.363
2661.994
2662.625
2663.256
2663.887
2664.518
2665.149
2665.78
2666.411
2667.042
2667.673
2668.304
2668.935
2669.566
2670.2
2671.079
2671.959
2672.838
2673.718
2674.597
2675.477
2676.356
2677.236
2678.115
2678.994
2679.874
2680.753
2681.633
2682.512
2683.392
2684.271
2685.151
2686.03
2686.91
2687.79
2688.189
2688.588
2688.987
2689.386
2689.785
2690.184
2690.583
2690.982
2691.381
2691.78
2692.179
2692.578
2692.977
2693.376
2693.78
2694.066
2694.352
2694.638
2694.924
2695.21
2695.457
2695.704
2695.951
2696.198
2696.445
2696.692
2696.939
2697.186
2697.433
2697.68
2697.927
2698.174
2698.421
2698.668
2698.915
2699.162
2699.409
2699.656
2699.9
2700.191
2700.481
2700.772
2701.062
2701.352
2701.642
2701.932
2702.222
2702.513
2702.803
2703.093
2703.383
2703.673
2703.963
2704.254
2704.544
2704.834
2705.124
2705.414
2705.71
2706.258
2706.806
2707.354
2707.902
2708.45
2708.998
2709.546
2710.094
2710.642
2711.19
2711.738
2712.286
2712.834
2713.382
2713.93
2714.478
2715.026
2715.574
2716.12
2716.517
2716.914
2717.311
2717.708
2718.105
2718.502
2718.899
2719.296
2719.693
2720.09
2720.487
2720.884
2721.281
2721.678
2722.075
2722.472
2722.869
2723.266
2723.663
2724.06
2724.457
2724.854
2725.24
2725.576
2725.912
2726.248
2726.584
2726.92
2727.256
2727.592
2727.928
2728.264
2728.6
2728.936
2729.272
2729.608
2729.944
2730.28
2730.616
2730.952
2731.288
2731.63
2731.835
2732.04
2732.245
2732.45
2732.655
2732.86
2733.065
2733.27
2733.475
2733.68
2733.972
2734.264
2734.556
2734.848
2735.14
2735.432
2735.724
2736.016
2736.308
2736.6
2736.892
2737.184
2737.47
2738.069
2738.668
2739.267
2739.866
2740.465
2741.064
2741.663
2742.262
2742.861
2743.46
2744.059
2744.658
2745.257
2745.856
2746.455
2747.054
2747.653
2748.252
2748.851
2749.45
2749.659
2749.868
2750.077
2750.286
2750.495
2750.704
2750.91
2751.372
2751.834
2752.296
2752.758
2753.22
2753.682
2754.144
2754.606
2755.068
2755.53
2755.992
2756.454
2756.916
2757.378
2757.84
2758.302
2758.764
2759.23
2760.286
2761.342
2762.398
2763.454
2764.51
2765.566
2766.622
2767.678
2768.734
2769.79
2770.846
2771.902
2772.958
2774.014
2775.07
2776.126
2777.18
2777.594
2778.008
2778.422
2778.836
2779.25
2779.664
2780.078
2780.492
2780.906
2781.32
2781.734
2782.148
2782.562
2782.976
2783.39
2783.8
2784.084
2784.368
2784.652
2784.936
2785.22
2785.602
2785.984
2786.366
2786.748
2787.13
2787.512
2787.894
2788.276
2788.658
2789.04
2789.422
2789.804
2790.186
2790.568
2790.95
2791.332
2791.714
2792.09
2792.396
2792.702
2793.008
2793.314
2793.62
2793.926
2794.232
2794.538
2794.844
2795.15
2795.456
2795.762
2796.068
2796.374
2796.68
2796.986
2797.292
2797.59
2798.151
2798.712
2799.273
2799.834
2800.395
2800.956
2801.517
2802.078
2802.639
2803.2
2803.761
2804.322
2804.883
2805.444
2806.005
2806.566
2807.12
2807.411
2807.702
2807.993
2808.284
2808.575
2808.866
2809.157
2809.448
2809.739
2810.03
2810.321
2810.612
2810.903
2811.194
2811.485
2811.776
2812.06
2812.786
2813.512
2814.238
2814.964
2815.69
2816.416
2817.142
2817.868
2818.594
2819.32
2820.046
2820.772
2821.498
2822.224
2822.95
2823.676
2824.402
2825.128
2825.85
2826.543
2827.236
2827.929
2828.622
2829.315
2830.008
2830.701
2831.394
2832.087
2832.78
2833.473
2834.166
2834.859
2835.552
2836.24
2836.676
2837.112
2837.548
2837.984
2838.42
2838.856
2839.29
2840.056
2840.822
2841.588
2842.354
2843.12
2843.523
2843.926
2844.329
2844.732
2845.135
2845.538
2845.941
2846.344
2846.747
2847.15
2847.553
2847.956
2848.359
2848.762
2849.165
2849.568
2849.97
2850.346
2850.722
2851.098
2851.474
2851.85
2852.226
2852.602
2852.978
2853.354
2853.73
2854.106
2854.482
2854.858
2855.234
2855.61
2855.986
2856.362
2856.73
2857.006
2857.282
2857.558
2857.834
2858.11
2858.386
2858.662
2858.938
2859.214
2859.49
2859.766
2860.042
2860.318
2860.594
2860.87
2861.146
2861.42
2861.911
2862.402
2862.893
2863.384
2863.875
2864.366
2864.857
2865.348
2865.839
2866.33
2866.821
2867.312
2867.803
2868.29
2868.76
2869.23
2869.7
2870.17
2870.64
2871.11
2871.552
2871.994
2872.436
2872.878
2873.32
2873.762
2874.204
2874.646
2875.088
2875.53
2875.972
2876.414
2876.856
2877.298
2877.739
2878.18
2878.621
2879.062
2879.503
2879.94
2880.386
2880.832
2881.278
2881.724
2882.17
2882.616
2883.062
2883.508
2883.954
2884.4
2884.846
2885.292
2885.738
2886.184
2886.63
2887.076
2887.522
2887.968
2888.42
2888.847
2889.274
2889.701
2890.128
2890.555
2890.982
2891.409
2891.836
2892.263
2892.69
2893.117
2893.544
2893.971
2894.398
2894.825
2895.252
2895.679
2896.106
2896.533
2896.96
2897.493
2898.026
2898.559
2899.092
2899.625
2900.158
2900.691
2901.224
2901.757
2902.29
2902.823
2903.356
2903.889
2904.422
2904.955
2905.488
2906.021
2906.554
2907.087
2907.62
2908.153
2908.686
2909.21
2910.518
2911.826
2913.134
2914.442
2915.75
2917.058
2918.366
2919.674
2920.982
2922.29
2923.598
2924.906
2926.214
2927.522
2928.83
2930.138
2931.45
2931.779
2932.108
2932.437
2932.766
2933.095
2933.424
2933.753
2934.082
2934.411
2934.74
2935.069
2935.398
2935.727
2936.056
2936.39
2937.116
2937.842
2938.568
2939.294
2940.02
2940.746
2941.472
2942.198
2942.924
2943.65
2944.376
2945.102
2945.828
2946.554
2947.28
2948.006
2948.732
2949.45
2949.947
2950.445
2950.943
2951.44
2951.75
2952.06
2952.37
2952.68
2952.99
2953.3
2953.61
2953.92
2954.23
2954.54
2954.85
2955.16
2955.47
2955.78
2956.09
2956.4
2956.71
2957.02
2957.33
2957.64
2958.058
2958.476
2958.894
2959.312
2959.73
2960.148
2960.566
2960.984
2961.402
2961.82
2962.238
2962.656
2963.074
2963.492
2963.91
2964.328
2964.746
2965.164
2965.582
2966.0
2966.318
2966.636
2966.954
2967.272
2967.59
2967.908
2968.226
2968.544
2968.862
2969.18
2969.498
2969.816
2970.134
2970.452
2970.77
2971.088
2971.406
2971.724
2972.042
2972.36
2972.765
2973.169
2973.573
2973.977
2974.381
2974.785
2975.189
2975.593
2975.997
2976.401
2976.805
2977.209
2977.613
2978.017
2978.421
2978.825
2979.229
2979.633
2980.037
2980.45
2980.774
2981.098
2981.422
2981.746
2982.07
2982.394
2982.718
2983.042
2983.366
2983.69
2984.014
2984.338
2984.662
2984.986
2985.31
2985.634
2985.951
2986.772
2987.593
2988.414
2989.235
2990.056
2990.877
2991.698
2992.519
2993.34
2994.161
2994.982
2995.803
2996.624
2997.445
2998.266
2999.087
2999.9
3000.419
3000.938
3001.457
3001.976
3002.495
3003.014
3003.533
3004.052
3004.571
3005.09
3005.609
3006.128
3006.647
3007.166
3007.685
3008.204
3008.723
3009.25
3010.33
3011.41
3012.49
3013.57
3014.65
3015.73
3016.81
3017.415
3018.02
3018.625
3019.23
3019.835
3020.44
3021.045
3021.65
3022.255
3022.86
3023.465
3024.07
3024.675
3025.28
3025.885
3026.49
3026.756
3027.022
3027.288
3027.554
3027.82
3028.086
3028.352
3028.618
3028.884
3029.15
3029.416
3029.682
3029.948
3030.214
3030.48
3030.746
3031.012
3031.278
3031.544
3031.81
3032.076
3032.342
3032.608
3032.874
3033.14
3033.406
3033.672
3033.938
3034.19
3034.54
3034.89
3035.24
3035.59
3035.94
3036.29
3036.64
3036.99
3037.34
3037.69
3038.04
3038.39
3038.74
3039.09
3039.44
3039.79
3040.14
3040.49
3040.84
3041.19
3042.48
3043.77
3045.06
3046.35
3047.64
3048.93
3050.22
3051.51
3052.8
3053.042
3053.284
3053.526
3053.768
3054.01
3054.252
3054.494
3054.736
3054.978
3055.22
3055.462
3055.704
3055.946
3056.188
3056.43
3056.672
3056.92
3057.302
3057.684
3058.066
3058.448
3058.83
3059.212
3059.594
3059.976
3060.358
3060.74
3061.122
3061.504
3061.886
3062.268
3062.65
3063.03
3063.481
3063.932
3064.383
3064.834
3065.285
3065.736
3066.187
3066.638
3067.089
3067.54
3067.991
3068.442
3068.893
3069.344
3069.795
3070.246
3070.697
3071.15
3071.472
3071.794
3072.116
3072.438
3072.76
3073.082
3073.404
3073.726
3074.048
3074.37
3074.692
3075.014
3075.336
3075.658
3075.98
3076.302
3076.624
3076.946
3077.268
3077.59
3077.91
3078.405
3078.9
3079.395
3079.89
3080.385
3080.88
3081.375
3081.87
3082.365
3082.86
3083.355
3083.85
3084.345
3084.84
3085.335
3085.83
3086.325
3086.82
3087.088
3087.356
3087.624
3087.892
3088.16
3088.428
3088.696
3088.964
3089.232
3089.5
3089.768
3090.036
3090.304
3090.572
3090.84
3091.108
3091.376
3091.644
3091.912
3092.18
3092.448
3092.716
3092.984
3093.252
3093.52
3093.788
3094.05
3094.418
3094.786
3095.154
3095.522
3095.89
3096.258
3096.626
3096.994
3097.362
3097.73
3098.098
3098.466
3098.834
3099.202
3099.57
3099.938
3100.3
3100.674
3101.048
3101.421
3101.794
3102.168
3102.542
3102.916
3103.29
3103.664
3104.038
3104.412
3104.785
3105.159
3105.533
3105.907
3106.281
3106.655
3107.029
3107.403
3107.77
3108.163
3108.556
3108.949
3109.342
3109.735
3110.128
3110.521
3110.914
3111.307
3111.7
3112.148
3112.596
3113.044
3113.492
3113.94
3114.388
3114.836
3115.284
3115.732
3116.18
3116.628
3117.076
3117.524
3117.972
3118.42
3118.868
3119.31
3119.666
3120.022
3120.378
3120.734
3121.09
3121.446
3121.802
3122.158
3122.514
3122.87
3123.226
3123.582
3123.938
3124.294
3124.65
3125.006
3125.362
3125.71
3125.963
3126.216
3126.469
3126.722
3126.975
3127.228
3127.481
3127.734
3127.987
3128.24
3128.493
3128.746
3128.999
3129.252
3129.505
3129.758
3130.011
3130.264
3130.52
3130.883
3131.245
3131.608
3131.971
3132.334
3132.697
3133.06
3133.423
3133.785
3134.148
3134.511
3134.874
3135.236
3135.599
3135.962
3136.32
3136.743
3137.166
3137.589
3138.012
3138.435
3138.858
3139.281
3139.704
3140.127
3140.55
3140.973
3141.396
3141.819
3142.242
3142.665
3143.088
3143.511
3143.94
3144.521
3145.102
3145.683
3146.264
3146.845
3147.426
3148.007
3148.59
3148.926
3149.262
3149.598
3149.934
3150.27
3150.606
3150.942
3151.278
3151.614
3151.95
3152.286
3152.622
3152.958
3153.294
3153.63
3153.966
3154.3
3154.885
3155.47
3156.055
3156.64
3157.225
3157.81
3158.395
3158.98
3159.565
3160.15
3160.735
3161.32
3161.905
3162.49
3163.075
3163.66
3164.24
3164.679
3165.118
3165.557
3165.996
3166.435
3166.874
3167.313
3167.752
3168.191
3168.63
3169.069
3169.508
3169.947
3170.386
3170.825
3171.264
3171.71
3172.31
3172.91
3173.51
3174.11
3174.71
3175.31
3175.91
3175.91
3175.91
3175.91
3175.91
3175.91
3175.91
3175.91
3175.91
