22.21
22.607
23.004
23.401
23.798
24.195
24.592
24.99
25.352
25.715
26.078
26.441
26.803
27.166
27.529
27.89
28.217
28.544
28.871
29.198
29.525
29.852
30.179
30.506
30.833
31.16
31.49
32.27
33.05
33.83
34.61
35.39
35.886
36.382
36.878
37.374
37.87
38.366
38.862
39.358
39.854
40.35
40.85
41.277
41.704
42.131
42.558
42.985
43.412
43.84
44.459
45.078
45.697
46.316
46.935
47.554
48.173
48.79
49.157
49.524
49.891
50.258
50.625
50.992
51.359
51.726
52.093
52.46
52.975
53.49
54.005
54.52
54.856
55.192
55.528
55.864
56.2
56.536
56.872
57.208
57.54
58.428
59.316
60.204
61.092
61.98
62.87
63.25
63.63
64.01
64.39
64.77
65.15
65.53
65.91
66.29
66.67
66.906
67.142
67.378
67.614
67.85
68.086
68.322
68.558
68.79
69.197
69.604
70.011
70.418
70.825
71.232
71.64
72.158
72.676
73.194
73.712
74.23
74.75
77.015
79.28
81.545
83.81
86.075
88.34
89.895
91.45
93.005
94.56
96.115
97.67
99.225
100.78
102.335
103.89
104.131
104.372
104.613
104.854
105.095
105.336
105.577
105.818
106.059
106.3
106.792
107.284
107.776
108.268
108.76
109.25
109.539
109.828
110.117
110.406
110.695
110.984
111.273
111.562
111.851
112.14
112.631
113.122
113.613
114.104
114.595
115.086
115.58
115.946
116.312
116.678
117.044
117.41
117.776
118.142
118.508
118.874
119.24
119.606
119.97
120.155
120.34
120.525
120.71
120.895
121.08
121.265
121.45
121.635
121.82
122.01
122.25
122.49
122.73
122.97
123.21
123.45
123.69
123.93
124.17
124.41
124.65
124.903
125.156
125.409
125.662
125.915
126.168
126.421
126.674
126.927
127.18
127.43
128.079
128.728
129.377
130.026
130.675
131.324
131.973
132.62
133.078
133.536
133.994
134.452
134.91
135.368
135.826
136.284
136.742
137.197
137.489
137.781
138.073
138.365
138.657
138.949
139.241
139.53
139.93
140.33
140.73
140.971
141.212
141.453
141.694
141.935
142.176
142.417
142.658
142.899
143.14
143.38
143.782
144.184
144.586
144.988
145.39
145.792
146.194
146.596
146.998
147.4
147.741
148.082
148.423
148.764
149.105
149.446
149.787
150.128
150.469
150.81
151.389
151.968
152.547
153.126
153.705
154.284
154.863
155.442
156.021
156.6
156.882
157.164
157.446
157.728
158.01
158.292
158.574
158.856
159.138
159.42
160.49
160.687
160.884
161.081
161.278
161.475
161.672
161.869
162.066
162.263
162.46
162.66
162.883
163.106
163.329
163.552
163.775
163.998
164.221
164.444
164.667
164.89
165.113
165.336
165.56
166.343
167.125
167.907
168.69
168.975
169.26
169.545
169.83
170.115
170.4
170.685
170.97
171.255
171.54
171.873
172.206
172.538
172.871
173.204
173.537
173.87
174.2
174.542
174.885
175.227
175.57
175.912
176.255
176.597
176.94
177.286
177.632
177.978
178.324
178.67
179.016
179.362
179.708
180.054
180.4
180.81
181.221
181.632
182.043
182.454
182.865
183.276
183.687
184.098
184.505
184.857
185.209
185.561
185.913
186.265
186.617
186.969
187.32
187.697
188.074
188.45
188.828
189.206
189.584
189.962
190.34
190.718
191.096
191.474
191.852
192.23
192.61
193.126
193.642
194.158
194.674
195.19
195.706
196.222
196.738
197.25
197.749
198.248
198.747
199.246
199.745
200.244
200.74
201.296
201.852
202.408
202.964
203.52
204.076
204.63
204.97
205.31
205.65
205.99
206.33
206.67
207.01
207.35
207.69
208.03
208.326
208.622
208.918
209.214
209.51
209.806
210.102
210.398
210.694
210.99
211.286
211.58
212.163
212.746
213.329
213.912
214.495
215.08
215.299
215.518
215.737
215.956
216.175
216.394
216.613
216.832
217.051
217.27
218.193
219.116
220.039
220.962
221.885
222.808
223.731
224.654
225.577
226.5
227.42
227.813
228.206
228.599
228.992
229.385
229.778
230.171
230.564
230.957
231.35
231.74
233.24
234.74
236.24
237.74
239.24
240.74
242.24
243.74
245.24
246.74
247.385
248.03
248.675
249.32
249.965
250.61
251.255
251.9
252.457
253.014
253.571
254.128
254.685
255.242
255.799
256.356
256.913
257.47
258.027
258.579
259.902
261.225
262.548
263.871
265.194
266.517
267.84
268.141
268.442
268.743
269.044
269.345
269.646
269.947
270.248
270.549
270.85
271.149
271.378
271.607
271.836
272.065
272.294
272.523
272.752
272.981
273.21
273.44
273.92
274.4
274.88
275.36
275.84
276.32
277.258
278.196
279.134
280.072
281.01
281.95
282.374
282.798
283.222
283.646
284.07
284.494
284.918
285.342
285.766
286.19
286.61
287.126
287.642
288.158
288.674
289.19
289.706
290.222
290.74
291.178
291.615
292.053
292.49
292.928
293.365
293.803
294.24
294.62
295.0
295.38
295.76
296.14
296.52
296.9
298.12
299.34
300.56
301.78
303.0
304.22
305.44
306.66
307.88
309.1
310.32
311.54
312.76
313.98
315.564
317.148
318.732
320.316
321.9
322.509
323.118
323.727
324.336
324.945
325.554
326.163
326.772
327.381
327.99
328.356
328.722
329.088
329.454
329.82
330.186
330.552
330.918
331.28
331.58
331.88
332.18
332.48
332.78
333.093
333.406
333.719
334.032
334.345
334.658
334.97
335.207
335.444
335.681
335.918
336.155
336.392
336.629
336.866
337.103
337.34
337.58
337.827
338.075
338.322
338.57
338.817
339.065
339.312
339.56
339.81
340.06
340.31
340.56
340.81
341.372
341.934
342.496
343.058
343.62
344.182
344.744
345.306
345.868
346.43
346.762
347.094
347.426
347.758
348.09
348.422
348.754
349.086
349.418
349.75
350.08
350.598
351.116
351.634
352.152
352.67
353.188
353.706
354.224
354.742
355.26
355.776
356.292
356.808
357.324
357.84
358.356
358.872
359.388
359.9
360.407
360.914
361.421
361.928
362.435
362.94
363.248
363.556
363.864
364.172
364.48
364.788
365.096
365.404
365.71
365.948
366.186
366.424
366.662
366.9
367.138
367.376
367.614
367.852
368.09
368.33
369.15
369.97
370.79
371.61
371.839
372.068
372.297
372.526
372.755
372.984
373.21
373.643
374.076
374.509
374.942
375.375
375.808
376.241
376.674
377.11
377.89
378.67
379.45
380.23
381.01
381.79
383.004
384.218
385.432
386.646
387.86
389.074
390.29
392.097
393.904
395.711
397.518
399.325
401.13
401.545
401.96
402.375
402.79
403.205
403.62
404.001
404.382
404.763
405.144
405.525
405.906
406.29
407.138
407.986
408.834
409.682
410.53
411.38
412.972
414.564
416.156
417.748
419.338
419.797
420.256
420.715
421.174
421.633
422.092
422.551
423.01
423.469
423.928
424.39
424.786
425.182
425.578
425.974
426.37
426.766
427.162
427.56
428.851
430.142
431.433
432.724
434.015
435.306
436.597
437.888
439.179
440.47
440.688
440.906
441.124
441.342
441.56
441.778
441.996
442.214
442.432
442.65
443.01
443.37
443.73
444.09
444.45
444.81
445.17
445.53
445.89
446.25
446.46
446.67
446.88
447.09
447.3
447.51
447.72
448.093
448.466
448.839
449.212
449.585
449.958
450.331
450.704
451.077
451.45
451.823
452.2
452.393
452.586
452.779
452.972
453.165
453.358
453.551
453.744
453.94
454.254
454.568
454.882
455.196
455.51
455.824
456.138
456.45
456.903
457.356
457.809
458.262
458.715
459.168
459.621
460.074
460.527
460.98
461.43
461.713
461.996
462.279
462.562
462.845
463.128
463.411
463.694
463.977
464.26
464.543
464.826
465.109
465.39
465.808
466.226
466.644
467.062
467.48
467.898
468.316
468.733
469.151
469.569
469.987
470.4
470.695
470.99
471.285
471.58
471.875
472.17
472.465
472.76
473.055
473.35
473.64
474.309
474.978
475.647
476.316
476.985
477.654
478.323
478.992
479.66
480.183
480.706
481.229
481.752
482.275
482.798
483.321
483.844
484.37
485.289
486.208
487.127
488.046
488.965
489.884
490.803
491.722
492.641
493.56
494.479
495.4
496.197
496.994
497.791
498.588
499.385
500.182
500.979
501.776
502.573
503.37
504.167
504.964
505.761
506.56
507.666
508.772
509.878
510.984
512.09
513.196
514.302
515.408
516.514
517.62
518.726
519.83
520.253
520.676
521.1
521.301
521.502
521.703
521.904
522.105
522.306
522.507
522.71
522.945
523.18
523.415
523.65
523.885
524.12
524.355
524.59
524.825
525.06
525.29
525.488
525.686
525.884
526.082
526.28
526.478
526.676
526.872
527.043
527.214
527.385
527.556
527.727
527.898
528.069
528.24
528.411
528.58
528.924
529.268
529.612
529.956
530.3
530.644
530.988
531.332
531.68
532.004
532.328
532.652
532.976
533.3
533.624
533.95
534.15
534.35
534.55
534.75
534.95
535.15
535.35
535.55
535.75
535.95
536.15
536.35
536.55
536.852
537.154
537.457
537.76
538.062
538.365
538.668
538.97
539.837
540.704
541.571
542.438
543.305
544.172
545.039
545.906
546.773
547.64
548.098
548.556
549.014
549.472
549.93
550.39
550.706
551.022
551.338
551.654
551.97
552.286
552.602
552.92
553.583
554.246
554.909
555.572
556.235
556.898
557.561
558.224
558.887
559.55
559.896
560.242
560.588
560.934
561.28
561.626
561.972
562.318
562.664
563.01
563.587
564.164
564.741
565.318
565.895
566.472
567.049
567.63
568.873
570.116
571.359
572.602
573.845
575.088
576.331
577.574
578.817
580.06
580.652
581.244
581.836
582.428
583.02
583.61
584.588
585.566
586.544
587.522
588.5
589.478
590.456
591.434
592.41
593.091
593.772
594.453
595.134
595.815
596.496
597.18
597.987
598.794
599.601
600.408
601.215
602.022
602.829
603.636
604.443
605.25
606.06
606.477
606.894
607.311
607.728
608.145
608.562
608.979
609.396
609.81
610.227
610.644
611.061
611.478
611.895
612.312
612.729
613.146
613.563
613.98
614.397
614.814
615.23
615.591
615.952
616.313
616.674
617.035
617.396
617.757
618.118
618.48
618.988
619.496
620.004
620.512
621.02
621.528
622.036
622.544
623.05
623.272
623.494
623.716
623.938
624.16
624.382
624.604
624.826
625.048
625.27
625.659
626.048
626.437
626.826
627.215
627.604
627.993
628.38
628.805
629.23
629.512
629.794
630.076
630.358
630.64
630.922
631.204
631.486
631.77
632.582
633.394
634.206
635.018
635.83
636.642
637.454
638.266
639.078
639.89
640.702
641.51
642.407
643.304
644.201
645.098
645.995
646.892
647.789
648.686
649.583
650.48
651.377
652.27
653.529
654.788
656.047
657.306
658.565
659.824
661.083
662.342
663.601
664.86
666.12
666.64
667.16
667.68
668.2
668.594
668.988
669.382
669.776
670.17
670.564
670.96
671.595
672.23
672.865
673.5
674.135
674.77
675.405
676.04
676.675
677.31
677.945
678.58
679.22
679.564
679.908
680.252
680.596
680.94
681.284
681.628
681.972
682.316
682.66
683.0
683.332
683.664
683.996
684.328
684.66
684.992
685.324
685.66
685.948
686.236
686.524
686.812
687.1
687.39
687.795
688.2
688.605
689.01
689.415
689.82
690.225
690.63
691.035
691.44
691.725
692.01
692.295
692.58
692.865
693.15
693.585
694.02
694.455
694.89
695.325
695.76
696.195
696.63
696.893
697.156
697.418
697.681
697.944
698.207
698.47
698.73
699.173
699.616
700.059
700.502
700.945
701.388
701.831
702.274
702.717
703.16
703.6
704.319
705.038
705.757
706.476
707.195
707.914
708.633
709.352
710.071
710.79
711.51
711.822
712.134
712.446
712.758
713.07
713.382
713.694
714.006
714.318
714.63
715.071
715.512
715.953
716.394
716.835
717.276
717.72
718.019
718.318
718.617
718.916
719.215
719.514
719.81
720.455
721.1
721.6
721.951
722.302
722.653
723.004
723.355
723.706
724.057
724.408
724.759
725.11
725.62
726.13
726.64
727.15
727.66
728.17
728.68
729.19
729.7
730.21
730.402
730.594
730.786
730.978
731.17
731.362
731.554
731.746
731.94
732.25
732.56
732.87
733.18
733.49
733.8
734.11
734.549
734.988
735.427
735.866
736.305
736.744
737.18
737.622
738.064
738.506
738.948
739.39
739.832
740.274
740.716
741.158
741.6
741.991
742.382
742.773
743.164
743.555
743.946
744.337
744.728
745.119
745.51
745.817
746.124
746.431
746.738
747.045
747.352
747.659
747.966
748.273
748.58
748.887
749.19
750.13
750.445
750.76
751.075
751.39
751.705
752.02
752.335
752.65
753.513
754.376
755.238
756.1
756.749
757.398
758.047
758.696
759.345
759.994
760.643
761.292
761.94
762.43
762.92
763.41
763.9
764.16
764.42
764.68
764.94
765.2
765.46
765.72
765.98
766.325
766.67
767.015
767.36
767.705
768.05
768.904
769.758
770.612
771.466
772.32
773.174
774.03
774.59
775.15
775.71
776.27
776.83
777.39
777.95
778.51
779.07
779.63
780.205
780.78
781.355
781.93
782.505
783.08
784.715
784.99
785.265
785.54
785.815
786.09
787.32
788.55
789.143
789.736
790.33
791.186
792.042
792.898
793.754
794.61
795.166
795.722
796.278
796.834
797.39
797.946
798.502
799.056
802.11
802.462
802.814
803.166
803.518
803.87
804.22
804.727
805.234
805.741
806.248
806.755
807.262
807.77
808.041
808.312
808.583
808.854
809.125
809.396
809.667
809.938
810.209
810.48
810.805
811.13
811.455
811.78
812.105
812.43
812.755
813.08
813.405
813.73
814.145
814.56
814.975
815.39
815.805
816.22
816.635
817.05
817.353
817.656
817.959
818.262
818.565
818.868
819.171
819.474
819.777
820.08
820.383
820.69
820.979
821.268
821.557
821.846
822.135
822.424
822.713
823.0
823.256
823.512
823.768
824.024
824.28
824.536
824.792
825.05
825.373
825.696
826.019
826.342
826.665
826.99
827.398
827.806
828.214
828.622
829.03
829.44
829.822
830.204
830.586
830.968
831.35
831.732
832.114
832.496
832.878
833.26
833.642
834.02
834.346
834.672
834.998
835.324
835.65
836.15
836.412
836.674
836.936
837.198
837.46
837.722
837.984
838.246
838.51
838.908
839.306
839.704
840.102
840.5
840.734
840.968
841.202
841.436
841.67
841.904
842.138
842.372
842.61
842.883
843.156
843.429
843.702
843.975
844.248
844.521
844.794
845.067
845.34
845.613
845.886
846.159
846.43
846.798
847.166
847.534
847.902
848.27
848.638
849.006
849.374
849.742
850.11
850.318
850.526
850.734
850.942
851.15
851.358
851.566
851.774
851.982
852.19
852.47
852.75
853.03
853.31
853.59
853.87
854.15
854.43
854.71
854.99
855.27
855.517
855.764
856.011
856.258
856.505
856.752
856.999
857.246
857.493
857.74
857.987
858.234
858.48
859.036
859.592
860.148
860.704
860.905
861.106
861.307
861.508
861.709
861.91
862.111
862.312
862.513
862.714
862.915
863.12
863.42
863.72
864.02
864.32
864.62
864.92
865.22
865.52
865.82
866.035
866.25
866.465
866.68
866.895
867.11
867.872
868.634
869.397
870.16
870.393
870.626
870.859
871.092
871.325
871.558
871.791
872.024
872.257
872.49
872.769
873.048
873.327
873.606
873.885
874.164
874.443
874.722
875.0
875.607
876.214
876.821
877.428
878.035
878.642
879.249
879.856
880.46
880.772
881.084
881.396
881.708
882.02
882.332
882.642
882.863
883.084
883.305
883.526
883.747
883.968
884.189
884.41
884.631
884.85
885.179
885.508
885.837
886.166
886.495
886.824
887.153
887.482
887.81
888.166
888.522
888.878
889.234
889.59
889.946
890.302
890.658
891.01
891.263
891.516
891.769
892.022
892.275
892.528
892.781
893.034
893.287
893.54
893.79
894.616
895.442
896.268
897.094
897.92
898.746
899.57
900.243
900.916
901.589
902.262
902.935
903.608
904.28
904.64
905.0
905.36
905.72
906.08
906.44
906.8
907.16
907.52
908.09
908.66
909.23
909.8
910.37
910.888
911.406
911.924
912.442
912.96
913.478
913.996
914.514
915.03
916.278
917.526
918.774
920.022
921.27
922.518
923.766
925.014
926.262
927.51
928.76
929.091
929.422
929.753
930.084
930.415
930.746
931.077
931.41
933.002
934.594
936.186
937.778
939.37
940.96
941.513
942.066
942.619
943.172
943.725
944.278
944.83
945.17
945.51
945.85
946.19
946.53
946.87
947.06
947.25
947.44
947.63
947.82
948.01
948.2
948.39
948.58
948.77
948.96
949.15
949.34
949.53
949.72
950.088
950.456
950.824
951.192
951.56
951.93
952.617
953.304
953.991
954.678
955.365
956.052
956.74
957.037
957.334
957.631
957.928
958.225
958.522
958.819
959.116
959.413
959.71
960.007
960.304
960.601
960.898
961.2
961.413
961.626
961.839
962.052
962.265
962.478
962.69
963.089
963.488
963.887
964.286
964.685
965.084
965.483
965.882
966.281
966.68
967.076
967.272
967.468
967.664
967.86
968.056
968.252
968.45
968.676
968.902
969.128
969.354
969.58
969.806
970.032
970.258
970.484
970.71
971.04
971.37
971.7
972.03
972.36
972.69
973.02
973.35
973.68
974.01
974.34
974.67
975.39
976.11
976.83
977.55
978.27
978.564
978.858
979.152
979.446
979.74
980.034
980.328
980.622
980.916
981.21
981.504
981.798
982.092
982.386
982.68
982.974
983.268
983.562
983.86
984.128
984.396
984.664
984.932
985.2
985.468
985.736
986.004
986.272
986.54
986.81
987.287
987.764
988.242
988.72
988.934
989.148
989.362
989.576
989.79
990.004
990.218
990.43
990.718
991.006
991.294
991.582
991.87
992.158
992.446
992.734
993.02
994.513
996.006
997.5
997.945
998.39
998.835
999.28
999.725
1000.17
1000.615
1001.06
1001.592
1002.124
1002.656
1003.188
1003.72
1004.252
1004.784
1005.316
1005.848
1006.38
1006.91
1007.244
1007.578
1007.912
1008.246
1008.58
1008.914
1009.248
1009.582
1009.916
1010.25
1010.584
1010.92
1011.329
1011.738
1012.147
1012.556
1012.965
1013.374
1013.78
1014.223
1014.666
1015.109
1015.552
1015.995
1016.44
1017.007
1017.574
1018.141
1018.708
1019.275
1019.84
1020.166
1020.492
1020.818
1021.144
1021.47
1021.796
1022.122
1022.45
1023.258
1024.066
1024.874
1025.682
1026.49
1027.298
1028.106
1028.91
1029.428
1029.946
1030.464
1030.982
1031.5
1032.018
1032.536
1033.054
1033.569
1034.625
1035.681
1036.737
1037.793
1038.849
1039.905
1040.961
1042.017
1043.073
1044.13
1048.19
1048.713
1049.236
1049.759
1050.282
1050.805
1051.328
1051.851
1052.374
1052.897
1053.42
1054.783
1056.146
1057.51
1057.939
1058.368
1058.797
1059.226
1059.655
1060.084
1060.51
1060.775
1061.04
1061.305
1061.57
1061.894
1062.218
1062.542
1062.866
1063.19
1063.514
1063.838
1064.162
1064.49
1064.719
1064.948
1065.177
1065.406
1065.635
1065.864
1066.093
1066.322
1066.551
1066.78
1067.009
1067.24
1067.831
1068.422
1069.013
1069.604
1070.195
1070.786
1071.38
1072.208
1073.036
1073.864
1074.692
1075.52
1076.348
1077.176
1078.004
1078.832
1079.66
1080.132
1080.604
1081.076
1081.548
1082.02
1082.492
1082.964
1083.436
1083.908
1084.38
1084.852
1085.32
1086.66
1087.343
1088.026
1088.709
1089.392
1090.075
1090.758
1091.44
1091.862
1092.284
1092.706
1093.128
1093.55
1093.97
1095.685
1097.4
1099.115
1100.83
1102.545
1104.26
1106.069
1107.878
1109.687
1111.496
1113.305
1115.114
1116.923
1118.732
1120.541
1122.35
1124.16
1124.475
1124.79
1125.105
1125.42
1125.735
1126.05
1126.365
1126.68
1126.995
1127.31
1127.625
1127.94
1128.25
1128.683
1129.116
1129.549
1129.982
1130.415
1130.848
1131.28
1131.548
1131.816
1132.084
1132.352
1132.62
1132.89
1133.216
1133.542
1133.868
1134.194
1134.52
1134.846
1135.172
1135.498
1135.824
1136.15
1136.67
1137.19
1137.71
1138.23
1138.75
1139.27
1139.79
1140.099
1140.408
1140.717
1141.026
1141.335
1141.644
1141.953
1142.26
1142.582
1142.904
1143.226
1143.548
1143.87
1144.192
1144.514
1144.836
1145.156
1145.336
1145.516
1145.696
1145.876
1146.056
1146.236
1146.416
1146.596
1146.78
1146.96
1147.14
1147.32
1147.5
1147.68
1147.86
1148.04
1148.22
1148.4
1148.58
1149.37
1150.16
1150.95
1151.74
1152.53
1153.32
1153.917
1154.514
1155.111
1155.708
1156.305
1156.902
1157.5
1157.893
1158.286
1158.679
1159.072
1159.465
1159.858
1160.25
1160.503
1160.756
1161.009
1161.262
1161.515
1161.77
1161.964
1162.158
1162.352
1162.546
1162.74
1162.934
1163.128
1163.322
1163.52
1163.939
1164.358
1164.777
1165.196
1165.615
1166.034
1166.453
1166.87
1167.376
1167.882
1168.388
1168.894
1169.4
1169.906
1170.412
1170.918
1171.424
1171.93
1172.44
1172.696
1172.952
1173.208
1173.464
1173.72
1173.976
1174.232
1174.49
1174.794
1175.098
1175.402
1175.706
1176.01
1176.314
1176.62
1177.006
1177.392
1177.778
1178.164
1178.55
1178.936
1179.322
1179.708
1180.094
1180.48
1180.748
1181.016
1181.284
1181.552
1181.82
1182.088
1182.356
1182.624
1182.89
1183.573
1184.256
1184.939
1185.622
1185.804
1185.986
1186.168
1186.35
1186.532
1186.714
1186.896
1187.08
1187.359
1187.638
1187.917
1188.196
1188.475
1188.754
1189.033
1189.312
1189.591
1189.87
1190.149
1190.43
1190.728
1191.026
1191.324
1191.622
1191.92
1192.22
1192.525
1192.83
1193.135
1193.44
1193.745
1194.05
1194.355
1194.66
1194.965
1195.27
1195.575
1195.88
1196.381
1196.882
1197.383
1197.884
1198.385
1198.886
1199.387
1199.888
1200.389
1200.89
1201.272
1201.654
1202.036
1202.418
1202.8
1203.182
1203.564
1203.946
1204.328
1204.71
1205.092
1205.474
1205.86
1206.16
1206.46
1206.76
1207.06
1207.36
1207.66
1208.307
1208.954
1209.601
1210.248
1210.895
1211.542
1212.189
1212.836
1213.48
1215.168
1216.856
1218.544
1220.232
1221.92
1223.608
1225.296
1226.984
1228.672
1230.36
1232.048
1233.736
1235.42
1235.904
1236.388
1236.872
1237.356
1237.84
1238.324
1238.808
1239.292
1239.776
1240.26
1240.74
1241.225
1241.71
1242.195
1242.68
1243.165
1243.65
1244.135
1244.62
1245.105
1245.59
1246.026
1246.462
1246.898
1247.334
1247.77
1248.206
1248.64
1249.29
1249.94
1250.59
1251.24
1251.89
1252.54
1253.19
1253.84
1254.271
1254.702
1255.133
1255.564
1255.995
1256.426
1256.857
1257.29
1257.576
1257.862
1258.148
1258.434
1258.72
1259.006
1259.292
1259.578
1259.864
1260.15
1260.436
1260.72
1261.037
1261.354
1261.671
1261.988
1262.305
1262.622
1262.939
1263.256
1263.57
1264.454
1265.337
1266.793
1268.249
1269.705
1271.16
1271.427
1271.694
1271.961
1272.228
1272.495
1272.762
1273.029
1273.296
1273.56
1274.206
1274.852
1275.498
1276.144
1276.79
1277.436
1278.082
1278.728
1279.374
1280.02
1280.67
1280.858
1281.046
1281.234
1281.422
1281.61
1281.798
1281.986
1282.174
1282.362
1282.552
1282.723
1282.894
1283.065
1283.236
1283.407
1283.578
1283.749
1283.92
1284.091
1284.26
1286.582
1288.905
1291.227
1293.55
1297.124
1300.698
1304.272
1307.846
1311.42
1314.994
1318.568
1322.142
1325.72
1326.034
1326.348
1326.662
1326.976
1327.29
1327.604
1327.918
1328.232
1328.546
1328.86
1329.174
1329.49
1330.113
1330.736
1331.359
1331.982
1332.605
1333.23
1333.757
1334.284
1334.812
1335.34
1335.884
1336.428
1336.972
1337.516
1338.06
1338.71
1339.051
1339.392
1339.733
1340.074
1340.415
1340.756
1341.097
1341.44
1342.013
1342.586
1343.159
1343.732
1344.305
1344.878
1345.451
1346.024
1346.597
1347.17
1348.043
1348.916
1349.789
1350.662
1351.535
1352.408
1353.281
1354.154
1355.027
1355.9
1356.773
1357.646
1358.52
1358.775
1359.03
1359.285
1359.54
1359.795
1360.05
1360.305
1360.56
1360.815
1361.07
1361.33
1361.683
1362.036
1362.389
1362.742
1363.095
1363.45
1363.914
1364.378
1364.842
1365.306
1365.77
1366.234
1366.698
1367.162
1367.63
1368.194
1368.758
1369.322
1369.886
1370.45
1371.014
1371.578
1372.142
1372.706
1373.27
1373.834
1374.4
1374.804
1375.208
1375.612
1376.016
1376.42
1376.824
1377.228
1377.63
1377.826
1378.022
1378.218
1378.414
1378.61
1378.806
1379.002
1379.198
1379.394
1379.59
1379.786
1379.982
1380.178
1380.38
1380.771
1381.162
1381.553
1381.944
1382.335
1382.725
1382.897
1383.069
1383.241
1383.413
1383.585
1383.757
1383.929
1384.1
1384.391
1384.682
1384.973
1385.264
1385.555
1385.846
1386.14
1386.414
1386.688
1386.962
1387.236
1387.51
1387.784
1388.058
1388.332
1388.606
1388.88
1389.151
1389.422
1389.693
1389.964
1390.235
1390.506
1390.78
1391.29
1391.8
1392.31
1392.82
1393.33
1393.575
1393.82
1394.065
1394.31
1394.555
1394.8
1395.045
1395.29
1395.592
1395.894
1396.196
1396.498
1396.8
1397.1
1397.465
1397.83
1398.195
1398.56
1398.925
1399.29
1399.655
1400.02
1400.385
1400.75
1401.115
1401.48
1401.845
1402.21
1402.766
1403.322
1403.878
1404.434
1404.99
1405.267
1405.544
1405.821
1406.098
1406.375
1406.652
1406.929
1407.206
1407.483
1407.76
1407.987
1408.214
1408.441
1408.668
1408.895
1409.122
1409.35
1409.73
1410.11
1410.49
1410.87
1411.25
1411.63
1412.01
1412.39
1412.77
1413.15
1413.53
1413.91
1414.289
1414.443
1414.597
1414.751
1414.905
1415.059
1415.213
1415.367
1415.521
1415.675
1415.83
1416.133
1416.437
1416.74
1417.043
1417.346
1417.649
1417.952
1418.255
1418.559
1418.862
1419.166
1419.472
1419.668
1419.864
1420.06
1420.256
1420.452
1420.648
1420.844
1421.04
1421.236
1421.43
1421.791
1422.152
1422.513
1422.874
1423.235
1423.596
1423.957
1424.318
1424.679
1425.04
1425.323
1425.606
1425.889
1426.172
1426.455
1426.738
1427.021
1427.304
1427.587
1427.87
1428.153
1428.436
1428.72
1429.03
1429.34
1429.65
1429.96
1430.27
1430.58
1430.89
1431.2
1431.51
1431.82
1432.378
1432.936
1433.494
1434.052
1434.61
1435.17
1435.806
1436.442
1437.078
1437.714
1438.35
1438.986
1439.622
1440.26
1440.546
1440.832
1441.118
1441.404
1441.69
1441.976
1442.262
1442.548
1442.834
1443.12
1443.41
1443.709
1444.008
1444.307
1444.606
1444.905
1445.204
1445.503
1445.802
1446.101
1446.4
1446.7
1446.973
1447.246
1447.519
1447.792
1448.065
1448.338
1448.611
1448.884
1449.16
1449.327
1449.494
1449.661
1449.828
1449.995
1450.162
1450.329
1450.496
1450.663
1450.83
1451.077
1451.324
1451.571
1451.818
1452.065
1452.31
1452.616
1452.922
1453.228
1453.534
1453.84
1454.146
1454.452
1454.758
1455.064
1455.37
1455.676
1455.982
1456.29
1457.227
1458.164
1459.101
1460.038
1460.975
1461.912
1462.849
1463.786
1464.72
1465.695
1466.67
1467.645
1468.62
1469.595
1470.57
1471.545
1472.52
1473.495
1474.47
1475.45
1475.908
1476.366
1476.824
1477.282
1477.74
1478.222
1478.704
1479.186
1479.668
1480.15
1480.63
1481.023
1481.415
1481.807
1482.199
1482.591
1482.983
1483.375
1483.77
1484.318
1484.866
1485.414
1485.962
1486.51
1487.058
1487.606
1488.154
1488.7
1489.252
1489.804
1490.356
1490.908
1491.46
1492.518
1493.576
1494.634
1495.692
1496.75
1497.808
1498.866
1499.924
1500.982
1502.04
1503.098
1504.156
1505.214
1506.27
1507.143
1508.016
1508.889
1509.762
1510.635
1511.508
1512.38
1512.775
1513.17
1513.565
1513.96
1514.355
1514.75
1515.145
1515.54
1515.935
1516.33
1516.749
1517.168
1517.587
1518.006
1518.425
1518.844
1519.263
1519.68
1520.106
1520.532
1520.958
1521.384
1521.81
1522.119
1522.428
1522.737
1523.046
1523.355
1523.664
1523.973
1524.282
1524.591
1524.9
1526.574
1528.248
1529.922
1531.596
1533.27
1534.944
1536.62
1537.361
1538.102
1538.843
1539.584
1540.325
1541.066
1541.807
1542.548
1543.289
1544.03
1544.77
1545.47
1546.17
1546.87
1547.163
1547.456
1547.749
1548.042
1548.335
1548.628
1548.921
1549.214
1549.51
1549.976
1550.442
1550.908
1551.374
1551.84
1552.026
1552.212
1552.398
1552.584
1552.77
1552.956
1553.142
1553.328
1553.514
1553.7
1553.886
1554.072
1554.258
1554.44
1554.82
1555.2
1555.58
1555.891
1556.202
1556.513
1556.824
1557.135
1557.446
1557.757
1558.068
1558.379
1558.69
1559.005
1559.32
1559.635
1559.95
1560.265
1560.579
1560.803
1561.027
1561.251
1561.475
1561.699
1561.923
1562.147
1562.37
1562.652
1562.935
1563.217
1563.5
1563.783
1564.065
1564.348
1564.63
1565.361
1566.092
1566.823
1567.554
1568.285
1569.016
1569.747
1570.48
1573.854
1574.354
1574.851
1575.348
1576.056
1576.764
1577.039
1577.314
1577.589
1577.864
1578.139
1578.414
1578.692
1579.165
1579.638
1580.111
1580.584
1581.057
1581.53
1582.003
1582.476
1582.949
1583.422
1583.9
1584.53
1585.16
1585.79
1586.42
1587.05
1587.68
1588.309
1588.704
1589.1
1589.505
1589.91
1590.315
1590.72
1591.125
1591.53
1592.005
1592.48
1593.105
1593.301
1593.497
1593.693
1593.889
1594.087
1594.385
1594.683
1594.981
1595.279
1595.577
1595.875
1596.17
1596.629
1597.088
1597.547
1598.006
1598.465
1598.924
1599.383
1599.845
1600.23
1600.615
1601.0
1601.385
1601.77
1602.155
1602.54
1603.193
1603.846
1604.5
1605.229
1605.958
1606.687
1607.416
1608.146
1628.864
1629.138
1629.412
1629.686
1629.96
1630.234
1630.508
1630.78
1631.206
1631.632
1632.058
1632.484
1632.91
1633.336
1633.762
1634.19
1634.69
1635.515
1636.34
1636.56
1636.78
1637.0
1637.22
1637.44
1637.66
1637.88
1638.1
1638.35
1638.6
1639.315
1640.03
1644.83
1645.167
1645.504
1645.84
1650.68
1651.013
1651.346
1651.68
1651.87
1652.06
1652.25
1652.44
1652.63
1652.9
1653.17
1653.524
1653.878
1654.71
1656.356
1657.282
1658.208
1659.134
1660.06
1660.378
1660.696
1661.014
1661.332
1661.65
1662.1
1662.55
1662.794
1663.038
1663.282
1663.526
1663.77
1664.014
1664.26
1664.76
1665.74
1666.05
1666.36
1666.67
1666.98
1667.29
1667.6
1667.91
1668.22
1668.531
1674.13
1674.44
1674.75
1675.06
1675.37
1676.097
1676.824
1677.552
1678.28
1678.716
1679.152
1679.588
1680.024
1680.46
1680.896
1681.332
1681.77
1682.323
1682.876
1683.43
1683.649
1683.868
1684.087
1684.306
1684.525
1684.744
1684.963
1685.18
1685.655
1686.13
1686.605
1687.08
1687.555
1688.03
1688.505
1688.839
1689.173
1689.507
1689.841
1690.175
1690.511
1691.01
1691.276
1691.542
1691.808
1692.074
1692.34
1692.606
1692.872
1693.138
1693.4
1693.655
1693.91
1694.165
1694.42
1694.675
1694.93
1695.244
1695.558
1695.872
1696.186
1696.5
1696.814
1697.128
1697.442
1697.756
1698.07
1698.38
1698.88
1699.111
1699.342
1699.573
1699.804
1700.035
1700.266
1700.497
1700.73
1701.056
1701.382
1701.708
1702.034
1702.36
1702.686
1703.01
1703.484
1703.958
1704.432
1704.906
1705.38
1705.854
1706.328
1706.802
1707.276
1707.75
1708.22
1708.813
1709.406
1709.999
1710.592
1711.185
1711.78
1712.116
1712.452
1712.788
1713.124
1713.46
1713.716
1713.972
1714.228
1714.484
1714.74
1714.996
1715.252
1715.51
1716.04
1716.57
1717.1
1717.63
1718.16
1718.69
1719.22
1719.75
1719.983
1720.216
1720.449
1720.682
1720.915
1721.148
1721.381
1721.614
1721.847
1722.08
1722.313
1722.55
1724.57
1724.747
1724.924
1725.101
1725.278
1725.455
1725.632
1725.81
1726.1
1726.39
1726.68
1726.97
1727.26
1727.55
1727.84
1728.13
1728.42
1728.677
1728.934
1729.191
1729.448
1729.705
1729.962
1730.219
1730.476
1730.733
1730.99
1731.373
1731.756
1732.139
1732.522
1732.905
1733.29
1733.632
1733.974
1734.316
1734.658
1735.0
1735.342
1735.684
1736.026
1736.368
1736.71
1737.052
1737.394
1737.73
1738.102
1738.475
1738.847
1739.22
1739.446
1739.672
1739.898
1740.124
1740.35
1740.576
1740.802
1741.028
1741.254
1741.48
1741.706
1741.93
1742.318
1742.706
1743.093
1743.481
1743.869
1744.256
1744.644
1745.03
1745.295
1745.56
1745.825
1746.09
1746.355
1746.62
1746.885
1747.15
1747.415
1747.68
1747.945
1748.21
1748.47
1748.741
1749.012
1749.283
1749.554
1749.825
1750.095
1750.298
1750.501
1750.704
1750.907
1751.11
1751.313
1751.516
1751.72
1752.028
1752.336
1752.644
1752.952
1753.26
1753.57
1753.927
1754.284
1754.641
1754.998
1755.355
1755.712
1756.07
1756.72
1757.37
1758.02
1758.477
1758.934
1759.391
1759.848
1760.305
1760.76
1761.195
1761.63
1762.065
1762.5
1763.21
1763.92
1764.63
1765.34
1766.152
1766.965
1767.777
1768.59
1768.805
1769.02
1769.235
1769.45
1769.665
1769.88
1770.095
1770.31
1770.525
1770.74
1770.955
1771.17
1771.385
1771.602
1772.035
1772.468
1772.901
1773.334
1773.767
1774.2
1774.633
1775.066
1775.499
1775.932
1776.365
1776.8
1777.159
1777.518
1777.877
1778.236
1778.595
1778.954
1779.313
1779.672
1780.031
1780.39
1780.872
1781.354
1781.836
1782.318
1782.8
1783.282
1783.764
1784.246
1784.73
1784.942
1785.154
1785.366
1785.578
1785.79
1786.002
1786.214
1786.426
1786.64
1787.186
1787.732
1788.278
1788.824
1789.37
1789.916
1790.462
1791.008
1791.554
1792.1
1792.646
1793.192
1793.74
1794.028
1794.316
1794.604
1794.892
1795.18
1795.468
1795.756
1796.044
1796.332
1796.62
1796.908
1797.196
1797.49
1800.06
1800.523
1800.986
1801.449
1801.912
1802.375
1802.838
1803.301
1803.764
1804.226
1804.689
1805.152
1805.61
1806.058
1806.506
1806.954
1807.402
1807.85
1808.3
1808.575
1808.85
1809.125
1809.4
1809.675
1809.95
1810.225
1810.5
1810.775
1811.05
1811.434
1811.818
1812.202
1812.586
1812.97
1813.354
1813.738
1814.122
1814.51
1814.777
1815.044
1815.311
1815.578
1815.845
1816.112
1816.379
1816.646
1816.913
1817.18
1817.447
1817.71
1818.036
1818.362
1818.688
1819.014
1819.34
1819.666
1819.992
1820.318
1820.644
1820.97
1821.227
1821.485
1821.742
1821.999
1822.256
1822.514
1822.771
1823.028
1823.285
1823.543
1823.8
1824.06
1824.392
1824.724
1825.056
1825.388
1825.72
1826.052
1826.384
1826.716
1827.05
1827.4
1827.75
1828.1
1828.45
1828.8
1829.15
1829.5
1829.85
1830.2
1830.55
1830.9
1831.25
1831.586
1831.922
1832.258
1832.594
1832.93
1833.266
1833.602
1833.938
1834.274
1834.61
1834.946
1835.28
1835.81
1836.34
1836.87
1837.4
1838.046
1838.692
1839.338
1839.984
1840.63
1841.276
1841.922
1842.568
1843.214
1843.86
1844.506
1845.152
1845.8
1846.823
1847.846
1848.869
1849.892
1850.915
1851.94
1852.163
1852.386
1852.609
1852.832
1853.055
1853.278
1853.501
1853.72
1854.178
1854.636
1855.094
1855.552
1856.01
1856.468
1856.926
1857.384
1857.84
1858.286
1858.732
1859.178
1859.624
1860.07
1860.516
1860.962
1861.408
1861.854
1862.3
1862.75
1863.18
1863.61
1864.04
1864.47
1864.9
1865.33
1865.76
1866.19
1866.638
1867.086
1867.534
1867.982
1868.43
1868.878
1869.326
1869.774
1870.222
1870.67
1871.118
1871.57
1872.473
1873.376
1874.279
1875.182
1876.085
1876.988
1877.891
1878.794
1879.699
1881.308
1882.917
1884.526
1886.135
1887.744
1889.353
1890.96
1891.46
1891.83
1892.2
1892.57
1893.093
1893.616
1894.139
1894.662
1895.185
1895.708
1896.231
1896.754
1897.277
1897.8
1898.323
1898.846
1899.369
1899.892
1900.42
1901.204
1901.988
1902.772
1903.556
1904.34
1904.925
1905.51
1906.095
1906.68
1907.265
1907.85
1908.435
1909.02
1909.605
1910.19
1910.775
1911.36
1911.94
1912.282
1912.624
1912.966
1913.308
1913.65
1913.992
1914.334
1914.676
1915.02
1915.52
1915.877
1916.234
1916.591
1916.948
1920.583
1920.958
1921.333
1921.708
1922.089
1922.47
1922.85
1923.139
1923.428
1923.717
1924.006
1924.295
1924.584
1924.873
1925.162
1925.45
1926.098
1926.746
1927.394
1928.042
1928.69
1929.338
1929.986
1930.634
1931.282
1931.93
1932.578
1933.226
1933.874
1934.52
1935.51
1936.5
1937.49
1938.48
1939.47
1940.46
1941.452
1942.264
1943.076
1943.888
1944.7
1945.51
1945.879
1946.248
1946.617
1946.986
1947.355
1947.724
1948.09
1948.31
1948.53
1948.75
1948.97
1949.19
1949.41
1949.63
1949.835
1950.04
1950.245
1950.45
1950.655
1950.86
1951.065
1951.27
1951.475
1951.68
1951.88
1952.203
1952.525
1952.848
1953.17
1953.443
1953.716
1953.989
1954.262
1954.535
1954.808
1955.08
1955.908
1956.736
1957.564
1958.39
1959.218
1974.911
1975.363
1975.816
1976.269
1976.721
1980.01
1980.552
1981.094
1981.636
1982.178
1982.72
1983.26
1983.628
1983.995
1984.362
1984.73
1985.139
1985.548
1985.957
1986.366
1986.775
1987.184
1987.593
1988.0
1988.526
1989.052
1989.578
1990.104
1990.63
1991.145
1991.66
1992.175
1992.69
1993.205
1993.72
1994.235
1994.75
1995.265
1995.78
1996.396
1997.012
1997.628
1998.244
1998.86
1999.476
2000.09
2000.515
2000.94
2001.365
2001.79
2002.215
2002.64
2003.065
2003.49
2003.833
2004.176
2004.519
2004.862
2005.205
2005.548
2005.891
2006.234
2006.577
2006.92
2007.11
2007.3
2007.49
2007.68
2007.87
2008.06
2008.25
2008.649
2009.048
2009.447
2009.846
2010.245
2010.644
2011.04
2011.555
2012.07
2012.585
2013.1
2013.615
2014.13
2014.645
2015.16
2015.548
2015.936
2016.323
2016.71
2016.933
2017.156
2017.379
2017.602
2017.825
2018.048
2018.271
2018.494
2018.72
2018.965
2019.21
2019.455
2019.7
2019.945
2020.19
2020.435
2020.68
2020.925
2021.172
2021.364
2021.556
2021.748
2021.94
2022.13
2022.384
2022.638
2022.892
2023.146
2023.4
2023.654
2023.91
2024.147
2024.384
2024.621
2024.858
2025.095
2025.332
2025.569
2025.806
2026.043
2026.28
2026.526
2026.772
2027.018
2027.264
2027.51
2027.756
2028.002
2028.248
2028.49
2028.76
2029.03
2029.3
2029.57
2029.84
2030.267
2030.694
2031.121
2031.548
2031.975
2032.402
2032.83
2033.426
2034.022
2034.618
2035.214
2035.81
2036.065
2036.32
2036.575
2036.83
2037.085
2037.34
2037.595
2037.85
2038.105
2038.36
2038.615
2038.87
2039.13
2039.608
2040.086
2040.564
2041.042
2041.52
2041.998
2042.476
2042.954
2043.43
2043.812
2044.194
2044.576
2044.958
2045.34
2045.574
2045.808
2046.042
2046.276
2046.51
2046.744
2046.978
2047.212
2047.45
2047.891
2048.332
2048.773
2049.214
2049.655
2050.096
2050.537
2050.978
2051.419
2051.86
2052.3
2052.57
2052.84
2053.11
2053.38
2053.65
2053.92
2054.19
2054.514
2054.838
2055.162
2055.486
2055.81
2056.134
2056.458
2056.782
2057.106
2057.428
2057.621
2057.814
2058.007
2058.2
2058.393
2058.586
2058.779
2058.969
2059.383
2059.797
2060.211
2060.625
2061.039
2061.453
2061.867
2062.281
2062.695
2063.11
2063.557
2064.004
2064.451
2064.898
2065.345
2065.79
2065.982
2066.174
2066.366
2066.558
2066.75
2066.942
2067.134
2067.326
2067.52
2067.72
2067.92
2068.12
2068.32
2068.52
2068.719
2068.965
2069.211
2069.457
2069.703
2069.949
2070.195
2070.441
2070.687
2070.933
2071.179
2071.42
2071.679
2071.938
2072.197
2072.456
2072.715
2072.974
2073.233
2073.489
2073.932
2074.375
2074.818
2075.261
2075.704
2076.147
2076.59
2077.033
2078.899
2080.765
2082.63
2082.963
2083.296
2083.629
2083.962
2084.295
2084.628
2084.961
2085.294
2085.627
2085.96
2086.312
2086.664
2087.016
2087.368
2087.72
2088.07
2088.67
2089.27
2089.87
2090.47
2091.07
2091.67
2092.27
2092.87
2093.47
2094.07
2094.67
2095.637
2098.592
2099.3
2100.25
2101.2
2102.15
2103.1
2103.568
2104.035
2104.502
2104.97
2105.434
2105.898
2106.362
2106.826
2107.29
2107.754
2108.22
2108.484
2108.748
2109.012
2109.276
2109.54
2109.804
2110.068
2110.332
2110.596
2111.043
2111.49
2111.937
2112.384
2112.831
2113.278
2113.725
2114.172
2114.619
2115.07
2115.41
2115.75
2116.67
2117.59
2118.51
2119.43
2120.04
2120.65
2121.26
2121.87
2122.48
2122.778
2123.076
2123.374
2123.672
2123.97
2124.268
2124.566
2124.864
2125.16
2125.66
2126.16
2126.66
2127.16
2127.66
2128.16
2128.66
2129.16
2129.421
2129.682
2129.943
2130.204
2130.465
2130.726
2130.987
2131.248
2131.51
2131.864
2132.218
2132.572
2132.926
2133.28
2133.634
2133.988
2134.34
2134.811
2135.282
2135.753
2136.224
2136.695
2137.166
2137.64
2138.3
2138.96
2139.62
2140.28
2140.94
2141.6
2142.26
2142.691
2143.122
2143.553
2143.984
2144.415
2144.846
2145.28
2145.691
2146.102
2146.513
2146.924
2147.335
2147.746
2148.157
2148.568
2148.979
2149.39
2149.8
2150.065
2150.33
2150.595
2150.86
2151.125
2151.39
2152.062
2152.735
2153.408
2154.08
2154.454
2154.828
2155.202
2155.576
2155.95
2156.582
2156.783
2156.984
2157.185
2157.386
2157.587
2157.79
2158.182
2158.574
2158.966
2159.358
2159.75
2160.14
2160.517
2160.894
2161.271
2161.65
2161.834
2162.018
2162.202
2162.386
2162.57
2162.754
2162.938
2163.122
2163.31
2163.777
2164.244
2164.711
2165.178
2165.645
2166.112
2166.579
2167.046
2167.513
2167.98
2168.447
2168.91
2169.421
2169.932
2170.443
2170.956
2171.506
2172.055
2172.604
2173.153
2173.702
2174.253
2174.836
2175.336
2176.438
2177.54
2178.642
2179.744
2180.846
2181.948
2183.05
2184.154
2184.943
2185.732
2186.521
2187.31
2188.099
2188.888
2189.677
2190.466
2191.255
2192.044
2192.832
2193.616
2196.143
2198.67
2201.197
2203.724
2204.39
2204.865
2205.34
2205.815
2206.29
2206.767
2206.947
2207.128
2207.309
2207.49
2207.67
2207.85
2208.391
2208.932
2209.473
2210.014
2210.556
2210.718
2210.88
2211.042
2211.204
2211.366
2211.528
2211.69
2211.852
2212.014
2212.18
2212.36
2212.54
2212.72
2212.9
2213.08
2213.26
2213.44
2213.62
2213.8
2214.13
2214.46
2214.79
2215.12
2215.45
2215.78
2216.042
2216.304
2216.566
2216.828
2217.09
2217.352
2217.614
2217.876
2218.138
2218.4
2218.662
2218.924
2219.18
2219.546
2219.912
2220.278
2220.644
2221.01
2221.376
2221.742
2222.108
2222.474
2222.84
2223.206
2223.572
2223.94
2224.426
2224.912
2225.398
2225.884
2226.37
2226.856
2227.34
2227.92
2228.5
2229.08
2229.66
2230.24
2230.82
2231.103
2231.386
2231.669
2231.952
2232.235
2232.518
2232.8
2233.061
2233.322
2233.583
2233.844
2234.105
2234.366
2234.627
2234.89
2235.151
2235.412
2235.673
2235.934
2236.195
2236.456
2236.717
2236.98
2237.236
2237.492
2237.748
2238.004
2238.26
2238.516
2238.77
2239.03
2239.29
2239.55
2239.81
2240.07
2240.33
2240.59
2240.85
2241.11
2241.37
2241.871
2242.372
2242.873
2243.374
2243.875
2244.376
2244.88
2245.395
2245.91
2246.425
2246.94
2247.455
2247.97
2248.485
2249.0
2249.515
2250.026
2250.255
2250.484
2250.713
2250.942
2251.171
2251.4
2251.602
2251.804
2252.006
2252.208
2252.41
2252.612
2252.816
2253.016
2253.216
2253.416
2253.616
2253.816
2254.016
2254.216
2254.416
2254.62
2254.967
2255.314
2255.661
2256.008
2256.355
2256.702
2257.049
2257.396
2257.743
2258.09
2258.466
2258.842
2259.218
2259.594
2259.97
2260.346
2260.722
2261.1
2261.62
2262.14
2262.66
2263.18
2263.7
2264.22
2264.74
2265.26
2265.78
2266.115
2266.45
2266.785
2267.12
2267.455
2267.79
2268.125
2268.46
2269.024
2269.588
2270.152
2270.716
2271.28
2271.545
2271.81
2272.075
2272.34
2272.605
2272.87
2273.135
2273.4
2273.778
2274.156
2274.534
2274.912
2275.29
2275.668
2276.046
2276.424
2276.802
2277.18
2277.572
2277.965
2278.358
2278.751
2279.144
2279.536
2279.928
2280.32
2280.641
2280.962
2281.283
2281.604
2281.925
2282.246
2282.57
2282.833
2283.096
2283.359
2283.622
2283.885
2284.148
2284.411
2284.674
2284.94
2285.24
2285.54
2285.84
2286.14
2286.44
2286.74
2287.194
2287.648
2288.102
2288.556
2289.01
2289.464
2289.918
2290.372
2290.826
2291.28
2291.734
2292.19
2292.607
2293.024
2293.44
2293.873
2294.306
2294.739
2295.172
2295.605
2296.038
2296.47
2297.055
2297.64
2298.225
2298.81
2299.395
2299.98
2300.211
2300.442
2300.673
2300.904
2301.135
2301.366
2301.597
2301.828
2302.059
2302.29
2303.2
2304.11
2304.337
2304.564
2304.791
2305.018
2305.245
2305.472
2305.699
2305.926
2306.153
2306.38
2306.607
2306.83
2307.123
2307.416
2307.709
2308.002
2308.295
2308.588
2308.881
2309.174
2309.467
2309.76
2310.05
2310.534
2311.018
2311.502
2311.986
2312.47
2312.954
2313.438
2313.922
2314.406
2314.89
2315.37
2316.003
2316.636
2317.269
2317.901
2318.534
2319.167
2319.8
2320.43
2320.721
2321.012
2321.303
2321.594
2321.885
2322.176
2322.467
2322.758
2323.05
2323.41
2323.77
2324.13
2324.49
2324.85
2325.21
2325.545
2325.88
2326.215
2326.55
2326.885
2327.22
2327.555
2327.89
2328.177
2328.464
2328.751
2329.038
2329.325
2329.612
2329.899
2330.186
2330.473
2330.76
2331.129
2331.498
2331.867
2332.236
2332.605
2332.974
2333.34
2333.899
2334.458
2335.017
2335.576
2336.135
2336.694
2337.25
2337.553
2337.856
2338.159
2338.462
2338.765
2339.068
2339.371
2339.674
2339.977
2340.28
2340.634
2340.988
2341.342
2341.696
2342.05
2342.404
2342.76
2342.928
2343.096
2343.264
2343.432
2343.6
2343.768
2343.936
2344.104
2344.272
2344.44
2344.608
2344.776
2344.944
2345.11
2346.788
2348.466
2350.144
2351.822
2353.499
2355.176
2356.854
2358.53
2360.538
2362.546
2364.553
2366.561
2368.569
2370.577
2372.585
2374.59
2376.644
2378.698
2380.752
2382.806
2384.86
2386.914
2388.968
2391.02
2393.086
2395.152
2397.218
2399.284
2401.35
2403.416
2405.48
2406.2
2406.92
2407.64
2408.36
2409.08
2409.328
2409.576
2409.824
2410.072
2410.32
2410.57
2411.222
2411.874
2412.526
2413.178
2413.83
2414.482
2415.134
2415.786
2416.438
2417.09
2417.387
2417.684
2417.981
2418.278
2418.575
2418.87
2419.158
2419.446
2419.734
2420.022
2420.31
2420.598
2420.886
2421.174
2421.462
2421.75
2422.038
2422.326
2422.522
2422.718
2422.914
2423.11
2423.306
2423.502
2423.7
2423.996
2424.293
2424.59
2424.887
2425.184
2425.479
2425.65
2425.821
2425.992
2426.163
2426.334
2426.505
2426.676
2426.847
2427.02
2427.408
2427.796
2428.184
2428.572
2428.96
2429.348
2429.736
2430.124
2430.512
2430.9
2431.288
2431.676
2432.07
2433.633
2435.196
2436.76
2437.587
2438.414
2439.241
2440.068
2440.895
2441.722
2442.549
2443.376
2444.203
2445.03
2445.86
2446.566
2447.272
2447.978
2448.684
2449.39
2449.855
2450.32
2450.785
2451.25
2451.715
2452.18
2452.645
2453.11
2453.575
2454.04
2454.5
2455.046
2455.592
2456.138
2456.684
2457.23
2457.439
2457.648
2457.857
2458.066
2458.275
2458.484
2458.693
2458.902
2459.111
2459.32
2459.53
2459.843
2460.156
2460.469
2460.782
2461.095
2461.408
2461.721
2462.034
2462.347
2462.66
2462.973
2463.286
2463.599
2463.91
2464.347
2464.784
2465.221
2465.658
2466.095
2466.53
2466.97
2467.41
2467.85
2468.29
2468.73
2469.17
2469.61
2470.05
2470.49
2471.762
2473.035
2474.307
2475.579
2476.852
2478.124
2479.396
2480.67
2481.97
2483.27
2484.57
2485.87
2487.17
2488.47
2489.77
2491.07
2492.37
2493.67
2494.97
2495.404
2495.838
2496.272
2496.706
2497.14
2497.574
2498.008
2498.442
2498.876
2499.31
2499.744
2500.18
2500.681
2501.182
2501.683
2502.184
2502.685
2503.186
2503.687
2504.19
2504.385
2504.58
2504.775
2504.97
2505.165
2505.36
2505.555
2505.75
2505.945
2506.14
2506.34
2506.632
2506.924
2507.216
2507.509
2507.663
2507.817
2507.971
2508.125
2508.279
2508.433
2508.587
2508.741
2508.895
2509.05
2509.272
2509.494
2509.716
2509.938
2510.16
2510.382
2510.604
2510.826
2511.05
2511.407
2511.764
2512.121
2512.478
2512.835
2513.19
2513.497
2513.804
2514.111
2514.418
2514.725
2515.032
2515.339
2515.646
2515.953
2516.26
2516.57
2516.811
2517.052
2517.293
2517.534
2517.775
2518.016
2518.257
2518.498
2518.74
2519.072
2519.405
2519.738
2520.07
2520.267
2520.464
2520.661
2520.858
2521.055
2521.252
2521.449
2521.646
2521.843
2522.04
2522.338
2522.636
2522.934
2523.232
2523.53
2523.83
2524.058
2524.286
2524.514
2524.742
2524.97
2525.603
2526.236
2526.869
2527.502
2528.135
2528.768
2529.401
2530.034
2530.667
2531.3
2531.933
2532.566
2533.199
2533.832
2534.47
2535.713
2536.956
2538.199
2539.442
2540.685
2541.928
2543.17
2543.613
2544.055
2544.497
2544.939
2545.381
2545.823
2546.265
2546.71
2547.28
2547.85
2548.42
2548.99
2549.56
2550.13
2550.7
2551.27
2551.84
2552.225
2552.61
2552.995
2553.38
2553.765
2554.15
2554.459
2554.768
2555.077
2555.386
2555.695
2556.004
2556.313
2556.622
2556.931
2557.24
2557.55
2557.864
2558.178
2558.492
2558.806
2559.12
2559.434
2559.748
2560.062
2560.376
2560.69
2561.0
2561.564
2562.128
2562.692
2563.256
2563.82
2564.384
2564.948
2565.512
2566.076
2566.64
2567.204
2567.768
2568.332
2568.9
2569.159
2569.418
2569.677
2569.936
2570.195
2570.451
2570.665
2570.879
2571.093
2571.307
2571.521
2571.735
2571.95
2572.212
2572.474
2572.736
2572.998
2573.26
2573.522
2573.784
2574.046
2574.308
2574.57
2574.83
2575.752
2576.674
2577.596
2578.518
2579.44
2580.362
2581.284
2582.206
2583.128
2584.05
2584.97
2585.327
2585.684
2586.041
2586.398
2586.755
2587.112
2587.469
2587.826
2588.183
2588.54
2588.897
2589.254
2589.611
2589.97
2590.64
2591.31
2591.98
2592.65
2593.32
2593.99
2594.66
2595.33
2596.0
2596.67
2597.34
2597.788
2598.235
2598.682
2599.13
2599.578
2600.025
2600.472
2600.92
2601.397
2601.874
2602.351
2602.828
2603.305
2603.782
2604.259
2604.736
2605.213
2605.69
2606.192
2606.694
2607.196
2607.698
2608.2
2608.7
2608.891
2609.082
2609.273
2609.464
2609.655
2609.846
2610.037
2610.228
2610.42
2611.053
2611.686
2612.319
2612.952
2613.585
2614.218
2614.851
2615.484
2616.117
2616.75
2617.38
2617.76
2618.14
2618.52
2618.9
2619.28
2619.66
2620.04
2620.42
2620.8
2621.18
2621.56
2621.94
2622.32
2622.7
2623.08
2623.536
2623.992
2624.448
2624.904
2625.36
2625.816
2626.272
2626.728
2627.184
2627.64
2628.1
2628.793
2629.486
2630.178
2630.87
2632.85
2633.67
2634.49
2635.31
2636.13
2636.95
2639.81
2641.45
2643.09
2644.73
2645.513
2646.296
2647.079
2647.862
2648.645
2649.428
2650.211
2650.994
2651.91
2653.81
2654.157
2654.505
2654.852
2655.199
2655.546
2655.893
2656.24
2656.587
2656.934
2657.282
2657.63
2657.98
2658.684
2659.388
2660.092
2660.796
2661.5
2662.204
2662.44
2662.676
2662.912
2663.148
2663.384
2663.62
2664.178
2664.736
2665.294
2665.852
2666.41
2666.968
2667.526
2668.084
2668.642
2669.2
2669.663
2670.126
2670.376
2670.626
2673.091
2673.338
2673.585
2673.832
2674.079
2674.326
2674.573
2674.82
2675.067
2675.314
2675.56
2675.904
2676.248
2676.592
2676.936
2677.28
2677.624
2677.968
2678.31
2678.532
2678.755
2678.977
2679.199
2679.421
2679.643
2679.865
2680.087
2680.309
2680.532
2680.755
2680.98
2681.168
2681.356
2681.544
2681.731
2681.919
2682.106
2682.294
2682.481
2682.669
2682.856
2683.044
2683.23
2683.478
2683.726
2683.974
2684.222
2684.47
2684.729
2684.988
2685.247
2685.506
2685.765
2686.024
2686.28
2686.571
2686.862
2687.153
2687.444
2687.735
2688.026
2688.317
2688.608
2688.899
2689.19
2689.48
2689.802
2690.124
2690.446
2690.768
2691.09
2691.412
2691.734
2692.056
2692.378
2692.7
2693.112
2693.524
2693.936
2694.348
2694.76
2695.17
2695.504
2695.838
2696.172
2696.506
2696.84
2697.174
2697.508
2697.842
2698.176
2698.51
2698.844
2699.18
2699.464
2699.748
2700.032
2700.316
2700.6
2700.884
2701.168
2701.452
2701.74
2702.312
2702.884
2703.456
2704.028
2704.6
2704.841
2705.082
2705.323
2705.564
2705.805
2706.046
2706.287
2706.528
2706.769
2707.006
2707.178
2707.35
2707.522
2707.694
2707.866
2708.038
2708.21
2708.38
2708.615
2708.85
2709.085
2709.32
2709.555
2709.79
2710.025
2710.26
2710.495
2710.73
2710.965
2711.2
2711.44
2712.355
2713.27
2714.185
2715.1
2716.015
2716.93
2717.78
2718.63
2719.48
2720.33
2721.18
2722.03
2722.299
2722.568
2722.837
2723.106
2723.375
2723.55
2723.725
2723.9
2724.075
2724.25
2724.686
2725.122
2725.558
2725.994
2726.43
2726.664
2726.898
2727.132
2727.366
2727.6
2727.834
2728.068
2728.3
2728.631
2728.962
2729.293
2729.624
2729.955
2730.286
2730.617
2730.948
2731.279
2731.61
2731.941
2732.27
2732.592
2732.914
2733.236
2733.56
2733.881
2734.202
2734.523
2734.844
2735.165
2735.486
2735.81
2736.068
2736.326
2736.584
2736.842
2737.1
2737.358
2737.616
2737.874
2738.132
2738.39
2738.648
2738.906
2739.16
2739.508
2739.856
2740.204
2740.552
2740.9
2741.248
2741.596
2741.944
2742.292
2742.64
2742.988
2743.34
2743.637
2743.934
2744.231
2744.528
2744.825
2745.122
2745.419
2745.716
2746.013
2746.31
2746.701
2747.092
2747.483
2747.874
2748.265
2748.656
2749.05
2749.305
2749.56
2749.815
2750.07
2750.325
2750.58
2750.835
2751.09
2751.345
2751.6
2751.855
2752.11
2752.37
2752.902
2753.434
2753.966
2754.498
2755.03
2755.917
2756.804
2757.69
2758.069
2758.448
2758.827
2759.206
2759.585
2759.964
2760.343
2760.722
2761.1
2761.384
2761.668
2761.952
2762.236
2762.52
2762.894
2763.268
2763.642
2764.016
2764.39
2764.764
2765.138
2765.512
2765.89
2766.517
2767.144
2767.77
2772.515
2772.89
2773.265
2773.64
2774.125
2774.61
2774.929
2775.248
2775.567
2775.886
2776.205
2776.524
2776.843
2777.162
2777.48
2777.95
2778.42
2778.89
2779.36
2779.83
2780.065
2780.3
2780.535
2780.77
2781.005
2781.24
2781.475
2781.71
2781.945
2782.18
2782.489
2782.798
2783.107
2783.416
2783.725
2784.034
2784.343
2784.652
2784.961
2785.27
2785.58
2785.842
2786.104
2786.366
2786.628
2786.89
2787.152
2787.414
2787.68
2787.959
2788.238
2788.517
2788.796
2789.075
2789.354
2789.633
2789.912
2790.191
2790.47
2790.85
2791.23
2791.61
2791.99
2792.37
2792.75
2793.13
2793.51
2794.323
2795.136
2795.95
2796.432
2796.914
2797.396
2797.878
2798.36
2798.842
2799.324
2799.806
2800.288
2800.77
2801.252
2801.734
2802.216
2802.698
2803.18
2803.662
2804.149
2804.32
2804.491
2804.662
2804.833
2805.004
2805.175
2805.346
2805.517
2805.69
2805.949
2806.208
2806.467
2806.726
2806.985
2807.244
2807.503
2807.762
2808.021
2808.28
2808.539
2808.798
2809.06
2809.4
2809.74
2810.08
2810.42
2810.76
2811.1
2811.44
2811.78
2812.12
2812.46
2812.8
2813.052
2813.304
2813.556
2813.808
2814.06
2814.312
2814.564
2814.816
2815.068
2815.32
2815.995
2816.67
2817.345
2818.02
2818.695
2819.37
2820.045
2820.72
2821.395
2822.07
2822.745
2823.42
2824.095
2824.77
2825.44
2825.892
2826.344
2826.796
2827.248
2827.7
2828.152
2828.604
2829.06
2829.483
2829.906
2830.329
2830.75
2831.062
2831.374
2831.686
2831.999
2832.311
2832.624
2832.936
2833.25
2833.774
2834.298
2834.822
2835.346
2835.87
2836.394
2836.918
2837.442
2837.966
2838.49
2839.03
2839.57
2840.11
2841.74
2841.977
2842.214
2842.451
2842.688
2842.925
2843.16
2843.533
2843.906
2844.279
2844.652
2845.025
2845.398
2845.771
2846.144
2846.52
2846.938
2847.356
2847.774
2848.192
2848.61
2848.868
2849.126
2849.384
2849.642
2849.899
2850.157
2850.415
2850.67
2850.947
2851.224
2851.501
2851.778
2852.055
2852.332
2852.609
2852.886
2853.16
2853.489
2853.818
2854.147
2854.476
2854.805
2855.134
2855.463
2855.792
2856.12
2856.535
2856.95
2857.365
2857.78
2858.038
2858.296
2858.554
2858.812
2859.07
2859.328
2859.586
2859.844
2860.102
2860.36
2860.62
2860.852
2861.084
2861.316
2861.548
2861.78
2862.012
2862.244
2862.476
2862.708
2862.94
2863.172
2863.404
2863.64
2864.084
2864.528
2864.972
2865.416
2865.86
2866.304
2866.748
2867.192
2867.64
2867.902
2868.164
2868.426
2868.688
2868.95
2869.21
2869.619
2870.028
2870.437
2870.846
2871.255
2871.664
2872.073
2872.482
2872.891
2873.3
2873.522
2873.744
2873.966
2874.188
2874.41
2874.632
2874.854
2875.076
2875.298
2875.52
2875.74
2876.376
2877.012
2877.648
2878.284
2878.92
2879.556
2880.192
2880.828
2881.46
2881.931
2882.402
2882.873
2883.344
2883.815
2884.286
2884.757
2885.23
2885.432
2885.634
2885.836
2886.038
2886.24
2886.442
2886.644
2886.85
2887.349
2887.848
2888.347
2888.846
2889.345
2889.844
2890.343
2890.84
2891.32
2891.8
2892.28
2892.76
2893.24
2893.72
2894.2
2894.68
2895.16
2895.64
2896.12
2896.378
2896.636
2896.894
2897.151
2897.409
2897.667
2897.925
2898.18
2898.534
2898.888
2899.242
2899.596
2899.95
2900.413
2900.876
2901.339
2901.802
2902.265
2902.728
2903.191
2903.654
2904.117
2904.58
2905.04
2906.78
2908.52
2910.26
2912.0
2912.856
2913.712
2914.568
2915.424
2916.28
2917.136
2917.99
2918.42
2918.85
2919.28
2919.71
2920.14
2920.57
2921.0
2921.43
2921.808
2922.186
2922.564
2922.942
2923.32
2923.698
2924.076
2924.454
2924.832
2925.21
2925.813
2926.416
2927.019
2927.622
2928.225
2928.828
2929.43
2930.321
2931.212
2932.103
2932.994
2933.885
2934.776
2935.667
2936.555
2936.751
2936.947
2937.143
2937.339
2937.535
2937.731
2937.93
2938.632
2939.334
2940.036
2940.74
2941.757
2942.774
2943.791
2944.808
2945.825
2946.842
2947.859
2948.876
2949.893
2950.91
2951.93
2952.168
2952.406
2952.644
2952.882
2953.12
2953.341
2953.562
2953.783
2954.004
2954.225
2954.446
2954.667
2954.888
2955.11
2955.632
2956.154
2956.676
2957.198
2957.72
2958.487
2959.255
2960.023
2960.791
2961.559
2962.327
2963.095
2963.86
2965.11
2966.36
2967.61
2968.86
2970.11
2970.6
2971.09
2971.58
2972.07
2972.56
2973.05
2973.54
2974.03
2974.52
2975.04
2975.56
2976.08
2976.6
2977.12
2977.64
2978.546
2979.452
2980.358
2981.264
2982.17
2983.076
2983.982
2984.888
2985.794
2986.7
2987.61
2988.114
2988.618
2989.122
2989.626
2990.13
2990.634
2991.138
2991.64
2992.827
2994.014
2995.201
2996.388
2997.575
2998.76
2999.015
2999.27
2999.525
2999.78
3000.035
3000.29
3000.545
3000.8
3001.055
3001.31
3001.56
3002.275
3002.99
3003.705
3004.42
3005.135
3005.85
3006.565
3007.28
3007.995
3008.71
3009.425
3010.14
3010.86
3011.19
3011.52
3011.85
3012.18
3012.715
3013.25
3013.785
3014.32
3014.855
3015.39
3015.925
3016.46
3016.995
3017.53
3017.847
3018.164
3018.481
3018.798
3019.115
3019.43
3019.755
3020.08
3020.405
3020.73
3021.055
3021.38
3021.705
3022.03
3022.355
3022.68
3023.002
3023.324
3023.646
3023.968
3024.29
3024.612
3024.934
3025.256
3025.58
3026.105
3026.63
3027.155
3027.68
3028.205
3028.73
3029.255
3029.78
3030.02
3030.26
3030.5
3030.74
3030.98
3031.22
3031.46
3031.7
3031.94
3032.18
3032.42
3032.66
3032.914
3033.168
3033.422
3033.676
3033.93
3034.184
3034.438
3034.692
3034.946
3035.2
3035.45
3035.73
3036.01
3036.29
3036.57
3036.85
3037.13
3037.41
3037.941
3038.472
3039.003
3039.534
3040.065
3040.596
3041.127
3041.658
3042.189
3042.72
3043.18
3043.64
3044.1
3044.56
3045.02
3045.393
3045.766
3046.139
3046.512
3046.885
3047.258
3047.63
3048.294
3048.958
3049.622
3050.286
3050.95
3051.614
3052.278
3052.942
3053.606
3054.27
3054.934
3055.598
3056.262
3056.92
3057.144
3057.368
3057.592
3057.816
3058.04
3058.264
3058.488
3058.712
3058.936
3059.16
3059.384
3059.608
3059.83
3060.124
3060.418
3060.712
3061.006
3061.3
3061.594
3061.888
3062.182
3062.48
3063.042
3063.604
3064.166
3064.728
3065.29
3065.852
3066.414
3066.976
3067.54
3067.921
3068.302
3068.683
3069.064
3069.445
3069.826
3070.207
3070.588
3070.969
3071.35
3071.731
3072.11
3072.304
3072.498
3072.692
3072.886
3073.08
3073.274
3073.468
3073.662
3073.856
3074.05
3074.24
3074.489
3074.738
3074.987
3075.236
3075.485
3075.734
3075.983
3076.232
3076.481
3076.73
3076.979
3077.228
3077.477
3077.73
3077.954
3078.178
3078.402
3078.626
3078.85
3079.074
3079.298
3079.522
3079.746
3079.97
3080.237
3080.504
3080.771
3081.038
3081.305
3081.57
3081.849
3082.128
3082.407
3082.686
3082.965
3083.244
3083.523
3083.802
3084.08
3084.4
3084.72
3085.04
3085.36
3085.68
3086.0
3086.32
3086.64
3086.96
3087.28
3087.6
3087.92
3088.24
3088.53
3088.82
3089.11
3089.4
3089.69
3089.891
3090.092
3090.293
3090.494
3090.695
3090.896
3091.097
3091.298
3091.499
3091.7
3091.901
3092.102
3092.3
3092.528
3092.755
3092.983
3093.211
3093.438
3093.666
3093.894
3094.12
3094.522
3094.924
3095.326
3095.728
3096.13
3096.532
3096.934
3097.336
3097.738
3098.14
3098.398
3098.656
3098.914
3099.172
3099.43
3099.688
3099.946
3100.204
3100.462
3100.72
3100.978
3101.24
3101.495
3101.75
3102.005
3102.26
3102.515
3102.77
3103.025
3103.28
3103.535
3103.79
3104.04
3104.572
3105.104
3105.636
3106.168
3106.7
3107.23
3107.72
3108.21
3108.7
3109.19
3109.68
3110.17
3110.468
3110.766
3111.064
3111.362
3111.66
3111.958
3112.256
3112.554
3112.852
3113.15
3113.445
3113.74
3114.035
3114.33
3114.625
3114.92
3115.693
3116.466
3117.239
3118.012
3118.785
3119.558
3120.331
3121.104
3121.88
3122.455
3123.03
3123.605
3124.18
3124.755
3125.33
3125.93
3126.53
3127.13
3127.73
3128.33
3128.93
3129.53
3130.13
3130.73
3131.256
3131.782
3132.308
3132.834
3133.36
3133.92
3134.48
3135.04
3135.6
3136.16
3136.72
3137.28
3137.84
3138.4
3138.74
3139.08
3139.42
3139.76
3140.1
3140.44
3140.78
3141.12
3141.323
3141.526
3141.729
3141.932
3142.135
3142.338
3142.541
3142.744
3142.95
3143.243
3143.536
3143.829
3144.122
3144.415
3144.708
3145.001
3145.294
3145.59
3146.013
3146.436
3146.859
3147.282
3147.705
3148.128
3148.551
3148.97
3149.257
3149.544
3149.831
3150.118
3150.405
3150.69
3150.69
3150.69
3150.69
