61.35
62.751
64.152
65.553
66.954
68.355
69.756
71.157
72.558
73.959
75.36
75.591
75.822
76.053
76.284
76.515
76.746
76.977
77.208
77.439
77.67
77.901
78.132
78.363
78.594
78.825
79.056
79.29
79.627
79.964
80.301
80.638
80.975
81.312
81.649
81.986
82.323
82.66
82.997
83.334
83.671
84.008
84.345
84.682
85.019
85.35
85.652
85.954
86.256
86.558
86.86
87.162
87.464
87.766
88.068
88.37
88.672
88.974
89.276
89.578
89.88
90.182
90.484
90.789
91.837
92.885
93.933
94.979
95.282
95.585
95.888
96.191
96.494
96.797
97.1
97.403
97.706
98.009
98.312
98.615
98.918
99.221
99.524
99.827
100.13
100.433
100.74
101.035
101.33
101.625
101.92
102.215
102.51
102.805
103.1
103.395
103.69
103.985
104.28
104.575
104.87
105.165
105.46
105.75
106.436
107.122
107.808
108.494
109.18
109.47
109.76
110.05
110.34
110.63
110.92
111.21
111.5
111.79
112.08
112.37
112.66
112.95
113.24
113.53
113.945
114.36
114.775
115.19
115.605
116.02
116.435
116.85
117.265
117.68
118.095
118.51
118.925
119.34
119.755
120.17
120.585
121.0
121.467
121.934
122.401
122.868
123.335
123.802
124.269
124.736
125.203
125.67
126.137
126.604
127.071
127.538
128.005
128.47
129.042
129.614
130.186
130.758
131.331
131.903
132.475
133.05
133.425
133.8
134.175
134.55
134.925
135.3
135.675
136.05
136.425
136.8
137.175
137.55
137.925
138.3
138.675
139.05
139.43
139.801
140.172
140.543
140.914
141.285
141.656
142.027
142.398
142.769
143.14
143.511
143.882
144.253
144.624
144.995
145.366
145.73
146.041
146.352
146.663
146.974
147.285
147.596
147.907
148.218
148.529
148.84
149.151
149.462
149.773
150.084
150.395
150.7
151.193
151.686
152.179
152.672
153.165
153.658
154.151
154.644
155.137
155.63
156.123
156.616
157.109
157.602
158.095
158.588
159.081
159.574
160.067
160.56
161.049
161.519
161.989
162.459
162.929
163.399
163.869
164.339
164.809
165.279
165.749
166.219
166.689
167.159
167.629
168.099
168.569
169.038
169.5
169.939
170.378
170.817
171.256
171.695
172.134
172.573
173.012
173.451
173.89
174.329
174.768
175.207
175.646
176.085
176.524
176.963
177.4
177.664
177.928
178.192
178.456
178.72
178.984
179.248
179.512
179.776
180.04
180.304
180.568
180.832
181.096
181.36
181.624
181.89
183.53
185.17
185.698
186.226
186.754
187.282
187.81
188.338
188.866
189.394
189.922
190.45
190.978
191.506
192.034
192.562
193.09
193.618
194.146
194.669
195.292
195.915
196.538
197.161
197.784
198.407
199.03
199.653
200.276
200.899
201.522
202.145
202.768
203.391
204.014
204.637
205.261
205.849
206.437
207.025
207.613
208.201
208.789
209.377
209.965
210.553
211.141
211.729
212.317
212.905
213.493
214.081
214.669
215.25
215.478
215.706
215.934
216.162
216.39
216.618
216.846
217.074
217.302
217.53
217.758
217.986
218.214
218.442
218.67
218.898
219.13
219.778
220.426
221.074
221.722
222.37
223.018
223.666
224.314
224.962
225.61
226.26
226.776
227.292
227.808
228.324
228.84
229.356
229.872
230.388
230.904
231.42
231.936
232.452
232.968
233.484
234.0
234.516
235.04
235.296
235.552
235.808
236.064
236.32
236.576
236.832
237.088
237.344
237.6
237.856
238.112
238.368
238.624
238.88
239.136
239.392
239.639
239.914
240.189
240.464
240.739
241.014
241.289
241.564
241.839
242.114
242.389
242.664
242.939
243.214
243.489
243.764
244.039
244.314
244.589
244.86
245.188
245.516
245.844
246.172
246.5
246.828
247.156
247.484
247.812
248.14
248.468
248.796
249.124
249.452
249.78
250.108
250.44
250.94
251.44
251.94
252.44
252.94
253.44
253.94
254.44
254.94
255.44
255.94
256.44
256.94
257.44
257.94
258.44
258.94
259.44
259.949
260.189
260.429
260.669
260.909
261.149
261.389
261.629
261.869
262.109
262.349
262.589
262.829
263.069
263.309
263.549
263.789
264.029
264.269
264.509
264.74
265.254
265.768
266.282
266.796
267.31
267.824
268.338
268.852
269.366
269.88
270.394
270.908
271.422
271.936
272.45
272.964
273.48
273.876
274.272
274.668
275.064
275.46
275.856
276.252
276.648
277.044
277.44
277.836
278.232
278.628
279.024
279.42
279.816
280.22
280.714
281.208
281.702
282.196
282.69
283.184
283.678
284.172
284.666
285.16
285.654
286.148
286.642
287.136
287.63
288.124
288.618
289.12
290.12
290.499
290.878
291.257
291.636
292.015
292.394
292.773
293.152
293.531
293.91
294.289
294.668
295.047
295.426
295.805
296.184
296.563
296.942
297.33
297.706
298.082
298.458
298.834
299.21
299.586
299.962
300.338
300.714
301.09
301.466
301.842
302.218
302.594
302.97
303.346
303.722
304.1
304.466
304.832
305.198
305.564
305.93
306.296
306.662
307.028
307.394
307.76
308.126
308.492
308.858
309.224
309.59
309.956
310.322
310.688
311.054
311.42
311.789
312.38
312.971
313.562
314.153
314.744
315.335
315.926
316.517
317.108
317.699
318.29
318.881
319.472
320.063
320.66
321.044
321.428
321.812
322.196
322.58
322.964
323.348
323.732
324.116
324.5
324.884
325.268
325.652
326.036
326.42
326.804
327.188
327.572
327.95
328.22
328.49
328.76
329.03
329.3
329.57
329.84
330.11
330.38
330.65
330.92
331.19
331.46
331.73
332.0
332.27
332.54
332.81
333.08
333.708
334.336
334.964
335.592
336.22
336.848
337.476
338.104
338.732
339.36
339.988
340.616
341.244
341.872
342.5
343.128
343.76
344.028
344.296
344.564
344.832
345.1
345.368
345.636
345.904
346.172
346.44
346.708
346.976
347.244
347.512
347.78
348.048
348.32
348.603
348.886
349.169
349.452
349.735
350.018
350.301
350.584
350.867
351.15
351.433
351.716
351.999
352.282
352.565
352.848
353.131
353.414
353.697
353.98
354.387
354.794
355.201
355.608
356.015
356.422
356.829
357.236
357.643
358.05
358.46
358.72
358.98
359.24
359.5
359.76
360.02
360.28
360.54
360.8
361.06
361.32
361.58
361.84
362.1
362.36
362.62
362.88
363.14
363.4
363.66
363.92
364.19
364.489
364.788
365.087
365.386
365.685
365.984
366.283
366.582
366.881
367.18
367.479
367.778
368.077
368.376
368.675
368.974
369.28
369.657
370.034
370.411
370.788
371.165
371.542
371.919
372.296
372.673
373.05
373.427
373.804
374.181
374.558
374.935
375.312
375.69
376.19
376.69
377.19
377.69
378.19
378.69
379.19
379.69
380.19
380.69
381.19
381.69
382.19
382.69
383.19
383.69
384.19
384.69
385.19
385.68
386.201
386.722
387.243
387.764
388.285
388.806
389.327
389.848
390.369
390.89
391.411
391.932
392.453
392.974
393.495
394.016
394.537
395.058
395.579
396.1
396.328
396.556
396.784
397.012
397.24
397.468
397.696
397.924
398.152
398.38
398.608
398.84
400.553
402.266
403.98
404.249
404.518
404.787
405.056
405.325
405.594
405.863
406.132
406.401
406.67
406.939
407.208
407.477
407.746
408.015
408.284
408.553
408.82
408.991
409.162
409.333
409.504
409.675
409.846
410.02
410.306
410.592
410.878
411.164
411.45
411.736
412.022
412.308
412.594
412.88
413.166
413.452
413.738
414.024
414.31
414.596
414.882
415.168
415.45
416.035
416.62
417.205
417.79
418.375
418.96
419.545
420.13
420.715
421.3
421.885
422.47
423.06
423.251
423.442
423.633
423.824
424.015
424.206
424.397
424.588
424.779
424.97
425.161
425.352
425.543
425.734
425.925
426.116
426.3
426.647
426.994
427.341
427.688
428.035
428.382
428.729
429.076
429.423
429.77
430.117
430.464
430.811
431.158
431.505
431.852
432.199
432.55
432.863
433.176
433.489
433.802
434.115
434.428
434.741
435.054
435.367
435.68
435.993
436.306
436.619
436.932
437.245
437.558
437.871
438.184
438.49
438.799
439.108
439.417
439.726
440.035
440.344
440.653
440.96
441.458
441.957
442.455
442.953
443.451
443.95
444.448
444.946
445.445
445.943
446.441
446.939
447.438
447.936
448.434
448.933
449.431
449.929
450.427
450.93
451.315
451.7
452.084
452.469
452.853
453.238
453.623
454.007
454.392
454.776
455.161
455.546
455.93
456.315
456.7
457.084
457.469
457.853
458.238
458.62
459.036
459.452
459.868
460.284
460.7
461.116
461.532
461.948
462.364
462.78
463.196
463.612
464.028
464.444
464.86
465.276
465.69
465.91
466.13
466.35
466.57
466.79
467.01
467.23
467.45
467.642
467.834
468.026
468.218
468.41
468.602
468.794
468.986
469.178
469.37
469.562
469.754
469.946
470.138
470.33
470.522
470.714
470.9
471.197
471.494
471.791
472.088
472.385
472.682
472.979
473.276
473.573
473.87
474.167
474.464
474.761
475.058
475.355
475.652
475.949
476.246
476.543
476.84
477.137
477.44
477.827
478.214
478.601
478.988
479.375
479.762
480.149
480.536
480.923
481.31
481.697
482.084
482.471
482.858
483.245
483.632
484.019
484.4
484.687
484.974
485.261
485.548
485.835
486.12
486.508
486.896
487.284
487.672
488.06
488.448
488.836
489.224
489.612
490.0
490.388
490.776
491.164
491.552
491.94
492.328
492.716
493.104
493.492
493.88
494.26
494.678
495.096
495.514
495.932
496.35
496.768
497.186
497.604
498.022
498.44
498.858
499.276
499.694
500.112
500.53
500.948
501.371
501.837
502.303
502.769
503.235
503.701
504.167
504.633
505.099
505.565
506.031
506.497
506.963
507.429
507.895
508.361
508.827
509.29
509.607
509.924
510.241
510.558
510.875
511.192
511.509
511.826
512.143
512.46
512.777
513.094
513.411
513.728
514.045
514.362
514.679
514.996
515.32
515.651
515.982
516.313
516.644
516.975
517.306
517.637
517.968
518.299
518.63
519.049
519.468
519.887
520.306
520.725
521.144
521.563
521.982
522.401
522.82
523.239
523.658
524.077
524.496
524.915
525.334
525.753
526.172
526.59
527.049
527.508
527.967
528.426
528.885
529.344
529.803
530.262
530.721
531.18
531.639
532.098
532.557
533.016
533.475
533.934
534.393
534.86
535.139
535.418
535.697
535.976
536.255
536.534
536.813
537.092
537.371
537.65
537.929
538.208
538.487
538.766
539.045
539.324
539.603
539.88
540.69
541.5
542.31
543.12
543.446
543.772
544.098
544.424
544.75
545.076
545.402
545.728
546.054
546.38
546.706
547.032
547.358
547.684
548.01
548.339
548.571
548.803
549.035
549.267
549.499
549.731
549.963
550.195
550.427
550.659
550.891
551.123
551.355
551.587
551.819
552.05
552.421
552.792
553.163
553.534
553.905
554.276
554.647
555.018
555.389
555.76
556.13
556.391
556.652
556.913
557.174
557.435
557.696
557.957
558.218
558.479
558.74
559.001
559.262
559.523
559.784
560.045
560.306
560.567
560.82
561.156
561.492
561.828
562.164
562.5
562.836
563.172
563.508
563.844
564.18
564.516
564.852
565.188
565.524
565.86
566.196
566.532
566.868
567.21
567.563
567.916
568.269
568.622
568.975
569.328
569.681
570.034
570.387
570.74
571.093
571.446
571.799
572.152
572.5
572.957
573.414
573.871
574.328
574.785
575.242
575.699
576.156
576.613
577.07
577.527
577.984
578.441
578.898
579.355
579.812
580.269
580.838
581.407
581.976
582.545
583.114
583.683
584.252
584.821
585.39
585.688
585.986
586.284
586.582
586.88
587.178
587.476
587.774
588.072
588.37
588.668
588.966
589.264
589.562
589.86
590.158
590.456
590.754
591.05
591.363
591.676
591.989
592.302
592.615
592.928
593.241
593.554
593.867
594.18
594.493
594.806
595.119
595.432
595.745
596.058
596.369
596.763
597.157
597.551
597.945
598.339
598.733
599.127
599.521
599.915
600.309
600.703
601.097
601.491
601.889
602.14
602.391
602.642
602.893
603.144
603.395
603.646
603.897
604.148
604.399
604.65
604.901
605.152
605.403
605.654
605.905
606.16
606.643
607.126
607.609
608.092
608.575
609.058
609.541
610.024
610.507
610.99
611.473
611.956
612.439
612.922
613.405
613.888
614.371
614.85
615.362
615.874
616.386
616.898
617.41
617.922
618.434
618.946
619.458
619.97
620.482
620.994
621.506
622.019
622.243
622.467
622.691
622.915
623.139
623.46
623.781
624.102
624.423
624.744
625.065
625.386
625.707
626.028
626.349
626.67
626.991
627.312
627.633
627.954
628.275
628.596
628.917
629.238
629.55
629.938
630.326
630.714
631.102
631.49
631.878
632.266
632.654
633.042
633.43
633.818
634.206
634.594
634.982
635.37
635.758
636.146
636.534
636.92
637.135
637.35
637.565
637.78
637.995
638.21
638.425
638.64
638.855
639.07
639.285
639.5
639.715
639.93
640.145
640.361
642.424
644.487
646.55
648.613
650.676
652.74
653.681
654.622
655.563
656.504
657.445
658.386
659.327
660.268
661.209
662.15
663.091
664.032
664.973
665.914
666.855
667.8
668.169
668.538
668.907
669.276
669.645
670.014
670.383
670.752
671.121
671.49
671.859
672.228
672.597
672.966
673.335
673.704
674.079
674.426
674.773
675.12
675.467
675.814
676.161
676.508
676.855
677.202
677.549
677.896
678.243
678.59
678.937
679.284
679.631
679.978
680.325
680.67
681.984
683.298
684.612
685.926
687.24
688.554
689.868
691.182
692.496
693.81
695.124
696.438
697.752
699.066
700.38
701.694
703.008
704.329
705.329
705.886
706.443
707.0
707.557
708.114
708.671
709.228
709.785
710.342
710.899
711.456
712.013
712.57
713.127
713.684
714.241
714.798
715.355
715.912
716.469
717.019
717.655
718.291
718.927
719.563
720.199
720.835
721.471
722.107
722.743
723.379
724.015
724.651
725.287
725.923
726.559
727.19
727.853
728.516
729.179
729.842
730.505
731.168
731.831
732.494
733.157
733.82
734.483
735.146
735.809
736.472
737.135
737.798
738.459
739.123
739.787
740.451
741.115
741.779
742.443
743.107
743.771
744.435
745.099
745.763
746.427
747.091
747.755
748.419
749.083
749.74
750.176
750.612
751.048
751.484
751.92
752.356
752.792
753.228
753.664
754.1
754.536
754.972
755.408
755.844
756.28
756.716
757.152
757.588
758.019
758.29
758.561
758.832
759.103
759.374
759.645
759.916
760.188
760.459
760.73
761.001
761.272
761.543
761.814
762.085
762.356
762.627
762.898
763.169
763.449
763.761
764.073
764.385
764.697
765.009
765.321
765.633
765.945
766.257
766.569
766.881
767.193
767.505
767.817
768.129
768.441
768.753
769.065
769.37
769.825
770.28
770.735
771.19
771.645
772.1
772.555
773.01
773.465
773.92
774.375
774.83
775.285
775.74
776.195
776.65
777.105
777.56
778.015
778.47
778.92
779.219
779.518
779.817
780.116
780.415
780.714
781.013
781.312
781.611
781.91
782.209
782.509
782.822
783.135
783.448
783.761
784.074
784.387
784.7
785.013
785.326
785.639
785.952
786.265
786.578
786.891
787.204
787.517
787.83
788.143
788.459
788.793
789.127
789.461
789.795
790.129
790.463
790.797
791.131
791.465
791.799
792.133
792.467
792.801
793.135
793.469
793.803
794.137
794.47
794.947
795.424
795.901
796.378
796.855
797.332
797.809
798.286
798.763
799.24
799.717
800.194
800.671
801.148
801.625
802.102
802.579
803.056
803.529
804.011
804.493
804.975
805.457
805.94
806.467
806.994
807.521
808.048
808.575
809.102
809.629
810.156
810.683
811.21
811.737
812.264
812.791
813.318
813.845
814.372
814.899
815.426
815.953
816.48
816.802
817.124
817.446
817.768
818.09
818.412
818.734
819.056
819.378
819.7
820.022
820.344
820.666
820.988
821.31
821.632
821.954
822.276
822.598
822.929
823.265
823.601
823.937
824.273
824.609
824.945
825.281
825.617
825.953
826.289
826.625
826.961
827.297
827.633
827.969
828.305
828.641
828.97
829.344
829.718
830.092
830.466
830.84
831.214
831.588
831.962
832.336
832.71
833.084
833.458
833.832
834.206
834.58
834.949
835.949
836.605
837.261
837.917
838.573
839.229
839.885
840.541
841.197
841.853
842.509
843.165
843.821
844.477
845.133
845.789
846.445
847.1
847.394
847.688
847.982
848.276
848.57
848.864
849.158
849.452
849.746
850.04
850.334
850.628
850.922
851.216
851.51
851.804
852.098
852.392
852.686
852.98
853.274
853.568
853.86
854.094
854.328
854.562
854.796
855.03
855.264
855.498
855.732
855.966
856.2
856.434
856.668
856.902
857.136
857.37
857.604
857.838
858.079
858.856
859.633
860.41
861.187
861.964
862.741
863.518
864.295
865.072
865.849
866.626
867.403
868.18
868.986
869.792
870.598
871.404
872.21
873.016
873.822
874.628
875.434
876.24
877.046
877.852
878.658
879.464
880.27
881.069
881.636
882.203
882.77
883.337
883.904
884.471
885.038
885.606
886.173
886.74
887.308
887.875
888.442
889.01
889.577
890.149
890.478
890.807
891.136
891.465
891.794
892.123
892.452
892.781
893.11
893.439
893.768
894.097
894.426
894.755
895.084
895.413
895.742
896.071
896.399
896.886
897.373
897.861
898.348
898.835
899.322
899.809
900.296
900.784
901.271
901.758
902.245
902.732
903.219
903.707
904.199
904.749
905.299
905.849
906.399
906.949
907.499
908.049
908.599
909.149
909.699
910.249
910.799
911.349
911.899
912.449
912.999
913.549
914.099
914.649
915.199
915.749
916.299
916.849
917.389
917.623
917.857
918.091
918.325
918.559
918.793
919.027
919.261
919.495
919.729
919.963
920.197
920.431
920.665
920.899
921.133
921.37
922.093
922.816
923.539
924.262
924.985
925.708
926.431
927.154
927.877
928.6
929.323
930.049
930.354
930.659
930.964
931.269
931.574
931.879
932.184
932.489
932.794
933.1
933.411
933.722
934.033
934.344
934.655
934.966
935.277
935.588
935.899
936.21
936.521
936.832
937.143
937.454
937.765
938.076
938.387
938.698
939.009
939.32
939.639
940.162
940.685
941.208
941.731
942.254
942.777
943.3
943.823
944.346
944.869
945.392
945.915
946.438
946.961
947.484
948.007
948.53
949.049
949.473
949.897
950.321
950.745
951.169
951.593
952.017
952.441
952.865
953.289
953.713
954.137
954.561
954.985
955.409
955.833
956.257
956.681
957.105
957.529
957.949
958.212
958.475
958.738
959.001
959.264
959.527
959.79
960.053
960.316
960.579
960.842
961.105
961.368
961.629
962.16
962.691
963.222
963.753
964.284
964.815
965.346
965.877
966.408
966.939
967.47
968.001
968.532
969.063
969.594
970.125
970.656
971.187
971.709
972.1
972.491
972.882
973.273
973.664
974.055
974.446
974.837
975.228
975.619
976.01
976.401
976.792
977.183
977.579
978.016
978.453
978.89
979.327
979.764
980.201
980.638
981.075
981.512
981.949
982.386
982.823
983.26
983.697
984.134
984.569
985.611
986.653
987.695
988.737
989.779
990.821
991.863
992.905
993.947
994.989
996.031
997.073
998.115
999.16
999.513
999.866
1000.219
1000.572
1000.925
1001.278
1001.631
1001.984
1002.337
1002.69
1003.043
1003.396
1003.749
1004.102
1004.455
1004.808
1005.161
1005.519
1005.921
1006.323
1006.725
1007.127
1007.529
1007.931
1008.333
1008.735
1009.137
1009.539
1009.941
1010.343
1010.745
1011.147
1011.549
1011.951
1012.353
1012.755
1013.149
1013.408
1013.667
1013.926
1014.185
1014.444
1014.703
1014.962
1015.221
1015.48
1015.739
1015.998
1016.257
1016.516
1016.775
1017.034
1017.293
1017.552
1017.809
1018.085
1018.361
1018.637
1018.913
1019.189
1019.465
1019.741
1020.017
1020.293
1020.569
1020.845
1021.121
1021.397
1021.673
1021.949
1022.225
1022.501
1022.779
1023.156
1023.533
1023.91
1024.287
1024.664
1025.041
1025.418
1025.795
1026.17
1026.477
1026.784
1027.091
1027.398
1027.705
1028.012
1028.319
1028.626
1028.933
1029.24
1029.547
1029.854
1030.161
1030.468
1030.775
1031.089
1031.427
1031.765
1032.103
1032.441
1032.779
1033.117
1033.455
1033.793
1034.131
1034.469
1034.807
1035.145
1035.48
1035.922
1036.364
1036.806
1037.248
1037.69
1038.132
1038.574
1039.016
1039.458
1039.9
1040.342
1040.784
1041.226
1041.67
1041.974
1042.278
1042.582
1042.886
1043.19
1043.494
1043.798
1044.102
1044.406
1044.71
1045.014
1045.318
1045.622
1045.926
1046.23
1046.534
1046.83
1047.104
1047.379
1047.653
1047.928
1048.203
1048.477
1048.752
1049.026
1049.301
1049.575
1049.85
1050.124
1050.399
1050.673
1050.947
1051.221
1051.495
1051.769
1052.043
1052.32
1054.163
1056.006
1057.85
1058.427
1059.004
1059.581
1060.158
1060.735
1061.312
1061.889
1062.466
1063.043
1063.62
1064.197
1064.774
1065.351
1065.928
1066.505
1067.082
1067.659
1068.23
1068.651
1069.072
1069.493
1069.914
1070.335
1070.756
1071.177
1071.598
1072.019
1072.44
1072.861
1073.282
1073.703
1074.124
1074.545
1074.966
1075.38
1075.999
1076.618
1077.237
1077.856
1078.475
1079.094
1079.713
1080.332
1080.951
1081.57
1082.189
1082.808
1083.427
1084.046
1084.665
1085.284
1085.903
1086.522
1087.141
1087.761
1088.129
1088.497
1088.865
1089.233
1089.601
1089.969
1090.337
1090.705
1091.073
1091.441
1091.809
1092.177
1092.54
1092.869
1093.198
1093.527
1093.856
1094.185
1094.514
1094.843
1095.172
1095.501
1095.83
1096.159
1096.488
1096.817
1097.146
1097.475
1097.804
1098.133
1098.462
1098.79
1099.371
1099.952
1100.533
1101.114
1101.695
1102.276
1102.857
1103.438
1104.019
1104.6
1105.181
1105.762
1106.343
1106.924
1107.505
1108.086
1108.667
1109.25
1110.08
1110.91
1111.74
1112.57
1113.4
1114.23
1115.06
1115.89
1116.72
1117.549
1117.885
1118.221
1118.557
1118.893
1119.229
1119.565
1119.901
1120.237
1120.573
1120.909
1121.245
1121.581
1121.917
1122.253
1122.589
1122.919
1123.198
1123.477
1123.756
1124.035
1124.314
1124.593
1124.872
1125.151
1125.43
1125.709
1125.99
1126.39
1126.79
1127.19
1127.59
1127.99
1128.39
1128.79
1129.19
1129.59
1129.99
1130.39
1130.79
1131.19
1131.59
1131.99
1132.389
1132.836
1133.284
1133.732
1134.179
1134.627
1135.074
1135.522
1135.969
1136.417
1136.864
1137.312
1137.759
1138.207
1138.655
1139.102
1139.549
1139.888
1140.227
1140.566
1140.905
1141.244
1141.583
1141.922
1142.261
1142.6
1142.939
1143.278
1143.617
1143.96
1144.398
1144.836
1145.274
1145.712
1146.15
1146.588
1147.026
1147.464
1147.902
1148.34
1148.778
1149.216
1149.654
1150.092
1150.53
1150.968
1151.399
1151.798
1152.197
1152.596
1152.995
1153.394
1153.793
1154.192
1154.591
1154.99
1155.389
1155.788
1156.188
1156.588
1156.987
1157.387
1157.786
1158.186
1158.59
1158.845
1159.1
1159.355
1159.61
1159.865
1160.12
1160.375
1160.63
1160.885
1161.14
1161.395
1161.65
1161.905
1162.16
1162.415
1162.67
1162.929
1163.392
1163.855
1164.318
1164.781
1165.244
1165.707
1166.17
1166.633
1167.096
1167.559
1168.022
1168.485
1168.948
1169.411
1169.874
1170.337
1170.8
1171.261
1171.51
1171.759
1172.008
1172.257
1172.506
1172.755
1173.004
1173.253
1173.502
1173.751
1174.0
1174.249
1174.498
1174.747
1174.996
1175.245
1175.494
1175.743
1175.992
1176.25
1176.542
1176.833
1177.125
1177.417
1177.708
1178.0
1178.292
1178.583
1178.875
1179.167
1179.458
1179.75
1180.042
1180.333
1180.625
1180.917
1181.208
1181.5
1181.792
1182.08
1182.473
1182.866
1183.259
1183.652
1184.045
1184.438
1184.831
1185.224
1185.617
1186.01
1186.403
1186.796
1187.189
1187.582
1187.975
1188.368
1188.769
1189.213
1189.657
1190.101
1190.545
1190.989
1191.433
1191.877
1192.321
1192.765
1193.209
1193.653
1194.097
1194.541
1194.985
1195.429
1195.88
1196.335
1196.79
1197.245
1197.7
1198.155
1198.61
1199.065
1199.52
1199.975
1200.43
1200.885
1201.34
1201.795
1202.25
1202.705
1203.16
1203.615
1204.07
1205.07
1205.377
1205.684
1205.991
1206.298
1206.605
1206.912
1207.219
1207.526
1207.833
1208.14
1208.447
1208.754
1209.061
1209.368
1209.675
1209.982
1210.289
1210.796
1211.303
1211.81
1212.317
1212.824
1213.331
1213.838
1214.345
1214.852
1215.359
1215.866
1216.373
1216.88
1217.387
1217.894
1218.401
1218.908
1219.419
1219.842
1220.265
1220.688
1221.111
1221.534
1221.957
1222.38
1222.803
1223.226
1223.649
1224.072
1224.495
1224.918
1225.341
1225.764
1226.19
1226.577
1226.964
1227.351
1227.738
1228.125
1228.512
1228.899
1229.286
1229.673
1230.06
1230.447
1230.834
1231.221
1231.608
1231.995
1232.382
1232.769
1233.156
1233.55
1234.276
1235.002
1235.728
1236.454
1237.18
1237.906
1238.63
1239.071
1239.512
1239.953
1240.394
1240.835
1241.276
1241.717
1242.158
1242.599
1243.04
1243.481
1243.922
1244.363
1244.804
1245.245
1245.686
1246.127
1246.568
1247.01
1247.279
1247.548
1247.817
1248.086
1248.355
1248.624
1248.893
1249.162
1249.431
1249.7
1249.969
1250.238
1250.507
1250.776
1251.045
1251.314
1251.583
1251.852
1252.121
1252.39
1252.649
1253.054
1253.459
1253.864
1254.269
1254.674
1255.079
1255.484
1255.889
1256.294
1256.699
1257.104
1257.509
1257.914
1258.319
1258.73
1259.201
1259.672
1260.143
1260.614
1261.085
1261.556
1262.027
1262.498
1262.969
1263.44
1263.911
1264.382
1264.853
1265.324
1265.795
1266.269
1266.733
1267.197
1267.661
1268.125
1268.589
1269.053
1269.517
1269.981
1270.445
1270.909
1271.373
1271.837
1272.301
1272.765
1273.229
1273.693
1274.157
1274.621
1275.09
1275.665
1276.24
1276.815
1277.39
1277.965
1278.54
1279.115
1279.69
1280.265
1280.84
1281.419
1281.623
1281.827
1282.031
1282.235
1282.439
1282.643
1282.847
1283.051
1283.255
1283.459
1283.663
1283.867
1284.071
1284.275
1284.479
1284.683
1284.889
1285.162
1285.435
1285.708
1285.981
1286.254
1286.527
1286.8
1287.073
1287.346
1287.619
1287.892
1288.165
1288.438
1288.711
1288.984
1289.257
1289.53
1289.803
1290.076
1290.34
1290.689
1291.038
1291.387
1291.736
1292.085
1292.434
1292.783
1293.132
1293.481
1293.83
1294.179
1294.528
1294.877
1295.226
1295.575
1295.924
1296.273
1296.622
1296.98
1298.412
1299.844
1301.276
1302.708
1304.14
1305.572
1307.004
1308.436
1309.868
1311.299
1311.546
1311.793
1312.04
1312.287
1312.534
1312.782
1313.029
1313.276
1313.524
1313.771
1314.018
1314.269
1314.644
1315.019
1315.394
1315.769
1316.144
1316.519
1316.894
1317.269
1317.644
1318.019
1318.394
1318.769
1319.144
1319.519
1319.894
1320.269
1320.533
1320.797
1321.061
1321.325
1321.589
1321.853
1322.117
1322.381
1322.645
1322.909
1323.173
1323.437
1323.701
1323.965
1324.229
1324.493
1324.757
1325.021
1325.285
1325.549
1325.809
1326.246
1326.683
1327.12
1327.557
1327.994
1328.431
1328.868
1329.305
1329.742
1330.179
1330.616
1331.053
1331.49
1331.927
1332.364
1332.801
1333.238
1333.675
1334.112
1334.549
1334.99
1335.272
1335.553
1335.835
1336.117
1336.399
1336.68
1336.962
1337.244
1337.525
1337.807
1338.089
1338.37
1338.651
1338.933
1339.215
1339.496
1339.778
1340.06
1340.341
1340.62
1340.911
1341.202
1341.493
1341.784
1342.075
1342.366
1342.657
1342.948
1343.239
1343.53
1343.821
1344.112
1344.403
1344.694
1344.985
1345.276
1345.567
1345.86
1346.294
1346.728
1347.162
1347.596
1348.03
1348.464
1348.898
1349.332
1349.766
1350.2
1350.634
1351.068
1351.502
1351.936
1352.37
1352.804
1353.238
1353.672
1354.1
1354.502
1354.904
1355.306
1355.708
1356.11
1356.512
1356.914
1357.316
1357.718
1358.12
1358.522
1358.924
1359.326
1359.728
1360.13
1360.532
1360.934
1361.336
1361.73
1362.058
1362.386
1362.714
1363.042
1363.37
1363.698
1364.026
1364.354
1364.682
1365.01
1365.338
1365.666
1365.994
1366.322
1366.65
1366.978
1367.309
1367.601
1367.893
1368.185
1368.477
1368.769
1369.061
1369.353
1369.645
1369.937
1370.229
1370.521
1370.813
1371.105
1371.397
1371.69
1372.481
1373.272
1374.063
1374.854
1375.645
1376.436
1377.227
1378.018
1378.809
1379.6
1380.391
1381.182
1381.973
1382.764
1383.549
1383.741
1383.933
1384.125
1384.317
1384.509
1384.701
1384.893
1385.085
1385.277
1385.469
1385.661
1385.853
1386.045
1386.237
1386.429
1386.621
1386.813
1387.005
1387.197
1387.39
1387.646
1387.902
1388.158
1388.414
1388.67
1388.926
1389.182
1389.438
1389.694
1389.95
1390.206
1390.462
1390.718
1390.974
1391.23
1391.49
1392.066
1392.642
1393.218
1393.794
1394.37
1394.946
1395.522
1396.098
1396.674
1397.25
1397.826
1398.402
1398.978
1399.554
1400.13
1400.706
1401.282
1401.86
1402.86
1403.366
1403.872
1404.378
1404.884
1405.39
1405.896
1406.402
1406.908
1407.414
1407.92
1408.426
1408.932
1409.438
1409.944
1410.45
1410.956
1411.462
1411.968
1412.48
1412.969
1413.458
1413.947
1414.436
1414.925
1415.414
1415.903
1416.392
1416.881
1417.37
1417.859
1418.348
1418.837
1419.326
1419.815
1420.304
1420.799
1421.209
1421.619
1422.029
1422.439
1422.849
1423.259
1423.669
1424.079
1424.489
1424.899
1425.309
1425.719
1426.129
1426.539
1426.949
1427.359
1427.769
1428.179
1428.59
1429.222
1429.854
1430.486
1431.118
1431.75
1432.382
1433.014
1433.646
1434.278
1434.91
1435.542
1436.174
1436.809
1437.28
1437.751
1438.222
1438.693
1439.164
1439.635
1440.106
1440.577
1441.048
1441.519
1441.99
1442.461
1442.932
1443.403
1443.874
1444.35
1444.755
1445.16
1445.565
1445.97
1446.375
1446.78
1447.185
1447.59
1447.995
1448.4
1448.805
1449.21
1449.615
1450.02
1450.425
1450.83
1451.235
1451.64
1452.222
1452.804
1453.386
1453.968
1454.55
1455.132
1455.714
1456.296
1456.878
1457.46
1458.042
1458.624
1459.206
1459.788
1460.37
1460.952
1461.529
1462.167
1462.805
1463.443
1464.081
1464.719
1465.357
1465.995
1466.633
1467.271
1467.909
1468.547
1469.185
1469.823
1470.461
1471.099
1471.73
1471.959
1472.188
1472.417
1472.646
1472.875
1473.104
1473.333
1473.562
1473.791
1474.02
1474.249
1474.478
1474.707
1474.936
1475.165
1475.394
1475.623
1475.85
1476.389
1476.928
1477.467
1478.006
1478.545
1479.084
1479.623
1480.162
1480.701
1481.24
1481.779
1482.318
1482.857
1483.396
1483.935
1484.474
1485.013
1485.549
1485.818
1486.087
1486.356
1486.625
1486.894
1487.163
1487.432
1487.701
1487.97
1488.239
1488.508
1488.777
1489.046
1489.315
1489.584
1489.853
1490.122
1490.391
1490.669
1491.4
1492.131
1492.862
1493.593
1494.324
1495.055
1495.786
1496.517
1497.248
1497.979
1498.71
1499.441
1500.172
1500.903
1501.634
1502.365
1503.096
1503.827
1504.559
1505.361
1506.163
1506.965
1507.767
1508.569
1509.371
1510.173
1510.975
1511.777
1512.579
1513.381
1514.183
1514.99
1515.601
1516.212
1516.823
1517.434
1518.045
1518.656
1519.267
1519.878
1520.489
1521.1
1521.711
1522.322
1522.933
1523.544
1524.155
1524.766
1525.379
1525.681
1525.983
1526.285
1526.587
1526.889
1527.191
1527.493
1527.795
1528.097
1528.399
1528.701
1529.003
1529.305
1529.607
1529.909
1530.211
1530.513
1530.815
1531.11
1531.839
1532.568
1533.297
1534.026
1534.755
1535.484
1536.213
1536.94
1537.861
1538.782
1539.703
1540.624
1541.545
1542.466
1543.387
1544.308
1545.229
1546.15
1547.071
1547.992
1548.913
1549.834
1550.759
1551.092
1551.425
1551.759
1552.318
1552.877
1553.436
1553.995
1554.554
1555.113
1555.672
1556.231
1556.79
1557.349
1557.908
1558.467
1559.026
1559.585
1560.144
1560.703
1561.259
1562.09
1562.921
1563.752
1564.583
1565.414
1566.245
1567.076
1567.907
1568.738
1569.569
1570.4
1571.231
1572.062
1572.889
1573.666
1574.443
1575.22
1575.997
1576.774
1577.551
1578.328
1579.105
1579.882
1580.659
1581.436
1582.213
1582.99
1583.767
1584.55
1584.76
1584.97
1585.18
1585.39
1585.6
1585.81
1586.02
1586.23
1586.44
1586.65
1586.86
1587.07
1587.28
1587.49
1587.7
1587.91
1588.12
1588.33
1588.54
1588.75
1588.97
1589.33
1589.69
1590.05
1590.41
1590.77
1591.13
1591.49
1591.85
1592.21
1592.57
1592.93
1593.29
1593.65
1594.01
1594.762
1595.514
1596.266
1597.018
1597.77
1598.522
1599.274
1600.026
1600.778
1601.53
1602.279
1602.693
1603.107
1603.521
1603.935
1604.349
1604.763
1605.177
1605.591
1606.005
1606.419
1606.833
1607.247
1607.661
1608.075
1608.489
1608.909
1609.377
1609.845
1610.313
1610.781
1611.249
1611.717
1612.185
1612.653
1613.121
1613.589
1614.057
1614.525
1614.993
1615.461
1615.929
1616.397
1616.865
1617.333
1617.809
1618.809
1619.218
1619.627
1620.036
1620.445
1620.854
1621.263
1621.672
1622.081
1622.49
1622.899
1623.308
1623.717
1624.129
1624.991
1625.853
1626.715
1627.577
1628.439
1629.301
1630.163
1631.025
1631.887
1632.749
1633.611
1634.473
1635.335
1636.197
1637.059
1637.921
1638.779
1639.215
1639.651
1640.087
1640.523
1640.959
1641.395
1641.831
1642.267
1642.703
1643.139
1643.575
1644.011
1644.447
1644.883
1645.319
1645.75
1646.189
1646.628
1647.067
1647.506
1647.945
1648.384
1648.823
1649.262
1649.701
1650.14
1650.579
1651.018
1651.457
1651.896
1652.335
1652.774
1653.22
1655.305
1657.39
1658.076
1658.762
1659.448
1660.134
1660.82
1661.506
1662.192
1662.878
1663.564
1664.25
1664.936
1665.622
1666.308
1666.994
1667.68
1668.366
1669.052
1669.74
1670.54
1671.34
1672.14
1672.94
1673.74
1674.54
1675.34
1676.14
1676.94
1677.74
1678.54
1679.34
1680.14
1680.94
1681.74
1682.54
1683.34
1684.14
1684.94
1685.74
1686.54
1686.896
1687.252
1687.608
1687.964
1688.32
1688.676
1689.032
1689.388
1689.744
1690.1
1690.456
1690.812
1691.168
1691.524
1691.88
1692.24
1692.659
1693.078
1693.497
1693.916
1694.335
1694.754
1695.173
1695.592
1696.01
1696.464
1696.918
1697.372
1697.826
1698.28
1698.734
1699.188
1699.642
1700.096
1700.55
1701.004
1701.458
1701.912
1702.366
1702.82
1703.274
1703.728
1704.18
1704.644
1705.108
1705.572
1706.036
1706.5
1706.964
1707.428
1707.892
1708.356
1708.82
1709.284
1709.748
1710.212
1710.676
1711.14
1711.61
1711.878
1712.146
1712.414
1712.682
1712.95
1713.218
1713.486
1713.754
1714.022
1714.29
1714.558
1714.826
1715.094
1715.362
1715.63
1715.898
1716.166
1716.44
1716.696
1716.952
1717.208
1717.464
1717.72
1717.976
1718.232
1718.488
1718.744
1719.0
1719.256
1719.512
1719.768
1720.024
1720.28
1720.536
1720.792
1721.04
1721.387
1721.734
1722.081
1722.428
1722.775
1723.122
1723.469
1723.816
1724.163
1724.51
1724.857
1725.204
1725.551
1725.898
1726.245
1726.592
1726.939
1727.279
1727.483
1727.687
1727.891
1728.095
1728.299
1728.503
1728.707
1728.911
1729.115
1729.319
1729.523
1729.727
1729.931
1730.135
1730.339
1730.539
1731.104
1731.669
1732.234
1732.799
1733.364
1733.929
1734.494
1735.059
1735.624
1736.189
1736.754
1737.319
1737.879
1738.251
1738.623
1738.995
1739.367
1739.739
1740.111
1740.483
1740.855
1741.227
1741.599
1741.971
1742.343
1742.715
1743.087
1743.459
1743.83
1744.316
1744.802
1745.288
1745.774
1746.26
1746.746
1747.232
1747.718
1748.204
1748.69
1749.176
1749.662
1750.148
1750.634
1751.12
1751.606
1752.092
1752.58
1753.027
1753.474
1753.921
1754.368
1754.815
1755.262
1755.709
1756.156
1756.603
1757.05
1757.497
1757.944
1758.391
1758.838
1759.285
1759.73
1760.253
1760.776
1761.299
1761.822
1762.345
1762.868
1763.391
1763.914
1764.437
1764.96
1765.483
1766.006
1766.529
1767.052
1767.575
1768.098
1768.62
1769.136
1769.652
1770.168
1770.684
1771.2
1771.716
1772.232
1772.748
1773.264
1773.78
1774.296
1774.812
1775.328
1775.844
1776.36
1776.876
1777.392
1777.909
1778.685
1779.46
1779.959
1780.458
1780.957
1781.456
1781.955
1782.454
1782.953
1783.452
1783.951
1784.45
1784.949
1785.448
1785.947
1786.446
1786.945
1787.444
1787.943
1788.45
1788.931
1789.412
1789.893
1790.374
1790.855
1791.336
1791.817
1792.298
1792.779
1793.26
1793.741
1794.222
1794.703
1795.184
1795.665
1796.139
1797.16
1798.182
1799.204
1800.226
1801.248
1802.27
1803.292
1804.313
1805.335
1806.357
1807.379
1808.4
1809.422
1810.44
1811.729
1813.018
1814.307
1815.596
1816.885
1818.174
1819.463
1820.752
1822.041
1823.33
1824.619
1825.908
1827.197
1828.486
1829.775
1831.059
1831.698
1832.337
1832.976
1833.615
1834.254
1834.893
1835.532
1836.171
1836.81
1837.449
1838.088
1838.727
1839.366
1840.0
1840.439
1840.878
1841.317
1841.756
1842.195
1842.634
1843.073
1843.512
1843.951
1844.39
1844.829
1845.268
1845.707
1846.146
1846.585
1847.024
1847.47
1847.991
1848.512
1849.033
1849.554
1850.075
1850.596
1851.117
1851.638
1852.159
1852.68
1853.201
1853.722
1854.243
1854.77
1855.208
1855.646
1856.084
1856.522
1856.96
1857.436
1857.912
1858.388
1858.864
1859.34
1859.816
1860.292
1860.768
1861.244
1861.72
1862.196
1862.672
1863.148
1863.624
1864.1
1864.576
1865.059
1865.554
1866.049
1866.544
1867.039
1867.534
1868.029
1868.524
1869.019
1869.514
1870.009
1870.504
1870.999
1871.494
1871.99
1872.368
1872.746
1873.124
1873.502
1873.88
1874.258
1874.636
1875.014
1875.392
1875.77
1876.148
1876.526
1876.904
1877.282
1877.66
1878.038
1878.416
1878.794
1879.169
1880.09
1881.011
1881.932
1882.853
1883.774
1884.695
1885.616
1886.537
1887.458
1888.379
1889.3
1890.221
1891.139
1891.485
1891.831
1892.177
1892.523
1892.869
1893.215
1893.561
1893.907
1894.253
1894.599
1894.945
1895.291
1895.637
1895.98
1896.385
1896.79
1897.195
1897.6
1898.005
1898.41
1898.815
1899.22
1899.625
1900.03
1900.435
1900.84
1901.245
1901.65
1902.055
1902.46
1902.865
1903.269
1903.527
1903.785
1904.043
1904.301
1904.559
1904.817
1905.075
1905.333
1905.591
1905.849
1906.107
1906.365
1906.623
1906.881
1907.139
1907.397
1907.659
1908.041
1908.423
1908.805
1909.187
1909.569
1909.951
1910.333
1910.715
1911.097
1911.479
1911.861
1912.243
1912.625
1913.007
1913.389
1913.771
1914.153
1914.529
1914.986
1915.443
1915.9
1916.357
1916.814
1917.271
1917.728
1918.185
1918.64
1919.204
1919.768
1920.332
1920.896
1921.46
1922.024
1922.588
1923.152
1923.716
1924.28
1924.844
1925.408
1925.972
1926.536
1927.1
1927.664
1928.228
1928.789
1929.016
1929.243
1929.47
1929.697
1929.924
1930.151
1930.378
1930.605
1930.832
1931.059
1931.286
1931.513
1931.74
1931.967
1932.194
1932.421
1932.648
1932.875
1933.11
1933.721
1934.332
1934.943
1935.554
1936.165
1936.776
1937.387
1937.998
1938.609
1939.22
1939.831
1940.442
1941.053
1941.664
1942.275
1942.886
1943.497
1944.11
1944.695
1945.28
1945.865
1946.45
1947.035
1947.62
1948.205
1948.79
1949.375
1949.96
1950.545
1951.13
1951.715
1952.3
1952.885
1953.47
1954.055
1954.64
1955.23
1955.748
1956.266
1956.784
1957.302
1957.82
1958.338
1958.856
1959.374
1959.892
1960.41
1960.928
1961.446
1961.964
1962.482
1963.0
1963.518
1964.04
1964.947
1965.854
1966.761
1967.668
1968.575
1969.482
1970.389
1971.296
1972.203
1973.11
1974.017
1974.924
1975.831
1976.738
1977.645
1978.552
1979.46
1979.73
1980.0
1980.27
1980.54
1980.81
1981.08
1981.35
1981.62
1981.89
1982.16
1982.43
1982.7
1982.97
1983.24
1983.51
1983.78
1984.05
1984.32
1984.591
1986.175
1987.76
1988.355
1988.95
1989.545
1990.14
1990.735
1991.33
1991.925
1992.52
1993.115
1993.71
1994.305
1994.9
1995.495
1996.09
1996.685
1997.28
1997.875
1998.47
1999.07
1999.477
1999.884
2000.291
2000.698
2001.105
2001.512
2001.919
2002.326
2002.733
2003.14
2003.547
2003.954
2004.361
2004.768
2005.175
2005.582
2005.989
2006.396
2006.809
2007.385
2007.961
2008.537
2009.113
2009.689
2010.265
2010.841
2011.417
2011.993
2012.569
2013.145
2013.721
2014.297
2014.873
2015.449
2016.025
2016.601
2017.177
2017.753
2018.33
2019.047
2019.764
2020.481
2021.198
2021.915
2022.632
2023.349
2024.066
2024.783
2025.5
2026.217
2026.934
2027.651
2028.368
2029.08
2029.495
2029.91
2030.326
2030.742
2031.158
2031.573
2031.989
2032.405
2032.821
2033.236
2033.652
2034.068
2034.484
2034.899
2035.314
2035.73
2036.146
2036.559
2037.002
2037.445
2037.888
2038.331
2038.774
2039.217
2039.66
2040.103
2040.546
2040.989
2041.432
2041.875
2042.318
2042.761
2043.2
2043.73
2044.26
2044.79
2045.32
2045.85
2046.527
2047.204
2047.881
2048.558
2049.235
2049.912
2050.589
2051.266
2051.943
2052.62
2053.297
2053.974
2054.651
2055.328
2056.005
2056.679
2057.432
2058.185
2058.938
2059.691
2060.444
2061.197
2061.95
2062.703
2063.456
2064.209
2064.962
2065.715
2066.468
2067.221
2067.974
2068.727
2069.48
2070.233
2070.99
2071.553
2072.116
2072.679
2073.242
2073.805
2074.368
2074.931
2075.494
2076.057
2076.62
2077.183
2077.746
2078.309
2078.872
2079.435
2079.998
2080.561
2081.12
2081.5
2081.88
2082.26
2082.64
2083.02
2083.4
2083.78
2084.16
2084.54
2084.92
2085.3
2085.68
2086.06
2086.44
2086.82
2087.2
2087.58
2087.96
2088.34
2088.72
2090.867
2093.015
2095.162
2097.309
2099.457
2101.604
2103.751
2105.9
2106.197
2106.494
2106.791
2107.088
2107.385
2107.682
2107.979
2108.276
2108.573
2108.87
2109.167
2109.464
2109.761
2110.058
2110.355
2110.652
2110.949
2111.24
2111.641
2112.042
2112.443
2112.844
2113.245
2113.646
2114.047
2114.448
2114.849
2115.25
2115.651
2116.052
2116.453
2116.854
2117.255
2117.656
2118.06
2118.285
2118.51
2118.735
2118.96
2119.185
2119.41
2119.635
2119.86
2120.085
2120.31
2120.535
2120.76
2120.985
2121.21
2121.435
2121.66
2121.88
2122.381
2122.882
2123.383
2123.884
2124.385
2124.886
2125.387
2125.888
2126.389
2126.89
2127.391
2127.892
2128.393
2128.894
2129.395
2129.89
2130.31
2130.73
2131.15
2131.57
2131.99
2132.41
2132.83
2133.25
2133.67
2134.09
2134.51
2134.93
2135.35
2135.77
2136.221
2136.672
2137.123
2137.574
2138.025
2138.476
2138.927
2139.378
2139.829
2140.28
2140.731
2141.182
2141.633
2142.09
2142.447
2142.804
2143.161
2143.518
2143.875
2144.232
2144.589
2144.946
2145.303
2145.66
2146.017
2146.374
2146.731
2147.088
2147.445
2147.8
2148.334
2148.868
2149.402
2149.936
2150.47
2151.004
2151.538
2152.072
2152.606
2153.14
2153.674
2154.208
2154.742
2155.276
2155.81
2156.344
2156.871
2157.641
2158.411
2159.18
2159.722
2160.264
2160.806
2161.348
2161.89
2162.432
2162.974
2163.516
2164.058
2164.6
2165.142
2165.684
2166.226
2166.768
2167.31
2167.85
2168.166
2168.482
2168.798
2169.114
2169.43
2169.746
2170.062
2170.378
2170.694
2171.01
2171.326
2171.642
2171.958
2172.274
2172.59
2172.906
2173.222
2173.538
2173.85
2174.23
2174.61
2174.99
2175.37
2175.75
2176.13
2176.51
2176.89
2177.27
2177.65
2178.03
2178.41
2178.79
2179.17
2179.55
2179.93
2180.31
2180.69
2181.061
2181.475
2181.889
2182.303
2182.717
2183.131
2183.545
2183.959
2184.373
2184.787
2185.201
2185.615
2186.029
2186.443
2186.857
2187.271
2187.685
2188.099
2188.513
2188.92
2189.275
2189.63
2189.985
2190.34
2190.695
2191.05
2191.405
2191.76
2192.115
2192.47
2192.825
2193.18
2193.535
2193.89
2194.245
2194.6
2195.015
2195.43
2195.845
2196.26
2196.675
2197.09
2197.505
2197.92
2198.335
2198.75
2199.165
2199.58
2199.995
2200.41
2200.825
2201.24
2201.655
2202.07
2202.48
2202.918
2203.356
2203.794
2204.232
2204.67
2205.108
2205.546
2205.984
2206.422
2206.86
2207.298
2207.736
2208.174
2208.612
2209.05
2209.488
2209.926
2210.37
2211.292
2212.214
2213.136
2214.058
2214.98
2215.902
2216.824
2217.746
2218.668
2219.59
2220.325
2221.06
2221.795
2222.53
2223.265
2224.0
2224.735
2225.47
2226.205
2226.94
2227.675
2228.41
2229.145
2229.88
2230.615
2231.35
2232.09
2232.561
2233.032
2233.503
2233.974
2234.445
2234.916
2235.387
2235.858
2236.329
2236.8
2237.271
2237.742
2238.213
2238.68
2239.15
2239.62
2240.09
2240.56
2241.03
2241.5
2241.97
2242.44
2242.91
2243.38
2243.85
2244.32
2244.79
2245.26
2245.73
2246.145
2246.56
2246.975
2247.39
2247.805
2248.22
2248.635
2249.05
2249.465
2249.88
2250.295
2250.71
2251.125
2251.54
2251.955
2252.37
2252.913
2253.456
2253.999
2254.542
2255.085
2255.628
2256.171
2256.714
2257.257
2257.8
2258.343
2258.886
2259.429
2259.972
2260.515
2261.058
2261.6
2261.912
2262.224
2262.536
2262.848
2263.16
2263.472
2263.784
2264.096
2264.408
2264.72
2265.032
2265.344
2265.656
2265.968
2266.28
2266.59
2267.298
2268.006
2268.714
2269.422
2270.13
2270.838
2271.546
2272.254
2272.962
2273.67
2274.378
2275.086
2275.794
2276.5
2276.787
2277.074
2277.361
2277.648
2277.935
2278.222
2278.509
2278.796
2279.083
2279.37
2279.657
2279.944
2280.231
2280.518
2280.805
2281.092
2281.379
2281.666
2281.953
2282.24
2282.52
2283.188
2283.856
2284.524
2285.192
2285.86
2286.528
2287.196
2287.864
2288.532
2289.2
2289.868
2290.536
2291.204
2291.872
2292.54
2293.208
2293.876
2294.544
2295.212
2295.88
2296.287
2296.694
2297.101
2297.508
2297.915
2298.322
2298.729
2299.136
2299.543
2299.95
2300.357
2300.764
2301.171
2301.578
2301.985
2302.392
2302.799
2303.206
2303.613
2304.03
2304.344
2304.658
2304.972
2305.286
2305.6
2305.914
2306.228
2306.542
2306.856
2307.17
2307.484
2307.798
2308.112
2308.426
2308.74
2309.054
2309.368
2309.682
2309.996
2310.31
2310.624
2310.938
2311.242
2311.481
2311.72
2311.959
2312.198
2312.437
2312.676
2312.915
2313.154
2313.393
2313.632
2313.871
2314.11
2314.349
2314.588
2314.827
2315.066
2315.305
2315.54
2315.882
2316.224
2316.566
2316.908
2317.25
2317.592
2317.934
2318.276
2318.618
2318.96
2319.302
2319.644
2319.986
2320.328
2320.67
2320.952
2321.234
2321.516
2321.798
2322.08
2322.362
2322.644
2322.926
2323.208
2323.49
2323.772
2324.054
2324.336
2324.618
2324.9
2325.182
2325.464
2325.746
2326.028
2326.31
2326.592
2326.88
2327.176
2327.472
2327.768
2328.064
2328.36
2328.656
2328.952
2329.248
2329.544
2329.84
2330.136
2330.432
2330.728
2331.024
2331.32
2331.616
2331.912
2332.208
2332.504
2332.8
2333.096
2333.392
2333.688
2333.99
2334.348
2334.706
2335.064
2335.422
2335.78
2336.138
2336.496
2336.854
2337.212
2337.57
2337.928
2338.286
2338.644
2339.002
2339.36
2339.718
2340.076
2340.434
2340.79
2341.158
2341.526
2341.894
2342.262
2342.63
2342.998
2343.366
2343.734
2344.102
2344.47
2344.838
2345.206
2345.574
2345.942
2346.31
2346.678
2347.046
2347.42
2347.791
2348.162
2348.533
2348.904
2349.275
2349.646
2350.02
2350.258
2350.496
2350.734
2350.972
2351.21
2351.448
2351.686
2351.924
2352.162
2352.4
2352.638
2352.876
2353.114
2353.352
2353.59
2353.83
2354.862
2355.894
2356.926
2357.958
2358.99
2360.022
2361.054
2362.086
2363.12
2363.607
2364.094
2364.581
2365.068
2365.555
2366.042
2366.529
2367.016
2367.503
2367.99
2368.477
2368.964
2369.451
2369.938
2370.425
2370.912
2371.399
2371.886
2372.373
2372.86
2373.35
2374.105
2374.86
2375.615
2376.37
2377.125
2377.88
2378.4
2378.92
2379.44
2379.96
2380.48
2381.0
2381.52
2382.04
2382.56
2383.08
2383.6
2384.12
2384.64
2385.16
2385.68
2386.2
2386.617
2387.034
2387.451
2387.868
2388.285
2388.702
2389.119
2389.536
2389.953
2390.37
2390.787
2391.204
2391.621
2392.038
2392.455
2392.872
2393.29
2393.658
2394.026
2394.394
2394.762
2395.13
2395.498
2395.866
2396.234
2396.602
2396.97
2397.338
2397.706
2398.074
2398.442
2398.81
2399.18
2399.503
2399.826
2400.149
2400.472
2400.795
2401.118
2401.441
2401.764
2402.09
2402.479
2402.868
2403.257
2403.646
2404.035
2404.424
2404.813
2405.202
2405.591
2405.98
2406.369
2406.758
2407.147
2407.536
2407.925
2408.32
2408.674
2409.028
2409.382
2409.736
2410.09
2410.444
2410.798
2411.152
2411.506
2411.86
2412.214
2412.568
2412.922
2413.276
2413.63
2413.98
2414.3
2414.62
2414.94
2415.26
2415.58
2415.9
2416.22
2416.54
2416.86
2417.18
2417.5
2417.82
2418.14
2418.46
2418.78
2419.1
2419.42
2419.74
2420.051
2421.051
2421.911
2422.771
2423.631
2424.491
2425.351
2426.211
2427.071
2427.931
2428.791
2429.651
2430.511
2431.371
2432.231
2433.09
2433.365
2433.64
2433.915
2434.19
2434.465
2434.74
2435.015
2435.29
2435.565
2435.84
2436.115
2436.39
2436.665
2436.94
2437.215
2437.49
2437.76
2438.295
2438.83
2439.365
2439.9
2440.605
2441.31
2442.015
2442.72
2443.425
2444.13
2444.835
2445.54
2446.245
2446.95
2447.66
2448.459
2449.258
2450.057
2450.856
2451.655
2452.454
2453.253
2454.052
2454.851
2455.65
2456.449
2457.248
2458.047
2458.846
2459.645
2460.444
2461.25
2461.579
2461.908
2462.237
2462.566
2462.895
2463.224
2463.553
2463.882
2464.211
2464.54
2464.869
2465.198
2465.527
2465.856
2466.185
2466.514
2466.843
2467.18
2467.658
2468.136
2468.614
2469.092
2469.57
2470.048
2470.526
2471.004
2471.482
2471.96
2472.438
2472.916
2473.394
2473.872
2474.35
2474.828
2475.306
2475.784
2476.261
2476.536
2476.811
2477.086
2477.361
2477.636
2477.911
2478.186
2478.461
2478.736
2479.011
2479.286
2479.561
2479.836
2480.111
2480.386
2480.661
2480.936
2481.211
2481.486
2481.77
2482.137
2482.504
2482.871
2483.238
2483.605
2483.972
2484.339
2484.706
2485.073
2485.44
2485.807
2486.174
2486.54
2488.002
2489.464
2490.926
2492.388
2493.85
2495.312
2496.774
2498.236
2499.698
2501.16
2502.622
2504.084
2505.55
2506.078
2506.606
2507.134
2507.662
2508.19
2508.718
2509.246
2509.774
2510.302
2510.83
2511.358
2511.886
2512.414
2512.942
2513.47
2513.998
2514.526
2515.05
2515.334
2515.618
2515.902
2516.186
2516.47
2516.754
2517.038
2517.322
2517.606
2517.89
2518.174
2518.458
2518.742
2519.026
2519.31
2519.594
2519.88
2520.312
2520.744
2521.176
2521.608
2522.04
2522.472
2522.904
2523.336
2523.768
2524.2
2524.632
2525.064
2525.496
2525.928
2526.36
2526.792
2527.22
2527.641
2528.062
2528.483
2528.904
2529.325
2529.746
2530.167
2530.588
2531.009
2531.43
2531.851
2532.272
2532.693
2533.114
2533.535
2533.956
2534.38
2534.771
2535.162
2535.553
2535.944
2536.335
2536.726
2537.117
2537.508
2537.899
2538.29
2538.681
2539.072
2539.463
2539.854
2540.245
2540.636
2541.027
2541.41
2541.729
2542.048
2542.367
2542.686
2543.005
2543.324
2543.643
2543.962
2544.281
2544.6
2544.919
2545.238
2545.557
2545.876
2546.195
2546.514
2546.83
2547.378
2547.926
2548.474
2549.022
2549.57
2550.118
2550.666
2551.214
2551.762
2552.31
2552.858
2553.406
2553.954
2554.502
2555.05
2555.598
2556.146
2556.7
2557.226
2557.752
2558.278
2558.804
2559.33
2559.856
2560.382
2560.908
2561.434
2561.96
2562.486
2563.012
2563.538
2564.064
2564.59
2565.116
2565.642
2566.17
2566.638
2567.106
2567.574
2568.042
2568.51
2568.978
2569.446
2569.914
2570.382
2570.85
2571.318
2571.786
2572.254
2572.722
2573.19
2573.658
2574.126
2574.59
2575.209
2575.828
2576.447
2577.066
2577.685
2578.304
2578.923
2579.542
2580.161
2580.78
2581.399
2582.018
2582.637
2583.256
2583.875
2584.494
2585.113
2585.74
2586.019
2586.298
2586.577
2586.856
2587.135
2587.414
2587.693
2587.972
2588.251
2588.53
2588.809
2589.088
2589.367
2589.646
2589.925
2590.204
2590.483
2590.76
2591.036
2591.312
2591.588
2591.864
2592.14
2592.416
2592.692
2592.968
2593.244
2593.52
2593.796
2594.072
2594.348
2594.624
2594.9
2595.176
2595.452
2595.728
2596.004
2596.28
2596.695
2597.11
2597.525
2597.94
2598.355
2598.77
2599.185
2599.6
2600.015
2600.43
2600.845
2601.26
2601.675
2602.09
2602.505
2602.92
2603.335
2603.75
2604.16
2604.549
2604.938
2605.327
2605.716
2606.105
2606.494
2606.883
2607.272
2607.661
2608.05
2608.439
2608.828
2609.217
2609.606
2609.995
2610.384
2610.773
2611.162
2611.551
2611.94
2612.329
2612.718
2613.11
2613.322
2613.534
2613.746
2613.958
2614.17
2614.382
2614.594
2614.806
2615.018
2615.23
2615.442
2615.654
2615.866
2616.078
2616.29
2616.502
2616.714
2616.926
2617.138
2617.341
2617.983
2618.625
2619.267
2619.909
2620.551
2621.193
2621.835
2622.477
2623.119
2623.761
2624.403
2625.045
2625.687
2626.329
2626.971
2627.613
2628.255
2628.897
2629.54
2629.797
2630.054
2630.311
2630.568
2630.825
2631.082
2631.339
2631.596
2631.853
2632.11
2632.367
2632.624
2632.881
2633.138
2633.395
2633.65
2633.75
2633.85
2633.95
2634.05
2634.15
2634.25
2634.35
2634.45
2634.55
2634.65
2634.775
2634.9
2635.025
2635.15
2635.275
2635.4
2635.525
2635.65
2635.718
2635.786
2635.854
2635.922
2635.99
2636.058
2636.126
2636.194
2636.262
2636.33
2636.398
2636.466
2636.534
2636.602
2636.67
2636.738
2636.8
2637.129
2637.458
2637.787
2638.116
2638.445
2638.774
2639.103
2639.432
2639.761
2640.09
2640.419
2640.748
2641.077
2641.406
2641.735
2642.064
2642.393
2642.722
2643.06
2643.494
2643.928
2644.362
2644.796
2645.23
2645.664
2646.098
2646.532
2646.966
2647.4
2647.834
2648.268
2648.702
2649.136
2649.57
2650.004
2650.438
2650.88
2651.188
2651.495
2651.802
2652.11
2652.317
2652.524
2652.731
2652.938
2653.145
2653.35
2653.683
2654.016
2654.35
2654.633
2654.916
2655.199
2655.482
2655.765
2656.048
2656.331
2656.614
2656.897
2657.18
2657.463
2657.746
2658.029
2658.312
2658.595
2658.878
2659.161
2659.45
2659.791
2660.132
2660.473
2660.814
2661.155
2661.496
2661.837
2662.178
2662.519
2662.86
2663.244
2663.628
2664.012
2664.396
2664.78
2665.164
2665.548
2665.932
2666.316
2666.7
2667.084
2667.468
2667.852
2668.236
2668.62
2669.0
2669.493
2669.986
2670.479
2670.972
2671.465
2671.958
2672.451
2672.944
2673.437
2673.93
2674.423
2674.916
2675.409
2675.902
2676.395
2676.888
2677.381
2677.87
2678.965
2680.06
2681.155
2682.25
2683.345
2684.44
2684.778
2685.116
2685.454
2685.793
2686.131
2686.469
2686.807
2687.145
2687.483
2687.822
2688.16
2688.498
2688.836
2689.174
2689.512
2689.851
2690.189
2690.527
2690.865
2691.21
2691.503
2691.796
2692.089
2692.382
2692.675
2692.968
2693.261
2693.554
2693.847
2694.14
2694.433
2694.726
2695.019
2695.312
2695.605
2695.898
2696.191
2696.484
2696.777
2697.07
2697.267
2697.464
2697.661
2697.858
2698.055
2698.252
2698.449
2698.646
2698.843
2699.04
2699.237
2699.434
2699.631
2699.828
2700.025
2700.222
2700.419
2700.616
2700.813
2701.01
2701.2
2701.597
2701.995
2702.392
2702.789
2703.187
2703.584
2703.981
2704.379
2704.776
2705.173
2705.57
2705.968
2706.365
2706.762
2707.16
2707.557
2707.954
2708.352
2708.749
2709.15
2709.381
2709.612
2709.843
2710.074
2710.305
2710.536
2710.767
2710.998
2711.229
2711.46
2711.691
2711.922
2712.153
2712.384
2712.615
2712.846
2713.077
2713.309
2713.541
2713.78
2714.237
2714.694
2715.151
2715.608
2716.065
2716.522
2716.98
2717.245
2717.51
2717.775
2718.04
2718.305
2718.57
2718.835
2719.1
2719.365
2719.63
2719.895
2720.16
2720.425
2720.69
2720.955
2721.22
2721.485
2721.75
2722.164
2722.578
2722.992
2723.406
2723.82
2724.234
2724.648
2725.062
2725.476
2725.89
2726.304
2726.718
2727.132
2727.546
2727.96
2728.374
2728.79
2729.381
2729.972
2730.563
2731.154
2731.745
2732.336
2732.927
2733.518
2734.109
2734.7
2735.291
2735.882
2736.473
2737.064
2737.655
2738.246
2738.83
2739.231
2739.632
2740.033
2740.434
2740.835
2741.236
2741.637
2742.038
2742.439
2742.84
2743.241
2743.642
2744.043
2744.444
2744.845
2745.246
2745.65
2746.108
2746.566
2747.024
2747.482
2747.94
2748.398
2748.856
2749.314
2749.772
2750.23
2750.688
2751.146
2751.604
2752.062
2752.52
2752.978
2753.436
2753.9
2754.258
2754.616
2754.974
2755.332
2755.69
2756.048
2756.406
2756.764
2757.122
2757.48
2757.838
2758.196
2758.554
2758.912
2759.27
2759.628
2759.986
2760.344
2760.702
2761.06
2761.348
2761.636
2761.924
2762.212
2762.5
2762.788
2763.076
2763.364
2763.652
2763.94
2764.228
2764.516
2764.804
2765.092
2765.38
2765.668
2765.956
2766.24
2766.761
2767.282
2767.803
2768.324
2768.845
2769.366
2769.887
2770.408
2770.929
2771.45
2771.971
2772.492
2773.013
2773.534
2774.055
2774.576
2775.09
2775.369
2775.648
2775.927
2776.206
2776.485
2776.764
2777.043
2777.322
2777.601
2777.88
2778.159
2778.438
2778.716
2778.994
2779.273
2779.552
2779.831
2780.11
2780.389
2780.66
2782.242
2783.825
2785.407
2786.99
2787.645
2788.3
2788.955
2789.61
2790.265
2790.92
2791.575
2792.23
2792.885
2793.54
2794.195
2794.85
2795.505
2796.16
2796.815
2797.47
2798.13
2798.387
2798.644
2798.901
2799.158
2799.415
2799.672
2799.929
2800.186
2800.443
2800.7
2800.957
2801.214
2801.471
2801.728
2801.985
2802.242
2802.501
2802.932
2803.363
2803.794
2804.225
2804.656
2805.087
2805.518
2805.949
2806.38
2806.811
2807.242
2807.673
2808.104
2808.535
2808.966
2809.39
2809.631
2809.872
2810.113
2810.354
2810.595
2810.836
2811.077
2811.318
2811.559
2811.8
2812.041
2812.282
2812.523
2812.764
2813.005
2813.246
2813.49
2813.818
2814.146
2814.474
2814.802
2815.13
2815.458
2815.786
2816.114
2816.442
2816.77
2817.098
2817.426
2817.754
2818.082
2818.41
2818.738
2819.066
2819.39
2819.665
2819.94
2820.215
2820.49
2820.765
2821.04
2821.315
2821.59
2821.865
2822.14
2822.415
2822.69
2822.965
2823.24
2823.515
2823.79
2824.06
2824.589
2825.118
2825.647
2826.176
2826.705
2827.234
2827.763
2828.292
2828.821
2829.35
2829.88
2830.326
2830.772
2831.218
2831.664
2832.11
2832.556
2833.002
2833.448
2833.894
2834.34
2834.786
2835.232
2835.678
2836.124
2836.57
2837.01
2837.308
2837.606
2837.904
2838.202
2838.5
2838.798
2839.096
2839.394
2839.692
2839.99
2840.288
2840.586
2840.884
2841.182
2841.48
2841.778
2842.07
2842.435
2842.8
2843.165
2843.53
2843.895
2844.26
2844.625
2844.99
2845.355
2845.72
2846.085
2846.45
2846.815
2847.18
2847.545
2847.91
2848.275
2848.64
2849.005
2849.37
2849.74
2850.006
2850.272
2850.538
2850.804
2851.07
2851.336
2851.602
2851.868
2852.134
2852.4
2852.666
2852.932
2853.198
2853.464
2853.73
2853.996
2854.262
2854.528
2854.79
2855.124
2855.458
2855.792
2856.126
2856.46
2856.794
2857.128
2857.462
2857.796
2858.13
2858.464
2858.798
2859.132
2859.466
2859.8
2860.134
2860.468
2860.8
2861.131
2861.462
2861.793
2862.124
2862.455
2862.786
2863.117
2863.448
2863.779
2864.11
2864.441
2864.772
2865.103
2865.434
2865.765
2866.1
2866.486
2866.872
2867.258
2867.644
2868.03
2868.416
2868.802
2869.188
2869.574
2869.96
2870.346
2870.732
2871.118
2871.504
2871.89
2872.276
2872.662
2873.05
2873.593
2874.135
2874.678
2875.22
2875.762
2876.305
2876.847
2877.39
2877.932
2878.474
2879.017
2879.56
2879.671
2879.782
2879.893
2880.004
2880.115
2880.226
2880.337
2880.448
2880.56
2880.758
2880.956
2881.154
2881.352
2881.55
2881.748
2881.946
2882.144
2882.342
2882.54
2882.738
2882.936
2883.134
2883.332
2883.53
2883.728
2883.926
2884.124
2884.33
2885.231
2886.132
2887.033
2887.934
2888.835
2889.736
2890.637
2891.538
2892.439
2893.34
2894.241
2895.142
2896.043
2896.944
2897.845
2898.746
2899.647
2900.55
2901.017
2901.484
2901.951
2902.418
2902.885
2903.352
2903.819
2904.286
2904.753
2905.22
2905.687
2906.154
2906.621
2907.088
2907.555
2908.022
2908.489
2908.96
2909.179
2909.398
2909.617
2909.836
2910.055
2910.274
2910.493
2910.712
2910.931
2911.15
2911.369
2911.588
2911.807
2912.026
2912.245
2912.464
2912.683
2912.91
2913.217
2913.524
2913.831
2914.138
2914.445
2914.752
2915.059
2915.366
2915.673
2915.98
2916.287
2916.594
2916.901
2917.208
2917.515
2917.822
2918.13
2918.755
2919.38
2920.005
2920.63
2921.255
2921.88
2922.505
2923.13
2923.755
2924.38
2925.005
2925.63
2926.25
2926.576
2926.902
2927.228
2927.554
2927.88
2928.206
2928.53
2929.031
2929.532
2930.033
2930.534
2931.035
2931.536
2932.037
2932.538
2933.039
2933.54
2934.041
2934.542
2935.043
2935.544
2936.045
2936.546
2937.05
2937.752
2938.454
2939.156
2939.858
2940.56
2941.262
2941.964
2942.666
2943.368
2944.07
2944.772
2945.474
2946.176
2946.878
2947.58
2948.111
2948.642
2949.173
2949.704
2950.235
2950.766
2951.297
2951.828
2952.359
2952.89
2953.421
2953.952
2954.483
2955.014
2955.545
2956.08
2956.446
2956.812
2957.178
2957.544
2957.91
2958.276
2958.642
2959.008
2959.374
2959.74
2960.106
2960.472
2960.838
2961.204
2961.57
2961.936
2962.3
2962.614
2962.928
2963.242
2963.556
2963.87
2964.184
2964.498
2964.812
2965.126
2965.44
2965.754
2966.068
2966.382
2966.696
2967.01
2967.324
2967.638
2967.96
2968.494
2969.028
2969.562
2970.096
2970.63
2971.164
2971.698
2972.232
2972.766
2973.3
2973.834
2974.368
2974.902
2975.436
2975.97
2976.5
2977.321
2978.142
2978.963
2979.784
2980.605
2981.426
2982.247
2983.068
2983.889
2984.71
2985.531
2986.352
2987.173
2987.99
2988.54
2989.09
2989.64
2990.19
2990.74
2991.29
2991.84
2992.39
2992.94
2993.49
2994.04
2994.59
2995.14
2995.69
2996.24
2996.79
2997.34
2997.89
2998.27
2998.65
2999.03
2999.41
2999.79
3000.17
3000.55
3000.93
3001.31
3001.69
3002.07
3002.45
3002.83
3003.21
3003.59
3003.97
3004.35
3004.73
3005.156
3005.582
3006.008
3006.434
3006.86
3007.286
3007.712
3008.138
3008.564
3008.99
3009.416
3009.842
3010.268
3010.694
3011.12
3011.546
3011.972
3012.398
3012.83
3013.253
3013.676
3014.099
3014.522
3014.945
3015.368
3015.791
3016.214
3016.637
3017.06
3017.483
3017.906
3018.329
3018.752
3019.18
3019.441
3019.702
3019.963
3020.224
3020.485
3020.746
3021.007
3021.268
3021.529
3021.79
3022.051
3022.312
3022.573
3022.834
3023.095
3023.356
3023.617
3023.878
3024.139
3024.4
3025.114
3025.828
3026.542
3027.256
3027.97
3028.684
3029.398
3030.112
3030.826
3031.54
3032.254
3032.968
3033.682
3034.396
3035.11
3035.82
3036.34
3036.86
3037.38
3037.9
3038.42
3038.94
3039.46
3039.98
3040.5
3041.02
3041.54
3042.06
3042.58
3043.1
3043.62
3044.14
3044.66
3045.014
3045.368
3045.722
3046.076
3046.43
3046.784
3047.138
3047.492
3047.846
3048.2
3048.554
3048.908
3049.262
3049.616
3049.97
3050.324
3050.67
3051.002
3051.334
3051.666
3051.998
3052.33
3052.662
3052.994
3053.326
3053.658
3053.99
3054.322
3054.654
3054.986
3055.318
3055.65
3055.982
3056.314
3056.65
3056.981
3057.312
3057.643
3057.974
3058.305
3058.636
3058.967
3059.298
3059.629
3059.96
3060.291
3060.622
3060.953
3061.284
3061.615
3061.946
3062.277
3062.6
3063.033
3063.466
3063.899
3064.332
3064.765
3065.198
3065.631
3066.064
3066.497
3066.93
3067.363
3067.796
3068.229
3068.662
3069.1
3071.673
3074.246
3076.82
3077.249
3077.678
3078.107
3078.536
3078.965
3079.394
3079.823
3080.252
3080.681
3081.11
3081.539
3081.968
3082.397
3082.826
3083.255
3083.684
3084.11
3084.382
3084.654
3084.926
3085.198
3085.47
3085.742
3086.014
3086.286
3086.558
3086.83
3087.102
3087.374
3087.646
3087.918
3088.19
3088.46
3088.787
3089.114
3089.441
3089.768
3090.095
3090.422
3090.749
3091.076
3091.403
3091.73
3092.057
3092.384
3092.711
3093.038
3093.365
3093.692
3094.02
3094.304
3094.588
3094.872
3095.156
3095.44
3095.724
3096.008
3096.292
3096.576
3096.86
3097.144
3097.428
3097.712
3097.996
3098.28
3098.564
3098.848
3099.132
3099.42
3099.752
3100.084
3100.416
3100.748
3101.08
3101.412
3101.744
3102.076
3102.408
3102.74
3103.072
3103.404
3103.736
3104.068
3104.4
3104.732
3105.07
3105.567
3106.064
3106.561
3107.058
3107.555
3108.052
3108.549
3109.046
3109.543
3110.04
3110.537
3111.034
3111.531
3112.028
3112.525
3113.022
3113.52
3113.8
3114.08
3114.36
3114.64
3114.92
3115.2
3115.48
3115.76
3116.04
3116.32
3116.6
3116.88
3117.16
3117.44
3117.72
3118.0
3118.28
3118.56
3118.84
3119.92
3120.175
3120.43
3120.685
3120.94
3121.195
3121.45
3121.705
3121.96
3122.215
3122.47
3122.725
3122.98
3123.235
3123.49
3123.745
3124.0
3124.255
3124.51
3124.934
3125.358
3125.782
3126.206
3126.63
3127.054
3127.478
3127.902
3128.326
3128.75
3129.174
3129.598
3130.022
3130.446
3130.87
3131.299
3131.728
3132.157
3132.586
3133.015
3133.444
3133.873
3134.302
3134.731
3135.16
3135.589
3136.018
3136.447
3136.876
3137.305
3137.734
3138.163
3138.59
3139.123
3139.656
3140.189
3140.722
3141.255
3141.788
3142.321
3142.854
3143.387
3143.92
3144.453
3144.986
3145.519
3146.052
3146.585
3147.118
3147.651
3148.18
3148.668
3149.156
3149.644
3150.132
3150.62
3151.108
3151.596
3152.084
3152.572
3153.06
3153.548
3154.036
3154.524
3155.012
3155.5
3155.988
3156.476
3156.961
3157.317
3157.673
3158.029
3158.385
3158.741
3159.097
3159.453
3159.809
3160.165
3160.521
3160.877
3161.233
3161.589
3161.945
3162.301
3162.65
3163.026
3163.402
3163.778
3164.154
3164.53
3164.906
3165.282
3165.658
3166.034
3166.41
3166.786
3167.162
3167.538
3167.914
3168.29
3168.666
3169.04
3169.483
3169.926
3170.369
3170.812
3171.255
3171.698
3172.14
3172.47
3172.8
3173.131
3173.461
3173.791
3174.122
3174.452
3174.783
3175.113
3175.443
3175.774
3176.104
3176.434
3176.765
3177.095
3177.425
3177.756
3178.086
3178.416
3178.75
3178.994
3179.238
3179.482
3179.726
3179.97
3180.214
3180.458
3180.702
3180.946
3181.19
3181.434
3181.678
3181.922
3182.166
3182.41
3182.654
3182.901
3182.957
3183.013
3183.069
3183.125
3183.181
3183.237
3183.293
3183.349
3183.405
3183.461
3183.517
3183.573
3183.629
3183.685
3183.741
3183.797
3183.853
3183.901
3184.051
3184.201
3184.351
3184.501
3184.651
3184.801
3184.951
3185.101
3185.251
3185.401
3185.551
3185.701
3185.851
3186.001
3186.151
3186.3
3186.862
3187.424
3187.986
3188.548
3189.11
3189.672
3190.234
3190.796
3191.358
3191.92
3192.482
3193.044
3193.606
3194.168
3194.73
3195.398
3196.066
3196.734
3197.402
3198.07
3198.738
3199.406
3200.074
3200.742
3201.41
3201.767
3202.124
3202.481
3202.838
3203.195
3203.552
3203.909
3204.266
3204.623
3204.98
3205.337
3205.694
3206.051
3206.408
3206.765
3207.122
3207.479
3207.84
3208.111
3208.382
3208.653
3208.924
3209.195
3209.466
3209.737
3210.008
3210.279
3210.55
3210.821
3211.092
3211.363
3211.634
3211.905
3212.17
3212.791
3213.412
3214.033
3214.654
3215.275
3215.896
3216.517
3217.138
3217.759
3218.38
3219.001
3219.622
3220.243
3220.864
3221.485
3222.1
3222.537
3222.974
3223.411
3223.848
3224.285
3224.722
3225.159
3225.596
3226.033
3226.47
3226.907
3227.344
3227.781
3228.218
3228.655
3229.09
3229.432
3229.774
3230.116
3230.458
3230.8
3231.142
3231.484
3231.826
3232.168
3232.51
3232.852
3233.194
3233.536
3233.88
3234.356
3234.832
3235.308
3235.784
3236.26
3236.736
3237.212
3237.688
3238.164
3238.64
3239.116
3239.592
3240.068
3240.55
3241.038
3241.526
3242.014
3242.502
3242.99
3243.478
3243.966
3244.454
3244.942
3245.43
3245.918
3246.406
3246.894
3247.382
3247.87
3248.358
3248.846
3249.33
3249.824
3250.318
3250.812
3251.306
3251.8
3252.294
3252.788
3253.282
3253.776
3254.27
3254.764
3255.258
3255.752
3256.246
3256.74
3257.234
3257.73
3258.115
3258.5
3258.885
3259.27
3259.655
3260.04
3260.425
3260.81
3261.195
3261.58
3261.965
3262.35
3262.735
3263.12
3263.5
3264.082
3264.664
3265.246
3265.828
3266.41
3266.992
3267.574
3268.156
3268.738
3269.32
3269.902
3270.484
3271.066
3271.648
3272.23
3272.812
3273.394
3273.98
3274.675
3275.37
3276.065
3276.76
3277.455
3278.15
3278.845
3279.54
3280.235
3280.93
3281.625
3282.32
3283.015
3283.71
3284.405
3285.1
3285.79
3286.693
3287.596
3288.499
3289.401
3290.303
3291.206
3292.109
3293.01
3293.525
3294.04
3294.555
3295.07
3295.585
3296.1
3296.615
3297.13
3297.645
3298.16
3298.675
3299.19
3299.705
3300.22
3300.735
3301.25
3301.76
3302.153
3302.546
3302.939
3303.332
3303.725
3304.118
3304.511
3304.904
3305.297
3305.69
3306.083
3306.476
3306.869
3307.262
3307.655
3308.048
3308.44
3308.929
3309.418
3309.907
3310.396
3310.885
3311.374
3311.863
3312.352
3312.841
3313.33
3313.819
3314.308
3314.797
3315.286
3315.775
3316.264
3316.75
3317.065
3317.38
3317.695
3318.01
3318.325
3318.64
3318.955
3319.27
3319.585
3319.9
3320.215
3320.53
3320.845
3321.16
3321.48
3321.882
3322.284
3322.686
3323.088
3323.49
3323.892
3324.294
3324.696
3325.098
3325.5
3325.902
3326.304
3326.706
3327.108
3327.51
3327.882
3328.254
3328.626
3328.998
3329.37
3329.742
3330.114
3330.486
3330.858
3331.23
3331.602
3331.974
3332.346
3332.718
3333.09
3333.462
3333.84
3334.159
3334.478
3334.797
3335.116
3335.435
3335.754
3336.073
3336.392
3336.711
3337.03
3337.349
3337.668
3337.987
3338.306
3338.63
3340.3
3341.97
3342.882
3343.794
3344.706
3345.619
3346.532
3347.445
3348.358
3349.271
3350.184
3351.097
3352.01
3352.923
3353.835
3354.747
3355.659
3356.572
3357.485
3358.398
3359.311
3360.22
3360.642
3361.064
3361.486
3361.908
3362.33
3362.752
3363.174
3363.596
3364.018
3364.44
3364.862
3365.284
3365.706
3366.128
3366.55
3366.972
3367.394
3367.82
3368.465
3369.11
3369.755
3370.399
3371.043
3371.688
3372.332
3372.976
3373.62
3374.264
3374.909
3375.553
3376.197
3376.841
3377.485
3378.13
3378.774
3379.418
3380.062
3380.71
3381.325
3381.94
3382.555
3383.17
3383.785
3384.4
3385.015
3385.63
3386.245
3386.86
3387.475
3388.09
3388.705
3389.32
3389.935
3390.55
3391.17
3391.443
3391.716
3391.989
3392.262
3392.535
3392.808
3393.081
3393.354
3393.627
3393.9
3394.173
3394.446
3394.719
3394.992
3395.265
3395.538
3395.811
3396.08
3396.581
3397.082
3397.583
3398.084
3398.585
3399.086
3399.587
3400.088
3400.589
3401.09
3401.591
3402.092
3402.593
3403.094
3403.595
3404.096
3404.603
3405.279
3405.955
3406.631
3407.307
3407.983
3408.659
3409.335
3410.011
3410.69
3411.099
3411.508
3411.917
3412.326
3412.735
3413.144
3413.553
3413.962
3414.371
3414.78
3415.189
3415.598
3416.007
3416.416
3416.825
3417.24
3417.738
3418.236
3418.734
3419.232
3419.73
3420.228
3420.726
3421.224
3421.722
3422.22
3422.718
3423.216
3423.714
3424.212
3424.71
3425.653
3426.595
3427.537
3428.479
3429.421
3430.363
3431.305
3432.25
3433.848
3435.446
3437.044
3438.642
3440.24
3441.838
3443.436
3445.034
3446.632
3448.23
3449.828
3451.426
3453.024
3454.622
3456.22
3457.818
3459.416
3461.01
3461.451
3461.892
3462.333
3462.774
3463.215
3463.656
3464.097
3464.538
3464.979
3465.42
3465.861
3466.302
3466.743
3467.184
3467.625
3468.06
3468.451
3468.842
3469.233
3469.624
3470.015
3470.406
3470.797
3471.19
3471.642
3472.094
3472.546
3472.998
3473.45
3473.902
3474.354
3474.806
3475.258
3475.71
3476.162
3476.614
3477.066
3477.518
3477.97
3478.37
3478.771
3479.172
3479.573
3479.974
3480.375
3480.776
3481.177
3481.578
3481.979
3482.38
3482.781
3483.182
3483.582
3483.983
3484.384
3484.785
3485.186
3485.587
3485.98
3486.551
3487.122
3487.693
3488.264
3488.835
3489.406
3489.977
3490.548
3491.119
3491.69
3492.261
3492.832
3493.403
3493.974
3494.545
3495.12
3495.499
3495.878
3496.257
3496.636
3497.015
3497.394
3497.773
3498.152
3498.531
3498.91
3499.289
3499.668
3500.047
3500.426
3500.805
3501.184
3501.563
3501.95
3502.372
3502.794
3503.216
3503.638
3504.06
3504.482
3504.904
3505.326
3505.748
3506.17
3506.592
3507.014
3507.436
3507.858
3508.28
3508.7
3509.084
3509.468
3509.852
3510.236
3510.62
3511.004
3511.388
3511.772
3512.156
3512.54
3512.924
3513.308
3513.692
3514.076
3514.46
3514.844
3515.228
3515.61
3515.968
3516.326
3516.684
3517.042
3517.4
3517.758
3518.116
3518.474
3518.832
3519.19
3519.548
3519.906
3520.264
3520.622
3520.98
3521.338
3521.696
3522.06
3522.425
3522.79
3523.155
3523.52
3523.885
3524.25
3524.615
3524.98
3525.345
3525.71
3526.075
3526.44
3526.805
3527.17
3527.535
3527.9
3528.27
3528.537
3528.804
3529.071
3529.338
3529.605
3529.872
3530.139
3530.406
3530.673
3530.94
3531.207
3531.474
3531.741
3532.008
3532.28
3532.553
3532.826
3533.099
3533.372
3533.645
3533.918
3534.191
3534.464
3534.737
3535.01
3535.283
3535.556
3535.829
3536.102
3536.375
3536.648
3536.921
3537.194
3537.467
3537.74
3538.01
3538.374
3538.738
3539.102
3539.466
3539.83
3540.194
3540.558
3540.922
3541.286
3541.65
3542.014
3542.378
3542.742
3543.106
3543.47
3543.834
3544.198
3544.56
3545.074
3545.588
3546.102
3546.616
3547.13
3547.644
3548.158
3548.672
3549.186
3549.7
3550.214
3550.728
3551.242
3551.756
3552.27
3552.784
3553.298
3553.812
3554.32
3554.758
3555.196
3555.634
3556.072
3556.51
3556.948
3557.386
3557.824
3558.262
3558.7
3559.138
3559.576
3560.014
3560.452
3560.89
3561.328
3561.766
3562.204
3562.64
3563.3
3563.96
3564.62
3565.28
3565.94
3566.6
3567.26
3567.92
3568.58
3569.24
3569.9
3570.56
3571.22
3571.88
3572.256
3572.632
3573.008
3573.384
3573.76
3574.136
3574.512
3574.888
3575.264
3575.64
3576.016
3576.392
3576.768
3577.144
3577.52
3577.891
3578.285
3578.679
3579.073
3579.467
3579.861
3580.255
3580.649
3581.043
3581.437
3581.831
3582.225
3582.619
3583.013
3583.407
3583.801
3584.19
3584.799
3585.408
3586.017
3586.626
3587.235
3587.844
3588.453
3589.062
3589.671
3590.28
3590.889
3591.498
3592.107
3592.72
3593.08
3593.44
3593.8
3594.16
3594.52
3594.88
3595.24
3595.6
3595.96
3596.32
3596.68
3597.04
3597.4
3597.76
3597.76
3597.76
3597.76
3597.76
3597.76
3597.76
3597.76
3597.76
3597.76
