61.43
62.745
64.06
65.375
66.69
68.005
69.32
70.635
71.95
73.265
74.58
75.89
76.114
76.338
76.562
76.786
77.01
77.234
77.458
77.682
77.906
78.13
78.354
78.578
78.802
79.026
79.25
79.474
79.698
79.93
80.378
80.826
81.274
81.722
82.17
82.618
83.066
83.514
83.962
84.41
84.858
85.306
85.754
86.202
86.65
87.098
87.546
88.0
88.434
88.868
89.302
89.736
90.17
90.604
91.038
91.472
91.906
92.34
92.774
93.208
93.642
94.076
94.51
95.51
95.913
96.316
96.719
97.122
97.525
97.928
98.331
98.734
99.137
99.54
99.943
100.346
100.749
101.152
101.56
103.11
103.655
104.2
104.745
105.29
105.835
106.38
106.925
107.47
108.015
108.56
109.105
109.65
110.195
110.74
111.077
111.415
111.752
112.089
112.427
112.764
113.101
113.439
113.776
114.113
114.451
114.79
115.077
115.364
115.651
115.938
116.225
116.512
116.799
117.086
117.373
117.66
117.947
118.234
118.521
118.808
119.095
119.38
119.786
120.192
120.598
121.004
121.41
121.816
122.222
122.628
123.034
123.44
123.846
124.252
124.658
125.064
125.47
125.876
126.29
126.544
126.798
127.052
127.306
127.56
127.859
128.158
128.457
128.756
129.055
129.354
129.65
130.035
130.42
130.805
131.19
131.575
131.96
132.345
132.73
133.115
133.5
133.885
134.27
134.655
135.04
135.425
135.81
136.038
136.266
136.494
136.722
136.95
137.178
137.406
137.634
137.862
138.09
138.318
138.546
138.774
139.002
139.23
139.458
139.686
139.92
140.294
140.668
141.042
141.416
141.79
142.164
142.538
142.91
143.154
143.398
143.642
143.886
144.13
144.374
144.618
144.862
145.106
145.35
145.594
145.838
146.082
146.326
146.57
146.814
147.05
147.545
148.04
148.535
149.03
149.525
150.02
150.515
151.01
151.227
151.445
151.662
151.88
152.097
152.315
152.532
152.75
152.968
153.185
153.403
153.62
153.838
154.055
154.273
154.49
154.633
154.776
154.919
155.062
155.205
155.348
155.49
155.777
156.064
156.351
156.638
156.925
157.212
157.499
157.786
158.073
158.36
158.647
158.934
159.221
159.508
159.795
160.082
160.369
160.65
163.025
165.4
165.88
166.36
166.84
167.32
167.8
168.28
168.76
169.24
169.72
170.2
170.68
171.16
171.64
172.12
172.6
173.08
173.56
173.832
174.104
174.376
174.648
174.92
175.045
175.17
175.295
175.42
175.545
175.67
175.795
175.92
176.633
177.346
178.059
178.772
179.485
180.198
180.911
181.624
182.337
183.05
183.456
183.862
184.268
184.674
185.08
185.486
185.892
186.298
186.7
187.058
187.416
187.774
188.132
188.49
188.848
189.206
189.564
189.922
190.28
190.638
190.996
191.354
191.712
192.07
192.428
192.786
193.144
193.5
193.769
194.038
194.307
194.576
194.845
195.114
195.383
195.652
195.921
196.19
196.459
196.728
196.997
197.266
197.535
197.804
198.079
199.079
199.494
199.909
200.324
200.739
201.154
201.569
201.984
202.399
202.814
203.229
203.644
204.059
204.474
204.889
205.304
205.72
206.312
206.904
207.496
208.088
208.68
209.272
209.864
210.456
211.048
211.64
212.23
212.614
212.998
213.382
213.766
214.15
214.534
214.918
215.302
215.686
216.07
216.454
216.838
217.222
217.606
217.989
218.246
218.503
218.76
219.017
219.274
219.531
219.788
220.045
220.302
220.559
220.816
221.073
221.33
221.587
221.84
222.331
222.822
223.313
223.804
224.295
224.786
225.277
225.768
226.259
226.75
227.241
227.732
228.223
228.714
229.209
229.5
229.791
230.082
230.373
230.664
230.955
231.246
231.537
231.828
232.119
232.41
232.701
232.992
233.283
233.574
233.86
234.221
234.582
234.943
235.304
235.665
236.026
236.387
236.748
237.109
237.47
237.831
238.192
238.553
238.91
240.06
241.21
242.359
242.809
243.259
243.709
244.159
244.609
245.06
245.541
246.022
246.503
246.984
247.465
247.946
248.427
248.908
249.389
249.87
250.351
250.832
251.31
251.673
252.036
252.399
252.762
253.125
253.488
253.851
254.214
254.577
254.94
255.303
255.666
256.029
256.392
256.755
257.12
257.292
257.464
257.636
257.808
257.98
258.15
258.455
258.76
259.065
259.37
259.675
259.98
260.285
260.59
261.105
261.62
262.135
262.65
263.165
263.68
264.195
264.71
265.225
265.74
266.255
266.77
267.285
267.8
268.31
268.736
269.162
269.588
270.014
270.44
270.81
271.18
271.55
271.921
272.291
272.661
273.031
273.401
273.772
274.142
274.512
274.882
275.252
275.623
275.993
276.363
276.733
277.103
277.474
277.85
278.168
278.486
278.803
279.12
279.438
279.755
280.072
280.389
280.707
281.024
281.341
281.659
281.976
282.293
282.611
282.93
283.426
283.922
284.419
284.637
284.855
285.073
285.291
285.509
285.727
285.945
286.163
286.381
286.599
286.817
287.035
287.253
287.471
287.689
287.907
288.12
288.589
289.058
289.527
289.996
290.465
290.934
291.403
291.872
292.341
292.81
293.368
293.926
294.484
295.042
295.6
296.158
296.716
297.274
297.832
298.39
298.948
299.506
300.064
300.622
301.18
301.433
301.686
301.939
302.192
302.445
302.698
302.951
303.204
303.457
303.71
303.963
304.216
304.469
304.722
304.97
305.271
305.572
305.873
306.174
306.475
306.776
307.077
307.378
307.679
307.98
308.281
308.582
308.883
309.184
309.485
309.786
310.087
310.388
310.69
310.985
311.28
311.575
311.87
312.165
312.46
312.755
313.05
313.345
313.64
313.935
314.229
315.351
316.473
317.595
318.717
319.84
320.403
320.966
321.529
322.092
322.655
323.218
323.781
324.344
324.907
325.47
326.033
326.596
327.159
327.722
328.285
328.848
329.411
329.97
330.245
330.52
330.795
331.07
331.345
331.62
331.895
332.17
332.445
332.72
332.995
333.27
333.545
333.82
334.095
334.37
334.645
334.919
335.129
335.339
335.549
335.759
335.969
336.179
336.389
336.724
337.059
337.394
337.729
338.064
338.399
338.734
339.069
339.404
339.739
340.074
340.409
340.744
341.079
341.41
341.72
342.03
342.34
342.65
342.96
343.27
343.58
343.89
344.2
344.51
344.82
345.13
345.44
345.75
346.06
346.37
346.68
346.99
347.3
347.802
348.304
348.806
349.308
349.81
350.312
350.814
351.316
351.818
352.32
352.822
353.324
353.826
354.328
354.83
355.332
355.834
356.34
356.733
357.126
357.519
357.912
358.305
358.698
359.091
359.484
359.877
360.27
360.663
361.056
361.449
361.842
362.235
362.628
363.021
363.41
363.91
364.41
364.734
365.058
365.382
365.706
366.03
366.354
366.678
367.002
367.33
368.26
369.19
370.12
371.05
371.98
372.91
373.84
374.77
375.699
376.148
376.597
377.046
377.495
377.944
378.393
378.842
379.291
379.74
380.189
380.638
381.087
381.536
381.985
382.434
382.883
383.33
383.784
384.238
384.692
385.146
385.6
386.054
386.509
386.767
387.025
387.283
387.541
387.799
388.057
388.315
388.573
388.831
389.089
389.347
389.605
389.863
390.121
390.38
390.681
390.982
391.283
391.584
391.885
392.186
392.487
392.788
393.089
393.39
393.691
393.99
394.642
395.294
395.946
396.598
397.25
397.902
398.554
399.206
399.858
400.51
401.162
401.814
402.466
403.118
403.77
404.349
404.928
405.507
406.086
406.665
407.244
407.823
408.402
408.981
409.56
410.139
410.718
411.297
411.876
412.455
413.034
413.62
413.865
414.11
414.355
414.6
414.845
415.09
415.335
415.58
415.825
416.07
416.315
416.56
416.805
417.05
417.295
417.54
417.78
418.517
419.254
419.991
420.729
421.33
421.931
422.532
423.133
423.734
424.335
424.936
425.537
426.138
426.739
427.34
427.941
428.539
429.605
430.671
431.737
432.803
433.869
434.935
436.001
437.067
438.129
438.343
438.557
438.771
438.985
439.199
439.413
439.627
439.841
440.055
440.269
440.483
440.699
441.011
441.323
441.635
441.947
442.259
442.571
442.883
443.195
443.507
443.819
444.131
444.439
444.709
444.979
445.249
445.519
445.789
446.059
446.329
446.599
446.869
447.139
447.409
447.679
447.949
448.219
448.49
448.743
448.996
449.249
449.502
449.755
450.008
450.261
450.514
450.767
451.02
451.273
451.526
451.779
452.032
452.289
452.708
453.127
453.546
453.965
454.384
454.803
455.222
455.641
456.06
456.479
456.898
457.317
457.736
458.159
458.582
459.005
459.428
459.851
460.274
460.697
461.12
461.543
461.966
462.389
462.812
463.235
463.658
464.081
464.504
464.927
465.35
465.773
466.196
466.62
466.9
467.18
467.46
467.74
468.02
468.3
468.58
468.86
469.139
469.486
469.832
470.178
470.524
470.87
471.216
471.562
471.909
472.255
472.601
472.947
473.293
473.639
473.99
474.414
474.838
475.262
475.686
476.11
476.534
476.958
477.38
477.848
478.316
478.784
479.252
479.72
480.188
480.656
481.124
481.592
482.06
482.528
482.996
483.464
483.932
484.4
484.868
485.34
485.815
486.29
486.765
487.24
487.715
488.19
488.665
489.14
489.615
490.09
490.565
491.04
491.515
491.99
492.465
492.939
493.326
493.713
494.1
494.487
494.874
495.261
495.65
496.585
497.52
498.455
499.39
500.325
501.26
502.195
503.13
504.065
505.0
505.284
505.568
505.852
506.136
506.419
506.967
507.515
508.063
508.611
509.159
509.707
510.255
510.8
511.02
511.24
511.46
511.68
511.9
512.12
512.34
512.56
512.78
513.0
513.22
513.44
513.66
513.88
514.1
514.32
514.54
514.76
514.98
515.2
516.324
517.448
518.572
519.696
520.82
521.073
521.326
521.579
521.832
522.085
522.338
522.591
522.844
523.097
523.35
523.603
523.856
524.109
524.362
524.615
524.868
525.121
525.37
526.335
527.3
528.265
529.23
529.695
530.16
530.625
531.09
531.555
532.02
532.485
532.95
533.415
533.88
534.275
534.67
535.065
535.46
535.855
536.25
536.645
537.04
537.435
537.83
538.225
538.62
539.015
539.41
539.805
540.2
540.595
540.99
541.38
541.547
541.714
541.881
542.048
542.215
542.38
542.861
543.342
543.823
544.304
544.785
545.266
545.747
546.228
546.709
547.19
547.671
548.152
548.633
549.114
549.595
550.076
550.56
551.093
551.626
552.159
552.692
553.225
553.758
554.29
554.775
555.26
555.745
556.23
556.715
557.2
557.685
558.17
558.655
559.14
559.625
560.11
560.595
561.08
561.565
562.05
562.535
563.02
563.5
564.06
564.62
565.032
565.444
565.856
566.268
566.68
567.092
567.504
567.916
568.328
568.74
569.201
569.662
570.123
570.584
571.045
571.506
571.967
572.43
572.753
573.076
573.399
573.722
574.045
574.368
574.691
575.014
575.337
575.66
576.068
576.476
576.884
577.292
577.7
578.108
578.516
578.924
579.332
579.74
580.148
580.556
580.964
581.372
581.78
582.188
582.596
583.0
583.502
584.004
584.506
585.008
585.51
586.01
586.352
586.694
587.036
587.378
587.72
588.062
588.404
588.746
589.088
589.43
589.769
590.069
590.369
590.669
590.969
591.269
591.569
591.869
592.169
592.469
592.769
593.069
593.369
593.669
593.969
594.269
594.569
594.87
596.37
597.87
599.37
599.722
600.074
600.426
600.778
601.13
601.482
601.834
602.186
602.538
602.89
603.242
603.594
603.946
604.298
604.65
605.002
605.35
606.227
607.104
607.981
608.858
609.735
610.612
611.49
611.83
612.17
612.51
612.85
613.19
613.53
613.87
614.295
614.72
615.145
615.57
615.995
616.42
616.845
617.27
617.695
618.12
618.545
618.97
619.395
619.82
620.245
620.67
621.108
621.546
621.984
622.422
622.86
623.298
623.736
624.174
624.612
625.05
625.488
625.926
626.364
626.8
627.173
627.546
627.919
628.292
628.665
629.038
629.411
629.784
630.157
630.529
630.712
630.895
631.078
631.261
631.444
631.627
631.81
632.143
632.476
632.809
633.142
633.475
633.808
634.141
634.474
634.807
635.14
635.473
635.806
636.139
636.472
636.805
637.138
637.471
637.81
638.36
638.91
639.46
640.01
640.56
641.11
641.66
642.209
642.595
642.981
643.367
643.753
644.139
644.525
644.911
645.297
645.683
646.069
646.455
646.841
647.227
647.613
647.999
648.385
648.771
649.157
649.543
649.929
650.31
650.815
651.32
651.825
652.33
652.835
653.34
653.845
654.35
654.855
655.36
655.865
656.37
656.88
657.406
657.932
658.458
658.984
659.51
660.036
660.562
661.088
661.614
662.14
662.666
663.192
663.718
664.244
664.77
665.29
665.678
666.067
666.456
666.845
667.234
667.623
668.012
668.4
668.788
669.177
669.566
669.955
670.344
670.733
671.121
671.51
671.899
672.288
672.677
673.06
673.35
673.64
673.93
674.22
674.492
674.764
675.036
675.308
675.58
675.852
676.124
676.396
676.668
676.94
677.212
677.484
677.756
678.028
678.3
678.57
678.926
679.282
679.638
679.994
680.35
680.706
681.062
681.418
681.774
682.13
682.486
682.842
683.198
683.554
683.91
684.266
684.622
684.978
685.339
687.416
689.493
691.57
691.865
692.16
692.455
692.75
693.045
693.34
693.635
693.93
694.225
694.52
694.815
695.11
695.405
695.7
695.995
696.29
696.59
696.915
697.24
697.565
697.89
698.215
698.54
698.718
698.896
699.074
699.252
699.43
699.608
699.786
699.964
700.142
700.32
700.498
700.676
700.854
701.032
701.21
701.388
701.566
701.744
701.922
702.1
702.278
702.456
702.634
702.81
703.039
703.268
703.497
703.726
703.955
704.184
704.413
704.642
704.871
705.1
705.329
705.558
705.787
706.016
706.245
706.474
706.703
706.932
707.161
707.39
707.61
707.777
707.944
708.111
708.278
708.445
708.61
708.922
709.234
709.546
709.858
710.17
710.482
710.794
711.106
711.418
711.73
712.042
712.354
712.666
712.978
713.29
713.602
713.914
714.23
714.549
714.868
715.187
715.506
715.825
716.144
716.463
716.782
717.101
717.42
717.739
718.058
718.377
718.696
719.015
719.334
719.653
719.972
720.291
720.61
720.929
721.25
722.25
722.51
722.77
723.03
723.29
723.55
723.81
724.07
724.33
724.59
724.85
725.11
725.37
725.63
725.89
726.15
726.41
726.67
726.93
727.19
727.45
728.45
728.904
729.358
729.812
730.266
730.72
731.174
731.628
732.082
732.536
732.99
733.444
733.899
734.09
734.281
734.472
734.663
734.854
735.045
735.236
735.427
735.618
735.809
736.0
736.191
736.38
736.584
736.788
736.992
737.196
737.4
737.604
737.808
738.012
738.216
738.42
738.624
738.828
739.032
739.236
739.44
739.644
739.848
740.05
742.062
744.075
746.088
748.1
748.363
748.626
748.889
749.152
749.415
749.678
749.941
750.204
750.467
750.73
750.956
751.182
751.408
751.634
751.86
752.086
752.312
752.538
752.764
752.99
753.216
753.442
753.668
753.894
754.12
754.346
754.572
754.798
755.024
755.25
755.75
756.25
756.51
756.77
757.03
757.29
757.55
757.81
758.07
758.33
758.59
758.85
759.11
759.37
759.63
759.89
760.15
760.41
760.67
760.93
761.19
761.45
761.988
762.526
763.064
763.602
764.14
764.678
765.216
765.754
766.292
766.83
767.368
767.91
768.199
768.488
768.777
769.066
769.355
769.644
769.933
770.222
770.511
770.8
771.089
771.378
771.667
771.956
772.24
772.55
772.86
773.17
773.48
773.79
774.1
774.41
774.72
775.03
775.34
775.65
775.959
776.248
776.537
776.826
777.115
777.404
777.693
777.982
778.271
778.56
778.849
779.138
779.427
779.716
780.005
780.294
780.583
780.87
781.135
781.4
781.665
781.93
782.195
782.46
782.725
782.99
783.255
783.52
783.785
784.05
784.315
784.579
784.915
785.251
785.587
785.923
786.259
786.595
786.931
787.267
787.603
787.939
788.275
788.611
788.947
789.283
789.619
789.955
790.291
790.63
791.052
791.474
791.896
792.318
792.74
793.16
793.43
793.7
793.971
794.241
794.511
794.781
795.051
795.322
795.592
795.862
796.132
796.402
796.673
796.943
797.213
797.483
797.753
798.029
798.469
798.909
799.349
799.789
800.229
800.669
801.109
801.549
801.989
802.43
802.712
802.994
803.276
803.558
803.84
804.122
804.404
804.686
804.968
805.25
805.532
805.814
806.096
806.378
806.66
806.942
807.22
807.369
807.518
807.667
807.816
807.965
808.114
808.263
808.412
808.561
808.71
808.859
809.008
809.157
809.306
809.455
809.604
809.75
810.57
811.39
812.21
813.03
813.85
814.67
814.879
815.088
815.297
815.506
815.715
815.924
816.133
816.342
816.551
816.76
816.969
817.178
817.387
817.596
817.805
818.014
818.223
818.432
818.641
818.85
819.059
819.26
819.451
819.642
819.833
820.024
820.215
820.406
820.597
820.788
820.979
821.17
821.361
821.552
821.743
821.934
822.125
822.319
822.753
823.187
823.621
824.055
824.489
824.923
825.357
825.791
826.225
826.659
827.093
827.527
827.961
828.395
828.829
829.263
829.697
830.131
830.569
831.196
831.823
832.45
833.077
833.704
834.331
834.96
835.258
835.556
835.854
836.152
836.45
836.748
837.046
837.344
837.642
837.94
838.238
838.536
838.834
839.13
839.567
840.004
840.441
840.878
841.315
841.752
842.189
842.626
843.063
843.5
843.937
844.374
844.811
845.25
845.619
845.988
846.357
846.726
847.095
847.464
847.833
848.202
848.569
848.903
849.237
849.571
849.905
850.239
850.573
850.91
851.258
851.606
851.954
852.302
852.65
852.998
853.346
853.694
854.042
854.39
854.738
855.089
855.298
855.507
855.716
855.925
856.134
856.343
856.552
856.761
856.97
857.179
857.388
857.597
857.806
858.015
858.224
858.433
858.642
858.851
859.06
859.269
859.621
859.973
860.325
860.677
861.029
861.381
861.733
862.085
862.437
862.789
863.141
863.493
863.845
864.197
864.549
864.901
865.26
865.755
866.25
866.745
867.24
867.603
867.966
868.329
868.692
869.055
869.418
869.781
870.144
870.507
870.87
871.233
871.596
871.959
872.322
872.685
873.048
873.411
873.779
874.224
874.669
875.114
875.559
876.004
876.449
876.894
877.339
877.784
878.23
878.505
878.78
879.055
879.33
879.605
879.88
880.155
880.43
880.705
880.98
881.255
881.53
881.805
882.08
882.355
882.63
882.905
883.18
883.45
884.051
884.652
885.253
885.854
886.455
887.056
887.657
888.259
888.628
888.997
889.366
889.735
890.104
890.473
890.842
891.211
891.58
891.949
892.318
892.687
893.056
893.425
893.794
894.163
894.532
894.9
895.872
896.844
897.816
898.788
899.76
900.732
901.704
902.676
903.648
904.62
905.592
906.564
907.536
908.508
909.48
910.449
910.624
910.799
910.974
911.149
911.324
911.499
911.674
911.849
912.024
912.199
912.374
912.549
912.724
912.899
913.069
913.323
913.577
913.831
914.085
914.339
914.593
914.847
915.101
915.355
915.609
915.863
916.117
916.371
916.625
916.879
917.133
917.379
918.74
919.301
919.862
920.423
920.984
921.545
922.106
922.67
923.835
925.0
926.165
927.33
928.495
929.66
930.825
931.99
933.155
934.32
935.48
935.728
935.976
936.224
936.472
936.72
936.968
937.216
937.464
937.712
937.96
938.209
938.611
939.013
939.415
939.817
940.219
940.621
941.023
941.425
941.827
942.229
942.631
943.033
943.435
943.837
944.24
944.555
944.87
945.185
945.5
945.815
946.13
946.445
946.76
947.075
947.39
947.705
948.02
948.335
948.65
948.965
949.28
949.595
949.91
950.402
950.894
951.386
951.878
952.37
952.862
953.354
953.846
954.338
954.83
955.322
955.814
956.306
956.798
957.29
957.958
958.626
959.294
959.962
960.629
960.973
961.317
961.661
962.005
962.349
962.693
963.037
963.381
963.725
964.069
964.413
964.759
965.045
965.331
965.617
965.903
966.189
966.475
966.761
967.047
967.333
967.619
967.905
968.191
968.477
968.763
969.049
969.335
969.621
969.907
970.199
970.659
971.119
971.58
973.842
976.104
978.366
980.628
982.889
983.152
983.415
983.678
983.941
984.204
984.466
984.729
984.992
985.255
985.518
985.781
986.043
986.306
986.569
986.832
987.089
987.601
988.113
988.625
989.137
989.649
990.161
990.673
991.185
991.697
992.209
992.72
993.061
993.402
993.743
994.084
994.425
994.766
995.107
995.448
995.789
996.13
996.471
996.812
997.153
997.494
997.835
998.176
998.517
998.86
999.328
999.796
1000.264
1000.732
1001.2
1001.668
1002.136
1002.604
1003.072
1003.54
1004.008
1004.476
1004.949
1005.462
1005.975
1006.488
1007.001
1007.514
1008.027
1008.54
1009.053
1009.566
1010.079
1010.592
1011.105
1011.618
1012.131
1012.644
1013.157
1013.67
1014.183
1014.689
1015.087
1015.485
1015.883
1016.281
1016.679
1017.077
1017.475
1017.873
1018.271
1018.669
1019.069
1019.793
1020.517
1021.241
1021.965
1022.689
1023.413
1024.137
1024.861
1025.585
1026.309
1027.03
1027.289
1027.548
1027.807
1028.066
1028.325
1028.584
1028.843
1029.102
1029.361
1029.62
1029.879
1030.138
1030.397
1030.656
1030.915
1031.174
1031.439
1031.679
1031.919
1032.159
1032.399
1032.639
1032.879
1033.119
1033.36
1033.784
1034.208
1034.632
1035.056
1035.48
1035.904
1036.328
1036.752
1037.176
1037.6
1038.024
1038.448
1038.872
1039.296
1039.72
1040.14
1040.56
1040.98
1041.4
1041.82
1042.24
1042.66
1043.08
1043.5
1043.92
1044.34
1044.76
1045.18
1045.6
1046.02
1046.44
1046.86
1047.28
1047.993
1048.706
1049.418
1050.13
1050.843
1051.556
1052.269
1052.98
1053.272
1053.564
1053.856
1054.148
1054.44
1054.732
1055.024
1055.316
1055.61
1055.975
1056.34
1056.705
1057.07
1057.435
1057.8
1058.165
1058.53
1059.078
1059.626
1060.174
1060.722
1061.27
1061.818
1062.366
1062.914
1063.462
1064.01
1064.558
1065.106
1065.654
1066.202
1066.75
1067.047
1067.344
1067.641
1067.938
1068.236
1068.534
1068.832
1069.13
1069.428
1069.726
1070.024
1070.321
1070.618
1070.915
1071.212
1071.509
1071.806
1072.103
1072.4
1072.7
1072.885
1073.07
1073.255
1073.44
1073.625
1073.81
1073.995
1074.18
1074.365
1074.55
1074.73
1075.27
1075.81
1076.35
1076.89
1077.43
1077.97
1078.51
1079.05
1079.59
1080.13
1080.67
1081.21
1081.75
1081.928
1082.106
1082.284
1082.462
1082.64
1082.818
1082.996
1083.174
1083.352
1083.53
1083.708
1083.886
1084.06
1084.296
1084.532
1084.768
1085.004
1085.24
1085.476
1085.712
1085.948
1086.184
1086.42
1086.66
1086.953
1087.246
1087.539
1087.832
1088.125
1088.418
1088.711
1089.004
1089.297
1089.59
1089.883
1090.176
1090.469
1090.762
1091.055
1091.348
1091.641
1091.94
1092.94
1093.338
1093.736
1094.134
1094.532
1094.93
1095.328
1095.726
1096.124
1096.522
1096.92
1097.318
1097.716
1098.114
1098.512
1098.91
1099.308
1099.71
1100.488
1101.266
1102.044
1102.822
1103.6
1104.378
1105.156
1105.934
1106.712
1107.49
1108.268
1109.046
1109.824
1110.602
1111.38
1112.158
1112.93
1113.301
1113.672
1114.043
1114.414
1114.785
1115.156
1115.527
1115.898
1116.269
1116.64
1117.011
1117.382
1117.753
1118.124
1118.495
1118.866
1119.23
1119.652
1120.074
1120.496
1120.918
1121.34
1121.762
1122.184
1122.606
1123.028
1123.45
1123.872
1124.294
1124.716
1125.138
1125.56
1125.982
1126.404
1126.82
1128.124
1129.428
1130.732
1132.036
1133.34
1133.822
1134.304
1134.786
1135.268
1135.75
1136.232
1136.714
1137.196
1137.678
1138.16
1138.642
1139.124
1139.606
1140.088
1140.57
1141.052
1141.53
1142.148
1142.765
1143.383
1144.001
1144.619
1145.236
1145.854
1146.472
1147.09
1147.707
1148.325
1148.94
1149.108
1149.275
1149.443
1149.611
1149.779
1149.947
1150.114
1150.28
1150.484
1150.688
1150.892
1151.096
1151.3
1151.504
1151.708
1151.912
1152.116
1152.32
1152.52
1152.996
1153.472
1153.948
1154.424
1154.9
1155.376
1155.852
1156.328
1156.804
1157.28
1157.756
1158.232
1158.708
1159.184
1159.66
1160.136
1160.612
1161.09
1161.719
1162.348
1162.977
1163.606
1164.235
1164.864
1165.493
1166.122
1166.751
1167.38
1168.009
1168.638
1169.267
1169.896
1170.53
1171.049
1171.568
1172.087
1172.606
1173.125
1173.644
1174.163
1174.682
1175.201
1175.72
1176.24
1176.508
1176.776
1177.044
1177.312
1177.58
1177.848
1178.116
1178.384
1178.652
1178.92
1179.188
1179.456
1179.724
1179.992
1180.26
1180.528
1180.79
1181.469
1182.148
1182.827
1183.506
1184.185
1184.864
1185.543
1186.22
1186.823
1187.426
1188.029
1188.632
1189.235
1189.838
1190.441
1191.044
1191.647
1192.25
1192.853
1193.456
1194.059
1194.662
1195.265
1195.868
1196.471
1197.074
1197.677
1198.28
1198.89
1199.294
1199.698
1200.102
1200.506
1200.91
1201.314
1201.718
1202.122
1202.526
1202.93
1203.334
1203.738
1204.142
1204.546
1204.95
1205.354
1205.75
1206.627
1207.504
1208.38
1209.204
1210.028
1210.852
1211.676
1212.5
1213.324
1214.148
1214.972
1215.8
1216.114
1216.428
1216.742
1217.056
1217.37
1217.684
1217.998
1218.312
1218.63
1218.819
1219.008
1219.197
1219.386
1219.575
1219.764
1219.953
1220.142
1220.331
1220.52
1220.709
1220.898
1221.087
1221.28
1221.463
1221.646
1221.829
1222.012
1222.195
1222.378
1222.561
1222.744
1222.927
1223.11
1223.293
1223.476
1223.659
1223.842
1224.025
1224.208
1224.391
1224.574
1224.75
1225.466
1226.182
1226.898
1227.614
1228.33
1229.046
1229.762
1230.478
1231.194
1231.91
1232.63
1233.1
1233.57
1234.04
1234.51
1234.98
1235.45
1235.93
1236.41
1236.89
1237.37
1237.85
1238.33
1238.81
1239.29
1239.77
1240.25
1240.73
1241.21
1241.69
1242.17
1242.405
1242.64
1242.875
1243.11
1243.345
1243.58
1243.815
1244.05
1244.285
1244.52
1244.755
1244.99
1245.22
1245.635
1246.05
1246.465
1246.88
1247.295
1247.71
1248.125
1248.54
1248.955
1249.37
1249.785
1250.2
1250.615
1251.03
1251.209
1251.388
1251.567
1251.746
1251.925
1252.104
1252.283
1252.462
1252.641
1252.82
1252.999
1253.178
1253.357
1253.536
1253.715
1253.894
1254.08
1254.344
1254.608
1254.872
1255.136
1255.4
1255.664
1255.928
1256.192
1256.456
1256.72
1257.221
1257.722
1258.223
1258.724
1259.225
1259.726
1260.227
1260.728
1261.229
1261.73
1262.231
1262.732
1263.233
1263.734
1264.235
1264.736
1265.24
1266.035
1266.83
1267.625
1268.42
1269.215
1270.01
1270.497
1270.984
1271.471
1271.958
1272.445
1272.932
1273.419
1273.906
1274.393
1274.88
1275.369
1275.858
1276.347
1276.836
1277.325
1277.814
1278.303
1278.792
1279.281
1279.77
1280.26
1280.838
1281.416
1281.994
1282.572
1283.149
1283.726
1284.304
1284.882
1285.46
1286.038
1286.616
1287.19
1287.647
1288.104
1288.561
1289.018
1289.475
1289.932
1290.389
1290.846
1291.303
1291.76
1292.217
1292.674
1293.131
1293.588
1294.05
1294.371
1294.692
1295.013
1295.334
1295.655
1295.976
1296.297
1296.618
1296.939
1297.26
1297.581
1297.902
1298.223
1298.544
1298.865
1299.186
1299.507
1299.82
1300.89
1301.96
1303.03
1304.1
1305.17
1305.416
1305.662
1305.908
1306.154
1306.4
1306.646
1306.89
1307.106
1307.322
1307.538
1307.754
1307.97
1308.186
1308.402
1308.618
1308.834
1309.05
1309.266
1309.482
1309.698
1309.914
1310.13
1310.346
1310.57
1311.57
1311.909
1312.248
1312.587
1312.926
1313.265
1313.604
1313.943
1314.28
1314.943
1315.606
1316.269
1316.932
1317.595
1318.26
1318.701
1319.142
1319.583
1320.024
1320.465
1320.906
1321.347
1321.788
1322.229
1322.67
1323.111
1323.552
1323.99
1324.401
1324.812
1325.223
1325.634
1326.045
1326.456
1326.867
1327.278
1327.689
1328.1
1328.511
1328.922
1329.333
1329.744
1330.155
1330.57
1330.874
1331.178
1331.482
1331.786
1332.09
1332.394
1332.698
1333.002
1333.306
1333.61
1333.997
1334.384
1334.771
1335.158
1335.545
1335.932
1336.319
1336.706
1337.093
1337.48
1337.867
1338.254
1338.641
1339.028
1339.415
1339.8
1340.038
1340.276
1340.514
1340.752
1340.99
1341.228
1341.466
1341.704
1341.942
1342.18
1342.418
1342.66
1343.024
1343.388
1343.752
1344.116
1344.48
1344.844
1345.208
1345.572
1345.936
1346.3
1346.664
1347.028
1347.392
1347.756
1348.12
1348.49
1349.025
1349.56
1350.095
1350.63
1351.165
1351.7
1352.235
1352.77
1353.305
1353.84
1354.375
1354.91
1355.445
1355.98
1356.515
1357.05
1357.58
1358.122
1358.664
1359.206
1359.748
1360.29
1360.832
1361.374
1361.916
1362.458
1363.0
1363.542
1364.08
1364.52
1364.96
1365.4
1365.84
1366.28
1366.72
1367.16
1367.6
1368.04
1368.48
1368.92
1369.36
1369.8
1370.24
1370.68
1371.12
1371.56
1372.0
1372.447
1372.894
1373.341
1373.788
1374.235
1374.682
1375.13
1375.466
1375.802
1376.138
1376.474
1376.81
1377.146
1377.482
1377.818
1378.154
1378.49
1378.785
1379.08
1379.375
1379.67
1379.965
1380.26
1380.555
1380.85
1381.145
1381.44
1381.73
1382.137
1382.544
1382.951
1383.358
1383.765
1384.172
1384.579
1384.986
1385.393
1385.8
1386.207
1386.614
1387.02
1387.463
1387.906
1388.349
1388.792
1389.235
1389.678
1390.121
1390.564
1391.007
1391.45
1391.893
1392.336
1392.779
1393.22
1393.613
1394.006
1394.399
1394.792
1395.185
1395.578
1395.971
1396.364
1396.757
1397.15
1397.543
1397.936
1398.329
1398.722
1399.11
1399.796
1400.482
1401.168
1401.854
1402.54
1403.226
1403.91
1404.139
1404.368
1404.597
1404.826
1405.055
1405.284
1405.513
1405.742
1405.971
1406.2
1406.429
1406.658
1406.887
1407.116
1407.345
1407.574
1407.803
1408.04
1409.306
1410.572
1411.838
1413.104
1414.37
1414.826
1415.282
1415.738
1416.194
1416.65
1417.003
1417.356
1417.709
1418.062
1418.415
1418.768
1419.121
1419.474
1419.827
1420.18
1420.533
1420.886
1421.239
1421.592
1421.945
1422.298
1422.65
1423.146
1423.642
1424.138
1424.634
1425.13
1425.626
1426.122
1426.618
1427.114
1427.61
1428.106
1428.602
1429.098
1429.594
1430.09
1430.586
1431.08
1431.609
1432.138
1432.667
1433.196
1433.725
1434.254
1434.783
1435.312
1435.841
1436.37
1436.899
1437.428
1437.957
1438.486
1439.015
1439.55
1439.853
1440.156
1440.459
1440.762
1441.065
1441.368
1441.671
1441.974
1442.28
1442.657
1443.034
1443.411
1443.788
1444.165
1444.542
1444.919
1445.296
1445.673
1446.05
1446.427
1446.804
1447.181
1447.558
1447.935
1448.312
1448.69
1449.339
1449.988
1450.637
1451.286
1451.935
1452.584
1453.233
1453.882
1454.531
1455.18
1455.829
1456.48
1456.759
1457.038
1457.317
1457.596
1457.875
1458.154
1458.433
1458.712
1458.991
1459.27
1459.549
1459.828
1460.107
1460.386
1460.665
1460.944
1461.22
1461.553
1461.886
1462.22
1463.044
1463.868
1464.692
1465.516
1466.34
1467.164
1467.99
1468.896
1469.802
1470.708
1471.614
1472.52
1473.426
1474.33
1474.623
1474.916
1475.209
1475.502
1475.795
1476.088
1476.381
1476.674
1476.967
1477.26
1477.553
1477.846
1478.139
1478.432
1478.725
1479.018
1479.311
1479.604
1479.89
1480.271
1480.652
1481.033
1481.414
1481.795
1482.176
1482.557
1482.938
1483.319
1483.7
1484.081
1484.462
1484.843
1485.224
1485.6
1486.242
1486.884
1487.526
1488.168
1488.81
1489.452
1490.094
1490.736
1491.378
1492.02
1492.662
1493.304
1493.94
1494.537
1495.134
1495.731
1496.328
1496.925
1497.522
1498.119
1498.716
1499.313
1499.91
1500.507
1501.104
1501.701
1502.298
1502.89
1503.101
1503.312
1503.523
1503.734
1503.945
1504.156
1504.37
1504.99
1505.61
1506.23
1506.85
1507.47
1508.09
1508.71
1509.33
1509.95
1510.57
1511.19
1511.81
1512.43
1513.05
1513.67
1514.29
1514.91
1515.53
1516.15
1516.77
1517.035
1517.3
1517.565
1517.83
1518.095
1518.36
1518.625
1518.89
1519.155
1519.42
1519.685
1519.95
1520.215
1520.48
1520.745
1521.01
1521.28
1522.297
1523.314
1524.332
1525.35
1526.367
1527.384
1528.401
1529.42
1529.836
1530.252
1530.668
1531.084
1531.5
1531.916
1532.332
1532.748
1533.164
1533.58
1533.996
1534.412
1534.828
1535.244
1535.66
1536.07
1536.57
1537.07
1537.63
1538.19
1538.75
1539.31
1539.87
1540.43
1540.99
1541.55
1542.11
1542.67
1543.23
1543.79
1544.35
1544.91
1545.59
1546.27
1546.95
1547.63
1548.31
1548.99
1549.67
1550.35
1551.03
1551.71
1552.39
1553.07
1553.75
1554.43
1555.11
1555.79
1556.47
1557.15
1557.717
1558.284
1558.851
1559.418
1559.985
1560.552
1561.119
1561.686
1562.253
1562.82
1563.387
1563.954
1564.521
1565.09
1566.367
1567.644
1568.921
1570.198
1571.475
1572.752
1574.029
1575.306
1576.583
1577.86
1578.311
1578.762
1579.213
1579.664
1580.115
1580.566
1581.017
1581.468
1581.919
1582.37
1582.82
1583.312
1583.804
1584.296
1584.788
1585.28
1585.772
1586.264
1586.756
1587.248
1587.74
1588.23
1588.48
1588.73
1588.98
1589.23
1589.464
1589.698
1589.932
1590.166
1590.4
1590.634
1590.868
1591.102
1591.336
1591.57
1591.804
1592.04
1592.228
1592.416
1592.604
1592.792
1592.98
1593.168
1593.356
1593.544
1593.732
1593.92
1594.108
1594.296
1594.484
1594.672
1594.86
1595.048
1595.24
1596.095
1596.95
1597.236
1597.522
1597.808
1598.094
1598.38
1598.666
1598.952
1599.238
1599.524
1599.81
1600.096
1600.382
1600.668
1600.954
1601.24
1601.526
1601.812
1602.1
1602.438
1602.776
1603.114
1603.452
1603.79
1604.128
1604.466
1604.804
1605.142
1605.48
1605.818
1606.156
1606.494
1606.832
1607.17
1607.51
1607.731
1607.952
1608.173
1608.394
1608.615
1608.836
1609.057
1609.278
1609.499
1609.72
1609.941
1610.162
1610.383
1610.604
1610.825
1611.05
1611.67
1612.29
1612.91
1613.53
1614.15
1614.77
1615.113
1615.456
1615.799
1616.142
1616.485
1616.828
1617.17
1617.79
1618.41
1619.03
1619.65
1620.27
1620.89
1621.51
1622.13
1622.786
1623.442
1624.098
1624.754
1625.41
1626.066
1626.72
1627.048
1627.376
1627.704
1628.032
1628.36
1628.688
1629.016
1629.344
1629.672
1630.0
1630.328
1630.656
1630.98
1631.727
1632.474
1633.221
1633.968
1634.715
1635.462
1636.209
1636.956
1637.703
1638.45
1639.2
1639.579
1639.958
1640.337
1640.716
1641.095
1641.474
1641.853
1642.232
1642.61
1643.106
1643.602
1644.098
1644.594
1645.09
1645.586
1646.082
1646.578
1647.074
1647.57
1648.066
1648.562
1649.058
1649.554
1650.05
1650.546
1651.042
1651.538
1652.04
1652.785
1653.53
1654.275
1655.02
1655.998
1656.976
1657.954
1658.932
1659.91
1660.888
1661.866
1662.844
1663.822
1664.8
1665.778
1666.76
1667.295
1667.83
1668.24
1668.65
1669.06
1669.47
1669.88
1670.29
1670.7
1671.11
1671.487
1671.864
1672.241
1672.618
1672.995
1673.372
1673.749
1674.126
1674.503
1674.88
1675.257
1675.634
1676.011
1676.388
1676.765
1677.142
1677.519
1677.89
1678.864
1679.838
1680.812
1681.786
1682.76
1683.041
1683.322
1683.603
1683.884
1684.165
1684.446
1684.727
1685.008
1685.289
1685.57
1685.851
1686.132
1686.413
1686.694
1686.975
1687.256
1687.53
1688.268
1689.006
1689.744
1690.482
1691.22
1691.653
1692.086
1692.519
1692.952
1693.385
1693.818
1694.251
1694.684
1695.117
1695.55
1695.983
1696.416
1696.849
1697.282
1697.715
1698.15
1698.879
1699.608
1700.337
1701.066
1701.795
1702.524
1703.253
1703.982
1704.71
1704.985
1705.26
1705.535
1705.81
1706.085
1706.36
1706.635
1706.91
1707.236
1707.562
1707.888
1708.214
1708.54
1708.866
1709.192
1709.518
1709.844
1710.17
1710.496
1710.822
1711.148
1711.48
1711.803
1712.126
1712.449
1712.772
1713.095
1713.418
1713.741
1714.064
1714.387
1714.71
1715.033
1715.356
1715.679
1716.002
1716.325
1716.648
1716.971
1717.294
1717.617
1717.94
1718.44
1718.94
1719.603
1720.266
1720.929
1721.592
1722.255
1722.918
1723.581
1724.244
1724.907
1725.57
1726.233
1726.896
1727.559
1728.222
1728.885
1729.548
1730.211
1730.88
1730.992
1731.104
1731.216
1731.328
1731.44
1731.552
1731.664
1731.776
1731.888
1732.0
1732.112
1732.224
1732.336
1732.448
1732.56
1732.672
1732.784
1732.896
1733.008
1733.12
1733.232
1733.35
1733.968
1734.586
1735.204
1735.822
1736.44
1737.058
1737.676
1738.294
1738.91
1739.486
1740.062
1740.638
1741.214
1741.79
1742.366
1742.942
1743.518
1744.09
1745.102
1746.114
1747.126
1748.138
1749.15
1750.162
1751.174
1752.186
1753.198
1754.21
1755.222
1756.234
1757.246
1758.26
1758.744
1759.228
1759.712
1760.196
1760.68
1761.164
1761.648
1762.132
1762.616
1763.1
1763.584
1764.068
1764.552
1765.036
1765.52
1766.004
1766.49
1767.49
1767.795
1768.1
1768.405
1768.71
1769.015
1769.32
1769.625
1769.93
1770.235
1770.54
1770.84
1771.267
1771.694
1772.121
1772.548
1772.975
1773.402
1773.829
1774.256
1774.683
1775.11
1775.537
1775.964
1776.391
1776.818
1777.24
1777.639
1778.038
1778.437
1778.836
1779.235
1779.634
1780.033
1780.432
1780.831
1781.23
1781.629
1782.028
1782.427
1782.826
1783.225
1783.63
1784.116
1784.602
1785.088
1785.574
1786.06
1786.546
1787.032
1787.518
1788.004
1788.49
1788.976
1789.462
1789.948
1790.434
1790.92
1791.406
1791.89
1792.558
1793.226
1793.894
1794.562
1795.23
1795.898
1796.566
1797.234
1797.902
1798.57
1798.951
1799.332
1799.713
1800.094
1800.475
1800.856
1801.237
1801.618
1801.999
1802.38
1802.761
1803.142
1803.523
1803.904
1804.285
1804.67
1805.015
1805.36
1805.705
1806.05
1806.395
1806.74
1807.085
1807.43
1807.775
1808.12
1808.465
1808.81
1809.155
1809.5
1809.845
1810.19
1810.535
1810.88
1811.118
1811.356
1811.594
1811.832
1812.07
1812.308
1812.546
1812.784
1813.022
1813.26
1813.498
1813.736
1813.974
1814.212
1814.45
1814.688
1814.926
1815.164
1815.41
1815.811
1816.212
1816.613
1817.014
1817.415
1817.816
1818.217
1818.618
1819.019
1819.42
1819.82
1820.556
1821.292
1822.028
1822.764
1823.5
1824.236
1824.97
1825.367
1825.764
1826.161
1826.558
1826.955
1827.352
1827.749
1828.146
1828.543
1828.94
1829.337
1829.734
1830.131
1830.528
1830.925
1831.322
1831.719
1832.116
1832.52
1832.863
1833.206
1833.549
1833.892
1834.235
1834.578
1834.921
1835.264
1835.607
1835.95
1836.293
1836.636
1836.98
1837.344
1837.708
1838.072
1838.436
1838.8
1839.164
1839.528
1839.892
1840.256
1840.62
1841.192
1841.764
1842.336
1842.908
1843.48
1844.052
1844.624
1845.196
1845.768
1846.34
1846.773
1847.206
1847.639
1848.072
1848.505
1848.938
1849.37
1849.802
1850.235
1850.668
1851.101
1851.53
1851.731
1851.932
1852.133
1852.334
1852.535
1852.736
1852.937
1853.14
1853.347
1853.554
1853.761
1853.968
1854.175
1854.382
1854.589
1854.796
1855.003
1855.21
1855.417
1855.624
1855.831
1856.038
1856.245
1856.452
1856.659
1856.866
1857.07
1857.54
1858.01
1858.48
1858.95
1859.42
1859.89
1860.36
1860.83
1861.3
1861.77
1862.24
1862.57
1862.9
1863.23
1863.56
1863.89
1864.22
1864.55
1864.88
1865.21
1865.54
1865.87
1866.2
1866.53
1866.86
1867.19
1867.52
1867.695
1867.87
1868.045
1868.22
1868.395
1868.57
1869.111
1869.652
1870.193
1870.734
1871.275
1871.816
1872.357
1872.898
1873.439
1873.98
1874.269
1874.558
1874.847
1875.136
1875.425
1875.714
1876.003
1876.292
1876.581
1876.87
1877.159
1877.448
1877.737
1878.026
1878.315
1878.6
1879.271
1879.942
1880.613
1881.284
1881.955
1882.626
1883.297
1883.968
1884.639
1885.31
1885.981
1886.652
1887.323
1888.0
1888.341
1888.682
1889.023
1889.364
1889.705
1890.046
1890.387
1890.728
1891.069
1891.41
1891.751
1892.092
1892.433
1892.774
1893.115
1893.456
1893.797
1894.138
1894.479
1894.82
1895.325
1895.83
1896.335
1896.84
1897.164
1897.488
1897.812
1898.136
1898.46
1898.784
1899.108
1899.432
1899.756
1900.08
1900.404
1900.728
1901.052
1901.376
1901.7
1902.024
1902.35
1902.686
1903.022
1903.358
1903.694
1904.03
1904.366
1904.702
1905.04
1905.693
1906.346
1906.999
1907.652
1908.305
1908.958
1909.611
1910.264
1910.92
1911.549
1912.178
1912.807
1913.436
1914.065
1914.694
1915.323
1915.952
1916.581
1917.21
1917.84
1918.391
1918.942
1919.493
1920.044
1920.595
1921.146
1921.697
1922.248
1922.799
1923.35
1923.901
1924.452
1925.003
1925.554
1926.105
1926.656
1927.21
1927.985
1928.76
1929.087
1929.414
1929.741
1930.068
1930.395
1930.722
1931.049
1931.376
1931.703
1932.03
1932.449
1932.868
1933.287
1933.706
1934.125
1934.544
1934.963
1935.382
1935.801
1936.22
1936.639
1937.058
1937.477
1937.896
1938.315
1938.734
1939.153
1939.58
1940.138
1940.696
1941.254
1941.812
1942.37
1942.93
1943.221
1943.512
1943.803
1944.094
1944.385
1944.676
1944.967
1945.258
1945.549
1945.84
1946.131
1946.422
1946.713
1947.004
1947.295
1947.586
1947.877
1948.16
1948.606
1949.052
1949.498
1949.944
1950.39
1950.836
1951.282
1951.73
1952.186
1952.642
1953.098
1953.554
1954.01
1954.466
1954.922
1955.378
1955.834
1956.29
1956.746
1957.2
1957.465
1957.73
1957.995
1958.26
1958.525
1958.79
1959.055
1959.32
1959.585
1959.85
1960.115
1960.38
1960.645
1960.91
1961.175
1961.44
1961.705
1961.97
1962.235
1962.5
1963.101
1963.702
1964.303
1964.904
1965.505
1966.106
1966.71
1967.126
1967.542
1967.958
1968.374
1968.79
1969.206
1969.622
1970.038
1970.454
1970.87
1971.29
1972.078
1972.866
1973.654
1974.442
1975.23
1976.018
1976.806
1977.594
1978.382
1979.17
1979.498
1979.826
1980.154
1980.482
1980.81
1981.138
1981.466
1981.794
1982.122
1982.45
1982.778
1983.106
1983.434
1983.762
1984.09
1984.418
1984.75
1985.368
1985.986
1986.604
1987.222
1987.84
1988.24
1988.64
1989.041
1989.441
1989.841
1990.241
1990.641
1991.042
1991.442
1991.842
1992.243
1992.643
1993.043
1993.443
1993.843
1994.244
1994.644
1995.044
1995.445
1995.85
1997.28
1997.442
1997.604
1997.766
1997.928
1998.09
1998.252
1998.414
1998.576
1998.738
1998.9
1999.062
1999.224
1999.386
1999.548
1999.71
1999.872
2000.034
2000.196
2000.36
2000.655
2000.95
2001.245
2001.54
2001.835
2002.13
2002.425
2002.72
2003.015
2003.31
2003.605
2003.9
2004.195
2004.49
2004.79
2005.303
2005.816
2006.329
2006.842
2007.355
2007.868
2008.381
2008.894
2009.407
2009.92
2010.433
2010.95
2011.569
2012.188
2012.807
2013.426
2014.045
2014.664
2015.283
2015.902
2016.521
2017.14
2017.759
2018.378
2018.997
2019.616
2020.235
2020.85
2021.686
2022.522
2023.358
2024.194
2025.03
2025.866
2026.702
2027.538
2028.374
2029.21
2030.046
2030.882
2031.718
2032.554
2033.39
2034.226
2035.06
2037.503
2039.946
2042.39
2042.898
2043.406
2043.914
2044.422
2044.93
2045.438
2045.946
2046.454
2046.962
2047.47
2047.978
2048.486
2048.994
2049.502
2050.01
2050.52
2050.777
2051.034
2051.291
2051.548
2051.805
2052.062
2052.319
2052.576
2052.833
2053.09
2053.347
2053.604
2053.861
2054.118
2054.375
2054.632
2054.889
2055.149
2055.468
2055.787
2056.106
2056.425
2056.744
2057.063
2057.382
2057.701
2058.02
2058.339
2058.658
2058.977
2059.296
2059.615
2059.934
2060.253
2060.572
2060.899
2061.377
2061.855
2062.333
2062.81
2064.678
2066.546
2068.414
2070.282
2072.149
2072.818
2073.487
2074.156
2074.825
2075.494
2076.163
2076.832
2077.501
2078.17
2078.839
2079.508
2080.177
2080.846
2081.515
2082.184
2082.853
2083.53
2084.283
2085.035
2085.787
2086.54
2086.83
2087.12
2087.41
2087.7
2087.99
2088.28
2088.57
2088.86
2089.15
2089.44
2089.73
2090.02
2090.31
2090.6
2090.89
2091.179
2092.066
2092.953
2093.839
2094.083
2094.327
2094.571
2094.815
2095.059
2095.303
2095.547
2095.791
2096.035
2096.279
2096.523
2096.767
2097.011
2097.255
2097.499
2097.75
2098.02
2098.29
2098.56
2098.83
2099.1
2099.37
2099.64
2099.91
2100.18
2100.45
2100.72
2100.99
2101.26
2101.53
2102.155
2102.78
2103.405
2104.03
2104.655
2105.28
2105.905
2106.53
2107.155
2107.78
2108.405
2109.03
2109.655
2110.28
2110.905
2111.53
2112.15
2112.472
2112.794
2113.117
2113.44
2113.762
2114.084
2114.407
2114.73
2114.927
2115.124
2115.322
2115.52
2115.717
2115.914
2116.111
2116.309
2116.507
2116.704
2116.901
2117.099
2117.297
2117.494
2117.691
2117.889
2118.087
2118.284
2118.481
2118.68
2119.001
2119.322
2119.643
2119.964
2120.285
2120.606
2120.927
2121.248
2121.569
2121.837
2122.105
2122.373
2122.641
2122.909
2123.177
2123.445
2123.713
2123.981
2124.249
2124.517
2124.785
2125.053
2125.321
2125.589
2125.857
2126.119
2126.554
2126.989
2127.424
2127.859
2128.294
2128.729
2129.164
2129.599
2130.034
2130.469
2130.904
2131.339
2131.779
2132.005
2132.231
2132.457
2132.683
2132.909
2133.135
2133.361
2133.587
2133.813
2134.039
2134.265
2134.491
2134.72
2134.925
2135.13
2135.335
2135.54
2135.745
2135.95
2136.155
2136.36
2136.565
2136.77
2136.975
2137.18
2137.385
2137.59
2137.795
2138.0
2138.21
2138.693
2139.176
2139.659
2140.142
2140.625
2141.108
2141.591
2142.074
2142.557
2143.04
2143.523
2144.01
2144.304
2144.598
2144.892
2145.186
2145.48
2145.774
2146.068
2146.362
2146.656
2146.95
2147.244
2147.538
2147.832
2148.126
2148.42
2148.714
2149.008
2149.31
2149.791
2150.272
2150.753
2151.234
2151.715
2152.196
2152.677
2153.158
2153.639
2154.12
2154.601
2155.082
2155.563
2156.044
2156.525
2157.006
2157.487
2157.96
2158.81
2159.66
2160.51
2161.161
2161.812
2162.463
2163.114
2163.765
2164.416
2165.067
2165.718
2166.369
2167.02
2167.671
2168.322
2168.973
2169.624
2170.275
2170.926
2171.577
2172.228
2172.88
2173.368
2173.856
2174.344
2174.832
2175.32
2175.808
2176.296
2176.784
2177.269
2177.51
2177.751
2177.992
2178.233
2178.474
2178.715
2178.956
2179.197
2179.438
2179.679
2179.92
2180.161
2180.402
2180.643
2180.884
2181.125
2181.36
2181.806
2182.252
2182.698
2183.144
2183.59
2183.807
2184.024
2184.241
2184.458
2184.675
2184.892
2185.109
2185.326
2185.543
2185.76
2185.977
2186.194
2186.411
2186.628
2186.845
2187.062
2187.279
2187.496
2187.72
2188.286
2188.852
2189.418
2189.984
2190.55
2191.116
2191.682
2192.248
2192.814
2193.38
2193.946
2194.512
2195.078
2195.644
2196.21
2196.776
2197.339
2197.574
2197.809
2198.044
2198.279
2198.514
2198.749
2198.984
2199.219
2199.454
2199.689
2199.924
2200.159
2200.394
2200.629
2200.864
2201.099
2201.334
2201.569
2201.804
2202.04
2202.276
2202.512
2202.748
2202.984
2203.22
2203.456
2203.692
2203.93
2204.216
2204.502
2204.788
2205.074
2205.36
2205.646
2205.932
2206.218
2206.504
2206.79
2207.076
2207.362
2207.648
2207.934
2208.22
2208.509
2208.851
2209.193
2209.535
2209.877
2210.22
2210.422
2210.624
2210.826
2211.028
2211.23
2211.432
2211.634
2211.836
2212.038
2212.24
2212.442
2212.644
2212.84
2213.071
2213.302
2213.533
2213.764
2213.995
2214.226
2214.457
2214.688
2214.919
2215.15
2215.381
2215.612
2215.843
2216.074
2216.305
2216.536
2216.767
2217.0
2217.265
2217.53
2217.795
2218.06
2218.325
2218.59
2218.855
2219.12
2219.385
2219.65
2219.915
2220.18
2220.445
2220.71
2220.98
2221.158
2221.336
2221.514
2221.692
2221.87
2222.048
2222.226
2222.404
2222.582
2222.76
2222.938
2223.116
2223.294
2223.472
2223.65
2223.828
2224.006
2224.19
2224.867
2225.544
2226.221
2226.898
2227.575
2228.252
2228.929
2229.606
2230.283
2230.96
2231.637
2232.314
2232.991
2233.67
2233.961
2234.252
2234.543
2234.834
2235.125
2235.416
2235.707
2235.998
2236.289
2236.58
2236.869
2237.116
2237.363
2237.61
2237.857
2238.104
2238.351
2238.598
2238.845
2239.092
2239.339
2239.586
2239.833
2240.08
2240.327
2240.569
2240.805
2241.041
2241.277
2241.513
2241.749
2241.985
2242.221
2242.457
2242.693
2242.929
2243.165
2243.401
2243.637
2243.873
2244.109
2244.345
2244.581
2244.817
2245.049
2245.657
2246.265
2246.872
2247.479
2248.086
2248.693
2249.301
2249.909
2250.517
2251.124
2251.731
2252.339
2252.745
2253.151
2253.557
2253.963
2254.369
2254.775
2255.181
2255.587
2255.993
2256.399
2256.805
2257.211
2257.617
2258.023
2258.429
2258.835
2259.241
2259.647
2260.053
2260.45
2261.064
2261.678
2262.292
2262.906
2263.52
2264.134
2264.748
2265.359
2265.652
2265.945
2266.238
2266.531
2266.824
2267.117
2267.41
2267.703
2267.996
2268.289
2268.582
2268.875
2269.168
2269.461
2269.754
2270.047
2270.34
2270.631
2271.131
2271.631
2271.897
2272.163
2272.429
2272.695
2272.961
2273.227
2273.493
2273.759
2274.025
2274.291
2274.557
2274.823
2275.089
2275.355
2275.621
2275.887
2276.153
2276.419
2276.685
2276.95
2278.316
2279.682
2281.048
2282.414
2283.779
2284.02
2284.261
2284.502
2284.743
2284.984
2285.225
2285.466
2285.707
2285.948
2286.189
2286.43
2286.671
2286.912
2287.153
2287.394
2287.635
2287.876
2288.109
2288.505
2288.901
2289.297
2289.693
2290.089
2290.485
2290.881
2291.277
2291.67
2291.993
2292.316
2292.639
2292.962
2293.285
2293.608
2293.931
2294.254
2294.577
2294.9
2295.223
2295.546
2295.869
2296.192
2296.509
2296.759
2297.009
2297.259
2297.509
2297.743
2297.977
2298.211
2298.445
2298.679
2298.913
2299.147
2299.381
2299.615
2299.849
2300.083
2300.317
2300.551
2300.785
2301.019
2301.25
2302.107
2302.964
2303.821
2304.678
2305.535
2306.392
2307.249
2308.109
2308.346
2308.583
2308.82
2309.057
2309.294
2309.531
2309.768
2310.005
2310.242
2310.479
2310.716
2310.953
2311.19
2311.427
2311.664
2311.901
2312.138
2312.369
2312.748
2313.127
2313.506
2313.885
2314.264
2314.643
2315.022
2315.4
2315.595
2315.79
2315.985
2316.18
2316.375
2316.57
2316.765
2316.96
2317.155
2317.35
2317.545
2317.74
2317.935
2318.13
2318.325
2318.52
2318.715
2318.91
2319.1
2319.48
2319.86
2320.24
2320.619
2321.141
2321.663
2322.185
2322.707
2323.229
2323.751
2324.273
2324.795
2325.317
2325.839
2326.361
2326.883
2327.405
2327.927
2328.449
2328.97
2329.536
2330.102
2330.668
2331.235
2331.802
2332.369
2332.88
2333.391
2333.902
2334.413
2334.924
2335.435
2335.946
2336.457
2336.968
2337.479
2337.99
2338.501
2339.012
2339.523
2340.034
2340.549
2340.956
2341.363
2341.77
2342.177
2342.584
2342.991
2343.398
2343.805
2344.212
2344.619
2345.026
2345.433
2345.84
2346.247
2346.654
2347.061
2347.468
2347.88
2348.243
2348.606
2348.969
2349.332
2349.695
2350.058
2350.421
2350.784
2351.147
2351.51
2351.873
2352.236
2352.599
2352.962
2353.32
2353.653
2353.986
2354.319
2354.652
2354.985
2355.318
2355.651
2355.984
2356.317
2356.65
2356.983
2357.32
2357.804
2358.288
2358.772
2359.256
2359.74
2360.224
2360.708
2361.192
2361.676
2362.16
2362.644
2363.128
2363.612
2364.1
2364.57
2365.04
2365.51
2365.98
2366.45
2366.92
2367.39
2367.86
2368.33
2368.799
2369.006
2369.213
2369.42
2369.627
2369.834
2370.041
2370.248
2370.455
2370.662
2370.869
2371.193
2371.517
2371.841
2372.165
2372.489
2372.813
2373.137
2373.461
2373.785
2374.109
2374.433
2374.757
2375.081
2375.405
2375.729
2376.053
2376.38
2376.696
2377.012
2377.328
2377.644
2377.96
2378.276
2378.592
2378.908
2379.224
2379.54
2379.856
2380.172
2380.488
2380.804
2381.12
2381.43
2381.733
2382.035
2382.337
2382.64
2382.943
2383.245
2383.547
2383.85
2384.153
2384.456
2384.758
2385.06
2385.363
2385.666
2385.968
2386.27
2386.507
2386.744
2386.981
2387.218
2387.455
2387.692
2387.929
2388.166
2388.403
2388.64
2388.877
2389.114
2389.351
2389.588
2389.825
2390.062
2390.299
2390.536
2390.78
2391.017
2391.254
2391.491
2391.728
2391.965
2392.202
2392.439
2392.676
2392.913
2393.15
2393.447
2393.744
2394.041
2394.338
2394.635
2394.932
2395.23
2395.542
2395.854
2396.166
2396.478
2396.79
2397.102
2397.414
2397.726
2398.038
2398.35
2398.662
2398.974
2399.286
2399.598
2399.91
2400.22
2400.471
2400.722
2400.973
2401.224
2401.475
2401.726
2401.977
2402.228
2402.479
2402.73
2402.981
2403.232
2403.48
2403.94
2404.4
2404.86
2405.32
2405.78
2406.24
2406.7
2407.16
2407.62
2408.08
2408.54
2409.0
2409.46
2409.92
2410.171
2410.422
2410.673
2410.924
2411.175
2411.426
2411.677
2411.928
2412.179
2412.43
2412.681
2412.932
2413.18
2413.489
2413.798
2414.107
2414.416
2414.725
2415.034
2415.343
2415.652
2415.961
2416.27
2416.579
2416.888
2417.197
2417.506
2417.82
2418.232
2418.644
2419.056
2419.468
2419.88
2420.292
2420.704
2421.116
2421.528
2421.94
2422.352
2422.764
2423.176
2423.588
2424.0
2424.319
2424.638
2424.957
2425.276
2425.595
2425.914
2426.233
2426.552
2426.871
2427.19
2427.509
2427.828
2428.147
2428.466
2428.785
2429.104
2429.423
2429.74
2430.134
2430.528
2430.922
2431.316
2431.71
2432.104
2432.498
2432.892
2433.286
2433.68
2434.074
2434.468
2434.862
2435.256
2435.65
2436.044
2436.438
2436.832
2437.23
2437.593
2437.956
2438.319
2438.682
2439.045
2439.408
2439.771
2440.134
2440.497
2440.86
2441.223
2441.586
2441.949
2442.312
2442.675
2443.038
2443.401
2443.764
2444.119
2444.686
2445.253
2445.819
2446.682
2447.544
2448.407
2449.27
2450.133
2450.995
2451.858
2452.721
2453.584
2454.447
2455.31
2456.173
2457.035
2457.898
2458.761
2459.619
2460.095
2460.571
2461.047
2461.523
2461.999
2462.475
2462.951
2463.427
2463.903
2464.379
2464.855
2465.331
2465.807
2466.283
2466.759
2467.235
2467.711
2468.19
2468.459
2468.728
2468.997
2469.266
2469.535
2469.804
2470.073
2470.339
2471.072
2471.805
2472.538
2473.271
2474.004
2474.737
2475.47
2476.203
2476.936
2477.669
2478.402
2479.135
2479.868
2480.601
2481.329
2481.496
2481.663
2481.83
2481.997
2482.164
2482.329
2482.665
2483.001
2483.337
2483.673
2484.009
2484.345
2484.681
2485.017
2485.353
2485.689
2486.025
2486.361
2486.697
2487.033
2487.369
2487.705
2488.039
2488.268
2488.497
2488.726
2488.955
2489.184
2489.413
2489.642
2489.871
2490.1
2490.329
2490.558
2490.787
2491.016
2491.245
2491.47
2491.685
2491.9
2492.115
2492.33
2492.545
2492.76
2492.975
2493.19
2493.405
2493.62
2493.835
2494.05
2494.265
2494.48
2494.695
2494.91
2495.125
2495.34
2495.559
2495.828
2496.097
2496.366
2496.635
2496.904
2497.173
2497.442
2497.711
2497.98
2498.249
2498.518
2498.787
2499.056
2499.325
2499.594
2499.869
2500.869
2501.07
2501.271
2501.472
2501.673
2501.874
2502.075
2502.276
2502.477
2502.678
2502.879
2503.079
2503.289
2503.499
2503.709
2503.919
2504.129
2504.339
2504.549
2504.759
2504.97
2505.296
2505.622
2505.948
2506.274
2506.6
2506.926
2507.252
2507.578
2507.904
2508.23
2508.556
2508.882
2509.208
2509.534
2509.86
2510.186
2510.512
2510.838
2511.16
2511.574
2511.988
2512.402
2512.816
2513.23
2513.644
2514.058
2514.472
2514.886
2515.3
2515.714
2516.128
2516.542
2516.95
2517.222
2517.494
2517.766
2518.038
2518.31
2518.582
2518.854
2519.126
2519.398
2519.67
2519.942
2520.214
2520.486
2520.758
2521.03
2521.302
2521.574
2521.849
2522.609
2523.369
2524.129
2524.89
2525.296
2525.702
2526.108
2526.514
2526.92
2527.326
2527.732
2528.138
2528.544
2528.95
2529.356
2529.762
2530.168
2530.574
2530.98
2531.38
2531.666
2531.952
2532.238
2532.524
2532.81
2533.096
2533.382
2533.668
2533.954
2534.24
2534.526
2534.812
2535.098
2535.384
2535.67
2535.956
2536.242
2536.53
2537.59
2538.65
2539.184
2539.718
2540.252
2540.786
2541.32
2541.854
2542.388
2542.922
2543.456
2543.99
2544.524
2545.058
2545.592
2546.126
2546.66
2547.194
2547.728
2548.259
2549.205
2550.151
2551.097
2552.043
2552.99
2553.758
2554.526
2555.294
2556.062
2556.83
2557.598
2558.366
2559.134
2559.902
2560.67
2561.095
2561.52
2561.945
2562.37
2562.795
2563.22
2563.645
2564.07
2564.495
2564.92
2565.345
2565.77
2566.195
2566.62
2567.045
2567.47
2567.89
2569.314
2570.738
2572.162
2573.586
2575.01
2576.434
2577.858
2579.282
2580.706
2582.13
2583.554
2584.978
2586.402
2587.829
2588.151
2588.473
2588.795
2589.117
2589.439
2589.761
2590.083
2590.405
2590.727
2591.049
2591.371
2591.693
2592.015
2592.337
2592.659
2592.981
2593.299
2593.663
2594.027
2594.391
2594.755
2595.119
2595.483
2595.847
2596.211
2596.575
2596.939
2597.303
2597.667
2598.031
2598.395
2598.759
2599.192
2599.625
2600.058
2600.491
2600.924
2601.357
2601.79
2602.223
2602.656
2603.089
2603.522
2603.955
2604.388
2604.821
2605.259
2606.039
2606.819
2607.599
2608.379
2609.159
2609.939
2610.72
2611.198
2611.676
2612.154
2612.632
2613.11
2613.588
2614.066
2614.544
2615.022
2615.5
2615.978
2616.456
2616.93
2617.298
2617.666
2618.034
2618.402
2618.77
2619.138
2619.506
2619.874
2620.242
2620.61
2620.98
2621.78
2622.58
2623.38
2624.18
2624.98
2625.78
2626.58
2627.38
2628.18
2628.98
2629.78
2630.58
2631.38
2632.18
2632.482
2632.784
2633.086
2633.388
2633.69
2633.992
2634.294
2634.596
2634.898
2635.2
2635.502
2635.804
2636.106
2636.408
2636.71
2637.012
2637.314
2637.619
2637.861
2638.103
2638.345
2638.587
2638.829
2639.072
2639.314
2639.559
2640.144
2640.728
2641.312
2641.896
2642.481
2643.066
2643.65
2644.235
2644.82
2645.405
2645.99
2646.574
2647.159
2647.744
2648.329
2648.914
2649.499
2650.08
2650.69
2651.3
2651.612
2651.924
2652.236
2652.548
2652.86
2653.172
2653.484
2653.799
2654.198
2654.597
2654.996
2655.395
2655.794
2656.193
2656.592
2656.991
2657.39
2657.789
2658.188
2658.587
2658.986
2659.385
2659.79
2660.128
2660.466
2660.804
2661.142
2661.48
2661.818
2662.156
2662.494
2662.832
2663.17
2663.508
2663.846
2664.184
2664.522
2664.86
2665.198
2665.529
2665.822
2666.115
2666.408
2666.701
2666.994
2667.287
2667.58
2667.873
2668.166
2668.459
2668.75
2668.895
2669.04
2669.185
2669.33
2669.475
2669.62
2669.765
2669.91
2670.055
2670.2
2670.345
2670.49
2670.635
2670.78
2670.925
2671.07
2671.215
2671.36
2671.505
2671.65
2672.68
2673.71
2674.74
2675.77
2676.8
2677.83
2678.86
2679.89
2680.92
2681.537
2682.154
2682.771
2683.388
2684.005
2684.622
2685.239
2685.856
2686.473
2687.09
2687.71
2688.034
2688.358
2688.682
2689.006
2689.33
2689.654
2689.978
2690.302
2690.626
2690.95
2691.274
2691.598
2691.92
2692.539
2693.158
2693.777
2694.396
2695.015
2695.634
2696.253
2696.872
2697.49
2698.341
2699.192
2700.043
2700.894
2701.745
2702.596
2703.447
2704.298
2705.149
2706.0
2706.851
2707.702
2708.553
2709.404
2710.255
2711.106
2711.957
2712.809
2713.289
2713.769
2714.249
2714.73
2714.961
2715.192
2715.423
2715.654
2715.885
2716.116
2716.347
2716.578
2716.809
2717.04
2717.271
2717.502
2717.733
2717.964
2718.195
2718.426
2718.657
2718.89
2719.591
2720.292
2720.993
2721.694
2722.395
2723.096
2723.797
2724.498
2725.199
2725.9
2726.601
2727.302
2728.003
2728.7
2729.059
2729.418
2729.777
2730.136
2730.495
2730.854
2731.213
2731.572
2731.931
2732.29
2732.649
2733.008
2733.367
2733.726
2734.085
2734.444
2734.803
2735.162
2735.529
2736.627
2737.725
2738.823
2739.92
2740.425
2740.93
2741.435
2741.94
2742.445
2742.95
2743.455
2743.96
2744.465
2744.97
2745.475
2745.98
2746.485
2746.99
2747.495
2747.999
2748.592
2749.185
2749.778
2750.371
2750.964
2751.557
2752.15
2752.743
2753.336
2753.929
2754.522
2755.115
2755.708
2756.301
2756.894
2757.49
2757.941
2758.392
2758.843
2759.294
2759.745
2760.196
2760.647
2761.098
2761.549
2762.0
2762.45
2762.898
2763.346
2763.794
2764.242
2764.69
2765.138
2765.586
2766.034
2766.482
2766.93
2767.378
2767.826
2768.274
2768.722
2769.17
2769.577
2769.984
2770.391
2770.798
2771.205
2771.612
2772.019
2772.426
2772.833
2773.24
2773.65
2774.155
2774.66
2775.165
2775.67
2776.175
2776.68
2777.185
2777.69
2778.195
2778.7
2779.205
2779.71
2780.215
2780.72
2781.225
2781.73
2782.235
2782.74
2783.327
2783.915
2784.503
2785.091
2785.678
2786.265
2786.852
2787.44
2787.829
2788.218
2788.607
2788.996
2789.385
2789.774
2790.163
2790.552
2790.941
2791.33
2791.72
2792.302
2792.884
2793.466
2794.048
2794.63
2795.212
2795.794
2796.376
2796.958
2797.54
2798.122
2798.704
2799.286
2799.868
2800.45
2801.032
2801.611
2802.032
2802.453
2802.874
2803.295
2803.716
2804.137
2804.558
2804.979
2805.4
2805.821
2806.242
2806.663
2807.084
2807.505
2807.926
2808.347
2808.77
2809.255
2809.74
2810.225
2810.71
2811.195
2811.68
2812.165
2812.65
2813.135
2813.62
2814.105
2814.59
2815.075
2815.56
2816.045
2816.53
2817.009
2817.706
2818.403
2819.1
2819.797
2820.494
2821.191
2821.888
2822.585
2823.282
2823.979
2824.676
2825.373
2826.07
2826.77
2827.184
2827.598
2828.012
2828.426
2828.84
2829.254
2829.668
2830.082
2830.496
2830.91
2831.324
2831.738
2832.15
2832.412
2832.674
2832.936
2833.198
2833.46
2833.722
2833.984
2834.246
2834.508
2834.769
2835.076
2835.383
2835.69
2835.997
2836.304
2836.611
2836.918
2837.225
2837.532
2837.839
2838.146
2838.45
2839.12
2839.79
2840.46
2841.13
2841.8
2842.47
2843.14
2843.81
2844.48
2845.15
2845.82
2846.49
2847.16
2847.83
2848.5
2849.17
2849.476
2849.782
2850.088
2850.394
2850.7
2851.006
2851.312
2851.618
2851.924
2852.23
2852.536
2852.842
2853.148
2853.454
2853.76
2854.066
2854.372
2854.67
2855.168
2855.666
2856.164
2856.662
2857.16
2857.658
2858.156
2858.654
2859.152
2859.65
2860.148
2860.646
2861.144
2861.64
2862.071
2862.502
2862.933
2863.364
2863.795
2864.226
2864.657
2865.088
2865.519
2865.95
2866.381
2866.812
2867.243
2867.68
2868.023
2868.366
2868.709
2869.052
2869.395
2869.738
2870.081
2870.424
2870.767
2871.11
2871.453
2871.796
2872.139
2872.482
2872.825
2873.17
2873.43
2873.69
2873.95
2874.21
2874.47
2874.73
2874.99
2875.25
2875.51
2875.77
2876.03
2876.29
2876.55
2876.81
2877.07
2877.33
2877.573
2877.816
2878.059
2878.302
2878.545
2878.788
2879.031
2879.274
2879.517
2879.759
2880.259
2880.759
2881.118
2881.477
2881.836
2882.195
2882.554
2882.913
2883.272
2883.631
2883.99
2884.349
2884.708
2885.067
2885.426
2885.785
2886.144
2886.509
2886.906
2887.303
2887.7
2888.097
2888.494
2888.891
2889.288
2889.685
2890.082
2890.479
2890.876
2891.273
2891.67
2892.067
2892.464
2892.861
2893.26
2893.509
2893.758
2894.007
2894.256
2894.505
2894.754
2895.003
2895.249
2895.49
2895.731
2895.972
2896.213
2896.454
2896.695
2896.936
2897.177
2897.418
2897.659
2897.9
2898.141
2898.382
2898.623
2898.864
2899.105
2899.346
2899.587
2899.83
2900.142
2900.454
2900.766
2901.078
2901.39
2901.702
2902.014
2902.326
2902.638
2902.95
2903.262
2903.574
2903.886
2904.198
2904.51
2904.829
2905.033
2905.237
2905.441
2905.645
2905.849
2906.053
2906.257
2906.461
2906.665
2906.869
2907.073
2907.277
2907.481
2907.685
2907.889
2908.093
2908.297
2908.501
2908.71
2909.026
2909.342
2909.659
2909.976
2910.293
2910.609
2910.865
2911.121
2911.377
2911.633
2911.889
2912.145
2912.401
2912.657
2912.913
2913.169
2913.425
2913.681
2913.937
2914.193
2914.449
2914.705
2914.96
2915.327
2915.694
2916.061
2916.428
2916.795
2917.162
2917.529
2917.896
2918.263
2918.63
2919.088
2919.546
2920.004
2920.462
2920.92
2921.378
2921.836
2922.294
2922.752
2923.21
2923.668
2924.126
2924.584
2925.042
2925.5
2925.96
2926.501
2927.042
2927.583
2928.124
2928.665
2929.206
2929.747
2930.288
2930.829
2931.369
2931.818
2932.267
2932.716
2933.165
2933.614
2934.063
2934.512
2934.961
2935.41
2935.859
2936.308
2936.757
2937.206
2937.65
2938.108
2938.566
2939.023
2939.481
2939.939
2940.396
2940.854
2941.311
2941.769
2942.226
2942.684
2943.14
2943.453
2943.766
2944.079
2944.392
2944.705
2945.018
2945.331
2945.644
2945.957
2946.27
2946.583
2946.896
2947.209
2947.522
2947.835
2948.148
2948.461
2948.774
2949.089
2949.453
2949.817
2950.181
2950.545
2950.909
2951.273
2951.637
2951.999
2952.319
2952.639
2952.959
2953.279
2953.599
2953.919
2954.239
2954.559
2954.879
2955.199
2955.519
2955.839
2956.159
2956.479
2956.799
2957.119
2957.439
2957.759
2958.079
2958.399
2958.71
2959.294
2959.878
2960.462
2961.046
2961.63
2962.214
2962.798
2963.382
2963.966
2964.55
2965.13
2966.087
2967.044
2968.001
2968.958
2969.915
2970.872
2971.829
2972.786
2973.743
2974.7
2975.657
2976.609
2977.389
2978.169
2978.949
2979.729
2980.509
2981.289
2982.069
2982.849
2983.629
2984.409
2985.189
2985.969
2986.749
2987.529
2988.309
2989.089
2989.869
2990.65
2992.95
2993.256
2993.562
2993.868
2994.174
2994.48
2994.786
2995.092
2995.398
2995.704
2996.01
2996.316
2996.622
2996.928
2997.234
2997.54
2997.846
2998.152
2998.46
2999.361
3000.262
3001.163
3002.064
3002.965
3003.866
3004.767
3005.67
3006.273
3006.876
3007.479
3008.082
3008.685
3009.288
3009.891
3010.494
3011.097
3011.7
3012.303
3012.906
3013.509
3014.112
3014.715
3015.318
3015.921
3016.524
3017.119
3017.463
3017.807
3018.151
3018.495
3018.839
3019.183
3019.527
3019.871
3020.215
3020.559
3020.903
3021.247
3021.591
3021.935
3022.279
3022.619
3023.034
3023.449
3023.864
3024.279
3024.694
3025.109
3025.524
3025.939
3026.354
3026.769
3027.184
3027.599
3028.014
3028.429
3028.844
3029.259
3029.67
3030.229
3030.788
3031.347
3031.906
3032.465
3033.024
3033.583
3034.142
3034.701
3035.259
3035.718
3036.177
3036.636
3037.095
3037.554
3038.013
3038.472
3038.931
3039.39
3039.849
3040.308
3040.767
3041.226
3041.685
3042.144
3042.603
3043.062
3043.519
3043.786
3044.053
3044.32
3044.587
3044.854
3045.121
3045.388
3045.655
3045.922
3046.189
3046.456
3046.723
3046.99
3047.257
3047.524
3047.791
3048.058
3048.325
3048.589
3049.089
3049.589
3049.947
3050.305
3050.663
3051.021
3051.379
3051.737
3052.095
3052.453
3052.811
3053.169
3053.527
3053.885
3054.243
3054.601
3054.959
3055.317
3055.675
3056.039
3056.993
3057.947
3058.901
3059.855
3060.809
3061.763
3062.717
3063.671
3064.625
3065.579
3066.533
3067.487
3068.441
3069.39
3070.054
3070.718
3071.382
3072.046
3072.71
3073.374
3074.038
3074.702
3075.366
3076.03
3076.694
3077.358
3078.022
3078.686
3079.35
3080.014
3080.68
3081.3
3081.92
3082.539
3083.219
3083.899
3084.579
3085.259
3085.939
3086.619
3086.968
3087.317
3087.666
3088.015
3088.364
3088.713
3089.062
3089.411
3089.76
3090.109
3090.458
3090.807
3091.156
3091.505
3091.854
3092.203
3092.552
3092.901
3093.25
3093.747
3094.244
3094.742
3095.24
3095.737
3096.235
3096.733
3097.231
3097.729
3098.226
3098.724
3099.222
3099.72
3100.217
3100.715
3101.213
3101.711
3102.208
3102.706
3103.2
3103.598
3103.996
3104.394
3104.792
3105.19
3105.489
3105.788
3106.087
3106.386
3106.685
3106.984
3107.283
3107.582
3107.881
3108.18
3108.48
3108.78
3109.08
3109.38
3109.68
3109.98
3110.28
3110.58
3110.88
3111.18
3111.48
3111.78
3112.08
3112.38
3112.68
3112.98
3113.336
3113.692
3114.048
3114.404
3114.76
3115.116
3115.472
3115.828
3116.184
3116.54
3116.896
3117.252
3117.608
3117.964
3118.32
3118.67
3119.014
3119.358
3119.702
3120.046
3120.39
3120.734
3121.078
3121.422
3121.766
3122.11
3122.454
3122.798
3123.142
3123.486
3123.83
3124.174
3124.519
3125.049
3125.579
3125.86
3126.141
3126.422
3126.703
3126.984
3127.265
3127.546
3127.827
3128.108
3128.389
3128.67
3128.951
3129.232
3129.513
3129.794
3130.075
3130.356
3130.637
3130.91
3131.992
3133.074
3134.156
3135.239
3135.557
3135.875
3136.193
3136.511
3136.829
3137.147
3137.465
3137.783
3138.101
3138.419
3138.737
3139.055
3139.373
3139.691
3140.009
3140.327
3140.645
3140.963
3141.281
3141.599
3142.225
3142.851
3143.477
3144.103
3144.729
3145.355
3145.98
3146.364
3146.748
3147.132
3147.516
3147.9
3148.284
3148.668
3149.052
3149.436
3149.82
3150.204
3150.588
3150.972
3151.356
3151.74
3152.124
3152.509
3153.81
3155.111
3156.412
3157.713
3159.014
3160.315
3161.616
3162.917
3164.218
3165.519
3166.634
3167.749
3168.709
3169.669
3170.629
3171.589
3172.549
3173.509
3174.469
3175.429
3176.389
3177.349
3178.309
3178.668
3179.027
3179.386
3179.745
3180.104
3180.463
3180.822
3181.181
3181.54
3181.899
3182.258
3182.617
3182.976
3183.335
3183.694
3184.053
3184.41
3184.651
3184.892
3185.133
3185.374
3185.615
3185.856
3186.097
3186.338
3186.579
3186.82
3187.061
3187.302
3187.543
3187.784
3188.025
3188.266
3188.509
3188.509
3188.509
3188.509
3188.509
3188.509
3188.509
