63.98
65.368
66.756
68.144
69.532
70.92
72.308
73.696
75.084
76.47
76.844
77.218
77.592
77.966
78.34
78.714
79.088
79.462
79.836
80.21
80.584
80.958
81.332
81.706
82.08
82.46
82.647
82.834
83.021
83.208
83.395
83.582
83.769
83.956
84.143
84.33
84.517
84.704
84.891
85.078
85.265
85.452
85.64
86.302
86.964
87.626
88.288
88.95
89.61
89.88
90.15
90.42
90.69
90.96
91.23
91.5
91.77
92.04
92.31
92.58
92.85
93.12
93.39
93.66
93.93
94.2
94.47
94.743
95.39
96.037
96.684
97.331
97.978
98.625
99.272
99.919
100.566
101.213
101.86
102.507
103.154
103.801
104.448
105.095
105.74
106.18
106.62
107.06
107.5
107.94
108.38
108.82
109.26
109.7
110.14
110.58
111.02
111.46
111.9
112.34
112.78
113.22
113.522
113.824
114.126
114.428
114.73
115.032
115.334
115.636
115.938
116.24
116.542
116.844
117.146
117.448
117.75
118.052
118.354
118.66
118.993
119.326
119.66
119.948
120.236
120.524
120.812
121.1
121.388
121.676
121.964
122.252
122.54
122.828
123.116
123.404
123.692
123.98
124.268
124.56
125.584
126.608
127.632
128.656
129.68
130.704
131.728
132.752
133.776
134.8
135.824
136.848
137.872
138.896
139.92
140.944
141.97
143.799
145.628
147.457
149.286
151.115
152.944
154.773
156.602
158.431
160.26
160.666
161.072
161.478
161.884
162.29
162.696
163.102
163.508
163.914
164.32
164.726
165.132
165.538
165.944
166.35
166.756
167.162
167.568
167.974
168.379
168.734
169.089
169.444
169.799
170.154
170.509
170.864
171.219
171.574
171.929
172.284
172.639
172.994
173.349
173.704
174.059
174.414
174.769
175.12
175.446
175.772
176.098
176.424
176.75
177.076
177.402
177.728
178.054
178.38
178.706
179.032
179.358
179.684
180.01
180.336
180.66
180.857
181.054
181.251
181.448
181.645
181.843
182.04
182.237
182.434
182.631
182.828
183.025
183.222
183.419
183.617
183.82
184.102
184.384
184.666
184.948
185.23
185.512
185.794
186.076
186.358
186.64
186.922
187.204
187.486
187.768
188.05
188.332
188.614
188.896
189.18
189.446
189.712
189.978
190.244
190.51
190.776
191.042
191.308
191.574
191.842
192.155
192.468
192.781
193.094
193.407
193.72
194.033
194.346
194.659
194.972
195.285
195.598
195.911
196.224
196.537
196.85
197.163
197.476
197.789
198.102
198.415
198.728
199.041
199.35
199.717
200.084
200.451
200.818
201.185
201.552
201.919
202.286
202.653
203.02
203.387
203.754
204.121
204.488
204.855
205.222
205.589
205.956
206.319
206.562
206.805
207.048
207.291
207.534
207.777
208.02
208.263
208.506
208.749
208.992
209.235
209.478
209.721
209.964
210.207
210.45
210.693
210.93
211.573
212.216
212.859
213.502
214.145
214.788
215.431
216.074
216.717
217.36
218.003
218.646
219.289
219.932
220.575
221.218
221.861
222.499
222.781
223.063
223.345
223.627
223.909
224.191
224.473
224.755
225.037
225.319
225.601
225.883
226.165
226.447
226.729
227.011
227.293
227.575
227.857
228.139
228.421
228.703
228.989
229.298
229.607
229.916
230.225
230.534
230.843
231.152
231.461
231.77
232.079
232.388
232.697
233.006
233.315
233.624
233.933
234.249
234.676
235.103
235.53
235.957
236.384
236.811
237.238
237.665
238.092
238.519
238.946
239.373
239.8
240.227
240.654
241.08
241.394
241.708
242.022
242.336
242.65
242.964
243.28
243.486
243.692
243.898
244.104
244.31
244.516
244.722
244.928
245.134
245.34
245.546
245.752
245.958
246.164
246.37
246.576
246.782
246.988
247.194
247.4
247.609
248.144
248.679
249.214
249.749
250.284
250.819
251.354
251.889
252.424
252.959
253.494
254.029
254.564
255.099
255.634
256.169
256.704
257.239
257.774
258.3
258.566
258.832
259.098
259.364
259.63
259.896
260.162
260.428
260.694
260.96
261.226
261.492
261.758
262.024
262.29
262.556
262.822
263.088
263.354
263.62
263.88
264.898
265.916
266.934
267.952
268.97
269.988
271.006
272.024
273.042
274.06
275.078
276.096
277.12
277.283
277.446
277.609
277.772
277.935
278.098
278.261
278.424
278.587
278.75
278.913
279.076
279.239
279.402
279.56
279.841
280.122
280.403
280.684
280.965
281.246
281.527
281.808
282.089
282.37
282.651
282.932
283.213
283.494
283.775
284.056
284.337
284.618
284.899
285.18
285.461
285.75
286.037
286.324
286.611
286.898
287.185
287.472
287.759
288.046
288.333
288.62
288.907
289.194
289.481
289.768
290.055
290.342
290.629
290.92
291.173
291.426
291.679
291.932
292.185
292.438
292.691
292.944
293.197
293.45
293.703
293.956
294.209
294.462
294.715
294.968
295.221
295.474
295.72
295.999
296.278
296.557
296.836
297.115
297.394
297.673
297.952
298.231
298.51
298.789
299.068
299.347
299.626
299.905
300.184
300.47
300.872
301.274
301.676
302.078
302.48
302.882
303.284
303.686
304.088
304.49
304.892
305.294
305.696
306.098
306.5
306.902
307.31
308.023
308.736
309.449
310.162
310.875
311.59
311.899
312.208
312.517
312.826
313.135
313.444
313.753
314.062
314.371
314.68
314.989
315.298
315.607
315.916
316.225
316.534
316.84
317.209
317.578
317.947
318.316
318.685
319.054
319.423
319.792
320.161
320.53
320.899
321.268
321.637
322.006
322.375
322.744
323.113
323.482
323.86
324.249
324.638
325.027
325.416
325.805
326.194
326.583
326.972
327.361
327.75
328.139
328.528
328.917
329.306
329.695
330.09
330.565
331.04
331.515
331.99
332.465
332.94
333.415
333.89
334.365
334.84
335.315
335.79
336.265
336.74
337.215
337.69
338.16
338.616
339.072
339.528
339.984
340.44
340.896
341.352
341.808
342.264
342.72
343.176
343.632
344.088
344.54
344.783
345.026
345.269
345.512
345.755
345.998
346.241
346.484
346.727
346.97
347.213
347.456
347.699
347.942
348.185
348.428
348.671
348.914
349.16
349.423
349.686
349.949
350.212
350.475
350.738
351.001
351.264
351.527
351.79
352.053
352.316
352.579
352.842
353.105
353.368
353.631
353.894
354.157
354.42
354.683
354.946
355.209
355.472
355.735
355.998
356.261
356.524
356.787
357.04
357.599
358.158
358.717
359.276
359.835
360.394
360.953
361.512
362.071
362.63
363.189
363.748
364.307
364.866
365.425
365.984
366.543
367.102
367.66
367.911
368.162
368.413
368.664
368.915
369.166
369.417
369.668
369.919
370.17
370.421
370.672
370.923
371.174
371.425
371.676
371.92
372.116
372.312
372.508
372.704
372.9
373.096
373.292
373.488
373.684
373.88
374.076
374.272
374.468
374.664
374.86
375.056
375.252
375.44
375.654
375.868
376.082
376.296
376.51
376.724
376.938
377.152
377.366
377.58
377.794
378.008
378.222
378.436
378.65
378.972
379.294
379.616
379.938
380.26
380.582
380.904
381.226
381.548
381.87
382.192
382.514
382.836
383.158
383.48
383.802
384.13
384.499
384.868
385.237
385.606
385.975
386.344
386.713
387.082
387.451
387.82
388.189
388.558
388.927
389.296
389.665
390.034
390.403
390.78
391.503
392.226
392.949
393.672
394.395
395.118
395.841
396.564
397.287
398.01
398.73
399.178
399.626
400.074
400.522
400.97
401.418
401.866
402.314
402.762
403.21
403.658
404.106
404.554
405.002
405.45
405.898
406.34
406.625
406.91
407.195
407.48
407.765
408.05
408.335
408.62
408.905
409.19
409.475
409.76
410.045
410.33
410.615
410.9
411.185
411.47
411.75
412.089
412.428
412.767
413.106
413.445
413.784
414.123
414.462
414.801
415.14
415.479
415.818
416.157
416.49
417.106
417.722
418.338
418.954
419.57
420.186
420.802
421.418
422.034
422.65
423.266
423.882
424.498
425.114
425.73
426.346
426.97
427.225
427.48
427.735
427.99
428.245
428.5
428.755
429.01
429.265
429.52
429.775
430.03
430.285
430.54
430.795
431.05
431.305
431.56
431.815
432.07
432.325
432.58
432.835
433.09
433.34
433.662
433.984
434.306
434.628
434.95
435.272
435.594
435.916
436.238
436.56
436.882
437.204
437.526
437.849
438.171
438.5
438.842
439.184
439.526
439.868
440.21
440.552
440.894
441.236
441.578
441.92
442.262
442.604
442.946
443.288
443.63
443.972
444.314
444.65
445.319
445.988
446.657
447.326
447.995
448.664
449.333
450.002
450.671
451.34
452.009
452.678
453.347
454.016
454.685
455.36
455.877
456.394
456.911
457.428
457.945
458.462
458.979
459.496
460.013
460.53
461.047
461.564
462.081
462.598
463.12
463.349
463.578
463.807
464.036
464.265
464.494
464.723
464.952
465.181
465.41
465.639
465.868
466.097
466.326
466.555
466.784
467.02
467.317
467.614
467.911
468.208
468.505
468.802
469.099
469.396
469.693
469.99
470.287
470.584
470.881
471.178
471.475
471.772
472.069
472.366
472.663
472.961
473.565
474.169
474.773
475.377
475.981
476.585
477.189
477.793
478.397
479.001
479.605
480.209
480.813
481.417
482.021
482.62
482.923
483.226
483.529
483.832
484.135
484.438
484.741
485.044
485.347
485.65
485.953
486.256
486.559
486.862
487.165
487.468
487.77
488.278
488.786
489.294
489.802
490.31
490.542
490.774
491.006
491.238
491.47
491.702
491.934
492.166
492.398
492.63
492.862
493.094
493.326
493.558
493.79
494.02
494.281
494.542
494.803
495.064
495.325
495.586
495.847
496.108
496.369
496.63
496.891
497.152
497.413
497.67
498.255
498.84
499.425
500.01
500.595
501.18
501.765
502.35
502.935
503.52
504.105
504.69
505.275
505.86
506.445
507.03
507.615
508.2
508.78
509.051
509.322
509.593
509.864
510.135
510.406
510.677
510.948
511.219
511.49
511.761
512.032
512.303
512.574
512.845
513.116
513.387
513.658
513.93
514.274
514.618
514.962
515.306
515.65
515.994
516.338
516.682
517.026
517.37
517.714
518.058
518.402
518.746
519.089
519.386
519.683
519.98
520.277
520.574
520.871
521.168
521.465
521.762
522.059
522.356
522.653
522.95
523.247
523.544
523.841
524.14
524.32
524.5
524.68
524.86
525.04
525.22
525.4
525.58
525.76
525.94
526.12
526.3
526.48
526.66
526.84
527.02
527.202
527.503
527.804
528.105
528.406
528.707
529.008
529.309
529.61
529.911
530.212
530.513
530.814
531.115
531.416
531.717
532.02
532.224
532.428
532.632
532.836
533.04
533.244
533.448
533.652
533.856
534.06
534.264
534.468
534.67
535.054
535.438
535.822
536.206
536.59
536.974
537.358
537.742
538.126
538.51
538.894
539.278
539.662
540.046
540.43
540.82
541.258
541.696
542.134
542.572
543.01
543.448
543.886
544.324
544.762
545.2
545.638
546.076
546.514
546.952
547.39
547.828
548.266
548.704
549.14
549.427
549.714
550.001
550.288
550.575
550.862
551.149
551.436
551.723
552.01
552.297
552.584
552.871
553.158
553.445
553.732
554.019
554.3
554.677
555.054
555.431
555.808
556.185
556.562
556.939
557.316
557.693
558.07
558.447
558.824
559.201
559.578
559.955
560.329
560.581
560.833
561.085
561.337
561.589
561.841
562.093
562.345
562.597
562.849
563.101
563.353
563.605
563.857
564.109
564.361
564.613
564.87
565.079
565.288
565.497
565.706
565.915
566.124
566.333
566.542
566.751
566.96
567.169
567.378
567.587
567.796
568.005
568.214
568.423
568.64
568.869
569.098
569.327
569.556
569.785
570.014
570.243
570.472
570.701
570.93
571.159
571.388
571.617
571.846
572.075
572.31
572.494
572.678
572.862
573.046
573.23
573.414
573.598
573.782
573.966
574.15
574.334
574.518
574.702
574.886
575.07
575.25
575.497
575.744
575.991
576.238
576.485
576.732
576.979
577.226
577.473
577.72
577.967
578.214
578.461
578.708
578.955
579.202
579.451
579.696
579.941
580.186
580.431
580.676
580.921
581.166
581.411
581.656
581.901
582.146
582.391
582.636
582.881
583.13
583.384
583.638
583.892
584.146
584.4
584.654
584.908
585.162
585.416
585.67
585.924
586.178
586.432
586.686
586.94
587.194
587.45
588.321
589.192
590.063
590.934
591.805
592.676
593.547
594.418
595.289
596.16
597.031
597.902
598.773
599.644
600.515
601.386
602.257
603.128
603.99
604.343
604.696
605.049
605.402
605.755
606.108
606.461
606.814
607.167
607.52
607.873
608.226
608.579
608.932
609.285
609.638
609.99
610.178
610.365
610.553
610.74
610.928
611.115
611.303
611.49
611.678
611.865
612.053
612.24
612.428
612.615
612.803
612.99
613.393
613.796
614.199
614.602
615.005
615.408
615.811
616.214
616.617
617.02
617.423
617.826
618.229
618.632
619.035
619.438
619.841
620.244
620.649
620.988
621.327
621.666
622.005
622.344
622.683
623.022
623.361
623.7
624.039
624.378
624.717
625.056
625.395
625.734
626.073
626.412
626.749
626.934
627.119
627.304
627.489
627.674
627.859
628.044
628.229
628.414
628.599
628.784
628.969
629.154
629.339
629.524
629.709
629.894
630.079
630.797
631.515
632.233
632.951
633.669
634.387
635.105
635.823
636.541
637.259
637.977
638.695
639.413
640.131
640.849
641.567
642.29
642.627
642.964
643.301
643.638
643.975
644.312
644.649
644.986
645.323
645.66
645.997
646.334
646.671
647.008
647.345
647.682
648.019
648.254
648.489
648.724
648.959
649.194
649.429
649.664
649.899
650.134
650.37
650.752
651.134
651.516
651.898
652.28
652.662
653.044
653.426
653.808
654.19
654.572
654.954
655.336
655.718
656.1
656.482
656.87
657.154
657.438
657.722
658.006
658.29
658.574
658.858
659.142
659.426
659.71
659.994
660.278
660.562
660.846
661.13
661.414
661.698
661.982
662.266
662.55
662.829
663.1
663.371
663.642
663.913
664.184
664.455
664.726
664.997
665.268
665.539
665.81
666.081
666.352
666.623
666.894
667.165
667.436
667.709
668.007
668.305
668.603
668.901
669.199
669.497
669.795
670.093
670.391
670.689
670.987
671.285
671.583
671.881
672.179
672.477
672.769
673.197
673.625
674.053
674.481
674.909
675.337
675.765
676.193
676.621
677.049
677.477
677.905
678.333
678.761
679.189
679.61
679.9
680.19
680.48
680.77
681.06
681.35
681.64
681.93
682.22
682.51
682.8
683.09
683.38
683.67
683.96
684.25
684.54
684.874
685.208
685.542
685.876
686.21
686.544
686.878
687.212
687.546
687.88
688.214
688.548
688.879
689.213
689.547
689.881
690.215
690.549
690.883
691.217
691.551
691.885
692.219
692.553
692.887
693.221
693.555
693.889
694.223
694.55
694.762
694.974
695.186
695.398
695.61
695.822
696.034
696.246
696.458
696.67
696.882
697.094
697.306
697.518
697.73
697.942
698.16
698.663
699.166
699.669
700.172
700.675
701.178
701.681
702.184
702.687
703.19
703.693
704.196
704.699
705.202
705.705
706.208
706.709
706.902
707.095
707.288
707.481
707.674
707.867
708.06
708.253
708.446
708.639
708.832
709.025
709.218
709.411
709.604
709.797
709.991
710.748
711.505
712.262
713.019
713.457
713.895
714.333
714.771
715.209
715.647
716.085
716.523
716.961
717.399
717.837
718.275
718.713
719.151
719.589
720.027
720.465
720.903
721.35
721.709
722.068
722.427
722.786
723.145
723.504
723.863
724.222
724.581
724.94
725.299
725.658
726.017
726.376
726.735
727.094
727.453
727.809
728.037
728.265
728.493
728.721
728.949
729.177
729.405
729.633
729.861
730.089
730.317
730.545
730.773
731.001
731.229
731.457
731.685
731.913
732.141
732.36
732.825
733.29
733.755
734.22
734.685
735.15
735.615
736.08
736.545
737.01
737.475
737.94
738.405
738.87
739.335
739.8
740.265
740.73
741.2
741.47
741.74
742.01
742.28
742.55
742.82
743.09
743.36
743.63
743.9
744.17
744.44
744.71
744.98
745.25
745.52
745.79
746.06
746.301
746.542
746.783
747.024
747.265
747.506
747.747
747.988
748.229
748.47
748.711
748.952
749.193
749.434
749.675
749.916
750.157
750.398
750.639
750.88
751.121
751.362
751.6
751.793
751.986
752.179
752.372
752.565
752.759
752.952
753.145
753.338
753.531
753.724
753.918
754.111
754.304
754.497
754.69
754.884
755.077
755.27
755.47
755.733
755.996
756.259
756.522
756.785
757.048
757.311
757.574
757.837
758.1
758.363
758.626
758.889
759.152
759.415
759.678
759.941
760.209
760.549
760.889
761.229
761.569
761.909
762.249
762.589
762.929
763.269
763.609
763.949
764.289
764.629
764.969
765.309
765.649
765.989
766.329
766.67
767.171
767.672
768.173
768.674
769.175
769.676
770.177
770.678
771.179
771.68
772.181
772.682
773.183
773.684
774.185
774.686
775.187
775.688
776.189
776.413
776.637
776.861
777.085
777.309
777.533
777.757
777.981
778.205
778.429
778.653
778.877
779.101
779.325
779.549
779.773
779.997
780.221
780.44
780.764
781.087
781.41
781.733
782.056
782.38
782.703
783.026
783.349
783.673
783.996
784.319
784.642
784.966
785.289
785.612
785.935
786.258
786.582
786.91
787.167
787.424
787.681
787.938
788.195
788.452
788.709
788.966
789.223
789.48
789.737
789.994
790.251
790.508
790.765
791.022
791.279
791.529
791.899
792.269
792.639
793.009
793.361
793.713
794.065
794.417
794.769
795.121
795.473
795.825
796.177
796.529
796.881
797.233
797.585
797.937
798.289
798.641
798.993
799.345
799.699
799.912
800.125
800.338
800.551
800.764
800.977
801.19
801.403
801.616
801.829
802.042
802.255
802.468
802.681
802.894
803.107
803.32
803.533
803.746
803.959
804.438
804.917
805.396
805.875
806.354
806.833
807.312
807.791
808.27
808.749
809.228
809.707
810.186
810.665
811.144
811.623
812.102
812.581
813.069
813.329
813.589
813.85
814.111
814.371
814.631
814.891
815.151
815.411
815.671
815.932
816.192
816.452
816.712
816.972
817.232
817.492
817.752
818.012
818.279
818.5
818.721
818.942
819.163
819.385
819.606
819.827
820.048
820.269
820.49
820.712
820.933
821.154
821.375
821.596
821.817
822.038
822.26
822.481
822.709
822.91
823.111
823.312
823.513
823.714
823.915
824.116
824.317
824.518
824.719
824.92
825.121
825.322
825.523
825.724
825.925
826.126
826.327
826.519
826.657
826.795
826.933
827.071
827.209
827.347
827.485
827.623
827.761
827.899
828.037
828.175
828.313
828.451
828.589
828.727
828.865
829.01
829.807
830.604
831.401
832.198
832.995
833.792
834.589
835.386
836.183
836.98
837.777
838.574
839.369
839.656
839.943
840.23
840.517
840.804
841.091
841.378
841.665
841.952
842.239
842.526
842.813
843.1
843.387
843.674
843.961
844.248
844.535
844.822
845.11
845.622
846.134
846.646
847.158
847.67
848.182
848.694
849.209
849.857
850.505
851.153
851.801
852.449
853.097
853.745
854.393
855.041
855.689
856.337
856.985
857.633
858.281
858.929
859.577
860.225
860.88
861.278
861.676
862.074
862.472
862.87
863.268
863.666
864.064
864.462
864.86
865.258
865.656
866.054
866.452
866.85
867.248
867.646
868.044
868.442
868.839
869.061
869.283
869.505
869.727
869.949
870.171
870.393
870.615
870.837
871.059
871.281
871.503
871.725
871.947
872.169
872.391
872.613
872.839
873.023
873.207
873.391
873.575
873.759
873.943
874.127
874.311
874.495
874.679
874.863
875.047
875.231
875.415
875.599
875.783
875.967
876.151
876.339
876.483
876.627
876.771
876.915
877.059
877.203
877.347
877.491
877.635
877.779
877.923
878.067
878.211
878.355
878.499
878.643
878.787
878.931
879.069
879.274
879.479
879.684
879.889
880.094
880.299
880.504
880.709
880.914
881.119
881.324
881.529
881.734
881.939
882.144
882.349
882.554
882.759
882.964
883.169
883.381
883.588
883.795
884.002
884.209
884.416
884.623
884.83
885.037
885.244
885.451
885.658
885.865
886.072
886.279
886.486
886.693
886.9
887.107
887.314
887.519
887.734
887.949
888.164
888.379
888.594
888.809
889.024
889.239
889.454
889.669
889.884
890.099
890.314
890.529
890.744
890.959
891.174
891.389
891.61
891.839
892.068
892.297
892.526
892.755
892.984
893.213
893.442
893.671
893.9
894.129
894.358
894.587
894.816
895.045
895.274
895.503
895.73
895.896
896.062
896.228
896.394
896.56
896.726
896.892
897.058
897.224
897.39
897.556
897.722
897.888
898.054
898.22
898.386
898.552
898.718
898.889
899.135
899.381
899.627
899.873
900.119
900.365
900.611
900.857
901.103
901.349
901.595
901.841
902.087
902.333
902.579
902.825
903.071
903.31
903.535
903.76
903.985
904.21
904.435
904.66
904.885
905.11
905.335
905.56
905.785
906.01
906.235
906.46
906.689
906.86
907.031
907.202
907.373
907.544
907.715
907.886
908.057
908.228
908.399
908.57
908.741
908.912
909.083
909.254
909.425
909.596
909.767
909.929
910.178
910.427
910.676
910.925
911.174
911.423
911.672
911.921
912.17
912.419
912.668
912.917
913.166
913.415
913.664
913.913
914.162
914.411
914.66
914.85
915.04
915.23
915.42
915.61
915.8
915.99
916.18
916.37
916.56
916.75
916.94
917.13
917.32
917.51
917.7
917.89
918.08
918.269
918.503
918.737
918.971
919.205
919.439
919.673
919.907
920.141
920.375
920.609
920.843
921.077
921.311
921.545
921.779
922.013
922.247
922.48
922.795
923.11
923.425
923.74
924.055
924.37
924.685
925.0
925.315
925.63
925.945
926.26
926.575
926.89
927.205
927.52
927.835
928.15
928.47
928.683
928.896
929.109
929.322
929.535
929.748
929.961
930.174
930.387
930.6
930.813
931.026
931.239
931.452
931.665
931.878
932.091
932.309
932.534
932.759
932.984
933.209
933.434
933.659
933.884
934.109
934.334
934.559
934.784
935.009
935.234
935.459
935.684
935.909
936.134
936.359
936.584
936.809
937.034
937.25
937.404
937.558
937.712
937.865
938.019
938.173
938.327
938.481
938.635
938.788
938.942
939.096
939.25
939.404
939.558
939.712
939.865
940.019
940.173
940.32
940.57
940.82
941.07
941.32
941.57
941.82
942.07
942.32
942.57
942.82
943.07
943.32
943.57
943.82
944.07
944.32
944.569
944.784
944.999
945.214
945.429
945.644
945.859
946.074
946.289
946.504
946.719
946.934
947.149
947.364
947.579
947.794
948.009
948.22
948.799
949.378
949.957
950.536
951.115
951.694
952.273
952.852
953.431
954.01
954.589
955.168
955.747
956.326
956.905
957.484
958.059
959.799
961.539
963.279
965.019
965.567
966.115
966.663
967.211
967.759
968.307
968.855
969.403
969.951
970.499
971.047
971.595
972.149
972.793
973.437
974.081
974.725
975.369
976.013
976.657
977.301
977.945
978.589
979.233
979.877
980.521
981.17
981.558
981.946
982.334
982.722
983.11
983.498
983.886
984.274
984.662
985.05
985.438
985.826
986.214
986.602
986.99
987.378
987.766
988.154
988.54
988.898
989.256
989.614
989.972
990.33
990.688
991.046
991.404
991.762
992.12
992.478
992.836
993.194
993.552
993.91
994.269
994.427
994.585
994.743
994.901
995.059
995.217
995.375
995.533
995.691
995.849
996.007
996.165
996.323
996.481
996.639
996.797
996.955
997.119
997.398
997.677
997.956
998.235
998.514
998.793
999.072
999.351
999.63
999.909
1000.188
1000.467
1000.746
1001.025
1001.304
1001.583
1001.862
1002.139
1002.321
1002.503
1002.685
1002.867
1003.049
1003.231
1003.413
1003.595
1003.777
1003.959
1004.141
1004.323
1004.505
1004.687
1004.869
1005.051
1005.233
1005.42
1005.644
1005.868
1006.092
1006.316
1006.54
1006.764
1006.988
1007.212
1007.436
1007.66
1007.884
1008.108
1008.332
1008.556
1008.78
1009.004
1009.228
1009.452
1009.67
1009.841
1010.012
1010.183
1010.354
1010.525
1010.696
1010.867
1011.038
1011.209
1011.38
1011.551
1011.722
1011.893
1012.064
1012.235
1012.406
1012.577
1012.749
1013.115
1013.481
1013.847
1014.213
1014.579
1014.945
1015.31
1015.449
1015.588
1015.727
1015.866
1016.005
1016.144
1016.283
1016.422
1016.561
1016.7
1016.839
1016.978
1017.117
1017.256
1017.395
1017.534
1017.673
1017.812
1017.951
1018.089
1018.273
1018.457
1018.641
1018.825
1019.009
1019.193
1019.377
1019.561
1019.745
1019.929
1020.113
1020.297
1020.481
1020.665
1020.849
1021.033
1021.217
1021.401
1021.579
1022.072
1022.565
1023.058
1023.551
1024.044
1024.537
1025.03
1025.523
1026.016
1026.509
1027.002
1027.495
1027.988
1028.481
1028.97
1029.371
1029.772
1030.173
1030.574
1030.975
1031.376
1031.777
1032.178
1032.579
1032.98
1033.381
1033.782
1034.183
1034.584
1034.985
1035.39
1035.717
1036.044
1036.371
1036.698
1037.025
1037.352
1037.679
1038.006
1038.333
1038.66
1038.987
1039.314
1039.641
1039.968
1040.295
1040.622
1040.949
1041.276
1041.603
1041.93
1042.257
1042.579
1042.9
1043.221
1043.542
1043.863
1044.184
1044.505
1044.826
1045.147
1045.468
1045.789
1046.11
1046.431
1046.752
1047.073
1047.394
1047.709
1048.143
1048.577
1049.011
1049.445
1049.879
1050.313
1050.747
1051.181
1051.615
1052.049
1052.483
1052.917
1053.351
1053.785
1054.219
1054.653
1055.087
1055.521
1055.96
1056.238
1056.516
1056.794
1057.072
1057.35
1057.628
1057.906
1058.184
1058.462
1058.74
1059.018
1059.296
1059.574
1059.852
1060.13
1060.375
1060.62
1060.865
1061.11
1061.355
1061.6
1061.845
1062.09
1062.335
1062.58
1062.825
1063.07
1063.315
1063.56
1063.805
1064.05
1064.3
1064.593
1064.886
1065.179
1065.472
1065.765
1066.058
1066.351
1066.644
1066.937
1067.23
1067.523
1067.816
1068.109
1068.402
1068.695
1068.988
1069.281
1069.574
1069.87
1070.221
1070.572
1070.923
1071.274
1071.625
1071.976
1072.327
1072.678
1073.029
1073.38
1073.731
1074.082
1074.433
1074.784
1075.135
1075.486
1075.837
1076.188
1076.539
1076.89
1077.271
1077.652
1078.033
1078.414
1078.795
1079.176
1079.557
1079.938
1080.319
1080.7
1081.081
1081.462
1081.843
1082.224
1082.605
1082.99
1084.557
1086.124
1087.69
1088.184
1088.678
1089.172
1089.666
1090.16
1090.654
1091.148
1091.642
1092.136
1092.63
1093.124
1093.618
1094.112
1094.606
1095.1
1095.594
1096.088
1096.58
1097.41
1098.24
1099.07
1099.9
1100.73
1101.56
1102.39
1103.22
1104.05
1104.88
1105.71
1106.54
1107.37
1108.2
1109.03
1109.86
1110.69
1111.086
1111.482
1111.878
1112.274
1112.67
1113.066
1113.462
1113.858
1114.254
1114.65
1115.046
1115.442
1115.838
1116.23
1116.627
1117.024
1117.421
1117.818
1118.215
1118.612
1119.009
1119.406
1119.803
1120.2
1120.597
1120.994
1121.391
1121.788
1122.19
1122.524
1122.858
1123.192
1123.526
1123.86
1124.194
1124.528
1124.862
1125.196
1125.53
1125.864
1126.198
1126.532
1126.866
1127.2
1127.534
1127.868
1128.21
1129.262
1130.314
1131.366
1132.418
1133.47
1133.794
1134.118
1134.442
1134.766
1135.09
1135.414
1135.738
1136.062
1136.386
1136.71
1137.034
1137.358
1137.682
1138.006
1138.33
1138.66
1139.026
1139.392
1139.758
1140.124
1140.49
1140.856
1141.222
1141.588
1141.954
1142.32
1142.686
1143.052
1143.418
1143.784
1144.15
1144.516
1144.882
1145.24
1145.445
1145.65
1145.855
1146.06
1146.265
1146.47
1146.675
1146.88
1147.085
1147.29
1147.495
1147.7
1147.905
1148.11
1148.315
1148.52
1148.725
1148.93
1149.13
1149.401
1149.672
1149.943
1150.214
1150.485
1150.756
1151.027
1151.298
1151.569
1151.84
1152.111
1152.382
1152.653
1152.924
1153.195
1153.466
1153.737
1154.01
1154.295
1154.58
1154.865
1155.15
1155.435
1155.72
1156.005
1156.29
1156.575
1156.86
1157.145
1157.43
1157.715
1158.0
1158.285
1158.57
1158.97
1159.37
1159.77
1160.17
1160.57
1160.97
1161.37
1161.77
1162.17
1162.57
1162.97
1163.37
1163.77
1164.17
1164.57
1164.97
1165.37
1165.77
1166.179
1166.653
1167.127
1167.6
1167.839
1168.078
1168.317
1168.556
1168.795
1169.034
1169.273
1169.512
1169.751
1169.99
1170.229
1170.468
1170.707
1170.946
1171.185
1171.424
1171.659
1171.959
1172.259
1172.559
1172.859
1173.159
1173.459
1173.759
1174.059
1174.359
1174.659
1174.959
1175.259
1175.559
1175.859
1176.159
1176.459
1176.759
1177.059
1177.359
1177.649
1177.961
1178.273
1178.585
1178.897
1179.209
1179.521
1179.833
1180.145
1180.457
1180.769
1181.081
1181.393
1181.705
1182.017
1182.329
1182.641
1182.953
1183.265
1183.577
1183.88
1184.392
1184.904
1185.416
1185.928
1186.44
1186.952
1187.464
1187.976
1188.488
1189.0
1189.512
1190.024
1190.536
1191.048
1191.56
1192.072
1192.59
1192.866
1193.142
1193.418
1193.694
1193.97
1194.246
1194.522
1194.798
1195.074
1195.35
1195.626
1195.902
1196.178
1196.454
1196.73
1197.006
1197.282
1197.558
1197.84
1198.141
1198.442
1198.743
1199.044
1199.345
1199.646
1199.947
1200.248
1200.549
1200.85
1201.151
1201.452
1201.753
1202.054
1202.355
1202.656
1202.957
1203.258
1203.559
1203.854
1204.149
1204.444
1204.739
1205.034
1205.329
1205.624
1205.919
1206.214
1206.509
1206.804
1207.099
1207.394
1207.689
1207.982
1208.535
1209.088
1209.641
1210.194
1210.747
1211.3
1211.853
1212.406
1212.959
1213.512
1214.065
1214.618
1215.171
1215.724
1216.277
1216.831
1217.315
1217.799
1218.283
1218.767
1219.251
1219.735
1220.219
1220.703
1221.187
1221.671
1222.155
1222.639
1223.123
1223.607
1224.091
1224.575
1225.059
1225.549
1225.813
1226.077
1226.341
1226.605
1226.869
1227.133
1227.397
1227.661
1227.925
1228.189
1228.453
1228.717
1228.981
1229.245
1229.509
1229.773
1230.037
1230.301
1230.57
1230.759
1230.948
1231.137
1231.326
1231.515
1231.704
1231.893
1232.082
1232.271
1232.46
1232.649
1232.838
1233.027
1233.216
1233.405
1233.594
1233.783
1233.972
1234.161
1234.35
1234.549
1235.016
1235.483
1235.95
1236.417
1236.884
1237.351
1237.818
1238.285
1238.752
1239.219
1239.686
1240.153
1240.62
1241.087
1241.554
1242.021
1242.488
1242.96
1243.299
1243.638
1243.977
1244.316
1244.655
1244.994
1245.333
1245.672
1246.011
1246.35
1246.689
1247.029
1247.245
1247.461
1247.677
1247.893
1248.109
1248.325
1248.541
1248.757
1248.973
1249.189
1249.405
1249.621
1249.837
1250.053
1250.269
1250.485
1250.701
1250.92
1251.235
1251.55
1251.865
1252.18
1252.495
1252.81
1253.125
1253.44
1253.755
1254.07
1254.385
1254.7
1255.015
1255.33
1255.645
1255.96
1256.275
1256.59
1256.832
1257.074
1257.316
1257.558
1257.8
1258.042
1258.284
1258.526
1258.768
1259.01
1259.252
1259.494
1259.736
1259.978
1260.22
1260.462
1260.704
1260.946
1261.19
1261.582
1261.975
1262.367
1262.759
1263.151
1263.543
1263.935
1264.327
1264.719
1265.111
1265.504
1265.896
1266.288
1266.68
1267.072
1267.47
1267.851
1268.232
1268.613
1268.994
1269.375
1269.756
1270.137
1270.518
1270.899
1271.28
1271.661
1272.042
1272.423
1272.804
1273.185
1273.566
1273.947
1274.328
1274.709
1275.09
1275.445
1275.8
1276.155
1276.51
1276.865
1277.22
1277.575
1277.93
1278.285
1278.64
1278.995
1279.35
1279.705
1280.06
1280.415
1280.77
1281.125
1281.48
1281.83
1282.69
1283.55
1284.409
1285.197
1285.985
1286.773
1287.561
1288.349
1289.137
1289.925
1290.713
1291.501
1292.289
1293.077
1293.865
1294.653
1295.441
1296.229
1297.017
1297.81
1298.629
1299.448
1300.267
1301.086
1301.905
1302.724
1303.543
1304.362
1305.181
1306.0
1306.819
1307.638
1308.457
1309.276
1310.095
1310.914
1311.74
1311.983
1312.226
1312.469
1312.712
1312.955
1313.198
1313.441
1313.684
1313.927
1314.17
1314.413
1314.656
1314.899
1315.142
1315.385
1315.628
1315.871
1316.114
1316.36
1317.009
1317.658
1318.307
1318.956
1319.605
1320.254
1320.903
1321.552
1322.201
1322.85
1323.499
1324.148
1324.797
1325.446
1326.095
1326.744
1327.393
1328.042
1328.691
1329.34
1329.558
1329.776
1329.994
1330.212
1330.43
1330.648
1330.866
1331.084
1331.302
1331.52
1331.738
1331.956
1332.174
1332.392
1332.61
1332.828
1333.049
1333.537
1334.025
1334.513
1335.001
1335.489
1335.977
1336.465
1336.953
1337.441
1337.929
1338.417
1338.905
1339.393
1339.881
1340.369
1340.86
1341.289
1341.718
1342.147
1342.576
1343.005
1343.434
1343.863
1344.292
1344.721
1345.15
1345.579
1346.008
1346.437
1346.866
1347.295
1347.724
1348.149
1348.46
1348.771
1349.082
1349.393
1349.704
1350.015
1350.326
1350.637
1350.948
1351.259
1351.57
1351.881
1352.192
1352.503
1352.814
1353.12
1353.619
1354.118
1354.617
1355.116
1355.615
1356.114
1356.613
1357.112
1357.611
1358.11
1358.609
1359.108
1359.607
1360.106
1360.605
1361.104
1361.603
1362.102
1362.61
1363.367
1364.124
1364.881
1365.639
1366.396
1367.153
1367.91
1368.668
1369.425
1370.182
1370.939
1371.697
1372.454
1373.211
1373.968
1374.73
1375.117
1375.504
1375.891
1376.278
1376.665
1377.052
1377.439
1377.826
1378.213
1378.6
1378.987
1379.374
1379.761
1380.148
1380.53
1381.56
1382.59
1383.62
1384.65
1385.68
1386.71
1387.74
1388.77
1389.8
1390.83
1391.86
1392.889
1393.249
1393.609
1393.969
1394.329
1394.689
1395.049
1395.409
1395.769
1396.129
1396.489
1396.849
1397.209
1397.569
1397.932
1398.286
1398.64
1398.994
1399.348
1399.702
1400.056
1400.41
1400.764
1401.118
1401.472
1401.826
1402.18
1402.534
1402.888
1403.242
1403.596
1403.95
1404.215
1404.48
1404.745
1405.01
1405.275
1405.54
1405.805
1406.07
1406.335
1406.6
1406.865
1407.13
1407.395
1407.66
1407.925
1408.19
1408.455
1408.72
1409.223
1409.726
1410.229
1410.732
1411.235
1411.738
1412.241
1412.744
1413.247
1413.75
1414.253
1414.756
1415.259
1415.762
1416.265
1416.768
1417.271
1417.774
1418.279
1418.819
1419.359
1419.899
1420.439
1420.979
1421.519
1422.059
1422.599
1423.139
1423.679
1424.219
1424.759
1425.299
1425.839
1426.379
1426.919
1427.459
1427.999
1428.539
1428.83
1429.121
1429.412
1429.703
1429.994
1430.285
1430.576
1430.867
1431.158
1431.449
1431.74
1432.031
1432.322
1432.613
1432.904
1433.19
1433.542
1433.894
1434.246
1434.598
1434.95
1435.302
1435.654
1436.006
1436.358
1436.71
1437.062
1437.414
1437.766
1438.118
1438.47
1438.822
1439.174
1439.52
1439.798
1440.076
1440.354
1440.632
1440.91
1441.188
1441.466
1441.744
1442.022
1442.3
1442.578
1442.856
1443.134
1443.412
1443.69
1443.968
1444.25
1444.532
1444.814
1445.096
1445.378
1445.66
1445.94
1446.148
1446.356
1446.564
1446.772
1446.98
1447.188
1447.396
1447.604
1447.812
1448.02
1448.228
1448.436
1448.644
1448.852
1449.06
1449.268
1449.476
1449.684
1449.891
1450.104
1450.317
1450.53
1450.743
1450.956
1451.169
1451.382
1451.595
1451.808
1452.021
1452.234
1452.447
1452.66
1452.873
1453.086
1453.299
1453.52
1453.991
1454.462
1454.933
1455.404
1455.875
1456.346
1456.817
1457.288
1457.759
1458.23
1458.701
1459.172
1459.643
1460.114
1460.585
1461.056
1461.527
1461.998
1462.47
1462.871
1463.273
1463.674
1464.075
1464.476
1464.878
1465.279
1465.68
1466.082
1466.484
1466.885
1467.286
1467.688
1468.09
1468.491
1468.892
1469.293
1469.694
1470.095
1470.5
1470.713
1470.926
1471.139
1471.352
1471.565
1471.778
1471.991
1472.204
1472.417
1472.63
1472.843
1473.056
1473.269
1473.482
1473.695
1473.908
1474.121
1474.34
1474.495
1474.65
1474.805
1474.96
1475.115
1475.27
1475.425
1475.58
1475.735
1475.89
1476.045
1476.2
1476.355
1476.51
1476.665
1476.82
1476.97
1477.154
1477.338
1477.522
1477.706
1477.89
1478.074
1478.258
1478.442
1478.626
1478.81
1478.994
1479.178
1479.362
1479.546
1479.73
1479.914
1480.098
1480.282
1480.47
1480.675
1480.88
1481.085
1481.29
1481.495
1481.7
1481.905
1482.11
1482.315
1482.52
1482.725
1482.93
1483.135
1483.34
1483.545
1483.75
1483.955
1484.159
1484.307
1484.455
1484.603
1484.751
1484.899
1485.047
1485.195
1485.343
1485.491
1485.639
1485.787
1485.935
1486.083
1486.231
1486.379
1486.527
1486.675
1486.823
1486.971
1487.12
1487.359
1487.598
1487.837
1488.076
1488.315
1488.554
1488.793
1489.032
1489.271
1489.51
1489.749
1489.988
1490.227
1490.466
1490.705
1490.944
1491.183
1491.422
1491.661
1491.909
1492.219
1492.529
1492.839
1493.149
1493.459
1493.769
1494.079
1494.389
1494.699
1495.009
1495.319
1495.629
1495.939
1496.249
1496.559
1496.869
1497.179
1497.489
1497.799
1498.11
1498.421
1498.732
1499.043
1499.354
1499.665
1499.976
1500.287
1500.598
1500.909
1501.22
1501.531
1501.842
1502.153
1502.464
1502.775
1503.086
1503.397
1503.708
1504.019
1504.32
1504.96
1505.6
1506.24
1506.88
1507.52
1508.16
1508.8
1509.44
1510.08
1510.72
1511.36
1512.0
1512.64
1513.279
1514.065
1514.851
1515.637
1516.423
1517.209
1517.995
1518.781
1519.567
1520.353
1521.139
1521.925
1522.711
1523.497
1524.283
1525.07
1525.355
1525.64
1525.925
1526.21
1526.495
1526.78
1527.065
1527.35
1527.635
1527.92
1528.205
1528.49
1528.769
1529.389
1530.009
1530.629
1531.249
1531.869
1532.489
1533.109
1533.729
1534.349
1534.969
1535.589
1536.209
1536.829
1537.449
1538.069
1538.689
1539.309
1539.747
1540.185
1540.623
1541.061
1541.499
1541.937
1542.375
1542.813
1543.251
1543.689
1544.127
1544.565
1545.003
1545.441
1545.879
1546.317
1546.755
1547.19
1547.469
1547.748
1548.027
1548.306
1548.585
1548.864
1549.143
1549.422
1549.701
1549.98
1550.259
1550.538
1550.817
1551.096
1551.375
1551.66
1552.051
1552.442
1552.833
1553.224
1553.615
1554.006
1554.397
1554.788
1555.179
1555.57
1555.961
1556.352
1556.743
1557.134
1557.525
1557.909
1558.321
1558.733
1559.145
1559.557
1559.969
1560.381
1560.793
1561.205
1561.617
1562.029
1562.441
1562.853
1563.265
1563.677
1564.089
1564.501
1564.913
1565.32
1565.636
1565.952
1566.268
1566.584
1566.9
1567.216
1567.532
1567.848
1568.164
1568.48
1568.796
1569.112
1569.428
1569.744
1570.06
1570.376
1570.692
1571.008
1571.324
1571.64
1571.96
1572.378
1572.796
1573.214
1573.632
1574.05
1574.468
1574.886
1575.304
1575.722
1576.14
1576.558
1576.976
1577.394
1577.812
1578.23
1578.649
1578.914
1579.179
1579.444
1579.709
1579.974
1580.239
1580.504
1580.769
1581.034
1581.299
1581.564
1581.829
1582.094
1582.359
1582.624
1582.889
1583.128
1583.367
1583.606
1583.845
1584.084
1584.323
1584.562
1584.801
1585.04
1585.279
1585.518
1585.757
1585.996
1586.235
1586.474
1586.71
1587.669
1588.628
1589.587
1590.546
1591.505
1592.464
1593.423
1594.382
1595.341
1596.3
1597.259
1598.218
1599.177
1600.136
1601.095
1602.059
1602.878
1603.697
1604.516
1605.335
1606.154
1606.973
1607.792
1608.611
1609.43
1610.249
1611.068
1611.887
1612.706
1613.52
1613.825
1614.13
1614.435
1614.74
1615.045
1615.35
1615.655
1615.96
1616.265
1616.57
1616.875
1617.18
1617.485
1617.79
1618.095
1618.4
1618.71
1619.104
1619.498
1619.892
1620.286
1620.68
1621.074
1621.468
1621.862
1622.256
1622.65
1623.044
1623.438
1623.832
1624.226
1624.62
1625.211
1625.802
1626.393
1626.984
1627.575
1628.166
1628.757
1629.348
1629.939
1630.53
1631.121
1631.712
1632.303
1632.894
1633.49
1633.777
1634.064
1634.351
1634.638
1634.925
1635.212
1635.499
1635.786
1636.073
1636.36
1636.647
1636.934
1637.221
1637.508
1637.789
1638.313
1638.837
1639.361
1639.885
1640.409
1640.933
1641.457
1641.981
1642.505
1643.029
1643.553
1644.077
1644.601
1645.125
1645.649
1646.179
1646.594
1647.009
1647.424
1647.839
1648.254
1648.669
1649.084
1649.499
1649.914
1650.329
1650.744
1651.159
1651.574
1651.989
1652.409
1653.004
1653.599
1654.194
1654.789
1655.384
1655.979
1656.574
1657.169
1657.764
1658.359
1658.954
1659.549
1660.14
1660.446
1660.752
1661.058
1661.364
1661.67
1661.976
1662.282
1662.588
1662.894
1663.2
1663.506
1663.812
1664.118
1664.424
1664.73
1665.036
1665.342
1665.65
1668.018
1670.386
1672.754
1675.121
1677.489
1679.857
1682.225
1684.59
1685.142
1685.694
1686.246
1686.798
1687.35
1687.902
1688.454
1689.006
1689.558
1690.11
1690.662
1691.214
1691.766
1692.318
1692.87
1693.422
1693.974
1694.52
1695.033
1695.546
1696.059
1696.572
1697.085
1697.598
1698.111
1698.624
1699.137
1699.65
1700.163
1700.676
1701.189
1701.702
1702.215
1702.728
1703.241
1703.759
1704.361
1704.963
1705.565
1706.167
1706.769
1707.371
1707.973
1708.575
1709.177
1709.779
1710.381
1710.983
1711.585
1712.187
1712.79
1713.097
1713.404
1713.711
1714.018
1714.325
1714.632
1714.939
1715.246
1715.553
1715.86
1716.167
1716.474
1716.781
1717.088
1717.395
1717.702
1718.01
1718.373
1718.736
1719.099
1719.462
1719.825
1720.188
1720.551
1720.914
1721.277
1721.64
1722.003
1722.366
1722.729
1723.092
1723.46
1723.784
1724.108
1724.432
1724.756
1725.08
1725.404
1725.728
1726.052
1726.376
1726.7
1727.024
1727.348
1727.672
1727.996
1728.32
1728.644
1728.968
1729.299
1730.051
1730.803
1731.555
1732.307
1733.059
1733.811
1734.563
1735.315
1736.067
1736.819
1737.57
1738.127
1738.684
1739.241
1739.798
1740.355
1740.912
1741.469
1742.026
1742.583
1743.14
1743.697
1744.254
1744.811
1745.368
1745.929
1746.184
1746.438
1746.693
1746.947
1747.201
1747.456
1747.71
1747.965
1748.219
1748.474
1748.728
1748.983
1749.237
1749.492
1749.746
1750.001
1750.255
1750.51
1750.764
1751.019
1751.351
1751.683
1752.015
1752.347
1752.679
1753.011
1753.343
1753.675
1754.007
1754.339
1754.671
1755.003
1755.335
1755.667
1755.999
1756.331
1756.663
1756.99
1757.348
1757.706
1758.064
1758.422
1758.78
1759.138
1759.496
1759.854
1760.212
1760.57
1760.928
1761.286
1761.644
1762.002
1762.36
1762.718
1763.076
1763.44
1763.683
1763.926
1764.169
1764.412
1764.655
1764.898
1765.141
1765.384
1765.627
1765.87
1766.113
1766.356
1766.599
1766.842
1767.085
1767.328
1767.571
1767.814
1768.049
1768.318
1768.587
1768.856
1769.125
1769.394
1769.663
1769.932
1770.201
1770.47
1770.739
1771.008
1771.277
1771.546
1771.815
1772.084
1772.353
1772.622
1772.891
1773.16
1773.494
1773.828
1774.162
1774.496
1774.83
1775.164
1775.498
1775.832
1776.166
1776.5
1776.834
1777.168
1777.502
1777.836
1778.17
1778.5
1779.263
1780.026
1780.789
1781.552
1782.315
1783.078
1783.841
1784.604
1785.367
1786.13
1786.893
1787.656
1788.419
1789.182
1789.95
1790.454
1790.958
1791.462
1791.966
1792.47
1792.974
1793.478
1793.982
1794.486
1794.99
1795.494
1796.0
1796.513
1797.026
1797.539
1798.052
1798.565
1799.078
1799.591
1800.104
1800.617
1801.13
1801.643
1802.156
1802.669
1803.182
1803.69
1804.308
1804.926
1805.544
1806.162
1806.78
1807.398
1808.016
1808.634
1809.252
1809.87
1810.488
1811.11
1811.585
1812.06
1812.535
1813.01
1813.485
1813.96
1814.435
1814.91
1815.385
1815.86
1816.335
1816.81
1817.285
1817.76
1818.23
1819.109
1819.988
1820.867
1821.746
1822.625
1823.504
1824.383
1825.262
1826.141
1827.02
1827.899
1828.779
1829.434
1830.089
1830.744
1831.399
1832.054
1832.709
1833.364
1834.019
1834.674
1835.329
1835.984
1836.639
1837.294
1837.949
1838.604
1839.259
1839.91
1840.364
1840.818
1841.272
1841.726
1842.18
1842.634
1843.088
1843.542
1843.996
1844.45
1844.904
1845.358
1845.812
1846.266
1846.72
1847.23
1847.74
1848.25
1848.76
1849.27
1849.78
1850.29
1850.8
1851.31
1851.82
1852.33
1852.84
1853.35
1853.86
1854.37
1854.88
1855.39
1855.9
1856.419
1856.873
1857.327
1857.781
1858.235
1858.689
1859.143
1859.597
1860.051
1860.505
1860.959
1861.413
1861.867
1862.321
1862.775
1863.229
1863.69
1864.221
1864.752
1865.283
1865.814
1866.345
1866.876
1867.407
1867.938
1868.469
1869.0
1869.531
1870.062
1870.593
1871.124
1871.655
1872.186
1872.717
1873.248
1873.779
1874.31
1874.84
1875.77
1876.7
1877.496
1878.292
1879.088
1879.884
1880.68
1881.476
1882.272
1883.068
1883.864
1884.66
1885.456
1886.252
1887.048
1887.844
1888.64
1889.436
1890.24
1890.838
1891.436
1892.034
1892.632
1893.23
1893.828
1894.426
1895.024
1895.622
1896.22
1896.818
1897.416
1898.014
1898.612
1899.21
1899.808
1900.406
1901.004
1901.602
1902.2
1902.581
1902.962
1903.343
1903.724
1904.105
1904.486
1904.867
1905.248
1905.629
1906.01
1906.391
1906.772
1907.153
1907.534
1907.915
1908.296
1908.669
1908.926
1909.183
1909.44
1909.697
1909.954
1910.211
1910.468
1910.725
1910.982
1911.239
1911.496
1911.753
1912.01
1912.267
1912.524
1912.781
1913.038
1913.295
1913.549
1913.798
1914.047
1914.296
1914.545
1914.794
1915.043
1915.292
1915.541
1915.79
1916.039
1916.288
1916.537
1916.786
1917.035
1917.284
1917.533
1917.782
1918.031
1918.28
1918.529
1918.779
1919.13
1919.481
1919.832
1920.183
1920.534
1920.885
1921.236
1921.587
1921.938
1922.289
1922.64
1922.991
1923.342
1923.693
1924.044
1924.395
1924.746
1925.097
1925.448
1925.799
1926.15
1926.499
1926.881
1927.263
1927.645
1928.027
1928.409
1928.791
1929.173
1929.555
1929.937
1930.319
1930.701
1931.083
1931.465
1931.847
1932.229
1932.611
1932.993
1933.375
1933.749
1934.144
1934.539
1934.934
1935.329
1935.724
1936.119
1936.514
1936.909
1937.304
1937.699
1938.094
1938.489
1938.884
1939.279
1939.674
1940.069
1940.47
1940.926
1941.381
1941.837
1942.293
1942.748
1943.204
1943.659
1944.115
1944.571
1945.026
1945.482
1945.938
1946.394
1946.85
1947.305
1947.761
1948.216
1948.669
1949.914
1951.159
1952.404
1953.649
1954.894
1956.14
1956.502
1956.864
1957.226
1957.588
1957.95
1958.312
1958.674
1959.036
1959.398
1959.76
1960.122
1960.484
1960.846
1961.208
1961.57
1961.932
1962.294
1962.656
1963.009
1963.52
1964.031
1964.542
1965.053
1965.564
1966.075
1966.586
1967.097
1967.608
1968.119
1968.63
1969.141
1969.652
1970.163
1970.669
1971.221
1971.773
1972.325
1972.877
1973.429
1973.981
1974.533
1975.085
1975.637
1976.189
1976.741
1977.293
1977.845
1978.397
1978.949
1979.501
1980.059
1980.408
1980.757
1981.106
1981.455
1981.804
1982.153
1982.502
1982.851
1983.2
1983.549
1983.898
1984.247
1984.596
1984.945
1985.294
1985.643
1985.992
1986.34
1986.704
1987.068
1987.432
1987.796
1988.16
1988.524
1988.888
1989.252
1989.616
1989.98
1990.344
1990.708
1991.072
1991.436
1991.8
1992.164
1992.52
1992.811
1993.102
1993.393
1993.684
1993.975
1994.266
1994.557
1994.848
1995.139
1995.43
1995.721
1996.012
1996.303
1996.594
1996.885
1997.176
1997.46
1997.921
1998.382
1998.843
1999.304
1999.765
2000.226
2000.687
2001.148
2001.61
2001.96
2002.311
2002.661
2003.012
2003.362
2003.713
2004.063
2004.414
2004.764
2005.114
2005.465
2005.815
2006.166
2006.516
2006.867
2007.217
2007.568
2007.918
2008.268
2008.62
2009.036
2009.452
2009.868
2010.284
2010.7
2011.116
2011.532
2011.948
2012.364
2012.78
2013.196
2013.612
2014.028
2014.444
2014.86
2015.276
2015.692
2016.1
2016.303
2016.506
2016.709
2016.912
2017.115
2017.318
2017.521
2017.724
2017.927
2018.13
2018.333
2018.536
2018.739
2018.942
2019.145
2019.348
2019.551
2019.754
2019.957
2020.16
2020.36
2020.865
2021.37
2021.875
2022.38
2022.885
2023.39
2023.895
2024.4
2024.905
2025.41
2025.915
2026.42
2026.925
2027.43
2027.935
2028.44
2028.945
2029.45
2029.955
2030.46
2030.97
2031.188
2031.406
2031.624
2031.842
2032.06
2032.278
2032.496
2032.714
2032.932
2033.15
2033.368
2033.586
2033.804
2034.022
2034.24
2034.458
2034.676
2034.894
2035.12
2035.425
2035.73
2036.035
2036.34
2036.645
2036.95
2037.255
2037.56
2037.865
2038.17
2038.475
2038.78
2039.085
2039.39
2039.695
2040.0
2040.305
2040.61
2040.915
2041.22
2041.495
2041.77
2042.045
2042.32
2042.595
2042.87
2043.145
2043.42
2043.695
2043.97
2044.245
2044.52
2044.795
2045.07
2045.345
2045.62
2045.895
2046.17
2046.445
2046.72
2046.995
2047.269
2047.55
2047.831
2048.112
2048.393
2048.674
2048.955
2049.236
2049.517
2049.798
2050.079
2050.36
2050.641
2050.922
2051.203
2051.484
2051.765
2052.046
2052.327
2052.608
2052.889
2053.16
2053.458
2053.756
2054.054
2054.352
2054.65
2054.948
2055.246
2055.544
2055.842
2056.14
2056.438
2056.736
2057.034
2057.332
2057.63
2057.928
2058.226
2058.524
2058.83
2059.051
2059.272
2059.493
2059.714
2059.935
2060.156
2060.377
2060.598
2060.819
2061.04
2061.261
2061.482
2061.703
2061.924
2062.145
2062.366
2062.587
2062.808
2063.029
2063.25
2063.48
2063.765
2064.05
2064.335
2064.62
2064.905
2065.19
2065.475
2065.76
2066.045
2066.33
2066.615
2066.9
2067.185
2067.47
2067.755
2068.04
2068.33
2068.616
2068.902
2069.188
2069.474
2069.76
2070.046
2070.332
2070.618
2070.904
2071.19
2071.476
2071.762
2072.048
2072.334
2072.62
2072.906
2073.192
2073.48
2073.772
2074.064
2074.356
2074.648
2074.94
2075.232
2075.524
2075.816
2076.108
2076.4
2076.692
2076.984
2077.276
2077.568
2077.86
2078.159
2078.417
2078.675
2078.933
2079.191
2079.449
2079.707
2079.965
2080.223
2080.48
2080.738
2080.996
2081.254
2081.512
2081.77
2082.028
2082.286
2082.544
2082.802
2083.06
2083.318
2083.576
2083.834
2084.092
2084.35
2084.608
2084.866
2085.124
2085.382
2085.64
2085.889
2086.16
2086.431
2086.702
2086.973
2087.244
2087.515
2087.786
2088.057
2088.328
2088.599
2088.87
2089.141
2089.412
2089.683
2089.954
2090.225
2090.496
2090.767
2091.038
2091.309
2091.58
2091.851
2092.129
2092.498
2092.867
2093.236
2093.605
2093.974
2094.343
2094.712
2095.081
2095.45
2095.819
2096.188
2096.557
2096.926
2097.295
2097.664
2098.033
2098.402
2098.771
2099.14
2099.509
2099.88
2100.549
2101.218
2101.887
2102.556
2103.225
2103.894
2104.563
2105.232
2105.901
2106.57
2106.919
2107.268
2107.617
2107.966
2108.315
2108.664
2109.013
2109.362
2109.711
2110.06
2110.409
2110.758
2111.107
2111.456
2111.805
2112.154
2112.503
2112.85
2113.073
2113.296
2113.519
2113.742
2113.965
2114.188
2114.411
2114.634
2114.857
2115.08
2115.303
2115.526
2115.749
2115.972
2116.195
2116.418
2116.64
2117.482
2118.324
2119.166
2120.008
2120.85
2121.692
2122.534
2123.376
2124.218
2125.06
2125.902
2126.744
2127.586
2128.428
2129.27
2130.112
2130.954
2131.79
2132.142
2132.494
2132.846
2133.198
2133.55
2133.902
2134.254
2134.606
2134.958
2135.31
2135.662
2136.014
2136.366
2136.718
2137.07
2137.422
2137.77
2138.068
2138.366
2138.664
2138.962
2139.26
2139.558
2139.856
2140.154
2140.452
2140.75
2141.048
2141.345
2141.642
2141.939
2142.236
2142.53
2142.812
2143.094
2143.376
2143.658
2143.94
2144.222
2144.504
2144.786
2145.068
2145.35
2145.632
2145.914
2146.196
2146.478
2146.76
2147.042
2147.329
2147.755
2148.181
2148.607
2149.033
2149.459
2149.885
2150.311
2150.737
2151.163
2151.589
2152.015
2152.441
2152.867
2153.293
2153.72
2154.186
2154.652
2155.118
2155.584
2156.05
2156.516
2156.982
2157.448
2157.914
2158.38
2158.846
2159.312
2159.778
2160.244
2160.71
2161.176
2161.642
2162.1
2162.686
2163.272
2163.858
2164.444
2165.03
2165.616
2166.202
2166.788
2167.374
2167.96
2168.546
2169.132
2169.718
2170.304
2170.89
2171.476
2172.069
2172.508
2172.947
2173.386
2173.825
2174.264
2174.703
2175.142
2175.581
2176.02
2176.459
2176.898
2177.337
2177.776
2178.215
2178.66
2179.164
2179.668
2180.172
2180.676
2181.18
2181.684
2182.188
2182.692
2183.196
2183.7
2184.204
2184.708
2185.212
2185.716
2186.22
2186.724
2187.22
2187.611
2188.002
2188.393
2188.784
2189.175
2189.566
2189.957
2190.348
2190.739
2191.13
2191.521
2191.912
2192.303
2192.694
2193.085
2193.476
2193.867
2194.258
2194.64
2195.001
2195.362
2195.723
2196.084
2196.445
2196.806
2197.167
2197.528
2197.889
2198.25
2198.611
2198.972
2199.333
2199.694
2200.055
2200.416
2200.77
2201.088
2201.406
2201.724
2202.042
2202.36
2202.678
2202.996
2203.314
2203.632
2203.95
2204.268
2204.586
2204.904
2205.222
2205.54
2205.858
2206.176
2206.49
2206.776
2207.062
2207.348
2207.634
2207.92
2208.206
2208.492
2208.778
2209.064
2209.35
2209.636
2209.922
2210.208
2210.494
2210.78
2211.066
2211.359
2211.965
2212.571
2213.177
2213.783
2214.389
2214.995
2215.601
2216.207
2216.813
2217.419
2218.025
2218.631
2219.237
2219.843
2220.449
2221.055
2221.661
2222.26
2222.619
2222.978
2223.337
2223.696
2224.055
2224.414
2224.773
2225.132
2225.491
2225.85
2226.209
2226.568
2226.927
2227.286
2227.645
2228.004
2228.363
2228.722
2229.08
2229.494
2229.908
2230.322
2230.736
2231.15
2231.564
2231.978
2232.392
2232.806
2233.22
2233.634
2234.048
2234.462
2234.876
2235.29
2235.704
2236.118
2236.54
2237.251
2237.962
2238.673
2239.384
2240.095
2240.806
2241.517
2242.228
2242.939
2243.65
2244.361
2245.072
2245.783
2246.494
2247.205
2247.916
2248.63
2248.904
2249.178
2249.452
2249.726
2250.0
2250.274
2250.548
2250.822
2251.096
2251.37
2251.644
2251.918
2252.192
2252.466
2252.74
2253.014
2253.288
2253.562
2253.83
2254.228
2254.626
2255.024
2255.422
2255.82
2256.218
2256.616
2257.014
2257.412
2257.81
2258.208
2258.606
2259.004
2259.402
2259.8
2260.198
2260.591
2261.382
2262.173
2262.964
2263.755
2264.546
2265.337
2266.13
2266.359
2266.588
2266.817
2267.046
2267.275
2267.504
2267.733
2267.962
2268.191
2268.42
2268.649
2268.878
2269.107
2269.336
2269.559
2270.011
2270.463
2270.915
2271.367
2271.819
2272.271
2272.723
2273.175
2273.627
2274.079
2274.531
2274.983
2275.435
2275.887
2276.339
2276.791
2277.243
2277.695
2278.15
2278.293
2278.436
2278.579
2278.722
2278.865
2279.008
2279.15
2279.413
2279.676
2279.939
2280.202
2280.465
2280.728
2280.991
2281.254
2281.517
2281.78
2282.043
2282.31
2282.852
2283.394
2283.936
2284.478
2285.02
2285.562
2286.104
2286.646
2287.188
2287.73
2288.272
2288.814
2289.356
2289.898
2290.44
2290.982
2291.524
2292.066
2292.6
2292.964
2293.328
2293.692
2294.056
2294.42
2294.784
2295.148
2295.512
2295.876
2296.24
2296.604
2296.968
2297.332
2297.696
2298.06
2298.424
2298.79
2299.317
2299.844
2300.371
2300.898
2301.425
2301.952
2302.479
2303.006
2303.533
2304.06
2304.587
2305.114
2305.641
2306.168
2306.695
2307.222
2307.749
2308.276
2308.803
2309.33
2309.86
2310.334
2310.808
2311.282
2311.756
2312.23
2312.704
2313.178
2313.652
2314.126
2314.6
2315.074
2315.548
2316.022
2316.496
2316.97
2317.444
2317.92
2318.335
2318.75
2319.165
2319.58
2319.995
2320.41
2320.825
2321.24
2321.655
2322.07
2322.485
2322.9
2323.315
2323.73
2324.145
2324.56
2324.975
2325.39
2325.81
2326.175
2326.54
2326.905
2327.27
2327.635
2328.0
2328.365
2328.73
2329.095
2329.46
2329.825
2330.19
2330.55
2330.992
2331.434
2331.876
2332.318
2332.76
2333.202
2333.644
2334.086
2334.528
2334.97
2335.412
2335.854
2336.296
2336.738
2337.18
2337.724
2338.268
2338.812
2339.356
2339.9
2340.444
2340.988
2341.532
2342.076
2342.62
2343.164
2343.708
2344.252
2344.796
2345.34
2345.884
2346.42
2346.842
2347.264
2347.686
2348.108
2348.53
2348.952
2349.374
2349.796
2350.218
2350.64
2351.062
2351.484
2351.906
2352.328
2352.75
2353.172
2353.594
2354.02
2354.837
2355.654
2356.471
2357.288
2358.105
2358.922
2359.739
2360.556
2361.373
2362.19
2363.007
2363.824
2364.641
2365.458
2366.28
2366.58
2366.88
2367.18
2367.48
2367.78
2368.08
2368.38
2368.68
2368.98
2369.28
2369.58
2369.88
2370.18
2370.48
2370.78
2371.079
2371.549
2372.019
2372.489
2372.959
2373.429
2373.899
2374.369
2374.839
2375.309
2375.779
2376.249
2376.719
2377.189
2377.659
2378.129
2378.599
2379.069
2379.539
2380.009
2380.47
2380.867
2381.264
2381.661
2382.058
2382.455
2382.852
2383.249
2383.646
2384.043
2384.44
2384.837
2385.234
2385.631
2386.028
2386.425
2386.822
2387.219
2387.609
2388.63
2389.651
2390.672
2391.693
2392.714
2393.735
2394.756
2395.777
2396.798
2397.819
2398.84
2399.861
2400.882
2401.903
2402.924
2403.951
2404.526
2405.101
2405.676
2406.251
2406.826
2407.401
2407.976
2408.551
2409.126
2409.701
2410.276
2410.851
2411.426
2412.001
2412.576
2413.151
2413.73
2414.101
2414.472
2414.843
2415.214
2415.585
2415.956
2416.327
2416.698
2417.069
2417.44
2417.811
2418.182
2418.553
2418.924
2419.295
2419.66
2420.178
2420.696
2421.214
2421.732
2422.25
2422.768
2423.286
2423.804
2424.322
2424.84
2425.358
2425.876
2426.394
2426.912
2427.43
2427.948
2428.466
2428.98
2430.043
2431.106
2432.169
2433.232
2434.295
2435.358
2436.421
2437.484
2438.547
2439.61
2440.673
2441.736
2442.799
2443.862
2444.925
2445.988
2447.051
2448.114
2449.177
2450.24
2451.3
2451.736
2452.172
2452.609
2453.189
2453.769
2454.349
2454.929
2455.509
2456.089
2456.669
2457.249
2457.829
2458.409
2458.989
2459.569
2460.149
2460.729
2461.309
2461.889
2462.469
2463.049
2463.63
2463.945
2464.26
2464.575
2464.889
2465.204
2465.519
2465.833
2466.148
2466.463
2466.778
2467.092
2467.407
2467.722
2468.037
2468.351
2468.666
2468.981
2469.296
2469.61
2469.92
2470.168
2470.416
2470.664
2470.912
2471.16
2471.408
2471.656
2471.904
2472.152
2472.4
2472.648
2472.896
2473.144
2473.392
2473.64
2473.888
2474.136
2474.384
2474.64
2474.952
2475.264
2475.576
2475.888
2476.2
2476.512
2476.824
2477.136
2477.448
2477.76
2478.072
2478.384
2478.696
2479.008
2479.32
2479.632
2479.944
2480.256
2480.57
2481.095
2481.62
2482.145
2482.67
2483.195
2483.72
2484.245
2484.77
2485.295
2485.82
2486.345
2486.87
2487.395
2487.92
2488.445
2488.97
2489.49
2490.045
2490.6
2491.155
2491.71
2492.265
2492.82
2493.375
2493.93
2494.485
2495.04
2495.595
2496.15
2496.705
2497.26
2497.815
2498.37
2498.925
2499.48
2500.04
2500.383
2500.726
2501.069
2501.412
2501.755
2502.098
2502.441
2502.784
2503.127
2503.47
2503.812
2504.155
2504.498
2504.841
2505.184
2505.52
2506.227
2506.934
2507.641
2508.348
2509.055
2509.76
2510.278
2510.796
2511.314
2511.832
2512.35
2512.868
2513.386
2513.904
2514.422
2514.94
2515.458
2515.976
2516.494
2517.012
2517.53
2518.048
2518.566
2519.084
2519.602
2520.12
2520.63
2520.923
2521.216
2521.509
2521.802
2522.095
2522.388
2522.681
2522.974
2523.267
2523.56
2523.853
2524.146
2524.439
2524.732
2525.025
2525.318
2525.611
2525.904
2526.197
2526.49
2526.783
2527.076
2527.369
2527.66
2528.069
2528.478
2528.887
2529.296
2529.705
2530.114
2530.523
2530.932
2531.341
2531.75
2532.159
2532.568
2532.977
2533.386
2533.795
2534.204
2534.613
2535.022
2535.431
2535.84
2536.24
2536.626
2537.013
2537.399
2537.785
2538.171
2538.557
2538.943
2539.33
2539.716
2540.102
2540.488
2540.874
2541.26
2541.647
2542.034
2542.421
2542.807
2543.193
2543.58
2543.97
2544.415
2544.86
2545.305
2545.75
2546.195
2546.64
2547.085
2547.53
2547.975
2548.42
2548.865
2549.31
2549.755
2550.2
2550.645
2551.09
2551.535
2551.98
2552.43
2552.751
2553.072
2553.393
2553.714
2554.035
2554.356
2554.677
2554.998
2555.319
2555.64
2555.961
2556.282
2556.603
2556.924
2557.245
2557.566
2557.887
2558.208
2558.529
2558.85
2559.17
2559.662
2560.154
2560.646
2561.138
2561.63
2562.122
2562.614
2563.106
2563.598
2564.09
2564.582
2565.074
2565.566
2566.058
2566.55
2567.042
2567.53
2567.783
2568.036
2568.289
2568.542
2568.795
2569.048
2569.301
2569.554
2569.807
2570.06
2570.313
2570.566
2570.819
2571.072
2571.325
2571.578
2571.831
2572.09
2572.284
2572.478
2572.672
2572.866
2573.06
2573.254
2573.448
2573.642
2573.836
2574.03
2574.224
2574.418
2574.612
2574.806
2575.0
2575.194
2575.388
2575.582
2575.776
2575.97
2576.341
2576.712
2577.083
2577.454
2577.825
2578.196
2578.567
2578.938
2579.309
2579.68
2580.051
2580.422
2580.793
2581.164
2581.535
2581.906
2582.277
2582.64
2582.994
2583.349
2583.704
2584.059
2584.414
2584.769
2585.123
2585.477
2585.831
2586.186
2586.541
2586.896
2587.251
2587.606
2587.961
2588.315
2588.669
2589.023
2589.378
2589.73
2590.001
2590.272
2590.543
2590.814
2591.085
2591.356
2591.627
2591.898
2592.169
2592.44
2592.711
2592.982
2593.253
2593.524
2593.799
2594.11
2594.421
2594.732
2595.043
2595.354
2595.665
2595.976
2596.287
2596.598
2596.909
2597.22
2597.531
2597.842
2598.153
2598.464
2598.775
2599.086
2599.397
2599.708
2600.019
2600.34
2600.7
2601.06
2601.421
2601.782
2602.142
2602.502
2602.863
2603.224
2603.584
2603.944
2604.305
2604.666
2605.026
2605.386
2605.747
2606.108
2606.468
2606.829
2607.239
2607.649
2608.059
2608.469
2608.879
2609.289
2609.699
2610.109
2610.519
2610.929
2611.339
2611.749
2612.159
2612.569
2612.979
2613.389
2613.799
2614.209
2614.619
2615.029
2615.44
2615.745
2616.05
2616.355
2616.66
2616.965
2617.27
2617.575
2617.88
2618.185
2618.49
2618.794
2619.099
2619.404
2619.709
2620.014
2620.319
2620.624
2620.928
2621.233
2621.53
2621.774
2622.018
2622.262
2622.506
2622.75
2622.994
2623.238
2623.482
2623.726
2623.97
2624.214
2624.458
2624.702
2624.946
2625.19
2625.434
2625.678
2625.922
2626.16
2626.513
2626.866
2627.219
2627.572
2627.925
2628.278
2628.631
2628.984
2629.337
2629.69
2630.043
2630.4
2630.842
2631.284
2631.726
2632.168
2632.61
2633.052
2633.494
2633.936
2634.378
2634.82
2635.262
2635.704
2636.146
2636.588
2637.03
2637.472
2637.914
2638.356
2638.798
2639.241
2639.438
2639.635
2639.832
2640.029
2640.226
2640.423
2640.62
2640.817
2641.014
2641.211
2641.408
2641.605
2641.802
2641.999
2642.196
2642.393
2642.59
2642.787
2642.99
2643.429
2643.868
2644.307
2644.746
2645.185
2645.624
2646.063
2646.502
2646.941
2647.38
2647.819
2648.258
2648.697
2649.136
2649.575
2650.014
2650.453
2650.9
2651.301
2651.702
2652.103
2652.504
2652.905
2653.306
2653.707
2654.108
2654.509
2654.91
2655.311
2655.712
2656.113
2656.514
2656.915
2657.316
2657.717
2658.12
2658.494
2658.868
2659.242
2659.616
2659.99
2660.364
2660.738
2661.112
2661.486
2661.86
2662.234
2662.608
2662.982
2663.356
2663.73
2664.099
2665.111
2666.123
2667.135
2668.148
2669.16
2670.172
2671.184
2672.197
2673.209
2674.221
2675.233
2676.245
2677.257
2678.269
2679.281
2680.299
2680.753
2681.207
2681.661
2682.115
2682.569
2683.023
2683.477
2683.931
2684.385
2684.839
2685.293
2685.747
2686.201
2686.655
2687.109
2687.56
2687.859
2688.158
2688.457
2688.756
2689.055
2689.354
2689.653
2689.952
2690.251
2690.55
2690.849
2691.15
2691.868
2692.586
2693.304
2694.022
2694.74
2695.458
2696.176
2696.894
2697.612
2698.33
2699.048
2699.766
2700.484
2701.202
2701.92
2702.638
2703.356
2704.069
2704.494
2704.919
2705.344
2705.769
2706.194
2706.619
2707.044
2707.469
2707.894
2708.319
2708.744
2709.169
2709.594
2710.019
2710.444
2710.869
2711.294
2711.719
2712.144
2712.57
2713.056
2713.542
2714.028
2714.514
2715.0
2715.486
2715.972
2716.458
2716.944
2717.43
2717.916
2718.402
2718.888
2719.374
2719.86
2720.346
2720.832
2721.318
2721.799
2722.041
2722.283
2722.525
2722.767
2723.009
2723.251
2723.493
2723.735
2723.977
2724.219
2724.461
2724.703
2724.945
2725.187
2725.429
2725.671
2725.913
2726.15
2726.78
2727.41
2728.04
2728.67
2729.3
2729.93
2730.56
2731.19
2731.82
2732.45
2733.08
2733.71
2734.34
2734.97
2735.6
2736.23
2736.86
2737.49
2738.12
2738.75
2739.38
2739.932
2740.484
2741.036
2741.588
2742.14
2742.692
2743.244
2743.796
2744.348
2744.9
2745.452
2746.004
2746.556
2747.108
2747.66
2748.21
2748.834
2749.458
2750.082
2750.706
2751.33
2751.954
2752.578
2753.202
2753.826
2754.45
2755.074
2755.698
2756.322
2756.946
2757.57
2758.194
2758.818
2759.45
2760.185
2760.92
2761.655
2762.39
2763.125
2763.86
2764.595
2765.33
2766.065
2766.8
2767.535
2768.27
2769.005
2769.74
2770.47
2770.744
2771.018
2771.292
2771.566
2771.84
2772.114
2772.388
2772.662
2772.936
2773.21
2773.484
2773.758
2774.032
2774.306
2774.58
2774.854
2775.128
2775.4
2775.778
2776.156
2776.534
2776.912
2777.29
2777.668
2778.046
2778.424
2778.802
2779.18
2779.558
2779.936
2780.314
2780.692
2781.07
2781.45
2781.801
2782.152
2782.503
2782.854
2783.205
2783.556
2783.907
2784.258
2784.609
2784.96
2785.311
2785.662
2786.013
2786.364
2786.715
2787.059
2787.441
2787.823
2788.205
2788.587
2788.969
2789.351
2789.733
2790.115
2790.497
2790.879
2791.261
2791.643
2792.025
2792.407
2792.789
2793.171
2793.553
2793.93
2794.329
2794.728
2795.127
2795.526
2795.925
2796.324
2796.723
2797.122
2797.521
2797.92
2798.319
2798.718
2799.117
2799.516
2799.915
2800.314
2800.72
2802.813
2804.906
2806.999
2809.092
2811.185
2813.278
2815.371
2817.464
2819.557
2821.65
2823.743
2825.836
2827.93
2828.501
2829.072
2829.643
2830.214
2830.785
2831.356
2831.927
2832.498
2833.069
2833.64
2834.211
2834.782
2835.353
2835.924
2836.495
2837.066
2837.64
2842.363
2847.086
2851.809
2856.532
2861.255
2865.98
2867.06
2868.14
2869.22
2870.3
2871.38
2872.46
2873.54
2874.62
2875.7
2876.78
2877.86
2878.94
2880.02
2881.1
2882.18
2883.26
2884.34
2885.42
2886.5
2887.58
2888.66
2889.73
2890.433
2891.136
2891.839
2892.542
2893.245
2893.948
2894.651
2895.354
2896.057
2896.76
2897.463
2898.166
2898.869
2899.572
2900.275
2900.978
2901.681
2902.384
2903.087
2903.79
2904.493
2905.196
2905.9
2906.199
2906.498
2906.797
2907.096
2907.395
2907.694
2907.993
2908.292
2908.591
2908.89
2909.189
2909.488
2909.787
2910.086
2910.385
2910.684
2910.983
2911.282
2911.579
2912.184
2912.789
2913.394
2913.999
2914.604
2915.209
2915.814
2916.419
2917.024
2917.629
2918.234
2918.839
2919.444
2920.049
2920.654
2921.259
2921.864
2922.469
2923.074
2923.679
2924.284
2924.89
2925.296
2925.702
2926.108
2926.514
2926.92
2927.326
2927.732
2928.138
2928.544
2928.95
2929.356
2929.762
2930.168
2930.574
2930.98
2931.386
2931.792
2932.2
2932.751
2933.302
2933.853
2934.404
2934.955
2935.506
2936.057
2936.608
2937.159
2937.71
2938.261
2938.812
2939.363
2939.914
2940.46
2941.483
2942.506
2943.529
2944.552
2945.575
2946.598
2947.621
2948.644
2949.667
2950.69
2951.713
2952.736
2953.759
2954.782
2955.81
2956.024
2956.238
2956.452
2956.666
2956.88
2957.094
2957.308
2957.522
2957.736
2957.95
2958.164
2958.378
2958.592
2958.806
2959.02
2959.234
2959.45
2959.881
2960.312
2960.743
2961.174
2961.605
2962.036
2962.467
2962.898
2963.329
2963.76
2964.191
2964.622
2965.053
2965.484
2965.915
2966.346
2966.777
2967.208
2967.63
2972.26
2976.89
2981.52
2981.863
2982.206
2982.549
2982.892
2983.235
2983.578
2983.921
2984.264
2984.607
2984.95
2985.293
2985.636
2985.979
2986.322
2986.665
2987.008
2987.351
2987.694
2988.03
2988.745
2989.46
2990.175
2990.89
2991.605
2992.32
2993.035
2993.75
2994.465
2995.18
2995.895
2996.61
2997.325
2998.04
2998.76
2999.023
2999.286
2999.549
2999.812
3000.075
3000.338
3000.601
3000.864
3001.127
3001.39
3001.653
3001.916
3002.179
3002.442
3002.705
3002.968
3003.231
3003.49
3003.973
3004.456
3004.939
3005.422
3005.905
3006.388
3006.871
3007.354
3007.837
3008.32
3008.803
3009.286
3009.769
3010.252
3010.73
3011.083
3011.436
3011.789
3012.142
3012.495
3012.848
3013.201
3013.554
3013.907
3014.26
3014.613
3014.966
3015.319
3015.672
3016.025
3016.378
3016.73
3017.006
3017.282
3017.558
3017.834
3018.11
3018.386
3018.662
3018.938
3019.214
3019.49
3019.766
3020.042
3020.318
3020.594
3020.87
3021.146
3021.43
3021.627
3021.824
3022.021
3022.218
3022.415
3022.612
3022.809
3023.006
3023.203
3023.4
3023.597
3023.794
3023.991
3024.188
3024.385
3024.582
3024.779
3024.976
3025.17
3025.394
3025.618
3025.842
3026.066
3026.29
3026.514
3026.738
3026.962
3027.186
3027.41
3027.634
3027.858
3028.082
3028.306
3028.53
3028.754
3028.978
3029.202
3029.43
3029.761
3030.092
3030.423
3030.754
3031.085
3031.416
3031.747
3032.078
3032.409
3032.74
3033.071
3033.402
3033.733
3034.069
3034.069
3034.069
3034.069
3034.069
3034.069
3034.069
3034.069
3034.069
3034.069
3034.069
3034.069
3034.069
3034.069
3034.069
