63.969
65.03
66.091
67.152
68.213
69.274
70.335
71.396
72.457
73.518
74.58
74.951
75.322
75.693
76.064
76.435
76.806
77.177
77.548
77.919
78.29
78.661
79.032
79.403
79.774
80.145
80.516
80.89
81.291
81.692
82.093
82.494
82.895
83.296
83.697
84.098
84.499
84.9
85.301
85.702
86.103
86.504
86.899
87.433
87.967
88.501
89.035
89.569
90.103
90.637
91.171
91.705
92.239
92.773
93.307
93.841
94.369
94.992
95.615
96.238
96.861
97.484
98.107
98.73
99.353
99.976
100.599
101.222
101.845
102.468
103.091
103.714
104.337
104.96
105.583
106.21
106.718
107.226
107.734
108.242
108.75
109.258
109.766
110.274
110.782
111.29
111.798
112.306
112.814
113.322
113.83
114.34
114.855
115.37
115.885
116.4
116.915
117.43
117.945
118.46
118.975
119.49
120.005
120.52
121.035
121.55
122.069
122.349
122.629
122.909
123.189
123.468
123.748
124.028
124.308
124.588
124.867
125.147
125.427
125.707
125.986
126.266
126.546
126.826
127.105
127.385
127.659
128.005
128.351
128.697
129.043
129.389
129.735
130.081
130.427
130.773
131.119
131.465
131.811
132.157
132.503
132.849
133.19
133.445
133.7
133.955
134.21
134.465
134.72
134.975
135.23
135.485
135.74
135.995
136.25
136.505
136.76
137.015
137.27
137.525
137.78
138.03
138.259
138.488
138.717
138.946
139.175
139.404
139.633
139.862
140.091
140.32
140.549
140.778
141.007
141.236
141.465
141.694
141.93
142.205
142.48
142.755
143.03
143.305
143.58
143.855
144.13
144.405
144.68
144.955
145.23
145.505
145.78
146.002
146.224
146.446
146.668
146.89
147.112
147.334
147.556
147.778
148.0
148.222
148.444
148.666
148.888
149.11
149.332
149.554
149.769
149.978
150.187
150.396
150.605
150.814
151.023
151.232
151.441
151.65
151.859
152.068
152.277
152.486
152.695
152.904
153.113
153.322
153.53
153.829
154.128
154.427
154.726
155.025
155.324
155.623
155.922
156.221
156.52
156.819
157.118
157.417
157.716
158.015
158.314
158.613
158.92
160.17
161.42
162.67
163.92
165.17
166.42
166.697
166.974
167.251
167.528
167.805
168.082
168.359
168.636
168.913
169.19
169.467
169.744
170.021
170.299
170.695
171.091
171.487
171.883
172.279
172.675
173.071
173.467
173.863
174.259
174.655
175.051
175.447
175.843
176.239
176.635
177.031
177.42
177.655
177.89
178.125
178.36
178.595
178.83
179.065
179.3
179.535
179.77
180.005
180.24
180.475
180.71
180.945
181.18
181.42
182.057
182.694
183.331
183.968
184.605
185.242
185.879
186.516
187.153
187.79
188.427
189.064
189.701
190.338
190.975
191.612
192.249
192.88
194.835
196.79
197.173
197.556
197.939
198.322
198.705
199.088
199.471
199.854
200.237
200.62
201.003
201.386
201.769
202.152
202.535
202.918
203.301
203.68
204.45
205.22
205.99
206.76
207.53
208.3
209.07
209.84
210.61
211.38
212.15
212.92
213.69
214.46
215.23
216.0
216.77
217.54
218.091
218.642
219.193
219.744
220.295
220.846
221.397
221.948
222.499
223.05
223.601
224.152
224.703
225.25
225.52
225.79
226.06
226.33
226.6
226.87
227.14
227.41
227.68
227.95
228.22
228.49
228.76
229.03
229.3
229.569
229.881
230.193
230.505
230.817
231.129
231.441
231.753
232.065
232.377
232.689
233.001
233.313
233.625
233.937
234.249
234.561
234.873
235.185
235.5
235.796
236.092
236.388
236.684
236.98
237.276
237.572
237.868
238.164
238.46
238.756
239.052
239.348
239.644
239.94
240.236
240.532
240.82
241.28
241.74
242.2
242.66
243.12
243.58
244.04
244.5
244.96
245.42
245.88
246.34
246.8
247.261
247.465
247.669
247.873
248.077
248.281
248.485
248.689
248.893
249.097
249.301
249.505
249.709
249.913
250.117
250.321
250.525
250.729
250.93
251.247
251.564
251.881
252.198
252.515
252.832
253.149
253.466
253.783
254.1
254.417
254.734
255.051
255.368
255.685
256.002
256.319
256.561
256.803
257.045
257.287
257.529
257.771
258.013
258.255
258.497
258.739
258.981
259.223
259.465
259.707
259.949
260.191
260.433
260.67
262.11
263.55
264.124
264.698
265.272
265.846
266.42
266.994
267.568
268.142
268.716
269.29
269.864
270.438
271.012
271.586
272.16
272.734
273.31
273.778
274.246
274.714
275.182
275.65
276.118
276.586
277.054
277.522
277.99
278.458
278.926
279.394
279.862
280.33
280.798
281.266
281.734
282.202
282.67
283.077
283.484
283.891
284.298
284.705
285.112
285.519
285.926
286.333
286.74
287.147
287.554
287.961
288.368
288.775
289.182
289.589
290.0
290.403
290.806
291.209
291.612
292.015
292.418
292.821
293.224
293.627
294.03
294.433
294.836
295.239
295.642
296.045
296.448
296.851
297.254
297.659
298.098
298.537
298.976
299.415
299.854
300.293
300.732
301.171
301.61
302.049
302.488
302.927
303.366
303.805
304.244
304.683
305.122
305.561
306.0
306.439
306.878
307.319
307.806
308.293
308.78
309.267
309.754
310.241
310.728
311.215
311.702
312.189
312.676
313.163
313.65
314.137
314.624
315.111
315.598
316.08
316.44
316.8
317.16
317.52
317.88
318.24
318.6
318.96
319.32
319.68
320.04
320.4
320.76
321.12
321.48
321.84
322.2
322.407
322.614
322.821
323.028
323.235
323.442
323.649
323.856
324.063
324.27
324.477
324.684
324.891
325.098
325.305
325.512
325.719
325.93
326.328
326.726
327.124
327.522
327.92
328.318
328.716
329.114
329.512
329.91
330.308
330.706
331.104
331.502
331.9
332.3
332.644
332.988
333.332
333.676
334.02
334.364
334.708
335.052
335.396
335.74
336.084
336.428
336.772
337.116
337.46
337.804
338.148
338.5
338.89
339.28
339.669
339.907
340.145
340.383
340.621
340.859
341.097
341.335
341.573
341.811
342.049
342.287
342.525
342.763
343.001
343.24
343.675
344.11
344.545
344.98
345.415
345.85
346.285
346.72
347.155
347.59
348.025
348.46
348.895
349.33
349.76
349.998
350.236
350.474
350.712
350.95
351.188
351.426
351.664
351.902
352.14
352.378
352.616
352.854
353.092
353.33
353.568
353.806
354.044
354.29
354.468
354.646
354.824
355.002
355.18
355.358
355.536
355.714
355.892
356.07
356.248
356.426
356.604
356.782
356.96
357.138
357.316
357.494
357.67
357.957
358.244
358.531
358.818
359.105
359.392
359.679
359.966
360.253
360.54
360.827
361.114
361.401
361.688
361.975
362.262
362.549
362.84
363.014
363.189
363.364
363.538
363.713
363.888
364.062
364.237
364.412
364.587
364.762
364.937
365.112
365.287
365.462
365.637
365.812
365.987
366.162
366.33
366.749
367.168
367.587
368.006
368.425
368.844
369.263
369.682
370.101
370.52
370.939
371.358
371.78
372.168
372.556
372.944
373.332
373.72
374.108
374.496
374.884
375.272
375.66
376.048
376.436
376.824
377.212
377.6
377.988
378.37
378.789
379.208
379.627
380.046
380.465
380.884
381.303
381.722
382.141
382.56
382.979
383.398
383.817
384.236
384.65
385.01
385.37
385.73
386.09
386.45
386.81
387.17
387.53
387.89
388.25
388.61
388.97
389.33
389.69
390.05
390.41
390.77
391.055
391.34
391.625
391.91
392.247
392.584
392.921
393.258
393.595
393.932
394.269
394.606
394.943
395.28
395.617
395.954
396.291
396.628
396.965
397.302
397.639
397.979
398.374
398.769
399.164
399.559
399.954
400.349
400.744
401.139
401.534
401.929
402.324
402.719
403.114
403.509
403.904
404.299
404.694
405.089
405.484
405.87
406.36
406.85
407.34
407.83
408.32
408.81
409.3
409.79
410.28
410.77
411.26
411.75
412.068
412.386
412.704
413.022
413.34
413.658
413.976
414.294
414.612
414.93
415.248
415.566
415.884
416.202
416.52
416.838
417.156
417.47
417.714
417.958
418.202
418.446
418.69
418.934
419.178
419.422
419.666
419.91
420.154
420.398
420.642
420.886
421.13
421.374
421.61
421.826
422.042
422.258
422.474
422.69
422.906
423.122
423.338
423.554
423.77
423.986
424.202
424.418
424.634
424.85
425.066
425.289
426.09
426.891
427.692
428.493
429.294
430.095
430.896
431.697
432.498
433.299
434.1
434.901
435.702
436.503
437.304
438.105
438.9
439.182
439.464
439.746
440.028
440.31
440.592
440.874
441.156
441.438
441.72
442.002
442.284
442.566
442.848
443.13
443.412
443.694
443.976
444.258
444.54
444.82
445.172
445.524
445.876
446.228
446.58
446.932
447.284
447.636
447.988
448.34
448.692
449.044
449.396
449.748
450.1
450.452
450.804
451.156
451.508
451.86
452.23
452.6
452.97
453.34
453.71
454.08
454.45
454.82
455.19
455.56
455.93
456.3
456.67
457.04
457.41
457.78
458.15
458.52
458.89
459.26
459.505
459.75
459.995
460.24
460.485
460.73
460.975
461.22
461.465
461.709
461.954
462.199
462.444
462.689
462.934
463.179
463.423
463.668
463.913
464.15
464.944
465.738
466.532
467.326
468.12
468.914
469.71
469.895
470.08
470.265
470.45
470.635
470.82
471.005
471.19
471.375
471.56
471.745
471.93
472.115
472.3
472.485
472.67
472.86
473.187
473.514
473.841
474.168
474.495
474.822
475.149
475.476
475.803
476.13
476.457
476.784
477.111
477.438
477.765
478.092
478.419
478.746
479.069
479.446
479.823
480.2
480.577
480.954
481.331
481.708
482.085
482.462
482.839
483.216
483.593
483.97
484.347
484.724
485.101
485.478
485.86
486.302
486.744
487.186
487.628
488.07
488.512
488.954
489.396
489.838
490.28
490.722
491.164
491.606
492.048
492.49
492.932
493.37
494.01
494.65
495.289
495.5
495.711
495.922
496.133
496.344
496.555
496.766
496.977
497.188
497.399
497.61
497.821
498.032
498.243
498.454
498.665
498.876
499.08
499.526
499.972
500.418
500.864
501.31
501.756
502.202
502.648
503.094
503.54
503.986
504.432
504.878
505.324
505.77
506.216
506.66
507.005
507.35
507.695
508.04
508.385
508.73
509.075
509.42
509.765
510.11
510.455
510.8
511.145
511.49
511.835
512.18
512.525
512.87
513.227
513.584
513.941
514.298
514.655
515.012
515.369
515.726
516.083
516.44
516.797
517.154
517.511
517.868
518.225
518.582
518.939
519.3
519.681
520.062
520.443
520.824
521.205
521.586
521.967
522.348
522.729
523.11
523.491
523.872
524.253
524.634
525.015
525.396
525.777
526.16
526.444
526.728
527.012
527.296
527.58
527.864
528.148
528.432
528.716
529.0
529.284
529.568
529.852
530.136
530.42
530.704
530.988
531.272
531.55
531.866
532.182
532.498
532.814
533.13
533.446
533.762
534.078
534.394
534.71
535.026
535.342
535.658
535.974
536.29
536.606
536.93
537.199
537.468
537.737
538.006
538.275
538.544
538.813
539.079
539.464
539.849
540.234
540.619
541.004
541.389
541.774
542.159
542.544
542.929
543.314
543.699
544.084
544.469
544.854
545.239
545.62
546.075
546.53
546.985
547.44
547.895
548.35
548.805
549.26
549.715
550.17
550.625
551.08
551.535
551.99
552.45
552.781
553.112
553.443
553.774
554.105
554.436
554.767
555.098
555.429
555.76
556.091
556.422
556.753
557.084
557.415
557.746
558.077
558.408
558.74
559.649
560.558
561.467
562.376
563.285
564.194
565.103
566.012
566.921
567.83
568.739
569.648
570.557
571.466
572.375
573.284
574.193
575.11
575.327
575.544
575.761
575.978
576.195
576.412
576.629
576.846
577.063
577.28
577.497
577.714
577.931
578.148
578.365
578.582
578.8
579.023
579.246
579.469
579.692
579.915
580.138
580.361
580.584
580.807
581.03
581.253
581.476
581.699
581.922
582.145
582.368
582.591
582.814
583.037
583.26
583.48
583.719
583.958
584.197
584.436
584.675
584.914
585.153
585.392
585.631
585.87
586.109
586.348
586.587
586.826
587.065
587.304
587.543
587.79
588.304
588.818
589.332
589.846
590.36
590.874
591.388
591.902
592.416
592.93
593.444
593.958
594.472
594.986
595.5
596.014
596.528
597.042
597.55
597.754
597.958
598.162
598.366
598.57
598.774
598.978
599.182
599.386
599.59
599.794
599.998
600.202
600.406
600.61
600.814
601.018
601.222
601.426
601.63
601.829
602.272
602.715
603.158
603.601
604.044
604.487
604.93
605.373
605.816
606.259
606.702
607.149
607.489
607.829
608.169
608.509
608.849
609.189
609.529
609.869
610.209
610.549
610.889
611.229
611.569
611.909
612.249
612.589
613.245
613.901
614.557
615.213
615.869
616.525
617.181
617.837
618.493
619.149
619.805
620.461
621.117
621.773
622.429
622.964
623.499
624.034
624.569
625.104
625.639
626.174
626.709
627.244
627.779
628.314
628.849
629.384
629.919
630.454
630.989
631.529
631.868
632.207
632.546
632.885
633.224
633.563
633.902
634.241
634.58
634.919
635.258
635.597
635.936
636.275
636.614
636.953
637.3
637.732
638.164
638.596
639.028
639.46
639.892
640.324
640.756
641.188
641.62
642.052
642.484
642.916
643.348
643.78
644.212
644.644
645.076
645.5
646.461
647.422
648.383
649.344
650.305
651.266
652.227
653.188
654.149
655.11
656.071
657.032
657.993
658.954
659.91
660.224
660.538
660.852
661.166
661.48
661.794
662.108
662.422
662.736
663.05
663.364
663.678
663.992
664.306
664.62
664.934
665.248
665.562
665.879
666.392
666.905
667.418
667.931
668.444
668.957
669.47
669.983
670.496
671.009
671.522
672.035
672.548
673.061
673.574
674.087
674.6
675.11
675.494
675.878
676.262
676.646
677.03
677.414
677.798
678.182
678.566
678.95
679.334
679.718
680.102
680.486
680.87
681.254
681.638
682.019
682.49
682.961
683.432
683.903
684.374
684.845
685.316
685.787
686.258
686.729
687.2
687.671
688.142
688.613
689.084
689.555
690.019
690.373
690.727
691.081
691.435
691.789
692.143
692.497
692.851
693.205
693.559
693.913
694.267
694.621
694.975
695.329
695.683
696.04
696.407
696.774
697.141
697.508
697.875
698.242
698.609
698.976
699.343
699.71
700.077
700.444
700.811
701.178
701.545
701.912
702.279
702.639
702.907
703.175
703.443
703.711
703.979
704.247
704.515
704.783
705.051
705.319
705.587
705.855
706.123
706.391
706.659
706.92
707.495
708.07
708.645
709.22
709.795
710.37
710.945
711.52
712.095
712.67
713.245
713.82
714.395
714.97
715.545
716.12
716.695
717.27
717.839
718.051
718.263
718.475
718.687
718.899
719.111
719.323
719.535
719.747
719.959
720.171
720.383
720.595
720.807
721.019
721.231
721.443
721.655
721.867
722.079
722.299
722.576
722.853
723.13
723.407
723.684
723.961
724.238
724.515
724.792
725.069
725.346
725.623
725.9
726.177
726.454
726.731
727.008
727.285
727.562
727.839
728.116
728.389
728.821
729.253
729.685
730.117
730.549
730.981
731.413
731.845
732.277
732.709
733.141
733.573
734.005
734.437
734.869
735.301
735.73
736.749
737.768
738.787
739.806
740.825
741.844
742.863
743.882
744.901
745.92
746.939
747.202
747.465
747.728
747.991
748.254
748.517
748.78
749.043
749.306
749.569
749.832
750.095
750.358
750.621
750.884
751.147
751.41
751.679
751.948
752.217
752.486
752.755
753.024
753.293
753.562
753.831
754.1
754.369
754.638
754.907
755.176
755.439
755.722
756.005
756.288
756.571
756.854
757.137
757.42
757.703
757.986
758.269
758.552
758.835
759.118
759.401
759.684
759.967
760.25
760.533
760.816
761.1
761.648
762.196
762.744
763.292
763.84
764.388
764.936
765.484
766.032
766.58
767.128
767.676
768.224
768.772
769.32
769.868
770.416
770.96
771.164
771.368
771.572
771.776
771.98
772.184
772.388
772.592
772.796
773.0
773.204
773.408
773.612
773.816
774.02
774.224
774.43
774.778
775.126
775.474
775.822
776.17
776.518
776.866
777.214
777.562
777.91
778.258
778.606
778.954
779.302
779.65
779.998
780.346
780.694
781.05
781.469
781.888
782.307
782.726
783.145
783.564
783.983
784.402
784.821
785.24
785.659
786.078
786.497
786.916
787.335
787.754
788.173
788.592
789.011
789.43
789.85
790.287
790.724
791.161
791.598
792.035
792.472
792.909
793.346
793.783
794.22
794.657
795.094
795.531
795.968
796.405
796.842
797.279
797.716
798.153
798.589
798.778
798.967
799.156
799.345
799.534
799.723
799.912
800.101
800.29
800.479
800.668
800.857
801.046
801.235
801.424
801.613
801.799
802.246
802.693
803.14
803.587
804.034
804.481
804.928
805.375
805.822
806.269
806.716
807.163
807.61
808.057
808.504
808.951
809.398
809.845
810.292
810.73
810.943
811.156
811.369
811.582
811.795
812.008
812.221
812.434
812.647
812.86
813.073
813.286
813.499
813.712
813.925
814.138
814.351
814.564
814.777
814.99
815.203
815.41
816.046
816.682
817.318
817.954
818.59
819.226
819.862
820.498
821.134
821.77
822.406
823.042
823.678
824.314
824.95
825.586
826.222
826.858
827.494
828.13
828.769
829.937
831.105
832.273
833.439
833.792
834.145
834.498
834.851
835.204
835.557
835.91
836.263
836.616
836.969
837.322
837.675
838.028
838.381
838.734
839.087
839.44
839.793
840.146
840.499
840.85
841.263
841.676
842.089
842.502
842.915
843.328
843.741
844.154
844.567
844.98
845.393
845.806
846.219
846.632
847.045
847.458
847.871
848.284
848.697
849.11
849.519
849.881
850.243
850.605
850.967
851.329
851.691
852.053
852.415
852.777
853.139
853.501
853.863
854.225
854.587
854.949
855.311
855.673
856.035
856.389
858.054
859.72
860.474
861.228
861.982
862.736
863.49
864.244
864.998
865.752
866.506
867.26
868.014
868.768
869.522
870.276
871.03
871.784
872.538
873.292
874.046
874.799
875.097
875.395
875.693
875.991
876.289
876.587
876.885
877.183
877.481
877.779
878.077
878.375
878.673
878.971
879.269
879.567
879.865
880.163
880.461
880.759
881.059
881.582
882.105
882.628
883.151
883.674
884.197
884.72
885.243
885.766
886.289
886.812
887.335
887.858
888.381
888.904
889.427
889.95
890.473
890.999
891.336
891.673
892.01
892.347
892.684
893.021
893.358
893.695
894.029
894.249
894.469
894.689
894.909
895.129
895.349
895.569
895.789
896.009
896.229
896.449
896.669
896.889
897.109
897.329
897.549
897.769
897.989
898.209
898.429
898.649
898.816
898.983
899.15
899.317
899.484
899.651
899.818
899.985
900.152
900.319
900.486
900.653
900.82
900.987
901.154
901.321
901.488
901.655
901.822
901.989
902.156
902.319
902.627
902.935
903.243
903.551
903.859
904.167
904.475
904.783
905.091
905.399
905.707
906.015
906.323
906.631
906.939
907.247
907.555
907.863
908.171
908.479
908.787
909.1
911.382
913.664
915.946
918.228
920.51
922.792
925.074
927.359
966.679
967.196
967.713
968.23
968.747
969.264
969.781
970.298
970.815
971.332
971.849
972.366
972.883
973.4
973.917
974.439
974.776
975.113
975.45
975.787
976.124
976.461
976.798
977.135
977.472
977.809
978.146
978.483
978.82
979.157
979.489
979.822
980.155
980.488
980.821
981.154
981.487
981.82
982.153
982.486
982.819
983.152
983.485
983.818
984.151
984.484
984.817
985.15
985.483
985.816
986.149
986.482
986.815
987.139
987.658
988.177
988.696
989.215
989.734
990.253
990.772
991.291
991.81
992.328
992.846
993.365
993.884
994.403
994.922
995.441
995.96
996.479
996.998
997.509
997.9
998.291
998.682
999.073
999.464
999.855
1000.246
1000.637
1001.028
1001.419
1001.81
1002.201
1002.592
1002.983
1003.374
1003.765
1004.156
1004.549
1004.87
1005.191
1005.512
1005.833
1006.154
1006.475
1006.796
1007.117
1007.438
1007.759
1008.08
1008.401
1008.722
1009.043
1009.364
1009.685
1010.006
1010.327
1010.649
1010.885
1011.121
1011.357
1011.593
1011.829
1012.065
1012.301
1012.537
1012.773
1013.009
1013.245
1013.481
1013.717
1013.953
1014.189
1014.425
1014.661
1014.897
1015.133
1015.369
1015.6
1015.883
1016.166
1016.449
1016.732
1017.015
1017.298
1017.581
1017.864
1018.147
1018.43
1018.713
1018.996
1019.279
1019.562
1019.845
1020.128
1020.41
1022.972
1025.534
1028.097
1030.659
1033.222
1035.784
1038.347
1040.909
1043.472
1046.034
1048.597
1051.159
1053.722
1056.284
1058.847
1061.41
1061.99
1062.57
1063.149
1063.728
1064.308
1064.888
1065.467
1066.047
1066.627
1067.207
1067.787
1068.367
1068.947
1069.526
1070.106
1070.686
1071.265
1071.845
1072.425
1073.0
1073.329
1073.658
1073.987
1074.316
1074.645
1074.974
1075.303
1075.632
1075.961
1076.29
1076.619
1076.948
1077.277
1077.606
1077.935
1078.264
1078.593
1078.922
1079.251
1079.58
1079.999
1080.418
1080.837
1081.256
1081.675
1082.094
1082.513
1082.932
1083.351
1083.77
1084.189
1084.608
1085.027
1085.446
1085.865
1086.284
1086.703
1087.122
1087.541
1087.96
1088.37
1088.603
1088.836
1089.069
1089.302
1089.535
1089.768
1090.001
1090.234
1090.467
1090.7
1090.933
1091.166
1091.399
1091.632
1091.865
1092.098
1092.331
1092.564
1092.797
1093.03
1093.263
1093.5
1093.716
1093.932
1094.149
1094.365
1094.582
1094.799
1095.015
1095.232
1095.448
1095.665
1095.881
1096.098
1096.314
1096.531
1096.747
1096.964
1097.18
1097.397
1097.613
1097.83
1098.111
1098.392
1098.673
1098.954
1099.235
1099.516
1099.797
1100.078
1100.359
1100.64
1100.921
1101.202
1101.483
1101.764
1102.045
1102.326
1102.6
1102.922
1103.244
1103.566
1103.888
1104.21
1104.532
1104.854
1105.176
1105.498
1105.82
1106.142
1106.464
1106.786
1107.108
1107.43
1107.752
1108.074
1108.396
1108.71
1109.083
1109.456
1109.829
1110.202
1110.575
1110.948
1111.321
1111.694
1112.067
1112.44
1112.813
1113.186
1113.559
1113.932
1114.299
1114.629
1114.958
1115.288
1115.618
1115.947
1116.276
1116.606
1116.936
1117.265
1117.595
1117.925
1118.255
1118.585
1118.915
1119.245
1119.574
1119.904
1120.234
1120.563
1120.889
1121.353
1121.817
1122.281
1122.745
1123.209
1123.673
1124.137
1124.601
1125.065
1125.529
1125.993
1126.457
1126.921
1127.385
1127.849
1128.313
1128.777
1129.241
1129.705
1130.17
1130.549
1130.928
1131.307
1131.686
1132.065
1132.444
1132.823
1133.202
1133.581
1133.96
1134.339
1134.718
1135.097
1135.476
1135.855
1136.234
1136.613
1136.992
1137.371
1137.75
1138.129
1138.51
1141.609
1144.708
1147.807
1150.906
1154.005
1157.104
1160.203
1163.302
1166.401
1169.5
1172.599
1175.698
1178.797
1181.899
1182.38
1182.861
1183.342
1183.823
1184.304
1184.785
1185.266
1185.747
1186.228
1186.709
1187.19
1187.671
1188.152
1188.633
1189.114
1189.595
1190.076
1190.557
1191.03
1191.475
1191.92
1192.365
1192.81
1193.255
1193.7
1194.145
1194.59
1195.035
1195.48
1195.925
1196.37
1196.815
1197.26
1197.705
1198.15
1198.595
1199.04
1199.485
1199.93
1200.375
1200.81
1201.168
1201.525
1201.883
1202.241
1202.599
1202.957
1203.315
1203.673
1204.031
1204.389
1204.746
1205.104
1205.462
1205.82
1206.178
1206.536
1206.894
1207.252
1207.61
1207.96
1208.397
1208.834
1209.271
1209.708
1210.145
1210.582
1211.019
1211.456
1211.893
1212.33
1212.767
1213.204
1213.641
1214.078
1214.515
1214.952
1215.389
1215.826
1216.27
1216.636
1217.002
1217.368
1217.734
1218.1
1218.466
1218.832
1219.198
1219.564
1219.93
1220.296
1220.662
1221.028
1221.394
1221.76
1222.126
1222.492
1222.85
1223.108
1223.365
1223.622
1223.88
1224.306
1224.732
1225.158
1225.584
1226.01
1226.436
1226.862
1227.288
1227.714
1228.14
1228.566
1228.992
1229.418
1229.844
1230.27
1230.696
1231.122
1231.548
1231.98
1232.232
1232.484
1232.736
1232.988
1233.24
1233.492
1233.744
1233.996
1234.248
1234.5
1234.752
1235.004
1235.256
1235.508
1235.76
1236.012
1236.264
1236.516
1236.768
1237.02
1237.311
1237.602
1237.893
1238.184
1238.475
1238.766
1239.057
1239.348
1239.639
1239.93
1240.221
1240.512
1240.803
1241.094
1241.385
1241.676
1241.96
1242.219
1242.478
1242.737
1242.996
1243.255
1243.514
1243.773
1244.032
1244.291
1244.55
1244.809
1245.068
1245.327
1245.586
1245.845
1246.1
1247.486
1248.872
1250.258
1251.644
1253.03
1254.416
1255.802
1257.188
1258.574
1259.96
1261.35
1261.844
1262.338
1262.832
1263.326
1263.82
1264.314
1264.808
1265.302
1265.796
1266.29
1266.784
1267.278
1267.772
1268.266
1268.76
1269.254
1269.748
1270.25
1270.682
1271.114
1271.546
1271.978
1272.41
1272.842
1273.274
1273.706
1274.138
1274.57
1275.002
1275.434
1275.866
1276.298
1276.73
1277.162
1277.594
1278.026
1278.46
1278.856
1279.252
1279.648
1280.044
1280.44
1280.836
1281.232
1281.628
1282.024
1282.42
1282.816
1283.212
1283.608
1284.004
1284.4
1284.796
1285.192
1285.588
1285.98
1286.403
1286.826
1287.249
1287.672
1288.095
1288.518
1288.941
1289.364
1289.787
1290.21
1290.633
1291.056
1291.479
1291.902
1292.325
1292.75
1293.029
1293.308
1293.587
1293.866
1294.145
1294.424
1294.703
1294.982
1295.261
1295.54
1295.819
1296.098
1296.377
1296.656
1296.935
1297.214
1297.493
1297.779
1298.045
1298.311
1298.577
1298.843
1299.109
1299.375
1299.641
1299.907
1300.173
1300.439
1300.705
1300.971
1301.237
1301.503
1301.769
1302.035
1302.301
1302.567
1302.833
1303.1
1303.42
1303.74
1304.06
1304.38
1304.7
1305.02
1305.34
1305.66
1305.98
1306.3
1306.62
1306.94
1307.26
1307.58
1307.9
1308.22
1308.54
1308.86
1309.11
1309.36
1309.61
1309.86
1310.11
1310.36
1310.61
1310.86
1311.11
1311.36
1311.61
1311.86
1312.11
1312.36
1312.61
1312.86
1313.11
1313.36
1313.61
1313.86
1314.174
1314.488
1314.802
1315.116
1315.43
1315.744
1316.058
1316.372
1316.686
1317.0
1317.314
1317.628
1317.942
1318.256
1318.57
1318.884
1319.198
1319.512
1319.826
1320.14
1322.723
1325.306
1327.889
1328.592
1329.295
1329.998
1330.701
1331.404
1332.107
1332.81
1333.513
1334.216
1334.919
1335.622
1336.325
1337.028
1337.731
1338.434
1339.137
1339.84
1340.543
1341.246
1341.94
1342.446
1342.952
1343.458
1343.964
1344.47
1344.976
1345.482
1345.988
1346.494
1347.0
1347.506
1348.012
1348.518
1349.024
1349.53
1350.036
1350.542
1351.049
1351.286
1351.523
1351.76
1351.997
1352.234
1352.471
1352.708
1352.945
1353.182
1353.419
1353.656
1353.893
1354.13
1354.367
1354.604
1354.841
1355.078
1355.309
1355.538
1355.767
1355.996
1356.225
1356.454
1356.683
1356.912
1357.141
1357.37
1357.599
1357.828
1358.057
1358.286
1358.515
1358.744
1358.973
1359.202
1359.431
1359.659
1360.974
1362.289
1363.604
1364.919
1366.234
1367.549
1368.121
1368.693
1369.265
1369.837
1370.409
1370.981
1371.553
1372.125
1372.697
1373.269
1373.841
1374.413
1374.985
1375.557
1376.129
1376.701
1377.273
1377.84
1378.579
1379.318
1380.057
1380.796
1381.535
1382.274
1383.013
1383.752
1384.491
1385.23
1385.969
1386.708
1387.447
1388.186
1388.925
1389.664
1390.409
1391.11
1391.811
1392.512
1393.213
1393.914
1394.615
1395.316
1396.017
1396.718
1397.419
1398.12
1398.821
1399.522
1400.223
1400.924
1401.625
1402.326
1403.027
1403.72
1404.282
1404.844
1405.406
1405.968
1406.53
1407.092
1407.654
1408.216
1408.778
1409.34
1409.902
1410.464
1411.026
1411.588
1412.15
1412.712
1413.274
1413.836
1414.39
1415.327
1416.264
1417.2
1418.137
1419.073
1420.01
1420.947
1421.883
1422.82
1423.756
1424.693
1425.63
1426.567
1427.504
1428.44
1429.377
1430.313
1431.25
1432.187
1433.12
1433.703
1434.286
1434.869
1435.452
1436.035
1436.618
1437.201
1437.784
1438.367
1438.95
1439.533
1440.116
1440.699
1441.282
1441.865
1442.448
1443.031
1443.614
1444.19
1444.588
1444.986
1445.384
1445.782
1446.18
1446.578
1446.976
1447.374
1447.772
1448.17
1448.568
1448.966
1449.364
1449.762
1450.16
1450.558
1450.95
1451.418
1451.886
1452.354
1452.822
1453.29
1453.758
1454.226
1454.694
1455.162
1455.63
1456.098
1456.566
1457.034
1457.502
1457.97
1458.438
1458.906
1459.374
1459.85
1460.281
1460.712
1461.143
1461.574
1462.005
1462.436
1462.867
1463.3
1464.275
1465.25
1466.225
1467.2
1468.175
1469.15
1470.125
1471.1
1472.075
1473.05
1474.025
1475.0
1475.975
1476.95
1477.925
1478.9
1479.875
1480.85
1481.82
1482.256
1482.692
1483.128
1483.564
1484.0
1484.436
1484.872
1485.308
1485.744
1486.18
1486.616
1487.052
1487.488
1487.924
1488.36
1488.799
1489.478
1490.157
1490.836
1491.515
1492.194
1492.873
1493.552
1494.231
1494.91
1495.589
1496.268
1496.947
1497.626
1498.305
1498.984
1499.663
1500.34
1500.54
1500.74
1500.94
1501.14
1501.34
1501.54
1501.74
1501.94
1502.14
1502.34
1502.54
1502.74
1502.94
1503.14
1503.34
1503.54
1503.74
1503.94
1504.785
1505.63
1506.004
1506.378
1506.752
1507.126
1507.5
1507.874
1508.248
1508.622
1508.996
1509.37
1509.744
1510.118
1510.492
1510.866
1511.24
1511.614
1511.988
1512.37
1512.944
1513.518
1514.092
1514.666
1515.24
1515.814
1516.388
1516.962
1517.536
1518.11
1518.684
1519.258
1519.832
1520.406
1520.98
1521.554
1522.13
1522.524
1522.918
1523.312
1523.706
1524.1
1524.494
1524.888
1525.282
1525.676
1526.07
1526.464
1526.858
1527.252
1527.646
1528.04
1528.434
1528.83
1529.535
1530.24
1530.945
1531.65
1532.355
1533.06
1533.765
1534.47
1535.175
1535.88
1536.585
1537.29
1537.995
1538.7
1539.405
1540.11
1540.82
1541.181
1541.542
1541.903
1542.264
1542.625
1542.986
1543.347
1543.708
1544.069
1544.43
1544.791
1545.152
1545.513
1545.874
1546.235
1546.596
1546.957
1547.318
1547.679
1548.04
1548.401
1548.759
1549.231
1549.703
1550.175
1550.647
1551.119
1551.591
1552.063
1552.535
1553.007
1553.479
1553.951
1554.423
1554.895
1555.367
1555.839
1556.311
1556.783
1557.255
1557.72
1557.999
1558.278
1558.557
1558.836
1559.115
1559.394
1559.673
1559.952
1560.231
1560.51
1560.789
1561.068
1561.347
1561.626
1561.905
1562.184
1562.463
1562.742
1563.019
1564.909
1566.799
1568.689
1570.579
1572.47
1572.903
1573.336
1573.769
1574.202
1574.635
1575.068
1575.501
1575.934
1576.367
1576.8
1577.233
1577.666
1578.099
1578.532
1578.965
1579.398
1579.831
1580.264
1580.69
1580.995
1581.3
1581.605
1581.91
1582.215
1582.52
1582.825
1583.13
1583.435
1583.74
1584.045
1584.35
1584.655
1584.96
1585.265
1585.57
1585.875
1586.18
1586.485
1586.79
1587.095
1587.399
1587.639
1587.879
1588.119
1588.359
1588.599
1588.839
1589.079
1589.319
1589.559
1589.799
1590.039
1590.279
1590.519
1590.759
1590.999
1591.239
1591.479
1591.719
1591.959
1592.199
1592.429
1592.921
1593.413
1593.905
1594.397
1594.889
1595.381
1595.873
1596.365
1596.857
1597.349
1597.841
1598.333
1598.825
1599.317
1599.809
1600.301
1600.79
1601.256
1601.722
1602.188
1602.654
1603.12
1603.586
1604.052
1604.518
1604.984
1605.45
1605.916
1606.382
1606.848
1607.314
1607.78
1608.246
1608.712
1609.18
1609.6
1610.02
1610.44
1610.86
1611.28
1611.7
1612.12
1612.54
1612.96
1613.38
1613.8
1614.22
1614.64
1615.06
1615.48
1615.9
1616.32
1616.74
1617.16
1617.58
1618.01
1618.173
1618.336
1618.499
1618.662
1618.825
1618.988
1619.151
1619.314
1619.477
1619.64
1619.803
1619.966
1620.129
1620.292
1620.45
1621.006
1621.562
1622.118
1622.674
1623.23
1623.786
1624.342
1624.898
1625.454
1626.01
1626.566
1627.122
1627.678
1628.234
1628.79
1629.346
1629.909
1630.25
1630.591
1630.932
1631.273
1631.614
1631.955
1632.296
1632.637
1632.978
1633.319
1633.66
1634.001
1634.342
1634.683
1635.024
1635.361
1635.778
1636.195
1636.612
1637.029
1637.446
1637.863
1638.28
1638.697
1639.114
1639.531
1639.948
1640.365
1640.782
1641.199
1641.62
1642.434
1643.248
1644.062
1644.876
1645.69
1646.504
1647.318
1648.132
1648.946
1649.76
1650.574
1651.388
1652.202
1653.016
1653.83
1654.644
1655.458
1656.272
1657.086
1657.9
1658.71
1659.645
1660.58
1661.515
1662.45
1663.385
1664.32
1665.255
1666.19
1667.125
1668.06
1668.995
1669.93
1670.865
1671.8
1672.735
1673.67
1674.605
1675.54
1676.475
1677.419
1677.754
1678.089
1678.424
1678.759
1679.094
1679.429
1679.764
1680.099
1680.434
1680.769
1681.104
1681.439
1681.774
1682.109
1682.444
1682.779
1683.114
1683.449
1683.784
1684.11
1684.825
1685.54
1686.255
1686.97
1687.685
1688.4
1689.115
1689.83
1690.545
1691.26
1691.975
1692.69
1693.405
1694.12
1694.835
1695.55
1696.265
1696.98
1697.695
1698.41
1698.965
1699.52
1700.075
1700.63
1701.185
1701.74
1702.295
1702.85
1703.405
1703.96
1704.515
1705.07
1705.625
1706.18
1706.735
1707.29
1707.845
1708.399
1708.75
1709.101
1709.452
1709.803
1710.154
1710.505
1710.856
1711.207
1711.558
1711.909
1712.26
1712.611
1712.962
1713.313
1713.664
1714.015
1714.366
1714.72
1716.848
1718.976
1721.104
1723.23
1724.358
1725.486
1726.614
1727.742
1728.87
1729.998
1731.126
1732.254
1733.382
1734.51
1735.638
1736.766
1737.894
1739.022
1740.15
1741.278
1742.406
1743.534
1744.669
1746.061
1747.453
1748.845
1750.237
1751.629
1753.021
1754.413
1755.805
1757.197
1758.589
1759.981
1761.373
1762.765
1764.159
1764.785
1765.411
1766.037
1766.663
1767.289
1767.915
1768.541
1769.167
1769.793
1770.419
1771.045
1771.671
1772.297
1772.923
1773.549
1774.175
1774.801
1775.429
1775.837
1776.245
1776.653
1777.061
1777.469
1777.877
1778.285
1778.693
1779.101
1779.509
1779.917
1780.325
1780.733
1781.141
1781.549
1781.957
1782.365
1782.773
1783.181
1783.59
1784.155
1784.72
1785.285
1785.85
1786.415
1786.98
1787.545
1788.11
1788.675
1789.24
1789.805
1790.37
1790.935
1791.5
1792.065
1792.63
1793.195
1793.76
1794.325
1794.89
1795.455
1796.019
1796.862
1797.705
1798.548
1799.391
1800.234
1801.077
1801.92
1802.763
1803.606
1804.449
1805.292
1806.135
1806.978
1807.821
1808.664
1809.507
1810.35
1811.193
1812.036
1812.879
1813.722
1814.57
1814.864
1815.158
1815.452
1815.746
1816.04
1816.334
1816.628
1816.922
1817.22
1817.626
1818.032
1818.438
1818.844
1819.25
1819.656
1820.062
1820.468
1820.874
1821.28
1821.686
1822.092
1822.498
1822.904
1823.31
1823.716
1824.122
1824.529
1824.839
1825.149
1825.459
1825.769
1826.079
1826.389
1826.699
1827.009
1827.319
1827.629
1827.939
1828.249
1828.559
1828.869
1829.179
1829.489
1829.799
1830.11
1830.841
1831.572
1832.303
1833.034
1833.765
1834.496
1835.227
1835.958
1836.689
1837.42
1838.151
1838.882
1839.613
1840.344
1841.075
1841.806
1842.539
1843.638
1844.737
1845.836
1846.935
1848.034
1849.133
1850.232
1851.331
1852.43
1853.529
1854.628
1855.727
1856.826
1857.925
1859.024
1860.123
1861.222
1862.321
1863.42
1864.519
1865.61
1865.979
1866.348
1866.717
1867.086
1867.455
1867.824
1868.193
1868.562
1868.931
1869.3
1869.669
1870.038
1870.407
1870.776
1871.145
1871.514
1871.879
1872.167
1872.455
1872.743
1873.031
1873.319
1873.607
1873.895
1874.183
1874.471
1874.759
1875.047
1875.335
1875.623
1875.911
1876.199
1876.487
1876.775
1877.063
1877.35
1877.646
1877.942
1878.238
1878.534
1878.83
1879.126
1879.422
1879.718
1880.014
1880.31
1880.606
1880.902
1881.198
1881.494
1881.79
1882.086
1882.382
1882.679
1883.659
1884.639
1885.619
1886.599
1887.58
1888.372
1889.164
1889.956
1890.748
1891.54
1892.332
1893.124
1893.916
1894.708
1895.5
1896.292
1897.084
1897.876
1898.668
1899.46
1900.252
1901.049
1901.961
1902.873
1903.785
1904.697
1905.609
1906.521
1907.433
1908.345
1909.257
1910.169
1911.082
1911.995
1912.907
1913.819
1914.731
1915.643
1916.555
1917.467
1918.38
1919.299
1919.541
1919.783
1920.024
1920.265
1920.507
1920.749
1920.991
1921.233
1921.475
1921.716
1921.957
1922.199
1922.441
1922.683
1922.925
1923.167
1923.409
1923.651
1923.893
1924.129
1926.444
1928.759
1931.074
1933.389
1935.704
1938.019
1940.072
1942.125
1944.178
1946.231
1948.284
1950.337
1952.39
1954.443
1956.496
1958.549
1960.602
1962.655
1964.708
1966.761
1968.814
1970.867
1972.919
1973.987
1975.055
1976.123
1977.191
1978.259
1979.327
1980.395
1981.463
1982.531
1983.599
1984.667
1985.735
1986.803
1987.871
1988.939
1990.009
1990.227
1990.445
1990.663
1990.881
1991.099
1991.317
1991.535
1991.753
1991.971
1992.189
1992.407
1992.625
1992.843
1993.061
1993.279
1993.497
1993.715
1993.933
1994.149
1994.618
1995.087
1995.556
1996.025
1996.495
1996.964
1997.433
1997.902
1998.371
1998.841
1999.31
1999.779
2000.248
2000.717
2001.187
2001.656
2002.125
2002.6
2002.891
2003.182
2003.473
2003.764
2004.055
2004.346
2004.637
2004.928
2005.219
2005.51
2005.801
2006.092
2006.383
2006.674
2006.965
2007.256
2007.539
2008.0
2008.461
2008.922
2009.383
2009.844
2010.305
2010.766
2011.227
2011.688
2012.149
2012.61
2013.071
2013.532
2013.993
2014.454
2014.915
2015.369
2015.668
2015.967
2016.266
2016.565
2016.864
2017.163
2017.462
2017.761
2018.06
2018.359
2018.658
2018.957
2019.256
2019.555
2019.854
2020.153
2020.452
2020.751
2021.05
2021.35
2021.672
2021.994
2022.316
2022.638
2022.96
2023.282
2023.604
2023.926
2024.248
2024.57
2024.892
2025.214
2025.536
2025.858
2026.18
2026.502
2026.824
2027.149
2027.389
2027.629
2027.869
2028.109
2028.349
2028.589
2028.829
2029.069
2029.309
2029.549
2029.789
2030.029
2030.269
2030.509
2030.749
2030.989
2031.229
2031.469
2031.7
2031.975
2032.25
2032.525
2032.8
2033.075
2033.35
2033.625
2033.9
2034.175
2034.45
2034.725
2035.0
2035.275
2035.55
2035.83
2036.17
2036.51
2036.85
2037.19
2037.53
2037.87
2038.21
2038.55
2038.89
2039.23
2039.57
2039.91
2040.25
2040.59
2040.93
2041.27
2041.61
2041.95
2042.29
2042.63
2042.97
2045.004
2047.038
2049.072
2051.106
2053.14
2055.174
2057.208
2059.242
2061.276
2063.31
2065.344
2067.378
2069.412
2071.446
2073.48
2075.514
2077.548
2079.582
2081.616
2083.649
2084.303
2084.957
2085.611
2086.265
2086.919
2087.573
2088.227
2088.881
2089.535
2090.189
2090.843
2091.497
2092.151
2092.805
2093.459
2094.113
2094.767
2095.421
2096.075
2096.72
2097.014
2097.308
2097.602
2097.896
2098.19
2098.484
2098.778
2099.072
2099.366
2099.66
2099.954
2100.248
2100.542
2100.836
2101.13
2101.424
2101.718
2102.012
2102.3
2102.794
2103.288
2103.782
2104.276
2104.77
2105.264
2105.758
2106.252
2106.746
2107.24
2107.734
2108.228
2108.722
2109.216
2109.71
2110.204
2110.698
2111.192
2111.686
2112.19
2114.154
2116.118
2118.082
2120.046
2122.01
2123.974
2125.938
2127.902
2129.866
2131.829
2132.025
2132.221
2132.417
2132.613
2132.809
2133.005
2133.201
2133.397
2133.593
2133.789
2133.985
2134.181
2134.377
2134.573
2134.769
2134.965
2135.16
2135.526
2135.892
2136.258
2136.624
2136.99
2137.356
2137.722
2138.088
2138.454
2138.82
2139.186
2139.552
2139.918
2140.284
2140.65
2141.016
2141.382
2141.748
2142.11
2142.443
2142.776
2143.109
2143.442
2143.775
2144.108
2144.441
2144.774
2145.107
2145.44
2145.773
2146.106
2146.439
2146.772
2147.105
2147.438
2147.771
2148.104
2148.44
2148.751
2149.062
2149.373
2149.684
2149.995
2150.306
2150.617
2150.928
2151.239
2151.55
2151.861
2152.172
2152.483
2152.794
2153.105
2153.416
2153.727
2154.038
2154.349
2154.66
2154.926
2155.192
2155.458
2155.724
2155.99
2156.256
2156.522
2156.788
2157.054
2157.32
2157.586
2157.852
2158.118
2158.384
2158.65
2158.916
2159.182
2159.448
2159.72
2160.02
2160.32
2160.62
2160.92
2161.22
2161.52
2161.82
2162.12
2162.42
2162.72
2163.02
2163.32
2163.62
2163.92
2164.22
2164.52
2164.82
2165.12
2165.42
2165.72
2166.01
2167.586
2169.162
2170.738
2172.314
2173.89
2175.466
2177.042
2178.618
2180.194
2181.77
2182.242
2182.714
2183.186
2183.658
2184.13
2184.602
2185.074
2185.546
2186.018
2186.49
2186.962
2187.434
2187.906
2188.378
2188.85
2189.319
2189.71
2190.101
2190.492
2190.883
2191.274
2191.665
2192.056
2192.447
2192.838
2193.229
2193.62
2194.011
2194.402
2194.793
2195.184
2195.575
2195.966
2196.357
2196.748
2197.13
2197.636
2198.142
2198.648
2199.154
2199.66
2200.166
2200.672
2201.178
2201.684
2202.19
2202.696
2203.202
2203.708
2204.214
2204.72
2205.226
2205.732
2206.238
2206.74
2207.156
2207.572
2207.988
2208.404
2208.82
2209.236
2209.652
2210.068
2210.484
2210.9
2211.316
2211.732
2212.148
2212.564
2212.98
2213.396
2213.812
2214.23
2214.703
2215.176
2215.649
2216.122
2216.595
2217.068
2217.541
2218.014
2218.487
2218.96
2219.433
2219.906
2220.379
2220.852
2221.325
2221.798
2222.271
2222.744
2223.21
2223.726
2224.242
2224.758
2225.274
2225.79
2226.091
2226.392
2226.693
2226.994
2227.295
2227.596
2227.897
2228.198
2228.499
2228.8
2229.101
2229.402
2229.703
2230.004
2230.305
2230.606
2230.907
2231.208
2231.509
2231.819
2232.462
2233.105
2233.748
2234.391
2235.034
2235.677
2236.32
2236.963
2237.606
2238.249
2238.892
2239.535
2240.178
2240.821
2241.464
2242.107
2242.75
2243.39
2243.902
2244.414
2244.927
2245.439
2245.951
2246.463
2246.976
2247.488
2248.0
2248.512
2249.024
2249.536
2250.048
2250.56
2251.072
2251.584
2252.096
2252.608
2253.12
2253.64
2253.892
2254.144
2254.396
2254.648
2254.9
2255.152
2255.404
2255.656
2255.908
2256.16
2256.412
2256.664
2256.916
2257.168
2257.42
2257.672
2257.924
2258.17
2258.673
2259.176
2259.679
2260.182
2260.685
2261.188
2261.691
2262.194
2262.697
2263.2
2263.703
2264.206
2264.709
2265.212
2265.715
2266.218
2266.72
2267.359
2267.998
2268.637
2269.276
2269.915
2270.554
2271.193
2271.832
2272.471
2273.11
2273.749
2274.388
2275.027
2275.666
2276.305
2276.944
2277.583
2278.22
2278.567
2278.914
2279.261
2279.608
2279.955
2280.302
2280.649
2280.996
2281.343
2281.69
2282.037
2282.384
2282.731
2283.078
2283.425
2283.772
2284.119
2284.466
2284.819
2285.727
2286.635
2287.543
2288.451
2289.359
2290.267
2291.175
2292.083
2292.991
2293.899
2294.807
2295.715
2296.623
2297.531
2298.439
2299.347
2300.255
2301.16
2301.504
2301.848
2302.192
2302.536
2302.88
2303.224
2303.568
2303.912
2304.256
2304.6
2304.944
2305.29
2305.722
2306.154
2306.586
2307.018
2307.45
2307.882
2308.314
2308.746
2309.178
2309.61
2310.042
2310.474
2310.906
2311.338
2311.77
2312.202
2312.63
2313.122
2313.614
2314.106
2314.598
2315.09
2315.582
2316.074
2316.566
2317.058
2317.55
2318.042
2318.534
2319.026
2319.518
2320.01
2320.502
2320.994
2321.48
2321.995
2322.51
2323.025
2323.54
2324.055
2324.57
2325.085
2325.6
2326.115
2326.63
2327.145
2327.66
2328.175
2328.69
2329.205
2329.72
2330.24
2330.791
2331.342
2331.893
2332.444
2332.995
2333.546
2334.097
2334.648
2335.199
2335.75
2336.301
2336.852
2337.403
2337.954
2338.505
2339.06
2343.914
2348.768
2353.622
2358.476
2363.329
2363.788
2364.247
2364.706
2365.165
2365.624
2366.083
2366.542
2367.001
2367.46
2367.919
2368.378
2368.837
2369.296
2369.755
2370.214
2370.673
2371.132
2371.591
2372.05
2372.51
2372.909
2373.308
2373.707
2374.106
2374.505
2374.904
2375.303
2375.702
2376.101
2376.5
2376.899
2377.298
2377.697
2378.096
2378.495
2378.894
2379.293
2379.692
2380.089
2380.492
2380.895
2381.298
2381.701
2382.104
2382.507
2382.91
2383.313
2383.716
2384.119
2384.522
2384.925
2385.328
2385.731
2386.134
2386.537
2386.94
2387.343
2387.746
2388.149
2388.552
2388.96
2389.51
2390.06
2390.61
2391.16
2391.71
2392.26
2392.81
2393.36
2393.91
2394.46
2395.01
2395.56
2396.11
2396.66
2397.21
2397.76
2398.382
2399.004
2399.626
2400.248
2400.87
2401.492
2402.114
2402.736
2403.358
2403.98
2404.602
2405.224
2405.846
2406.468
2407.09
2407.712
2408.334
2408.956
2409.57
2410.091
2410.612
2411.133
2411.654
2412.175
2412.696
2413.217
2413.738
2414.259
2414.78
2415.301
2415.822
2416.343
2416.864
2417.385
2417.906
2418.427
2418.95
2419.252
2419.554
2419.856
2420.158
2420.46
2420.762
2421.064
2421.366
2421.668
2421.97
2422.272
2422.574
2422.876
2423.178
2423.48
2423.782
2424.084
2424.386
2424.68
2424.891
2425.102
2425.313
2425.524
2425.735
2425.947
2426.159
2426.37
2426.581
2426.793
2427.005
2427.216
2427.427
2427.639
2427.851
2428.062
2428.273
2428.485
2428.697
2428.91
2429.92
2430.93
2431.94
2432.95
2433.259
2433.568
2433.877
2434.186
2434.495
2434.804
2435.113
2435.422
2435.731
2436.04
2436.349
2436.658
2436.967
2437.276
2437.585
2437.894
2438.203
2438.512
2438.821
2439.13
2439.44
2439.84
2440.24
2440.64
2441.04
2441.44
2441.84
2442.24
2442.64
2443.04
2443.44
2443.84
2444.24
2444.64
2445.04
2445.44
2445.84
2446.24
2446.64
2447.04
2447.44
2447.849
2448.217
2448.585
2448.953
2449.321
2449.689
2450.057
2450.425
2450.793
2451.161
2451.529
2451.897
2452.265
2452.633
2453.001
2453.369
2453.737
2454.105
2454.473
2454.841
2455.209
2455.569
2455.856
2456.143
2456.43
2456.717
2457.004
2457.291
2457.578
2457.865
2458.152
2458.439
2458.726
2459.013
2459.3
2459.587
2459.874
2460.161
2460.448
2460.735
2461.022
2461.309
2461.596
2461.88
2462.334
2462.788
2463.242
2463.696
2464.15
2464.604
2465.058
2465.512
2465.966
2466.42
2466.874
2467.328
2467.782
2468.236
2468.69
2469.144
2469.599
2469.959
2470.319
2470.679
2471.039
2471.399
2471.759
2472.119
2472.479
2472.839
2473.199
2473.559
2473.919
2474.279
2474.639
2474.999
2475.359
2475.719
2476.079
2476.43
2476.856
2477.282
2477.708
2478.134
2478.56
2478.986
2479.412
2479.838
2480.264
2480.69
2481.116
2481.542
2481.968
2482.394
2482.82
2483.246
2483.672
2484.098
2484.524
2484.95
2485.376
2485.802
2486.23
2486.52
2486.81
2487.1
2487.39
2487.68
2487.97
2488.26
2488.55
2488.84
2489.13
2489.42
2489.71
2490.0
2490.29
2490.58
2490.87
2491.16
2491.45
2491.74
2492.03
2492.32
2492.61
2492.89
2493.423
2493.956
2494.489
2495.022
2495.555
2496.088
2496.621
2497.154
2497.687
2498.22
2498.753
2499.286
2499.819
2500.352
2500.885
2501.418
2501.951
2502.484
2503.01
2503.218
2503.426
2503.634
2503.842
2504.05
2504.258
2504.466
2504.674
2504.882
2505.09
2505.298
2505.506
2505.714
2505.922
2506.13
2506.338
2506.546
2506.754
2506.962
2507.17
2507.37
2507.654
2507.938
2508.222
2508.506
2508.79
2509.074
2509.358
2509.642
2509.926
2510.21
2510.494
2510.778
2511.062
2511.346
2511.63
2511.914
2512.198
2512.482
2512.76
2513.493
2514.226
2514.959
2515.692
2516.425
2517.158
2517.891
2518.624
2519.357
2520.09
2520.823
2521.556
2522.289
2523.022
2523.755
2524.488
2525.221
2525.96
2526.373
2526.786
2527.199
2527.612
2528.025
2528.438
2528.851
2529.264
2529.677
2530.09
2530.503
2530.916
2531.329
2531.742
2532.155
2532.568
2532.981
2533.394
2533.799
2534.172
2534.545
2534.918
2535.291
2535.664
2536.037
2536.41
2536.783
2537.156
2537.529
2537.902
2538.275
2538.648
2539.021
2539.394
2539.77
2540.015
2540.26
2540.505
2540.75
2540.995
2541.24
2541.485
2541.73
2541.975
2542.22
2542.465
2542.71
2542.955
2543.2
2543.445
2543.69
2543.93
2544.136
2544.342
2544.548
2544.754
2544.96
2545.166
2545.372
2545.578
2545.784
2545.99
2546.196
2546.402
2546.608
2546.814
2547.02
2547.226
2547.432
2547.638
2547.849
2548.115
2548.381
2548.647
2548.913
2549.179
2549.445
2549.711
2549.977
2550.243
2550.509
2550.775
2551.041
2551.307
2551.573
2551.839
2552.105
2552.371
2552.637
2552.903
2553.16
2553.486
2553.812
2554.139
2554.466
2554.793
2555.12
2555.447
2555.774
2556.101
2556.428
2556.755
2557.082
2557.409
2557.736
2558.062
2558.389
2558.716
2559.043
2559.37
2559.69
2569.579
2570.164
2570.749
2571.334
2571.919
2572.504
2573.089
2573.674
2574.259
2574.844
2575.429
2576.014
2576.599
2577.184
2577.769
2578.354
2578.939
2579.53
2579.898
2580.266
2580.634
2581.002
2581.37
2581.738
2582.106
2582.474
2582.842
2583.21
2583.578
2583.946
2584.314
2584.682
2585.05
2585.418
2585.789
2586.058
2586.327
2586.596
2586.865
2587.134
2587.403
2587.672
2587.941
2588.21
2588.479
2588.748
2589.017
2589.286
2589.555
2589.824
2590.093
2590.37
2590.685
2591.0
2591.315
2591.63
2591.945
2592.26
2592.575
2592.89
2593.205
2593.52
2593.835
2594.15
2594.465
2594.78
2595.095
2595.41
2595.73
2596.407
2597.084
2597.761
2598.438
2599.115
2599.792
2600.469
2601.146
2601.823
2602.5
2603.177
2603.854
2604.53
2606.184
2607.838
2609.492
2611.146
2612.8
2614.454
2616.108
2617.762
2619.416
2621.07
2622.724
2624.38
2626.197
2628.014
2629.831
2631.648
2633.465
2635.282
2637.1
2637.372
2637.644
2637.916
2638.188
2638.46
2638.732
2639.004
2639.276
2639.548
2639.82
2640.092
2640.364
2640.636
2640.908
2641.18
2641.452
2641.724
2641.996
2642.26
2642.633
2643.006
2643.379
2643.752
2644.125
2644.498
2644.871
2645.244
2645.617
2645.99
2646.363
2646.736
2647.109
2647.482
2647.855
2648.228
2648.601
2648.97
2649.422
2649.874
2650.326
2650.778
2651.23
2651.682
2652.134
2652.586
2653.038
2653.49
2653.942
2654.394
2654.849
2655.271
2655.693
2656.115
2656.537
2656.959
2657.381
2657.803
2658.225
2658.647
2659.069
2659.491
2659.913
2660.335
2660.757
2661.179
2661.601
2662.023
2662.45
2662.717
2662.984
2663.251
2663.518
2663.785
2664.052
2664.319
2664.586
2664.853
2665.12
2665.387
2665.654
2665.921
2666.188
2666.455
2666.722
2666.989
2667.26
2667.546
2667.832
2668.118
2668.404
2668.69
2668.976
2669.262
2669.548
2669.834
2670.12
2670.406
2670.692
2670.978
2671.264
2671.55
2671.836
2672.122
2672.408
2672.694
2672.98
2673.27
2673.762
2674.254
2674.746
2675.238
2675.73
2676.222
2676.714
2677.206
2677.698
2678.19
2678.682
2679.174
2679.666
2680.158
2680.65
2681.142
2681.634
2682.13
2682.394
2682.658
2682.922
2683.186
2683.45
2683.714
2683.978
2684.242
2684.506
2684.77
2685.034
2685.298
2685.562
2685.826
2686.09
2686.354
2686.618
2686.89
2687.269
2687.648
2688.027
2688.406
2688.785
2689.164
2689.543
2689.922
2690.301
2690.68
2691.059
2691.438
2691.817
2692.196
2692.575
2692.954
2693.333
2693.712
2694.091
2694.47
2694.839
2695.314
2695.789
2696.264
2696.739
2697.214
2697.689
2698.164
2698.639
2699.114
2699.589
2700.064
2700.539
2701.014
2701.489
2701.964
2702.439
2702.914
2703.389
2703.864
2704.339
2704.814
2705.299
2705.89
2706.481
2707.072
2707.663
2708.254
2708.845
2709.436
2710.027
2710.618
2711.209
2711.8
2712.391
2712.982
2713.573
2714.164
2714.755
2715.349
2716.665
2717.981
2719.297
2720.613
2721.929
2723.245
2724.561
2725.877
2727.19
2728.243
2729.296
2730.349
2731.401
2732.453
2733.506
2734.559
2735.611
2736.663
2737.716
2738.769
2739.822
2740.874
2741.926
2742.979
2744.03
2744.242
2744.454
2744.666
2744.878
2745.09
2745.302
2745.514
2745.726
2745.938
2746.15
2746.362
2746.574
2746.786
2746.998
2747.21
2747.422
2747.634
2747.849
2748.518
2749.187
2749.856
2750.525
2751.194
2751.863
2752.532
2753.201
2753.87
2754.539
2755.208
2755.877
2756.546
2757.215
2757.884
2758.553
2759.222
2759.891
2760.569
2761.013
2761.457
2761.901
2762.345
2762.789
2763.233
2763.677
2764.121
2764.565
2765.009
2765.453
2765.897
2766.341
2766.785
2767.229
2767.673
2768.117
2768.561
2769.005
2769.45
2770.036
2770.622
2771.208
2771.794
2772.38
2772.966
2773.552
2774.138
2774.724
2775.31
2775.896
2776.482
2777.068
2777.654
2778.24
2778.826
2779.42
2779.654
2779.888
2780.122
2780.356
2780.59
2780.824
2781.058
2781.292
2781.526
2781.76
2781.994
2782.228
2782.462
2782.696
2782.93
2783.164
2783.398
2783.632
2783.866
2784.1
2784.33
2784.747
2785.164
2785.582
2785.999
2786.416
2786.834
2787.251
2787.669
2788.086
2788.503
2788.921
2789.338
2789.756
2790.173
2790.59
2791.008
2791.425
2791.843
2792.26
2792.68
2794.671
2796.662
2798.653
2800.644
2802.635
2804.626
2806.617
2808.608
2810.599
2812.59
2814.581
2816.572
2818.569
2818.796
2819.023
2819.25
2819.477
2819.704
2819.931
2820.158
2820.385
2820.612
2820.839
2821.066
2821.293
2821.52
2821.747
2821.974
2822.201
2822.428
2822.655
2822.88
2823.513
2824.146
2824.78
2825.066
2825.352
2825.638
2825.924
2826.21
2826.496
2826.782
2827.068
2827.354
2827.64
2827.926
2828.212
2828.498
2828.784
2829.069
2829.707
2830.345
2830.983
2831.621
2832.259
2832.897
2833.535
2834.173
2834.811
2835.449
2836.087
2836.725
2837.363
2838.001
2838.639
2839.277
2839.915
2840.553
2841.19
2841.959
2842.728
2843.497
2844.266
2845.035
2845.804
2846.573
2847.342
2848.111
2848.88
2849.649
2850.418
2851.187
2851.956
2852.725
2853.494
2854.263
2855.032
2855.801
2856.57
2857.339
2858.108
2858.88
2859.445
2860.01
2860.575
2861.14
2861.705
2862.27
2862.835
2863.4
2863.965
2864.53
2865.095
2865.66
2866.225
2866.79
2867.355
2867.92
2868.485
2869.05
2869.615
2870.18
2870.741
2871.31
2871.879
2872.448
2873.017
2873.586
2874.155
2874.724
2875.293
2875.862
2876.431
2877.0
2877.569
2878.138
2878.707
2879.276
2879.845
2880.414
2880.99
2881.771
2882.552
2883.333
2884.114
2884.895
2885.676
2886.457
2887.238
2888.019
2888.8
2889.581
2890.362
2891.143
2891.924
2892.705
2893.486
2894.267
2895.048
2895.829
2896.61
2897.391
2898.172
2898.953
2899.73
2900.128
2900.526
2900.923
2901.32
2901.718
2902.115
2902.512
2902.91
2903.307
2903.704
2904.102
2904.499
2904.896
2905.294
2905.691
2906.088
2906.486
2906.883
2907.28
2907.68
2908.009
2908.338
2908.667
2908.996
2909.325
2909.654
2909.983
2910.312
2910.641
2910.97
2911.299
2911.628
2911.957
2912.286
2912.615
2912.944
2913.273
2913.602
2913.931
2914.26
2914.589
2914.918
2915.24
2915.647
2916.054
2916.461
2916.868
2917.275
2917.682
2918.089
2918.496
2918.903
2919.31
2919.717
2920.124
2920.531
2920.938
2921.345
2921.752
2922.159
2922.566
2922.973
2923.38
2923.642
2923.904
2924.166
2924.428
2924.69
2924.952
2925.214
2925.476
2925.738
2926.0
2926.262
2926.524
2926.786
2927.048
2927.31
2927.572
2927.839
2928.26
2928.681
2929.102
2929.523
2929.944
2930.365
2930.786
2931.207
2931.628
2932.049
2932.47
2932.891
2933.312
2933.733
2934.154
2934.575
2934.996
2935.417
2935.839
2936.05
2936.261
2936.472
2936.683
2936.894
2937.105
2937.316
2937.527
2937.738
2937.949
2938.16
2938.371
2938.582
2938.793
2939.004
2939.21
2939.476
2939.742
2940.008
2940.274
2940.54
2940.806
2941.072
2941.338
2941.604
2941.87
2942.136
2942.402
2942.668
2942.934
2943.2
2943.466
2943.732
2944.0
2944.517
2945.034
2945.551
2946.068
2946.585
2947.102
2947.619
2948.136
2948.653
2949.17
2949.687
2950.204
2950.721
2951.238
2951.76
2952.118
2952.476
2952.834
2953.192
2953.55
2953.908
2954.266
2954.624
2954.982
2955.34
2955.698
2956.056
2956.414
2956.772
2957.13
2957.488
2957.846
2958.204
2958.562
2958.92
2959.278
2959.636
2959.994
2960.352
2960.71
2961.068
2961.42
2961.791
2962.162
2962.533
2962.904
2963.275
2963.646
2964.017
2964.388
2964.759
2965.13
2965.501
2965.872
2966.243
2966.614
2966.985
2967.356
2967.727
2968.098
2968.46
2969.124
2969.789
2970.131
2970.473
2970.815
2971.157
2971.499
2971.841
2972.183
2972.525
2972.867
2973.209
2973.551
2973.893
2974.235
2974.577
2974.919
2975.261
2975.603
2975.94
2976.147
2976.354
2976.561
2976.768
2976.975
2977.182
2977.389
2977.596
2977.803
2978.01
2978.217
2978.424
2978.631
2978.838
2979.045
2979.252
2979.459
2979.666
2979.869
2980.419
2980.969
2981.519
2982.069
2982.619
2983.169
2983.719
2984.269
2984.819
2985.369
2985.919
2986.469
2987.019
2987.569
2988.119
2988.669
2989.219
2989.77
2990.069
2990.368
2990.667
2990.966
2991.265
2991.564
2991.863
2992.162
2992.461
2992.76
2993.059
2993.358
2993.657
2993.956
2994.26
2994.543
2994.826
2995.109
2995.392
2995.675
2995.958
2996.241
2996.524
2996.807
2997.09
2997.373
2997.656
2997.939
2998.222
2998.505
2998.788
2999.071
2999.36
2999.819
3000.278
3000.737
3001.196
3001.655
3002.114
3002.573
3003.032
3003.491
3003.95
3004.414
3004.878
3005.342
3005.806
3006.27
3006.734
3007.198
3007.662
3008.126
3008.59
3009.054
3009.518
3009.982
3010.446
3010.91
3011.374
3011.838
3012.302
3012.77
3013.046
3013.322
3013.598
3013.874
3014.15
3014.426
3014.702
3014.978
3015.254
3015.53
3015.806
3016.082
3016.358
3016.634
3016.91
3017.186
3017.462
3017.73
3018.064
3018.398
3018.732
3019.066
3019.4
3019.734
3020.068
3020.402
3020.736
3021.07
3021.404
3021.738
3022.072
3022.406
3022.74
3023.074
3023.408
3023.75
3024.308
3024.866
3025.424
3025.982
3026.54
3027.098
3027.656
3028.214
3028.772
3029.33
3029.888
3030.446
3031.004
3031.559
3031.933
3032.307
3032.681
3033.055
3033.429
3033.803
3034.177
3034.551
3034.925
3035.299
3035.673
3036.047
3036.421
3036.8
3037.559
3038.318
3039.077
3039.836
3040.595
3041.354
3042.113
3042.872
3043.631
3044.39
3045.149
3045.908
3046.667
3047.426
3048.185
3048.944
3049.703
3050.462
3051.22
3051.708
3052.196
3052.684
3053.172
3053.66
3054.148
3054.636
3055.124
3055.612
3056.1
3056.588
3057.076
3057.564
3058.052
3058.54
3059.03
3059.636
3060.242
3060.848
3061.454
3062.06
3062.666
3063.272
3063.878
3064.484
3065.09
3065.696
3066.302
3066.908
3067.514
3068.12
3068.73
3069.158
3069.586
3070.014
3070.442
3070.87
3071.298
3071.726
3072.154
3072.582
3073.01
3073.438
3073.866
3074.29
3074.564
3074.837
3075.11
3075.383
3075.657
3075.931
3076.204
3076.477
3076.751
3077.025
3077.298
3077.572
3077.846
3078.119
3078.433
3078.747
3079.061
3079.375
3079.689
3080.003
3080.317
3080.631
3080.945
3081.259
3081.573
3081.887
3082.201
3082.515
3082.829
3083.143
3083.457
3083.771
3084.08
3084.419
3084.758
3085.097
3085.436
3085.775
3086.114
3086.453
3086.792
3087.131
3087.47
3087.809
3088.148
3088.487
3088.826
3089.165
3089.504
3089.843
3090.182
3090.521
3090.86
3091.199
3091.538
3091.877
3092.216
3092.549
3092.802
3093.055
3093.308
3093.561
3093.814
3094.067
3094.32
3094.573
3094.826
3095.079
3095.332
3095.585
3095.838
3096.091
3096.344
3096.597
3096.85
3097.103
3097.349
3097.807
3098.265
3098.723
3099.181
3099.639
3100.097
3100.555
3101.013
3101.471
3101.929
3102.387
3102.845
3103.303
3103.761
3104.219
3104.67
3104.858
3105.046
3105.233
3105.421
3105.608
3105.796
3105.983
3106.171
3106.358
3106.546
3106.733
3106.921
3107.108
3107.296
3107.483
3107.67
3108.377
3109.084
3109.791
3110.498
3111.205
3111.912
3112.619
3113.326
3114.033
3114.74
3115.447
3116.154
3116.861
3117.568
3118.275
3118.98
3122.485
3125.99
3129.495
3133.0
3135.5
3138.0
3140.5
3141.244
3141.988
3142.732
3143.476
3144.22
3144.964
3145.708
3146.452
3147.196
3147.94
3148.684
3149.428
3150.172
3150.916
3151.66
3152.404
3153.148
3153.892
3154.636
3155.38
3155.858
3156.336
3156.814
3157.292
3157.77
3158.248
3158.726
3159.204
3159.682
3160.16
3160.638
3161.116
3161.594
3162.072
3162.55
3163.028
3163.506
3163.984
3164.462
3164.94
3165.41
3165.721
3166.032
3166.343
3166.654
3166.965
3167.276
3167.587
3167.898
3168.209
3168.52
3168.831
3169.142
3169.453
3169.764
3170.075
3170.386
3170.697
3171.008
3171.319
3171.63
3171.993
3172.356
3172.719
3173.082
3173.445
3173.808
3174.171
3174.534
3174.897
3175.26
3175.623
3175.986
3176.349
3176.712
3177.075
3177.438
3177.801
3178.164
3178.53
3178.765
3179.0
3179.235
3179.47
3179.705
3179.94
3180.175
3180.41
3180.645
3180.88
3181.115
3181.35
3181.589
3181.898
3182.207
3182.516
3182.825
3183.134
3183.443
3183.752
3184.061
3184.37
3184.679
3184.988
3185.297
3185.606
3185.915
3186.224
3186.533
3186.842
3187.151
3187.46
3187.769
3188.078
3188.387
3188.69
3189.455
3190.22
3190.985
3191.75
3192.515
3193.28
3194.045
3194.81
3195.575
3196.34
3197.105
3197.87
3198.635
3199.4
3200.165
3200.93
3201.695
3202.46
3202.958
3203.456
3203.954
3204.452
3204.95
3205.448
3205.946
3206.444
3206.942
3207.44
3207.938
3208.436
3208.934
3209.432
3209.93
3210.546
3211.162
3211.778
3212.394
3213.01
3213.626
3214.242
3214.858
3215.474
3216.089
3216.973
3217.857
3218.741
3219.625
3220.509
3221.393
3222.277
3223.161
3224.045
3224.929
3225.813
3226.697
3227.581
3228.465
3229.349
3230.233
3231.117
3232.0
3232.483
3232.966
3233.448
3233.93
3234.412
3234.894
3235.376
3235.859
3236.341
3236.823
3237.305
3237.787
3238.269
3238.751
3239.234
3239.716
3240.198
3240.68
3241.162
3241.65
3241.993
3242.336
3242.679
3243.022
3243.365
3243.708
3244.051
3244.394
3244.737
3245.08
3245.423
3245.766
3246.109
3246.452
3246.795
3247.138
3247.481
3247.824
3248.167
3248.51
3248.859
3249.353
3249.847
3250.341
3250.835
3251.329
3251.823
3252.317
3252.811
3253.305
3253.799
3254.293
3254.787
3255.281
3255.775
3256.269
3256.763
3257.257
3257.751
3258.25
3258.52
3258.79
3259.06
3259.33
3259.6
3259.87
3260.14
3260.41
3260.68
3260.95
3261.22
3261.49
3261.76
3262.03
3262.3
3262.57
3262.84
3263.11
3263.38
3263.62
3263.86
3264.1
3264.34
3264.58
3264.82
3265.06
3265.3
3265.54
3265.78
3266.02
3266.26
3266.5
3266.74
3266.98
3267.22
3267.46
3267.7
3268.11
3268.52
3268.93
3269.34
3269.75
3270.16
3270.57
3270.98
3271.39
3271.8
3272.21
3272.62
3273.03
3273.44
3273.85
3274.26
3274.67
3275.08
3275.49
3275.9
3276.31
3276.72
3276.94
3277.16
3277.38
3277.6
3277.82
3278.04
3278.26
3278.48
3278.7
3278.92
3279.14
3279.36
3279.58
3279.8
3280.02
3280.24
3280.46
3280.68
3280.9
3281.12
3281.34
3281.56
3281.78
3282.0
3282.345
3282.69
3283.035
3283.38
3283.725
3284.07
3284.415
3284.76
3285.105
3285.45
3285.795
3286.14
3286.485
3286.83
3287.175
3287.52
3287.865
3288.21
3288.555
3288.9
3289.245
3289.59
3289.94
3290.189
3290.438
3290.687
3290.936
3291.185
3291.434
3291.68
3291.981
3292.282
3292.583
3292.884
3293.185
3293.486
3293.787
3294.088
3294.389
3294.69
3294.991
3295.292
3295.593
3295.894
3296.195
3296.496
3296.789
3297.354
3297.919
3298.484
3299.049
3299.614
3300.179
3300.744
3301.309
3301.874
3302.439
3303.004
3303.569
3304.134
3304.699
3305.264
3305.829
3306.4
3306.947
3307.494
3308.041
3308.588
3309.135
3309.682
3310.229
3310.776
3311.323
3311.87
3312.417
3312.964
3313.511
3314.058
3314.605
3315.15
3315.526
3315.902
3316.278
3316.654
3317.03
3317.406
3317.782
3318.158
3318.534
3318.91
3319.286
3319.662
3320.038
3320.414
3320.79
3321.166
3321.539
3321.804
3322.069
3322.334
3322.599
3322.864
3323.129
3323.394
3323.659
3323.924
3324.189
3324.454
3324.719
3324.984
3325.249
3325.514
3325.779
3326.044
3326.31
3326.69
3327.07
3327.45
3327.738
3328.026
3328.314
3328.602
3328.89
3329.178
3329.466
3329.754
3330.042
3330.33
3330.618
3330.906
3331.194
3331.482
3331.77
3332.059
3332.268
3332.477
3332.686
3332.895
3333.104
3333.313
3333.522
3333.731
3333.94
3334.149
3334.358
3334.567
3334.776
3334.985
3335.194
3335.403
3335.609
3335.925
3336.241
3336.557
3336.873
3337.189
3337.505
3337.821
3338.137
3338.453
3338.769
3339.085
3339.401
3339.717
3340.033
3340.349
3340.665
3340.981
3341.289
3341.289
3341.289
3341.289
3341.289
3341.289
3341.289
3341.289
3341.289
3341.289
3341.289
3341.289
3341.289
3341.289
