72.409
72.73
73.051
73.372
73.693
74.014
74.335
74.656
74.977
75.298
75.619
75.94
76.261
76.582
76.903
77.224
77.545
77.866
78.18
78.562
78.944
79.326
79.708
80.09
80.472
80.854
81.236
81.618
82.0
82.382
82.77
82.993
83.216
83.439
83.662
83.885
84.108
84.331
84.554
84.777
85.0
85.223
85.446
85.669
85.892
86.115
86.338
86.561
86.789
87.044
87.299
87.554
87.809
88.064
88.319
88.574
88.829
89.084
89.339
89.594
89.849
90.104
90.359
90.614
90.869
91.124
91.379
91.64
92.019
92.398
92.777
93.156
93.535
93.914
94.293
94.672
95.051
95.43
95.809
96.188
96.567
96.946
97.325
97.704
98.083
98.462
98.84
99.103
99.366
99.629
99.892
100.155
100.418
100.681
100.944
101.207
101.47
101.733
101.996
102.259
102.522
102.78
103.249
103.718
104.187
104.656
105.125
105.594
106.063
106.532
107.001
107.47
107.939
108.408
108.877
109.346
109.815
110.284
110.75
111.4
112.05
112.7
113.35
114.0
114.649
115.065
115.481
115.897
116.313
116.729
117.145
117.561
117.977
118.393
118.809
119.225
119.641
120.057
120.473
120.889
121.305
121.721
122.137
122.549
122.852
123.155
123.458
123.761
124.064
124.367
124.67
124.973
125.276
125.579
125.882
126.185
126.488
126.791
127.094
127.397
127.7
128.003
128.31
128.556
128.802
129.048
129.294
129.54
129.786
130.032
130.278
130.524
130.77
131.016
131.262
131.508
131.754
132.0
132.246
132.492
132.738
132.984
133.23
133.541
133.852
134.163
134.474
134.785
135.096
135.407
135.718
136.029
136.34
136.651
136.962
137.273
137.584
137.895
138.206
138.51
139.51
139.794
140.078
140.362
140.646
140.93
141.214
141.498
141.782
142.066
142.35
142.634
142.918
143.202
143.486
143.77
144.054
144.338
144.622
144.901
145.375
145.849
146.323
146.797
147.271
147.745
148.219
148.693
149.167
149.641
150.115
150.589
151.063
151.537
152.011
152.485
152.959
153.433
153.907
154.381
154.849
155.231
155.613
155.995
156.377
156.759
157.141
157.523
157.905
158.287
158.669
159.051
159.433
159.815
160.197
160.579
160.961
161.343
161.72
161.97
162.22
162.47
162.72
162.946
163.172
163.398
163.624
163.85
164.076
164.302
164.528
164.754
164.98
165.206
165.432
165.658
165.884
166.11
166.337
166.563
166.789
167.015
167.25
167.778
168.306
168.834
169.362
169.89
170.418
170.946
171.474
172.002
172.53
173.058
173.586
174.114
174.642
175.17
175.698
176.226
176.754
177.282
177.81
178.329
178.634
178.939
179.244
179.549
179.854
180.159
180.464
180.769
181.074
181.379
181.684
181.989
182.294
182.599
182.904
183.209
183.52
183.925
184.33
184.735
185.14
185.545
185.95
186.355
186.76
187.165
187.57
187.975
188.38
188.785
189.19
189.595
190.0
190.405
190.81
190.953
191.096
191.239
191.382
191.525
191.668
191.811
191.954
192.097
192.24
192.383
192.526
192.669
192.812
192.955
193.098
193.241
193.379
193.689
193.999
194.309
194.619
194.929
195.239
195.549
195.859
196.169
196.479
196.789
197.099
197.409
197.719
198.029
198.339
198.649
198.959
199.269
199.579
200.393
201.207
202.021
202.835
203.649
204.463
205.277
206.091
206.905
207.719
208.533
209.347
210.161
210.975
211.789
212.603
213.417
214.231
215.039
215.273
215.507
215.741
215.975
216.209
216.443
216.677
216.911
217.145
217.379
217.613
217.847
218.081
218.315
218.549
218.783
219.017
219.251
219.48
219.838
220.196
220.554
220.912
221.27
221.628
221.986
222.344
222.702
223.06
223.418
223.776
224.134
224.492
224.85
225.208
225.566
225.919
226.3
226.681
227.062
227.443
227.824
228.205
228.586
228.967
229.348
229.729
230.11
230.491
230.872
231.253
231.634
232.009
232.62
233.231
233.842
234.453
235.064
235.675
236.286
236.897
237.508
238.119
238.73
239.341
239.952
240.563
241.174
241.785
242.389
242.71
243.031
243.352
243.673
243.994
244.315
244.636
244.957
245.278
245.599
245.92
246.241
246.562
246.883
247.204
247.525
247.846
248.167
248.488
248.809
249.13
249.46
249.816
250.172
250.528
250.884
251.24
251.596
251.952
252.308
252.664
253.02
253.376
253.732
254.088
254.444
254.8
255.156
255.512
255.868
256.224
256.58
256.94
257.18
257.42
257.66
257.9
258.14
258.38
258.62
258.86
259.1
259.34
259.58
259.82
260.06
260.3
260.54
260.78
261.02
261.26
261.509
261.774
262.039
262.304
262.569
262.834
263.099
263.364
263.629
263.894
264.159
264.424
264.689
264.954
265.219
265.484
265.749
266.014
266.279
266.544
266.81
267.176
267.542
267.908
268.274
268.64
269.006
269.372
269.738
270.104
270.47
270.836
271.202
271.568
271.934
272.3
272.666
273.032
273.398
273.764
274.13
274.49
275.014
275.538
276.062
276.586
277.11
277.634
278.158
278.682
279.206
279.73
280.254
280.778
281.302
281.826
282.35
282.874
283.398
283.922
284.446
284.96
285.247
285.534
285.821
286.108
286.395
286.682
286.969
287.256
287.543
287.83
288.117
288.404
288.691
288.978
289.265
289.552
289.839
290.126
290.413
290.7
291.7
292.249
292.798
293.347
293.896
294.445
294.994
295.543
296.092
296.641
297.19
297.739
298.288
298.837
299.386
299.935
300.484
301.033
301.582
302.13
302.95
303.77
304.59
305.41
306.23
307.05
307.87
308.69
309.51
310.33
311.15
311.97
312.79
313.61
314.43
315.25
316.069
316.38
316.691
317.002
317.313
317.624
317.935
318.246
318.557
318.868
319.179
319.49
319.801
320.112
320.423
320.734
321.045
321.356
321.667
321.98
322.537
323.094
323.651
324.208
324.765
325.322
325.879
326.436
326.993
327.55
328.107
328.664
329.221
329.778
330.335
330.892
331.449
332.006
332.563
333.12
333.36
333.6
333.84
334.08
334.32
334.56
334.8
335.04
335.28
335.52
335.943
336.366
336.789
337.212
337.635
338.058
338.481
338.904
339.327
339.75
340.173
340.596
341.019
341.44
341.822
342.204
342.586
342.968
343.35
343.732
344.114
344.496
344.878
345.26
345.642
346.024
346.406
346.788
347.17
347.552
347.93
348.377
348.825
349.272
349.719
350.166
350.613
351.06
351.507
351.954
352.401
352.849
353.296
353.743
354.19
354.637
355.09
355.922
356.754
357.586
358.418
359.25
360.082
360.914
361.746
362.578
363.41
364.242
365.074
365.906
366.738
367.57
368.402
369.23
369.856
370.482
371.108
371.734
372.36
372.986
373.612
374.238
374.864
375.49
376.116
376.742
377.368
377.994
378.62
379.246
379.872
380.498
381.12
381.776
382.432
383.088
383.744
384.4
385.056
385.712
386.368
387.024
387.68
388.336
388.992
389.648
390.304
390.96
391.616
392.272
392.92
393.233
393.546
393.859
394.172
394.486
394.799
395.112
395.425
395.738
396.051
396.364
396.677
396.99
397.303
397.616
397.929
398.242
398.555
398.868
399.19
399.738
400.286
400.834
401.382
401.93
402.478
403.026
403.574
404.12
404.517
404.914
405.311
405.708
406.105
406.502
406.899
407.296
407.693
408.09
408.487
408.884
409.281
409.678
410.075
410.472
410.869
411.266
411.663
412.06
412.46
412.913
413.366
413.819
414.272
414.725
415.178
415.631
416.084
416.537
416.99
417.443
417.896
418.349
418.802
419.255
419.708
420.161
420.614
421.067
421.52
423.583
425.646
427.709
429.772
431.835
433.898
435.961
438.024
440.087
442.15
444.213
446.276
448.34
448.868
449.396
449.924
450.452
450.98
451.508
452.036
452.564
453.092
453.62
454.148
454.676
455.204
455.732
456.26
456.788
457.316
457.844
458.372
458.9
459.43
460.166
460.902
461.638
462.374
463.11
463.846
464.582
465.318
466.054
466.79
467.526
468.262
468.998
469.734
470.47
471.206
471.942
472.678
473.414
474.15
474.889
475.205
475.521
475.837
476.153
476.469
476.785
477.101
477.417
477.733
478.049
478.365
478.681
478.997
479.313
479.629
479.95
480.489
481.028
481.567
482.106
482.645
483.184
483.723
484.262
484.801
485.34
485.879
486.418
486.957
487.496
488.035
488.574
489.113
489.65
490.267
490.884
491.501
492.118
492.735
493.352
493.969
494.586
495.203
495.82
496.437
497.054
497.671
498.288
498.905
499.52
499.816
500.112
500.408
500.704
501.0
501.296
501.592
501.888
502.184
502.48
502.776
503.072
503.368
503.664
503.96
504.256
504.552
504.848
505.144
505.449
505.909
506.369
506.829
507.289
507.749
508.209
508.669
509.129
509.589
510.049
510.509
510.969
511.429
511.889
512.349
512.809
513.269
513.729
514.19
514.673
515.156
515.639
516.122
516.605
517.088
517.571
518.054
518.537
519.019
519.338
519.657
519.976
520.295
520.614
520.933
521.252
521.571
521.89
522.209
522.528
522.847
523.166
523.485
523.804
524.123
524.442
524.761
525.08
525.399
525.71
527.528
529.346
531.164
532.982
534.8
536.618
538.436
540.254
542.072
543.89
545.708
547.526
549.344
551.162
552.98
554.798
556.616
558.44
558.931
559.422
559.913
560.404
560.894
561.385
561.875
562.365
562.856
563.346
563.837
564.327
564.817
565.308
565.798
566.288
566.779
567.269
567.76
568.25
568.763
569.276
569.789
570.302
570.815
571.328
571.841
572.354
572.867
573.38
573.893
574.406
574.919
575.432
575.945
576.458
576.971
577.48
578.101
578.722
579.343
579.964
580.585
581.206
581.827
582.448
583.069
583.69
584.311
584.932
585.553
586.174
586.795
587.416
588.029
589.017
590.005
590.993
591.981
592.969
593.957
594.945
595.933
596.921
597.909
598.897
599.885
600.873
601.861
602.849
603.837
604.825
605.813
606.8
608.197
609.594
610.991
612.389
614.033
615.677
617.321
618.965
620.609
622.253
623.897
625.541
627.185
628.829
630.473
632.117
633.761
635.405
637.049
638.693
640.337
641.981
643.619
643.968
644.317
644.666
645.015
645.364
645.713
646.062
646.411
646.76
647.109
647.458
647.807
648.156
648.505
648.854
649.203
649.552
649.901
650.249
650.706
651.163
651.62
652.077
652.534
652.991
653.448
653.905
654.362
654.819
655.276
655.733
656.19
656.647
657.104
657.561
658.018
658.475
658.932
659.39
659.806
660.222
660.638
661.054
661.47
661.886
662.302
662.718
663.134
663.55
663.966
664.382
664.798
665.214
665.63
666.046
666.459
666.804
667.149
667.494
667.839
668.184
668.529
668.874
669.219
669.564
669.909
670.254
670.599
670.944
671.289
671.634
671.979
672.324
672.67
673.038
673.406
673.774
674.142
674.51
674.878
675.246
675.614
675.982
676.35
676.718
677.086
677.454
677.822
678.19
678.558
678.926
679.294
679.66
680.525
681.39
682.255
683.12
683.985
684.85
685.715
686.58
687.445
688.31
689.175
690.04
690.91
691.236
691.562
691.888
692.214
692.54
692.866
693.192
693.518
693.844
694.17
694.496
694.82
695.219
695.618
696.017
696.416
696.815
697.214
697.613
698.012
698.411
698.81
699.209
699.608
700.007
700.406
700.805
701.204
701.603
702.002
702.41
702.694
702.978
703.262
703.546
703.83
704.114
704.398
704.682
704.966
705.25
705.534
705.818
706.1
706.312
706.524
706.736
706.948
707.16
707.372
707.584
707.796
708.008
708.22
708.432
708.644
708.856
709.068
709.28
709.492
709.704
709.916
710.13
710.412
710.694
710.976
711.258
711.54
711.822
712.104
712.386
712.668
712.95
713.232
713.514
713.796
714.079
714.345
714.611
714.877
715.143
715.409
715.675
715.941
716.207
716.473
716.739
717.005
717.271
717.537
717.803
718.069
718.335
718.601
718.867
719.129
719.525
719.921
720.317
720.713
721.109
721.505
721.901
722.297
722.693
723.089
723.485
723.881
724.277
724.673
725.069
725.465
725.861
726.257
726.653
727.04
727.508
727.976
728.444
728.912
729.38
729.848
730.316
730.784
731.252
731.72
732.188
732.656
733.124
733.592
734.06
734.528
734.999
735.332
735.665
735.998
736.331
736.664
736.997
737.33
737.663
737.996
738.329
738.662
738.995
739.328
739.661
739.994
740.327
740.66
740.999
741.802
742.605
743.408
744.211
745.014
745.817
746.619
747.026
747.433
747.84
748.247
748.654
749.061
749.468
749.875
750.282
750.689
751.096
751.503
751.91
752.317
752.724
753.131
753.538
753.945
754.352
754.759
755.262
755.765
756.268
756.771
757.274
757.777
758.28
758.783
759.286
759.79
760.028
760.266
760.504
760.742
760.98
761.218
761.456
761.694
761.932
762.17
762.408
762.646
762.884
763.122
763.36
763.598
763.836
764.079
764.527
764.975
765.423
765.871
766.319
766.767
767.215
767.663
768.111
768.559
769.007
769.455
769.903
770.351
770.799
771.249
771.547
771.845
772.143
772.441
772.739
773.037
773.335
773.633
773.931
774.229
774.527
774.825
775.123
775.421
775.719
776.017
776.315
776.61
777.317
778.024
778.731
779.438
780.145
780.852
781.559
782.266
782.973
783.68
784.387
785.094
785.801
786.508
787.215
787.922
788.629
789.329
789.704
790.079
790.454
790.829
791.204
791.579
791.954
792.329
792.704
793.079
793.454
793.829
794.204
794.579
794.959
795.223
795.487
795.751
796.015
796.279
796.543
796.807
797.071
797.335
797.599
797.863
798.127
798.391
798.655
798.919
799.183
799.449
800.527
801.605
802.683
803.761
804.839
805.917
806.995
808.073
809.151
810.229
811.307
812.39
812.745
813.1
813.455
813.81
814.165
814.52
814.875
815.23
815.585
815.94
816.295
816.65
817.005
817.36
817.715
818.07
818.425
818.78
819.135
819.49
819.845
820.2
820.559
821.014
821.469
821.924
822.379
822.834
823.289
823.744
824.199
824.654
825.109
825.564
826.019
826.474
826.929
827.384
827.839
828.294
828.749
829.204
829.659
831.611
833.563
835.515
837.467
839.419
841.371
843.323
845.275
847.227
849.179
851.131
853.083
855.029
855.257
855.485
855.713
855.941
856.169
856.397
856.625
856.853
857.081
857.309
857.537
857.765
857.993
858.221
858.449
858.677
858.901
859.57
860.239
860.908
861.577
862.246
862.915
863.584
864.253
864.922
865.591
866.26
866.929
867.598
868.269
868.693
869.117
869.541
869.966
870.39
870.814
871.238
871.663
872.087
872.511
872.935
873.359
873.784
874.208
874.632
875.056
875.481
875.91
876.389
876.868
877.347
877.826
878.305
878.784
879.263
879.742
880.221
880.7
881.179
881.658
882.137
882.616
883.095
883.574
884.053
884.532
885.019
885.22
885.421
885.622
885.823
886.024
886.225
886.426
886.627
886.828
887.029
887.23
887.431
887.632
887.833
888.034
888.234
889.159
890.084
891.009
891.934
892.859
893.784
894.709
895.119
895.529
895.939
896.349
896.759
897.169
897.579
897.989
898.399
898.809
899.219
899.629
900.039
900.449
900.859
901.269
901.679
902.089
902.739
903.389
904.039
904.689
905.339
905.989
906.639
907.033
907.427
907.821
908.215
908.609
909.003
909.397
909.791
910.185
910.579
910.973
911.367
911.761
912.155
912.549
912.943
913.337
913.73
914.06
914.39
914.72
915.05
915.38
915.71
916.04
916.37
916.7
917.03
917.36
917.69
918.02
918.35
918.68
919.01
919.34
919.67
920.0
920.329
920.581
920.833
921.085
921.337
921.589
921.841
922.093
922.345
922.597
922.849
923.101
923.353
923.605
923.857
924.109
924.361
924.613
924.86
925.196
925.532
925.868
926.204
926.54
926.876
927.212
927.548
927.884
928.22
928.556
928.892
929.228
929.564
929.9
930.236
930.572
930.908
931.24
931.58
931.92
932.26
932.6
932.94
933.28
933.62
933.96
934.3
934.64
934.98
935.32
935.66
936.0
936.34
936.68
937.02
937.36
937.7
938.049
938.365
938.681
938.997
939.313
939.629
939.945
940.261
940.577
940.893
941.209
941.525
941.841
942.157
942.473
942.789
943.105
943.421
943.737
944.053
944.369
944.619
944.869
945.119
945.369
945.619
945.869
946.119
946.369
946.619
946.869
947.119
947.369
947.619
947.869
948.119
948.369
948.619
948.869
949.119
949.36
949.837
950.314
950.791
951.268
951.745
952.222
952.699
953.176
953.653
954.13
954.607
955.084
955.561
956.04
956.229
956.418
956.607
956.796
956.985
957.174
957.363
957.552
957.741
957.93
958.119
958.308
958.497
958.686
958.875
959.059
959.272
959.485
959.698
959.911
960.124
960.337
960.55
960.763
960.976
961.189
961.402
961.615
961.828
962.041
962.254
962.467
962.68
962.893
963.1
963.356
963.612
963.868
964.124
964.38
964.636
964.892
965.148
965.404
965.66
965.916
966.172
966.428
966.679
967.106
967.533
967.96
968.387
968.814
969.241
969.668
970.095
970.522
970.949
971.376
971.803
972.23
972.657
973.089
973.686
974.283
974.88
975.477
976.074
976.671
977.268
977.865
978.462
979.059
979.656
980.253
980.85
981.447
982.049
982.269
982.489
982.709
982.929
983.149
983.369
983.589
983.809
984.029
984.249
984.469
984.689
984.909
985.129
985.349
985.569
985.789
986.009
986.23
986.411
986.592
986.773
986.954
987.135
987.316
987.497
987.678
987.859
988.04
988.221
988.402
988.583
988.764
988.945
989.126
989.307
989.488
989.66
990.03
990.4
990.77
991.14
991.51
991.88
992.25
992.62
992.99
993.36
993.73
994.1
994.47
994.84
995.21
995.58
995.95
996.32
996.69
997.051
997.29
997.529
997.768
998.007
998.246
998.485
998.724
998.963
999.202
999.441
999.68
999.919
1000.158
1000.397
1000.636
1000.875
1001.114
1001.36
1002.237
1003.114
1003.991
1004.868
1005.745
1006.622
1007.499
1008.376
1009.253
1010.13
1011.007
1011.884
1012.761
1013.638
1014.509
1014.979
1015.449
1015.919
1016.389
1016.859
1017.329
1017.799
1018.269
1018.739
1019.209
1019.679
1020.149
1020.619
1021.089
1021.559
1022.029
1022.499
1022.969
1023.439
1024.014
1024.589
1025.164
1025.739
1026.314
1026.889
1027.464
1028.04
1028.316
1028.592
1028.868
1029.144
1029.42
1029.696
1029.972
1030.248
1030.524
1030.8
1031.076
1031.352
1031.628
1031.904
1032.18
1032.456
1032.732
1033.008
1033.28
1033.403
1033.526
1033.649
1033.772
1033.895
1034.018
1034.141
1034.264
1034.387
1034.51
1034.633
1034.756
1034.879
1035.002
1035.125
1035.248
1035.371
1035.5
1035.826
1036.152
1036.478
1036.804
1037.13
1037.456
1037.782
1038.108
1038.434
1038.76
1039.086
1039.412
1039.738
1040.064
1040.39
1040.716
1041.04
1041.493
1041.946
1042.4
1043.47
1044.54
1045.61
1046.68
1047.75
1048.82
1049.89
1050.96
1052.03
1053.1
1054.17
1055.24
1056.31
1057.38
1058.45
1059.52
1060.59
1061.66
1062.73
1063.208
1063.686
1064.164
1064.642
1065.12
1065.598
1066.076
1066.554
1067.032
1067.51
1067.988
1068.466
1068.944
1069.422
1069.9
1070.378
1070.86
1071.02
1071.18
1071.34
1071.5
1071.66
1071.82
1071.98
1072.14
1072.3
1072.46
1072.62
1072.78
1072.94
1073.1
1073.26
1073.42
1073.58
1073.74
1073.9
1074.06
1074.21
1074.523
1074.836
1075.149
1075.462
1075.775
1076.088
1076.401
1076.714
1077.027
1077.34
1077.65
1078.003
1078.356
1078.709
1079.062
1079.415
1079.768
1080.121
1080.474
1080.827
1081.18
1081.533
1081.886
1082.239
1082.592
1082.945
1083.299
1083.826
1084.353
1084.88
1085.407
1085.934
1086.461
1086.988
1087.515
1088.042
1088.569
1089.096
1089.623
1090.15
1090.677
1091.204
1091.731
1092.258
1092.79
1096.245
1099.7
1103.155
1106.61
1110.065
1113.52
1116.975
1120.43
1123.885
1127.34
1130.795
1134.25
1137.705
1141.16
1144.61
1144.807
1145.004
1145.201
1145.398
1145.595
1145.792
1145.989
1146.186
1146.383
1146.58
1146.777
1146.974
1147.17
1147.504
1147.838
1148.172
1148.506
1148.84
1149.174
1149.508
1149.842
1150.176
1150.51
1150.844
1151.178
1151.512
1151.846
1152.18
1152.514
1152.848
1153.182
1153.52
1154.122
1154.724
1155.326
1155.928
1156.53
1157.132
1157.734
1158.336
1158.938
1159.54
1160.142
1160.744
1161.346
1161.948
1162.55
1162.697
1162.844
1162.991
1163.138
1163.285
1163.432
1163.579
1163.726
1163.873
1164.02
1164.167
1164.314
1164.461
1164.608
1164.755
1164.902
1165.041
1165.166
1165.291
1165.416
1165.541
1165.666
1165.791
1165.916
1166.041
1166.683
1167.325
1167.967
1168.609
1169.251
1169.893
1170.535
1171.177
1171.819
1172.461
1173.103
1173.745
1174.387
1175.029
1175.67
1175.916
1176.162
1176.408
1176.654
1176.9
1177.146
1177.392
1177.638
1177.884
1178.13
1178.376
1178.622
1178.868
1179.114
1179.36
1179.606
1179.852
1180.1
1180.569
1181.038
1181.507
1181.976
1182.445
1182.914
1183.383
1183.852
1184.321
1184.79
1185.259
1185.728
1186.197
1186.666
1187.135
1187.604
1188.073
1188.54
1188.762
1188.984
1189.206
1189.428
1189.65
1189.872
1190.094
1190.316
1190.538
1190.76
1190.982
1191.204
1191.426
1191.648
1191.87
1192.092
1192.314
1192.536
1192.758
1192.98
1193.202
1193.424
1193.64
1194.008
1194.376
1194.744
1195.112
1195.48
1195.848
1196.216
1196.584
1196.952
1197.32
1197.688
1198.056
1198.424
1198.792
1199.16
1199.528
1199.896
1200.264
1200.632
1201.0
1201.36
1201.576
1201.792
1202.008
1202.224
1202.44
1202.656
1202.872
1203.088
1203.304
1203.52
1203.736
1203.952
1204.168
1204.384
1204.6
1204.816
1205.032
1205.248
1205.464
1205.68
1205.89
1206.001
1206.111
1206.222
1206.332
1206.443
1206.553
1206.664
1206.774
1206.884
1206.995
1207.105
1207.216
1207.326
1207.437
1207.547
1207.658
1207.768
1207.879
1207.989
1208.1
1208.293
1208.486
1208.679
1208.872
1209.065
1209.258
1209.451
1209.644
1209.837
1210.03
1210.223
1210.416
1210.609
1210.802
1210.995
1211.188
1211.381
1211.574
1211.767
1211.95
1212.887
1213.824
1214.761
1215.698
1216.635
1217.572
1218.51
1218.768
1219.026
1219.284
1219.542
1219.8
1220.058
1220.316
1220.574
1220.832
1221.09
1221.348
1221.61
1222.007
1222.404
1222.801
1223.198
1223.595
1223.992
1224.389
1224.786
1225.183
1225.58
1225.977
1226.374
1226.771
1227.168
1227.565
1227.962
1228.359
1228.756
1229.153
1229.55
1230.082
1230.614
1231.146
1231.678
1232.21
1232.742
1233.274
1233.806
1234.338
1234.87
1235.402
1235.934
1236.466
1236.998
1237.53
1238.062
1238.594
1239.13
1239.546
1239.962
1240.378
1240.794
1241.21
1241.626
1242.042
1242.458
1242.874
1243.29
1243.706
1244.122
1244.538
1244.954
1245.37
1245.786
1246.202
1246.618
1247.04
1247.319
1247.598
1247.877
1248.156
1248.435
1248.714
1248.993
1249.272
1249.551
1249.83
1250.109
1250.388
1250.667
1250.946
1251.225
1251.504
1251.783
1252.06
1252.605
1253.15
1253.695
1254.24
1254.785
1255.33
1255.875
1256.42
1256.965
1257.51
1258.055
1258.6
1259.145
1259.69
1260.235
1260.78
1261.33
1261.826
1262.322
1262.818
1263.314
1263.81
1264.306
1264.802
1265.298
1265.794
1266.29
1266.786
1267.282
1267.778
1268.274
1268.77
1269.266
1269.762
1270.258
1270.754
1271.25
1271.746
1272.24
1273.24
1273.509
1273.778
1274.047
1274.316
1274.585
1274.854
1275.123
1275.392
1275.661
1275.93
1276.199
1276.468
1276.737
1277.006
1277.275
1277.544
1277.813
1278.082
1278.36
1278.77
1279.18
1279.59
1280.0
1280.41
1280.82
1281.23
1281.64
1282.05
1282.46
1282.87
1283.28
1283.772
1284.264
1284.756
1285.248
1285.74
1286.232
1286.724
1287.216
1287.708
1288.2
1288.692
1289.184
1289.676
1290.168
1290.66
1291.152
1291.644
1292.136
1292.62
1293.162
1293.704
1294.246
1294.788
1295.33
1295.872
1296.414
1296.956
1297.498
1298.04
1298.582
1299.124
1299.666
1300.208
1300.75
1301.292
1301.834
1302.376
1302.91
1303.36
1303.81
1304.26
1304.71
1305.16
1305.61
1306.06
1306.51
1306.96
1307.41
1308.315
1309.22
1310.125
1311.03
1311.935
1312.84
1313.745
1314.65
1315.555
1316.46
1317.365
1318.27
1319.175
1320.08
1320.985
1321.89
1322.795
1323.7
1324.605
1325.51
1326.415
1327.32
1328.225
1329.13
1330.03
1331.214
1332.398
1333.582
1334.766
1335.95
1337.134
1338.318
1339.502
1340.69
1341.252
1341.814
1342.376
1342.938
1343.5
1344.062
1344.624
1345.186
1345.748
1346.31
1346.872
1347.434
1347.996
1348.558
1349.12
1349.682
1350.244
1350.8
1351.306
1351.812
1352.318
1352.824
1353.33
1353.836
1354.342
1354.848
1355.354
1355.86
1356.366
1356.872
1357.378
1357.89
1358.361
1358.832
1359.303
1359.774
1360.245
1360.716
1361.187
1361.658
1362.129
1362.6
1363.071
1363.542
1364.013
1364.484
1364.955
1365.43
1365.923
1366.416
1366.909
1367.402
1367.895
1368.388
1368.881
1369.374
1369.867
1370.36
1370.853
1371.346
1371.839
1372.332
1372.825
1373.318
1373.811
1374.3
1379.35
1379.592
1379.834
1380.076
1380.318
1380.56
1380.802
1381.044
1381.286
1381.528
1381.77
1382.012
1382.254
1382.496
1382.738
1382.98
1383.222
1383.47
1383.847
1384.224
1384.601
1384.978
1385.355
1385.732
1386.109
1386.486
1386.863
1387.24
1387.617
1387.994
1388.371
1388.748
1389.125
1389.502
1389.879
1390.25
1390.634
1391.018
1391.402
1391.786
1392.17
1392.554
1392.938
1393.322
1393.706
1394.09
1394.474
1394.858
1395.242
1395.626
1396.01
1396.394
1396.77
1397.261
1397.752
1398.243
1398.734
1399.225
1399.716
1400.207
1400.698
1401.19
1401.396
1401.602
1401.808
1402.014
1402.22
1402.426
1402.632
1402.838
1403.044
1403.25
1403.456
1403.662
1403.868
1404.074
1404.28
1404.486
1404.69
1405.178
1405.666
1406.154
1406.642
1407.13
1407.618
1408.106
1408.594
1409.082
1409.57
1410.058
1410.55
1410.772
1410.994
1411.216
1411.438
1411.66
1411.882
1412.104
1412.326
1412.548
1412.77
1412.992
1413.214
1413.436
1413.658
1413.88
1414.102
1414.32
1414.871
1415.422
1415.973
1416.524
1417.075
1417.626
1418.177
1418.728
1419.279
1419.83
1420.381
1420.932
1421.483
1422.034
1422.585
1423.13
1423.546
1423.962
1424.378
1424.794
1425.21
1425.626
1426.042
1426.458
1426.874
1427.29
1427.706
1428.122
1428.538
1428.95
1429.226
1429.502
1429.778
1430.054
1430.33
1430.606
1430.882
1431.16
1431.849
1432.538
1433.227
1433.916
1434.605
1435.294
1435.983
1436.672
1437.361
1438.05
1438.739
1439.428
1440.117
1440.8
1441.599
1442.398
1443.197
1443.996
1444.795
1445.594
1446.393
1447.192
1447.991
1448.79
1449.589
1450.388
1451.187
1451.986
1452.785
1453.59
1453.92
1454.25
1454.58
1454.91
1455.24
1455.57
1455.9
1456.23
1456.56
1456.89
1457.22
1457.55
1457.88
1458.21
1458.54
1458.87
1459.132
1459.394
1459.656
1459.918
1460.18
1460.442
1460.704
1460.966
1461.228
1461.49
1461.752
1462.014
1462.276
1462.538
1462.8
1463.062
1463.324
1463.58
1463.973
1464.366
1464.759
1465.152
1465.545
1465.938
1466.331
1466.724
1467.117
1467.51
1467.903
1468.296
1468.689
1469.082
1469.475
1469.87
1470.216
1470.562
1470.908
1471.254
1471.6
1471.946
1472.292
1472.638
1472.984
1473.33
1473.676
1474.022
1474.368
1474.714
1475.06
1475.406
1475.75
1476.074
1476.398
1476.722
1477.046
1477.37
1477.694
1478.018
1478.342
1478.666
1478.99
1479.314
1479.638
1479.962
1480.286
1480.61
1481.127
1481.644
1482.161
1482.678
1483.195
1483.712
1484.229
1484.746
1485.263
1485.78
1486.297
1486.814
1487.331
1487.848
1488.365
1488.882
1489.399
1489.92
1490.311
1490.702
1491.093
1491.484
1491.875
1492.266
1492.657
1493.05
1493.556
1494.062
1494.568
1495.074
1495.58
1496.086
1496.592
1497.098
1497.604
1498.11
1498.616
1499.122
1499.628
1500.14
1500.675
1501.21
1501.745
1502.28
1502.815
1503.35
1503.885
1504.42
1504.955
1505.49
1506.025
1506.56
1507.095
1507.63
1508.165
1508.7
1509.23
1509.541
1509.852
1510.163
1510.474
1510.785
1511.096
1511.407
1511.718
1512.029
1512.34
1512.651
1512.962
1513.273
1513.584
1513.895
1514.206
1514.51
1514.732
1514.954
1515.176
1515.398
1515.62
1515.842
1516.064
1516.286
1516.508
1516.73
1516.952
1517.174
1517.396
1517.62
1518.0
1518.38
1518.76
1519.14
1519.52
1519.9
1520.28
1520.66
1521.04
1521.42
1521.8
1522.18
1522.56
1522.94
1523.32
1523.609
1523.898
1524.187
1524.476
1524.765
1525.054
1525.343
1525.632
1525.921
1526.21
1526.499
1526.788
1527.077
1527.366
1527.66
1527.932
1528.204
1528.476
1528.748
1529.02
1529.292
1529.564
1529.836
1530.108
1530.38
1530.652
1530.924
1531.196
1531.468
1531.74
1532.012
1532.28
1532.756
1533.232
1533.708
1534.184
1534.66
1535.003
1535.346
1535.689
1536.032
1536.375
1536.718
1537.061
1537.404
1537.747
1538.09
1538.433
1538.776
1539.119
1539.462
1539.805
1540.148
1540.491
1540.841
1541.282
1541.723
1542.164
1542.605
1543.046
1543.487
1543.928
1544.369
1544.81
1545.251
1545.692
1546.133
1546.574
1547.015
1547.456
1547.9
1548.369
1548.838
1549.307
1549.776
1550.245
1550.714
1551.183
1551.652
1552.121
1552.59
1553.059
1553.528
1553.997
1554.466
1554.935
1555.41
1558.228
1561.046
1563.864
1566.682
1569.5
1571.97
1574.44
1575.926
1577.412
1578.898
1580.384
1581.87
1583.356
1584.842
1586.33
1587.115
1587.9
1588.685
1589.47
1590.255
1591.04
1591.825
1592.61
1593.395
1594.18
1594.965
1595.75
1596.535
1597.32
1598.105
1598.89
1599.68
1599.957
1600.235
1600.512
1600.789
1601.066
1601.343
1601.62
1601.897
1602.174
1602.451
1602.728
1603.01
1603.365
1603.72
1604.075
1604.43
1604.785
1605.14
1605.495
1605.85
1606.205
1606.56
1608.493
1610.426
1612.359
1614.292
1616.225
1618.158
1620.091
1622.024
1623.957
1625.89
1627.82
1628.445
1629.07
1629.695
1630.32
1630.945
1631.57
1632.195
1632.82
1633.445
1634.07
1634.695
1635.32
1635.94
1636.078
1636.216
1636.354
1636.492
1636.63
1636.768
1636.906
1637.044
1637.182
1637.32
1637.458
1637.596
1637.734
1637.872
1638.01
1638.148
1638.286
1638.424
1638.562
1638.7
1639.012
1639.324
1639.636
1639.948
1640.26
1640.572
1640.884
1641.196
1641.508
1641.82
1642.132
1642.444
1642.756
1643.068
1643.38
1643.692
1644.004
1644.316
1644.62
1644.859
1645.098
1645.337
1645.576
1645.815
1646.054
1646.293
1646.532
1646.771
1647.01
1647.249
1647.488
1647.727
1647.966
1648.205
1648.444
1648.683
1648.922
1649.16
1649.327
1649.494
1649.661
1649.828
1649.995
1650.162
1650.33
1650.495
1650.66
1650.826
1650.992
1651.158
1651.323
1651.489
1651.655
1651.821
1651.986
1652.152
1652.318
1652.484
1652.649
1652.814
1652.98
1653.146
1653.312
1653.477
1653.64
1653.919
1654.198
1654.477
1654.756
1655.035
1655.314
1655.593
1655.872
1656.151
1656.43
1656.709
1656.988
1657.267
1657.546
1657.825
1658.104
1658.383
1658.662
1658.941
1659.211
1659.525
1659.839
1660.153
1660.467
1660.781
1661.095
1661.409
1661.723
1662.037
1662.351
1662.665
1662.979
1663.293
1663.607
1663.921
1664.235
1664.549
1664.863
1665.18
1665.386
1665.592
1665.798
1666.004
1666.21
1666.416
1666.622
1666.828
1667.034
1667.24
1667.446
1667.652
1667.858
1668.064
1668.27
1668.476
1668.682
1668.888
1669.094
1669.3
1669.506
1669.712
1669.918
1670.12
1670.512
1670.904
1671.296
1671.688
1672.08
1672.472
1672.864
1673.256
1673.648
1674.04
1674.432
1674.824
1675.216
1675.608
1676.0
1676.392
1676.784
1677.176
1677.568
1677.96
1678.352
1678.744
1679.13
1679.354
1679.578
1679.802
1680.026
1680.25
1680.474
1680.698
1680.922
1681.146
1681.37
1681.594
1681.818
1682.042
1682.266
1682.49
1682.714
1682.938
1683.17
1683.385
1683.6
1683.815
1684.03
1684.245
1684.46
1684.675
1684.89
1685.105
1685.32
1685.535
1685.75
1685.965
1686.18
1686.395
1686.61
1686.825
1687.04
1687.255
1687.47
1687.685
1687.91
1688.142
1688.374
1688.606
1688.838
1689.07
1689.302
1689.534
1689.766
1689.998
1690.23
1690.462
1690.694
1690.926
1691.158
1691.39
1691.622
1691.854
1692.086
1692.318
1692.55
1692.782
1693.02
1693.134
1693.248
1693.362
1693.476
1693.59
1693.704
1693.818
1693.932
1694.046
1694.16
1694.274
1694.388
1694.502
1694.616
1694.73
1694.844
1694.958
1695.072
1695.186
1695.3
1695.414
1695.528
1695.642
1695.761
1696.381
1697.001
1697.621
1698.241
1698.861
1699.481
1700.101
1700.721
1701.341
1701.961
1702.581
1703.201
1703.821
1704.441
1705.061
1705.681
1706.301
1706.921
1707.541
1708.161
1708.781
1709.401
1710.03
1711.032
1712.034
1713.036
1714.038
1715.04
1716.042
1717.044
1718.046
1719.048
1720.05
1721.052
1722.054
1723.056
1724.058
1725.06
1726.062
1727.064
1728.066
1729.068
1730.07
1731.072
1732.074
1733.08
1733.345
1733.61
1733.875
1734.14
1734.405
1734.67
1734.935
1735.2
1735.465
1735.73
1735.995
1736.26
1736.525
1736.79
1737.055
1737.32
1737.59
1737.852
1738.114
1738.376
1738.638
1738.9
1739.162
1739.424
1739.686
1739.948
1740.21
1740.472
1740.734
1740.996
1741.258
1741.52
1741.782
1742.044
1742.306
1742.559
1743.014
1743.469
1743.924
1744.379
1744.834
1745.289
1745.744
1746.199
1746.654
1747.109
1747.564
1748.019
1748.474
1748.929
1749.384
1749.839
1750.294
1750.749
1751.21
1751.517
1751.824
1752.131
1752.438
1752.745
1753.052
1753.359
1753.666
1753.973
1754.28
1754.587
1754.894
1755.201
1755.508
1755.815
1756.122
1756.429
1756.736
1757.043
1757.35
1757.619
1757.888
1758.157
1758.426
1758.695
1758.964
1759.233
1759.502
1759.771
1760.04
1760.309
1760.578
1760.847
1761.116
1761.385
1761.654
1761.923
1762.192
1762.461
1762.73
1763.0
1764.037
1765.074
1766.11
1766.704
1767.298
1767.892
1768.486
1769.08
1769.674
1770.268
1770.862
1771.456
1772.05
1772.644
1773.238
1773.832
1774.426
1775.02
1775.614
1776.2
1776.506
1776.812
1777.118
1777.424
1777.73
1778.036
1778.342
1778.648
1778.954
1779.26
1779.566
1779.872
1780.178
1780.484
1780.79
1781.096
1781.402
1781.71
1781.976
1782.242
1782.508
1782.774
1783.04
1783.306
1783.572
1783.838
1784.104
1784.37
1784.636
1784.902
1785.168
1785.434
1785.7
1785.966
1786.232
1786.498
1786.764
1787.03
1787.523
1788.016
1788.509
1789.002
1789.495
1789.988
1790.481
1790.974
1791.467
1791.96
1792.453
1792.946
1793.439
1793.93
1794.562
1795.194
1795.826
1796.458
1797.09
1797.722
1798.354
1798.986
1799.618
1800.25
1800.882
1801.514
1802.146
1802.778
1803.41
1804.042
1804.674
1805.306
1805.94
1806.451
1806.962
1807.473
1807.984
1808.495
1809.006
1809.517
1810.028
1810.539
1811.05
1811.561
1812.072
1812.583
1813.094
1813.605
1814.116
1814.63
1814.992
1815.354
1815.716
1816.078
1816.44
1816.802
1817.164
1817.526
1817.888
1818.25
1818.612
1818.974
1819.336
1819.698
1820.06
1820.422
1820.79
1821.078
1821.366
1821.654
1821.942
1822.23
1822.518
1822.806
1823.094
1823.382
1823.67
1823.958
1824.246
1824.534
1824.822
1825.11
1825.398
1825.686
1825.97
1826.64
1827.31
1827.98
1828.65
1829.32
1829.99
1830.66
1831.33
1832.0
1832.67
1833.34
1834.01
1834.68
1835.35
1836.02
1836.758
1837.496
1838.234
1838.972
1839.71
1840.159
1840.608
1841.057
1841.506
1841.955
1842.404
1842.853
1843.302
1843.751
1844.2
1844.649
1845.098
1845.547
1845.996
1846.445
1846.89
1847.473
1848.056
1848.639
1849.222
1849.805
1850.388
1850.971
1851.554
1852.137
1852.72
1853.303
1853.886
1854.469
1855.052
1855.635
1856.218
1856.801
1857.38
1857.614
1857.848
1858.082
1858.316
1858.55
1858.784
1859.018
1859.252
1859.486
1859.72
1859.954
1860.188
1860.422
1860.656
1860.89
1861.124
1861.358
1861.6
1861.933
1862.266
1862.599
1862.932
1863.265
1863.598
1863.931
1864.264
1864.597
1864.93
1865.263
1865.596
1865.929
1866.262
1866.595
1866.93
1867.381
1867.832
1868.283
1868.734
1869.185
1869.636
1870.087
1870.538
1870.989
1871.44
1871.891
1872.342
1872.793
1873.244
1873.695
1874.146
1874.59
1875.097
1875.604
1876.111
1876.618
1877.125
1877.632
1878.139
1878.646
1879.153
1879.66
1880.167
1880.674
1881.181
1881.688
1882.19
1883.4
1883.863
1884.326
1884.789
1885.252
1885.715
1886.178
1886.641
1887.104
1887.567
1888.03
1888.493
1888.956
1889.419
1889.882
1890.35
1890.708
1891.066
1891.424
1891.782
1892.14
1892.498
1892.856
1893.214
1893.572
1893.93
1894.288
1894.646
1895.004
1895.362
1895.72
1896.08
1896.42
1896.76
1897.1
1897.44
1897.78
1898.12
1898.46
1898.8
1899.14
1899.48
1899.82
1900.16
1900.5
1900.84
1901.18
1901.52
1901.768
1902.016
1902.264
1902.512
1902.76
1903.008
1903.256
1903.504
1903.752
1904.0
1904.248
1904.496
1904.744
1904.992
1905.24
1905.488
1905.736
1905.99
1906.256
1906.522
1906.788
1907.054
1907.32
1907.586
1907.852
1908.118
1908.384
1908.65
1908.916
1909.182
1909.448
1909.714
1909.98
1910.246
1910.512
1910.77
1911.952
1913.134
1914.316
1915.498
1916.68
1917.862
1919.044
1920.226
1921.408
1922.59
1923.088
1923.586
1924.084
1924.582
1925.08
1925.578
1926.076
1926.574
1927.072
1927.57
1928.068
1928.566
1929.064
1929.562
1930.06
1930.558
1931.056
1931.554
1932.05
1932.496
1932.942
1933.388
1933.834
1934.28
1934.726
1935.172
1935.618
1936.064
1936.51
1936.956
1937.402
1937.848
1938.294
1938.74
1939.186
1939.632
1940.078
1940.53
1941.007
1941.484
1941.961
1942.438
1942.915
1943.392
1943.869
1944.346
1944.823
1945.3
1945.777
1946.254
1946.731
1947.208
1947.685
1948.162
1948.639
1949.12
1949.748
1950.376
1951.004
1951.632
1952.26
1952.888
1953.516
1954.144
1954.772
1955.4
1956.028
1956.656
1957.284
1957.912
1958.54
1959.168
1959.796
1960.424
1961.052
1961.68
1962.31
1962.665
1963.02
1963.375
1963.73
1964.085
1964.44
1964.795
1965.15
1965.505
1965.86
1966.215
1966.57
1966.925
1967.28
1967.635
1967.99
1968.345
1968.7
1969.05
1969.444
1969.838
1970.232
1970.626
1971.02
1971.414
1971.808
1972.202
1972.596
1972.99
1973.384
1973.778
1974.172
1974.566
1974.96
1975.354
1975.748
1976.142
1976.536
1976.929
1977.251
1977.573
1977.895
1978.217
1978.539
1978.861
1979.183
1979.505
1979.827
1980.149
1980.471
1980.793
1981.115
1981.437
1981.759
1982.081
1982.403
1982.73
1983.607
1984.484
1985.361
1986.238
1987.115
1987.992
1988.87
1989.408
1989.946
1990.484
1991.022
1991.56
1992.098
1992.636
1993.174
1993.712
1994.25
1994.788
1995.326
1995.864
1996.402
1996.94
1997.478
1998.016
1998.554
1999.092
1999.63
1999.987
2000.344
2000.701
2001.058
2001.415
2001.772
2002.129
2002.486
2002.843
2003.2
2003.557
2003.914
2004.27
2004.635
2005.0
2005.365
2005.73
2006.095
2006.46
2006.825
2007.19
2007.555
2007.92
2008.285
2008.65
2009.015
2009.38
2009.745
2010.11
2010.475
2010.84
2011.388
2011.936
2012.484
2013.032
2013.58
2014.128
2014.676
2015.224
2015.772
2016.32
2016.868
2017.416
2017.964
2018.51
2019.271
2020.032
2020.793
2021.554
2022.315
2023.076
2023.837
2024.598
2025.359
2026.12
2026.881
2027.642
2028.403
2029.164
2029.925
2030.686
2031.447
2032.208
2032.969
2033.73
2034.056
2034.382
2034.708
2035.034
2035.36
2035.686
2036.012
2036.338
2036.664
2036.99
2037.316
2037.642
2037.968
2038.294
2038.62
2038.946
2039.272
2039.598
2039.929
2040.212
2040.495
2040.778
2041.061
2041.344
2041.627
2041.91
2042.193
2042.476
2042.759
2043.042
2043.325
2043.608
2043.891
2044.174
2044.45
2044.808
2045.166
2045.524
2045.882
2046.24
2046.598
2046.956
2047.314
2047.672
2048.03
2048.388
2048.746
2049.11
2050.218
2051.326
2052.434
2053.542
2054.65
2055.758
2056.866
2057.974
2059.082
2060.19
2061.298
2062.406
2063.514
2064.622
2065.73
2066.838
2067.946
2069.054
2070.169
2070.527
2070.885
2071.243
2071.601
2071.959
2072.317
2072.675
2073.033
2073.391
2073.749
2074.107
2074.465
2074.823
2075.181
2075.539
2075.897
2076.255
2076.609
2077.166
2077.723
2078.28
2078.837
2079.394
2079.951
2080.508
2081.065
2081.622
2082.179
2082.736
2083.293
2083.85
2084.407
2084.964
2085.521
2086.078
2086.635
2087.192
2087.749
2088.31
2088.537
2088.764
2088.991
2089.218
2089.445
2089.672
2089.899
2090.126
2090.353
2090.58
2090.807
2091.034
2091.261
2091.488
2091.715
2091.942
2092.169
2092.396
2092.623
2092.85
2093.178
2093.506
2093.834
2094.162
2094.49
2094.818
2095.146
2095.474
2095.802
2096.129
2096.445
2096.761
2097.077
2097.393
2097.709
2098.025
2098.341
2098.657
2098.973
2099.289
2099.605
2099.92
2100.267
2100.614
2100.961
2101.308
2101.655
2102.002
2102.349
2102.696
2103.043
2103.39
2103.737
2104.084
2104.431
2104.778
2105.125
2105.472
2105.819
2106.166
2106.51
2106.826
2107.142
2107.458
2107.774
2108.09
2108.406
2108.722
2109.038
2109.354
2109.67
2109.986
2110.302
2110.618
2110.934
2111.25
2111.566
2111.882
2112.2
2112.587
2112.974
2113.361
2113.748
2114.135
2114.522
2114.909
2115.296
2115.683
2116.07
2116.457
2116.844
2117.231
2117.618
2118.005
2118.392
2118.779
2119.166
2119.553
2119.94
2120.327
2120.714
2121.101
2121.499
2122.552
2123.605
2124.658
2125.711
2126.764
2127.817
2128.87
2129.923
2130.976
2132.029
2133.082
2134.135
2135.188
2136.241
2137.294
2138.349
2139.349
2140.049
2140.749
2141.448
2142.148
2142.848
2143.548
2144.247
2144.947
2145.647
2146.347
2147.047
2147.747
2148.447
2149.147
2149.847
2150.547
2151.247
2151.947
2152.647
2153.339
2153.581
2153.823
2154.065
2154.307
2154.549
2154.791
2155.033
2155.275
2155.517
2155.759
2156.001
2156.243
2156.485
2156.727
2156.969
2157.211
2157.45
2157.698
2157.946
2158.194
2158.442
2158.69
2158.938
2159.186
2159.434
2159.682
2159.93
2160.178
2160.426
2160.674
2160.922
2161.17
2161.418
2161.666
2161.914
2162.162
2162.41
2162.658
2162.906
2163.16
2163.463
2163.766
2164.069
2164.372
2164.675
2164.978
2165.281
2165.584
2165.887
2166.19
2166.493
2166.796
2167.099
2167.402
2167.705
2168.008
2168.311
2168.614
2168.91
2169.34
2169.77
2170.2
2170.63
2171.06
2171.49
2171.92
2172.35
2172.78
2173.21
2173.64
2174.07
2174.499
2174.894
2175.289
2175.684
2176.079
2176.474
2176.869
2177.264
2177.659
2178.054
2178.449
2178.844
2179.239
2179.634
2180.029
2180.424
2180.819
2181.214
2181.609
2182.0
2182.613
2183.226
2183.839
2184.452
2185.065
2185.678
2186.291
2186.904
2187.517
2188.13
2188.743
2189.356
2189.969
2190.582
2191.2
2191.806
2192.412
2193.018
2193.624
2194.23
2194.836
2195.442
2196.048
2196.654
2197.26
2197.866
2198.472
2199.078
2199.684
2200.289
2200.529
2200.769
2201.009
2201.249
2201.489
2201.729
2201.969
2202.209
2202.449
2202.689
2202.929
2203.169
2203.409
2203.649
2203.889
2204.129
2204.369
2204.609
2204.849
2205.089
2205.288
2205.487
2205.686
2205.885
2206.084
2206.283
2206.482
2206.681
2206.88
2207.079
2207.278
2207.477
2207.676
2207.875
2208.074
2208.273
2208.472
2208.671
2208.87
2209.069
2209.268
2209.467
2209.666
2209.869
2210.17
2210.471
2210.772
2211.073
2211.374
2211.675
2211.976
2212.277
2212.578
2212.879
2213.18
2213.481
2213.782
2214.083
2214.384
2214.685
2214.986
2215.287
2215.588
2215.889
2216.19
2216.489
2216.914
2217.339
2217.764
2218.189
2218.614
2219.039
2219.464
2219.889
2220.314
2220.739
2221.164
2221.589
2222.014
2222.439
2222.864
2223.289
2223.712
2223.979
2224.246
2224.513
2224.78
2225.047
2225.314
2225.581
2225.848
2226.115
2226.382
2226.649
2226.916
2227.183
2227.45
2227.717
2227.98
2239.589
2239.956
2240.323
2240.69
2241.057
2241.424
2241.791
2242.158
2242.525
2242.892
2243.259
2243.626
2243.993
2244.36
2244.727
2245.094
2245.461
2245.828
2246.195
2246.562
2246.929
2247.3
2247.895
2248.49
2249.085
2249.68
2250.275
2250.87
2251.465
2252.06
2252.655
2253.25
2253.845
2254.44
2255.035
2255.63
2256.225
2256.82
2257.415
2258.01
2258.605
2259.2
2259.598
2259.996
2260.394
2260.792
2261.19
2261.588
2261.986
2262.384
2262.782
2263.18
2263.578
2263.976
2264.374
2264.772
2265.17
2265.568
2265.966
2266.364
2266.769
2266.921
2267.073
2267.225
2267.377
2267.529
2267.681
2267.833
2267.985
2268.137
2268.289
2268.441
2268.593
2268.745
2268.897
2269.049
2269.201
2269.353
2269.505
2269.657
2269.809
2269.97
2270.55
2271.13
2271.359
2271.588
2271.817
2272.046
2272.275
2272.504
2272.733
2272.962
2273.191
2273.42
2273.649
2273.878
2274.107
2274.336
2274.565
2274.794
2275.023
2275.252
2275.481
2275.71
2275.942
2276.174
2276.406
2276.638
2276.87
2277.102
2277.334
2277.566
2277.798
2278.03
2278.262
2278.494
2278.726
2278.958
2279.19
2279.422
2279.654
2279.886
2280.118
2280.35
2280.582
2280.819
2282.101
2283.383
2284.665
2285.947
2287.229
2288.509
2289.119
2289.729
2290.339
2290.949
2291.559
2292.169
2292.779
2293.389
2293.999
2294.609
2295.219
2295.829
2296.439
2297.049
2297.191
2297.333
2297.475
2297.617
2297.759
2297.901
2298.043
2298.185
2298.327
2298.469
2298.611
2298.753
2298.895
2299.037
2299.179
2299.321
2299.463
2299.605
2299.747
2299.889
2300.031
2300.173
2300.315
2300.457
2300.589
2302.433
2304.277
2306.121
2307.965
2309.809
2311.653
2313.497
2315.341
2317.185
2319.029
2320.873
2322.717
2324.561
2326.41
2328.405
2330.4
2330.857
2331.314
2331.771
2332.228
2332.685
2333.142
2333.599
2334.056
2334.513
2334.97
2335.427
2335.884
2336.341
2336.798
2337.255
2337.712
2338.169
2338.626
2339.079
2339.743
2340.407
2341.071
2341.735
2342.399
2343.062
2343.726
2344.39
2345.053
2345.716
2346.38
2347.044
2347.707
2348.37
2349.034
2349.698
2350.361
2351.024
2351.688
2352.349
2353.755
2355.161
2356.567
2357.973
2359.379
2360.785
2362.191
2363.597
2365.003
2366.409
2367.815
2369.221
2370.627
2372.033
2373.439
2374.845
2376.25
2376.787
2377.324
2377.861
2378.398
2378.935
2379.472
2380.009
2380.546
2381.083
2381.62
2382.157
2382.694
2383.231
2383.768
2384.309
2384.763
2385.217
2385.671
2386.125
2386.579
2387.033
2387.487
2387.941
2388.395
2388.849
2389.303
2389.757
2390.211
2390.665
2391.119
2391.585
2392.051
2392.517
2392.983
2393.449
2393.915
2394.381
2394.847
2395.313
2395.779
2396.245
2396.711
2397.177
2397.643
2398.109
2398.575
2399.041
2399.51
2400.093
2400.676
2401.259
2401.842
2402.425
2403.008
2403.591
2404.174
2404.757
2405.34
2405.923
2406.506
2407.089
2407.672
2408.259
2408.759
2409.259
2409.566
2409.873
2410.18
2410.487
2410.794
2411.101
2411.408
2411.715
2412.022
2412.329
2412.636
2412.943
2413.25
2413.557
2413.864
2414.171
2414.478
2414.789
2415.485
2416.181
2416.877
2417.573
2418.269
2418.965
2419.661
2420.357
2421.053
2421.749
2422.445
2423.141
2423.837
2424.533
2425.23
2425.627
2426.024
2426.421
2426.818
2427.215
2427.612
2428.009
2428.406
2428.803
2429.2
2429.597
2429.994
2430.391
2430.788
2431.185
2431.582
2431.979
2432.376
2432.779
2433.213
2433.647
2434.081
2434.515
2434.949
2435.383
2435.817
2436.251
2436.685
2437.119
2437.553
2437.987
2438.421
2438.855
2439.289
2439.723
2440.157
2440.599
2441.103
2441.607
2442.111
2442.615
2443.119
2443.623
2444.127
2444.631
2445.135
2445.639
2446.143
2446.647
2447.151
2447.655
2448.16
2448.721
2449.282
2449.843
2450.404
2450.965
2451.526
2452.087
2452.648
2453.209
2453.77
2454.331
2454.892
2455.453
2456.014
2456.575
2457.136
2457.697
2458.258
2458.819
2459.38
2459.95
2460.627
2461.304
2461.981
2462.658
2463.335
2464.012
2464.689
2465.366
2466.043
2466.72
2467.397
2468.074
2468.751
2469.428
2470.105
2470.782
2471.459
2472.136
2472.813
2473.499
2473.84
2474.181
2474.521
2474.861
2475.202
2475.543
2475.883
2476.224
2476.565
2476.905
2477.245
2477.586
2477.926
2478.266
2478.606
2478.947
2479.288
2479.628
2479.968
2480.309
2480.674
2481.039
2481.404
2481.769
2482.134
2482.499
2482.864
2483.229
2483.594
2483.959
2484.324
2484.689
2485.054
2485.419
2485.784
2486.149
2486.519
2486.831
2487.143
2487.455
2487.767
2488.079
2488.391
2488.703
2489.015
2489.327
2489.639
2489.951
2490.263
2490.575
2490.887
2491.199
2491.511
2491.823
2492.135
2492.447
2492.759
2493.071
2493.383
2493.695
2494.009
2494.302
2494.595
2494.887
2495.18
2495.472
2495.765
2496.057
2496.349
2496.851
2497.353
2497.855
2498.357
2498.859
2499.361
2499.863
2500.365
2500.867
2501.369
2501.871
2502.373
2502.875
2503.377
2503.879
2504.381
2504.88
2505.211
2505.542
2505.873
2506.204
2506.535
2506.866
2507.197
2507.528
2507.859
2508.19
2508.521
2508.852
2509.183
2509.514
2509.845
2510.176
2510.507
2510.838
2511.169
2511.5
2511.831
2512.162
2512.5
2512.926
2513.352
2513.778
2514.204
2514.63
2515.056
2515.482
2515.908
2516.334
2516.76
2517.19
2517.719
2518.248
2518.777
2519.306
2519.835
2520.364
2520.893
2521.422
2521.951
2522.48
2523.009
2523.538
2524.067
2524.596
2525.13
2525.48
2525.83
2526.18
2526.53
2526.88
2527.23
2527.58
2527.93
2528.28
2528.63
2528.98
2529.33
2529.68
2530.03
2530.38
2530.73
2531.08
2531.43
2531.78
2532.13
2532.479
2532.793
2533.107
2533.421
2533.735
2534.049
2534.363
2534.677
2534.991
2535.305
2535.619
2535.933
2536.247
2536.561
2536.875
2537.189
2537.503
2537.817
2538.131
2538.445
2538.749
2539.319
2539.89
2540.269
2540.648
2541.027
2541.406
2541.785
2542.164
2542.543
2542.922
2543.301
2543.68
2544.059
2544.438
2544.817
2545.196
2545.575
2545.954
2546.333
2546.72
2547.178
2547.636
2548.094
2548.552
2549.01
2549.468
2549.926
2550.384
2550.842
2551.3
2551.758
2552.216
2552.674
2553.132
2553.59
2554.048
2554.506
2554.96
2555.206
2555.452
2555.698
2555.944
2556.19
2556.436
2556.682
2556.928
2557.17
2557.871
2558.572
2559.273
2559.974
2560.675
2561.376
2562.077
2562.779
2563.579
2564.379
2565.179
2565.979
2566.779
2567.579
2568.379
2569.179
2569.979
2570.779
2571.579
2572.379
2573.179
2573.979
2574.779
2575.579
2576.379
2577.179
2577.979
2578.779
2579.579
2580.253
2580.927
2581.601
2582.275
2582.949
2583.623
2584.297
2584.971
2585.645
2586.319
2586.993
2587.667
2588.341
2589.015
2589.689
2590.363
2591.03
2591.578
2592.126
2592.674
2593.222
2593.77
2594.318
2594.866
2595.414
2595.962
2596.51
2597.058
2597.606
2598.154
2598.702
2599.25
2599.798
2600.346
2600.894
2601.44
2603.022
2604.604
2606.186
2607.768
2609.35
2610.932
2612.514
2614.096
2615.678
2617.259
2618.16
2619.061
2619.962
2620.863
2621.764
2622.665
2623.566
2624.467
2625.368
2626.269
2627.17
2628.071
2628.972
2629.873
2630.774
2631.675
2632.576
2633.477
2634.378
2635.279
2635.769
2636.259
2636.749
2637.239
2637.729
2638.219
2638.709
2639.199
2639.689
2640.179
2640.669
2641.159
2641.649
2642.139
2642.629
2643.119
2643.609
2644.099
2644.589
2645.079
2645.57
2645.912
2646.254
2646.596
2646.938
2647.28
2647.622
2647.964
2648.306
2648.648
2648.99
2649.332
2649.674
2650.016
2650.358
2650.7
2651.042
2651.384
2651.726
2652.068
2652.41
2652.759
2653.468
2654.177
2654.886
2655.595
2656.304
2657.013
2657.722
2658.431
2659.14
2659.849
2660.558
2661.267
2661.976
2662.685
2663.394
2664.103
2664.812
2665.521
2666.23
2666.939
2667.648
2668.357
2669.059
2669.888
2670.717
2671.546
2672.375
2673.204
2674.033
2674.862
2675.691
2676.52
2677.349
2678.178
2679.007
2679.836
2680.665
2681.494
2682.329
2682.701
2683.073
2683.445
2683.817
2684.189
2684.561
2684.933
2685.305
2685.677
2686.049
2686.421
2686.793
2687.165
2687.537
2687.909
2688.281
2688.653
2689.025
2689.39
2689.726
2690.062
2690.398
2690.734
2691.07
2691.406
2691.742
2692.078
2692.414
2692.75
2693.086
2693.422
2693.758
2694.094
2694.43
2694.766
2695.102
2695.438
2695.779
2696.847
2697.915
2698.983
2700.051
2701.119
2702.187
2703.255
2704.323
2705.391
2706.459
2707.527
2708.599
2709.065
2709.531
2709.997
2710.463
2710.929
2711.395
2711.861
2712.327
2712.793
2713.259
2713.725
2714.191
2714.657
2715.123
2715.589
2716.055
2716.521
2716.987
2717.453
2717.919
2718.385
2718.851
2719.309
2719.714
2720.119
2720.524
2720.929
2721.334
2721.739
2722.144
2722.549
2722.954
2723.359
2723.764
2724.169
2724.574
2724.979
2725.384
2725.789
2726.194
2726.599
2727.004
2727.409
2727.814
2728.219
2728.63
2729.169
2729.708
2730.247
2730.786
2731.325
2731.864
2732.403
2732.942
2733.481
2734.02
2734.559
2735.098
2735.637
2736.176
2736.715
2737.254
2737.793
2738.332
2738.869
2739.267
2739.665
2740.063
2740.461
2740.859
2741.257
2741.655
2742.053
2742.451
2742.849
2743.247
2743.645
2744.043
2744.441
2744.839
2745.237
2745.635
2746.034
2746.432
2746.839
2746.982
2747.125
2747.268
2747.411
2747.554
2747.697
2747.839
2748.183
2748.527
2748.871
2749.215
2749.559
2749.903
2750.247
2750.591
2750.935
2751.279
2751.623
2751.967
2752.311
2752.655
2752.999
2753.343
2753.687
2754.031
2754.375
2754.72
2755.021
2755.322
2755.623
2755.924
2756.225
2756.526
2756.827
2757.128
2757.429
2757.73
2758.031
2758.332
2758.633
2758.934
2759.235
2759.536
2759.837
2760.138
2760.439
2760.74
2761.041
2761.339
2762.268
2763.197
2764.126
2765.055
2765.984
2766.913
2767.842
2768.771
2769.7
2770.629
2771.558
2772.487
2773.41
2775.039
2775.446
2775.853
2776.26
2776.667
2777.074
2777.481
2777.888
2778.295
2778.702
2779.109
2779.516
2779.923
2780.33
2780.737
2781.144
2781.551
2781.958
2782.365
2782.779
2783.304
2783.829
2784.354
2784.879
2785.404
2785.929
2786.454
2786.979
2787.504
2788.029
2788.554
2789.079
2789.604
2790.129
2790.654
2791.179
2791.704
2792.229
2792.754
2793.27
2793.612
2793.954
2794.296
2794.638
2794.98
2795.322
2795.664
2796.006
2796.348
2796.69
2797.032
2797.374
2797.716
2798.058
2798.4
2798.742
2799.084
2799.426
2799.768
2800.109
2800.442
2800.775
2801.109
2801.39
2801.671
2801.952
2802.233
2802.514
2802.795
2803.076
2803.357
2803.638
2803.919
2804.2
2804.481
2804.762
2805.043
2805.324
2805.605
2805.886
2806.167
2806.44
2806.855
2807.27
2807.685
2808.1
2808.515
2808.93
2809.345
2809.76
2810.175
2810.59
2811.005
2811.42
2811.835
2812.25
2812.665
2813.08
2813.495
2813.91
2814.329
2814.779
2815.229
2815.68
2816.102
2816.524
2816.947
2817.37
2817.793
2818.216
2818.639
2819.062
2819.485
2819.908
2820.331
2820.754
2821.177
2821.6
2822.023
2822.446
2822.869
2823.292
2823.715
2824.13
2824.517
2824.904
2825.291
2825.678
2826.065
2826.452
2826.839
2827.226
2827.613
2828.0
2828.387
2828.774
2829.161
2829.548
2829.935
2830.322
2830.709
2831.096
2831.483
2831.869
2832.083
2832.297
2832.511
2832.725
2832.939
2833.153
2833.367
2833.581
2833.795
2834.009
2834.22
2834.396
2834.572
2834.748
2834.924
2835.1
2835.276
2835.452
2835.628
2835.804
2835.98
2836.156
2836.332
2836.508
2836.684
2836.86
2837.036
2837.212
2837.381
2837.538
2837.695
2837.852
2838.009
2838.166
2838.323
2838.48
2838.64
2838.767
2838.894
2839.021
2839.148
2839.275
2839.402
2839.529
2839.656
2839.783
2839.91
2840.037
2840.164
2840.291
2840.418
2840.545
2840.672
2840.799
2840.92
2841.167
2841.414
2841.661
2841.908
2842.155
2842.402
2842.649
2842.896
2843.143
2843.39
2843.637
2843.884
2844.131
2844.378
2844.625
2844.872
2845.119
2845.366
2845.613
2845.869
2846.076
2846.283
2846.49
2846.697
2846.904
2847.111
2847.318
2847.525
2847.732
2847.939
2848.15
2848.33
2848.51
2848.69
2848.87
2849.05
2849.23
2849.41
2849.59
2849.77
2849.95
2850.13
2850.31
2850.49
2850.67
2850.85
2851.03
2851.21
2851.39
2851.57
2851.75
2851.94
2852.94
2853.135
2853.33
2853.525
2853.72
2853.915
2854.11
2854.305
2854.5
2854.695
2854.89
2855.085
2855.28
2855.475
2855.67
2855.865
2856.06
2856.259
2856.536
2856.813
2857.09
2857.367
2857.644
2857.921
2858.198
2858.475
2858.752
2859.029
2859.306
2859.583
2859.859
2860.134
2860.409
2860.684
2860.959
2861.234
2861.509
2861.784
2862.059
2862.334
2862.609
2862.884
2863.159
2863.434
2863.709
2863.984
2864.259
2864.539
2864.805
2865.071
2865.337
2865.603
2865.869
2866.135
2866.401
2866.667
2866.933
2867.199
2867.465
2867.731
2867.997
2868.263
2868.529
2868.795
2869.061
2869.327
2869.593
2869.859
2870.125
2870.39
2870.669
2870.948
2871.227
2871.506
2871.785
2872.064
2872.343
2872.622
2872.901
2873.18
2873.459
2873.738
2874.017
2874.296
2874.575
2874.854
2875.133
2875.412
2875.69
2876.05
2876.41
2876.77
2877.13
2877.49
2877.85
2878.21
2878.57
2878.93
2879.29
2879.65
2880.01
2880.37
2880.73
2881.089
2881.502
2881.915
2882.328
2882.741
2883.154
2883.567
2883.98
2884.393
2884.806
2885.219
2885.632
2886.045
2886.458
2886.871
2887.284
2887.69
2887.991
2888.292
2888.593
2888.894
2889.195
2889.496
2889.797
2890.098
2890.399
2890.7
2891.001
2891.302
2891.603
2891.904
2892.205
2892.506
2892.807
2893.108
2893.409
2893.71
2894.011
2894.319
2894.545
2894.771
2894.997
2895.223
2895.449
2895.675
2895.901
2896.127
2896.353
2896.579
2896.805
2897.031
2897.257
2897.483
2897.709
2897.935
2898.161
2898.387
2898.613
2898.839
2899.065
2899.291
2899.517
2899.749
2900.343
2900.937
2901.531
2902.125
2902.719
2903.313
2903.907
2904.501
2905.095
2905.689
2906.283
2906.877
2907.471
2908.065
2908.659
2909.253
2909.847
2910.441
2911.035
2911.629
2912.23
2912.653
2913.076
2913.5
2913.832
2914.164
2914.496
2914.828
2915.16
2915.492
2915.824
2916.156
2916.488
2916.82
2917.152
2917.484
2917.816
2918.148
2918.48
2918.812
2919.144
2919.476
2919.808
2920.14
2920.472
2920.8
2921.617
2922.434
2923.251
2924.068
2924.885
2925.702
2926.519
2927.336
2928.153
2928.969
2929.645
2930.321
2930.997
2931.673
2932.349
2933.025
2933.701
2934.377
2935.053
2935.729
2936.405
2937.081
2937.757
2938.433
2939.109
2939.785
2940.469
2940.846
2941.223
2941.6
2941.977
2942.354
2942.731
2943.108
2943.485
2943.862
2944.239
2944.616
2944.993
2945.37
2945.747
2946.124
2946.501
2946.878
2947.255
2947.63
2947.965
2948.3
2948.635
2948.97
2949.305
2949.64
2949.975
2950.31
2950.645
2950.98
2951.315
2951.65
2951.985
2952.32
2952.661
2953.098
2953.535
2953.972
2954.409
2954.846
2955.283
2955.72
2956.157
2956.594
2957.031
2957.468
2957.905
2958.342
2958.779
2959.216
2959.653
2960.09
2960.527
2960.964
2961.401
2961.839
2962.699
2963.559
2964.419
2965.279
2966.139
2966.999
2967.859
2968.719
2969.579
2970.439
2971.299
2972.16
2972.511
2972.862
2973.213
2973.564
2973.915
2974.266
2974.617
2974.968
2975.319
2975.67
2976.021
2976.372
2976.719
2977.319
2977.919
2978.519
2979.119
2979.719
2980.319
2980.919
2981.519
2982.119
2982.719
2983.319
2983.919
2984.519
2985.119
2985.719
2986.319
2986.919
2987.519
2988.119
2988.719
2989.309
2989.594
2989.879
2990.164
2990.449
2990.734
2991.019
2991.304
2991.589
2991.874
2992.159
2992.444
2992.729
2993.014
2993.299
2993.584
2993.869
2994.154
2994.439
2994.719
2995.059
2995.399
2995.739
2996.079
2996.419
2996.759
2997.099
2997.439
2997.779
2998.119
2998.459
2998.799
2999.139
2999.479
2999.819
3000.159
3000.499
3000.839
3001.179
3001.519
3001.859
3002.19
3002.649
3003.108
3003.568
3004.028
3004.487
3004.947
3005.407
3005.867
3006.327
3006.787
3007.246
3007.706
3008.166
3008.626
3009.086
3009.545
3010.005
3010.465
3010.925
3011.38
3011.735
3012.09
3012.445
3012.8
3013.155
3013.51
3013.865
3014.22
3014.575
3014.93
3015.285
3015.64
3015.995
3016.35
3016.705
3017.06
3017.415
3017.77
3018.125
3018.48
3018.839
3019.282
3019.725
3020.168
3020.611
3021.054
3021.497
3021.94
3022.383
3022.826
3023.269
3023.712
3024.155
3024.598
3025.039
3025.457
3025.875
3026.293
3026.711
3027.129
3027.547
3027.965
3028.383
3028.799
3029.199
3029.599
3029.999
3030.399
3030.799
3031.199
3031.599
3031.999
3032.399
3032.799
3033.199
3033.599
3033.999
3034.399
3034.799
3035.2
3035.351
3035.502
3035.653
3035.804
3035.955
3036.106
3036.257
3036.408
3036.559
3036.71
3036.861
3037.012
3037.163
3037.314
3037.465
3037.616
3037.767
3037.918
3038.07
3038.538
3039.006
3039.474
3039.942
3040.41
3040.878
3041.346
3041.814
3042.282
3042.75
3043.218
3043.686
3044.154
3044.622
3045.09
3045.558
3046.026
3046.5
3046.921
3047.342
3047.763
3048.184
3048.605
3049.026
3049.447
3049.868
3050.289
3050.71
3051.131
3051.552
3051.973
3052.394
3052.815
3053.236
3053.66
3065.979
3078.298
3090.617
3102.936
3115.255
3127.574
3139.893
3152.212
3164.531
3176.85
3189.169
3201.488
3213.807
3226.126
3238.445
3250.764
3263.083
3275.402
3287.721
3300.039
3300.624
3301.209
3301.794
3302.379
3302.964
3303.549
3304.134
3304.719
3305.304
3305.889
3306.474
3307.059
3307.644
3308.229
3308.814
3309.399
3309.984
3310.569
3311.154
3311.739
3312.324
3312.9
3313.339
3313.778
3314.217
3314.656
3315.095
3315.534
3315.973
3316.412
3316.851
3317.29
3317.729
3318.168
3318.607
3319.046
3319.485
3319.924
3320.363
3320.802
3321.239
3321.446
3321.653
3321.86
3322.067
3322.274
3322.481
3322.688
3322.895
3323.102
3323.309
3323.516
3323.723
3323.93
3324.323
3324.716
3325.109
3325.502
3325.895
3326.288
3326.681
3327.074
3327.467
3327.86
3328.253
3328.646
3329.039
3329.481
3329.923
3330.365
3330.807
3331.249
3331.691
3332.133
3332.575
3333.017
3333.459
3333.901
3334.343
3334.785
3335.227
3335.669
3336.111
3336.553
3336.999
3337.619
3338.239
3338.859
3339.479
3340.099
3340.719
3341.339
3341.959
3342.579
3343.199
3343.819
3344.439
3345.059
3345.679
3346.299
3346.919
3347.54
3348.086
3348.632
3349.178
3349.724
3350.27
3350.816
3351.362
3351.908
3352.454
3353.0
3353.583
3354.166
3354.749
3355.332
3355.915
3356.498
3357.081
3357.664
3358.247
3358.83
3359.413
3359.996
3360.579
3361.162
3361.745
3362.328
3362.911
3363.499
3363.824
3364.149
3364.474
3364.799
3365.124
3365.449
3365.774
3366.099
3366.424
3366.749
3367.074
3367.399
3367.724
3368.049
3368.374
3368.699
3369.024
3369.349
3369.68
3370.011
3370.342
3370.673
3371.004
3371.335
3371.666
3371.997
3372.328
3372.659
3372.99
3373.321
3373.652
3373.983
3374.314
3374.645
3374.976
3375.307
3375.64
3376.105
3376.57
3377.035
3377.5
3377.965
3378.43
3378.895
3379.36
3379.825
3380.29
3380.755
3381.22
3381.733
3382.246
3382.759
3383.272
3383.785
3384.298
3384.811
3385.324
3385.837
3386.35
3386.863
3387.38
3387.784
3388.188
3388.592
3388.996
3389.4
3389.804
3390.208
3390.612
3391.016
3391.42
3391.824
3392.228
3392.632
3393.036
3393.44
3393.844
3394.248
3394.652
3395.049
3395.913
3396.777
3397.641
3398.505
3399.369
3400.233
3401.097
3401.961
3402.825
3403.689
3404.553
3405.417
3406.281
3407.14
3407.456
3407.772
3408.088
3408.404
3408.72
3409.036
3409.352
3409.668
3409.984
3410.3
3410.616
3410.932
3411.248
3411.564
3411.88
3412.196
3412.51
3412.798
3413.086
3413.374
3413.662
3413.95
3414.238
3414.526
3414.814
3415.102
3415.39
3415.678
3415.966
3416.254
3416.542
3416.83
3417.119
3417.556
3417.993
3418.43
3418.867
3419.304
3419.741
3420.178
3420.615
3421.052
3421.489
3421.926
3422.363
3422.8
3423.237
3423.674
3424.111
3424.548
3424.985
3425.43
3426.209
3426.988
3427.767
3428.546
3429.325
3430.104
3430.883
3431.662
3432.441
3433.22
3433.999
3434.413
3434.827
3435.241
3435.655
3436.069
3436.483
3436.897
3437.311
3437.725
3438.139
3438.553
3438.967
3439.381
3439.795
3440.209
3440.623
3441.037
3441.45
3441.813
3442.176
3442.539
3442.902
3443.265
3443.628
3443.991
3444.354
3444.717
3445.08
3445.443
3445.806
3446.169
3446.53
3446.85
3447.17
3447.49
3447.81
3448.13
3448.45
3448.77
3449.09
3449.41
3449.73
3450.05
3450.37
3450.69
3451.01
3451.33
3451.65
3451.992
3452.334
3452.676
3453.018
3453.36
3453.702
3454.044
3454.386
3454.728
3455.07
3455.412
3455.754
3456.096
3456.438
3456.78
3457.122
3457.464
3457.809
3458.272
3458.735
3459.198
3459.661
3460.124
3460.587
3461.05
3461.513
3461.976
3462.439
3462.902
3463.365
3463.828
3464.291
3464.754
3465.217
3465.68
3466.049
3466.418
3466.787
3467.156
3467.525
3467.894
3468.263
3468.632
3469.001
3469.37
3469.739
3470.108
3470.477
3470.846
3471.215
3471.589
3471.83
3472.071
3472.312
3472.553
3472.794
3473.035
3473.276
3473.517
3473.758
3473.999
3474.24
3474.481
3474.722
3474.963
3475.204
3475.445
3475.686
3475.927
3476.168
3476.409
3476.66
3476.66
3476.66
3476.66
3476.66
3476.66
