72.549
72.858
73.167
73.476
73.785
74.094
74.403
74.712
75.021
75.33
75.639
75.948
76.257
76.566
76.875
77.184
77.493
77.799
78.081
78.363
78.645
78.927
79.209
79.491
79.773
80.055
80.337
80.619
80.901
81.183
81.465
81.747
82.03
82.335
82.64
82.945
83.25
83.555
83.86
84.165
84.47
84.775
85.08
85.385
85.69
85.995
86.3
86.605
86.909
87.094
87.279
87.464
87.649
87.834
88.019
88.204
88.389
88.574
88.759
88.944
89.129
89.314
89.499
89.684
89.869
90.054
90.239
90.424
90.609
91.069
91.529
91.989
92.449
92.909
93.369
93.829
94.288
94.748
95.208
95.668
96.128
96.588
97.047
97.507
97.967
98.427
98.887
99.347
99.799
100.156
100.513
100.87
101.227
101.584
101.941
102.298
102.655
103.012
103.369
103.726
104.079
104.326
104.573
104.82
105.067
105.314
105.561
105.808
106.055
106.302
106.549
106.796
107.043
107.29
107.537
107.789
108.153
108.517
108.881
109.245
109.609
109.973
110.337
110.701
111.065
111.429
111.793
112.157
112.521
112.885
113.249
113.609
114.021
114.433
114.845
115.257
115.669
116.081
116.493
116.905
117.317
117.729
118.141
118.553
118.965
119.377
119.789
120.201
120.619
120.986
121.353
121.72
122.087
122.454
122.821
123.188
123.555
123.922
124.289
124.656
125.023
125.39
125.757
126.124
126.491
126.858
127.219
127.478
127.737
127.996
128.255
128.514
128.773
129.032
129.291
129.55
129.809
130.068
130.327
130.586
130.845
131.104
131.363
131.62
131.969
132.318
132.667
133.016
133.365
133.714
134.063
134.412
134.761
135.11
135.459
135.808
136.157
136.506
136.855
137.204
137.553
137.902
138.26
148.95
149.45
149.95
150.471
150.992
151.513
152.034
152.555
153.076
153.597
154.118
154.639
155.16
155.681
156.202
156.723
157.244
157.765
158.29
158.731
159.172
159.613
160.054
160.495
160.936
161.377
161.818
162.259
162.7
163.141
163.582
164.023
164.464
164.905
165.346
165.787
166.228
166.67
167.0
167.33
167.66
167.99
168.32
168.65
168.98
169.31
169.64
169.97
170.3
170.63
170.96
171.29
171.62
171.95
172.28
172.729
173.178
173.627
174.076
174.525
174.974
175.423
175.872
176.321
176.77
177.219
177.668
178.117
178.566
179.015
179.459
180.388
181.317
182.246
183.175
184.104
185.033
185.962
186.891
187.82
188.749
189.678
190.607
191.536
192.47
192.837
193.204
193.571
193.938
194.305
194.672
195.039
195.406
195.773
196.14
196.507
196.874
197.241
197.608
197.975
198.342
198.709
199.056
199.403
199.75
200.097
200.444
200.791
201.138
201.485
201.832
202.179
202.526
202.873
203.22
203.567
203.914
204.261
204.608
204.955
205.299
205.525
205.751
205.977
206.203
206.429
206.655
206.881
207.107
207.333
207.559
207.785
208.011
208.237
208.463
208.689
208.915
209.141
209.37
209.647
209.924
210.201
210.478
210.755
211.032
211.309
211.586
211.863
212.14
212.417
212.694
212.971
213.248
213.525
213.802
214.08
214.685
215.29
215.895
216.5
217.105
217.71
218.315
218.92
219.525
220.13
220.735
221.34
221.945
222.55
223.15
223.422
223.694
223.966
224.238
224.51
224.782
225.054
225.326
225.598
225.87
226.142
226.414
226.686
226.958
227.23
227.502
227.774
228.046
228.318
228.59
228.862
229.139
229.41
229.681
229.952
230.223
230.494
230.765
231.036
231.307
231.578
231.849
232.12
232.391
232.662
232.933
233.204
233.475
233.746
234.019
234.308
234.597
234.886
235.175
235.464
235.753
236.042
236.331
236.62
236.909
237.198
237.487
237.776
238.065
238.354
238.643
238.93
239.133
239.336
239.539
239.742
239.945
240.148
240.351
240.554
240.757
240.96
241.163
241.366
241.569
241.772
241.975
242.178
242.381
242.59
243.041
243.492
243.943
244.394
244.845
245.296
245.747
246.198
246.649
247.1
247.551
248.002
248.453
248.904
249.355
249.806
250.26
250.514
250.768
251.022
251.276
251.53
251.784
252.038
252.292
252.546
252.8
253.054
253.308
253.562
253.816
254.07
254.329
254.6
254.871
255.142
255.413
255.684
255.955
256.226
256.497
256.768
257.039
257.31
257.581
257.852
258.123
258.394
258.665
258.936
259.209
259.506
259.803
260.1
260.397
260.694
260.991
261.288
261.585
261.882
262.179
262.476
262.773
263.07
263.367
263.664
263.961
264.259
264.6
264.941
265.282
265.623
265.964
266.305
266.646
266.987
267.328
267.669
268.01
268.351
268.692
269.033
269.374
269.715
270.056
270.4
270.876
271.352
271.828
272.304
272.78
273.256
273.732
274.208
274.684
275.16
275.636
276.112
276.588
277.064
277.54
278.016
278.492
278.96
279.276
279.592
279.908
280.224
280.54
280.856
281.172
281.488
281.804
282.12
282.436
282.752
283.068
283.384
283.7
284.016
284.332
284.65
285.233
285.816
286.399
286.982
287.565
288.148
288.731
289.314
289.897
290.48
291.063
291.646
292.229
292.812
293.395
293.98
294.447
294.914
295.381
295.848
296.315
296.782
297.249
297.716
298.183
298.65
299.117
299.584
300.051
300.518
300.985
301.452
301.919
302.213
302.507
302.801
303.095
303.389
303.683
303.977
304.271
304.565
304.859
305.153
305.447
305.741
306.035
306.329
306.623
306.917
307.211
307.5
308.012
308.524
309.036
309.548
310.06
310.572
311.084
311.596
312.108
312.62
313.132
313.644
314.156
314.668
315.18
315.692
316.199
316.449
316.699
316.949
317.199
317.601
318.003
318.405
318.807
319.209
319.611
320.013
320.415
320.817
321.219
321.621
322.023
322.425
322.827
323.229
323.631
324.033
324.435
324.837
325.239
325.65
325.946
326.242
326.538
326.834
327.13
327.426
327.722
328.018
328.314
328.61
328.906
329.202
329.498
329.794
330.09
330.386
330.682
330.978
331.274
331.57
331.86
332.23
332.6
332.97
333.34
333.71
334.08
334.45
334.82
335.19
335.56
335.93
336.3
336.67
337.04
337.41
337.78
338.15
338.52
338.89
339.26
339.639
340.125
340.611
341.097
341.583
342.069
342.555
343.041
343.527
344.013
344.499
344.985
345.471
345.957
346.443
346.929
347.415
347.901
348.379
348.754
349.129
349.504
349.879
350.254
350.629
351.004
351.379
351.754
352.129
352.504
352.879
353.254
353.629
354.004
354.379
354.754
355.129
355.504
355.879
356.254
356.629
357.009
357.22
357.431
357.642
357.853
358.064
358.275
358.486
358.697
358.908
359.119
359.33
359.541
359.752
359.963
360.174
360.385
360.596
360.807
361.02
361.276
361.532
361.788
362.044
362.3
362.556
362.812
363.068
363.324
363.58
363.836
364.092
364.348
364.604
364.86
365.11
365.331
365.552
365.773
365.994
366.215
366.436
366.657
366.878
367.099
367.32
367.541
367.762
367.983
368.204
368.425
368.646
368.87
369.086
369.302
369.518
369.734
369.95
370.166
370.382
370.598
370.814
371.03
371.246
371.462
371.678
371.894
372.11
372.326
372.542
372.758
372.974
373.19
373.406
373.62
374.135
374.65
375.165
375.68
376.195
376.71
377.225
377.74
378.255
378.77
379.285
379.8
380.315
380.83
381.345
381.86
382.379
382.769
383.159
383.549
383.939
384.329
384.719
385.109
385.499
385.889
386.279
386.669
387.059
387.449
387.839
388.229
388.619
389.009
389.399
389.789
390.179
390.56
390.841
391.122
391.403
391.684
391.965
392.246
392.527
392.808
393.089
393.37
393.651
393.932
394.213
394.494
394.775
395.056
395.337
395.621
396.121
396.621
396.891
397.161
397.431
397.701
397.971
398.241
398.511
398.781
399.051
399.321
399.591
399.861
400.131
400.401
400.671
400.941
401.211
401.481
401.759
402.075
402.391
402.707
403.023
403.339
403.655
403.971
404.287
404.603
404.919
405.235
405.551
405.867
406.183
406.499
406.815
407.139
407.481
407.823
408.165
408.507
408.849
409.191
409.533
409.875
410.217
410.559
410.901
411.243
411.585
411.927
412.269
412.611
412.953
413.295
413.637
413.97
414.164
414.358
414.552
414.746
414.94
415.134
415.328
415.522
415.716
415.91
416.104
416.298
416.492
416.686
416.88
417.074
417.268
417.462
417.66
417.998
418.336
418.674
419.012
419.35
419.688
420.026
420.364
420.702
421.04
421.378
421.716
422.054
422.392
422.73
423.068
423.406
423.744
424.08
424.316
424.552
424.788
425.024
425.26
425.496
425.732
425.968
426.204
426.44
426.676
426.912
427.148
427.384
427.62
427.856
428.092
428.328
428.564
428.8
429.036
429.28
429.629
429.978
430.327
430.676
431.025
431.374
431.723
432.072
432.421
432.77
433.119
433.468
433.817
434.166
434.515
434.86
435.112
435.364
435.616
435.868
436.12
436.372
436.624
436.876
437.128
437.38
437.632
437.884
438.136
438.388
438.64
438.892
439.139
439.327
439.515
439.703
439.891
440.079
440.267
440.455
440.643
440.831
441.019
441.207
441.395
441.583
441.771
441.959
442.147
442.339
442.624
442.909
443.194
443.479
443.764
444.049
444.334
444.619
444.904
445.189
445.474
445.759
446.044
446.329
446.614
446.899
447.184
447.469
448.03
448.591
449.152
449.713
450.274
450.835
451.396
451.957
452.518
453.079
453.64
454.199
454.48
454.761
455.042
455.323
455.604
455.885
456.166
456.447
456.728
457.009
457.29
457.571
457.852
458.133
458.414
458.695
458.976
459.257
459.538
459.819
460.35
460.881
461.412
461.943
462.474
463.005
463.536
464.067
464.598
465.129
465.66
466.191
466.722
467.253
467.784
468.315
468.846
469.377
469.9
470.171
470.442
470.713
470.984
471.255
471.526
471.797
472.068
472.339
472.61
472.881
473.152
473.423
473.694
473.965
474.236
474.501
474.99
475.479
475.968
476.457
476.946
477.435
477.924
478.413
478.902
479.391
479.88
480.369
480.858
481.347
481.836
482.325
482.809
483.045
483.281
483.517
483.753
483.989
484.225
484.461
484.697
484.933
485.169
485.405
485.641
485.877
486.113
486.349
486.585
486.821
487.057
487.3
487.59
487.88
488.17
488.46
488.75
489.04
489.33
489.62
489.91
490.2
490.49
490.78
491.07
491.36
491.65
491.939
492.195
492.451
492.707
492.963
493.219
493.475
493.731
493.987
494.243
494.499
494.755
495.011
495.267
495.523
495.779
496.035
496.291
496.547
496.809
497.208
497.607
498.006
498.405
498.804
499.203
499.602
500.001
500.4
500.799
501.198
501.597
501.996
502.395
502.794
503.193
503.592
503.991
504.39
504.789
505.188
505.587
505.99
506.329
506.668
507.007
507.346
507.685
508.024
508.363
508.702
509.041
509.379
509.827
510.275
510.723
511.171
511.619
512.067
512.515
512.963
513.411
513.859
514.307
514.755
515.203
515.651
516.099
516.55
517.007
517.464
517.922
518.38
518.837
519.294
519.751
520.208
520.665
521.122
521.579
522.036
522.493
522.951
523.409
523.87
524.248
524.626
525.004
525.382
525.76
526.138
526.516
526.894
527.272
527.65
528.028
528.406
528.784
529.162
529.54
529.918
530.296
530.67
531.011
531.352
531.693
532.034
532.375
532.716
533.057
533.398
533.739
534.08
534.421
534.762
535.103
535.444
535.785
536.126
536.46
536.879
537.298
537.717
538.136
538.555
538.974
539.393
539.812
540.231
540.65
541.069
541.488
541.907
542.326
542.745
543.164
543.583
544.002
544.421
544.831
545.096
545.361
545.626
545.891
546.156
546.421
546.686
546.951
547.216
547.481
547.746
548.011
548.276
548.541
548.806
549.071
549.336
549.601
549.86
550.067
550.274
550.481
550.688
550.895
551.102
551.309
551.516
551.723
551.93
552.137
552.344
552.551
552.76
553.445
554.13
554.815
555.5
556.185
556.87
557.555
558.24
558.925
559.61
560.295
560.98
561.357
561.734
562.111
562.488
562.865
563.242
563.619
563.996
564.373
564.75
565.127
565.504
565.881
566.258
566.635
567.012
567.389
567.766
568.143
568.52
568.897
569.274
569.651
570.028
570.41
570.81
571.21
571.61
572.01
572.41
572.81
573.21
573.61
574.01
574.41
574.81
575.21
575.61
576.01
576.41
576.81
577.21
577.61
578.01
578.41
578.81
579.21
579.62
579.901
580.182
580.463
580.744
581.025
581.306
581.587
581.868
582.149
582.43
582.711
582.992
583.273
583.554
583.835
584.116
584.4
584.805
585.21
585.615
586.02
586.425
586.83
587.235
587.64
588.045
588.45
588.855
589.26
589.665
590.07
590.475
590.88
591.285
591.69
592.1
592.42
592.74
593.06
593.38
593.7
594.02
594.34
594.66
594.98
595.3
595.62
595.94
596.26
596.58
596.9
597.22
597.54
597.86
598.18
598.463
598.746
599.029
599.312
599.596
599.88
600.163
600.447
600.731
601.014
601.298
601.582
601.865
602.149
602.433
602.716
603.0
603.284
603.567
603.85
604.121
604.392
604.663
604.934
605.205
605.476
605.747
606.018
606.289
606.56
606.831
607.102
607.373
607.644
607.915
608.186
608.457
608.728
608.99
609.411
609.832
610.253
610.674
611.095
611.516
611.937
612.358
612.779
613.2
613.621
614.04
614.73
615.42
616.11
616.8
617.49
618.18
618.87
619.56
620.25
620.94
621.63
622.32
623.01
623.7
624.39
625.08
625.77
626.46
627.15
627.84
628.53
629.23
629.566
629.902
630.238
630.574
630.91
631.246
631.582
631.918
632.254
632.59
632.926
633.262
633.598
633.931
634.156
634.381
634.606
634.831
635.056
635.281
635.506
635.731
635.956
636.181
636.406
636.631
636.856
637.081
637.306
637.529
637.849
638.169
638.489
638.809
639.129
639.449
639.769
640.089
640.409
640.729
641.049
641.369
641.689
642.009
642.329
642.649
642.969
643.289
643.6
643.936
644.272
644.608
644.944
645.28
645.616
645.952
646.288
646.624
646.96
647.296
647.632
647.968
648.304
648.64
648.976
649.312
649.648
649.991
650.219
650.447
650.675
650.903
651.131
651.359
651.587
651.815
652.043
652.271
652.499
652.727
652.955
653.183
653.411
653.639
653.87
654.151
654.432
654.713
654.994
655.275
655.556
655.837
656.118
656.399
656.68
656.961
657.242
657.523
657.804
658.085
658.366
658.647
658.928
659.209
659.49
659.779
660.057
660.335
660.613
660.891
661.169
661.447
661.725
662.003
662.281
662.559
662.837
663.115
663.393
663.671
663.95
664.243
664.536
664.829
665.122
665.415
665.708
666.001
666.294
666.587
666.88
667.173
667.466
667.759
668.052
668.345
668.638
668.93
670.005
671.08
672.155
673.23
674.305
675.38
676.455
677.53
678.605
679.68
680.755
681.83
682.905
683.98
685.055
686.13
687.205
688.28
688.653
689.026
689.399
689.772
690.145
690.518
690.891
691.264
691.637
692.01
692.383
692.756
693.129
693.502
693.875
694.248
694.62
695.002
695.384
695.766
696.148
696.53
696.912
697.294
697.676
698.058
698.44
698.822
699.204
699.586
699.968
700.35
700.732
701.11
701.431
701.752
702.073
702.394
702.715
703.036
703.357
703.678
703.999
704.32
704.641
704.962
705.283
705.604
705.925
706.24
707.361
708.482
709.603
710.724
711.845
712.966
714.087
715.208
716.329
717.45
718.571
719.692
720.813
721.934
723.055
724.176
725.297
726.42
726.685
726.95
727.215
727.48
727.745
728.01
728.275
728.54
728.805
729.07
729.335
729.6
729.865
730.13
730.395
730.66
730.925
731.19
731.655
732.12
732.585
733.05
733.515
733.98
734.445
734.91
735.375
735.84
736.305
736.77
737.235
737.7
738.165
738.63
739.095
739.56
740.025
740.49
740.949
741.19
741.431
741.672
741.913
742.154
742.395
742.636
742.877
743.118
743.359
743.6
743.841
744.082
744.323
744.564
744.805
745.046
745.29
746.044
746.798
747.552
748.306
749.06
749.814
750.568
751.322
752.08
752.371
752.662
752.953
753.244
753.535
753.826
754.117
754.408
754.699
754.99
755.281
755.572
755.863
756.154
756.445
756.736
757.029
757.498
757.967
758.436
758.905
759.374
759.843
760.312
760.781
761.25
761.719
762.188
762.657
763.126
763.595
764.064
764.533
765.002
765.471
765.949
766.303
766.657
767.011
767.365
767.719
768.073
768.427
768.781
769.135
769.489
769.843
770.197
770.551
770.905
771.259
771.613
771.967
772.321
772.675
773.019
773.291
773.563
773.835
774.107
774.379
774.651
774.923
775.195
775.467
775.739
776.011
776.283
776.555
776.827
777.099
777.371
777.643
777.915
778.187
778.459
778.731
779.003
779.275
779.547
779.829
780.002
780.175
780.348
780.521
780.694
780.867
781.04
781.213
781.386
781.559
781.732
781.905
782.078
782.251
782.424
782.597
782.77
782.943
783.116
783.289
783.459
783.685
783.911
784.137
784.363
784.589
784.815
785.041
785.267
785.493
785.719
785.945
786.171
786.397
786.623
786.849
787.075
787.301
787.527
787.753
787.979
788.205
788.43
788.886
789.342
789.798
790.255
790.712
791.168
791.625
792.082
792.538
792.995
793.452
793.909
794.365
794.822
795.279
795.736
796.192
796.649
797.106
797.56
798.041
798.522
799.003
799.484
799.965
800.446
800.927
801.408
801.889
802.37
802.851
803.332
803.813
804.294
804.775
805.256
805.737
806.22
806.434
806.648
806.862
807.076
807.29
807.504
807.718
807.932
808.146
808.36
808.574
808.788
809.002
809.216
809.43
809.644
809.858
810.069
810.522
810.975
811.428
811.881
812.334
812.787
813.24
813.69
814.012
814.334
814.656
814.978
815.3
815.622
815.944
816.266
816.588
816.91
817.232
817.554
817.876
818.198
818.52
818.842
819.164
819.486
819.8
820.204
820.608
821.012
821.416
821.82
822.224
822.628
823.032
823.436
823.84
824.244
824.648
825.052
825.456
825.86
826.264
826.668
827.072
827.476
827.88
828.284
828.688
829.089
829.504
829.919
830.334
830.749
831.164
831.579
831.994
832.409
832.824
833.239
833.654
834.069
834.484
834.899
835.314
835.73
836.264
836.798
837.332
837.866
838.4
838.934
839.468
840.002
840.536
841.07
841.604
842.138
842.672
843.206
843.74
844.274
844.808
845.342
845.876
846.41
846.944
847.47
848.081
848.692
849.303
849.914
850.525
851.136
851.747
852.358
852.969
853.58
854.191
854.802
855.413
856.024
856.635
857.246
857.85
858.173
858.496
858.819
859.142
859.465
859.788
860.111
860.434
860.757
861.08
861.403
861.726
862.049
862.372
862.695
863.018
863.341
863.664
863.98
864.246
864.512
864.778
865.044
865.31
865.576
865.842
866.108
866.374
866.64
866.906
867.172
867.438
867.704
867.97
868.236
868.502
868.768
869.034
869.3
869.56
871.059
872.558
874.057
875.556
877.055
878.554
880.053
881.552
883.051
884.55
886.049
887.548
889.047
890.546
892.045
893.54
894.096
894.652
895.208
895.764
896.32
896.876
897.432
897.988
898.544
899.1
899.656
900.212
900.768
901.324
901.88
902.436
902.992
903.55
904.025
904.5
904.975
905.45
905.925
906.4
906.875
907.35
907.825
908.3
908.775
909.25
909.725
910.2
910.675
911.15
911.625
912.1
912.57
912.99
913.41
913.83
914.25
914.67
915.09
915.51
915.93
916.35
916.77
917.19
917.61
918.03
918.45
918.87
919.371
919.872
920.373
920.874
921.375
921.876
922.377
922.878
923.379
923.88
924.381
924.882
925.383
925.884
926.385
926.886
927.387
927.889
928.791
929.693
930.595
931.497
932.399
933.301
934.203
935.105
936.007
936.909
937.811
938.713
939.615
940.517
941.419
942.319
942.717
943.115
943.513
943.911
944.309
944.707
945.105
945.503
945.901
946.299
946.697
947.095
947.499
947.955
948.411
948.867
949.323
949.779
950.235
950.691
951.147
951.603
952.059
952.515
952.971
953.427
953.883
954.339
954.79
955.012
955.234
955.456
955.678
955.9
956.122
956.344
956.566
956.788
957.01
957.232
957.454
957.676
957.898
958.12
958.342
958.564
958.779
959.072
959.365
959.658
959.951
960.244
960.537
960.83
961.123
961.416
961.709
962.002
962.295
962.588
962.881
963.174
963.467
963.76
964.053
964.339
964.58
964.821
965.062
965.303
965.544
965.785
966.026
966.267
966.508
966.749
966.99
967.231
967.472
967.713
967.954
968.195
968.436
968.67
968.925
969.18
969.435
969.69
969.945
970.2
970.455
970.71
970.965
971.22
971.475
971.73
971.985
972.24
972.495
972.749
973.631
974.513
975.395
976.277
977.159
978.041
978.923
979.805
980.687
981.569
982.451
983.333
984.215
985.097
985.979
986.861
987.743
988.625
989.509
989.777
990.045
990.313
990.581
990.849
991.117
991.385
991.653
991.921
992.189
992.457
992.725
992.993
993.261
993.529
993.79
994.014
994.238
994.462
994.686
994.91
995.134
995.358
995.582
995.806
996.03
996.254
996.478
996.702
996.926
997.15
997.374
997.598
997.822
998.04
998.303
998.566
998.829
999.092
999.355
999.618
999.881
1000.144
1000.407
1000.67
1000.933
1001.196
1001.459
1001.722
1001.985
1002.248
1002.511
1002.779
1003.138
1003.497
1003.856
1004.215
1004.574
1004.933
1005.292
1005.651
1006.01
1006.369
1006.728
1007.087
1007.446
1007.805
1008.163
1008.522
1008.881
1009.24
1009.599
1009.949
1010.288
1010.627
1010.966
1011.305
1011.644
1011.983
1012.322
1012.661
1013.0
1013.339
1013.678
1014.017
1014.356
1014.695
1015.034
1015.373
1015.712
1016.051
1016.399
1016.805
1017.211
1017.617
1018.023
1018.429
1018.835
1019.241
1019.647
1020.053
1020.459
1020.865
1021.271
1021.677
1022.079
1022.452
1022.825
1023.198
1023.571
1023.944
1024.317
1024.69
1025.063
1025.436
1025.809
1026.182
1026.555
1026.928
1027.301
1027.674
1028.04
1028.567
1029.094
1029.621
1030.148
1030.675
1031.202
1031.729
1032.256
1032.783
1033.31
1033.837
1034.364
1034.891
1035.418
1035.945
1036.472
1036.999
1037.53
1038.104
1038.678
1039.252
1039.826
1040.4
1040.974
1041.548
1042.122
1042.696
1043.27
1043.844
1044.418
1044.992
1045.566
1046.14
1046.714
1047.288
1047.862
1048.436
1049.01
1049.334
1049.658
1049.982
1050.306
1050.63
1050.954
1051.278
1051.602
1051.926
1052.25
1052.574
1052.898
1053.222
1053.546
1053.87
1054.194
1054.52
1054.798
1055.076
1055.354
1055.632
1055.91
1056.188
1056.466
1056.744
1057.022
1057.3
1057.578
1057.856
1058.134
1058.412
1058.69
1058.968
1059.25
1059.57
1059.889
1060.208
1060.528
1060.848
1061.168
1061.487
1061.807
1062.127
1062.447
1062.766
1063.086
1063.406
1063.726
1064.046
1064.366
1064.686
1065.005
1065.325
1065.64
1065.883
1066.126
1066.369
1066.612
1066.855
1067.098
1067.341
1067.584
1067.827
1068.07
1068.313
1068.556
1068.799
1069.042
1069.285
1069.528
1069.771
1070.01
1070.45
1070.89
1071.33
1071.77
1072.21
1072.65
1073.09
1073.53
1073.97
1074.41
1074.85
1075.29
1075.73
1076.17
1076.61
1077.05
1077.49
1077.93
1078.37
1078.81
1079.24
1079.667
1080.094
1080.521
1080.948
1081.375
1081.802
1082.229
1082.656
1083.083
1083.51
1083.937
1084.364
1084.791
1085.218
1085.645
1086.072
1086.499
1086.926
1087.353
1087.78
1088.151
1088.523
1088.894
1089.265
1089.637
1090.008
1090.38
1090.752
1091.123
1091.495
1091.866
1092.237
1092.609
1092.98
1093.351
1093.723
1094.094
1094.466
1094.837
1095.21
1095.472
1095.734
1095.996
1096.258
1096.52
1096.782
1097.044
1097.306
1097.568
1097.83
1098.092
1098.354
1098.616
1098.878
1099.14
1099.402
1099.664
1099.93
1100.379
1100.828
1101.277
1101.726
1102.175
1102.624
1103.073
1103.522
1103.971
1104.42
1104.869
1105.318
1105.767
1106.216
1106.665
1107.114
1107.563
1108.012
1108.461
1108.91
1109.31
1109.71
1110.11
1110.51
1110.91
1111.31
1111.71
1112.11
1112.51
1112.91
1113.31
1113.71
1114.11
1114.51
1114.91
1115.31
1115.71
1116.11
1116.51
1116.831
1117.152
1117.473
1117.794
1118.115
1118.436
1118.757
1119.078
1119.399
1119.72
1120.041
1120.362
1120.683
1121.004
1121.325
1121.646
1121.967
1122.288
1122.609
1122.93
1123.251
1123.57
1123.978
1124.386
1124.794
1125.202
1125.61
1126.018
1126.426
1126.834
1127.242
1127.65
1128.058
1128.466
1128.874
1129.282
1129.69
1130.098
1130.506
1130.914
1131.33
1131.572
1131.814
1132.056
1132.298
1132.54
1132.782
1133.024
1133.266
1133.508
1133.75
1133.992
1134.234
1134.476
1134.718
1134.96
1135.202
1135.444
1135.686
1135.92
1136.291
1136.662
1137.033
1137.404
1137.775
1138.146
1138.517
1138.888
1139.259
1139.63
1140.001
1140.372
1140.741
1142.259
1143.777
1145.295
1146.813
1148.331
1149.849
1151.367
1152.885
1154.403
1155.921
1157.439
1158.957
1160.475
1161.993
1163.511
1165.029
1166.547
1168.065
1169.583
1171.11
1171.595
1172.08
1172.565
1173.05
1173.535
1174.02
1174.505
1174.99
1175.475
1175.96
1176.445
1176.93
1177.415
1177.9
1178.385
1178.87
1179.355
1179.84
1180.33
1180.558
1180.786
1181.014
1181.242
1181.47
1181.698
1181.926
1182.154
1182.382
1182.61
1182.838
1183.066
1183.294
1183.522
1183.75
1183.978
1184.206
1184.434
1184.662
1184.89
1185.187
1185.484
1185.781
1186.078
1186.375
1186.672
1186.969
1187.266
1187.563
1187.86
1188.157
1188.454
1188.751
1189.048
1189.345
1189.642
1189.939
1190.236
1190.533
1190.83
1191.12
1191.551
1191.982
1192.413
1192.844
1193.275
1193.706
1194.137
1194.568
1194.999
1195.43
1195.861
1196.292
1196.723
1197.154
1197.585
1198.016
1198.447
1198.87
1199.17
1199.47
1199.77
1200.07
1200.37
1200.67
1200.97
1201.27
1201.57
1201.87
1202.17
1202.47
1202.77
1203.07
1203.37
1203.67
1203.97
1204.27
1204.57
1204.87
1205.232
1205.594
1205.956
1206.318
1206.68
1207.042
1207.404
1207.766
1208.128
1208.49
1208.852
1209.214
1209.576
1209.938
1210.3
1210.662
1211.024
1211.386
1211.748
1212.11
1212.471
1212.703
1212.935
1213.167
1213.399
1213.631
1213.863
1214.095
1214.327
1214.559
1214.791
1215.023
1215.255
1215.487
1215.719
1215.951
1216.183
1216.415
1216.647
1216.879
1217.11
1217.822
1218.534
1219.246
1219.958
1220.67
1221.382
1222.094
1222.806
1223.518
1224.23
1224.942
1225.654
1226.366
1227.078
1227.79
1228.5
1229.523
1230.546
1231.569
1232.592
1233.615
1234.638
1235.661
1236.684
1237.707
1238.73
1239.753
1240.776
1241.799
1242.822
1243.845
1244.868
1245.891
1246.92
1247.316
1247.712
1248.108
1248.504
1248.9
1249.296
1249.692
1250.088
1250.484
1250.88
1251.276
1251.672
1252.068
1252.464
1252.86
1253.25
1253.709
1254.168
1254.627
1255.086
1255.545
1256.004
1256.463
1256.922
1257.381
1257.84
1258.299
1258.758
1259.217
1259.676
1260.135
1260.594
1261.053
1261.51
1261.874
1262.238
1262.602
1262.966
1263.33
1263.694
1264.058
1264.422
1264.786
1265.15
1265.514
1265.878
1266.242
1266.606
1266.97
1267.334
1267.69
1267.995
1268.3
1268.605
1268.91
1269.215
1269.52
1269.825
1270.13
1270.435
1270.74
1271.045
1271.35
1271.655
1271.96
1272.265
1272.57
1272.907
1273.244
1273.581
1273.918
1274.255
1274.591
1274.927
1275.264
1275.601
1275.938
1276.274
1276.61
1276.947
1277.284
1277.62
1277.956
1278.293
1278.63
1278.966
1279.3
1279.63
1279.96
1280.29
1280.62
1280.95
1281.28
1281.61
1281.94
1282.27
1282.6
1282.93
1283.26
1283.59
1283.92
1284.25
1284.464
1284.678
1284.892
1285.106
1285.32
1285.534
1285.748
1285.962
1286.176
1286.39
1286.604
1286.818
1287.032
1287.246
1287.46
1287.68
1288.143
1288.606
1289.069
1289.532
1289.995
1290.458
1290.921
1291.384
1291.847
1292.31
1292.773
1293.236
1293.699
1294.162
1294.625
1295.088
1295.551
1296.014
1296.477
1296.94
1297.403
1297.87
1298.087
1298.304
1298.521
1298.738
1298.955
1299.172
1299.389
1299.606
1299.823
1300.04
1300.257
1300.474
1300.691
1300.908
1301.125
1301.342
1301.559
1301.776
1302.0
1302.493
1302.986
1303.479
1303.972
1304.465
1304.958
1305.451
1305.944
1306.437
1306.93
1307.423
1307.916
1308.409
1308.902
1309.395
1309.888
1310.381
1310.874
1311.367
1311.86
1312.353
1312.846
1313.339
1313.832
1314.32
1314.644
1314.968
1315.292
1315.616
1315.94
1316.264
1316.588
1316.912
1317.236
1317.56
1317.884
1318.208
1318.532
1318.856
1319.18
1319.504
1319.828
1320.152
1320.476
1320.8
1321.124
1321.448
1321.772
1322.096
1322.42
1322.75
1324.654
1326.558
1328.462
1330.366
1332.27
1334.174
1336.078
1337.982
1339.886
1341.79
1343.69
1344.337
1344.984
1345.631
1346.278
1346.925
1347.572
1348.219
1348.866
1349.513
1350.16
1350.807
1351.454
1352.101
1352.748
1353.395
1354.042
1354.689
1355.336
1355.983
1356.63
1357.27
1357.995
1358.72
1359.445
1360.17
1360.895
1361.62
1362.345
1363.07
1363.795
1364.52
1365.245
1365.97
1366.695
1367.42
1368.145
1368.87
1369.595
1370.32
1371.045
1371.77
1372.495
1373.22
1373.94
1374.513
1375.086
1375.659
1376.232
1376.805
1377.378
1377.951
1378.524
1379.097
1379.67
1380.243
1380.816
1381.389
1381.962
1382.535
1383.108
1383.681
1384.254
1384.827
1385.4
1385.927
1386.454
1386.981
1387.508
1388.035
1388.562
1389.089
1389.616
1390.143
1390.67
1391.197
1391.724
1392.251
1392.778
1393.305
1393.832
1394.359
1394.886
1395.413
1395.94
1396.46
1396.571
1396.682
1396.793
1396.904
1397.015
1397.126
1397.237
1397.348
1397.46
1398.15
1398.84
1399.53
1400.22
1400.91
1401.6
1402.29
1402.98
1403.67
1404.36
1405.05
1405.74
1406.43
1407.12
1407.81
1408.5
1409.19
1409.88
1410.141
1410.402
1410.663
1410.924
1411.185
1411.446
1411.707
1411.968
1412.229
1412.49
1412.751
1413.012
1413.273
1413.534
1413.795
1414.056
1414.317
1414.578
1414.839
1415.1
1415.873
1416.646
1417.419
1418.192
1418.965
1419.738
1420.511
1421.284
1422.057
1422.83
1423.603
1424.376
1425.149
1425.922
1426.695
1427.468
1428.241
1429.01
1429.322
1429.634
1429.946
1430.258
1430.57
1430.882
1431.194
1431.506
1431.818
1432.13
1432.442
1432.754
1433.066
1433.378
1433.69
1434.002
1434.314
1434.626
1434.938
1435.25
1435.562
1435.874
1436.186
1436.5
1436.827
1437.154
1437.481
1437.808
1438.135
1438.462
1438.789
1439.116
1439.443
1439.77
1440.097
1440.424
1440.751
1441.078
1441.405
1441.732
1442.059
1442.386
1442.713
1443.04
1443.36
1443.724
1444.088
1444.452
1444.816
1445.18
1445.544
1445.908
1446.272
1446.636
1447.0
1447.364
1447.728
1448.092
1448.456
1448.82
1449.184
1449.548
1449.912
1450.276
1450.64
1451.004
1451.368
1451.732
1452.09
1452.793
1453.495
1454.197
1454.9
1455.359
1455.818
1456.277
1456.736
1457.195
1457.654
1458.113
1458.572
1459.031
1459.49
1459.949
1460.408
1460.867
1461.326
1461.785
1462.25
1462.486
1462.722
1462.958
1463.194
1463.43
1463.666
1463.902
1464.138
1464.374
1464.61
1464.846
1465.082
1465.318
1465.554
1465.79
1466.026
1466.262
1466.49
1466.757
1467.024
1467.291
1467.558
1467.825
1468.092
1468.359
1468.626
1468.893
1469.16
1469.427
1469.694
1469.961
1470.228
1470.495
1470.762
1471.029
1471.29
1471.599
1471.908
1472.217
1472.526
1472.835
1473.144
1473.453
1473.762
1474.071
1474.38
1474.689
1474.998
1475.307
1475.616
1475.925
1476.24
1476.558
1476.876
1477.194
1477.512
1477.83
1478.148
1478.466
1478.784
1479.102
1479.42
1479.738
1480.056
1480.374
1480.692
1481.01
1481.328
1481.646
1481.964
1482.282
1482.6
1483.017
1483.434
1483.851
1484.268
1484.685
1485.102
1485.519
1485.936
1486.353
1486.77
1487.187
1487.604
1488.021
1488.438
1488.855
1489.272
1489.69
1489.96
1490.23
1490.5
1490.77
1491.04
1491.31
1491.58
1491.85
1492.12
1492.39
1492.66
1492.93
1493.2
1493.47
1493.74
1494.01
1494.28
1494.55
1495.18
1495.81
1496.44
1496.739
1497.038
1497.337
1497.636
1497.935
1498.234
1498.533
1498.832
1499.131
1499.43
1499.729
1500.028
1500.327
1500.626
1500.925
1501.224
1501.521
1502.029
1502.537
1503.045
1503.553
1504.062
1504.57
1505.078
1505.586
1506.094
1506.602
1507.111
1507.62
1508.128
1508.64
1508.822
1509.004
1509.186
1509.368
1509.55
1509.732
1509.914
1510.096
1510.278
1510.46
1510.642
1510.824
1511.006
1511.188
1511.37
1511.552
1511.734
1511.91
1512.329
1512.748
1513.167
1513.586
1514.005
1514.424
1514.843
1515.262
1515.681
1516.1
1516.519
1516.938
1517.357
1517.776
1518.195
1518.614
1519.033
1519.452
1519.87
1520.433
1520.996
1521.559
1522.122
1522.685
1523.248
1523.811
1524.374
1524.937
1525.5
1526.063
1526.626
1527.189
1527.752
1528.315
1528.878
1529.44
1529.949
1530.458
1530.967
1531.476
1531.985
1532.494
1533.003
1533.512
1534.021
1534.53
1535.039
1535.548
1536.057
1536.566
1537.075
1537.584
1538.1
1538.376
1538.652
1538.928
1539.204
1539.48
1539.756
1540.032
1540.308
1540.584
1540.86
1541.136
1541.412
1541.688
1541.964
1542.24
1542.516
1542.8
1543.093
1543.387
1543.68
1543.974
1544.267
1544.561
1544.854
1545.148
1545.441
1545.735
1546.028
1546.322
1546.615
1546.909
1547.203
1547.496
1547.79
1548.083
1548.377
1548.67
1548.899
1549.128
1549.357
1549.586
1549.815
1550.044
1550.273
1550.502
1550.731
1550.96
1551.189
1551.418
1551.647
1551.876
1552.105
1552.334
1552.563
1552.8
1553.035
1553.27
1553.505
1553.74
1553.975
1554.21
1554.445
1554.68
1554.915
1555.15
1555.385
1555.62
1555.855
1556.09
1556.325
1556.56
1556.795
1557.03
1557.265
1557.5
1557.735
1557.97
1558.205
1558.44
1558.675
1558.91
1559.118
1559.326
1559.534
1559.742
1559.95
1560.158
1560.366
1560.574
1560.782
1560.99
1561.198
1561.406
1561.614
1561.822
1562.03
1562.238
1562.45
1562.704
1562.958
1563.212
1563.466
1563.72
1563.974
1564.228
1564.482
1564.736
1564.99
1565.244
1565.498
1565.752
1566.006
1566.26
1566.514
1566.77
1567.075
1567.38
1567.685
1567.99
1568.295
1568.6
1568.905
1569.21
1569.515
1569.82
1570.125
1570.43
1570.735
1571.04
1571.345
1571.65
1571.955
1572.26
1572.659
1573.058
1573.457
1573.856
1574.255
1574.654
1575.053
1575.452
1575.851
1576.25
1576.649
1577.048
1577.447
1577.846
1578.245
1578.644
1579.05
1579.504
1579.958
1580.412
1580.866
1581.32
1581.774
1582.228
1582.682
1583.136
1583.59
1584.044
1584.498
1584.952
1585.406
1585.86
1586.361
1586.862
1587.363
1587.864
1588.365
1588.866
1589.367
1589.868
1590.369
1590.87
1591.371
1591.872
1592.373
1592.874
1593.375
1593.876
1594.377
1594.87
1595.285
1595.7
1596.115
1596.53
1596.945
1597.36
1597.775
1598.19
1598.605
1599.02
1599.435
1599.85
1600.265
1600.68
1601.095
1601.51
1601.925
1602.34
1602.74
1603.14
1603.54
1603.94
1604.34
1604.74
1605.14
1605.54
1605.94
1606.34
1606.74
1607.14
1607.54
1607.94
1608.34
1608.74
1609.14
1609.54
1609.94
1610.34
1610.75
1611.056
1611.362
1611.668
1611.974
1612.28
1612.586
1612.892
1613.198
1613.504
1613.81
1614.116
1614.422
1614.728
1615.034
1615.34
1615.646
1615.952
1616.258
1616.57
1616.942
1617.314
1617.686
1618.058
1618.43
1618.802
1619.174
1619.546
1619.918
1620.29
1620.662
1621.034
1621.406
1621.778
1622.15
1622.514
1622.878
1623.242
1623.606
1623.97
1624.334
1624.698
1625.062
1625.426
1625.79
1626.154
1626.518
1626.882
1627.246
1627.61
1627.974
1628.338
1628.702
1629.07
1629.461
1629.852
1630.243
1630.634
1631.025
1631.416
1631.807
1632.198
1632.589
1632.98
1633.371
1633.762
1634.153
1634.544
1634.935
1635.326
1635.71
1636.03
1636.35
1636.67
1636.99
1637.31
1637.63
1637.95
1638.27
1638.59
1638.91
1639.23
1639.55
1639.87
1640.19
1640.51
1640.83
1641.15
1641.47
1641.733
1641.996
1642.259
1642.522
1642.785
1643.048
1643.311
1643.574
1643.837
1644.1
1644.363
1644.626
1644.889
1645.152
1645.415
1645.678
1645.941
1646.2
1646.61
1647.02
1647.43
1647.84
1648.25
1648.66
1649.07
1649.48
1649.89
1650.3
1650.71
1651.12
1651.53
1651.94
1652.35
1652.76
1653.17
1653.58
1654.067
1654.554
1655.041
1655.528
1656.015
1656.502
1656.989
1657.476
1657.963
1658.45
1658.937
1659.424
1659.911
1660.398
1660.885
1661.372
1661.859
1662.34
1662.649
1662.958
1663.268
1663.578
1663.888
1664.197
1664.506
1664.816
1665.126
1665.436
1665.745
1666.054
1666.364
1666.674
1666.984
1667.293
1667.602
1667.911
1668.24
1668.569
1668.898
1669.227
1669.556
1669.885
1670.214
1670.543
1670.872
1671.201
1671.53
1671.86
1672.193
1672.526
1672.859
1673.192
1673.525
1673.858
1674.191
1674.524
1674.857
1675.19
1675.523
1675.856
1676.189
1676.522
1676.855
1677.188
1677.521
1677.86
1678.39
1678.921
1679.452
1679.983
1680.514
1681.044
1681.575
1682.106
1682.637
1683.168
1683.698
1684.229
1684.76
1685.291
1685.822
1686.352
1686.883
1687.414
1687.945
1688.47
1688.969
1689.468
1689.967
1690.466
1690.965
1691.464
1691.963
1692.462
1692.961
1693.46
1693.959
1694.458
1694.957
1695.456
1695.955
1696.454
1696.953
1697.452
1697.951
1698.45
1698.841
1699.232
1699.623
1700.014
1700.405
1700.796
1701.187
1701.578
1701.969
1702.36
1702.751
1703.142
1703.533
1703.924
1704.315
1704.706
1705.097
1705.488
1705.879
1706.27
1706.661
1707.06
1707.451
1707.842
1708.233
1708.624
1709.015
1709.406
1709.797
1710.188
1710.579
1710.97
1711.361
1711.752
1712.143
1712.534
1712.92
1713.148
1713.376
1713.604
1713.832
1714.06
1714.288
1714.516
1714.744
1714.972
1715.2
1715.428
1715.656
1715.884
1716.112
1716.34
1716.568
1716.796
1717.024
1717.26
1717.675
1718.09
1718.505
1718.92
1719.335
1719.75
1720.165
1720.58
1720.995
1721.41
1722.094
1722.778
1723.462
1724.146
1724.83
1725.514
1726.198
1726.882
1727.566
1728.25
1728.934
1729.618
1730.302
1730.98
1731.26
1731.54
1731.82
1732.1
1732.38
1732.66
1732.94
1733.22
1733.5
1733.78
1734.06
1734.34
1734.62
1734.9
1735.18
1735.46
1735.74
1736.02
1736.3
1736.673
1737.046
1737.419
1737.792
1738.165
1738.538
1738.911
1739.284
1739.657
1740.03
1740.403
1740.776
1741.149
1741.522
1741.895
1742.268
1742.641
1743.01
1743.389
1743.767
1744.146
1744.524
1744.902
1745.281
1745.659
1746.038
1746.417
1746.795
1747.174
1747.553
1747.932
1748.311
1748.689
1749.068
1749.447
1749.825
1750.204
1750.58
1750.897
1751.214
1751.531
1751.848
1752.165
1752.482
1752.799
1753.116
1753.433
1753.75
1754.067
1754.384
1754.701
1755.018
1755.335
1755.652
1755.969
1756.286
1756.61
1756.825
1757.04
1757.255
1757.47
1757.685
1757.9
1758.115
1758.33
1758.545
1758.76
1758.975
1759.19
1759.405
1759.62
1759.835
1760.05
1760.265
1760.48
1760.695
1760.91
1761.12
1761.515
1761.91
1762.305
1762.7
1763.095
1763.49
1763.885
1764.28
1764.675
1765.07
1765.465
1765.86
1766.255
1766.65
1767.045
1767.44
1767.83
1768.178
1768.526
1768.874
1769.222
1769.57
1769.918
1770.265
1770.613
1770.961
1771.309
1771.657
1772.005
1772.353
1772.701
1773.049
1773.397
1773.745
1774.092
1774.44
1774.78
1775.385
1775.99
1776.595
1777.2
1777.805
1778.41
1779.015
1779.62
1780.225
1780.83
1781.435
1782.04
1782.645
1783.25
1783.855
1784.46
1785.065
1785.67
1786.27
1787.052
1787.834
1788.616
1789.398
1790.18
1790.962
1791.744
1792.526
1793.308
1794.09
1794.872
1795.654
1796.436
1797.218
1798.0
1798.782
1799.564
1800.35
1800.703
1801.056
1801.409
1801.762
1802.115
1802.468
1802.821
1803.174
1803.527
1803.88
1804.233
1804.586
1804.939
1805.292
1805.64
1806.032
1806.424
1806.816
1807.208
1807.6
1807.992
1808.384
1808.776
1809.168
1809.56
1809.952
1810.344
1810.736
1811.128
1811.52
1811.91
1812.335
1812.76
1813.185
1813.61
1814.035
1814.46
1814.885
1815.31
1815.735
1816.16
1816.585
1817.01
1817.435
1817.86
1818.285
1818.71
1819.135
1819.56
1819.99
1820.694
1821.398
1822.102
1822.806
1823.51
1824.214
1824.918
1825.622
1826.326
1827.03
1827.734
1828.438
1829.142
1829.846
1830.55
1831.26
1831.518
1831.776
1832.034
1832.292
1832.55
1832.808
1833.066
1833.324
1833.582
1833.84
1834.098
1834.356
1834.614
1834.872
1835.13
1835.388
1835.646
1835.904
1836.16
1836.441
1836.722
1837.003
1837.284
1837.565
1837.846
1838.127
1838.408
1838.689
1838.97
1839.251
1839.532
1839.813
1840.094
1840.375
1840.656
1840.937
1841.218
1841.499
1841.78
1842.077
1842.374
1842.671
1842.968
1843.265
1843.562
1843.859
1844.156
1844.453
1844.75
1845.047
1845.344
1845.641
1845.938
1846.235
1846.532
1846.829
1847.13
1847.806
1848.482
1849.158
1849.834
1850.51
1851.186
1851.862
1852.538
1853.214
1853.89
1854.566
1855.242
1855.918
1856.59
1856.794
1856.998
1857.202
1857.406
1857.61
1857.814
1858.018
1858.222
1858.426
1858.63
1858.834
1859.038
1859.242
1859.446
1859.65
1859.854
1860.058
1860.26
1860.651
1861.042
1861.433
1861.824
1862.215
1862.606
1862.997
1863.388
1863.779
1864.17
1864.561
1864.952
1865.343
1865.734
1866.13
1866.492
1866.854
1867.216
1867.578
1867.94
1868.302
1868.664
1869.026
1869.388
1869.75
1870.112
1870.474
1870.836
1871.198
1871.56
1871.922
1872.284
1872.646
1873.008
1873.37
1873.732
1874.1
1874.584
1875.069
1875.553
1876.038
1876.523
1877.007
1877.492
1877.976
1878.461
1878.946
1879.43
1879.915
1880.399
1880.883
1881.368
1881.852
1882.337
1882.822
1883.306
1883.79
1884.243
1884.696
1885.149
1885.601
1886.054
1886.507
1886.96
1887.413
1887.866
1888.319
1888.772
1889.225
1889.678
1890.131
1890.584
1891.037
1891.49
1891.943
1892.396
1892.84
1893.234
1893.628
1894.022
1894.416
1894.81
1895.204
1895.598
1895.992
1896.386
1896.78
1897.174
1897.568
1897.962
1898.356
1898.75
1899.144
1899.538
1899.932
1900.32
1901.04
1901.76
1902.48
1903.2
1903.92
1904.237
1904.554
1904.871
1905.188
1905.505
1905.822
1906.139
1906.456
1906.773
1907.09
1907.407
1907.724
1908.041
1908.358
1908.675
1908.992
1909.309
1909.626
1909.94
1910.292
1910.644
1910.996
1911.348
1911.7
1912.052
1912.404
1912.756
1913.108
1913.46
1913.812
1914.164
1914.516
1914.868
1915.22
1915.572
1915.924
1916.27
1916.554
1916.838
1917.122
1917.406
1917.69
1917.974
1918.258
1918.542
1918.826
1919.11
1919.394
1919.678
1919.962
1920.246
1920.53
1920.814
1921.098
1921.382
1921.666
1921.95
1922.23
1922.548
1922.866
1923.184
1923.502
1923.82
1924.138
1924.456
1924.774
1925.092
1925.41
1925.728
1926.046
1926.364
1926.682
1927.0
1927.318
1927.636
1927.954
1928.28
1928.795
1929.31
1929.825
1930.34
1930.855
1931.37
1931.885
1932.4
1932.915
1933.43
1933.945
1934.46
1934.975
1935.49
1936.005
1936.52
1937.035
1937.55
1938.065
1938.58
1939.095
1939.62
1940.118
1940.616
1941.114
1941.612
1942.11
1942.608
1943.106
1943.604
1944.102
1944.6
1945.098
1945.596
1946.094
1946.592
1947.09
1947.588
1948.086
1948.58
1949.983
1951.386
1952.789
1954.192
1955.595
1956.998
1958.401
1959.804
1961.207
1962.61
1964.01
1964.79
1965.57
1966.35
1967.13
1967.91
1968.69
1969.47
1970.25
1971.03
1971.81
1972.59
1973.37
1973.647
1973.924
1974.201
1974.478
1974.755
1975.032
1975.309
1975.586
1975.863
1976.14
1976.417
1976.694
1976.971
1977.248
1977.525
1977.802
1978.079
1978.35
1978.75
1979.15
1979.55
1979.95
1980.35
1980.75
1981.15
1981.55
1981.95
1982.35
1982.75
1983.15
1983.55
1983.95
1984.35
1984.75
1985.15
1985.566
1985.982
1986.398
1986.814
1987.23
1987.646
1988.062
1988.478
1988.894
1989.31
1989.726
1990.142
1990.558
1990.974
1991.39
1991.806
1992.222
1992.638
1993.06
1993.393
1993.726
1994.059
1994.392
1994.725
1995.058
1995.391
1995.724
1996.057
1996.39
1996.723
1997.056
1997.389
1997.722
1998.055
1998.39
1998.706
1999.022
1999.338
1999.654
1999.97
2000.286
2000.602
2000.918
2001.234
2001.55
2001.866
2002.182
2002.498
2002.814
2003.13
2003.446
2003.77
2004.095
2004.42
2004.745
2005.07
2005.395
2005.72
2006.045
2006.37
2006.695
2007.02
2007.345
2007.67
2007.995
2008.32
2008.645
2008.97
2009.3
2009.754
2010.208
2010.662
2011.116
2011.57
2012.024
2012.478
2012.932
2013.386
2013.84
2014.294
2014.748
2015.202
2015.656
2016.11
2016.564
2017.02
2017.326
2017.632
2017.938
2018.244
2018.55
2018.856
2019.162
2019.468
2019.774
2020.08
2020.386
2020.692
2020.998
2021.304
2021.61
2021.916
2022.222
2022.528
2022.83
2023.161
2023.492
2023.823
2024.154
2024.485
2024.816
2025.147
2025.478
2025.809
2026.14
2026.471
2026.802
2027.133
2027.464
2027.795
2028.126
2028.457
2028.788
2029.11
2029.545
2029.98
2030.415
2030.85
2031.285
2031.72
2032.155
2032.59
2033.025
2033.46
2033.895
2034.33
2034.765
2035.2
2035.635
2036.07
2036.505
2036.94
2037.268
2037.596
2037.924
2038.252
2038.58
2038.908
2039.236
2039.564
2039.892
2040.22
2040.55
2040.727
2040.904
2041.081
2041.258
2041.435
2041.612
2041.789
2041.966
2042.143
2042.32
2042.497
2042.674
2042.851
2043.028
2043.205
2043.382
2043.559
2043.74
2044.041
2044.342
2044.643
2044.944
2045.245
2045.546
2045.847
2046.148
2046.449
2046.75
2047.051
2047.352
2047.653
2047.954
2048.255
2048.56
2049.208
2049.856
2050.504
2051.152
2051.8
2052.448
2053.096
2053.744
2054.392
2055.04
2055.688
2056.336
2056.984
2057.632
2058.28
2058.928
2059.576
2060.224
2060.872
2061.52
2061.776
2062.032
2062.288
2062.544
2062.8
2063.056
2063.312
2063.568
2063.824
2064.08
2064.336
2064.592
2064.848
2065.104
2065.36
2065.616
2065.872
2066.129
2066.44
2066.751
2067.062
2067.373
2067.684
2067.995
2068.306
2068.617
2068.928
2069.239
2069.55
2069.861
2070.172
2070.483
2070.794
2071.105
2071.416
2071.72
2071.978
2072.236
2072.494
2072.752
2073.01
2073.268
2073.526
2073.784
2074.042
2074.3
2074.558
2074.816
2075.074
2075.332
2075.59
2075.848
2076.106
2076.37
2077.942
2079.514
2081.086
2082.658
2084.23
2085.802
2087.374
2088.946
2090.518
2092.09
2093.662
2095.234
2096.8
2097.129
2097.458
2097.787
2098.116
2098.445
2098.774
2099.103
2099.432
2099.761
2100.09
2100.419
2100.748
2101.077
2101.406
2101.74
2102.292
2102.844
2103.396
2103.948
2104.5
2105.052
2105.604
2106.156
2106.708
2107.26
2107.812
2108.364
2108.916
2109.468
2110.02
2110.579
2111.143
2111.707
2112.271
2112.835
2113.399
2113.963
2114.527
2115.091
2115.655
2116.219
2116.783
2117.347
2117.911
2118.475
2119.039
2119.599
2120.207
2120.815
2121.423
2122.031
2122.639
2123.247
2123.855
2124.463
2125.071
2125.679
2126.287
2126.895
2127.503
2128.111
2128.719
2129.33
2129.605
2129.88
2130.155
2130.43
2130.705
2130.98
2131.255
2131.53
2131.805
2132.08
2132.355
2132.63
2132.905
2133.18
2133.455
2133.73
2134.002
2134.254
2134.506
2134.758
2135.01
2135.262
2135.514
2135.766
2136.018
2136.27
2136.522
2136.774
2137.026
2137.278
2137.53
2137.782
2138.034
2138.286
2138.538
2138.79
2139.04
2139.335
2139.63
2139.925
2140.22
2140.515
2140.81
2141.105
2141.4
2141.695
2141.99
2142.285
2142.58
2142.875
2143.17
2143.465
2143.76
2144.055
2144.35
2144.645
2144.94
2145.235
2145.52
2145.914
2146.308
2146.702
2147.096
2147.49
2147.884
2148.278
2148.672
2149.066
2149.46
2149.854
2150.248
2150.642
2151.036
2151.43
2151.824
2152.22
2152.553
2152.886
2153.219
2153.552
2153.885
2154.218
2154.551
2154.884
2155.217
2155.55
2155.883
2156.216
2156.549
2156.882
2157.215
2157.548
2157.88
2158.45
2159.02
2159.59
2160.16
2160.491
2160.822
2161.153
2161.484
2161.815
2162.146
2162.477
2162.808
2163.139
2163.47
2163.801
2164.132
2164.463
2164.794
2165.125
2165.456
2165.787
2166.118
2166.449
2166.78
2167.201
2167.622
2168.043
2168.464
2168.885
2169.306
2169.727
2170.148
2170.569
2170.99
2171.41
2171.831
2172.252
2172.673
2173.093
2173.514
2173.935
2174.356
2174.777
2175.19
2175.528
2175.866
2176.204
2176.542
2176.88
2177.218
2177.556
2177.894
2178.232
2178.57
2178.908
2179.246
2179.584
2179.922
2180.26
2180.598
2180.936
2181.27
2181.523
2181.776
2182.029
2182.282
2182.535
2182.788
2183.041
2183.294
2183.547
2183.8
2184.053
2184.306
2184.559
2184.812
2185.065
2185.32
2185.609
2185.898
2186.187
2186.476
2186.765
2187.054
2187.343
2187.632
2187.921
2188.21
2188.499
2188.788
2189.077
2189.366
2189.655
2189.944
2190.234
2190.701
2191.168
2191.635
2192.102
2192.569
2193.036
2193.503
2193.97
2194.437
2194.904
2195.371
2195.838
2196.305
2196.772
2197.239
2197.706
2198.173
2198.64
2200.007
2201.374
2202.742
2204.11
2204.507
2204.904
2205.301
2205.698
2206.095
2206.492
2206.889
2207.286
2207.683
2208.08
2208.477
2208.874
2209.271
2209.668
2210.065
2210.462
2210.859
2211.26
2211.838
2212.416
2212.994
2213.572
2214.15
2214.728
2215.306
2215.884
2216.462
2217.04
2217.618
2218.196
2218.77
2219.163
2219.556
2219.949
2220.342
2220.735
2221.128
2221.521
2221.914
2222.307
2222.7
2223.093
2223.486
2223.879
2224.272
2224.665
2225.058
2225.451
2225.84
2226.412
2226.983
2227.555
2228.126
2228.698
2229.269
2229.84
2230.412
2230.983
2231.555
2232.126
2232.698
2233.269
2233.84
2234.412
2234.983
2235.555
2236.126
2236.698
2237.27
2237.596
2237.922
2238.248
2238.574
2238.9
2239.226
2239.552
2239.878
2240.204
2240.53
2240.856
2241.182
2241.508
2241.834
2242.16
2242.486
2242.812
2243.138
2243.464
2243.79
2244.12
2244.484
2244.848
2245.212
2245.576
2245.94
2246.304
2246.668
2247.032
2247.396
2247.76
2248.124
2248.488
2248.852
2249.216
2249.58
2249.944
2250.31
2250.513
2250.716
2250.919
2251.122
2251.325
2251.528
2251.731
2251.934
2252.137
2252.34
2252.543
2252.746
2252.949
2253.152
2253.355
2253.56
2254.02
2254.48
2254.94
2255.4
2255.86
2256.32
2256.78
2257.24
2257.7
2258.16
2258.62
2259.08
2259.54
2260.0
2260.46
2260.92
2261.38
2261.84
2262.13
2262.42
2262.71
2263.0
2263.29
2263.58
2263.87
2264.16
2264.45
2264.74
2265.03
2265.32
2265.61
2265.9
2266.19
2266.617
2267.044
2267.471
2267.898
2268.325
2268.75
2269.131
2269.512
2269.893
2270.274
2270.655
2271.036
2271.417
2271.798
2272.179
2272.56
2272.941
2273.322
2273.703
2274.084
2274.46
2274.936
2275.412
2275.888
2276.364
2276.84
2277.316
2277.792
2278.268
2278.744
2279.22
2279.696
2280.172
2280.648
2281.124
2281.6
2282.076
2282.552
2283.028
2283.51
2283.761
2284.012
2284.263
2284.514
2284.765
2285.016
2285.267
2285.518
2285.769
2286.02
2286.271
2286.522
2286.773
2287.024
2287.275
2287.526
2287.777
2288.028
2288.28
2288.825
2289.37
2289.915
2290.46
2291.005
2291.55
2292.095
2292.64
2293.185
2293.73
2294.275
2294.82
2295.365
2295.91
2296.455
2297.0
2297.55
2297.806
2298.062
2298.318
2298.574
2298.83
2299.086
2299.342
2299.598
2299.854
2300.11
2300.366
2300.622
2300.878
2301.134
2301.39
2301.646
2301.902
2302.16
2302.407
2302.654
2302.901
2303.148
2303.395
2303.642
2303.889
2304.136
2304.383
2304.63
2304.877
2305.124
2305.37
2305.617
2305.864
2306.111
2306.358
2306.605
2306.852
2307.09
2307.492
2307.894
2308.296
2308.698
2309.1
2309.502
2309.904
2310.306
2310.708
2311.11
2311.512
2311.914
2312.316
2312.718
2313.12
2313.522
2313.924
2314.33
2314.717
2315.104
2315.491
2315.878
2316.265
2316.652
2317.039
2317.43
2317.694
2317.958
2318.222
2318.486
2318.75
2319.014
2319.278
2319.542
2319.806
2320.07
2320.334
2320.598
2320.862
2321.126
2321.39
2321.654
2321.92
2322.295
2322.67
2323.045
2323.42
2323.795
2324.17
2324.545
2324.92
2325.295
2325.67
2326.045
2326.42
2326.795
2327.17
2327.55
2327.9
2328.25
2328.6
2328.95
2329.3
2329.65
2330.0
2330.35
2330.7
2331.05
2331.4
2331.75
2332.1
2332.45
2332.8
2333.15
2333.5
2333.828
2334.156
2334.484
2334.812
2335.14
2335.468
2335.796
2336.124
2336.452
2336.78
2337.108
2337.436
2337.764
2338.092
2338.42
2338.748
2339.076
2339.404
2339.732
2340.06
2340.397
2340.734
2341.071
2341.408
2341.745
2342.082
2342.419
2342.756
2343.093
2343.43
2343.767
2344.104
2344.441
2344.778
2345.115
2345.452
2345.789
2346.126
2346.47
2346.803
2347.136
2347.469
2347.802
2348.135
2348.468
2348.801
2349.134
2349.467
2349.8
2350.133
2350.466
2350.8
2351.051
2351.302
2351.553
2351.804
2352.055
2352.306
2352.557
2352.808
2353.059
2353.31
2353.561
2353.812
2354.063
2354.314
2354.565
2354.816
2355.06
2355.545
2356.03
2356.515
2357.0
2357.485
2357.97
2358.455
2358.94
2359.425
2359.91
2360.395
2360.88
2361.365
2361.85
2362.335
2362.82
2363.214
2363.608
2364.002
2364.396
2364.79
2365.184
2365.578
2365.972
2366.366
2366.76
2367.154
2367.548
2367.942
2368.34
2368.597
2368.854
2369.111
2369.368
2369.625
2369.882
2370.139
2370.396
2370.653
2370.91
2371.167
2371.424
2371.681
2371.938
2372.195
2372.452
2372.709
2372.97
2373.238
2373.506
2373.774
2374.042
2374.31
2374.578
2374.846
2375.114
2375.382
2375.65
2375.918
2376.186
2376.454
2376.722
2376.99
2377.258
2377.526
2377.794
2378.07
2378.305
2378.54
2378.775
2379.01
2379.245
2379.48
2379.715
2379.95
2380.185
2380.42
2380.655
2380.89
2381.125
2381.36
2381.595
2381.83
2382.065
2382.3
2382.54
2382.919
2383.298
2383.677
2384.056
2384.435
2384.814
2385.193
2385.572
2385.951
2386.33
2386.709
2387.088
2387.467
2387.846
2388.225
2388.604
2388.983
2389.362
2389.741
2390.12
2390.499
2390.87
2391.158
2391.446
2391.734
2392.022
2392.31
2392.598
2392.886
2393.174
2393.462
2393.75
2394.038
2394.326
2394.614
2394.902
2395.19
2395.478
2395.766
2396.06
2396.616
2397.172
2397.728
2398.284
2398.84
2399.396
2399.952
2400.508
2401.064
2401.62
2402.176
2402.732
2403.288
2403.844
2404.4
2404.956
2405.512
2406.07
2407.276
2408.482
2409.688
2410.894
2412.1
2413.222
2414.345
2415.467
2416.59
2417.713
2418.836
2419.958
2421.081
2422.204
2423.327
2424.45
2425.572
2426.695
2427.818
2428.941
2430.06
2430.344
2430.628
2430.912
2431.196
2431.48
2431.764
2432.048
2432.332
2432.616
2432.9
2433.184
2433.468
2433.752
2434.036
2434.32
2434.604
2434.89
2435.184
2435.478
2435.772
2436.066
2436.36
2436.654
2436.948
2437.242
2437.536
2437.83
2438.124
2438.418
2438.712
2439.006
2439.3
2439.594
2439.89
2440.181
2440.472
2440.763
2441.054
2441.345
2441.636
2441.927
2442.218
2442.509
2442.8
2443.091
2443.382
2443.673
2443.964
2444.255
2444.546
2444.837
2445.128
2445.42
2445.888
2446.356
2446.824
2447.292
2447.76
2448.228
2448.696
2449.164
2449.632
2450.1
2450.568
2451.036
2451.504
2451.972
2452.44
2452.908
2453.37
2455.503
2457.636
2459.769
2461.9
2462.457
2463.014
2463.571
2464.128
2464.685
2465.242
2465.799
2466.356
2466.913
2467.47
2468.027
2468.584
2469.141
2469.698
2470.255
2470.812
2471.369
2471.93
2472.332
2472.734
2473.136
2473.538
2473.94
2474.342
2474.744
2475.146
2475.548
2475.95
2476.352
2476.754
2477.156
2477.558
2477.96
2478.362
2478.76
2479.461
2480.162
2480.863
2481.564
2482.265
2482.966
2483.667
2484.368
2485.069
2485.77
2486.471
2487.172
2487.873
2488.574
2489.275
2489.97
2490.185
2490.4
2490.615
2490.83
2491.045
2491.26
2491.475
2491.69
2491.905
2492.12
2492.335
2492.55
2492.765
2492.98
2493.195
2493.41
2493.625
2493.84
2494.05
2494.405
2494.76
2495.115
2495.47
2495.825
2496.18
2496.535
2496.89
2497.245
2497.6
2497.955
2498.31
2498.665
2499.02
2499.375
2499.73
2500.09
2500.769
2501.448
2502.127
2502.806
2503.485
2504.164
2504.843
2505.522
2506.201
2506.88
2507.559
2508.238
2508.917
2509.596
2510.27
2510.48
2510.69
2510.9
2511.11
2511.32
2511.53
2511.74
2511.95
2512.16
2512.37
2512.58
2512.79
2513.0
2513.21
2513.42
2513.63
2513.84
2514.05
2514.26
2514.609
2514.958
2515.307
2515.656
2516.005
2516.354
2516.703
2517.052
2517.401
2517.75
2518.099
2518.448
2518.797
2519.146
2519.495
2519.844
2520.19
2520.43
2520.67
2520.91
2521.15
2521.39
2521.63
2521.87
2522.11
2522.35
2522.59
2522.83
2523.07
2523.31
2523.55
2523.79
2524.03
2524.27
2524.759
2525.248
2525.737
2526.226
2526.715
2527.204
2527.693
2528.182
2528.671
2529.16
2529.649
2530.138
2530.627
2531.116
2531.605
2532.094
2532.583
2533.072
2533.561
2534.05
2534.723
2535.396
2536.069
2536.742
2537.415
2538.088
2538.761
2539.434
2540.107
2540.78
2541.453
2542.126
2542.799
2543.472
2544.15
2544.523
2544.896
2545.269
2545.642
2546.015
2546.388
2546.761
2547.134
2547.507
2547.88
2548.253
2548.626
2548.999
2549.372
2549.745
2550.118
2550.491
2550.864
2551.237
2551.61
2551.983
2552.356
2552.72
2553.101
2553.482
2553.863
2554.244
2554.625
2555.006
2555.387
2555.768
2556.149
2556.53
2556.911
2557.292
2557.673
2558.053
2558.434
2558.815
2559.196
2559.577
2559.958
2560.33
2560.621
2560.912
2561.203
2561.494
2561.785
2562.076
2562.367
2562.658
2562.949
2563.24
2563.531
2563.822
2564.113
2564.404
2564.695
2564.986
2565.277
2565.56
2565.879
2566.198
2566.517
2566.836
2567.155
2567.474
2567.793
2568.112
2568.431
2568.75
2569.069
2569.388
2569.707
2570.026
2570.345
2570.664
2570.983
2571.302
2571.621
2571.94
2572.25
2572.517
2572.784
2573.051
2573.318
2573.585
2573.852
2574.119
2574.386
2574.653
2574.919
2575.186
2575.453
2575.72
2575.986
2576.253
2576.52
2576.787
2577.053
2577.32
2577.58
2578.084
2578.588
2579.093
2579.597
2580.102
2580.606
2581.111
2581.615
2582.119
2582.624
2583.128
2583.633
2584.137
2584.642
2585.146
2585.651
2586.155
2586.66
2587.164
2587.67
2587.967
2588.264
2588.561
2588.858
2589.155
2589.452
2589.749
2590.046
2590.343
2590.64
2590.937
2591.234
2591.531
2591.828
2592.125
2592.422
2592.719
2593.01
2593.46
2593.91
2594.36
2594.81
2595.26
2595.71
2596.16
2596.61
2597.06
2597.51
2597.96
2598.41
2598.86
2599.302
2599.744
2600.186
2600.628
2601.07
2601.512
2601.954
2602.396
2602.838
2603.28
2603.722
2604.164
2604.606
2605.048
2605.49
2605.932
2606.374
2606.816
2607.258
2607.7
2608.142
2608.584
2609.03
2609.326
2609.622
2609.918
2610.214
2610.51
2610.806
2611.102
2611.398
2611.694
2611.99
2612.286
2612.582
2612.878
2613.174
2613.47
2613.766
2614.062
2614.358
2614.654
2614.95
2615.246
2615.542
2615.84
2616.468
2617.096
2617.724
2618.352
2618.98
2619.608
2620.236
2620.864
2621.492
2622.12
2622.748
2623.376
2624.004
2624.632
2625.26
2625.888
2626.52
2626.795
2627.07
2627.345
2627.62
2627.895
2628.17
2628.445
2628.72
2628.995
2629.27
2629.545
2629.82
2630.095
2630.37
2630.645
2630.92
2631.195
2631.47
2631.745
2632.02
2632.295
2632.57
2632.982
2633.394
2633.806
2634.218
2634.63
2635.042
2635.454
2635.866
2636.278
2636.69
2637.102
2637.514
2637.926
2638.338
2638.75
2639.162
2639.574
2639.99
2640.325
2640.66
2640.995
2641.33
2641.665
2642.0
2642.335
2642.67
2643.005
2643.34
2643.675
2644.01
2644.35
2644.763
2645.176
2645.589
2646.002
2646.415
2646.828
2647.241
2647.654
2648.067
2648.48
2648.893
2649.306
2649.719
2650.132
2650.55
2650.911
2651.272
2651.633
2651.994
2652.355
2652.716
2653.077
2653.438
2653.799
2654.16
2654.521
2654.882
2655.243
2655.604
2655.965
2656.33
2656.594
2656.858
2657.122
2657.386
2657.65
2657.914
2658.178
2658.442
2658.706
2658.97
2659.234
2659.498
2659.762
2660.026
2660.29
2660.554
2660.818
2661.08
2661.283
2661.486
2661.689
2661.892
2662.095
2662.298
2662.501
2662.704
2662.907
2663.11
2663.313
2663.516
2663.719
2663.922
2664.125
2664.33
2664.576
2664.822
2665.068
2665.314
2665.56
2665.806
2666.052
2666.298
2666.544
2666.79
2667.036
2667.282
2667.528
2667.774
2668.02
2668.266
2668.512
2668.758
2669.0
2669.302
2669.604
2669.906
2670.208
2670.51
2670.812
2671.114
2671.416
2671.718
2672.02
2672.322
2672.624
2672.926
2673.228
2673.53
2673.832
2674.134
2674.43
2677.302
2680.175
2683.048
2685.92
2688.793
2691.666
2694.539
2697.41
2697.815
2698.22
2698.625
2699.03
2699.435
2699.84
2700.245
2700.65
2701.055
2701.46
2701.865
2702.27
2702.675
2703.08
2703.485
2703.89
2704.295
2704.7
2705.105
2705.51
2705.915
2706.32
2707.034
2707.748
2708.462
2709.176
2709.89
2710.604
2711.318
2712.032
2712.746
2713.46
2714.174
2714.888
2715.602
2716.316
2717.03
2717.653
2718.275
2718.898
2719.521
2720.144
2720.766
2721.389
2722.012
2722.635
2723.258
2723.88
2724.503
2725.126
2725.749
2726.371
2726.99
2727.832
2728.674
2729.516
2730.358
2731.2
2732.042
2732.884
2733.726
2734.568
2735.41
2736.252
2737.094
2737.936
2738.778
2739.62
2740.462
2741.3
2741.924
2742.548
2743.172
2743.796
2744.42
2745.044
2745.668
2746.292
2746.916
2747.54
2748.164
2748.788
2749.412
2750.04
2750.723
2751.406
2752.089
2752.772
2753.455
2754.138
2754.821
2755.504
2756.187
2756.87
2757.553
2758.236
2758.919
2759.602
2760.285
2760.968
2761.651
2762.334
2763.01
2763.579
2764.148
2764.717
2765.286
2765.855
2766.424
2766.993
2767.562
2768.131
2768.7
2769.269
2769.838
2770.407
2770.97
2772.122
2773.274
2774.426
2775.578
2776.73
2777.882
2779.034
2780.186
2781.338
2782.49
2783.642
2784.794
2785.946
2787.098
2788.25
2789.4
2789.958
2790.516
2791.074
2791.632
2792.19
2792.748
2793.306
2793.864
2794.422
2794.98
2795.538
2796.096
2796.654
2797.212
2797.77
2798.328
2798.886
2799.444
2800.011
2800.372
2800.733
2801.094
2801.455
2801.816
2802.177
2802.538
2802.9
2803.168
2803.436
2803.704
2803.972
2804.24
2804.508
2804.776
2805.044
2805.312
2805.58
2805.848
2806.116
2806.384
2806.652
2806.92
2807.484
2808.048
2808.612
2809.176
2809.74
2810.304
2810.868
2811.432
2811.996
2812.56
2813.124
2813.688
2814.252
2814.816
2815.38
2815.94
2816.347
2816.754
2817.161
2817.568
2817.975
2818.382
2818.789
2819.196
2819.603
2820.01
2820.417
2820.824
2821.231
2821.638
2822.045
2822.452
2822.859
2823.266
2823.673
2824.08
2825.121
2826.162
2827.203
2828.244
2829.285
2830.326
2831.367
2832.408
2833.449
2834.49
2835.531
2836.572
2837.613
2838.654
2839.695
2840.73
2841.343
2841.956
2842.569
2843.182
2843.795
2844.408
2845.021
2845.634
2846.247
2846.86
2847.473
2848.086
2848.699
2849.312
2849.93
2850.352
2850.774
2851.196
2851.618
2852.04
2852.462
2852.884
2853.306
2853.728
2854.15
2854.572
2854.994
2855.416
2855.838
2856.26
2856.682
2857.104
2857.526
2857.95
2858.302
2858.655
2859.008
2859.36
2859.713
2860.066
2860.418
2860.771
2861.124
2861.476
2861.829
2862.182
2862.534
2862.887
2863.24
2863.59
2864.043
2864.496
2864.949
2865.402
2865.855
2866.308
2866.761
2867.214
2867.667
2868.12
2868.573
2869.026
2869.479
2869.932
2870.385
2870.84
2871.258
2871.676
2872.094
2872.512
2872.93
2873.348
2873.766
2874.184
2874.602
2875.02
2875.438
2875.856
2876.274
2876.692
2877.11
2877.528
2877.946
2878.37
2878.662
2878.954
2879.246
2879.538
2879.83
2880.122
2880.414
2880.706
2880.998
2881.29
2881.582
2881.874
2882.166
2882.458
2882.75
2883.042
2883.334
2883.626
2883.91
2884.783
2885.656
2886.529
2887.402
2888.275
2889.148
2890.021
2890.894
2891.767
2892.64
2893.513
2894.386
2895.259
2896.132
2897.005
2897.878
2898.751
2899.624
2900.497
2901.37
2901.716
2902.062
2902.408
2902.754
2903.1
2903.446
2903.792
2904.138
2904.484
2904.83
2905.176
2905.522
2905.868
2906.214
2906.56
2906.906
2907.26
2907.57
2907.88
2908.19
2908.5
2908.81
2909.12
2909.43
2909.74
2910.05
2910.36
2910.67
2910.98
2911.29
2911.6
2911.91
2912.22
2912.912
2913.604
2914.296
2914.988
2915.68
2916.372
2917.064
2917.756
2918.448
2919.14
2919.832
2920.524
2921.22
2921.827
2922.434
2923.041
2923.648
2924.255
2924.862
2925.469
2926.076
2926.683
2927.29
2927.897
2928.504
2929.111
2929.718
2930.325
2930.932
2931.539
2932.15
2932.672
2933.194
2933.716
2934.238
2934.76
2935.282
2935.804
2936.326
2936.848
2937.37
2937.892
2938.414
2938.936
2939.458
2939.98
2940.502
2941.024
2941.54
2942.094
2942.648
2943.202
2943.756
2944.31
2944.864
2945.418
2945.972
2946.526
2947.08
2947.634
2948.188
2948.742
2949.296
2949.85
2950.404
2950.95
2951.312
2951.674
2952.036
2952.398
2952.76
2953.122
2953.484
2953.846
2954.208
2954.57
2954.932
2955.294
2955.656
2956.018
2956.38
2956.742
2957.104
2957.47
2957.953
2958.436
2958.919
2959.402
2959.885
2960.368
2960.851
2961.334
2961.817
2962.3
2962.783
2963.266
2963.749
2964.232
2964.715
2965.198
2965.681
2966.164
2966.647
2967.13
2967.61
2967.924
2968.238
2968.552
2968.866
2969.18
2969.494
2969.808
2970.122
2970.436
2970.75
2971.064
2971.378
2971.692
2972.006
2972.32
2972.634
2972.948
2973.262
2973.576
2973.89
2974.2
2974.437
2974.674
2974.911
2975.148
2975.385
2975.622
2975.859
2976.096
2976.333
2976.57
2976.807
2977.044
2977.281
2977.518
2977.755
2977.992
2978.229
2978.466
2978.7
2979.306
2979.912
2980.518
2981.124
2981.73
2982.336
2982.942
2983.548
2984.154
2984.76
2985.366
2985.972
2986.578
2987.184
2987.79
2988.396
2989.01
2989.892
2990.774
2991.656
2992.538
2993.42
2994.302
2995.184
2996.066
2996.948
2997.83
2998.712
2999.594
3000.476
3001.36
3001.53
3001.7
3001.87
3002.04
3002.21
3002.38
3002.55
3002.72
3002.89
3003.06
3003.23
3003.4
3003.57
3003.74
3003.91
3004.08
3004.25
3004.42
3004.857
3005.294
3005.731
3006.168
3006.605
3007.042
3007.479
3007.916
3008.353
3008.79
3009.227
3009.664
3010.101
3010.538
3010.975
3011.412
3011.849
3012.28
3013.316
3014.352
3015.388
3016.424
3017.46
3018.496
3019.532
3020.568
3021.604
3022.64
3023.676
3024.712
3025.748
3026.784
3027.82
3028.856
3029.892
3030.93
3031.814
3032.698
3033.582
3034.466
3035.35
3036.234
3037.118
3038.002
3038.886
3039.77
3040.654
3041.54
3041.848
3042.156
3042.464
3042.772
3043.08
3043.388
3043.696
3044.004
3044.312
3044.62
3044.928
3045.236
3045.544
3045.852
3046.16
3046.468
3046.776
3047.08
3047.395
3047.71
3048.025
3048.34
3048.655
3048.97
3049.285
3049.6
3049.915
3050.23
3050.545
3050.86
3051.175
3051.49
3051.805
3052.12
3052.435
3052.75
3053.07
3053.263
3053.456
3053.649
3053.842
3054.035
3054.228
3054.421
3054.614
3054.807
3055.0
3055.193
3055.386
3055.579
3055.772
3055.965
3056.158
3056.351
3056.544
3056.74
3057.094
3057.448
3057.802
3058.156
3058.51
3058.864
3059.218
3059.572
3059.926
3060.28
3060.634
3060.988
3061.342
3061.696
3062.05
3062.404
3062.758
3063.119
3063.45
3063.781
3064.112
3064.443
3064.774
3065.105
3065.436
3065.767
3066.098
3066.429
3066.76
3067.091
3067.422
3067.753
3068.084
3068.415
3068.746
3069.077
3069.408
3069.74
3070.038
3070.336
3070.634
3070.932
3071.23
3071.53
3071.974
3072.418
3072.862
3073.306
3073.75
3074.194
3074.638
3075.082
3075.526
3075.97
3076.414
3076.858
3077.302
3077.746
3078.19
3078.634
3079.078
3079.52
3080.059
3080.598
3081.137
3081.676
3082.215
3082.754
3083.293
3083.832
3084.371
3084.91
3085.449
3085.988
3086.527
3087.066
3087.605
3088.144
3088.68
3089.045
3089.41
3089.775
3090.14
3090.505
3090.87
3091.235
3091.6
3091.965
3092.33
3092.695
3093.06
3093.425
3093.79
3094.155
3094.52
3094.885
3095.25
3095.609
3096.122
3096.635
3097.148
3097.661
3098.174
3098.687
3099.2
3099.713
3100.226
3100.739
3101.252
3101.765
3102.278
3102.791
3103.304
3103.817
3104.33
3104.85
3105.158
3105.466
3105.774
3106.082
3106.39
3106.698
3107.006
3107.314
3107.622
3107.93
3108.238
3108.546
3108.854
3109.162
3109.47
3109.778
3110.08
3110.572
3111.064
3111.556
3112.048
3112.54
3113.032
3113.524
3114.016
3114.508
3115.0
3115.492
3115.984
3116.476
3116.968
3117.46
3117.952
3118.444
3118.936
3119.42
3120.351
3121.282
3122.213
3123.144
3124.075
3125.006
3125.937
3126.868
3127.799
3128.73
3129.661
3130.592
3131.523
3132.454
3133.385
3134.31
3134.922
3135.534
3136.146
3136.758
3137.37
3137.982
3138.594
3139.206
3139.818
3140.43
3141.042
3141.654
3142.266
3142.878
3143.49
3146.104
3148.718
3151.332
3153.946
3156.56
3156.835
3157.11
3157.385
3157.66
3157.935
3158.21
3158.485
3158.76
3159.035
3159.31
3159.585
3159.86
3160.135
3160.41
3160.685
3160.96
3161.235
3161.51
3161.78
3162.132
3162.484
3162.836
3163.188
3163.54
3163.892
3164.244
3164.596
3164.948
3165.3
3165.652
3166.004
3166.356
3166.71
3167.087
3167.464
3167.841
3168.218
3168.595
3168.972
3169.349
3169.726
3170.103
3170.48
3170.857
3171.234
3171.611
3171.988
3172.359
3172.602
3172.845
3173.088
3173.331
3173.574
3173.817
3174.06
3174.303
3174.546
3174.789
3175.032
3175.275
3175.518
3175.761
3176.004
3176.25
3176.628
3177.006
3177.384
3177.762
3178.14
3178.518
3178.896
3179.274
3179.652
3180.03
3180.408
3180.786
3181.164
3181.542
3181.92
3182.298
3182.676
3183.054
3183.43
3183.757
3184.084
3184.411
3184.738
3185.065
3185.392
3185.719
3186.046
3186.373
3186.7
3187.027
3187.354
3187.681
3188.008
3188.335
3188.662
3188.989
3189.316
3189.643
3189.97
3190.297
3190.62
3191.568
3192.516
3193.463
3194.41
3194.684
3194.958
3195.232
3195.506
3195.78
3196.054
3196.328
3196.602
3196.876
3197.15
3197.424
3197.698
3197.972
3198.246
3198.52
3198.794
3199.068
3199.342
3199.62
3200.326
3201.032
3201.738
3202.444
3203.15
3203.856
3204.562
3205.268
3205.974
3206.68
3207.386
3208.092
3208.798
3209.504
3210.21
3210.92
3211.217
3211.514
3211.811
3212.108
3212.405
3212.702
3212.999
3213.296
3213.593
3213.89
3214.187
3214.484
3214.781
3215.078
3215.375
3215.672
3215.97
3216.271
3216.572
3216.873
3217.174
3217.475
3217.776
3218.077
3218.378
3218.679
3218.98
3219.281
3219.582
3219.883
3220.184
3220.485
3220.786
3221.087
3221.39
3221.699
3222.008
3222.317
3222.626
3222.935
3223.244
3223.553
3223.862
3224.171
3224.48
3224.789
3225.098
3225.407
3225.716
3226.025
3226.334
3226.643
3226.95
3227.221
3227.492
3227.763
3228.034
3228.305
3228.576
3228.847
3229.118
3229.389
3229.66
3229.931
3230.202
3230.473
3230.744
3231.015
3231.286
3231.557
3231.83
3232.035
3232.24
3232.445
3232.65
3232.855
3233.06
3233.265
3233.47
3233.675
3233.88
3234.085
3234.29
3234.495
3234.7
3234.905
3235.11
3235.31
3236.31
3236.826
3237.342
3237.858
3238.374
3238.89
3239.406
3239.922
3240.438
3240.954
3241.47
3241.986
3242.502
3243.018
3243.534
3244.05
3244.566
3245.082
3245.6
3246.047
3246.494
3246.941
3247.388
3247.835
3248.282
3248.729
3249.176
3249.623
3250.07
3250.517
3250.964
3251.411
3251.858
3252.305
3252.752
3253.199
3253.65
3253.946
3254.242
3254.538
3254.834
3255.13
3255.426
3255.722
3256.018
3256.314
3256.61
3256.906
3257.202
3257.498
3257.794
3258.09
3258.386
3258.69
3259.017
3259.344
3259.671
3259.998
3260.325
3260.652
3260.979
3261.306
3261.633
3261.96
3262.287
3262.614
3262.941
3263.268
3263.595
3263.93
3264.807
3265.684
3266.562
3267.439
3268.316
3269.193
3270.071
3270.948
3271.825
3272.702
3273.58
3274.457
3275.334
3276.211
3277.088
3277.966
3278.843
3279.72
3280.597
3281.48
3282.379
3283.278
3284.177
3285.076
3285.975
3286.874
3287.773
3288.672
3289.571
3290.47
3291.369
3292.268
3293.167
3294.066
3294.965
3295.864
3296.763
3297.66
3297.992
3298.324
3298.656
3298.988
3299.32
3299.652
3299.984
3300.316
3300.648
3300.98
3301.312
3301.644
3301.976
3302.308
3302.64
3302.972
3303.304
3303.636
3303.96
3304.217
3304.474
3304.731
3304.988
3305.245
3305.502
3305.759
3306.016
3306.273
3306.53
3306.787
3307.044
3307.301
3307.558
3307.815
3308.072
3308.33
3308.616
3308.902
3309.188
3309.474
3309.76
3310.046
3310.33
3310.543
3310.756
3310.969
3311.182
3311.395
3311.608
3311.821
3312.034
3312.247
3312.46
3312.673
3312.886
3313.099
3313.312
3313.525
3313.738
3313.951
3314.17
3314.476
3314.782
3315.088
3315.394
3315.7
3316.006
3316.312
3316.618
3316.924
3317.23
3317.536
3317.842
3318.148
3318.454
3318.76
3319.06
3319.412
3319.764
3320.116
3320.468
3320.82
3321.172
3321.524
3321.876
3322.228
3322.58
3322.932
3323.284
3323.636
3323.988
3324.34
3324.692
3325.04
3325.499
3325.958
3326.417
3326.876
3327.335
3327.794
3328.253
3328.712
3329.171
3329.63
3330.089
3330.548
3331.007
3331.466
3331.925
3332.384
3332.843
3333.302
3333.77
3334.221
3334.672
3335.123
3335.574
3336.025
3336.476
3336.927
3337.378
3337.829
3338.28
3338.731
3339.182
3339.633
3340.084
3340.535
3340.986
3341.437
3341.88
3342.335
3342.79
3343.245
3343.7
3344.155
3344.61
3345.065
3345.52
3345.975
3346.43
3346.885
3347.34
3347.795
3348.25
3348.705
3349.16
3349.62
3350.184
3350.748
3351.312
3351.876
3352.44
3353.004
3353.568
3354.132
3354.7
3354.93
3355.16
3355.39
3355.62
3355.851
3356.082
3356.312
3356.543
3356.774
3357.005
3357.236
3357.466
3357.697
3357.928
3358.159
3358.39
3358.62
3358.849
3359.112
3359.375
3359.638
3359.901
3360.164
3360.427
3360.69
3360.953
3361.216
3361.479
3361.742
3362.005
3362.268
3362.531
3362.794
3363.057
3363.32
3363.591
3363.873
3364.155
3364.437
3364.719
3365.001
3365.283
3365.565
3365.847
3366.129
3366.411
3366.693
3366.975
3367.257
3367.54
3367.824
3368.108
3368.392
3368.676
3368.96
3369.244
3369.528
3369.812
3370.096
3370.38
3370.664
3370.948
3371.232
3371.516
3371.8
3372.084
3372.368
3372.652
3372.94
3373.269
3373.598
3373.927
3374.256
3374.585
3374.914
3375.243
3375.572
3375.901
3376.23
3376.559
3376.888
3377.217
3377.546
3377.875
3378.21
3378.44
3378.67
3378.9
3379.13
3379.36
3379.59
3379.82
3380.05
3380.28
3380.51
3380.74
3380.97
3381.2
3381.43
3381.66
3381.89
3382.12
3382.35
3382.58
3383.379
3384.178
3384.977
3385.776
3386.575
3387.374
3388.173
3388.972
3389.771
3390.57
3391.369
3392.168
3392.967
3393.766
3394.57
3394.917
3395.264
3395.611
3395.958
3396.305
3396.652
3396.999
3397.346
3397.693
3398.04
3398.387
3398.734
3399.081
3399.428
3399.775
3400.122
3400.47
3400.661
3400.852
3401.043
3401.234
3401.425
3401.616
3401.807
3401.998
3402.189
3402.38
3402.571
3402.762
3402.953
3403.144
3403.335
3403.526
3403.717
3403.908
3404.099
3404.404
3404.709
3405.014
3405.319
3405.624
3405.929
3406.234
3406.539
3406.844
3407.149
3407.454
3407.759
3408.064
3408.369
3408.674
3408.979
3409.29
3409.548
3409.806
3410.064
3410.322
3410.58
3410.838
3411.096
3411.354
3411.612
3411.87
3412.128
3412.386
3412.644
3412.902
3413.16
3413.418
3413.676
3413.934
3414.19
3414.408
3414.626
3414.844
3415.062
3415.28
3415.498
3415.716
3415.934
3416.152
3416.37
3416.588
3416.806
3417.024
3417.242
3417.46
3417.678
3417.896
3418.119
3418.352
3418.585
3418.818
3419.051
3419.284
3419.517
3419.75
3419.983
3420.216
3420.449
3420.682
3420.915
3421.148
3421.381
3421.614
3421.84
3422.178
3422.516
3422.854
3423.192
3423.53
3423.868
3424.206
3424.544
3424.882
3425.22
3425.558
3425.896
3426.234
3426.572
3426.91
3427.25
3427.631
3428.012
3428.393
3428.774
3429.155
3429.536
3429.917
3430.298
3430.679
3431.06
3431.441
3431.822
3432.203
3432.58
3432.93
3433.28
3433.63
3433.98
3434.33
3434.68
3435.03
3435.38
3435.73
3436.08
3436.43
3436.78
3437.13
3437.48
3437.83
3438.18
3438.53
3438.88
3439.23
3439.468
3439.706
3439.944
3440.182
3440.42
3440.658
3440.896
3441.134
3441.372
3441.61
3441.848
3442.086
3442.324
3442.562
3442.8
3443.038
3443.28
3443.681
3444.082
3444.483
3444.884
3445.285
3445.686
3446.087
3446.488
3446.889
3447.29
3447.691
3448.092
3448.493
3448.894
3449.295
3449.696
3450.099
3450.32
3450.541
3450.762
3450.983
3451.204
3451.425
3451.646
3451.867
3452.088
3452.309
3452.53
3452.751
3452.972
3453.193
3453.42
3453.699
3453.978
3454.257
3454.536
3454.815
3455.094
3455.373
3455.652
3455.931
3456.21
3456.489
3456.768
3457.047
3457.326
3457.605
3457.89
3458.271
3458.652
3459.033
3459.414
3459.795
3460.176
3460.557
3460.938
3461.319
3461.7
3462.081
3462.462
3462.843
3463.224
3463.605
3463.99
3464.414
3464.838
3465.262
3465.686
3466.11
3466.534
3466.958
3467.382
3467.806
3468.23
3468.654
3469.078
3469.5
3469.874
3470.248
3470.622
3470.996
3471.37
3471.744
3472.118
3472.492
3472.866
3473.24
3473.614
3473.988
3474.362
3474.736
3475.11
3475.49
3475.958
3476.426
3476.894
3477.362
3477.83
3478.298
3478.766
3479.234
3479.702
3480.17
3480.638
3481.106
3481.574
3482.042
3482.51
3482.978
3483.44
3483.822
3484.204
3484.586
3484.968
3485.35
3485.732
3486.114
3486.496
3486.878
3487.26
3487.642
3488.024
3488.406
3488.788
3489.17
3489.552
3489.94
3489.94
3489.94
3489.94
