73.289
73.489
73.689
73.889
74.089
74.289
74.489
74.689
74.889
75.089
75.289
75.489
75.689
75.889
76.089
76.289
76.489
76.689
76.889
77.09
77.422
77.754
78.086
78.418
78.75
79.082
79.414
79.746
80.078
80.41
80.742
81.074
81.406
81.738
82.07
82.409
82.748
83.087
83.426
83.765
84.104
84.443
84.782
85.121
85.46
85.799
86.138
86.477
86.81
87.073
87.336
87.599
87.862
88.125
88.388
88.651
88.914
89.177
89.44
89.703
89.966
90.229
90.492
90.755
91.018
91.281
91.544
91.799
92.141
92.483
92.825
93.167
93.509
93.851
94.193
94.535
94.877
95.219
95.561
95.899
96.2
96.501
96.802
97.103
97.403
97.704
98.004
98.305
98.606
98.906
99.207
99.507
99.808
100.109
100.409
100.71
101.01
101.311
101.612
101.909
102.478
103.047
103.616
104.185
104.754
105.323
105.892
106.461
107.03
107.599
108.168
108.737
109.306
109.875
110.444
111.013
111.582
112.149
112.877
113.605
114.333
115.061
115.789
116.517
117.245
117.973
118.701
119.428
120.156
120.884
121.612
122.34
123.068
123.789
124.017
124.245
124.473
124.701
124.929
125.157
125.385
125.613
125.841
126.069
126.297
126.525
126.753
126.979
127.619
128.259
128.899
129.539
130.179
130.819
131.459
132.099
132.739
133.379
134.019
134.659
135.299
135.939
136.579
137.22
137.402
137.584
137.766
137.948
138.13
138.312
138.494
138.676
138.858
139.04
139.222
139.404
139.586
139.768
139.95
140.132
140.314
140.496
140.68
141.003
141.326
141.649
141.972
142.295
142.618
142.941
143.264
143.587
143.91
144.233
144.556
144.879
145.202
145.525
145.848
146.171
146.494
146.817
147.14
147.459
147.685
147.911
148.137
148.363
148.589
148.815
149.041
149.267
149.493
149.719
149.945
150.171
150.397
150.623
150.849
151.075
151.301
151.527
151.75
152.075
152.4
152.725
153.05
153.375
153.7
154.025
154.35
154.675
155.0
155.325
155.65
155.975
156.3
156.625
156.95
157.28
157.548
157.816
158.084
158.352
158.62
158.888
159.156
159.424
159.692
159.96
160.228
160.496
160.764
161.032
161.3
161.568
161.836
162.104
162.37
162.646
162.922
163.198
163.474
163.75
164.026
164.302
164.578
164.854
165.13
165.406
165.682
165.958
166.234
166.51
166.786
167.062
167.338
167.609
167.934
168.258
168.583
168.907
169.232
169.556
169.881
170.206
170.53
170.855
171.179
171.504
171.828
172.153
172.477
172.802
173.126
173.45
173.798
174.146
174.494
174.842
175.19
175.538
175.886
176.234
176.582
176.93
177.278
177.626
177.974
178.322
178.67
179.018
179.366
179.714
180.062
180.41
180.75
180.95
181.149
181.349
181.548
181.748
181.947
182.147
182.346
182.546
182.745
182.945
183.144
183.344
183.543
183.743
183.942
184.142
184.341
184.541
184.74
184.94
185.139
185.428
185.717
186.006
186.295
186.584
186.873
187.162
187.451
187.74
188.029
188.318
188.607
188.896
189.185
189.474
189.763
190.052
190.341
190.629
190.939
191.249
191.559
191.869
192.179
192.489
192.799
193.109
193.419
193.729
194.039
194.349
194.659
194.969
195.279
195.589
195.899
196.209
196.52
196.973
197.426
197.879
198.332
198.785
199.238
199.691
200.144
200.597
201.05
201.503
201.956
202.409
202.862
203.315
203.768
204.221
204.67
205.119
205.568
206.017
206.466
206.915
207.364
207.813
208.262
208.711
209.16
209.609
210.058
210.507
210.956
211.405
211.854
212.303
212.752
213.201
213.65
214.09
214.382
214.674
214.966
215.258
215.55
215.842
216.134
216.426
216.72
216.996
217.272
217.548
217.824
218.1
218.376
218.652
218.928
219.204
219.48
219.756
220.032
220.308
220.584
220.86
221.136
221.412
221.688
221.959
222.535
223.111
223.687
224.263
224.839
225.415
225.991
226.567
227.143
227.719
228.295
228.871
229.447
230.023
230.599
231.175
231.751
232.327
232.9
233.382
233.864
234.346
234.828
235.31
235.792
236.274
236.756
237.238
237.72
238.202
238.684
239.166
239.648
240.13
240.612
241.094
241.576
242.058
242.549
242.895
243.241
243.587
243.933
244.279
244.625
244.971
245.317
245.663
246.009
246.355
246.701
247.047
247.393
247.739
248.085
248.431
248.777
249.12
249.513
249.906
250.299
250.692
251.085
251.478
251.871
252.264
252.657
253.05
253.443
253.836
254.229
254.622
255.015
255.409
255.7
255.991
256.282
256.573
256.864
257.155
257.446
257.737
258.028
258.319
258.61
258.901
259.192
259.483
259.774
260.065
260.356
260.639
261.005
261.371
261.737
262.103
262.469
262.835
263.201
263.567
263.933
264.299
264.665
265.031
265.397
265.763
266.129
266.495
266.861
267.227
267.599
267.985
268.371
268.757
269.143
269.529
269.915
270.301
270.687
271.073
271.459
271.845
272.231
272.617
273.003
273.389
273.775
274.161
274.547
274.933
275.319
275.71
276.153
276.596
277.039
277.482
277.925
278.368
278.811
279.254
279.697
280.14
280.583
281.026
281.469
281.912
282.355
282.798
283.241
283.684
284.127
284.57
285.074
285.578
286.082
286.586
287.09
287.594
288.098
288.602
289.106
289.61
290.114
290.618
291.122
291.626
292.13
292.634
293.138
293.642
294.146
294.65
295.064
295.478
295.892
296.306
296.72
297.134
297.548
297.962
298.376
298.79
299.204
299.618
300.032
300.446
300.86
301.274
301.688
302.11
302.361
302.612
302.863
303.114
303.365
303.616
303.867
304.118
304.369
304.62
304.871
305.122
305.373
305.624
305.875
306.126
306.377
306.621
306.855
307.089
307.323
307.557
307.791
308.025
308.259
308.493
308.727
308.961
309.195
309.429
309.663
309.897
310.131
310.365
310.599
310.833
311.06
311.358
311.656
311.954
312.252
312.55
312.848
313.146
313.444
313.742
314.04
314.338
314.636
314.934
315.232
315.53
315.828
316.126
316.43
316.687
316.944
317.201
317.458
317.715
317.972
318.229
318.486
318.743
319.0
319.257
319.514
319.771
320.028
320.285
320.542
320.799
321.056
321.311
321.712
322.113
322.514
322.915
323.316
323.716
324.117
324.518
324.918
325.319
325.72
326.121
326.522
326.923
327.324
327.725
328.126
328.52
328.966
329.412
329.858
330.304
330.75
331.196
331.642
332.088
332.534
332.98
333.426
333.872
334.318
334.764
335.21
335.656
336.11
336.828
337.546
338.264
338.982
339.7
340.418
341.136
341.854
342.572
343.289
345.812
348.335
350.858
353.381
355.904
358.427
360.95
363.473
365.996
368.519
371.042
373.565
376.088
378.611
381.134
383.657
386.18
388.703
391.226
393.75
394.399
395.048
395.697
396.346
396.995
397.644
398.293
398.942
399.591
400.24
400.889
401.538
402.188
402.837
403.486
404.135
404.784
405.433
406.082
406.74
406.958
407.176
407.394
407.612
407.83
408.048
408.266
408.484
408.702
408.92
409.138
409.356
409.574
409.792
410.01
410.228
410.446
410.664
410.882
411.099
411.662
412.225
412.788
413.351
413.914
414.477
415.04
415.603
416.166
416.729
417.292
417.855
418.418
418.981
419.544
420.107
420.669
420.846
421.023
421.2
421.377
421.554
421.731
421.908
422.085
422.262
422.439
422.616
422.793
422.97
423.147
423.324
423.501
423.678
423.86
424.167
424.474
424.781
425.088
425.395
425.702
426.009
426.316
426.623
426.93
427.237
427.544
427.851
428.158
428.459
428.894
429.329
429.764
430.199
430.634
431.069
431.504
431.939
432.374
432.809
433.244
433.679
434.113
434.548
434.983
435.418
435.853
436.28
436.614
436.948
437.282
437.616
437.95
438.284
438.618
438.952
439.286
439.62
439.954
440.288
440.622
440.956
441.29
441.62
443.295
444.97
446.645
448.32
449.995
451.67
453.345
455.02
455.352
455.684
456.016
456.348
456.68
457.012
457.344
457.676
458.008
458.34
458.672
459.004
459.336
459.668
460.0
460.332
460.664
460.996
461.328
461.659
462.133
462.607
463.081
463.555
464.029
464.503
464.977
465.451
465.925
466.399
466.873
467.347
467.821
468.295
468.769
469.243
469.717
470.191
470.665
471.139
471.62
471.898
472.176
472.454
472.732
473.01
473.288
473.566
473.844
474.122
474.4
474.678
474.956
475.234
475.512
475.79
476.068
476.346
476.624
476.902
477.18
477.459
477.785
478.111
478.437
478.763
479.089
479.415
479.741
480.067
480.393
480.719
481.045
481.371
481.697
482.023
482.349
482.675
483.001
483.327
483.649
484.007
484.365
484.723
485.081
485.439
485.797
486.155
486.513
486.871
487.229
487.587
487.945
488.303
488.661
489.019
489.377
489.735
490.093
490.459
490.816
491.173
491.53
491.887
492.244
492.601
492.958
493.315
493.672
494.029
494.386
494.743
495.1
495.457
495.814
496.171
496.528
496.885
497.242
497.599
497.956
498.31
498.786
499.262
499.738
500.214
500.69
501.166
501.642
502.118
502.594
503.07
503.546
504.022
504.498
504.974
505.45
505.919
506.45
506.981
507.512
508.043
508.574
509.105
509.636
510.167
510.698
511.229
511.76
512.291
512.822
513.353
513.884
514.415
514.946
515.477
516.0
516.507
517.014
517.521
518.028
518.535
519.042
519.549
520.056
520.563
521.07
521.577
522.084
522.591
523.098
523.605
524.112
524.619
525.12
525.369
525.618
525.867
526.116
526.365
526.614
526.863
527.112
527.361
527.61
527.859
528.108
528.357
528.606
528.855
529.104
529.353
529.602
529.85
530.506
531.162
531.818
532.474
533.13
533.786
534.44
534.878
535.316
535.754
536.192
536.63
537.068
537.506
537.944
538.382
538.82
539.258
539.696
540.134
540.572
541.01
541.448
541.886
542.324
542.769
543.114
543.459
543.804
544.149
544.494
544.839
545.184
545.529
545.874
546.219
546.564
546.909
547.254
547.599
547.944
548.289
548.634
548.979
549.324
549.66
550.147
550.634
551.121
551.608
552.095
552.582
553.069
553.556
554.043
554.53
555.017
555.504
555.991
556.478
556.965
557.452
557.939
558.426
558.913
559.399
559.72
560.041
560.362
560.683
561.004
561.325
561.646
561.967
562.288
562.609
562.93
563.251
563.572
563.893
564.214
564.535
564.85
565.185
565.52
565.855
566.19
566.525
566.86
567.195
567.53
567.865
568.2
568.535
568.87
569.205
569.54
569.875
570.21
570.545
570.88
571.253
571.626
571.999
572.372
572.745
573.118
573.491
573.864
574.237
574.61
574.983
575.356
575.729
576.102
576.475
576.848
577.221
577.589
577.795
578.001
578.207
578.413
578.619
578.825
579.031
579.24
579.679
580.118
580.557
580.996
581.435
581.874
582.313
582.752
583.191
583.63
584.069
584.508
584.947
585.386
585.825
586.264
586.699
587.101
587.503
587.905
588.307
588.709
589.111
589.513
589.915
590.317
590.719
591.121
591.523
591.925
592.327
592.729
593.131
593.533
593.935
594.329
594.618
594.907
595.196
595.485
595.774
596.063
596.352
596.641
596.93
597.219
597.508
597.797
598.086
598.375
598.664
598.953
599.242
599.531
599.82
600.109
600.398
600.687
600.98
601.234
601.488
601.742
601.996
602.25
602.504
602.758
603.012
603.266
603.52
603.774
604.028
604.282
604.536
604.79
605.044
605.298
605.552
605.806
606.06
606.31
606.757
607.204
607.651
608.098
608.545
608.992
609.439
609.886
610.333
610.78
611.227
611.674
612.121
612.568
613.015
613.462
613.909
614.356
614.803
615.249
615.795
616.341
616.887
617.433
617.979
618.525
619.071
619.617
620.16
620.541
620.922
621.303
621.684
622.065
622.446
622.827
623.208
623.589
623.97
624.351
624.732
625.113
625.494
625.875
626.256
626.637
627.018
627.399
627.71
628.021
628.332
628.643
628.954
629.265
629.576
629.887
630.198
630.509
630.82
631.131
631.442
631.753
632.064
632.375
632.686
632.997
633.308
633.619
633.93
634.457
634.984
635.511
636.038
636.565
637.092
637.619
638.146
638.673
639.2
639.727
640.254
640.781
641.308
641.835
642.362
642.889
643.416
643.943
644.47
644.997
645.524
646.051
646.579
647.238
647.897
648.556
649.215
649.874
650.533
651.192
651.851
652.51
653.169
653.828
654.487
655.146
655.805
656.464
657.123
657.782
658.449
658.685
658.921
659.157
659.393
659.629
659.865
660.101
660.337
660.573
660.809
661.045
661.281
661.517
661.753
661.989
662.225
662.461
662.697
662.933
663.169
663.41
663.813
664.216
664.619
665.022
665.425
665.828
666.231
666.634
667.037
667.44
667.843
668.246
668.649
669.052
669.455
669.858
670.261
670.664
671.067
671.47
671.873
672.276
672.679
673.089
673.317
673.545
673.773
674.001
674.229
674.457
674.685
674.913
675.141
675.369
675.597
675.825
676.053
676.281
676.509
676.737
676.965
677.193
677.43
677.878
678.326
678.774
679.222
679.67
680.118
680.566
681.014
681.462
681.91
682.358
682.806
683.254
683.702
684.15
684.598
685.04
685.321
685.602
685.883
686.164
686.445
686.726
687.007
687.288
687.569
687.85
688.131
688.412
688.693
688.974
689.255
689.536
689.809
690.364
690.919
691.474
692.029
692.444
692.859
693.274
693.689
694.104
694.519
694.934
695.349
695.764
696.179
696.594
697.009
697.424
697.839
698.254
698.669
699.084
699.499
699.914
700.329
700.74
701.033
701.326
701.619
701.912
702.205
702.498
702.791
703.084
703.377
703.67
703.963
704.256
704.549
704.842
705.135
705.428
705.721
706.014
706.307
706.6
707.073
707.546
708.019
708.492
708.965
709.438
709.911
710.384
710.857
711.33
711.803
712.276
712.749
713.222
713.695
714.168
714.641
715.114
715.589
715.866
716.143
716.42
716.697
716.974
717.251
717.528
717.805
718.082
718.359
718.636
718.913
719.19
719.467
719.744
720.021
720.298
720.575
720.86
721.104
721.348
721.592
721.836
722.08
722.324
722.568
722.812
723.056
723.3
723.544
723.788
724.032
724.276
724.52
724.764
725.008
725.252
725.49
725.802
726.114
726.426
726.738
727.05
727.362
727.674
727.986
728.298
728.61
728.922
729.234
729.546
729.858
730.17
730.482
730.794
731.106
731.42
731.524
731.628
731.732
731.836
731.94
732.044
732.148
732.252
732.356
732.46
732.564
732.668
732.772
732.876
732.98
733.084
733.188
733.292
733.396
733.5
733.604
733.709
734.285
734.861
735.437
736.013
736.589
737.165
737.741
738.317
738.893
739.469
740.045
740.621
741.197
741.773
742.349
742.92
743.196
743.472
743.748
744.024
744.3
744.576
744.852
745.128
745.404
745.68
745.956
746.232
746.508
746.784
747.06
747.336
747.612
747.888
748.164
748.44
748.716
748.992
749.279
749.595
749.911
750.227
750.543
750.859
751.175
751.491
751.807
752.123
752.439
752.755
753.071
753.387
753.703
754.019
754.335
754.651
754.967
755.283
755.599
755.915
756.231
756.547
756.87
757.474
758.078
758.682
759.286
759.89
760.494
761.1
761.572
762.044
762.516
762.988
763.46
763.932
764.404
764.876
765.348
765.82
766.292
766.764
767.236
767.708
768.18
768.652
769.129
769.508
769.887
770.266
770.645
771.024
771.403
771.782
772.161
772.54
772.919
773.298
773.677
774.056
774.435
774.814
775.193
775.572
775.951
776.33
776.709
777.08
777.382
777.684
777.986
778.288
778.59
778.892
779.194
779.496
779.798
780.1
780.402
780.704
781.006
781.308
781.61
781.912
782.22
782.585
782.95
783.315
783.68
784.045
784.41
784.775
785.14
785.505
785.87
786.235
786.6
786.965
787.33
787.695
788.06
788.425
788.79
789.155
789.52
789.889
790.295
790.701
791.107
791.513
791.919
792.325
792.731
793.137
793.543
793.949
794.355
794.761
795.167
795.573
795.979
796.385
796.791
797.197
797.603
798.009
798.415
798.821
799.227
799.633
800.029
800.433
800.837
801.241
801.645
802.049
802.453
802.857
803.261
803.665
804.069
804.473
804.877
805.281
805.685
806.089
806.493
806.897
807.301
807.699
807.81
807.921
808.032
808.143
808.254
808.365
808.476
808.587
808.699
808.847
808.995
809.143
809.291
809.439
809.587
809.735
809.883
810.031
810.179
810.327
810.475
810.623
810.771
810.919
811.067
811.22
811.483
811.746
812.009
812.272
812.535
812.798
813.061
813.324
813.587
813.85
814.113
814.376
814.639
814.902
815.165
815.428
815.691
815.954
816.209
816.676
817.143
817.61
818.077
818.544
819.011
819.478
819.945
820.412
820.879
821.346
821.813
822.28
822.747
823.214
823.681
824.148
824.615
825.082
825.549
826.016
826.49
826.808
827.126
827.444
827.762
828.08
828.398
828.716
829.034
829.352
829.67
829.988
830.306
830.624
830.942
831.26
831.578
831.896
832.209
832.59
832.971
833.352
833.733
834.114
834.495
834.876
835.257
835.638
836.019
836.4
836.781
837.162
837.543
837.924
838.305
838.686
839.067
839.439
839.984
840.529
841.074
841.619
842.164
842.709
843.254
843.799
844.344
844.889
845.434
845.979
846.524
847.069
847.614
848.159
848.704
849.249
849.8
850.816
851.832
852.848
853.864
854.88
855.896
856.912
857.928
858.944
859.96
860.976
861.992
863.008
864.024
865.04
866.056
867.072
868.088
869.11
869.653
870.196
870.739
871.282
871.825
872.368
872.911
873.454
873.997
874.54
875.083
875.626
876.169
876.712
877.255
877.798
878.341
878.884
879.429
880.947
882.465
883.983
885.5
887.018
888.536
890.053
891.571
893.089
894.607
896.125
897.643
899.161
900.678
902.196
903.709
904.138
904.567
904.996
905.425
905.854
906.283
906.712
907.141
907.57
907.999
908.428
908.857
909.286
909.715
910.144
910.573
911.002
911.431
911.869
912.543
913.217
913.891
914.565
915.239
915.913
916.587
917.261
917.935
918.609
919.283
919.957
920.631
921.305
921.979
922.653
923.327
924.009
924.837
925.665
926.493
927.321
928.149
928.977
929.805
930.633
931.461
932.289
933.117
933.945
934.773
935.6
936.876
938.152
939.428
940.704
941.98
943.256
944.532
945.808
947.084
948.36
949.636
950.912
952.188
953.464
954.74
956.016
957.292
958.568
959.844
961.12
962.396
963.68
964.244
964.808
965.372
965.936
966.5
967.064
967.628
968.192
968.756
969.32
969.884
970.448
971.012
971.576
972.14
972.704
973.268
973.832
974.399
974.641
974.883
975.125
975.367
975.609
975.851
976.093
976.335
976.577
976.819
977.061
977.303
977.545
977.787
978.029
978.271
978.513
978.755
978.989
979.271
979.553
979.835
980.117
980.399
980.681
980.963
981.245
981.527
981.809
982.091
982.373
982.655
982.937
983.219
983.501
983.783
984.065
984.347
984.62
985.425
986.23
987.035
987.84
988.645
989.45
990.255
991.06
991.865
992.67
993.475
994.28
995.085
995.89
996.695
997.5
998.305
999.11
999.91
1001.31
1002.71
1004.11
1005.51
1006.91
1008.31
1009.71
1011.11
1012.51
1013.91
1015.309
1015.605
1015.901
1016.197
1016.493
1016.789
1017.085
1017.381
1017.677
1017.973
1018.269
1018.565
1018.861
1019.157
1019.453
1019.749
1020.045
1020.341
1020.637
1020.933
1021.229
1021.519
1021.996
1022.473
1022.95
1023.427
1023.904
1024.381
1024.858
1025.335
1025.812
1026.289
1026.766
1027.243
1027.72
1028.197
1028.674
1029.151
1029.628
1030.105
1030.582
1031.059
1031.53
1031.915
1032.3
1032.685
1033.07
1033.455
1033.84
1034.225
1034.61
1034.995
1035.38
1035.765
1036.15
1036.535
1036.92
1037.305
1037.69
1038.075
1038.46
1038.845
1039.23
1039.44
1039.65
1039.86
1040.07
1040.28
1040.49
1040.7
1040.91
1041.12
1041.33
1041.54
1041.75
1041.96
1042.17
1042.38
1042.59
1042.8
1043.01
1044.197
1045.384
1046.571
1047.758
1048.945
1050.132
1051.319
1052.506
1053.693
1054.88
1056.067
1057.254
1058.441
1059.628
1060.815
1062.002
1063.189
1064.376
1065.559
1066.836
1068.113
1069.39
1070.667
1071.944
1073.221
1074.498
1075.775
1077.052
1078.329
1079.606
1080.883
1082.16
1083.437
1084.714
1085.991
1087.268
1088.545
1089.822
1091.099
1092.376
1093.653
1094.93
1095.333
1095.736
1096.139
1096.542
1096.945
1097.348
1097.751
1098.154
1098.557
1098.96
1099.363
1099.766
1100.169
1100.572
1100.975
1101.378
1101.781
1102.184
1102.587
1102.99
1103.4
1104.066
1104.732
1105.398
1106.064
1106.73
1107.396
1108.062
1108.728
1109.394
1110.06
1110.726
1111.392
1112.058
1112.724
1113.39
1114.056
1114.722
1115.388
1116.054
1116.72
1117.386
1118.052
1118.718
1119.384
1120.06
1121.06
1121.428
1121.796
1122.164
1122.532
1122.899
1123.266
1123.634
1124.002
1124.37
1124.737
1125.105
1125.473
1125.841
1126.208
1126.576
1126.944
1127.312
1127.679
1128.047
1128.41
1129.359
1130.308
1131.257
1132.206
1133.155
1134.104
1135.053
1136.002
1136.951
1137.9
1138.849
1139.798
1140.747
1141.696
1142.645
1143.594
1144.543
1145.492
1146.441
1147.39
1148.166
1148.942
1149.718
1150.494
1151.27
1152.046
1152.822
1153.598
1154.374
1155.15
1155.926
1156.702
1157.478
1158.254
1159.03
1159.806
1160.582
1161.358
1162.13
1162.43
1162.73
1163.03
1163.33
1163.63
1163.93
1164.23
1164.53
1164.83
1165.13
1165.43
1165.73
1166.03
1166.33
1166.63
1166.93
1167.23
1167.53
1167.879
1168.228
1168.577
1168.926
1169.275
1169.624
1169.973
1170.322
1170.671
1171.02
1171.369
1171.718
1172.067
1172.416
1172.765
1173.114
1173.463
1173.82
1174.467
1175.114
1175.761
1176.408
1177.055
1177.702
1178.349
1178.996
1179.643
1180.29
1180.937
1181.584
1182.231
1182.878
1183.525
1184.172
1184.82
1185.249
1185.678
1186.107
1186.536
1186.965
1187.394
1187.823
1188.252
1188.681
1189.11
1189.539
1189.968
1190.397
1190.826
1191.255
1191.684
1192.12
1192.388
1192.656
1192.924
1193.192
1193.46
1193.728
1193.996
1194.264
1194.532
1194.8
1195.068
1195.336
1195.604
1195.872
1196.14
1196.409
1196.678
1196.947
1197.215
1197.49
1197.85
1198.21
1198.57
1198.93
1199.29
1199.65
1200.01
1200.37
1200.73
1201.09
1201.45
1201.81
1202.203
1202.596
1202.989
1203.382
1203.775
1204.168
1204.561
1204.954
1205.347
1205.74
1206.133
1206.526
1206.919
1207.312
1207.705
1208.098
1208.491
1208.884
1209.277
1209.68
1210.219
1210.758
1211.297
1211.836
1212.375
1212.914
1213.453
1213.992
1214.531
1215.07
1215.609
1216.148
1216.687
1217.226
1217.765
1218.304
1218.843
1219.382
1219.93
1220.23
1220.53
1220.83
1221.13
1221.43
1221.73
1222.03
1222.33
1222.63
1222.93
1223.23
1223.53
1223.83
1224.13
1224.43
1224.73
1225.03
1225.33
1225.63
1225.995
1226.359
1226.723
1227.087
1227.451
1227.815
1228.179
1228.543
1228.907
1229.271
1229.635
1229.999
1230.363
1230.727
1231.091
1231.455
1231.819
1232.183
1232.547
1232.92
1233.401
1233.882
1234.363
1234.844
1235.325
1235.806
1236.287
1236.768
1237.249
1237.73
1238.211
1238.692
1239.173
1239.654
1240.135
1240.616
1241.097
1241.578
1242.059
1242.54
1243.454
1244.368
1245.282
1246.196
1247.11
1248.024
1248.938
1249.852
1250.766
1251.68
1252.594
1253.508
1254.422
1255.336
1256.25
1257.164
1258.07
1258.684
1259.298
1259.912
1260.526
1261.14
1261.754
1262.368
1262.982
1263.596
1264.21
1264.824
1265.438
1266.052
1266.666
1267.28
1267.894
1268.508
1269.122
1269.736
1270.35
1270.964
1271.57
1271.782
1271.994
1272.206
1272.418
1272.63
1272.842
1273.054
1273.266
1273.478
1273.69
1273.902
1274.114
1274.326
1274.538
1274.75
1274.962
1275.174
1275.38
1275.968
1276.556
1277.144
1277.732
1278.32
1278.908
1279.496
1280.084
1280.672
1281.26
1281.848
1282.436
1283.024
1283.612
1284.2
1284.788
1285.376
1285.964
1286.56
1286.817
1287.074
1287.331
1287.588
1287.845
1288.102
1288.359
1288.616
1288.873
1289.13
1289.387
1289.644
1289.901
1290.16
1290.501
1290.842
1291.183
1291.524
1291.865
1292.206
1292.547
1292.888
1293.229
1293.57
1293.911
1294.252
1294.593
1294.934
1295.275
1295.616
1295.957
1296.298
1296.639
1296.98
1297.32
1298.422
1299.524
1300.626
1301.728
1302.83
1303.932
1305.034
1306.136
1307.238
1308.34
1309.442
1310.544
1311.646
1312.748
1313.85
1314.952
1316.054
1317.156
1318.258
1319.36
1320.462
1321.564
1322.666
1323.768
1324.87
1325.972
1327.08
1327.936
1328.791
1329.646
1330.501
1331.356
1332.211
1333.066
1333.921
1334.776
1335.631
1336.486
1337.341
1338.197
1339.052
1339.907
1340.762
1341.617
1342.472
1343.327
1344.19
1344.536
1344.882
1345.228
1345.574
1345.92
1346.266
1346.612
1346.958
1347.304
1347.65
1347.996
1348.342
1348.688
1349.034
1349.38
1349.726
1350.07
1351.381
1352.692
1354.003
1355.314
1356.625
1357.936
1359.247
1360.558
1361.869
1363.18
1364.491
1365.802
1367.113
1368.424
1369.735
1371.046
1372.357
1373.67
1374.152
1374.634
1375.116
1375.598
1376.08
1376.562
1377.044
1377.526
1378.008
1378.49
1378.972
1379.454
1379.936
1380.418
1380.9
1381.382
1381.864
1382.346
1382.828
1383.31
1383.792
1384.274
1384.756
1385.238
1385.72
1386.202
1386.68
1387.148
1387.616
1388.084
1388.552
1389.02
1389.488
1389.956
1390.424
1390.892
1391.36
1391.828
1392.296
1392.764
1393.232
1393.7
1394.168
1394.636
1395.104
1395.572
1396.04
1396.508
1396.976
1397.444
1397.92
1398.364
1398.808
1399.252
1399.696
1400.14
1400.584
1401.028
1401.472
1401.916
1402.36
1402.804
1403.248
1403.692
1404.136
1404.58
1405.02
1405.842
1406.664
1407.486
1408.308
1409.13
1409.952
1410.774
1411.596
1412.418
1413.24
1414.062
1414.884
1415.706
1416.528
1417.35
1418.172
1418.994
1419.81
1420.387
1420.964
1421.54
1421.875
1422.21
1422.545
1422.88
1423.215
1423.55
1423.885
1424.22
1424.555
1424.89
1425.225
1425.56
1425.895
1426.23
1426.565
1426.9
1427.235
1427.57
1429.684
1431.798
1433.912
1436.026
1438.14
1440.254
1442.368
1444.482
1446.596
1448.71
1450.82
1451.138
1451.456
1451.774
1452.092
1452.41
1452.728
1453.046
1453.364
1453.682
1454.0
1454.318
1454.636
1454.954
1455.272
1455.59
1455.908
1456.226
1456.544
1456.862
1457.18
1457.5
1458.185
1458.87
1459.555
1460.24
1460.925
1461.61
1462.295
1462.98
1463.665
1464.35
1465.035
1465.72
1466.405
1467.09
1467.521
1467.952
1468.383
1468.814
1469.245
1469.676
1470.107
1470.538
1470.969
1471.4
1471.831
1472.262
1472.693
1473.124
1473.555
1473.986
1474.417
1474.85
1475.227
1475.604
1475.981
1476.358
1476.735
1477.112
1477.489
1477.866
1478.243
1478.62
1478.997
1479.374
1479.751
1480.128
1480.505
1480.882
1481.259
1481.636
1482.02
1482.441
1482.862
1483.283
1483.704
1484.125
1484.546
1484.967
1485.388
1485.809
1486.23
1486.651
1487.072
1487.493
1487.914
1488.335
1488.756
1489.177
1489.598
1490.01
1490.287
1490.564
1490.841
1491.12
1492.34
1493.56
1494.78
1496.0
1497.22
1498.44
1499.66
1500.88
1502.1
1503.32
1504.54
1505.028
1505.516
1506.004
1506.492
1506.98
1507.468
1507.956
1508.444
1508.932
1509.42
1509.908
1510.396
1510.884
1511.372
1511.86
1512.348
1512.836
1513.33
1513.835
1514.34
1514.845
1515.35
1515.855
1516.36
1516.865
1517.37
1517.875
1518.38
1518.885
1519.39
1519.895
1520.4
1520.905
1521.41
1521.915
1522.42
1522.925
1523.43
1524.003
1524.576
1525.149
1525.722
1526.295
1526.868
1527.441
1528.014
1528.587
1529.16
1529.733
1530.306
1530.879
1531.452
1532.025
1532.598
1533.171
1533.744
1534.317
1534.89
1535.463
1536.03
1537.46
1538.89
1540.32
1541.75
1543.18
1544.61
1546.04
1547.47
1548.9
1550.33
1551.76
1553.19
1554.62
1556.05
1557.48
1558.91
1560.34
1561.77
1563.2
1564.63
1565.266
1565.902
1566.538
1567.174
1567.81
1568.446
1569.082
1569.718
1570.354
1570.99
1571.626
1572.262
1572.898
1573.534
1574.17
1574.806
1575.442
1576.078
1576.714
1577.35
1577.99
1578.316
1578.642
1578.968
1579.294
1579.62
1579.946
1580.272
1580.598
1580.924
1581.25
1581.576
1581.902
1582.228
1582.554
1582.88
1583.206
1583.532
1583.858
1584.184
1584.51
1584.836
1585.17
1585.613
1586.056
1586.499
1586.942
1587.385
1587.828
1588.271
1588.714
1589.157
1589.6
1590.043
1590.486
1590.929
1591.372
1591.815
1592.258
1592.701
1593.144
1593.59
1596.48
1599.37
1602.26
1602.614
1602.968
1603.322
1603.676
1604.03
1604.384
1604.738
1605.092
1605.446
1605.8
1606.154
1606.508
1606.862
1607.216
1607.57
1607.924
1608.278
1608.63
1608.903
1609.176
1609.449
1609.722
1609.995
1610.268
1610.541
1610.814
1611.087
1611.36
1611.633
1611.906
1612.179
1612.452
1612.725
1612.998
1613.271
1613.544
1613.817
1614.09
1614.37
1614.848
1615.326
1615.804
1616.282
1616.76
1617.238
1617.716
1618.194
1618.672
1619.15
1619.628
1620.106
1620.584
1621.062
1621.54
1622.018
1622.496
1622.974
1623.451
1623.799
1624.147
1624.495
1624.843
1625.191
1625.539
1625.887
1626.235
1626.583
1626.931
1627.279
1627.627
1627.975
1628.323
1628.671
1629.019
1629.367
1629.715
1630.063
1630.411
1630.759
1631.107
1631.45
1631.827
1632.204
1632.581
1632.958
1633.335
1633.712
1634.089
1634.466
1634.843
1635.22
1635.597
1635.974
1636.351
1636.728
1637.105
1637.482
1637.859
1638.236
1638.61
1639.243
1639.876
1640.509
1641.142
1641.775
1642.408
1643.041
1643.674
1644.307
1644.94
1645.573
1646.206
1646.839
1647.472
1648.105
1648.738
1649.371
1650.004
1650.637
1651.27
1651.903
1652.536
1653.16
1653.421
1653.682
1653.943
1654.204
1654.465
1654.726
1654.987
1655.248
1655.509
1655.77
1656.031
1656.292
1656.553
1656.814
1657.075
1657.336
1657.6
1658.075
1658.55
1659.025
1659.5
1659.975
1660.45
1660.925
1661.4
1661.875
1662.35
1662.825
1663.3
1663.775
1664.25
1664.725
1665.2
1665.467
1665.734
1666.001
1666.268
1666.535
1666.802
1667.069
1667.336
1667.603
1667.87
1668.137
1668.404
1668.671
1668.938
1669.205
1669.472
1669.739
1670.0
1670.572
1671.144
1671.716
1672.288
1672.86
1673.432
1674.004
1674.576
1675.148
1675.72
1676.292
1676.864
1677.436
1678.008
1678.58
1679.152
1679.724
1680.3
1681.307
1682.314
1683.322
1684.329
1685.336
1686.343
1687.351
1688.359
1689.366
1690.373
1691.38
1692.388
1693.395
1694.402
1695.409
1696.417
1697.424
1698.431
1699.438
1700.45
1708.615
1716.78
1717.265
1717.75
1718.235
1718.72
1719.205
1719.69
1720.175
1720.66
1721.145
1721.63
1722.115
1722.6
1723.085
1723.57
1724.055
1724.54
1725.025
1725.51
1725.995
1726.48
1732.555
1738.63
1738.932
1739.234
1739.536
1739.838
1740.14
1740.442
1740.744
1741.046
1741.348
1741.65
1741.952
1742.254
1742.556
1742.858
1743.16
1743.462
1743.764
1744.06
1744.338
1744.615
1744.892
1745.17
1745.846
1746.522
1747.198
1747.874
1748.55
1749.226
1749.902
1750.578
1751.254
1751.93
1752.606
1753.282
1753.958
1754.634
1755.31
1755.986
1756.662
1757.338
1758.014
1758.69
1759.366
1760.05
1760.747
1761.444
1762.141
1762.838
1763.535
1764.232
1764.929
1765.626
1766.323
1767.02
1767.717
1768.414
1769.111
1769.808
1770.505
1771.202
1771.899
1772.596
1773.293
1773.99
1774.687
1775.384
1776.08
1777.47
1778.86
1780.25
1781.64
1783.03
1784.42
1785.81
1787.2
1788.59
1789.98
1791.37
1792.76
1794.15
1795.54
1796.93
1798.32
1799.71
1801.1
1802.49
1802.995
1803.5
1804.005
1804.51
1805.015
1805.52
1806.025
1806.53
1807.035
1807.54
1808.045
1808.55
1809.055
1809.56
1810.065
1810.57
1810.961
1811.352
1811.743
1812.134
1812.525
1812.916
1813.307
1813.698
1814.089
1814.48
1814.871
1815.262
1815.653
1816.044
1816.435
1816.83
1817.199
1817.568
1817.937
1818.306
1818.675
1819.044
1819.413
1819.782
1820.151
1820.52
1820.889
1821.258
1821.627
1821.996
1822.365
1822.74
1823.094
1823.448
1823.802
1824.156
1824.51
1824.864
1825.218
1825.572
1825.926
1826.28
1826.634
1826.988
1827.342
1827.696
1828.05
1828.404
1828.758
1829.11
1829.442
1829.774
1830.106
1830.438
1830.77
1831.102
1831.434
1831.766
1832.098
1832.43
1832.762
1833.094
1833.426
1833.758
1834.09
1834.422
1834.754
1835.086
1835.418
1835.75
1836.08
1836.765
1837.45
1838.135
1838.82
1839.505
1840.19
1840.875
1841.56
1842.245
1842.93
1843.62
1843.979
1844.338
1844.697
1845.056
1845.415
1845.774
1846.133
1846.492
1846.851
1847.21
1847.569
1847.928
1848.287
1848.646
1849.005
1849.364
1849.723
1850.082
1850.441
1850.8
1851.44
1852.08
1852.72
1853.36
1854.0
1854.64
1855.28
1855.92
1856.56
1857.2
1857.84
1858.48
1859.12
1859.76
1860.4
1861.04
1861.68
1862.32
1863.017
1863.714
1864.411
1865.108
1865.805
1866.502
1867.199
1867.896
1868.593
1869.29
1869.987
1870.684
1871.381
1872.078
1872.775
1873.47
1874.466
1875.461
1876.457
1877.453
1878.448
1879.444
1880.439
1881.435
1882.43
1883.426
1884.421
1885.417
1886.412
1887.408
1888.403
1889.399
1890.394
1891.389
1892.384
1893.38
1894.331
1895.281
1896.231
1897.181
1898.131
1899.082
1900.033
1900.983
1901.933
1902.883
1903.833
1904.784
1905.735
1906.685
1907.635
1908.585
1909.535
1910.486
1911.437
1912.39
1913.004
1913.618
1914.232
1914.846
1915.46
1916.074
1916.688
1917.302
1917.916
1918.53
1919.144
1919.758
1920.372
1920.986
1921.6
1922.214
1922.82
1923.4
1923.981
1924.562
1925.142
1925.723
1926.303
1926.884
1927.465
1928.045
1928.626
1929.207
1929.788
1930.369
1930.949
1931.53
1932.111
1932.692
1933.273
1933.853
1934.43
1934.917
1935.404
1935.891
1936.378
1936.865
1937.352
1937.839
1938.326
1938.813
1939.3
1939.787
1940.274
1940.761
1941.248
1941.735
1942.222
1942.709
1943.196
1943.683
1944.17
1945.638
1947.105
1948.572
1950.04
1950.357
1950.674
1950.991
1951.308
1951.625
1951.942
1952.259
1952.576
1952.893
1953.21
1953.527
1953.844
1954.161
1954.478
1954.795
1955.112
1955.429
1955.746
1956.07
1956.341
1956.612
1956.883
1957.154
1957.425
1957.696
1957.967
1958.238
1958.509
1958.78
1959.051
1959.322
1959.593
1959.864
1960.135
1960.406
1960.68
1961.261
1961.842
1962.423
1963.004
1963.585
1964.166
1964.747
1965.328
1965.909
1966.49
1967.071
1967.652
1968.233
1968.814
1969.395
1969.976
1970.557
1971.138
1971.719
1972.3
1972.88
1973.882
1974.884
1975.886
1976.888
1977.89
1978.892
1979.894
1980.896
1981.898
1982.9
1983.902
1984.904
1985.906
1986.908
1987.91
1988.912
1989.914
1990.909
1991.28
1991.651
1992.022
1992.393
1992.764
1993.135
1993.506
1993.877
1994.248
1994.619
1994.99
1995.361
1995.732
1996.103
1996.474
1996.845
1997.216
1997.587
1997.958
1998.329
1998.69
1998.954
1999.218
1999.482
1999.746
2000.01
2000.274
2000.538
2000.802
2001.066
2001.33
2001.594
2001.858
2002.122
2002.386
2002.65
2002.914
2003.178
2003.442
2003.71
2004.059
2004.408
2004.757
2005.106
2005.455
2005.804
2006.153
2006.5
2007.308
2008.116
2008.924
2009.732
2010.54
2011.348
2012.156
2012.964
2013.772
2014.58
2015.388
2016.196
2017.004
2017.812
2018.62
2019.428
2020.236
2021.044
2021.852
2022.66
2023.46
2023.955
2024.45
2024.945
2025.44
2025.935
2026.43
2026.925
2027.42
2027.915
2028.41
2028.905
2029.4
2029.895
2030.39
2030.885
2031.38
2031.875
2032.37
2032.865
2033.36
2033.961
2034.562
2035.163
2035.764
2036.365
2036.966
2037.567
2038.168
2038.769
2039.37
2039.971
2040.572
2041.173
2041.774
2042.375
2042.976
2043.578
2044.179
2044.781
2045.39
2045.836
2046.282
2046.728
2047.174
2047.62
2048.066
2048.512
2048.958
2049.404
2049.85
2050.296
2050.742
2051.188
2051.634
2052.08
2052.526
2052.972
2053.418
2053.864
2054.309
2054.712
2055.115
2055.518
2055.921
2056.324
2056.727
2057.13
2057.533
2057.936
2058.339
2058.742
2059.145
2059.548
2059.951
2060.354
2060.757
2061.16
2061.559
2062.361
2063.163
2063.965
2064.767
2065.569
2066.371
2067.173
2067.975
2068.777
2069.579
2070.381
2071.183
2071.985
2072.787
2073.589
2074.399
2074.777
2075.155
2075.533
2075.911
2076.289
2076.667
2077.045
2077.423
2077.801
2078.179
2078.557
2078.935
2079.313
2079.691
2080.069
2080.447
2080.825
2081.203
2081.581
2081.95
2082.412
2082.874
2083.336
2083.798
2084.26
2084.722
2085.184
2085.646
2086.108
2086.57
2087.03
2087.427
2087.824
2088.221
2088.618
2089.015
2089.412
2089.809
2090.206
2090.603
2091.0
2091.397
2091.794
2092.191
2092.588
2092.985
2093.382
2093.779
2094.176
2094.573
2094.97
2095.858
2096.746
2097.634
2098.522
2099.41
2100.298
2101.186
2102.074
2102.962
2103.85
2104.738
2105.626
2106.514
2107.402
2108.29
2109.178
2110.066
2110.954
2111.849
2112.135
2112.421
2112.707
2112.993
2113.279
2113.565
2113.851
2114.137
2114.423
2114.709
2114.995
2115.281
2115.567
2115.853
2116.139
2116.425
2116.711
2116.997
2117.283
2117.56
2118.303
2119.046
2119.789
2120.532
2121.275
2122.018
2122.761
2123.504
2124.247
2124.99
2125.733
2126.476
2127.219
2127.962
2128.705
2129.448
2130.191
2130.934
2131.677
2132.42
2133.163
2133.906
2134.649
2135.392
2136.135
2136.878
2137.621
2138.364
2139.1
2139.727
2140.354
2140.981
2141.608
2142.235
2142.862
2143.489
2144.116
2144.743
2145.37
2145.997
2146.624
2147.251
2147.878
2148.505
2149.132
2149.759
2150.386
2151.013
2151.64
2152.268
2152.896
2153.524
2154.152
2154.78
2155.408
2156.036
2156.664
2157.292
2157.92
2158.548
2159.176
2159.804
2160.432
2161.06
2161.688
2162.316
2162.944
2163.58
2164.224
2164.868
2165.512
2166.156
2166.8
2167.444
2168.088
2168.732
2169.376
2170.02
2170.664
2171.308
2171.952
2172.596
2173.24
2173.884
2174.53
2175.062
2175.594
2176.126
2176.658
2177.19
2177.722
2178.254
2178.786
2179.318
2179.85
2180.382
2180.914
2181.446
2181.978
2182.51
2183.042
2183.58
2184.155
2184.73
2185.305
2185.88
2186.455
2187.03
2187.605
2188.18
2188.755
2189.33
2189.905
2190.48
2191.055
2191.63
2192.205
2192.78
2193.355
2193.93
2194.505
2195.08
2195.65
2196.22
2196.79
2197.36
2197.93
2198.5
2199.07
2199.64
2200.21
2200.78
2201.35
2201.92
2202.49
2203.06
2203.63
2204.2
2204.77
2205.34
2205.91
2206.48
2207.05
2207.63
2208.72
2209.81
2210.9
2211.99
2213.08
2214.17
2215.26
2216.35
2217.44
2218.53
2219.62
2220.71
2221.8
2222.468
2223.136
2223.804
2224.472
2225.14
2225.808
2226.476
2227.144
2227.812
2228.48
2229.148
2229.816
2230.484
2231.152
2231.82
2232.488
2233.156
2233.82
2234.619
2235.418
2236.217
2237.016
2237.815
2238.614
2239.413
2240.212
2241.011
2241.81
2242.609
2243.408
2244.207
2245.006
2245.8
2246.6
2247.4
2248.2
2249.0
2249.8
2250.6
2251.4
2252.2
2253.0
2253.8
2254.6
2255.4
2256.2
2257.0
2257.8
2258.6
2259.4
2260.2
2261.0
2261.412
2261.824
2262.236
2262.648
2263.06
2263.472
2263.884
2264.296
2264.708
2265.12
2265.532
2265.944
2266.356
2266.768
2267.18
2267.592
2268.004
2268.41
2268.962
2269.514
2270.066
2270.618
2271.17
2271.722
2272.274
2272.826
2273.378
2273.93
2274.482
2275.034
2275.586
2276.138
2276.69
2277.242
2277.794
2278.34
2278.955
2279.57
2280.185
2280.8
2281.415
2282.03
2282.645
2283.26
2283.875
2284.49
2285.105
2285.72
2286.335
2286.95
2287.565
2288.18
2288.795
2289.41
2290.031
2290.66
2291.289
2291.918
2292.547
2293.176
2293.805
2294.434
2295.063
2295.692
2296.321
2296.95
2297.579
2298.208
2298.837
2299.466
2300.095
2300.724
2301.353
2301.982
2302.611
2303.23
2303.707
2304.184
2304.661
2305.138
2305.615
2306.092
2306.569
2307.046
2307.523
2308.0
2308.477
2308.954
2309.431
2309.908
2310.385
2310.862
2311.339
2311.816
2312.29
2312.563
2312.836
2313.109
2313.382
2313.655
2313.928
2314.201
2314.474
2314.747
2315.02
2315.293
2315.566
2315.839
2316.112
2316.385
2316.658
2316.931
2317.204
2317.477
2317.75
2318.02
2318.267
2318.514
2318.761
2319.008
2319.255
2319.502
2319.749
2319.996
2320.243
2320.49
2320.737
2320.984
2321.231
2321.478
2321.725
2321.972
2322.219
2322.466
2322.713
2322.96
2323.2
2323.823
2324.446
2325.069
2325.692
2326.315
2326.938
2327.561
2328.184
2328.807
2329.43
2330.053
2330.676
2331.299
2331.922
2332.545
2333.168
2333.791
2334.414
2335.037
2335.66
2336.283
2336.91
2338.205
2339.5
2340.795
2342.09
2342.447
2342.803
2343.159
2343.515
2343.871
2344.227
2344.583
2344.939
2345.295
2345.651
2346.007
2346.363
2346.719
2347.075
2347.431
2347.787
2348.143
2348.499
2348.855
2349.22
2349.911
2350.602
2351.293
2351.985
2352.677
2353.369
2354.061
2354.753
2355.445
2356.137
2356.829
2357.521
2358.213
2358.905
2359.597
2360.289
2360.981
2361.673
2362.364
2363.05
2363.432
2363.814
2364.196
2364.578
2364.96
2365.342
2365.724
2366.106
2366.488
2366.87
2367.252
2367.634
2368.016
2368.398
2368.78
2369.162
2369.544
2369.926
2370.31
2370.722
2371.134
2371.546
2371.958
2372.37
2372.782
2373.194
2373.606
2374.018
2374.43
2374.842
2375.254
2375.666
2376.078
2376.49
2376.902
2377.32
2378.272
2379.224
2380.176
2381.128
2382.08
2383.032
2383.984
2384.936
2385.888
2386.84
2387.792
2388.744
2389.696
2390.648
2391.6
2392.552
2393.5
2394.542
2395.584
2396.626
2397.668
2398.71
2399.752
2400.794
2401.836
2402.878
2403.92
2404.962
2406.004
2407.046
2408.088
2409.13
2410.172
2411.214
2412.256
2413.298
2414.34
2414.715
2415.09
2415.465
2415.84
2416.215
2416.59
2416.965
2417.34
2417.715
2418.09
2418.465
2418.84
2419.215
2419.59
2419.965
2420.34
2420.715
2421.09
2421.465
2421.84
2422.307
2422.773
2423.24
2423.706
2424.173
2424.639
2425.106
2425.573
2426.039
2426.506
2426.972
2427.439
2427.905
2428.372
2428.838
2429.305
2429.771
2430.238
2430.704
2431.17
2431.713
2432.256
2432.799
2433.342
2433.885
2434.428
2434.971
2435.514
2436.057
2436.6
2437.143
2437.686
2438.229
2438.772
2439.315
2439.858
2440.401
2440.95
2441.299
2441.648
2441.997
2442.346
2442.695
2443.044
2443.393
2443.742
2444.091
2444.44
2444.789
2445.138
2445.487
2445.836
2446.185
2446.534
2446.88
2447.27
2447.66
2448.05
2448.44
2448.83
2449.22
2449.61
2450.0
2450.39
2450.78
2451.17
2451.56
2451.95
2452.34
2452.73
2452.923
2453.115
2453.307
2453.499
2453.691
2453.883
2454.075
2454.267
2454.459
2454.651
2454.843
2455.035
2455.227
2455.419
2455.611
2455.803
2455.995
2456.188
2456.381
2456.58
2457.797
2459.014
2460.231
2461.448
2462.665
2463.882
2465.099
2466.316
2467.533
2468.75
2469.967
2471.184
2472.401
2473.618
2474.835
2476.052
2477.27
2477.759
2478.248
2478.737
2479.226
2479.715
2480.204
2480.693
2481.182
2481.671
2482.16
2482.649
2483.138
2483.627
2484.116
2484.605
2485.094
2485.583
2486.072
2486.57
2486.882
2487.194
2487.506
2487.818
2488.13
2488.442
2488.754
2489.066
2489.378
2489.69
2490.002
2490.314
2490.626
2490.938
2491.25
2491.562
2491.874
2492.18
2493.043
2493.906
2494.769
2495.632
2496.495
2497.358
2498.22
2498.792
2499.364
2499.936
2500.508
2501.08
2501.652
2502.224
2502.796
2503.368
2503.94
2504.512
2505.084
2505.656
2506.228
2506.8
2507.372
2507.94
2508.281
2508.622
2508.963
2509.304
2509.645
2509.986
2510.327
2510.668
2511.009
2511.35
2511.691
2512.032
2512.373
2512.714
2513.055
2513.396
2513.737
2514.078
2514.419
2514.76
2515.101
2515.44
2516.689
2517.938
2519.187
2520.436
2521.685
2522.934
2524.183
2525.432
2526.681
2527.93
2529.179
2530.428
2531.677
2532.926
2534.175
2535.424
2536.673
2537.93
2538.18
2538.43
2538.68
2538.93
2539.18
2539.43
2539.68
2539.93
2540.18
2540.43
2540.68
2540.93
2541.18
2541.43
2541.68
2541.93
2542.18
2542.43
2542.68
2542.93
2543.18
2543.593
2544.006
2544.419
2544.832
2545.245
2545.658
2546.071
2546.484
2546.897
2547.31
2547.723
2548.136
2548.549
2548.962
2549.369
2549.682
2549.994
2550.307
2550.619
2550.932
2551.244
2551.557
2551.869
2552.182
2552.494
2552.807
2553.119
2553.432
2553.744
2554.057
2554.369
2554.682
2554.994
2555.307
2555.619
2556.041
2556.463
2556.885
2557.307
2557.729
2558.151
2558.573
2558.995
2559.417
2559.839
2560.261
2560.683
2561.105
2561.527
2561.949
2562.371
2562.79
2563.27
2563.75
2564.23
2564.71
2565.19
2565.67
2566.15
2566.63
2567.11
2567.59
2568.07
2568.55
2569.03
2569.51
2569.99
2570.47
2570.95
2571.33
2571.71
2572.09
2572.47
2572.85
2573.23
2573.61
2573.99
2574.37
2574.75
2575.13
2575.51
2575.89
2576.27
2576.65
2577.03
2577.41
2578.657
2579.904
2581.151
2582.398
2583.645
2584.892
2586.139
2587.386
2588.633
2589.88
2591.127
2592.37
2592.673
2592.976
2593.279
2593.582
2593.885
2594.188
2594.491
2594.794
2595.097
2595.4
2595.703
2596.006
2596.309
2596.612
2596.915
2597.218
2597.521
2597.824
2598.12
2598.596
2599.072
2599.548
2600.024
2600.5
2600.976
2601.452
2601.928
2602.404
2602.88
2603.356
2603.832
2604.308
2604.784
2605.26
2605.736
2606.21
2606.475
2606.74
2607.005
2607.27
2607.535
2607.8
2608.065
2608.33
2608.595
2608.86
2609.125
2609.39
2609.655
2609.92
2610.19
2611.27
2612.35
2613.43
2614.51
2615.59
2616.161
2616.732
2617.303
2617.874
2618.445
2619.016
2619.587
2620.158
2620.729
2621.3
2621.871
2622.442
2623.013
2623.584
2624.155
2624.726
2625.3
2626.084
2626.868
2627.652
2628.436
2629.22
2630.004
2630.788
2631.572
2632.356
2633.14
2633.924
2634.708
2635.492
2636.276
2637.06
2637.844
2638.628
2639.412
2640.196
2640.98
2641.301
2641.622
2641.943
2642.264
2642.585
2642.906
2643.227
2643.548
2643.869
2644.19
2644.511
2644.832
2645.153
2645.474
2645.795
2646.116
2646.437
2646.758
2647.08
2647.36
2647.64
2647.92
2648.2
2648.48
2648.76
2649.04
2649.32
2649.6
2649.88
2650.16
2650.44
2650.72
2651.0
2651.28
2651.56
2651.84
2652.12
2652.4
2652.68
2653.046
2653.412
2653.778
2654.144
2654.51
2654.876
2655.242
2655.608
2655.974
2656.34
2656.706
2657.072
2657.438
2657.804
2658.17
2658.536
2658.91
2659.447
2659.984
2660.521
2661.058
2661.595
2662.132
2662.669
2663.206
2663.743
2664.28
2664.817
2665.354
2665.891
2666.428
2666.965
2667.502
2668.039
2668.57
2669.131
2669.692
2670.253
2670.814
2671.375
2671.936
2672.497
2673.058
2673.619
2674.18
2674.741
2675.302
2675.863
2676.424
2676.985
2677.546
2678.107
2678.668
2679.23
2682.93
2683.338
2683.746
2684.154
2684.562
2684.97
2685.378
2685.786
2686.194
2686.602
2687.01
2687.418
2687.826
2688.234
2688.642
2689.05
2689.458
2689.859
2690.362
2690.865
2691.368
2691.871
2692.374
2692.877
2693.38
2693.883
2694.386
2694.889
2695.392
2695.895
2696.398
2696.901
2697.404
2697.907
2698.41
2698.92
2699.363
2699.806
2700.249
2700.692
2701.135
2701.578
2702.021
2702.464
2702.907
2703.35
2703.793
2704.236
2704.679
2705.122
2705.565
2706.008
2706.451
2706.9
2707.171
2707.442
2707.713
2707.984
2708.255
2708.526
2708.797
2709.068
2709.339
2709.61
2709.881
2710.152
2710.423
2710.694
2710.965
2711.236
2711.507
2711.778
2712.049
2712.32
2712.59
2713.05
2713.51
2713.97
2714.43
2714.89
2715.35
2715.81
2716.27
2716.73
2717.19
2717.65
2718.11
2718.57
2719.03
2719.49
2719.95
2720.41
2720.869
2721.358
2721.847
2722.336
2722.825
2723.314
2723.803
2724.292
2724.781
2725.27
2725.759
2726.248
2726.737
2727.226
2727.715
2728.204
2728.693
2729.182
2729.671
2730.16
2730.64
2730.88
2731.12
2731.36
2731.601
2731.841
2732.081
2732.322
2732.562
2732.802
2733.043
2733.284
2733.524
2733.764
2734.005
2734.245
2734.485
2734.726
2734.966
2735.206
2735.45
2735.825
2736.2
2736.575
2736.95
2737.325
2737.7
2738.075
2738.45
2738.825
2739.2
2739.575
2739.95
2740.325
2740.7
2741.075
2741.45
2741.825
2742.2
2743.85
2745.5
2747.15
2747.403
2747.656
2747.909
2748.162
2748.415
2748.668
2748.921
2749.174
2749.427
2749.68
2749.933
2750.186
2750.439
2750.692
2750.945
2751.2
2751.477
2751.754
2752.031
2752.308
2752.585
2752.862
2753.139
2753.416
2753.693
2753.97
2754.247
2754.524
2754.801
2755.078
2755.355
2755.632
2755.909
2756.19
2757.014
2757.838
2758.662
2759.486
2760.31
2761.134
2761.958
2762.782
2763.606
2764.43
2765.254
2766.078
2766.902
2767.726
2768.55
2769.374
2770.198
2771.02
2771.622
2772.224
2772.827
2773.43
2774.032
2774.635
2775.238
2775.84
2776.443
2777.046
2777.648
2778.251
2778.854
2779.456
2780.059
2780.66
2780.998
2781.336
2781.674
2782.012
2782.35
2782.688
2783.026
2783.364
2783.702
2784.04
2784.378
2784.716
2785.054
2785.392
2785.73
2786.068
2786.4
2786.761
2787.122
2787.483
2787.844
2788.205
2788.566
2788.927
2789.288
2789.649
2790.01
2790.371
2790.732
2791.093
2791.454
2791.815
2792.176
2792.53
2792.831
2793.132
2793.433
2793.734
2794.035
2794.336
2794.637
2794.938
2795.239
2795.54
2795.841
2796.142
2796.443
2796.744
2797.045
2797.346
2797.647
2797.94
2798.25
2798.56
2798.87
2799.18
2799.49
2799.8
2800.11
2800.42
2800.73
2801.04
2801.35
2801.66
2801.97
2802.28
2802.59
2802.9
2803.122
2803.344
2803.566
2803.788
2804.01
2804.232
2804.454
2804.676
2804.898
2805.12
2805.342
2805.564
2805.786
2806.008
2806.23
2806.452
2806.674
2806.896
2807.109
2807.434
2807.759
2808.084
2808.409
2808.734
2809.059
2809.384
2809.709
2810.034
2810.359
2810.684
2811.009
2811.334
2811.659
2811.984
2812.309
2812.634
2812.95
2813.527
2814.104
2814.681
2815.258
2815.835
2816.412
2816.989
2817.566
2818.143
2818.72
2819.443
2820.166
2820.889
2821.612
2822.335
2823.058
2823.781
2824.504
2825.227
2825.95
2826.673
2827.396
2828.119
2828.842
2829.565
2830.288
2831.011
2831.734
2832.46
2832.887
2833.314
2833.741
2834.168
2834.595
2835.022
2835.449
2835.876
2836.303
2836.73
2837.157
2837.584
2838.011
2838.438
2838.865
2839.292
2839.72
2840.227
2840.734
2841.241
2841.748
2842.255
2842.762
2843.269
2843.776
2844.283
2844.79
2845.297
2845.804
2846.311
2846.818
2847.325
2847.832
2848.339
2848.846
2849.353
2849.859
2850.954
2852.049
2853.144
2854.239
2855.334
2856.429
2857.524
2858.619
2859.714
2860.809
2861.904
2862.999
2864.094
2865.19
2865.446
2865.702
2865.958
2866.214
2866.47
2866.726
2866.982
2867.238
2867.494
2867.75
2868.006
2868.262
2868.518
2868.774
2869.03
2869.411
2869.792
2870.173
2870.554
2870.935
2871.316
2871.697
2872.078
2872.459
2872.84
2873.221
2873.602
2873.983
2874.364
2874.745
2875.126
2875.507
2875.89
2876.076
2876.262
2876.448
2876.634
2876.82
2877.006
2877.192
2877.378
2877.564
2877.75
2877.936
2878.122
2878.308
2878.494
2878.68
2878.869
2879.296
2879.723
2880.15
2880.577
2881.004
2881.431
2881.858
2882.285
2882.712
2883.139
2883.566
2883.993
2884.42
2884.847
2885.274
2885.701
2886.128
2886.55
2887.165
2887.78
2888.395
2889.01
2889.625
2890.24
2890.855
2891.47
2892.085
2892.7
2893.315
2893.93
2894.545
2895.16
2895.775
2896.39
2897.01
2897.256
2897.502
2897.748
2897.994
2898.24
2898.486
2898.732
2898.978
2899.224
2899.47
2899.716
2899.962
2900.208
2900.454
2900.7
2900.94
2901.672
2902.404
2903.136
2903.868
2904.6
2905.332
2906.064
2906.796
2907.528
2908.26
2908.992
2909.724
2910.456
2911.188
2911.92
2912.652
2913.38
2913.597
2913.814
2914.03
2914.247
2914.463
2914.68
2914.896
2915.113
2915.329
2915.546
2915.762
2915.979
2916.195
2916.412
2916.628
2916.845
2917.061
2917.278
2917.494
2917.71
2917.995
2918.28
2918.565
2918.85
2919.135
2919.42
2919.705
2919.99
2920.275
2920.56
2920.845
2921.13
2921.42
2921.694
2921.968
2922.242
2922.516
2922.79
2923.064
2923.338
2923.612
2923.886
2924.16
2924.434
2924.708
2924.982
2925.256
2925.53
2925.804
2926.08
2926.563
2927.046
2927.529
2928.012
2928.495
2928.978
2929.461
2929.944
2930.427
2930.91
2931.393
2931.876
2932.359
2932.842
2933.325
2933.808
2934.291
2934.78
2935.144
2935.508
2935.872
2936.236
2936.6
2936.964
2937.328
2937.692
2938.056
2938.42
2938.784
2939.148
2939.512
2939.876
2940.24
2940.609
2941.125
2941.641
2942.157
2942.673
2943.189
2943.705
2944.221
2944.737
2945.253
2945.769
2946.285
2946.801
2947.317
2947.833
2948.349
2948.86
2949.301
2949.742
2950.183
2950.624
2951.064
2951.505
2951.946
2952.387
2952.828
2953.269
2953.709
2954.149
2954.59
2955.031
2955.472
2955.913
2956.354
2956.794
2957.235
2957.67
2957.874
2958.078
2958.282
2958.486
2958.69
2958.894
2959.098
2959.302
2959.506
2959.71
2959.914
2960.118
2960.322
2960.526
2960.73
2960.934
2961.138
2961.342
2961.546
2961.75
2962.29
2962.83
2963.37
2963.593
2963.816
2964.039
2964.262
2964.485
2964.708
2964.931
2965.154
2965.377
2965.6
2965.823
2966.046
2966.269
2966.492
2966.715
2966.938
2967.161
2967.39
2967.767
2968.144
2968.521
2968.898
2969.275
2969.652
2970.029
2970.406
2970.783
2971.16
2971.537
2971.914
2972.291
2972.668
2973.045
2973.422
2973.799
2974.17
2974.291
2974.412
2974.533
2974.654
2974.775
2974.896
2975.017
2975.138
2975.259
2975.38
2975.501
2975.622
2975.743
2975.864
2975.985
2976.106
2976.227
2976.348
2976.469
2976.59
2976.71
2977.041
2977.372
2977.703
2978.034
2978.365
2978.696
2979.027
2979.358
2979.689
2980.02
2980.351
2980.682
2981.013
2981.344
2981.675
2982.006
2982.337
2982.671
2982.891
2983.111
2983.331
2983.551
2983.771
2983.991
2984.211
2984.431
2984.651
2984.871
2985.091
2985.311
2985.531
2985.751
2985.971
2986.191
2986.411
2986.631
2986.851
2987.071
2987.291
2987.51
2987.871
2988.232
2988.593
2988.954
2989.315
2989.676
2990.037
2990.398
2990.759
2991.12
2991.481
2991.842
2992.203
2992.564
2992.925
2993.286
2993.647
2994.0
2994.363
2994.726
2995.089
2995.452
2995.815
2996.178
2996.541
2996.904
2997.267
2997.63
2997.993
2998.356
2998.719
2999.082
2999.445
2999.808
3000.171
3000.534
3000.897
3001.26
3001.62
3002.103
3002.586
3003.069
3003.552
3004.035
3004.518
3005.001
3005.484
3005.967
3006.45
3006.933
3007.416
3007.899
3008.382
3008.865
3009.348
3009.831
3010.32
3010.73
3011.14
3011.55
3011.96
3012.37
3012.78
3013.19
3013.6
3014.01
3014.42
3014.83
3015.24
3015.65
3016.06
3016.47
3016.88
3017.29
3018.105
3018.92
3019.735
3020.55
3020.957
3021.363
3021.769
3022.175
3022.582
3022.988
3023.394
3023.8
3024.207
3024.613
3025.019
3025.425
3025.832
3026.238
3026.644
3027.05
3027.457
3027.863
3028.269
3028.68
3029.043
3029.406
3029.769
3030.132
3030.495
3030.858
3031.221
3031.584
3031.947
3032.31
3032.673
3033.036
3033.399
3033.762
3034.125
3034.488
3034.851
3035.214
3035.57
3035.872
3036.174
3036.476
3036.778
3037.08
3037.382
3037.684
3037.986
3038.288
3038.59
3038.892
3039.194
3039.496
3039.798
3040.1
3040.402
3040.704
3041.006
3041.308
3041.61
3041.92
3042.339
3042.758
3043.177
3043.596
3044.015
3044.434
3044.853
3045.272
3045.691
3046.11
3046.529
3046.948
3047.367
3047.786
3048.205
3048.624
3049.043
3049.46
3049.751
3050.043
3050.334
3050.625
3050.916
3051.207
3051.498
3051.789
3052.081
3052.372
3052.663
3052.954
3053.245
3053.536
3053.827
3054.119
3054.41
3054.701
3054.992
3055.29
3055.926
3056.562
3057.198
3057.834
3058.47
3059.106
3059.74
3059.952
3060.164
3060.376
3060.588
3060.8
3061.012
3061.224
3061.436
3061.648
3061.86
3062.072
3062.284
3062.496
3062.708
3062.92
3063.132
3063.344
3063.55
3063.817
3064.084
3064.351
3064.618
3064.885
3065.152
3065.419
3065.686
3065.953
3066.22
3066.487
3066.754
3067.021
3067.288
3067.555
3067.822
3068.089
3068.349
3068.717
3069.085
3069.453
3069.821
3070.189
3070.557
3070.925
3071.293
3071.661
3072.029
3072.397
3072.765
3073.133
3073.501
3073.869
3074.237
3074.605
3074.973
3075.341
3075.71
3076.167
3076.624
3077.081
3077.538
3077.995
3078.452
3078.909
3079.366
3079.823
3080.28
3080.737
3081.194
3081.651
3082.108
3082.565
3083.02
3083.314
3083.608
3083.902
3084.196
3084.49
3084.784
3085.078
3085.372
3085.666
3085.96
3086.254
3086.548
3086.842
3087.136
3087.43
3087.724
3088.018
3088.312
3088.606
3088.9
3089.194
3089.48
3089.8
3090.12
3090.44
3090.76
3091.08
3091.4
3091.72
3092.04
3092.36
3092.68
3093.0
3093.32
3093.64
3093.96
3094.28
3094.6
3094.92
3095.24
3095.56
3095.88
3096.224
3096.568
3096.912
3097.256
3097.6
3097.944
3098.288
3098.632
3098.976
3099.32
3099.664
3100.008
3100.352
3100.696
3101.04
3101.381
3101.803
3102.225
3102.647
3103.069
3103.491
3103.913
3104.335
3104.757
3105.179
3105.601
3106.023
3106.445
3106.867
3107.289
3107.711
3108.133
3108.555
3108.977
3109.4
3109.624
3109.848
3110.072
3110.296
3110.52
3110.744
3110.968
3111.192
3111.416
3111.64
3111.864
3112.088
3112.312
3112.536
3112.76
3112.984
3113.208
3113.432
3113.656
3113.88
3114.104
3114.328
3114.552
3114.776
3115.0
3115.216
3115.432
3115.648
3115.864
3116.08
3116.296
3116.512
3116.728
3116.944
3117.16
3117.376
3117.592
3117.808
3118.024
3118.24
3118.456
3118.672
3118.888
3119.11
3119.497
3119.884
3120.271
3120.658
3121.045
3121.432
3121.819
3122.206
3122.593
3122.98
3123.572
3124.164
3124.756
3125.348
3125.94
3126.532
3127.124
3127.716
3128.308
3128.9
3129.492
3130.084
3130.676
3131.268
3131.86
3132.452
3133.044
3133.63
3133.934
3134.238
3134.542
3134.846
3135.15
3135.454
3135.758
3136.062
3136.366
3136.67
3136.974
3137.278
3137.582
3137.886
3138.19
3138.494
3138.798
3139.109
3139.34
3139.571
3139.802
3140.033
3140.264
3140.495
3140.726
3140.957
3141.188
3141.419
3141.65
3141.881
3142.112
3142.343
3142.574
3142.805
3143.036
3143.267
3143.5
3144.059
3144.618
3145.177
3145.736
3146.295
3146.854
3147.413
3147.972
3148.531
3149.09
3149.649
3150.208
3150.767
3151.326
3151.885
3152.444
3153.0
3153.398
3153.796
3154.194
3154.592
3154.99
3155.388
3155.786
3156.184
3156.582
3156.98
3157.378
3157.776
3158.174
3158.572
3158.97
3159.368
3159.766
3160.17
3160.905
3161.64
3162.375
3163.11
3163.845
3164.58
3165.315
3166.05
3166.785
3167.52
3168.255
3168.99
3169.725
3170.46
3171.195
3171.93
3172.274
3172.618
3172.962
3173.306
3173.65
3173.994
3174.338
3174.682
3175.026
3175.37
3175.714
3176.058
3176.402
3176.746
3177.09
3177.434
3177.778
3178.122
3178.46
3178.714
3178.968
3179.222
3179.476
3179.73
3179.984
3180.238
3180.492
3180.746
3181.0
3181.254
3181.508
3181.762
3182.02
3182.266
3182.512
3182.758
3183.004
3183.25
3183.496
3183.742
3183.988
3184.234
3184.48
3184.726
3184.972
3185.218
3185.464
3185.71
3185.95
3185.95
3185.95
3185.95
3185.95
3185.95
3185.95
3185.95
3185.95
3185.95
3185.95
3185.95
3185.95
3185.95
