73.08
73.275
73.47
73.665
73.86
74.055
74.25
74.445
74.64
74.835
75.03
75.225
75.42
75.615
75.81
76.005
76.2
76.39
76.841
77.292
77.743
78.194
78.645
79.096
79.547
79.998
80.449
80.9
81.351
81.802
82.253
82.704
83.155
83.606
84.06
84.321
84.582
84.843
85.104
85.365
85.626
85.887
86.148
86.409
86.67
86.931
87.192
87.453
87.714
87.975
88.24
88.6
88.96
89.32
89.68
90.04
90.4
90.76
91.12
91.48
91.84
92.2
92.56
92.92
93.28
93.64
94.0
94.36
94.72
95.08
95.44
95.79
96.041
96.292
96.543
96.794
97.045
97.296
97.547
97.798
98.049
98.3
98.551
98.802
99.053
99.304
99.555
99.806
100.057
100.3
100.883
101.466
102.049
102.632
103.215
103.798
104.381
104.964
105.547
106.13
106.713
107.296
107.879
108.462
109.045
109.628
110.211
110.794
111.37
111.897
112.424
112.951
113.478
114.005
114.532
115.059
115.586
116.113
116.64
117.167
117.694
118.221
118.748
119.275
119.802
120.329
120.85
121.388
121.926
122.464
123.002
123.54
124.078
124.616
125.154
125.692
126.23
126.768
127.306
127.844
128.382
128.921
129.581
130.241
130.901
131.561
132.221
132.881
133.541
134.201
134.861
135.521
136.181
136.841
137.501
138.161
138.821
139.481
140.14
140.372
140.604
140.836
141.068
141.3
141.532
141.764
141.996
142.228
142.46
142.692
142.924
143.156
143.388
143.62
143.852
144.08
144.544
145.008
145.472
145.936
146.4
146.864
147.328
147.792
148.256
148.72
149.184
149.648
150.112
150.576
151.04
151.504
151.968
152.432
152.9
153.346
153.792
154.238
154.684
155.13
155.576
156.022
156.468
156.914
157.36
157.806
158.252
158.698
159.144
159.59
160.03
160.388
160.746
161.104
161.462
161.82
162.178
162.536
162.894
163.252
163.61
163.968
164.326
164.684
165.042
165.4
165.76
166.26
166.76
167.26
167.76
168.26
168.76
169.26
169.76
170.26
170.76
171.26
171.76
172.26
172.76
173.26
173.76
174.26
174.83
175.4
175.97
176.54
177.11
177.68
177.906
178.132
178.358
178.584
178.81
179.036
179.262
179.488
179.714
179.94
180.166
180.392
180.618
180.844
181.07
181.296
181.522
181.748
181.97
182.295
182.62
182.945
183.27
183.595
183.92
184.245
184.57
184.895
185.22
185.545
185.87
186.195
186.52
186.85
187.094
187.338
187.582
187.826
188.07
188.314
188.558
188.802
189.046
189.29
189.534
189.778
190.022
190.266
190.51
190.754
191.0
191.559
192.118
192.677
193.236
193.795
194.354
194.913
195.472
196.031
196.59
197.149
197.708
198.267
198.826
199.385
199.94
200.266
200.592
200.918
201.244
201.57
201.896
202.222
202.548
202.874
203.2
203.526
203.852
204.178
204.504
204.83
205.156
205.48
206.05
206.62
207.19
207.76
208.33
208.9
209.47
210.04
210.61
211.18
211.75
212.319
212.651
212.983
213.315
213.647
213.979
214.311
214.643
214.975
215.307
215.639
215.971
216.303
216.63
217.09
217.55
218.01
218.47
218.93
219.39
219.85
220.31
220.77
221.23
221.69
222.15
222.61
223.07
223.53
223.99
224.45
224.91
225.187
225.464
225.741
226.018
226.295
226.572
226.849
227.126
227.403
227.68
227.957
228.234
228.511
228.788
229.065
229.342
229.619
229.896
230.18
230.767
231.354
231.941
232.528
233.115
233.702
234.289
234.876
235.463
236.05
236.637
237.224
237.811
238.398
238.985
239.569
240.148
240.727
241.306
241.885
242.464
243.043
243.622
244.201
244.78
245.359
245.938
246.517
247.096
247.675
248.254
248.833
249.41
249.73
250.05
250.37
250.69
251.01
251.33
251.65
251.97
252.29
252.61
252.93
253.25
253.57
253.89
254.21
254.53
254.85
255.17
255.49
255.81
256.12
256.605
257.09
257.575
258.06
258.545
259.03
259.515
260.0
260.485
260.97
261.455
261.94
262.425
262.91
263.4
263.691
263.982
264.273
264.564
264.855
265.146
265.437
265.728
266.019
266.31
266.601
266.892
267.183
267.474
267.765
268.056
268.34
268.63
268.92
269.21
269.5
269.79
270.08
270.37
270.66
270.95
271.24
271.53
271.82
272.11
272.4
272.69
272.98
273.27
273.56
273.85
274.14
274.44
275.785
277.13
277.546
277.962
278.378
278.794
279.21
279.626
280.042
280.458
280.874
281.29
281.706
282.122
282.538
282.954
283.37
283.786
284.202
284.62
284.94
285.26
285.58
285.9
286.22
286.54
286.86
287.18
287.5
287.82
288.14
288.46
288.78
289.1
289.42
289.74
290.06
290.38
290.7
291.02
291.35
291.603
291.856
292.109
292.362
292.615
292.868
293.121
293.374
293.627
293.88
294.133
294.386
294.639
294.892
295.145
295.398
295.651
295.904
296.15
296.342
296.534
296.726
296.918
297.11
297.302
297.494
297.686
297.878
298.07
298.262
298.454
298.646
298.838
299.03
299.222
299.414
299.6
299.814
300.028
300.242
300.456
300.67
300.884
301.098
301.312
301.526
301.74
301.954
302.168
302.382
302.596
302.81
303.024
303.238
303.452
303.666
303.88
304.09
304.383
304.676
304.969
305.262
305.555
305.848
306.141
306.434
306.727
307.02
307.313
307.606
307.899
308.192
308.49
308.71
308.93
309.15
309.37
309.59
309.81
310.03
310.25
310.47
310.69
310.91
311.13
311.35
311.57
311.79
312.01
312.23
312.45
312.67
312.89
313.11
313.33
313.55
313.843
314.136
314.429
314.722
315.015
315.308
315.601
315.894
316.187
316.48
316.773
317.066
317.359
317.652
317.945
318.238
318.531
318.824
319.117
319.41
319.703
319.996
320.289
320.582
320.875
321.16
321.712
322.264
322.816
323.368
323.92
324.472
325.024
325.576
326.128
326.68
327.232
327.784
328.336
328.888
329.44
329.992
330.544
331.1
331.437
331.774
332.111
332.448
332.785
333.122
333.459
333.796
334.133
334.47
334.807
335.144
335.481
335.818
336.155
336.492
336.83
337.07
337.31
337.55
337.79
338.03
338.27
338.51
338.75
338.99
339.23
339.47
339.71
339.95
340.19
340.43
340.67
340.91
341.15
341.39
341.63
341.87
342.11
342.274
342.438
342.602
342.766
342.93
343.094
343.258
343.422
343.586
343.75
343.914
344.08
344.577
345.074
345.571
346.068
346.565
347.062
347.559
348.056
348.553
349.05
349.547
350.044
350.541
351.038
351.535
352.029
352.683
353.337
353.991
354.645
355.299
355.953
356.607
357.261
357.915
358.569
359.223
359.877
360.531
361.185
361.839
362.493
363.147
363.801
364.455
365.109
365.76
366.262
366.764
367.266
367.768
368.27
368.772
369.274
369.776
370.278
370.78
371.282
371.784
372.286
372.788
373.29
373.792
374.294
374.796
375.298
375.8
376.302
376.804
377.306
377.808
378.31
378.82
379.163
379.506
379.849
380.192
380.535
380.878
381.221
381.564
381.907
382.25
382.593
382.936
383.279
383.622
383.965
384.308
384.65
385.235
385.82
386.405
386.99
387.575
388.16
388.745
389.33
389.915
390.5
391.085
391.67
392.255
392.84
393.425
394.01
394.595
395.18
395.77
396.217
396.664
397.111
397.558
398.005
398.452
398.899
399.346
399.793
400.24
400.687
401.134
401.581
402.028
402.475
402.922
403.369
403.82
404.046
404.272
404.498
404.724
404.95
405.176
405.402
405.628
405.854
406.08
406.306
406.532
406.758
406.984
407.21
407.436
407.662
407.888
408.114
408.349
408.622
408.895
409.168
409.441
409.714
409.987
410.26
410.533
410.806
411.079
411.352
411.625
411.898
412.171
412.444
412.71
413.162
413.614
414.066
414.518
414.97
415.422
415.874
416.326
416.778
417.23
417.682
418.134
418.586
419.038
419.49
419.942
420.394
420.839
421.328
421.817
422.306
422.795
423.284
423.773
424.262
424.751
425.24
425.729
426.218
426.707
427.196
427.685
428.174
428.663
429.152
429.64
430.04
430.44
430.84
431.24
431.64
432.04
432.44
432.84
433.24
433.64
434.04
434.44
434.84
435.24
435.64
436.04
436.44
436.84
437.24
437.64
438.039
438.548
439.057
439.566
440.075
440.584
441.093
441.602
442.111
442.62
443.129
443.638
444.147
444.656
445.165
445.674
446.183
446.69
446.971
447.252
447.533
447.814
448.095
448.376
448.657
448.94
449.466
449.992
450.518
451.044
451.57
452.096
452.622
453.148
453.674
454.2
454.726
455.252
455.778
456.304
456.83
457.356
457.88
458.242
458.604
458.966
459.328
459.69
460.052
460.414
460.776
461.138
461.5
461.862
462.224
462.586
462.948
463.31
463.813
464.316
464.819
465.322
465.825
466.328
466.831
467.334
467.837
468.34
468.843
469.346
469.849
470.352
470.855
471.358
471.861
472.37
472.782
473.194
473.606
474.018
474.43
474.842
475.254
475.666
476.078
476.49
476.902
477.314
477.726
478.138
478.55
478.962
479.374
479.786
480.198
480.61
481.022
481.44
481.823
482.206
482.589
482.972
483.355
483.738
484.121
484.504
484.887
485.27
485.653
486.036
486.419
486.802
487.185
487.568
487.951
488.334
488.717
489.099
489.312
489.525
489.738
489.951
490.164
490.377
490.59
490.803
491.016
491.229
491.442
491.655
491.868
492.081
492.294
492.507
492.72
492.933
493.15
493.546
493.942
494.338
494.734
495.13
495.526
495.922
496.318
496.714
497.11
497.506
497.902
498.298
498.694
499.09
499.486
499.882
500.278
500.674
501.07
501.46
501.716
501.972
502.228
502.484
502.74
502.996
503.252
503.508
503.764
504.02
504.276
504.532
504.788
505.044
505.3
505.556
505.812
506.068
506.324
506.58
506.83
507.388
507.946
508.504
509.062
509.62
510.178
510.736
511.294
511.852
512.41
512.968
513.526
514.084
514.642
515.2
515.597
515.994
516.391
516.788
517.185
517.582
517.979
518.376
518.773
519.17
519.567
519.964
520.361
520.758
521.155
521.552
521.949
522.346
522.743
523.14
523.529
524.183
524.837
525.491
526.145
526.799
527.453
528.107
528.761
529.415
530.069
530.723
531.377
532.031
532.685
533.339
533.993
534.641
535.089
535.537
535.985
536.433
536.881
537.329
537.777
538.225
538.673
539.121
539.569
540.017
540.465
540.913
541.361
541.809
542.257
542.705
543.153
543.601
544.05
544.95
545.85
546.75
547.65
548.55
549.45
550.35
551.25
552.15
553.05
553.95
554.85
555.75
556.65
557.55
558.45
559.35
560.25
561.4
562.55
563.7
564.851
566.001
567.151
568.301
569.452
570.602
571.752
572.902
574.053
575.203
576.353
577.503
578.654
579.804
580.959
581.428
581.897
582.366
582.835
583.304
583.773
584.242
584.711
585.18
585.649
586.118
586.587
587.056
587.525
587.994
588.463
588.931
589.125
589.319
589.513
589.707
589.901
590.095
590.289
590.483
590.677
590.871
591.065
591.26
591.454
591.648
591.842
592.036
592.23
592.424
592.618
592.812
593.006
593.21
593.658
594.106
594.554
595.002
595.45
595.898
596.346
596.794
597.242
597.69
598.138
598.586
599.034
599.482
599.93
600.378
600.82
601.382
601.944
602.506
603.068
603.63
604.192
604.754
605.316
605.88
606.541
607.202
607.863
608.524
609.185
609.846
610.507
611.168
611.829
612.49
613.151
613.812
614.473
615.134
615.795
616.456
617.117
617.778
618.439
619.1
619.77
620.287
620.804
621.321
621.838
622.355
622.872
623.389
623.906
624.423
624.94
625.457
625.974
626.491
627.008
627.525
628.042
628.559
629.076
629.593
630.11
630.62
630.908
631.196
631.484
631.772
632.06
632.348
632.636
632.924
633.212
633.5
633.788
634.076
634.364
634.652
634.94
635.228
635.516
635.804
636.092
636.38
636.668
636.956
637.25
638.021
638.792
639.563
640.334
641.105
641.876
642.647
643.418
644.189
644.96
645.818
646.676
647.534
648.392
649.25
650.108
650.966
651.824
652.682
653.54
654.398
655.256
656.114
656.972
657.83
658.688
659.54
659.745
659.95
660.155
660.36
660.565
660.77
660.975
661.18
661.385
661.59
661.795
662.0
662.205
662.41
662.615
662.82
663.025
663.23
663.43
663.622
663.814
664.006
664.198
664.39
664.582
664.774
664.966
665.158
665.35
665.542
665.734
665.926
666.118
666.31
666.502
666.694
666.886
667.071
667.392
667.713
668.034
668.355
668.676
668.997
669.318
669.639
669.96
670.281
670.602
670.923
671.244
671.565
671.886
672.207
672.528
672.849
673.17
673.491
673.81
674.172
674.534
674.896
675.258
675.62
675.982
676.344
676.706
677.068
677.43
677.792
678.154
678.516
678.878
679.24
679.602
679.964
680.326
680.688
681.05
681.41
681.705
682.0
682.295
682.59
682.885
683.18
683.475
683.77
684.065
684.36
684.655
684.95
685.245
685.54
685.835
686.13
687.201
688.272
689.343
690.414
691.485
692.556
693.627
694.698
695.769
696.84
697.094
697.348
697.602
697.856
698.11
698.364
698.618
698.872
699.126
699.38
699.634
699.888
700.142
700.396
700.65
700.904
701.16
701.474
701.788
702.102
702.416
702.73
703.044
703.358
703.672
703.986
704.3
704.614
704.928
705.242
705.556
705.87
706.184
706.498
706.82
707.283
707.746
708.209
708.672
709.135
709.598
710.061
710.524
710.987
711.45
711.913
712.376
712.839
713.302
713.765
714.228
714.691
715.154
715.61
716.202
716.794
717.386
717.978
718.57
719.162
719.754
720.346
720.938
721.53
722.122
722.714
723.306
723.898
724.49
725.08
725.356
725.632
725.908
726.184
726.46
726.736
727.012
727.288
727.564
727.84
728.116
728.392
728.668
728.944
729.22
729.496
729.772
730.04
730.466
730.892
731.318
731.744
732.17
732.596
733.022
733.448
733.874
734.3
734.726
735.152
735.578
736.004
736.43
736.856
737.282
737.708
738.13
738.49
738.85
739.21
739.57
739.93
740.29
740.65
741.01
741.37
741.73
742.09
742.45
742.81
743.17
743.53
743.89
744.25
744.61
744.97
745.33
745.69
745.939
746.188
746.437
746.686
746.935
747.184
747.433
747.682
747.931
748.18
748.429
748.678
748.927
749.176
749.425
749.674
749.923
750.18
750.446
750.712
750.978
751.244
751.51
751.776
752.042
752.308
752.574
752.84
753.106
753.372
753.638
753.904
754.17
754.436
754.702
754.968
755.234
755.5
756.034
756.568
757.102
757.636
758.17
758.704
759.238
759.772
760.306
760.84
761.374
761.908
762.442
762.976
763.51
764.044
764.57
764.88
765.19
765.5
765.81
766.12
766.43
766.74
767.05
767.36
767.67
767.98
768.29
768.6
768.91
769.22
769.53
769.84
770.233
770.625
771.018
771.411
771.803
772.196
772.589
772.982
773.375
773.768
774.161
774.553
774.946
775.339
775.732
776.125
776.518
776.911
777.303
777.69
777.968
778.246
778.524
778.802
779.08
779.358
779.636
779.914
780.192
780.47
780.748
781.026
781.304
781.582
781.86
782.138
782.416
782.694
782.972
783.25
783.865
784.48
785.095
785.71
786.325
786.94
787.555
788.17
788.785
789.4
790.015
790.63
791.245
791.86
792.475
793.09
793.266
793.442
793.618
793.794
793.97
794.146
794.322
794.498
794.674
794.85
795.026
795.202
795.378
795.554
795.73
795.906
796.082
796.258
796.44
796.988
797.536
798.084
798.632
799.18
799.728
800.276
800.824
801.372
801.92
802.468
803.016
803.564
804.112
804.66
805.208
805.756
806.311
807.272
808.233
809.194
810.155
811.116
812.077
813.038
813.999
814.96
815.921
816.882
817.843
818.804
819.765
820.73
821.098
821.466
821.834
822.202
822.57
822.938
823.306
823.674
824.042
824.41
824.778
825.146
825.514
825.882
826.25
826.618
826.99
827.279
827.568
827.857
828.146
828.435
828.724
829.013
829.302
829.591
829.88
830.169
830.458
830.747
831.036
831.325
831.614
831.903
832.2
832.986
833.772
834.558
835.344
836.13
836.916
837.702
838.488
839.274
840.06
840.846
841.632
842.418
843.204
843.99
844.77
845.387
846.004
846.621
847.238
847.855
848.472
849.089
849.706
850.323
850.94
851.557
852.174
852.791
853.408
854.025
854.642
855.259
855.88
858.637
861.394
864.151
866.908
869.665
872.422
875.179
877.936
880.693
883.45
886.207
888.96
889.712
890.464
891.216
891.968
892.72
893.472
894.224
894.976
895.728
896.48
897.232
897.984
898.736
899.488
900.24
900.992
901.744
902.496
903.248
904.0
904.752
905.504
906.256
907.01
907.314
907.618
907.922
908.226
908.53
908.834
909.138
909.442
909.746
910.05
910.354
910.658
910.962
911.266
911.57
911.87
912.133
912.396
912.659
912.922
913.185
913.447
913.71
913.973
914.236
914.499
914.762
915.024
915.287
915.55
915.812
916.075
916.338
916.601
916.864
917.12
917.449
917.778
918.107
918.436
918.765
919.094
919.423
919.752
920.081
920.41
920.739
921.068
921.397
921.72
922.18
922.64
923.1
923.56
924.02
924.48
924.94
925.4
925.86
926.32
926.78
927.24
927.7
928.16
928.62
929.08
929.54
930.0
930.46
930.92
931.38
931.84
932.3
932.76
933.23
933.607
933.984
934.361
934.738
935.115
935.492
935.869
936.246
936.623
937.0
937.377
937.754
938.131
938.508
938.885
939.262
939.639
940.016
940.393
940.77
941.147
941.529
942.059
942.589
943.119
943.649
944.179
944.709
945.239
945.769
946.299
946.829
947.359
947.889
948.419
948.949
949.479
950.009
950.539
951.069
951.599
952.129
952.659
953.189
953.71
953.954
954.198
954.442
954.686
954.93
955.174
955.418
955.662
955.906
956.15
956.394
956.638
956.882
957.126
957.37
957.614
957.858
958.102
958.346
958.59
958.834
959.08
959.59
960.1
960.61
961.12
961.63
962.14
962.65
963.16
963.67
964.18
964.69
965.2
965.71
966.22
966.73
967.24
967.75
968.26
968.77
969.28
969.79
970.3
970.796
971.292
971.788
972.284
972.78
973.276
973.772
974.268
974.764
975.26
975.756
976.252
976.748
977.244
977.74
978.236
978.732
979.228
979.724
980.22
980.612
981.004
981.396
981.788
982.18
982.572
982.964
983.356
983.748
984.14
984.532
984.924
985.316
985.708
986.1
986.492
986.884
987.276
987.668
988.061
988.599
989.137
989.675
990.213
990.751
991.289
991.827
992.365
992.903
993.441
993.979
994.517
995.055
995.593
996.131
996.669
997.207
997.745
998.283
998.821
999.359
999.897
1000.435
1000.972
1001.337
1001.702
1002.067
1002.43
1002.783
1003.136
1003.489
1003.842
1004.195
1004.548
1004.901
1005.254
1005.607
1005.96
1006.313
1006.666
1007.019
1007.372
1007.725
1008.078
1008.431
1008.78
1009.029
1009.279
1009.529
1009.779
1010.029
1010.279
1010.529
1010.779
1011.029
1011.279
1011.529
1011.779
1012.029
1012.279
1012.529
1012.779
1013.029
1013.279
1013.529
1013.77
1014.28
1014.79
1015.3
1015.81
1016.32
1016.83
1017.34
1017.85
1018.36
1018.87
1019.38
1019.89
1020.4
1020.91
1021.42
1021.93
1022.44
1022.95
1023.46
1023.97
1024.47
1025.034
1025.599
1026.163
1026.727
1027.292
1027.856
1028.42
1028.985
1029.549
1030.113
1030.678
1031.243
1031.807
1032.371
1032.936
1033.5
1034.064
1034.629
1035.193
1035.76
1036.02
1036.28
1036.54
1036.8
1037.06
1037.32
1037.58
1037.84
1038.1
1038.36
1038.62
1038.88
1039.14
1039.4
1039.66
1039.92
1040.18
1040.44
1040.7
1040.96
1041.22
1041.48
1041.74
1042.0
1042.26
1042.683
1043.106
1043.529
1043.952
1044.375
1044.798
1045.221
1045.644
1046.067
1046.49
1046.913
1047.336
1047.759
1048.182
1048.605
1049.028
1049.451
1049.874
1050.297
1050.72
1051.036
1051.352
1051.668
1051.984
1052.3
1052.616
1052.932
1053.248
1053.564
1053.88
1054.196
1054.512
1054.828
1055.144
1055.46
1055.776
1056.092
1056.4
1056.814
1057.228
1057.642
1058.056
1058.47
1058.884
1059.298
1059.712
1060.126
1060.54
1060.954
1061.368
1061.782
1062.196
1062.61
1063.024
1063.438
1063.852
1064.266
1064.68
1065.094
1065.508
1065.922
1066.33
1066.724
1067.118
1067.512
1067.906
1068.3
1068.694
1069.088
1069.482
1069.876
1070.27
1070.664
1071.058
1071.452
1071.846
1072.24
1072.634
1073.028
1073.422
1073.816
1074.21
1074.61
1075.25
1075.89
1076.53
1077.17
1077.81
1078.45
1079.09
1079.73
1080.37
1081.01
1081.65
1082.29
1082.93
1083.57
1084.21
1084.85
1085.49
1086.13
1086.77
1087.41
1088.05
1088.69
1089.33
1089.98
1090.464
1090.948
1091.432
1091.916
1092.4
1092.884
1093.368
1093.852
1094.336
1094.82
1095.304
1095.788
1096.272
1096.756
1097.24
1097.724
1098.208
1098.692
1099.176
1099.66
1100.144
1100.628
1101.112
1101.596
1102.08
1102.57
1102.878
1103.186
1103.494
1103.802
1104.11
1104.418
1104.726
1105.034
1105.342
1105.65
1105.958
1106.266
1106.574
1106.882
1107.19
1107.498
1107.806
1108.114
1108.422
1108.73
1109.038
1109.346
1109.654
1109.97
1110.935
1111.9
1112.865
1113.83
1114.795
1115.76
1116.725
1117.69
1118.655
1119.62
1120.585
1121.55
1122.515
1123.48
1124.445
1125.41
1126.375
1127.34
1128.305
1129.279
1129.783
1130.287
1130.791
1131.295
1131.799
1132.303
1132.807
1133.311
1133.815
1134.319
1134.823
1135.327
1135.831
1136.335
1136.839
1137.343
1137.847
1138.351
1138.855
1139.359
1139.863
1140.367
1140.87
1141.382
1141.894
1142.406
1142.918
1143.43
1143.942
1144.454
1144.966
1145.478
1145.99
1146.502
1147.014
1147.526
1148.038
1148.55
1149.062
1149.574
1150.086
1150.598
1151.11
1151.622
1152.134
1152.646
1153.158
1153.679
1154.023
1154.367
1154.711
1155.055
1155.399
1155.743
1156.087
1156.431
1156.775
1157.119
1157.463
1157.807
1158.151
1158.495
1158.839
1159.183
1159.527
1159.871
1160.215
1160.559
1160.903
1161.247
1161.591
1161.935
1162.279
1162.62
1163.944
1165.268
1166.592
1167.916
1169.24
1170.564
1171.888
1173.212
1174.536
1175.86
1177.184
1178.508
1179.832
1181.156
1182.48
1183.804
1185.128
1186.452
1187.776
1189.1
1190.424
1191.748
1193.072
1194.396
1195.72
1197.044
1198.368
1199.69
1200.078
1200.466
1200.854
1201.242
1201.63
1202.018
1202.406
1202.794
1203.182
1203.57
1203.958
1204.346
1204.734
1205.122
1205.51
1205.898
1206.286
1206.674
1207.062
1207.45
1207.838
1208.22
1208.478
1208.736
1208.994
1209.252
1209.51
1209.768
1210.026
1210.284
1210.542
1210.8
1211.058
1211.316
1211.574
1211.832
1212.09
1212.348
1212.606
1212.869
1213.586
1214.303
1215.02
1215.737
1216.454
1217.171
1217.888
1218.605
1219.322
1220.039
1220.756
1221.473
1222.19
1222.909
1223.828
1224.747
1225.666
1226.585
1227.504
1228.423
1229.342
1230.261
1231.18
1232.099
1233.018
1233.937
1234.856
1235.775
1236.694
1237.613
1238.53
1238.726
1238.922
1239.118
1239.314
1239.51
1239.706
1239.902
1240.098
1240.294
1240.49
1240.686
1240.882
1241.078
1241.274
1241.47
1241.666
1241.862
1242.058
1242.254
1242.45
1242.646
1242.842
1243.03
1243.244
1243.458
1243.672
1243.886
1244.1
1244.314
1244.528
1244.742
1244.956
1245.17
1245.384
1245.598
1245.812
1246.026
1246.24
1246.454
1246.668
1246.882
1247.1
1247.782
1248.464
1249.146
1249.828
1250.51
1251.192
1251.874
1252.556
1253.238
1253.92
1254.602
1255.284
1255.966
1256.648
1257.33
1258.012
1258.69
1259.682
1260.674
1261.666
1262.658
1263.65
1264.642
1265.634
1266.626
1267.618
1268.61
1269.602
1270.594
1271.586
1272.578
1273.57
1274.562
1275.554
1276.546
1277.539
1277.983
1278.427
1278.871
1279.315
1279.759
1280.203
1280.647
1281.091
1281.535
1281.979
1282.423
1282.867
1283.311
1283.755
1284.199
1284.643
1285.087
1285.531
1285.975
1286.419
1286.863
1287.299
1288.252
1289.205
1290.158
1291.111
1292.064
1293.017
1293.97
1294.923
1295.876
1296.829
1297.78
1298.164
1298.548
1298.932
1299.316
1299.7
1300.084
1300.468
1300.852
1301.236
1301.62
1302.004
1302.388
1302.772
1303.156
1303.54
1303.924
1304.308
1304.692
1305.076
1305.46
1305.85
1306.391
1306.932
1307.473
1308.014
1308.555
1309.096
1309.637
1310.178
1310.719
1311.26
1311.801
1312.342
1312.883
1313.424
1313.965
1314.506
1315.047
1315.588
1316.12
1316.919
1317.718
1318.517
1319.316
1320.115
1320.914
1321.713
1322.512
1323.311
1324.11
1324.909
1325.708
1326.507
1327.306
1328.105
1328.904
1329.703
1330.502
1331.299
1332.372
1333.445
1334.518
1335.591
1336.664
1337.737
1338.81
1339.883
1340.956
1342.029
1343.102
1344.175
1345.248
1346.321
1347.394
1348.467
1349.54
1350.613
1351.69
1352.129
1352.568
1353.007
1353.446
1353.885
1354.324
1354.763
1355.202
1355.641
1356.08
1356.519
1356.958
1357.397
1357.836
1358.275
1358.714
1359.153
1359.592
1360.029
1360.404
1360.779
1361.154
1361.529
1361.904
1362.279
1362.654
1363.029
1363.404
1363.779
1364.154
1364.529
1364.904
1365.279
1365.654
1366.029
1366.404
1366.779
1367.15
1367.673
1368.196
1368.718
1369.241
1369.764
1370.286
1370.809
1371.332
1371.855
1372.378
1372.9
1373.423
1373.946
1374.468
1374.991
1375.514
1376.036
1376.559
1377.082
1377.6
1378.126
1378.652
1379.178
1379.704
1380.23
1380.756
1381.282
1381.808
1382.334
1382.86
1383.386
1383.912
1384.438
1384.964
1385.49
1386.016
1386.542
1387.068
1387.594
1388.129
1388.376
1388.623
1388.87
1389.117
1389.364
1389.611
1389.858
1390.105
1390.352
1390.599
1390.846
1391.093
1391.34
1391.587
1391.834
1392.081
1392.32
1392.723
1393.126
1393.529
1393.932
1394.335
1394.738
1395.139
1395.572
1396.005
1396.438
1396.871
1397.304
1397.737
1398.17
1398.603
1399.036
1399.469
1399.902
1400.335
1400.768
1401.201
1401.634
1402.067
1402.5
1402.933
1403.369
1403.801
1404.233
1404.665
1405.097
1405.529
1405.961
1406.393
1406.825
1407.257
1407.689
1408.121
1408.553
1408.985
1409.417
1409.849
1410.281
1410.713
1411.145
1411.577
1412.009
1412.441
1412.879
1413.099
1413.319
1413.539
1413.759
1413.979
1414.199
1414.419
1414.639
1414.859
1415.079
1415.299
1415.519
1415.739
1415.959
1416.179
1416.399
1416.619
1416.839
1417.059
1417.279
1417.499
1417.719
1417.939
1418.149
1418.547
1418.945
1419.343
1419.741
1420.139
1420.537
1420.935
1421.333
1421.731
1422.129
1422.527
1422.925
1423.323
1423.721
1424.119
1424.517
1424.915
1425.313
1425.711
1426.1
1426.24
1426.38
1426.52
1426.66
1426.8
1426.94
1427.08
1427.22
1427.36
1427.5
1427.64
1427.78
1427.92
1428.06
1428.2
1428.34
1428.48
1428.619
1429.103
1429.587
1430.071
1430.555
1431.039
1431.523
1432.007
1432.491
1432.975
1433.459
1433.943
1434.427
1434.911
1435.395
1435.879
1436.36
1436.706
1437.052
1437.398
1437.744
1438.09
1438.436
1438.782
1439.128
1439.474
1439.82
1440.166
1440.512
1440.858
1441.204
1441.55
1441.896
1442.249
1442.86
1443.471
1444.082
1444.693
1445.304
1445.915
1446.526
1447.137
1447.748
1448.359
1448.97
1449.581
1450.192
1450.803
1451.414
1452.029
1452.642
1453.255
1453.868
1454.481
1455.094
1455.707
1456.32
1456.933
1457.546
1458.159
1458.772
1459.385
1459.998
1460.611
1461.224
1461.837
1462.45
1463.063
1463.676
1464.28
1464.506
1464.732
1464.958
1465.184
1465.41
1465.636
1465.862
1466.088
1466.314
1466.54
1466.766
1466.992
1467.218
1467.444
1467.67
1467.896
1468.13
1468.787
1469.444
1470.101
1470.758
1471.415
1472.072
1472.729
1473.386
1474.043
1474.7
1475.357
1476.014
1476.671
1477.328
1477.985
1478.649
1478.956
1479.263
1479.57
1479.877
1480.184
1480.491
1480.798
1481.105
1481.412
1481.719
1482.026
1482.333
1482.64
1482.947
1483.254
1483.561
1483.868
1484.175
1484.482
1484.789
1485.096
1485.403
1485.7
1486.328
1486.956
1487.584
1488.212
1488.84
1489.468
1490.096
1490.724
1491.352
1491.98
1492.608
1493.236
1493.864
1494.492
1495.12
1495.748
1496.376
1497.004
1497.632
1498.259
1498.722
1499.185
1499.648
1500.111
1500.574
1501.037
1501.5
1502.025
1502.55
1503.075
1503.6
1504.125
1504.65
1505.175
1505.7
1506.225
1506.75
1507.275
1507.8
1508.325
1508.85
1509.375
1509.9
1510.425
1510.95
1511.475
1512.0
1512.458
1512.916
1513.374
1513.832
1514.29
1514.748
1515.206
1515.664
1516.122
1516.58
1517.038
1517.496
1517.954
1518.412
1518.87
1519.328
1519.789
1520.403
1521.017
1521.631
1522.245
1522.859
1523.473
1524.087
1524.701
1525.315
1525.929
1526.543
1527.157
1527.771
1528.385
1528.999
1529.613
1530.227
1530.85
1531.221
1531.592
1531.963
1532.334
1532.705
1533.076
1533.447
1533.818
1534.189
1534.56
1534.931
1535.302
1535.673
1536.044
1536.415
1536.779
1537.073
1537.367
1537.661
1537.955
1538.249
1538.543
1538.837
1539.131
1539.425
1539.719
1540.013
1540.307
1540.601
1540.895
1541.189
1541.483
1541.777
1542.071
1542.365
1542.659
1542.95
1543.268
1543.586
1543.904
1544.222
1544.54
1544.858
1545.176
1545.494
1545.812
1546.13
1546.448
1546.766
1547.084
1547.402
1547.72
1548.038
1548.35
1548.857
1549.364
1549.871
1550.378
1550.885
1551.392
1551.899
1552.406
1552.913
1553.42
1553.927
1554.434
1554.941
1555.448
1555.955
1556.462
1556.969
1557.47
1557.972
1558.474
1558.976
1559.478
1559.98
1560.482
1560.984
1561.486
1561.988
1562.49
1562.992
1563.494
1563.996
1564.498
1565.0
1565.502
1566.004
1566.506
1567.008
1567.509
1567.932
1568.355
1568.778
1569.201
1569.624
1570.047
1570.47
1570.893
1571.316
1571.739
1572.162
1572.585
1573.008
1573.431
1573.854
1574.279
1574.534
1574.789
1575.044
1575.299
1575.554
1575.809
1576.064
1576.319
1576.574
1576.829
1577.084
1577.339
1577.594
1577.849
1578.104
1578.359
1578.614
1578.869
1579.124
1579.379
1579.634
1579.89
1580.203
1580.516
1580.829
1581.142
1581.455
1581.768
1582.081
1582.394
1582.707
1583.02
1583.333
1583.646
1583.959
1584.272
1584.585
1584.898
1585.21
1585.622
1586.034
1586.446
1586.858
1587.27
1587.682
1588.094
1588.506
1588.918
1589.33
1589.742
1590.154
1590.566
1590.978
1591.39
1591.809
1592.256
1592.704
1593.151
1593.599
1594.046
1594.494
1594.941
1595.389
1595.836
1596.284
1596.732
1597.179
1597.627
1598.074
1598.522
1598.969
1599.417
1599.864
1600.312
1600.759
1601.059
1601.359
1601.659
1601.959
1602.259
1602.559
1602.859
1603.159
1603.459
1603.759
1604.059
1604.359
1604.659
1604.959
1605.259
1605.559
1605.859
1606.159
1606.459
1606.759
1607.049
1607.654
1608.259
1608.864
1609.469
1610.074
1610.679
1611.284
1611.889
1612.494
1613.099
1613.704
1614.309
1614.914
1615.519
1616.124
1616.73
1617.294
1617.858
1618.422
1618.986
1619.55
1620.114
1620.679
1620.974
1621.268
1621.562
1621.856
1622.15
1622.445
1622.739
1623.034
1623.329
1623.623
1623.918
1624.212
1624.506
1624.801
1625.095
1625.389
1625.683
1625.98
1626.376
1626.772
1627.168
1627.564
1627.96
1628.356
1628.752
1629.148
1629.544
1629.94
1630.336
1630.732
1631.128
1631.524
1631.92
1632.316
1632.712
1633.109
1633.814
1634.519
1635.224
1635.929
1636.634
1637.339
1638.044
1638.749
1639.454
1640.159
1640.864
1641.569
1642.274
1642.979
1643.684
1644.389
1645.094
1645.799
1646.504
1647.2
1647.467
1647.734
1648.001
1648.268
1648.535
1648.802
1649.069
1649.336
1649.603
1649.87
1650.137
1650.404
1650.671
1650.938
1651.205
1651.472
1651.739
1652.006
1652.273
1652.54
1652.807
1653.074
1653.341
1653.611
1653.913
1654.215
1654.517
1654.819
1655.121
1655.423
1655.725
1656.027
1656.329
1656.631
1656.933
1657.235
1657.537
1657.839
1658.141
1658.443
1658.745
1659.047
1659.349
1659.651
1659.953
1660.255
1660.557
1660.86
1661.222
1661.584
1661.946
1662.308
1662.67
1663.032
1663.394
1663.756
1664.118
1664.48
1664.842
1665.204
1665.566
1665.928
1666.29
1666.652
1667.014
1667.376
1667.738
1668.1
1668.462
1668.82
1669.047
1669.274
1669.501
1669.728
1669.955
1670.182
1670.409
1670.636
1670.863
1671.09
1671.317
1671.544
1671.771
1671.998
1672.225
1672.452
1672.679
1672.906
1673.133
1673.36
1673.587
1673.814
1674.041
1674.26
1674.7
1675.14
1675.58
1676.02
1676.46
1676.9
1677.34
1677.685
1678.03
1678.375
1678.72
1679.065
1679.41
1679.755
1680.101
1680.447
1680.792
1681.137
1681.482
1681.827
1682.172
1682.517
1682.862
1683.207
1683.559
1683.984
1684.409
1684.834
1685.259
1685.684
1686.109
1686.534
1686.959
1687.384
1687.809
1688.234
1688.659
1689.084
1689.509
1689.934
1690.359
1690.784
1691.209
1691.634
1692.059
1692.484
1692.909
1693.334
1693.759
1694.184
1694.609
1695.034
1695.46
1695.775
1696.09
1696.405
1696.72
1697.035
1697.35
1697.665
1697.98
1698.295
1698.61
1698.925
1699.24
1699.555
1699.87
1700.185
1700.5
1700.815
1701.13
1701.445
1701.76
1702.075
1702.39
1702.705
1703.019
1703.406
1703.793
1704.18
1704.567
1704.954
1705.341
1705.728
1706.115
1706.502
1706.889
1707.276
1707.663
1708.05
1708.437
1708.824
1709.211
1709.598
1709.985
1710.372
1710.759
1711.14
1711.625
1712.11
1712.595
1713.08
1713.565
1714.05
1714.535
1715.02
1715.505
1715.99
1716.475
1716.96
1717.445
1717.93
1718.415
1718.9
1719.385
1719.87
1720.355
1720.84
1721.325
1721.809
1722.678
1723.547
1724.416
1725.284
1726.153
1727.022
1727.89
1728.759
1729.628
1730.496
1731.365
1732.234
1733.102
1733.971
1734.84
1735.708
1736.577
1737.446
1738.314
1739.179
1739.675
1740.171
1740.667
1741.163
1741.659
1742.155
1742.651
1743.147
1743.643
1744.139
1744.635
1745.131
1745.627
1746.123
1746.619
1747.115
1747.611
1748.107
1748.603
1749.099
1749.6
1750.017
1750.434
1750.851
1751.268
1751.685
1752.102
1752.519
1752.936
1753.353
1753.77
1754.187
1754.604
1755.021
1755.438
1755.855
1756.272
1756.689
1757.106
1757.523
1757.94
1758.351
1758.762
1759.173
1759.584
1759.995
1760.406
1760.817
1761.228
1761.639
1762.05
1762.461
1762.872
1763.283
1763.694
1764.105
1764.516
1764.929
1765.287
1765.645
1766.003
1766.361
1766.719
1767.077
1767.435
1767.793
1768.151
1768.509
1768.867
1769.225
1769.583
1769.941
1770.299
1770.657
1771.015
1771.373
1771.731
1772.08
1772.297
1772.514
1772.731
1772.948
1773.165
1773.382
1773.599
1773.816
1774.033
1774.25
1774.467
1774.684
1774.901
1775.118
1775.335
1775.552
1775.769
1775.986
1776.203
1776.42
1776.637
1776.854
1777.08
1777.433
1777.786
1778.139
1778.492
1778.845
1779.198
1779.551
1779.904
1780.257
1780.61
1780.963
1781.316
1781.669
1782.022
1782.375
1782.728
1783.081
1783.434
1783.789
1784.086
1784.383
1784.68
1784.977
1785.274
1785.571
1785.868
1786.165
1786.462
1786.759
1787.056
1787.353
1787.65
1787.947
1788.244
1788.541
1788.838
1789.129
1789.358
1789.587
1789.816
1790.045
1790.274
1790.503
1790.732
1790.961
1791.19
1791.419
1791.648
1791.877
1792.106
1792.335
1792.564
1792.793
1793.022
1793.25
1793.879
1794.508
1795.137
1795.766
1796.395
1797.024
1797.653
1798.282
1798.911
1799.54
1800.169
1800.798
1801.427
1802.056
1802.685
1803.314
1803.943
1804.572
1805.201
1805.83
1806.264
1806.698
1807.132
1807.566
1808.0
1808.434
1808.868
1809.302
1809.736
1810.17
1810.604
1811.038
1811.472
1811.906
1812.34
1812.774
1813.208
1813.64
1814.064
1814.488
1814.912
1815.336
1815.76
1816.184
1816.608
1817.032
1817.456
1817.88
1818.304
1818.728
1819.152
1819.576
1820.0
1820.424
1820.848
1821.272
1821.696
1822.119
1822.583
1823.047
1823.511
1823.975
1824.439
1824.903
1825.367
1825.831
1826.295
1826.759
1827.223
1827.687
1828.151
1828.615
1829.079
1829.543
1830.007
1830.471
1830.935
1831.399
1831.863
1832.32
1832.611
1832.902
1833.193
1833.484
1833.775
1834.066
1834.357
1834.648
1834.939
1835.23
1835.521
1835.812
1836.103
1836.394
1836.685
1836.976
1837.267
1837.558
1837.849
1838.14
1838.44
1838.992
1839.543
1840.094
1840.646
1841.197
1841.748
1842.3
1842.851
1843.403
1843.955
1844.506
1845.058
1845.61
1846.161
1846.713
1847.264
1847.815
1848.367
1848.918
1849.47
1849.802
1850.134
1850.466
1850.798
1851.13
1851.462
1851.794
1852.126
1852.458
1852.79
1853.122
1853.454
1853.786
1854.118
1854.45
1854.782
1855.114
1855.446
1855.778
1856.11
1856.442
1856.769
1857.149
1857.529
1857.909
1858.289
1858.669
1859.049
1859.429
1859.809
1860.189
1860.569
1860.949
1861.329
1861.709
1862.089
1862.469
1862.849
1863.229
1863.609
1863.989
1864.369
1864.749
1865.057
1865.365
1865.673
1865.981
1866.289
1866.597
1866.905
1867.213
1867.521
1867.829
1868.137
1868.445
1868.753
1869.061
1869.369
1869.677
1869.985
1870.293
1870.601
1870.909
1871.22
1871.635
1872.05
1872.465
1872.88
1873.295
1873.71
1874.125
1874.54
1874.955
1875.37
1875.785
1876.2
1876.615
1877.03
1877.445
1877.86
1878.275
1878.69
1879.1
1879.528
1879.956
1880.384
1880.812
1881.24
1881.668
1882.096
1882.524
1882.952
1883.38
1883.808
1884.236
1884.664
1885.092
1885.52
1885.948
1886.376
1886.804
1887.229
1887.593
1887.957
1888.321
1888.685
1889.049
1889.413
1889.777
1890.141
1890.505
1890.869
1891.233
1891.597
1891.961
1892.325
1892.689
1893.053
1893.417
1893.781
1894.145
1894.509
1894.873
1895.239
1895.541
1895.843
1896.145
1896.447
1896.749
1897.051
1897.353
1897.655
1897.957
1898.259
1898.561
1898.863
1899.165
1899.467
1899.769
1900.071
1900.373
1900.679
1901.386
1902.093
1902.8
1903.507
1904.214
1904.921
1905.628
1906.335
1907.042
1907.749
1908.456
1909.163
1909.87
1910.577
1911.284
1911.991
1912.698
1913.405
1914.112
1914.81
1915.282
1915.754
1916.226
1916.698
1917.17
1917.642
1918.114
1918.586
1919.058
1919.53
1920.002
1920.474
1920.946
1921.418
1921.89
1922.362
1922.834
1923.306
1923.778
1924.25
1924.722
1925.194
1925.659
1926.027
1926.395
1926.763
1927.131
1927.499
1927.867
1928.235
1928.603
1928.971
1929.339
1929.707
1930.075
1930.443
1930.811
1931.179
1931.547
1931.919
1932.191
1932.463
1932.735
1933.007
1933.279
1933.551
1933.823
1934.095
1934.367
1934.639
1934.911
1935.183
1935.455
1935.727
1935.999
1936.271
1936.543
1936.815
1937.087
1937.359
1937.631
1938.049
1938.467
1938.885
1939.303
1939.721
1940.139
1940.557
1940.975
1941.393
1941.811
1942.229
1942.647
1943.065
1943.483
1943.901
1944.319
1944.73
1945.266
1945.802
1946.338
1946.874
1947.41
1947.946
1948.482
1949.018
1949.554
1950.09
1950.626
1951.162
1951.698
1952.234
1952.77
1953.299
1953.546
1953.793
1954.04
1954.287
1954.534
1954.781
1955.028
1955.275
1955.522
1955.769
1956.016
1956.263
1956.51
1956.757
1957.004
1957.251
1957.498
1957.745
1957.992
1958.239
1958.906
1959.573
1960.24
1960.907
1961.574
1962.241
1962.908
1963.575
1964.242
1964.909
1965.576
1966.243
1966.91
1967.577
1968.244
1968.909
1969.25
1969.591
1969.932
1970.273
1970.614
1970.955
1971.296
1971.637
1971.978
1972.319
1972.66
1973.001
1973.342
1973.683
1974.024
1974.37
1974.798
1975.226
1975.654
1976.082
1976.51
1976.938
1977.366
1977.794
1978.222
1978.65
1979.078
1979.506
1979.934
1980.362
1980.79
1981.218
1981.649
1982.687
1983.725
1984.763
1985.801
1986.839
1987.877
1988.915
1989.953
1990.991
1992.029
1993.067
1994.105
1995.143
1996.181
1997.219
1998.257
1999.295
2000.34
2000.616
2000.892
2001.168
2001.444
2001.72
2001.996
2002.272
2002.548
2002.824
2003.1
2003.376
2003.652
2003.928
2004.204
2004.48
2004.759
2005.173
2005.587
2006.001
2006.415
2006.829
2007.243
2007.657
2008.071
2008.485
2008.899
2009.313
2009.727
2010.141
2010.555
2010.969
2011.383
2011.797
2012.211
2012.625
2013.039
2013.453
2013.869
2014.15
2014.431
2014.712
2014.993
2015.274
2015.555
2015.836
2016.117
2016.398
2016.679
2016.96
2017.241
2017.522
2017.803
2018.09
2018.45
2018.81
2019.17
2019.53
2019.89
2020.25
2020.61
2020.97
2021.33
2021.69
2022.05
2022.41
2022.77
2023.13
2023.49
2023.85
2024.21
2024.644
2025.078
2025.512
2025.946
2026.38
2026.814
2027.248
2027.682
2028.116
2028.55
2028.984
2029.418
2029.852
2030.286
2030.72
2031.15
2031.595
2032.04
2032.485
2032.93
2033.375
2033.82
2034.265
2034.71
2035.155
2035.6
2036.045
2036.49
2036.935
2037.38
2037.825
2038.27
2038.71
2039.062
2039.414
2039.766
2040.118
2040.47
2040.822
2041.174
2041.526
2041.878
2042.23
2042.582
2042.934
2043.286
2043.638
2043.99
2044.34
2044.554
2044.768
2044.982
2045.196
2045.41
2045.624
2045.838
2046.052
2046.266
2046.48
2046.694
2046.908
2047.122
2047.336
2047.55
2047.764
2047.98
2048.351
2048.722
2049.093
2049.464
2049.835
2050.206
2050.577
2050.948
2051.319
2051.69
2052.061
2052.432
2052.803
2053.17
2053.428
2053.686
2053.944
2054.202
2054.46
2054.718
2054.976
2055.234
2055.492
2055.75
2056.008
2056.266
2056.524
2056.782
2057.04
2057.298
2057.55
2058.816
2060.082
2061.348
2062.614
2063.88
2065.146
2066.412
2067.678
2068.944
2070.21
2071.476
2072.742
2074.008
2075.274
2076.54
2077.81
2078.618
2079.426
2080.234
2081.042
2081.85
2082.658
2083.466
2084.274
2085.082
2085.89
2086.698
2087.506
2088.314
2089.122
2089.929
2090.149
2090.369
2090.589
2090.809
2091.029
2091.249
2091.469
2091.689
2091.909
2092.129
2092.349
2092.569
2092.789
2093.009
2093.229
2093.449
2093.669
2093.89
2094.749
2095.608
2096.467
2097.326
2098.185
2099.044
2099.903
2100.762
2101.621
2102.48
2103.339
2104.198
2105.057
2105.916
2106.775
2107.634
2108.493
2109.352
2110.211
2111.07
2111.466
2111.862
2112.258
2112.654
2113.05
2113.446
2113.842
2114.238
2114.634
2115.03
2115.426
2115.822
2116.218
2116.614
2117.01
2117.406
2117.802
2118.198
2118.599
2118.843
2119.087
2119.331
2119.575
2119.819
2120.063
2120.307
2120.551
2120.795
2121.039
2121.283
2121.527
2121.771
2122.015
2122.259
2122.503
2122.747
2122.991
2123.235
2123.479
2123.73
2124.267
2124.804
2125.341
2125.878
2126.415
2126.952
2127.489
2128.026
2128.563
2129.1
2129.637
2130.174
2130.711
2131.248
2131.785
2132.322
2132.859
2133.396
2133.93
2134.198
2134.466
2134.734
2135.002
2135.27
2135.538
2135.806
2136.074
2136.342
2136.61
2136.878
2137.146
2137.414
2137.682
2137.95
2138.218
2138.486
2138.76
2139.126
2139.492
2139.858
2140.224
2140.59
2140.956
2141.322
2141.688
2142.054
2142.42
2142.786
2143.152
2143.518
2143.884
2144.25
2144.62
2145.088
2145.556
2146.024
2146.492
2146.96
2147.428
2147.896
2148.364
2148.832
2149.3
2149.768
2150.236
2150.704
2151.172
2151.64
2152.1
2152.384
2152.668
2152.952
2153.236
2153.52
2153.804
2154.088
2154.372
2154.656
2154.94
2155.224
2155.508
2155.792
2156.076
2156.36
2156.644
2156.928
2157.22
2157.461
2157.702
2157.943
2158.184
2158.425
2158.666
2158.907
2159.148
2159.389
2159.63
2159.871
2160.112
2160.353
2160.594
2160.835
2161.076
2161.317
2161.558
2161.8
2162.221
2162.642
2163.063
2163.484
2163.905
2164.326
2164.747
2165.168
2165.589
2166.01
2166.431
2166.852
2167.273
2167.694
2168.115
2168.536
2168.957
2169.378
2169.79
2170.729
2171.668
2172.607
2173.546
2174.485
2175.424
2176.363
2177.302
2178.24
2178.552
2178.864
2179.176
2179.488
2179.8
2180.112
2180.424
2180.736
2181.048
2181.36
2181.672
2181.984
2182.296
2182.608
2182.92
2183.232
2183.544
2183.856
2184.168
2184.48
2184.79
2185.364
2185.938
2186.512
2187.086
2187.66
2188.234
2188.808
2189.382
2189.956
2190.53
2191.104
2191.678
2192.252
2192.826
2193.4
2193.974
2194.548
2195.13
2195.817
2196.504
2197.191
2197.878
2198.565
2199.252
2199.939
2200.626
2201.313
2202.0
2202.687
2203.374
2204.061
2204.748
2205.435
2206.122
2206.809
2207.5
2207.867
2208.234
2208.601
2208.968
2209.335
2209.702
2210.069
2210.436
2210.803
2211.17
2211.537
2211.904
2212.271
2212.638
2213.005
2213.372
2213.731
2214.136
2214.541
2214.946
2215.351
2215.756
2216.161
2216.566
2216.971
2217.376
2217.781
2218.186
2218.591
2218.996
2219.401
2219.806
2220.211
2220.616
2221.02
2222.311
2223.602
2224.893
2226.184
2227.475
2228.766
2230.057
2231.348
2232.639
2233.93
2235.221
2236.512
2237.803
2239.094
2240.385
2241.67
2242.39
2243.11
2243.83
2244.55
2245.27
2245.99
2246.71
2247.43
2248.15
2248.87
2249.59
2250.31
2251.03
2251.75
2252.47
2253.19
2253.91
2254.63
2255.35
2256.07
2256.443
2256.816
2257.189
2257.562
2257.935
2258.308
2258.681
2259.054
2259.427
2259.8
2260.173
2260.546
2260.919
2261.292
2261.665
2262.038
2262.411
2262.784
2263.15
2263.484
2263.818
2264.152
2264.486
2264.82
2265.154
2265.488
2265.822
2266.156
2266.49
2266.824
2267.158
2267.492
2267.826
2268.16
2268.494
2268.828
2269.16
2269.432
2269.704
2269.976
2270.248
2270.52
2270.792
2271.064
2271.336
2271.608
2271.88
2272.152
2272.424
2272.696
2272.968
2273.24
2273.512
2273.784
2274.056
2274.328
2274.6
2274.88
2275.116
2275.352
2275.588
2275.824
2276.06
2276.296
2276.532
2276.768
2277.004
2277.24
2277.476
2277.712
2277.948
2278.184
2278.42
2278.656
2278.892
2279.128
2279.36
2279.689
2280.018
2280.347
2280.676
2281.005
2281.334
2281.663
2281.992
2282.321
2282.65
2282.979
2283.308
2283.637
2283.966
2284.295
2284.624
2284.953
2285.282
2285.61
2285.847
2286.084
2286.321
2286.558
2286.795
2287.032
2287.27
2287.755
2288.24
2288.725
2289.21
2289.695
2290.18
2290.665
2291.15
2291.635
2292.12
2292.605
2293.09
2293.575
2294.06
2294.545
2295.03
2295.515
2296.0
2296.485
2296.97
2297.455
2297.95
2298.306
2298.662
2299.018
2299.374
2299.73
2300.086
2300.442
2300.798
2301.154
2301.51
2301.866
2302.222
2302.578
2302.934
2303.29
2303.65
2304.06
2304.47
2304.88
2305.29
2305.7
2306.11
2306.52
2306.93
2307.34
2307.75
2308.16
2308.57
2308.98
2309.39
2309.8
2310.21
2310.62
2311.03
2311.44
2311.84
2312.428
2313.016
2313.604
2314.192
2314.78
2315.368
2315.956
2316.544
2317.132
2317.72
2318.308
2318.896
2319.484
2320.072
2320.66
2321.25
2321.482
2321.714
2321.946
2322.178
2322.41
2322.642
2322.874
2323.106
2323.338
2323.57
2323.802
2324.034
2324.266
2324.498
2324.73
2324.962
2325.194
2325.426
2325.66
2326.445
2327.23
2328.015
2328.8
2329.585
2330.37
2331.155
2331.94
2332.725
2333.51
2334.29
2334.7
2335.11
2335.52
2335.93
2336.34
2336.75
2337.16
2337.57
2337.98
2338.39
2338.8
2339.21
2339.62
2340.03
2340.44
2340.85
2341.26
2341.67
2342.08
2342.49
2342.9
2343.31
2344.292
2345.274
2346.256
2347.238
2348.22
2349.202
2350.184
2351.166
2352.148
2353.13
2354.112
2355.094
2356.076
2357.058
2358.04
2359.022
2360.004
2360.986
2361.96
2362.649
2363.338
2364.027
2364.716
2365.405
2366.094
2366.783
2367.472
2368.161
2368.85
2369.539
2370.228
2370.917
2371.606
2372.295
2372.984
2373.68
2374.593
2375.506
2376.419
2377.332
2378.245
2379.158
2380.071
2380.984
2381.897
2382.81
2383.723
2384.636
2385.549
2386.462
2387.375
2388.288
2389.201
2390.12
2390.389
2390.658
2390.927
2391.196
2391.465
2391.734
2392.003
2392.272
2392.541
2392.81
2393.079
2393.348
2393.617
2393.886
2394.155
2394.424
2394.693
2394.97
2395.389
2395.808
2396.227
2396.646
2397.065
2397.484
2397.903
2398.322
2398.741
2399.16
2399.579
2399.998
2400.417
2400.836
2401.255
2401.67
2401.897
2402.124
2402.351
2402.578
2402.805
2403.032
2403.259
2403.486
2403.713
2403.94
2404.167
2404.394
2404.621
2404.848
2405.075
2405.302
2405.529
2405.756
2405.983
2406.21
2406.537
2406.864
2407.191
2407.518
2407.845
2408.172
2408.499
2408.826
2409.153
2409.48
2409.807
2410.134
2410.461
2410.788
2411.115
2411.442
2411.769
2412.1
2412.486
2412.872
2413.258
2413.644
2414.03
2414.416
2414.802
2415.188
2415.574
2415.96
2416.346
2416.732
2417.118
2417.504
2417.89
2418.276
2418.66
2418.947
2419.235
2419.523
2419.811
2420.099
2420.387
2420.675
2420.963
2421.251
2421.539
2421.827
2422.115
2422.402
2422.689
2422.976
2423.26
2423.731
2424.202
2424.673
2425.144
2425.615
2426.086
2426.557
2427.028
2427.499
2427.97
2429.04
2430.11
2431.18
2432.25
2433.32
2434.39
2435.46
2436.53
2437.6
2438.67
2439.74
2440.81
2441.88
2442.95
2444.02
2445.09
2446.16
2447.23
2447.611
2447.992
2448.373
2448.754
2449.135
2449.516
2449.897
2450.278
2450.659
2451.04
2451.421
2451.802
2452.183
2452.564
2452.945
2453.326
2453.707
2454.088
2454.46
2454.804
2455.148
2455.492
2455.836
2456.18
2456.524
2456.868
2457.212
2457.556
2457.9
2458.244
2458.588
2458.932
2459.276
2459.62
2459.964
2460.3
2460.913
2461.526
2462.139
2462.752
2463.365
2463.978
2464.591
2465.204
2465.817
2466.43
2467.043
2467.656
2468.269
2468.882
2469.495
2470.108
2470.721
2471.334
2471.95
2472.734
2473.518
2474.302
2475.086
2475.87
2476.654
2477.438
2478.222
2479.006
2479.79
2480.574
2481.358
2482.142
2482.926
2483.71
2484.494
2485.278
2486.07
2486.325
2486.58
2486.835
2487.09
2487.345
2487.6
2487.855
2488.11
2488.365
2488.62
2488.875
2489.13
2489.385
2489.64
2489.895
2490.15
2490.405
2490.66
2490.91
2491.382
2491.854
2492.326
2492.798
2493.27
2493.742
2494.214
2494.686
2495.158
2495.63
2496.102
2496.574
2497.046
2497.518
2497.99
2498.462
2498.934
2499.406
2499.87
2500.427
2500.985
2501.543
2502.101
2502.659
2503.216
2503.773
2504.331
2504.889
2505.447
2506.005
2506.562
2507.119
2507.677
2508.235
2508.793
2509.351
2509.909
2510.466
2511.02
2514.192
2517.364
2520.536
2523.708
2526.88
2530.052
2533.224
2536.396
2539.568
2542.74
2545.91
2547.875
2549.84
2551.04
2552.24
2553.44
2554.64
2555.84
2557.04
2558.24
2559.44
2560.64
2561.84
2563.04
2564.24
2565.185
2566.13
2567.075
2568.02
2568.965
2569.91
2570.855
2571.8
2572.745
2573.69
2574.635
2575.58
2576.525
2577.47
2578.415
2579.36
2580.305
2581.25
2582.195
2583.14
2584.081
2584.509
2584.937
2585.365
2585.793
2586.221
2586.649
2587.077
2587.505
2587.933
2588.361
2588.789
2589.217
2589.645
2590.073
2590.501
2590.929
2591.357
2591.785
2592.213
2592.641
2593.07
2593.513
2593.956
2594.399
2594.842
2595.285
2595.728
2596.171
2596.614
2597.057
2597.5
2597.943
2598.386
2598.829
2599.272
2599.715
2600.158
2600.601
2601.04
2601.492
2601.944
2602.396
2602.848
2603.3
2603.752
2604.204
2604.656
2605.108
2605.56
2606.012
2606.464
2606.916
2607.368
2607.82
2608.272
2608.724
2609.176
2609.628
2610.08
2610.532
2610.98
2611.714
2612.448
2613.182
2613.916
2614.65
2615.384
2616.118
2616.852
2617.586
2618.32
2619.054
2619.788
2620.522
2621.256
2621.99
2622.724
2623.46
2623.85
2624.24
2624.63
2625.127
2625.624
2626.121
2626.618
2627.115
2627.612
2628.109
2628.606
2629.103
2629.6
2630.097
2630.594
2631.091
2631.913
2632.735
2633.557
2634.379
2635.201
2636.023
2636.845
2637.667
2638.489
2639.311
2640.133
2640.955
2641.777
2642.599
2643.421
2644.243
2645.07
2645.525
2645.98
2646.435
2646.89
2647.345
2647.8
2648.255
2648.71
2649.165
2649.62
2650.075
2650.53
2650.985
2651.44
2651.895
2652.35
2652.72
2653.09
2653.46
2653.83
2654.2
2654.57
2654.94
2655.31
2655.68
2656.05
2656.42
2656.79
2657.16
2657.53
2657.9
2658.27
2658.633
2658.995
2659.358
2659.721
2660.084
2660.447
2660.81
2661.173
2661.535
2661.898
2662.261
2662.624
2662.986
2663.349
2663.712
2664.07
2665.432
2666.794
2668.156
2669.518
2670.88
2672.242
2673.604
2674.966
2676.328
2677.69
2679.052
2680.414
2681.776
2683.138
2684.5
2685.862
2687.224
2688.586
2689.948
2691.31
2692.089
2692.868
2693.647
2694.426
2695.205
2695.984
2696.763
2697.542
2698.321
2699.1
2699.879
2700.658
2701.437
2702.216
2702.995
2703.774
2704.553
2705.332
2706.111
2706.89
2707.669
2708.448
2709.227
2710.006
2710.785
2711.564
2712.343
2713.11
2713.558
2714.006
2714.454
2714.902
2715.35
2715.798
2716.246
2716.694
2717.142
2717.59
2718.038
2718.486
2718.934
2719.382
2719.83
2720.278
2720.726
2721.18
2721.633
2722.086
2722.539
2722.992
2723.445
2723.898
2724.351
2724.804
2725.257
2725.71
2726.163
2726.616
2727.069
2727.522
2727.975
2728.428
2728.881
2729.334
2729.787
2730.24
2730.693
2731.146
2731.6
2732.164
2732.728
2733.292
2733.856
2734.42
2734.984
2735.548
2736.111
2736.675
2737.239
2737.803
2738.367
2738.931
2739.495
2740.059
2740.623
2741.187
2741.751
2742.315
2742.87
2743.863
2744.856
2745.849
2746.842
2747.835
2748.828
2749.821
2750.814
2751.807
2752.8
2753.793
2754.786
2755.779
2756.772
2757.765
2758.758
2759.751
2760.744
2761.737
2762.73
2763.035
2763.34
2763.645
2763.95
2764.255
2764.56
2764.865
2765.17
2765.475
2765.78
2766.085
2766.39
2766.695
2767.0
2767.305
2767.61
2767.915
2768.22
2768.525
2768.83
2769.135
2769.44
2769.74
2770.201
2770.662
2771.123
2771.584
2772.045
2772.506
2772.967
2773.428
2773.889
2774.35
2774.811
2775.272
2775.733
2776.194
2776.655
2777.116
2777.577
2778.038
2778.499
2778.96
2779.421
2779.882
2780.343
2780.804
2781.265
2781.726
2782.2
2782.663
2783.126
2783.589
2784.052
2784.515
2784.978
2785.441
2785.904
2786.367
2786.83
2787.293
2787.756
2788.219
2788.682
2789.145
2789.608
2790.071
2790.534
2790.997
2791.46
2791.93
2792.138
2792.346
2792.554
2792.762
2792.97
2793.178
2793.386
2793.594
2793.802
2794.01
2794.218
2794.426
2794.634
2794.842
2795.05
2795.258
2795.466
2795.674
2795.882
2796.09
2796.298
2796.511
2796.867
2797.223
2797.579
2797.935
2798.291
2798.647
2799.003
2799.359
2799.715
2800.071
2800.427
2800.783
2801.139
2801.495
2801.851
2802.207
2802.563
2802.919
2803.275
2803.64
2804.033
2804.426
2804.819
2805.212
2805.605
2805.998
2806.39
2806.599
2806.808
2807.017
2807.226
2807.435
2807.644
2807.853
2808.062
2808.271
2808.48
2808.689
2808.898
2809.107
2809.316
2809.525
2809.734
2809.943
2810.152
2810.37
2810.754
2811.138
2811.522
2811.906
2812.29
2812.674
2813.058
2813.442
2813.826
2814.21
2814.594
2814.978
2815.362
2815.746
2816.13
2816.514
2816.898
2817.29
2817.752
2818.214
2818.676
2819.138
2819.6
2820.062
2820.524
2820.986
2821.448
2821.91
2822.372
2822.834
2823.296
2823.758
2824.22
2824.682
2825.144
2825.606
2826.06
2826.383
2826.706
2827.029
2827.352
2827.675
2827.998
2828.321
2828.644
2828.967
2829.29
2829.613
2829.936
2830.259
2830.582
2830.905
2831.228
2831.551
2831.88
2832.323
2832.766
2833.209
2833.652
2834.095
2834.538
2834.981
2835.425
2835.869
2836.312
2836.755
2837.198
2837.641
2838.084
2838.527
2838.97
2839.413
2839.856
2840.3
2840.75
2841.202
2841.654
2842.106
2842.558
2843.01
2843.462
2843.914
2844.366
2844.818
2845.27
2845.722
2846.174
2846.626
2847.078
2847.53
2847.982
2848.434
2848.886
2849.338
2849.79
2850.242
2850.694
2851.146
2851.598
2852.05
2852.51
2852.924
2853.338
2853.752
2854.166
2854.58
2854.994
2855.408
2855.822
2856.236
2856.65
2857.064
2857.478
2857.892
2858.306
2858.72
2859.134
2859.548
2859.962
2860.376
2860.79
2861.204
2861.618
2862.032
2862.446
2862.87
2863.23
2863.59
2863.95
2864.31
2864.67
2865.03
2865.39
2865.75
2866.11
2866.47
2866.83
2867.19
2867.55
2867.91
2868.27
2868.63
2868.99
2869.35
2869.71
2870.338
2870.966
2871.594
2872.222
2872.85
2873.478
2874.106
2874.734
2875.362
2875.99
2876.618
2877.246
2877.874
2878.502
2879.13
2879.758
2880.386
2881.014
2881.642
2882.27
2882.898
2883.526
2884.154
2884.782
2885.41
2886.038
2886.66
2887.026
2887.392
2887.758
2888.124
2888.49
2888.856
2889.222
2889.588
2889.954
2890.32
2890.686
2891.052
2891.418
2891.784
2892.15
2892.516
2892.882
2893.248
2893.614
2893.98
2894.346
2894.712
2895.078
2895.44
2895.876
2896.312
2896.748
2897.184
2897.62
2898.056
2898.492
2898.928
2899.364
2899.8
2900.236
2900.672
2901.108
2901.544
2901.98
2902.416
2902.852
2903.288
2903.724
2904.16
2905.198
2906.236
2907.274
2908.312
2909.35
2910.388
2911.426
2912.464
2913.502
2914.54
2915.578
2916.616
2917.654
2918.692
2919.73
2920.768
2921.806
2922.84
2923.085
2923.33
2923.575
2923.82
2924.065
2924.31
2924.555
2924.8
2925.045
2925.29
2925.535
2925.78
2926.025
2926.27
2926.515
2926.76
2927.005
2927.25
2927.49
2927.861
2928.232
2928.603
2928.974
2929.345
2929.716
2930.087
2930.458
2930.829
2931.2
2931.571
2931.942
2932.313
2932.684
2933.055
2933.426
2933.797
2934.168
2934.539
2934.91
2935.281
2935.652
2936.03
2936.355
2936.68
2937.005
2937.33
2937.655
2937.98
2938.305
2938.63
2938.955
2939.28
2939.605
2939.93
2940.255
2940.58
2940.905
2941.23
2941.55
2942.035
2942.52
2943.005
2943.49
2943.975
2944.46
2944.945
2945.43
2945.915
2946.4
2946.885
2947.37
2947.855
2948.34
2948.825
2949.31
2949.79
2950.147
2950.504
2950.861
2951.218
2951.575
2951.932
2952.289
2952.646
2953.003
2953.36
2953.717
2954.074
2954.431
2954.788
2955.145
2955.502
2955.859
2956.21
2956.381
2956.552
2956.723
2956.894
2957.065
2957.236
2957.407
2957.578
2957.749
2957.92
2958.091
2958.262
2958.433
2958.604
2958.775
2958.946
2959.117
2959.288
2959.459
2959.63
2959.81
2960.223
2960.636
2961.05
2961.297
2961.544
2961.791
2962.038
2962.285
2962.532
2962.779
2963.026
2963.273
2963.52
2963.767
2964.014
2964.261
2964.508
2964.755
2965.002
2965.249
2965.496
2965.74
2966.21
2966.68
2967.15
2967.62
2968.09
2968.56
2969.03
2969.5
2969.97
2970.44
2970.91
2971.38
2971.85
2972.32
2972.79
2973.26
2973.73
2974.2
2974.67
2975.14
2975.62
2976.148
2976.676
2977.204
2977.732
2978.26
2978.788
2979.316
2979.844
2980.372
2980.9
2981.428
2981.956
2982.484
2983.012
2983.54
2984.068
2984.596
2985.124
2985.652
2986.18
2986.708
2987.236
2987.764
2988.292
2988.82
2989.35
2989.685
2990.02
2990.355
2990.69
2991.025
2991.36
2991.695
2992.03
2992.365
2992.7
2993.035
2993.37
2993.705
2994.04
2994.375
2994.71
2995.045
2995.38
2995.715
2996.05
2996.385
2996.72
2997.055
2997.39
2997.73
2998.262
2998.794
2999.326
2999.858
3000.39
3000.922
3001.454
3001.986
3002.518
3003.05
3003.582
3004.114
3004.646
3005.178
3005.71
3006.242
3006.774
3007.306
3007.838
3008.37
3008.9
3009.601
3010.302
3011.003
3011.704
3012.405
3013.106
3013.807
3014.508
3015.209
3015.91
3016.611
3017.312
3018.013
3018.714
3019.415
3020.116
3020.817
3021.518
3022.219
3022.92
3023.621
3024.322
3025.02
3025.733
3026.446
3027.159
3027.872
3028.584
3029.296
3030.008
3030.72
3031.432
3032.144
3032.856
3033.57
3033.913
3034.256
3034.599
3034.942
3035.285
3035.628
3035.97
3036.441
3036.912
3037.383
3037.854
3038.325
3038.796
3039.267
3039.738
3040.209
3040.68
3041.151
3041.622
3042.093
3042.564
3043.035
3043.506
3043.977
3044.448
3044.919
3045.39
3045.818
3046.246
3046.674
3047.102
3047.53
3047.958
3048.386
3048.814
3049.242
3049.67
3050.098
3050.526
3050.954
3051.382
3051.81
3052.238
3052.666
3053.09
3053.368
3053.646
3053.924
3054.202
3054.48
3054.758
3055.036
3055.314
3055.592
3055.87
3056.148
3056.426
3056.704
3056.982
3057.26
3057.538
3057.816
3058.1
3058.332
3058.564
3058.796
3059.028
3059.26
3059.492
3059.724
3059.956
3060.188
3060.42
3060.652
3060.884
3061.116
3061.348
3061.58
3061.812
3062.044
3062.276
3062.508
3062.74
3062.97
3063.424
3063.878
3064.332
3064.786
3065.24
3065.694
3066.148
3066.602
3067.056
3067.51
3067.964
3068.418
3068.872
3069.326
3069.78
3070.234
3070.688
3071.142
3071.596
3072.05
3072.5
3073.065
3073.63
3074.195
3074.76
3075.325
3075.89
3076.455
3077.02
3077.585
3078.15
3078.715
3079.28
3079.845
3080.41
3080.975
3081.54
3082.105
3082.67
3083.235
3083.8
3084.37
3084.717
3085.064
3085.411
3085.758
3086.105
3086.452
3086.799
3087.146
3087.493
3087.84
3088.187
3088.534
3088.881
3089.228
3089.575
3089.922
3090.269
3090.616
3090.963
3091.31
3091.657
3092.01
3092.696
3093.382
3094.068
3094.754
3095.44
3096.126
3096.812
3097.498
3098.184
3098.87
3099.556
3100.242
3100.928
3101.614
3102.3
3102.986
3103.672
3104.358
3105.05
3105.451
3105.852
3106.253
3106.654
3107.055
3107.456
3107.857
3108.258
3108.659
3109.06
3109.461
3109.862
3110.263
3110.664
3111.065
3111.466
3111.867
3112.26
3112.743
3113.226
3113.709
3114.192
3114.675
3115.158
3115.641
3116.124
3116.607
3117.09
3117.573
3118.056
3118.54
3118.746
3118.952
3119.158
3119.364
3119.57
3119.776
3119.982
3120.188
3120.394
3120.6
3120.806
3121.012
3121.218
3121.424
3121.63
3121.836
3122.042
3122.248
3122.454
3122.66
3122.87
3123.124
3123.378
3123.632
3123.886
3124.14
3124.394
3124.648
3124.902
3125.156
3125.41
3125.664
3125.918
3126.172
3126.426
3126.68
3126.934
3127.188
3127.45
3127.772
3128.094
3128.416
3128.738
3129.06
3129.382
3129.704
3130.026
3130.348
3130.67
3130.992
3131.314
3131.636
3131.958
3132.28
3132.602
3132.924
3133.246
3133.568
3133.89
3134.21
3134.563
3134.916
3135.269
3135.622
3135.975
3136.328
3136.681
3137.034
3137.387
3137.74
3138.093
3138.446
3138.799
3139.152
3139.505
3139.858
3140.211
3140.564
3140.917
3141.27
3141.623
3141.976
3142.329
3142.682
3143.03
3143.476
3143.922
3144.368
3144.814
3145.26
3145.706
3146.152
3146.598
3147.044
3147.49
3147.936
3148.382
3148.828
3149.274
3149.72
3150.166
3150.612
3151.058
3151.504
3151.95
3152.396
3152.842
3153.28
3153.645
3154.01
3154.375
3154.74
3155.105
3155.47
3155.835
3156.2
3156.565
3156.93
3157.295
3157.66
3158.025
3158.39
3158.755
3159.12
3159.485
3159.85
3160.215
3160.58
3160.945
3161.31
3161.675
3162.04
3162.41
3162.628
3162.846
3163.064
3163.282
3163.5
3163.718
3163.936
3164.154
3164.372
3164.59
3164.808
3165.026
3165.244
3165.462
3165.68
3165.898
3166.116
3166.334
3166.552
3166.77
3166.988
3167.21
3167.788
3168.366
3168.944
3169.522
3170.1
3170.678
3171.256
3171.834
3172.412
3172.99
3173.568
3174.15
3174.522
3174.894
3175.266
3175.638
3176.01
3176.382
3176.754
3177.126
3177.498
3177.87
3178.242
3178.614
3178.986
3179.358
3179.73
3180.102
3180.474
3180.84
3181.235
3181.63
3182.025
3182.42
3182.815
3183.21
3183.605
3184.0
3184.395
3184.79
3185.185
3185.58
3185.975
3186.37
3186.765
3187.16
3187.555
3187.95
3188.345
3188.74
3189.135
3189.53
3189.925
3190.32
3190.715
3191.1
3191.48
3191.86
3192.24
3192.62
3193.0
3193.38
3193.76
3194.14
3194.52
3194.9
3195.28
3195.66
3196.04
3196.42
3196.8
3197.18
3197.56
3197.94
3198.32
3198.7
3199.08
3199.46
3199.85
3200.162
3200.474
3200.786
3201.098
3201.41
3201.722
3202.034
3202.346
3202.658
3202.97
3203.282
3203.594
3203.906
3204.218
3204.53
3204.842
3205.154
3205.466
3205.778
3206.09
3206.402
3206.714
3207.026
3207.338
3207.66
3208.134
3208.608
3209.082
3209.556
3210.03
3210.504
3210.978
3211.452
3211.926
3212.4
3212.874
3213.348
3213.822
3214.296
3214.77
3215.244
3215.718
3216.192
3216.666
3217.14
3217.782
3218.424
3219.066
3219.708
3220.35
3220.992
3221.634
3222.276
3222.918
3223.56
3224.202
3224.844
3225.486
3226.128
3226.77
3227.412
3228.054
3228.7
3232.844
3236.988
3241.132
3245.276
3249.42
3253.564
3257.708
3261.852
3265.996
3270.14
3274.284
3278.428
3282.572
3286.72
3287.502
3288.284
3289.066
3289.848
3290.63
3291.412
3292.194
3292.976
3293.758
3294.54
3295.322
3296.104
3296.886
3297.668
3298.45
3299.24
3304.67
3305.273
3305.876
3306.479
3307.082
3307.685
3308.288
3308.891
3309.494
3310.097
3310.7
3311.303
3311.906
3312.509
3313.112
3313.715
3314.32
3314.59
3314.86
3315.13
3315.4
3315.67
3315.94
3316.21
3316.48
3316.75
3317.02
3317.29
3317.56
3317.83
3318.1
3318.37
3318.64
3318.91
3319.542
3320.174
3320.806
3321.438
3322.07
3322.702
3323.334
3323.966
3324.598
3325.23
3325.862
3326.494
3327.126
3327.76
3329.109
3330.458
3331.807
3333.156
3334.505
3335.854
3337.203
3338.552
3339.901
3341.25
3342.599
3343.948
3345.297
3346.646
3347.995
3349.344
3350.693
3352.042
3353.39
3354.755
3356.12
3357.485
3358.85
3360.215
3361.58
3362.945
3364.31
3365.675
3367.04
3368.405
3369.77
3371.135
3372.5
3373.865
3375.23
3376.595
3377.96
3379.33
3379.704
3380.078
3380.452
3380.826
3381.2
3381.574
3381.948
3382.322
3382.696
3383.07
3383.444
3383.818
3384.192
3384.566
3384.94
3385.314
3385.688
3386.062
3386.43
3386.956
3387.482
3388.008
3388.534
3389.06
3389.586
3390.112
3390.638
3391.16
3391.68
3392.2
3392.72
3393.24
3393.76
3394.28
3394.8
3395.32
3395.84
3396.36
3396.88
3397.4
3397.92
3398.44
3398.96
3399.48
3400.0
3400.369
3400.738
3401.107
3401.476
3401.845
3402.214
3402.583
3402.952
3403.321
3403.69
3404.059
3404.428
3404.797
3405.166
3405.535
3405.904
3406.273
3406.642
3407.02
3407.237
3407.454
3407.671
3407.888
3408.105
3408.322
3408.539
3408.756
3408.973
3409.19
3409.407
3409.624
3409.841
3410.058
3410.275
3410.492
3410.71
3410.915
3411.12
3411.325
3411.53
3411.735
3411.94
3412.145
3412.35
3412.555
3412.76
3412.965
3413.17
3413.375
3413.58
3413.785
3413.99
3414.195
3414.4
3414.605
3414.81
3415.01
3415.329
3415.648
3415.967
3416.286
3416.605
3416.924
3417.243
3417.562
3417.881
3418.2
3418.519
3418.838
3419.157
3419.476
3419.795
3420.114
3420.433
3420.752
3421.08
3421.506
3421.932
3422.358
3422.784
3423.21
3423.636
3424.062
3424.488
3424.914
3425.34
3425.766
3426.192
3426.618
3427.044
3427.47
3428.002
3428.534
3429.066
3429.598
3430.13
3430.662
3431.194
3431.726
3432.258
3432.79
3433.322
3433.854
3434.386
3434.918
3435.45
3435.99
3436.226
3436.462
3436.698
3436.934
3437.17
3437.406
3437.642
3437.878
3438.114
3438.35
3438.586
3438.822
3439.058
3439.294
3439.53
3439.766
3440.01
3440.309
3440.608
3440.907
3441.206
3441.505
3441.804
3442.103
3442.402
3442.701
3443.0
3443.299
3443.598
3443.897
3444.196
3444.495
3444.794
3445.093
3445.392
3445.69
3446.05
3446.41
3446.77
3447.13
3447.49
3447.85
3448.21
3448.57
3448.93
3449.29
3449.65
3450.01
3450.37
3450.73
3451.09
3451.45
3451.81
3452.17
3452.53
3452.899
3453.268
3453.637
3454.006
3454.375
3454.744
3455.113
3455.482
3455.851
3456.22
3456.589
3456.958
3457.327
3457.7
3457.915
3458.13
3458.345
3458.56
3458.775
3458.99
3459.205
3459.42
3459.635
3459.85
3460.065
3460.28
3460.495
3460.71
3460.925
3461.14
3461.355
3461.57
3461.79
3462.011
3462.232
3462.453
3462.674
3462.895
3463.116
3463.337
3463.558
3463.779
3464.0
3464.221
3464.442
3464.663
3464.884
3465.105
3465.326
3465.547
3465.768
3465.99
3466.434
3466.878
3467.322
3467.766
3468.21
3468.654
3469.098
3469.542
3469.986
3470.43
3470.874
3471.318
3471.762
3472.206
3472.65
3473.094
3473.538
3473.982
3474.43
3474.843
3475.256
3475.669
3476.082
3476.495
3476.908
3477.321
3477.734
3478.147
3478.56
3478.973
3479.386
3479.799
3480.212
3480.625
3481.038
3481.451
3481.87
3482.112
3482.354
3482.596
3482.838
3483.081
3483.323
3483.565
3483.807
3484.049
3484.291
3484.534
3484.776
3485.018
3485.26
3485.503
3485.745
3485.987
3486.229
3486.471
3486.72
3486.945
3487.17
3487.395
3487.62
3487.845
3488.07
3488.295
3488.52
3488.745
3488.97
3489.195
3489.42
3489.645
3489.87
3490.095
3490.32
3490.545
3490.77
3491.0
3491.382
3491.764
3492.146
3492.528
3492.91
3493.292
3493.674
3494.056
3494.438
3494.82
3495.202
3495.584
3495.966
3496.348
3496.73
3497.112
3497.5
3497.87
3498.24
3498.61
3498.948
3499.286
3499.624
3499.962
3500.3
3500.638
3500.976
3501.314
3501.652
3501.99
3502.328
3502.666
3503.004
3503.342
3503.68
3504.018
3504.356
3504.69
3505.126
3505.562
3505.998
3506.434
3506.87
3507.306
3507.742
3508.178
3508.614
3509.05
3509.486
3509.922
3510.358
3510.794
3511.23
3511.67
3511.938
3512.206
3512.474
3512.742
3513.01
3513.278
3513.546
3513.814
3514.082
3514.35
3514.618
3514.886
3515.154
3515.422
3515.69
3515.958
3516.22
3516.589
3516.958
3517.327
3517.696
3518.065
3518.434
3518.803
3519.172
3519.541
3519.91
3520.279
3520.648
3521.017
3521.386
3521.755
3522.124
3522.493
3522.86
3523.104
3523.348
3523.592
3523.836
3524.08
3524.324
3524.568
3524.812
3525.056
3525.3
3525.544
3525.788
3526.032
3526.276
3526.52
3526.761
3527.1
3527.439
3527.778
3528.117
3528.456
3528.795
3529.134
3529.473
3529.812
3530.151
3530.49
3530.829
3531.168
3531.507
3531.846
3532.185
3532.53
3532.883
3533.236
3533.589
3533.942
3534.295
3534.648
3535.001
3535.354
3535.707
3536.06
3536.413
3536.766
3537.119
3537.472
3537.825
3538.178
3538.531
3538.789
3539.047
3539.305
3539.563
3539.821
3540.079
3540.337
3540.595
3540.853
3541.111
3541.369
3541.627
3541.885
3542.143
3542.401
3542.659
3542.91
3543.205
3543.5
3543.795
3544.09
3544.385
3544.68
3544.975
3545.27
3545.565
3545.86
3546.155
3546.45
3546.745
3547.04
3547.33
3547.619
3547.908
3548.197
3548.486
3548.775
3549.064
3549.353
3549.642
3549.931
3550.22
3550.509
3550.798
3551.087
3551.376
3551.665
3551.954
3552.243
3552.532
3552.82
3553.095
3553.37
3553.645
3553.92
3554.195
3554.47
3554.745
3555.02
3555.295
3555.57
3555.845
3556.12
3556.395
3556.67
3556.945
3557.22
3557.538
3557.856
3558.174
3558.492
3558.81
3559.128
3559.446
3559.764
3560.082
3560.4
3560.718
3561.036
3561.354
3561.672
3561.99
3562.308
3562.626
3562.944
3563.26
3563.738
3564.216
3564.694
3565.172
3565.65
3566.128
3566.606
3567.084
3567.562
3568.04
3568.518
3568.996
3569.474
3569.952
3570.43
3570.91
3571.259
3571.608
3571.957
3572.306
3572.655
3573.004
3573.353
3573.702
3574.051
3574.4
3574.749
3575.098
3575.447
3575.796
3576.145
3576.494
3576.843
3577.192
3577.54
3577.791
3578.043
3578.294
3578.545
3578.796
3579.047
3579.298
3579.549
3579.8
3580.052
3580.303
3580.554
3580.805
3581.056
3581.307
3581.558
3581.809
3582.061
3582.312
3582.57
3582.57
3582.57
3582.57
3582.57
3582.57
3582.57
3582.57
3582.57
3582.57
3582.57
3582.57
3582.57
