73.22
73.392
73.564
73.736
73.908
74.08
74.252
74.424
74.596
74.768
74.94
75.112
75.284
75.456
75.63
76.054
76.478
76.902
77.326
77.75
78.174
78.598
79.02
79.346
79.672
79.998
80.324
80.65
80.976
81.302
81.628
81.954
82.28
82.606
82.932
83.258
83.584
83.91
84.236
84.562
84.88
85.155
85.43
85.705
85.98
86.255
86.53
86.805
87.08
87.355
87.63
87.905
88.18
88.455
88.73
89.005
89.28
89.55
89.975
90.4
90.825
91.25
91.675
92.1
92.525
92.95
93.375
93.8
94.225
94.65
95.075
95.5
95.93
96.601
97.272
97.943
98.614
99.285
99.956
100.627
101.3
101.604
101.908
102.212
102.516
102.82
103.072
103.324
103.576
103.828
104.08
104.332
104.584
104.836
105.088
105.34
105.592
105.844
106.096
106.348
106.6
106.852
107.11
108.11
108.39
108.67
108.95
109.23
109.51
109.79
110.07
110.35
110.63
110.91
111.539
112.168
112.797
113.426
114.055
114.684
115.313
115.942
116.571
117.2
117.829
118.458
119.09
119.39
119.69
119.99
120.29
120.59
120.89
121.19
121.49
121.79
122.316
122.842
123.368
123.894
124.42
124.686
124.952
125.218
125.484
125.75
126.016
126.282
126.55
126.809
127.068
127.327
127.586
127.845
128.104
128.363
128.622
128.881
129.14
129.399
129.66
130.135
130.61
131.085
131.56
132.035
132.51
132.985
133.46
133.821
134.182
134.543
134.904
135.265
135.626
135.987
136.348
136.709
137.07
137.431
137.792
138.153
138.514
138.88
139.227
139.574
139.921
140.268
140.615
140.962
141.309
141.656
142.003
142.35
142.7
142.993
143.286
143.579
143.872
144.165
144.458
144.751
145.044
145.337
145.63
145.923
146.216
146.509
146.802
147.095
147.388
147.681
147.97
148.553
149.136
149.719
150.302
150.885
151.47
151.907
152.344
152.781
153.218
153.655
154.092
154.529
154.966
155.403
155.84
156.277
156.714
157.151
157.588
158.02
158.629
159.238
159.847
160.456
161.065
161.674
162.283
162.892
163.501
164.11
164.719
165.328
165.937
166.546
167.16
167.636
168.112
168.588
169.064
169.54
170.016
170.489
171.072
171.655
172.238
172.821
173.404
173.987
174.57
175.153
175.736
176.319
176.902
177.485
178.068
178.651
179.234
179.81
180.274
180.738
181.202
181.666
182.13
182.594
183.058
183.522
183.986
184.45
184.914
185.378
185.842
186.306
186.77
187.234
187.698
188.162
188.63
188.889
189.148
189.407
189.666
189.925
190.184
190.443
190.702
190.961
191.22
191.479
191.738
192.0
192.339
192.678
193.017
193.356
193.695
194.034
194.373
194.712
195.051
195.39
195.729
196.068
196.407
196.746
197.085
197.431
197.666
197.901
198.136
198.371
198.606
198.841
199.076
199.31
199.579
199.848
200.117
200.386
200.655
200.924
201.193
201.462
201.731
202.0
202.269
202.538
202.807
203.076
203.345
203.614
203.883
204.152
204.42
204.888
205.356
205.824
206.292
206.76
207.228
207.696
208.164
208.632
209.1
209.303
209.506
209.709
209.912
210.115
210.318
210.52
210.826
211.132
211.438
211.744
212.05
212.362
212.674
212.986
213.298
213.61
213.922
214.234
214.546
214.858
215.17
215.482
215.794
216.106
216.418
216.73
217.042
217.354
217.666
217.97
218.201
218.432
218.663
218.894
219.125
219.356
219.587
219.819
220.192
220.565
220.938
221.311
221.684
222.057
222.43
222.803
223.176
223.549
223.922
224.295
224.668
225.041
225.414
225.787
226.16
226.54
227.572
228.605
229.637
230.67
230.89
231.11
231.33
231.55
231.77
231.99
232.21
232.43
232.65
233.211
233.772
234.333
234.894
235.455
236.016
236.577
237.138
237.699
238.26
238.544
238.828
239.112
239.396
239.68
239.964
240.248
240.532
240.816
241.1
241.384
241.668
241.952
242.236
242.52
242.804
243.088
243.38
244.38
244.993
245.606
246.219
246.832
247.445
248.058
248.671
249.284
249.897
250.51
251.123
251.736
252.349
252.959
253.461
253.963
254.465
254.967
255.469
255.971
256.473
256.975
257.477
257.979
258.481
258.983
259.485
259.987
260.489
260.991
261.489
261.784
262.079
262.374
262.669
262.964
263.259
263.554
263.849
264.144
264.439
264.734
265.029
265.324
265.619
265.914
266.21
266.536
266.862
267.188
267.514
267.84
268.166
268.49
268.759
269.028
269.297
269.566
269.835
270.104
270.373
270.642
270.911
271.18
271.449
271.718
271.987
272.256
272.525
272.794
273.06
274.058
275.055
276.053
277.05
278.048
279.046
280.043
281.041
282.038
283.036
284.034
285.03
285.633
286.236
286.839
287.442
288.045
288.648
289.251
289.854
290.457
291.06
291.503
291.946
292.389
292.832
293.275
293.718
294.161
294.604
295.05
295.913
296.776
297.639
298.502
299.365
300.228
301.091
301.954
302.817
303.68
304.543
305.406
306.269
307.132
308.0
308.251
308.502
308.753
309.004
309.255
309.506
309.757
310.01
310.241
310.472
310.703
310.934
311.165
311.396
311.627
311.858
312.089
312.32
312.551
312.782
313.013
313.244
313.475
313.706
313.937
314.16
315.377
316.594
317.811
319.03
319.292
319.554
319.816
320.078
320.34
320.602
320.864
321.126
321.388
321.65
321.912
322.174
322.436
322.698
322.96
323.23
323.967
324.704
325.441
326.178
326.915
327.652
328.389
329.126
329.863
330.6
331.337
332.074
332.811
333.548
334.285
335.022
335.759
336.5
336.681
336.862
337.043
337.224
337.405
337.586
337.767
337.948
338.129
338.31
338.491
338.672
338.853
339.034
339.22
339.956
340.692
341.428
342.164
342.9
343.636
344.372
345.108
345.84
346.246
346.652
347.058
347.464
347.87
348.276
348.682
349.088
349.494
349.9
350.306
350.712
351.118
351.524
351.93
352.336
352.742
353.148
353.55
355.377
357.204
359.03
359.194
359.358
359.522
359.686
359.85
360.014
360.178
360.342
360.506
360.67
360.834
360.998
361.162
361.326
361.49
361.65
362.205
362.76
363.315
363.87
364.425
364.98
365.535
366.09
366.645
367.2
367.755
368.31
368.865
369.42
369.975
370.53
371.085
371.64
372.195
372.75
373.188
373.626
374.064
374.502
374.94
375.378
375.819
376.174
376.529
376.884
377.239
377.594
377.949
378.304
378.659
379.014
379.369
379.724
380.079
380.43
380.746
381.062
381.378
381.694
382.01
382.326
382.642
382.958
383.274
383.59
383.906
384.222
384.538
384.854
385.17
385.486
385.802
386.118
386.44
386.735
387.03
387.325
387.62
387.915
388.21
388.536
388.862
389.188
389.514
389.84
390.222
390.604
390.986
391.368
391.75
392.132
392.514
392.896
393.278
393.66
394.042
394.424
394.806
395.19
395.571
395.952
396.333
396.714
397.095
397.476
397.857
398.238
398.619
399.0
399.381
399.762
400.143
400.53
400.877
401.224
401.571
401.918
402.265
402.612
402.959
403.306
403.65
403.929
404.208
404.487
404.766
405.045
405.324
405.603
405.882
406.161
406.44
406.719
406.998
407.277
407.556
407.835
408.114
408.389
408.742
409.095
409.448
409.8
410.278
410.756
411.234
411.712
412.19
412.668
413.146
413.624
414.102
414.58
415.185
415.79
416.395
417.0
417.605
418.21
418.815
419.42
420.025
420.63
421.24
421.579
421.918
422.257
422.596
422.935
423.274
423.613
423.952
424.29
424.848
425.406
425.964
426.522
427.08
427.638
428.196
428.754
429.312
429.87
430.428
430.99
431.324
431.658
431.992
432.326
432.66
432.994
433.328
433.662
433.996
434.33
434.664
434.998
435.332
435.666
436.0
436.334
436.668
437.009
437.442
437.875
438.308
438.741
439.174
439.607
440.04
440.473
440.906
441.339
441.77
442.299
442.828
443.357
443.886
444.415
444.944
445.473
446.002
446.53
446.719
446.908
447.097
447.286
447.475
447.664
447.85
448.314
448.778
449.242
449.706
450.17
450.634
451.098
451.562
452.026
452.49
452.783
453.076
453.369
453.662
453.955
454.248
454.541
454.834
455.13
455.422
455.714
456.006
456.298
456.59
456.882
457.174
457.466
457.758
458.05
458.342
458.634
458.926
459.218
459.509
460.509
460.679
460.849
461.019
461.189
461.359
461.529
461.699
461.87
462.332
462.794
463.256
463.718
464.18
464.642
465.104
465.566
466.028
466.49
466.952
467.414
467.87
468.27
468.67
469.07
469.47
469.87
470.27
470.67
471.07
471.47
471.87
472.27
472.67
473.07
473.47
473.87
474.27
474.67
475.07
475.47
475.87
476.27
476.68
477.013
477.346
477.68
477.999
478.318
478.637
478.956
479.275
479.594
479.913
480.229
480.599
480.969
481.339
481.709
482.079
482.449
482.819
483.189
483.559
483.929
484.299
484.669
485.039
485.409
485.78
486.42
487.06
487.7
488.34
488.98
489.62
489.951
490.282
490.613
490.944
491.275
491.606
491.937
492.268
492.599
492.93
493.261
493.592
493.923
494.254
494.585
494.916
495.247
495.578
495.909
496.24
496.635
497.03
497.425
497.82
498.215
498.61
499.005
499.4
499.795
500.19
500.585
500.98
501.375
501.77
502.165
502.56
502.955
503.35
503.74
503.911
504.082
504.253
504.424
504.595
504.766
504.937
505.108
505.279
505.45
505.621
505.792
505.963
506.134
506.305
506.476
506.647
506.818
506.99
507.505
508.02
508.535
509.05
509.565
510.08
510.364
510.648
510.932
511.216
511.5
511.784
512.068
512.352
512.636
512.92
513.204
513.488
513.772
514.056
514.34
514.624
514.908
515.2
515.535
515.87
516.205
516.54
516.875
517.21
517.545
517.88
518.215
518.55
518.885
519.22
519.555
519.89
520.225
520.56
520.89
521.174
521.458
521.742
522.026
522.31
522.594
522.878
523.162
523.446
523.73
524.014
524.298
524.582
524.87
525.028
525.186
525.344
525.502
525.66
525.818
525.976
526.131
526.447
526.763
527.079
527.395
527.711
528.027
528.343
528.659
528.975
529.291
529.61
529.964
530.318
530.672
531.026
531.38
531.734
532.088
532.442
532.796
533.15
533.504
533.858
534.212
534.566
534.92
535.274
535.628
535.982
536.339
537.328
538.317
539.306
540.295
541.284
542.27
542.549
542.828
543.107
543.386
543.665
543.944
544.223
544.502
544.781
545.06
545.339
545.618
545.897
546.176
546.455
546.734
547.013
547.292
547.57
547.855
548.14
548.425
548.71
548.995
549.28
549.565
549.85
550.135
550.42
550.705
550.99
551.275
551.56
551.845
552.13
552.905
553.68
553.964
554.248
554.532
554.816
555.1
555.384
555.668
555.952
556.236
556.52
556.804
557.088
557.372
557.656
557.94
558.224
558.508
558.792
559.079
559.329
559.579
559.829
560.079
560.239
560.399
560.559
560.719
560.879
561.039
561.199
561.359
561.519
561.679
561.839
561.999
562.159
562.319
562.48
562.824
563.168
563.512
563.856
564.2
564.544
564.89
565.125
565.36
565.595
565.83
566.065
566.3
566.535
566.77
567.005
567.24
567.475
567.71
567.94
568.52
569.1
569.68
570.26
570.84
571.42
572.0
572.343
572.686
573.029
573.372
573.715
574.058
574.401
574.744
575.087
575.43
575.77
576.081
576.392
576.703
577.014
577.325
577.636
577.947
578.258
578.569
578.88
579.191
579.502
579.813
580.124
580.435
580.746
581.057
581.36
581.895
582.43
582.813
583.196
583.579
583.962
584.345
584.728
585.111
585.494
585.877
586.26
586.643
587.026
587.409
587.792
588.17
588.634
589.098
589.562
590.026
590.49
590.954
591.418
591.882
592.35
592.789
593.228
593.667
594.106
594.545
594.984
595.423
595.862
596.301
596.74
597.179
597.618
598.058
598.497
598.936
599.375
599.814
600.253
600.692
601.14
601.408
601.676
601.944
602.212
602.48
602.748
603.016
603.284
603.552
603.82
604.088
604.356
604.624
604.892
605.16
605.428
605.696
605.964
606.23
606.694
607.158
607.622
608.086
608.55
609.014
609.478
609.939
610.685
611.431
612.178
612.924
613.67
614.416
615.163
615.909
616.655
617.401
618.147
618.894
619.64
620.39
622.62
624.85
625.221
625.592
625.963
626.334
626.705
627.076
627.447
627.82
628.161
628.502
628.843
629.184
629.525
629.866
630.207
630.548
630.889
631.23
631.571
631.912
632.253
632.594
632.939
633.194
633.449
633.704
633.959
634.214
634.469
634.724
634.979
635.234
635.489
635.744
635.999
636.254
636.509
636.764
637.019
637.274
637.529
637.784
638.03
638.229
638.428
638.627
638.826
639.025
639.224
639.423
639.622
639.821
640.02
640.219
640.418
640.617
640.816
641.02
641.331
641.642
641.953
642.264
642.575
642.886
643.197
643.508
643.819
644.13
644.364
644.598
644.832
645.066
645.3
645.534
645.768
646.002
646.236
646.47
646.704
646.938
647.172
647.406
647.64
647.874
648.108
648.35
648.618
648.886
649.154
649.422
649.69
649.958
650.226
650.494
650.76
651.143
651.526
651.909
652.292
652.675
653.058
653.441
653.824
654.207
654.589
654.985
655.381
655.777
656.173
656.569
656.965
657.361
657.757
658.153
658.549
658.945
659.341
659.737
660.133
660.53
660.776
661.022
661.268
661.514
661.76
662.006
662.252
662.498
662.744
662.99
663.236
663.482
663.728
663.974
664.22
664.466
664.712
664.958
665.21
665.845
666.48
667.115
667.75
668.037
668.324
668.611
668.898
669.185
669.472
669.759
670.046
670.333
670.62
670.907
671.194
671.481
671.768
672.055
672.342
672.63
672.933
673.236
673.539
673.842
674.145
674.448
674.751
675.054
675.357
675.66
675.963
676.266
676.569
676.872
677.175
677.478
677.781
678.084
678.387
678.699
678.993
679.287
679.581
679.875
680.169
680.463
680.757
681.051
681.345
681.639
681.933
682.23
682.554
682.878
683.202
683.526
683.85
684.174
684.498
684.822
685.146
685.47
685.794
686.118
686.442
686.76
687.375
687.99
688.605
689.22
689.835
690.45
691.065
691.68
692.295
692.91
693.525
694.14
694.755
695.37
695.754
696.138
696.522
696.906
697.29
697.674
698.058
698.442
698.826
699.21
699.594
699.978
700.362
700.746
701.13
701.514
701.898
702.29
702.691
703.092
703.493
703.894
704.295
704.696
705.097
705.498
705.899
706.3
706.701
707.1
707.412
707.724
708.036
708.348
708.66
708.972
709.284
709.596
709.908
710.22
710.532
710.844
711.16
711.463
711.766
712.069
712.372
712.675
712.98
714.07
714.355
714.639
714.923
715.207
715.491
715.775
716.059
716.343
716.627
716.911
717.195
717.48
717.764
718.048
718.332
718.616
718.9
719.191
719.797
720.403
721.009
721.615
722.22
722.543
722.866
723.189
723.512
723.835
724.158
724.481
724.804
725.127
725.45
725.773
726.096
726.419
726.742
727.065
727.388
727.711
728.04
728.326
728.612
728.898
729.184
729.47
729.756
730.042
730.328
730.614
730.9
731.186
731.472
731.758
732.044
732.33
732.61
732.876
733.142
733.408
733.674
733.94
734.206
734.47
736.003
737.536
739.069
740.602
742.135
743.668
745.201
746.734
748.267
749.8
750.299
750.798
751.297
751.796
752.295
752.794
753.293
753.792
754.29
754.768
755.246
755.724
756.202
756.68
757.158
757.636
758.114
758.592
759.07
759.548
760.03
760.34
760.65
760.96
761.27
761.58
761.89
762.2
762.51
762.82
763.13
763.986
764.842
765.698
766.554
767.41
768.266
769.122
769.978
770.834
771.69
772.546
773.402
774.258
775.11
775.419
775.728
776.037
776.346
776.655
776.964
777.273
777.582
777.89
779.074
780.258
781.442
782.626
783.81
784.994
786.178
787.362
788.546
789.73
790.914
792.098
793.282
794.47
795.167
795.864
796.561
797.258
797.955
798.652
799.349
800.046
800.743
801.44
801.956
802.472
802.988
803.504
804.02
804.536
805.052
805.57
806.233
806.895
807.558
808.22
808.497
808.774
809.051
809.328
809.605
809.882
810.16
810.462
810.764
811.066
811.368
811.67
811.972
812.274
812.576
812.88
813.176
813.472
813.768
814.064
814.36
814.656
814.952
815.248
815.544
815.84
816.136
816.432
816.73
817.11
817.49
817.87
818.25
818.63
819.01
819.39
819.77
820.15
820.53
820.91
821.29
821.67
821.923
822.176
822.429
822.682
822.935
823.188
823.441
823.694
823.947
824.2
824.453
824.706
824.959
825.212
825.47
825.822
826.174
826.526
826.878
827.23
827.582
827.934
828.286
828.638
828.99
829.299
829.608
829.917
830.226
830.535
830.844
831.153
831.462
831.771
832.08
832.389
832.698
833.007
833.316
833.62
833.88
834.14
834.4
834.66
834.92
835.18
835.44
835.7
835.96
836.22
836.48
836.74
837.0
837.26
837.409
837.558
837.707
837.856
838.005
838.154
838.303
838.452
838.601
838.75
838.899
839.048
839.2
839.439
839.678
839.917
840.156
840.395
840.634
840.873
841.112
841.351
841.59
841.829
842.068
842.307
842.546
842.785
843.024
843.263
843.502
843.74
844.85
845.959
846.245
846.531
846.817
847.103
847.389
847.675
847.961
848.247
848.533
848.819
849.11
849.377
849.644
849.911
850.178
850.445
850.712
850.979
851.246
851.513
851.78
852.047
852.314
852.581
852.848
853.115
853.382
853.649
853.916
854.183
854.45
854.783
855.115
855.447
855.78
856.004
856.228
856.452
856.676
856.9
857.124
857.348
857.572
857.796
858.02
858.244
858.468
858.692
858.916
859.14
859.364
859.588
859.81
859.975
860.14
860.305
860.47
860.635
860.8
860.965
861.13
861.295
861.46
861.625
861.79
861.955
862.12
862.28
862.553
862.826
863.099
863.372
863.645
863.918
864.191
864.464
864.737
865.01
865.283
865.556
865.829
866.102
866.375
866.648
866.921
867.194
867.467
867.74
868.01
868.51
869.01
869.618
870.226
870.834
871.442
872.05
872.658
873.266
873.874
874.482
875.09
875.698
876.306
876.914
877.522
878.13
878.738
879.346
879.954
880.569
881.111
881.653
882.195
882.737
883.279
883.821
884.363
884.905
885.45
886.365
887.28
888.195
889.11
890.025
890.94
891.855
892.77
893.685
894.6
895.515
896.43
897.345
898.26
899.18
899.38
899.58
899.78
899.98
900.18
900.371
900.562
900.753
900.944
901.135
901.326
901.517
901.708
901.9
902.686
903.472
904.258
905.044
905.83
906.616
907.4
907.749
908.098
908.447
908.796
909.145
909.494
909.843
910.192
910.541
910.89
911.239
911.588
911.937
912.286
912.635
912.98
913.326
913.672
914.018
914.364
914.71
915.056
915.402
915.75
916.044
916.338
916.632
916.926
917.22
917.514
917.808
918.102
918.396
918.69
918.984
919.278
919.572
919.866
920.16
920.454
920.75
921.235
921.72
922.205
922.69
923.175
923.66
924.145
924.63
925.115
925.6
926.085
926.57
927.055
927.54
927.746
927.952
928.158
928.364
928.57
928.776
928.982
929.188
929.394
929.6
930.001
930.402
930.803
931.204
931.605
932.006
932.407
932.808
933.209
933.61
934.011
934.412
934.809
935.065
935.321
935.577
935.833
936.089
936.345
936.601
936.857
937.113
937.369
937.625
937.881
938.137
938.393
938.649
938.905
939.161
939.417
939.673
939.929
940.43
940.931
941.432
941.933
942.434
942.935
943.436
943.937
944.438
944.939
945.44
945.941
946.442
946.943
947.444
947.94
948.089
948.238
948.387
948.536
948.685
948.834
948.983
949.132
949.281
949.43
949.579
949.728
949.877
950.026
950.175
950.324
950.473
950.63
952.95
953.224
953.498
953.772
954.046
954.32
954.594
954.868
955.142
955.416
955.69
955.964
956.238
956.512
956.786
957.06
957.33
958.392
959.454
960.516
961.578
962.64
963.702
964.764
965.826
966.888
967.95
969.213
970.476
971.739
973.002
974.265
975.53
976.116
976.702
977.288
977.874
978.46
979.046
979.632
980.218
980.804
981.39
981.976
982.562
983.148
983.734
984.32
984.906
985.5
986.189
986.878
987.567
988.256
988.945
989.634
990.323
991.012
991.701
992.39
993.079
993.768
994.457
995.14
996.85
998.56
1000.27
1000.511
1000.752
1000.993
1001.234
1001.475
1001.716
1001.957
1002.198
1002.44
1002.61
1002.78
1002.95
1003.12
1003.29
1003.46
1003.63
1003.873
1004.116
1004.359
1004.602
1004.845
1005.088
1005.331
1005.574
1005.817
1006.06
1006.303
1006.546
1006.789
1007.032
1007.275
1007.518
1007.761
1008.01
1009.666
1011.322
1012.978
1014.634
1016.29
1017.946
1019.602
1021.26
1022.055
1022.85
1023.645
1024.44
1025.235
1026.03
1026.825
1027.62
1028.419
1029.238
1030.057
1030.876
1031.695
1032.514
1033.333
1034.15
1034.468
1034.786
1035.104
1035.422
1035.74
1036.058
1036.376
1036.694
1037.012
1037.33
1037.648
1037.966
1038.284
1038.602
1038.92
1039.24
1039.842
1040.444
1041.046
1041.648
1042.25
1042.673
1043.096
1043.519
1043.942
1044.365
1044.788
1045.211
1045.634
1046.057
1046.48
1046.903
1047.326
1047.749
1048.172
1048.595
1049.02
1049.277
1049.534
1049.791
1050.048
1050.305
1050.562
1050.819
1051.076
1051.333
1051.59
1051.847
1052.104
1052.36
1052.636
1052.912
1053.188
1053.464
1053.74
1054.016
1054.292
1054.568
1054.844
1055.12
1055.552
1055.985
1056.418
1056.851
1057.284
1057.716
1058.148
1058.58
1058.828
1059.076
1059.324
1059.572
1059.82
1060.068
1060.316
1060.564
1060.812
1061.06
1061.308
1061.556
1061.804
1062.052
1062.3
1062.55
1063.132
1063.714
1064.296
1064.878
1065.46
1066.04
1067.021
1068.002
1068.983
1069.964
1070.945
1071.926
1072.907
1073.89
1074.55
1075.21
1075.431
1075.652
1075.873
1076.094
1076.315
1076.536
1076.757
1076.978
1077.199
1077.42
1077.64
1078.14
1078.64
1078.964
1079.288
1079.612
1079.936
1080.26
1080.584
1080.908
1081.232
1081.559
1081.934
1082.309
1082.684
1083.059
1083.434
1083.809
1084.184
1084.559
1084.934
1085.309
1085.679
1086.459
1087.24
1087.615
1087.99
1088.365
1088.74
1089.115
1089.49
1089.865
1090.24
1090.615
1090.99
1091.276
1091.562
1091.848
1092.134
1092.42
1092.706
1092.992
1093.278
1093.564
1093.85
1094.136
1094.422
1094.708
1094.994
1095.28
1095.566
1095.852
1096.138
1096.424
1096.71
1096.99
1097.256
1097.522
1097.788
1098.054
1098.32
1098.66
1099.0
1099.34
1099.68
1100.02
1100.36
1100.7
1101.04
1101.38
1101.72
1102.06
1102.4
1102.74
1103.08
1103.42
1104.99
1105.323
1105.656
1105.989
1106.322
1106.655
1106.99
1107.239
1107.488
1107.737
1107.986
1108.235
1108.484
1108.733
1108.982
1109.231
1109.48
1109.729
1109.978
1110.227
1110.476
1110.725
1110.974
1111.223
1111.472
1111.721
1111.97
1112.21
1112.425
1112.64
1112.855
1113.07
1113.285
1113.5
1114.357
1115.214
1116.07
1116.306
1116.542
1116.778
1117.014
1117.25
1117.486
1117.722
1117.958
1118.194
1118.43
1118.666
1118.902
1119.138
1119.38
1119.807
1120.234
1120.661
1121.088
1121.515
1121.942
1122.369
1122.796
1123.22
1123.524
1123.828
1124.132
1124.436
1124.74
1125.044
1125.348
1125.652
1125.956
1126.26
1126.564
1126.868
1127.172
1127.476
1127.78
1128.08
1129.573
1131.066
1132.559
1133.776
1134.994
1136.211
1137.429
1137.865
1138.301
1138.737
1139.173
1139.609
1140.045
1140.481
1140.917
1141.353
1141.789
1142.23
1142.663
1143.096
1143.529
1143.962
1144.395
1144.828
1145.261
1145.694
1146.127
1146.56
1146.993
1147.426
1147.859
1148.292
1148.725
1149.158
1149.591
1150.024
1150.46
1150.926
1151.392
1151.858
1152.324
1152.79
1153.256
1153.722
1154.19
1154.447
1154.704
1154.961
1155.218
1155.475
1155.732
1155.989
1156.246
1156.503
1156.76
1157.017
1157.274
1157.531
1157.788
1158.049
1158.373
1158.697
1159.021
1159.345
1159.669
1159.993
1160.317
1160.641
1160.965
1161.289
1161.613
1161.937
1162.261
1162.585
1162.909
1163.24
1163.638
1164.036
1164.434
1164.832
1165.23
1165.63
1165.831
1166.032
1166.233
1166.434
1166.635
1166.836
1167.037
1167.238
1167.439
1167.64
1167.841
1168.042
1168.243
1168.444
1168.639
1169.389
1170.139
1170.889
1171.639
1172.389
1173.139
1173.889
1174.639
1175.39
1176.297
1177.204
1178.111
1179.018
1179.925
1180.832
1181.739
1182.646
1183.553
1184.46
1185.006
1185.552
1186.098
1186.644
1187.19
1187.736
1188.282
1188.828
1189.374
1189.92
1190.466
1191.012
1191.558
1192.104
1192.65
1193.196
1193.74
1194.108
1194.476
1194.844
1195.212
1195.58
1195.95
1196.339
1196.728
1197.117
1197.506
1197.895
1198.284
1198.673
1199.062
1199.451
1199.84
1200.229
1200.618
1201.007
1201.396
1201.785
1202.174
1202.563
1202.96
1203.242
1203.524
1203.806
1204.088
1204.37
1204.655
1204.94
1205.225
1205.51
1205.795
1206.08
1206.365
1206.65
1206.935
1207.22
1207.659
1208.098
1208.537
1208.976
1209.415
1209.854
1210.293
1210.732
1211.171
1211.61
1212.049
1212.49
1212.881
1213.272
1213.663
1214.054
1214.445
1214.836
1215.227
1215.618
1216.009
1216.4
1216.791
1217.182
1217.573
1217.964
1218.355
1218.746
1219.14
1219.416
1219.692
1219.968
1220.244
1220.52
1220.796
1221.072
1221.348
1221.624
1221.9
1222.176
1222.452
1222.73
1223.102
1223.475
1223.847
1224.22
1224.591
1224.962
1225.333
1225.704
1226.075
1226.446
1226.817
1227.188
1227.559
1227.93
1228.301
1228.669
1228.99
1229.311
1229.632
1229.953
1230.274
1230.595
1230.916
1231.237
1231.558
1231.879
1232.2
1232.521
1232.842
1233.163
1233.48
1233.721
1233.962
1234.203
1234.444
1234.685
1234.926
1235.169
1235.606
1236.043
1236.48
1236.917
1237.354
1237.791
1238.228
1238.665
1239.102
1239.539
1239.976
1240.413
1240.85
1241.287
1241.73
1242.89
1243.076
1243.262
1243.448
1243.634
1243.82
1244.006
1244.192
1244.38
1244.715
1245.05
1245.385
1245.72
1246.055
1246.389
1246.695
1247.001
1247.307
1247.613
1247.919
1248.225
1248.531
1248.837
1249.143
1249.449
1249.755
1250.061
1250.367
1250.673
1250.979
1251.285
1251.591
1251.897
1252.21
1252.574
1252.938
1253.302
1253.666
1254.03
1254.394
1254.758
1255.122
1255.486
1255.85
1256.21
1256.481
1256.752
1257.023
1257.294
1257.565
1257.836
1258.107
1258.378
1258.649
1258.92
1259.191
1259.462
1259.733
1260.009
1260.829
1261.649
1262.469
1263.289
1264.109
1264.929
1265.749
1266.569
1267.389
1268.209
1269.029
1269.85
1269.98
1270.11
1270.24
1270.37
1270.5
1270.63
1270.76
1270.89
1271.019
1271.476
1271.933
1272.39
1272.847
1273.304
1273.761
1274.218
1274.675
1275.132
1275.589
1276.046
1276.503
1276.96
1277.417
1277.88
1278.956
1280.032
1281.108
1282.184
1283.259
1283.574
1283.889
1284.204
1284.519
1284.834
1285.149
1285.464
1285.779
1286.094
1286.409
1286.724
1287.039
1287.354
1287.669
1287.984
1288.299
1288.614
1288.929
1289.244
1289.559
1289.87
1290.87
1291.139
1291.408
1291.677
1291.946
1292.215
1292.484
1292.753
1293.022
1293.291
1293.56
1293.829
1294.098
1294.367
1294.636
1294.9
1295.152
1295.404
1295.656
1295.908
1296.16
1296.412
1296.664
1296.916
1297.168
1297.42
1297.672
1297.924
1298.176
1298.428
1298.68
1298.932
1299.184
1299.436
1299.688
1299.94
1300.19
1300.828
1301.466
1302.104
1302.742
1303.38
1304.018
1304.659
1305.215
1305.771
1306.327
1306.883
1307.439
1307.995
1308.551
1309.107
1309.659
1310.019
1310.379
1310.739
1311.099
1311.459
1311.819
1312.179
1312.539
1312.899
1313.259
1313.747
1314.235
1314.723
1315.211
1315.699
1316.187
1316.675
1317.163
1317.649
1318.013
1318.377
1318.741
1319.105
1319.469
1319.833
1320.197
1320.561
1320.925
1321.289
1321.653
1322.017
1322.381
1322.745
1323.11
1323.311
1323.512
1323.713
1323.914
1324.115
1324.316
1324.519
1324.782
1325.045
1325.308
1325.571
1325.834
1326.097
1326.36
1326.623
1326.886
1327.149
1327.412
1327.675
1327.938
1328.201
1328.464
1328.727
1328.99
1329.253
1329.516
1329.779
1330.049
1330.423
1330.797
1331.171
1331.545
1331.919
1332.293
1332.669
1332.988
1333.307
1333.626
1333.945
1334.264
1334.583
1334.902
1335.221
1335.54
1335.859
1336.178
1336.5
1336.974
1337.448
1337.922
1338.396
1338.87
1339.344
1339.818
1340.292
1340.766
1341.24
1341.71
1342.412
1343.114
1343.816
1344.518
1345.22
1345.922
1346.624
1347.326
1348.028
1348.73
1349.432
1350.134
1350.836
1351.539
1352.304
1353.069
1353.834
1354.599
1355.364
1356.129
1356.894
1357.659
1358.424
1359.189
1359.954
1360.719
1361.49
1361.78
1362.07
1362.36
1362.65
1362.94
1363.23
1363.52
1363.81
1364.1
1364.39
1364.679
1364.858
1365.037
1365.216
1365.395
1365.574
1365.753
1365.932
1366.111
1366.29
1366.469
1366.65
1366.859
1367.068
1367.277
1367.486
1367.695
1367.904
1368.113
1368.32
1368.844
1369.368
1369.892
1370.416
1370.94
1371.464
1371.988
1372.512
1373.036
1373.56
1374.084
1374.608
1375.132
1375.656
1376.18
1376.704
1377.22
1377.699
1378.178
1378.657
1379.136
1379.615
1380.094
1380.573
1381.052
1381.531
1382.01
1382.489
1382.968
1383.447
1383.926
1384.405
1384.884
1385.36
1385.565
1385.77
1385.975
1386.18
1386.385
1386.59
1386.795
1387.0
1387.25
1387.5
1387.75
1388.0
1388.779
1389.558
1390.337
1391.116
1391.895
1392.674
1393.453
1394.232
1395.011
1395.79
1396.569
1397.348
1398.127
1398.909
1399.349
1399.789
1400.229
1400.669
1401.109
1401.549
1401.989
1402.429
1402.869
1403.309
1403.749
1404.189
1404.629
1405.07
1405.231
1405.392
1405.553
1405.714
1405.875
1406.036
1406.197
1406.358
1406.519
1406.68
1406.841
1407.002
1407.163
1407.324
1407.485
1407.646
1407.807
1407.968
1408.129
1408.29
1408.451
1408.612
1408.769
1409.085
1409.401
1409.717
1410.033
1410.35
1410.686
1411.022
1411.358
1411.694
1412.03
1412.366
1412.702
1413.038
1413.374
1413.71
1414.049
1414.586
1415.123
1415.66
1416.197
1416.734
1417.271
1417.809
1418.117
1418.425
1418.733
1419.041
1419.349
1419.657
1419.965
1420.269
1420.612
1420.955
1421.298
1421.641
1421.984
1422.327
1422.67
1423.013
1423.356
1423.699
1424.042
1424.385
1424.728
1425.071
1425.414
1425.757
1426.1
1426.443
1426.786
1427.129
1427.472
1427.815
1428.158
1428.49
1428.69
1428.89
1429.09
1429.29
1429.49
1429.666
1429.842
1430.018
1430.194
1430.37
1430.546
1430.722
1430.898
1431.074
1431.25
1431.426
1431.602
1431.778
1431.954
1432.13
1432.306
1432.482
1432.658
1432.834
1433.01
1433.19
1434.091
1434.992
1435.893
1436.794
1437.695
1438.596
1439.497
1440.4
1440.91
1441.42
1441.93
1442.44
1442.95
1443.46
1443.97
1444.48
1444.99
1445.5
1446.01
1446.52
1447.03
1447.54
1448.05
1448.56
1449.07
1449.58
1450.09
1450.6
1450.933
1451.266
1451.6
1451.798
1451.996
1452.194
1452.392
1452.59
1452.788
1452.986
1453.184
1453.382
1453.58
1453.842
1454.104
1454.366
1454.628
1454.89
1455.152
1455.414
1455.676
1455.938
1456.2
1456.462
1456.724
1456.986
1457.25
1457.548
1457.846
1458.144
1458.442
1458.74
1459.038
1459.336
1459.634
1459.932
1460.23
1460.528
1460.826
1461.129
1461.375
1461.621
1461.867
1462.113
1462.359
1462.605
1462.851
1463.097
1463.343
1463.589
1463.835
1464.081
1464.327
1464.573
1464.819
1465.065
1465.311
1465.557
1465.803
1466.049
1466.295
1466.541
1466.79
1467.985
1469.179
1469.312
1469.445
1469.578
1469.711
1469.844
1469.977
1470.11
1470.243
1470.379
1470.692
1471.005
1471.318
1471.631
1471.944
1472.257
1472.57
1473.048
1473.526
1474.004
1474.482
1474.96
1475.438
1475.919
1476.146
1476.373
1476.6
1476.827
1477.054
1477.281
1477.508
1477.735
1477.962
1478.19
1478.455
1478.72
1478.985
1479.25
1479.515
1479.78
1480.045
1480.31
1480.575
1480.84
1481.355
1481.87
1482.385
1482.9
1483.415
1483.93
1484.445
1484.96
1485.475
1485.99
1486.505
1487.02
1487.535
1488.05
1488.565
1489.08
1489.595
1490.11
1490.625
1491.149
1491.927
1492.705
1493.483
1494.261
1495.039
1495.817
1496.595
1497.373
1498.151
1498.929
1499.71
1500.346
1500.982
1501.618
1502.254
1502.89
1503.526
1504.162
1504.798
1505.434
1506.07
1506.706
1507.342
1507.978
1508.614
1509.25
1509.89
1510.542
1511.194
1511.846
1512.498
1513.15
1513.802
1514.454
1515.106
1515.759
1516.121
1516.483
1516.845
1517.207
1517.569
1517.931
1518.293
1518.655
1519.017
1519.379
1519.741
1520.103
1520.465
1520.827
1521.189
1521.551
1521.913
1522.269
1522.489
1522.709
1522.929
1523.149
1523.369
1523.59
1524.08
1524.57
1525.06
1525.55
1526.04
1526.53
1527.019
1527.302
1527.585
1527.868
1528.151
1528.434
1528.717
1529.0
1529.283
1529.566
1529.85
1530.511
1531.172
1531.833
1532.494
1533.155
1533.816
1534.48
1535.876
1537.272
1538.668
1540.064
1541.46
1541.951
1542.442
1542.933
1543.424
1543.915
1544.406
1544.897
1545.388
1545.879
1546.37
1546.86
1547.48
1548.1
1548.72
1549.34
1549.96
1550.58
1551.2
1551.82
1552.44
1552.772
1553.104
1553.436
1553.768
1554.1
1554.432
1554.764
1555.096
1555.429
1555.895
1556.361
1556.827
1557.293
1557.759
1558.225
1558.691
1559.157
1559.623
1560.089
1560.559
1560.809
1561.059
1561.309
1561.559
1561.809
1562.059
1562.309
1562.559
1562.809
1563.059
1563.309
1563.559
1564.33
1565.101
1565.872
1566.643
1567.414
1568.185
1568.956
1569.73
1570.402
1571.074
1571.746
1572.418
1573.09
1573.762
1574.434
1575.106
1575.778
1576.45
1577.122
1577.794
1578.466
1579.138
1579.81
1580.482
1581.154
1581.83
1583.208
1584.586
1585.964
1587.342
1588.72
1590.1
1590.428
1590.756
1591.084
1591.412
1591.74
1592.068
1592.396
1592.724
1593.052
1593.38
1593.708
1594.039
1594.385
1594.731
1595.077
1595.423
1595.769
1596.115
1596.461
1596.807
1597.153
1597.499
1597.845
1598.191
1598.537
1598.883
1599.229
1599.575
1599.929
1600.133
1600.337
1600.541
1600.745
1600.949
1601.153
1601.357
1601.561
1601.765
1601.969
1602.173
1602.377
1602.581
1602.785
1602.989
1603.193
1603.397
1603.601
1603.8
1604.412
1605.024
1605.636
1606.248
1606.86
1607.773
1608.686
1609.599
1610.512
1611.425
1612.338
1613.251
1614.164
1615.077
1615.99
1616.869
1617.748
1618.627
1619.506
1620.385
1621.264
1622.143
1623.022
1623.901
1624.78
1625.659
1626.538
1627.42
1627.624
1627.828
1628.032
1628.236
1628.44
1628.644
1628.848
1629.052
1629.256
1629.46
1629.664
1629.868
1630.072
1630.276
1630.48
1630.684
1630.888
1631.092
1631.289
1631.599
1631.909
1632.219
1632.53
1633.073
1633.616
1634.16
1634.598
1635.036
1635.474
1635.912
1636.35
1636.788
1637.226
1637.664
1638.102
1638.54
1638.978
1639.416
1639.86
1640.692
1641.524
1642.356
1643.188
1644.019
1645.467
1646.915
1648.363
1649.811
1651.259
1652.707
1654.155
1655.6
1656.673
1657.746
1658.82
1659.893
1660.966
1662.039
1663.112
1664.186
1665.259
1666.332
1667.406
1668.479
1669.553
1670.629
1671.162
1671.695
1672.228
1672.761
1673.294
1673.827
1674.36
1674.893
1675.429
1675.755
1676.081
1676.407
1676.733
1677.059
1677.385
1677.711
1678.037
1678.363
1678.689
1679.015
1679.341
1679.667
1679.993
1680.319
1680.645
1680.971
1681.297
1681.623
1681.949
1682.275
1682.61
1686.485
1690.36
1690.951
1691.542
1692.133
1692.724
1693.315
1693.906
1694.497
1695.088
1695.679
1696.27
1696.861
1697.452
1698.043
1698.634
1699.225
1699.816
1700.407
1700.999
1701.663
1702.327
1702.991
1703.655
1704.319
1704.983
1705.647
1706.311
1706.975
1707.639
1708.303
1708.967
1709.631
1710.295
1710.959
1711.623
1712.287
1712.951
1713.61
1714.711
1715.812
1716.913
1718.014
1719.115
1720.216
1721.317
1722.418
1723.519
1724.62
1725.72
1726.188
1726.656
1727.123
1727.591
1728.058
1728.525
1728.993
1729.46
1729.928
1730.396
1730.863
1731.33
1731.537
1731.744
1731.951
1732.158
1732.365
1732.572
1732.779
1732.986
1733.193
1733.4
1733.61
1734.149
1734.688
1735.227
1735.766
1736.305
1736.844
1737.383
1737.919
1738.297
1738.675
1739.053
1739.431
1739.809
1740.187
1740.565
1740.94
1741.173
1741.406
1741.639
1741.872
1742.105
1742.338
1742.571
1742.804
1743.037
1743.27
1743.503
1743.736
1743.969
1744.202
1744.435
1744.668
1744.901
1745.134
1745.36
1745.628
1745.896
1746.164
1746.432
1746.7
1746.968
1747.236
1747.504
1747.772
1748.04
1748.308
1748.576
1748.844
1749.112
1749.38
1749.648
1749.916
1750.19
1750.598
1751.006
1751.414
1751.822
1752.23
1752.64
1753.169
1753.698
1754.227
1754.756
1755.285
1755.814
1756.343
1756.872
1757.401
1757.93
1758.459
1758.99
1759.323
1759.656
1759.989
1760.322
1760.655
1760.988
1761.321
1761.654
1761.987
1762.32
1762.653
1762.986
1763.319
1763.652
1763.985
1764.318
1764.651
1764.98
1765.273
1765.565
1765.858
1766.15
1766.443
1766.736
1767.029
1767.32
1767.728
1768.136
1768.544
1768.952
1769.36
1769.768
1770.179
1770.29
1770.401
1770.512
1770.623
1770.734
1770.845
1770.956
1771.067
1771.179
1771.544
1771.909
1772.274
1772.639
1773.004
1773.369
1773.734
1774.099
1774.464
1774.83
1775.277
1775.724
1776.171
1776.618
1777.065
1777.512
1777.959
1778.406
1778.853
1779.3
1779.75
1780.434
1781.118
1781.802
1782.486
1783.17
1783.854
1784.538
1785.222
1785.906
1786.59
1787.274
1787.958
1788.642
1789.33
1789.99
1790.65
1791.31
1791.97
1792.63
1793.29
1793.95
1794.289
1794.628
1794.967
1795.306
1795.645
1795.984
1796.323
1796.662
1797.001
1797.34
1797.679
1798.018
1798.357
1798.696
1799.035
1799.374
1799.71
1800.276
1800.842
1801.408
1801.974
1802.539
1802.706
1802.873
1803.04
1803.207
1803.374
1803.539
1804.039
1804.539
1805.039
1805.539
1805.888
1806.237
1806.586
1806.935
1807.284
1807.633
1807.982
1808.331
1808.68
1809.029
1809.378
1809.727
1810.076
1810.425
1810.774
1811.12
1811.424
1811.728
1812.032
1812.336
1812.64
1812.944
1813.25
1813.642
1814.034
1814.426
1814.818
1815.21
1815.602
1815.994
1816.386
1816.778
1817.17
1817.562
1817.954
1818.346
1818.738
1819.13
1819.522
1819.919
1820.902
1821.885
1822.868
1823.851
1824.834
1825.817
1826.8
1827.783
1828.766
1829.749
1830.732
1831.715
1832.698
1833.681
1834.659
1835.158
1835.657
1836.156
1836.655
1837.154
1837.653
1838.152
1838.651
1839.15
1839.649
1840.148
1840.647
1841.146
1841.645
1842.144
1842.639
1842.843
1843.047
1843.251
1843.455
1843.659
1843.863
1844.067
1844.271
1844.475
1844.679
1844.883
1845.087
1845.291
1845.495
1845.699
1845.91
1846.215
1846.52
1846.825
1847.13
1847.694
1848.258
1848.822
1849.386
1849.95
1850.514
1851.078
1851.642
1852.206
1852.77
1853.334
1853.898
1854.462
1855.026
1855.59
1856.154
1856.718
1857.282
1857.84
1858.141
1858.442
1858.743
1859.044
1859.345
1859.646
1859.947
1860.248
1860.549
1860.85
1861.151
1861.452
1861.753
1862.054
1862.35
1862.78
1863.21
1863.64
1864.07
1864.5
1864.93
1865.36
1865.79
1866.22
1866.65
1867.08
1867.522
1867.964
1868.406
1868.848
1869.29
1869.732
1870.174
1870.616
1871.058
1871.5
1871.94
1872.396
1872.852
1873.308
1873.764
1874.22
1874.676
1875.132
1875.588
1876.044
1876.5
1876.956
1877.412
1877.868
1878.324
1878.78
1879.236
1879.692
1880.148
1880.601
1882.075
1883.549
1883.87
1884.191
1884.512
1884.833
1885.154
1885.475
1885.796
1886.117
1886.438
1886.759
1887.08
1887.401
1887.722
1888.043
1888.36
1888.647
1888.934
1889.221
1889.508
1889.795
1890.082
1890.369
1890.656
1890.943
1891.23
1891.517
1891.804
1892.091
1892.378
1892.665
1892.95
1893.273
1893.595
1893.918
1894.24
1894.763
1895.286
1895.809
1896.332
1896.855
1897.378
1897.901
1898.424
1898.947
1899.47
1899.993
1900.516
1901.039
1901.562
1902.09
1902.673
1903.256
1903.839
1904.422
1905.005
1905.588
1906.171
1906.754
1907.337
1907.92
1908.503
1909.086
1909.669
1910.252
1910.835
1911.418
1912.001
1912.584
1913.169
1914.2
1915.23
1916.263
1917.296
1918.33
1918.558
1918.786
1919.014
1919.242
1919.47
1919.7
1919.974
1920.248
1920.522
1920.796
1921.07
1921.353
1921.636
1921.919
1922.202
1922.485
1922.768
1923.051
1923.334
1923.617
1923.9
1924.179
1924.589
1924.999
1925.409
1925.819
1926.229
1926.639
1927.049
1927.459
1927.869
1928.279
1928.69
1928.991
1929.292
1929.593
1929.894
1930.195
1930.496
1930.797
1931.098
1931.399
1931.7
1932.149
1932.598
1933.047
1933.496
1933.945
1934.394
1934.84
1935.424
1936.008
1936.592
1937.176
1937.76
1938.344
1938.928
1939.512
1940.096
1940.68
1941.264
1941.85
1942.347
1942.844
1943.341
1943.838
1944.335
1944.832
1945.329
1945.826
1946.323
1946.82
1947.317
1947.814
1948.311
1948.809
1949.173
1949.537
1949.901
1950.265
1950.629
1950.993
1951.36
1952.634
1953.908
1955.182
1956.456
1957.73
1959.004
1960.278
1961.549
1962.642
1963.735
1964.828
1965.921
1967.014
1968.107
1969.2
1969.606
1970.012
1970.418
1970.824
1971.23
1971.636
1972.042
1972.448
1972.85
1973.231
1973.612
1973.993
1974.374
1974.755
1975.136
1975.517
1975.898
1976.279
1976.66
1977.041
1977.422
1977.803
1978.184
1978.565
1978.946
1979.327
1979.708
1980.09
1980.623
1981.156
1981.689
1982.222
1982.755
1983.289
1983.563
1983.837
1984.111
1984.385
1984.659
1984.933
1985.207
1985.481
1985.755
1986.029
1986.303
1986.577
1986.851
1987.119
1987.278
1987.437
1987.596
1987.755
1987.914
1988.073
1988.232
1988.391
1988.55
1988.709
1988.868
1989.027
1989.186
1989.345
1989.504
1989.663
1989.822
1989.989
1990.44
1990.891
1991.342
1991.793
1992.244
1992.695
1993.146
1993.597
1994.048
1994.499
1994.95
1995.401
1995.852
1996.303
1996.754
1997.205
1997.656
1998.11
1998.329
1998.548
1998.767
1998.986
1999.205
1999.424
1999.643
1999.862
2000.08
2000.355
2000.63
2000.905
2001.18
2001.455
2001.73
2002.005
2002.28
2002.555
2002.83
2003.105
2003.38
2003.655
2003.929
2004.26
2004.591
2004.922
2005.253
2005.584
2005.915
2006.246
2006.577
2006.908
2007.239
2007.57
2007.901
2008.232
2008.563
2008.9
2009.249
2009.598
2009.947
2010.296
2010.645
2010.994
2011.343
2011.692
2012.041
2012.39
2012.739
2013.088
2013.437
2013.786
2014.135
2014.48
2014.895
2015.31
2015.725
2016.14
2016.555
2016.97
2017.385
2017.8
2018.215
2018.629
2018.967
2019.305
2019.643
2019.981
2020.319
2020.659
2020.865
2021.071
2021.277
2021.483
2021.689
2021.895
2022.101
2022.309
2022.669
2023.029
2023.389
2023.572
2023.755
2023.938
2024.121
2024.304
2024.487
2024.67
2024.85
2025.206
2025.562
2025.918
2026.274
2026.63
2026.986
2027.342
2027.698
2028.054
2028.41
2028.766
2029.122
2029.478
2029.83
2030.14
2030.45
2030.76
2031.07
2031.38
2031.69
2031.999
2032.365
2032.731
2033.097
2033.463
2033.829
2034.195
2034.561
2034.927
2035.293
2035.659
2036.025
2036.391
2036.757
2037.123
2037.489
2037.86
2038.497
2039.135
2039.773
2040.41
2041.048
2041.686
2042.323
2042.96
2043.288
2043.616
2043.944
2044.272
2044.6
2044.928
2045.256
2045.584
2045.912
2046.24
2046.568
2046.896
2047.224
2047.552
2047.88
2048.208
2048.536
2048.864
2049.19
2049.603
2050.016
2050.429
2050.842
2051.255
2051.669
2051.883
2052.097
2052.311
2052.525
2052.739
2052.953
2053.167
2053.381
2053.595
2053.809
2054.023
2054.237
2054.451
2054.665
2054.879
2055.093
2055.307
2055.521
2055.73
2056.741
2057.752
2058.763
2059.774
2060.785
2061.796
2062.807
2063.818
2064.829
2065.84
2066.851
2067.862
2068.873
2069.889
2070.28
2070.671
2071.062
2071.453
2071.844
2072.235
2072.629
2072.847
2073.065
2073.283
2073.501
2073.719
2073.937
2074.155
2074.373
2074.591
2074.809
2075.027
2075.245
2075.463
2075.681
2075.899
2076.117
2076.335
2076.553
2076.771
2076.98
2077.51
2078.04
2078.57
2079.1
2079.284
2079.468
2079.652
2079.836
2080.02
2080.204
2080.388
2080.572
2080.756
2080.94
2081.124
2081.308
2081.492
2081.676
2081.86
2082.012
2082.164
2082.316
2082.468
2082.62
2082.772
2082.924
2083.076
2083.228
2083.379
2084.298
2085.217
2086.136
2087.055
2087.974
2088.893
2089.812
2090.731
2091.65
2092.57
2092.998
2093.426
2093.854
2094.28
2094.736
2095.192
2095.648
2096.104
2096.56
2097.016
2097.472
2097.928
2098.38
2098.58
2098.78
2098.98
2099.18
2099.38
2099.58
2099.896
2100.212
2100.528
2100.844
2101.16
2101.476
2101.792
2102.108
2102.424
2102.74
2103.056
2103.372
2103.688
2104.004
2104.32
2104.636
2104.95
2105.433
2105.916
2106.399
2106.882
2107.365
2107.848
2108.331
2108.814
2109.297
2109.78
2110.263
2110.746
2111.229
2111.712
2112.195
2112.678
2113.161
2113.64
2113.845
2114.05
2114.255
2114.46
2114.665
2114.87
2115.075
2115.28
2115.485
2115.69
2115.895
2116.1
2116.305
2116.51
2116.715
2116.92
2117.125
2117.33
2117.94
2118.55
2119.16
2119.77
2120.38
2120.99
2121.6
2121.848
2122.096
2122.344
2122.592
2122.84
2123.088
2123.336
2123.584
2123.832
2124.08
2124.329
2124.644
2124.959
2125.274
2125.589
2125.904
2126.219
2126.534
2126.849
2127.164
2127.479
2127.794
2128.109
2128.43
2129.367
2130.303
2131.239
2132.176
2133.113
2134.049
2134.223
2134.397
2134.571
2134.745
2134.919
2135.093
2135.267
2135.441
2135.615
2135.789
2135.963
2136.137
2136.311
2136.485
2136.659
2136.839
2137.285
2137.731
2138.177
2138.623
2139.069
2139.515
2139.961
2140.407
2140.853
2141.299
2141.745
2142.191
2142.64
2143.111
2143.582
2144.053
2144.524
2144.995
2145.466
2145.937
2146.408
2146.88
2147.303
2147.726
2148.149
2148.572
2148.995
2149.42
2149.682
2149.944
2150.206
2150.468
2150.73
2150.992
2151.254
2151.516
2151.778
2152.04
2152.302
2152.564
2152.826
2153.088
2153.35
2153.612
2153.874
2154.136
2154.4
2154.689
2154.978
2155.267
2155.556
2155.845
2156.134
2156.423
2156.712
2157.001
2157.29
2157.579
2157.868
2158.16
2158.774
2159.388
2160.002
2160.616
2161.23
2161.844
2162.458
2163.072
2163.686
2164.3
2164.914
2165.528
2166.142
2166.76
2167.141
2167.522
2167.903
2168.284
2168.665
2169.046
2169.427
2169.81
2170.0
2170.19
2170.38
2170.57
2170.76
2170.95
2171.14
2172.488
2173.836
2175.184
2176.532
2177.88
2178.308
2178.736
2179.164
2179.592
2180.02
2180.448
2180.876
2181.304
2181.732
2182.16
2182.588
2183.016
2183.444
2183.872
2184.3
2184.73
2186.9
2187.845
2188.79
2189.735
2190.68
2191.625
2192.569
2192.95
2193.331
2193.713
2194.095
2194.476
2194.858
2195.24
2195.621
2196.003
2196.385
2196.767
2197.148
2197.53
2197.91
2200.222
2202.534
2204.846
2207.158
2209.47
2209.853
2210.236
2210.619
2211.002
2211.385
2211.77
2212.445
2213.12
2213.795
2214.47
2215.145
2215.82
2216.495
2217.17
2217.845
2218.52
2219.335
2220.15
2220.965
2221.78
2222.595
2223.41
2224.225
2225.04
2225.855
2226.67
2227.485
2228.3
2229.115
2229.93
2230.185
2230.44
2230.695
2230.95
2231.205
2231.46
2231.715
2231.97
2232.225
2232.48
2232.735
2232.99
2233.245
2233.5
2233.755
2234.01
2234.265
2234.52
2234.78
2235.078
2235.376
2235.674
2235.972
2236.27
2236.568
2236.869
2237.237
2237.605
2237.973
2238.341
2238.709
2239.079
2239.472
2239.865
2240.258
2240.651
2241.044
2241.437
2241.83
2242.223
2242.616
2243.009
2243.402
2243.795
2244.188
2244.581
2244.974
2245.367
2245.76
2246.153
2246.546
2246.939
2247.329
2249.494
2251.659
2253.824
2255.99
2256.428
2256.866
2257.304
2257.742
2258.18
2258.618
2259.056
2259.494
2259.932
2260.37
2260.808
2261.246
2261.684
2262.122
2262.56
2262.998
2263.441
2263.691
2263.941
2264.191
2264.441
2264.644
2264.847
2265.05
2265.253
2265.456
2265.66
2265.869
2266.078
2266.287
2266.496
2266.705
2266.914
2267.123
2267.332
2267.541
2267.75
2267.959
2268.168
2268.377
2268.586
2268.795
2269.004
2269.213
2269.422
2269.631
2269.84
2270.049
2270.26
2270.593
2270.926
2271.26
2272.074
2272.888
2273.702
2274.516
2275.33
2276.144
2276.958
2277.772
2278.586
2279.4
2279.795
2280.19
2280.585
2280.98
2281.375
2281.77
2282.243
2282.716
2283.189
2283.662
2284.135
2284.609
2284.851
2285.093
2285.335
2285.577
2285.819
2286.061
2286.303
2286.545
2286.787
2287.029
2287.271
2287.513
2287.755
2287.997
2288.239
2288.481
2288.723
2288.965
2289.207
2289.44
2289.743
2290.046
2290.349
2290.652
2290.955
2291.258
2291.561
2291.864
2292.167
2292.47
2292.77
2293.076
2293.382
2293.688
2293.994
2294.3
2294.606
2294.912
2295.218
2295.524
2295.83
2296.14
2296.667
2297.194
2297.721
2298.248
2298.775
2299.3
2299.603
2299.906
2300.209
2300.512
2300.815
2301.118
2301.421
2301.724
2302.027
2302.33
2302.633
2302.936
2303.239
2303.542
2303.845
2304.148
2304.45
2304.902
2305.354
2305.806
2306.258
2306.71
2307.16
2307.385
2307.61
2307.835
2308.06
2308.285
2308.51
2308.735
2308.96
2309.26
2309.56
2309.86
2310.16
2310.46
2310.76
2311.06
2311.36
2311.66
2311.96
2312.26
2312.883
2313.506
2314.129
2314.752
2315.375
2315.998
2316.621
2317.244
2317.869
2318.48
2319.091
2319.702
2320.313
2320.924
2321.535
2322.146
2322.757
2323.368
2323.979
2324.59
2325.201
2325.809
2326.327
2326.845
2327.363
2327.88
2328.213
2328.546
2328.88
2329.047
2329.214
2329.381
2329.548
2329.715
2329.88
2330.382
2330.884
2331.386
2331.888
2332.39
2332.89
2333.129
2333.368
2333.607
2333.846
2334.085
2334.324
2334.563
2334.802
2335.04
2335.353
2335.666
2335.979
2336.292
2336.605
2336.918
2337.231
2337.544
2337.857
2338.17
2338.483
2338.796
2339.109
2339.358
2339.607
2339.856
2340.105
2340.354
2340.603
2340.852
2341.101
2341.35
2341.599
2341.848
2342.097
2342.346
2342.595
2342.844
2343.093
2343.35
2343.925
2344.5
2345.075
2345.65
2347.391
2349.132
2350.873
2352.614
2354.355
2356.096
2357.84
2358.294
2358.748
2359.202
2359.656
2360.11
2360.564
2361.018
2361.472
2361.926
2362.38
2362.834
2363.288
2363.742
2364.196
2364.65
2365.099
2365.605
2366.111
2366.617
2367.123
2367.629
2368.135
2368.641
2369.15
2369.621
2370.092
2370.563
2371.034
2371.505
2371.976
2372.447
2372.918
2373.39
2373.742
2374.094
2374.446
2374.798
2375.15
2375.502
2375.854
2376.206
2376.558
2376.91
2377.262
2377.614
2377.966
2378.318
2378.67
2379.02
2379.99
2380.96
2381.509
2382.058
2382.607
2383.156
2383.705
2384.254
2384.803
2385.352
2385.901
2386.45
2386.999
2387.548
2388.097
2388.646
2389.195
2389.744
2390.293
2390.839
2392.01
2392.486
2392.962
2393.438
2393.914
2394.39
2394.866
2395.342
2395.818
2396.29
2396.782
2397.274
2397.766
2398.258
2398.75
2399.242
2399.734
2400.226
2400.718
2401.21
2401.702
2402.194
2402.686
2403.18
2403.709
2404.238
2404.767
2405.296
2405.825
2406.354
2406.883
2407.41
2408.048
2408.686
2409.324
2409.962
2410.6
2411.238
2411.876
2412.514
2413.152
2413.79
2414.428
2415.066
2415.704
2416.342
2416.98
2417.619
2418.773
2419.927
2421.081
2422.235
2423.39
2423.569
2423.748
2423.927
2424.106
2424.285
2424.464
2424.643
2424.822
2425.001
2425.18
2425.359
2425.538
2425.717
2425.896
2426.075
2426.254
2426.433
2426.612
2426.8
2427.38
2427.96
2428.338
2428.716
2429.094
2429.472
2429.85
2430.228
2430.606
2430.984
2431.362
2431.74
2432.118
2432.496
2432.874
2433.25
2433.509
2433.768
2434.027
2434.286
2434.545
2434.804
2435.063
2435.322
2435.581
2435.84
2436.099
2436.358
2436.617
2436.876
2437.135
2437.394
2437.653
2437.912
2438.171
2438.43
2438.69
2439.023
2439.356
2439.69
2440.142
2440.594
2441.046
2441.498
2441.95
2442.402
2442.854
2443.306
2443.758
2444.21
2444.662
2445.109
2445.385
2445.661
2445.937
2446.213
2446.489
2446.765
2447.041
2447.317
2447.589
2448.095
2448.601
2449.107
2449.613
2450.119
2450.625
2451.13
2451.33
2451.53
2451.73
2451.93
2452.13
2452.33
2452.53
2452.73
2452.93
2453.13
2453.33
2453.53
2453.73
2453.93
2454.13
2454.33
2454.53
2454.73
2454.93
2455.13
2455.33
2455.53
2455.73
2456.595
2457.46
2458.325
2459.19
2460.055
2460.92
2461.244
2461.568
2461.892
2462.216
2462.54
2462.864
2463.188
2463.512
2463.839
2464.224
2464.609
2464.994
2465.379
2465.764
2466.149
2466.534
2466.92
2467.248
2467.576
2467.904
2468.232
2468.56
2468.888
2469.216
2469.544
2469.872
2470.2
2470.528
2470.856
2471.184
2471.512
2471.84
2472.168
2472.49
2473.309
2474.128
2474.947
2475.766
2476.585
2477.404
2478.223
2479.042
2479.859
2480.296
2480.733
2481.17
2481.607
2482.044
2482.481
2482.918
2483.355
2483.792
2484.229
2484.666
2485.103
2485.54
2485.977
2486.414
2486.851
2487.288
2487.73
2488.054
2488.378
2488.702
2489.026
2489.35
2489.674
2489.998
2490.322
2490.646
2490.97
2491.294
2491.618
2491.94
2492.359
2492.778
2493.197
2493.616
2494.035
2494.454
2494.873
2495.292
2495.711
2496.13
2496.549
2496.968
2497.387
2497.806
2498.225
2498.65
2499.032
2499.414
2499.796
2500.178
2500.56
2500.942
2501.324
2501.706
2502.088
2502.47
2502.691
2502.912
2503.133
2503.354
2503.575
2503.796
2504.017
2504.238
2504.46
2504.651
2504.842
2505.033
2505.224
2505.415
2505.606
2505.797
2505.988
2506.179
2506.37
2506.561
2506.752
2506.943
2507.14
2507.479
2507.818
2508.157
2508.496
2508.835
2509.174
2509.513
2509.852
2510.191
2510.53
2512.48
2514.43
2516.38
2518.33
2520.28
2522.23
2524.18
2526.13
2528.08
2530.03
2531.98
2533.93
2535.88
2536.258
2536.635
2537.013
2537.39
2537.622
2537.854
2538.086
2538.318
2538.55
2538.782
2539.014
2539.246
2539.478
2539.71
2539.942
2540.174
2540.406
2540.638
2540.87
2541.102
2541.334
2541.566
2541.789
2542.096
2542.403
2542.71
2543.017
2543.324
2543.63
2544.094
2544.558
2545.022
2545.486
2545.95
2546.414
2546.878
2547.342
2547.806
2548.27
2548.734
2549.2
2552.95
2556.7
2560.45
2564.2
2575.24
2578.345
2581.45
2581.716
2581.982
2582.248
2582.514
2582.78
2583.046
2583.312
2583.578
2583.844
2584.11
2584.376
2584.642
2584.908
2585.174
2585.44
2585.706
2585.97
2587.51
2587.716
2587.922
2588.128
2588.334
2588.54
2588.746
2588.952
2589.158
2589.364
2589.57
2589.776
2589.982
2590.188
2590.394
2590.6
2590.806
2591.02
2591.516
2592.012
2592.508
2593.004
2593.5
2593.996
2594.49
2600.441
2606.392
2612.343
2618.294
2624.245
2630.196
2636.147
2642.099
2643.639
2645.179
2646.72
2648.285
2649.85
2651.415
2652.98
2654.545
2656.11
2657.675
2659.24
2660.809
2661.396
2661.983
2662.57
2663.157
2663.744
2664.329
2664.502
2664.675
2664.848
2665.021
2665.194
2665.367
2665.54
2665.713
2665.89
2666.131
2666.372
2666.613
2666.854
2667.095
2667.336
2667.577
2667.818
2668.059
2668.3
2668.541
2668.782
2669.023
2669.264
2669.505
2669.746
2669.987
2670.228
2670.469
2670.71
2671.346
2671.982
2672.618
2673.254
2673.89
2674.526
2675.16
2675.477
2675.794
2676.111
2676.428
2676.745
2677.062
2677.38
2677.698
2678.015
2678.332
2678.649
2678.97
2679.208
2679.446
2679.684
2679.922
2680.16
2680.398
2680.636
2680.874
2681.109
2684.663
2688.217
2691.771
2695.325
2698.879
2702.433
2705.987
2709.541
2713.095
2716.649
2720.203
2723.757
2727.311
2730.865
2734.419
2737.973
2741.527
2745.081
2748.63
2749.368
2750.106
2750.844
2751.582
2752.32
2759.035
2765.75
2769.179
2772.608
2776.037
2779.466
2782.895
2786.324
2789.753
2793.182
2796.611
2800.04
2803.469
2806.9
2807.202
2807.504
2807.806
2808.108
2808.41
2809.052
2809.694
2810.336
2810.978
2811.62
2812.262
2812.904
2813.546
2814.188
2814.83
2815.472
2816.119
2816.535
2816.951
2817.367
2817.783
2818.199
2818.615
2819.03
2819.334
2819.638
2819.942
2820.246
2820.55
2820.854
2821.158
2821.462
2821.766
2822.07
2822.374
2822.68
2823.205
2823.73
2824.255
2824.78
2825.305
2825.83
2826.355
2826.88
2827.405
2827.93
2828.455
2828.98
2829.505
2830.03
2830.555
2831.08
2831.605
2832.13
2832.65
2832.904
2833.158
2833.412
2833.666
2833.92
2834.174
2834.428
2834.682
2834.936
2835.19
2835.444
2835.698
2835.952
2836.206
2836.46
2836.714
2836.96
2837.194
2837.428
2837.662
2837.896
2838.13
2838.364
2838.598
2838.832
2839.069
2840.069
2840.288
2840.507
2840.726
2840.945
2841.164
2841.383
2841.602
2841.821
2842.04
2842.259
2842.478
2842.697
2842.916
2843.135
2843.354
2843.573
2843.792
2844.011
2844.23
2844.449
2844.67
2845.093
2845.516
2845.94
2846.227
2846.514
2846.801
2847.088
2847.375
2847.662
2847.949
2848.236
2848.523
2848.81
2849.097
2849.384
2849.671
2849.96
2850.428
2850.896
2851.364
2851.832
2852.3
2852.673
2853.046
2853.419
2853.792
2854.165
2854.538
2854.911
2855.284
2855.657
2856.03
2856.403
2856.776
2857.149
2857.522
2857.895
2858.27
2858.753
2859.236
2859.718
2860.2
2860.682
2861.164
2861.647
2862.13
2863.853
2865.576
2867.299
2869.022
2870.745
2872.47
2872.745
2873.02
2873.295
2873.57
2873.845
2874.12
2874.395
2874.67
2874.945
2875.22
2875.495
2875.77
2876.045
2876.32
2876.595
2876.87
2877.145
2877.42
2877.948
2878.476
2879.004
2879.53
2879.748
2879.966
2880.184
2880.402
2880.62
2880.838
2881.056
2881.274
2881.492
2881.71
2881.928
2882.15
2883.719
2885.288
2886.857
2888.426
2889.995
2891.564
2893.13
2893.489
2893.848
2894.207
2894.566
2894.925
2895.284
2895.643
2896.002
2896.361
2896.72
2897.079
2897.438
2897.797
2898.156
2898.515
2898.88
2899.456
2900.032
2900.608
2901.184
2901.76
2902.336
2902.912
2903.488
2904.064
2904.64
2905.22
2905.465
2905.71
2905.955
2906.2
2906.445
2906.69
2906.935
2907.18
2907.425
2907.67
2907.915
2908.16
2908.405
2908.65
2908.895
2909.14
2909.385
2909.63
2909.875
2910.12
2910.359
2910.667
2910.975
2911.283
2911.591
2911.899
2912.207
2912.515
2912.823
2913.13
2913.467
2913.804
2914.141
2914.478
2914.815
2915.152
2915.489
2915.826
2916.163
2916.5
2916.84
2916.84
2916.84
2916.84
2916.84
2916.84
2916.84
2916.84
2916.84
2916.84
2916.84
2916.84
