67.549
68.03
68.511
68.992
69.473
69.954
70.435
70.916
71.397
71.878
72.359
72.84
73.321
73.802
74.283
74.764
75.245
75.726
76.207
76.689
76.996
77.303
77.61
77.917
78.224
78.531
78.838
79.145
79.452
79.759
80.066
80.373
80.68
80.987
81.294
81.601
81.909
82.151
82.393
82.635
82.877
83.119
83.361
83.603
83.845
84.087
84.329
84.571
84.813
85.055
85.297
85.539
85.781
86.023
86.259
86.519
86.779
87.039
87.299
87.559
87.819
88.079
88.339
88.599
88.859
89.119
89.379
89.639
89.899
90.159
90.419
90.679
91.187
91.695
92.203
92.711
93.219
93.727
94.235
94.743
95.251
95.759
96.267
96.775
97.28
97.794
98.308
98.822
99.336
99.85
100.364
100.878
101.392
101.906
102.42
102.934
103.448
103.962
104.476
104.99
105.504
106.018
106.532
107.046
107.56
107.744
107.928
108.112
108.296
108.48
108.664
108.848
109.032
109.216
109.4
109.584
109.768
109.952
110.136
110.32
110.504
110.688
110.872
111.06
111.441
111.822
112.203
112.584
112.965
113.346
113.727
114.108
114.489
114.87
115.251
115.632
116.013
116.394
116.775
117.156
117.53
117.941
118.352
118.763
119.174
119.585
119.996
120.407
120.818
121.229
121.64
122.051
122.462
122.873
123.284
123.695
124.1
124.304
124.508
124.712
124.916
125.12
125.324
125.53
125.834
126.138
126.442
126.746
127.05
127.354
127.658
127.962
128.266
128.57
128.874
129.178
129.482
129.786
130.09
130.394
130.698
131.002
131.306
131.61
131.904
132.198
132.492
132.786
133.08
133.374
133.668
133.962
134.256
134.55
134.844
135.138
135.432
135.726
136.02
136.314
136.608
136.902
137.196
137.49
137.79
138.268
138.746
139.224
139.702
140.18
140.658
141.136
141.614
142.092
142.57
143.048
143.526
144.004
144.482
144.96
145.438
145.916
146.394
146.87
147.525
148.18
148.835
149.49
150.145
150.8
151.455
152.11
152.765
153.42
154.075
154.73
155.385
156.04
156.695
157.35
158.01
158.204
158.398
158.592
158.786
158.98
159.174
159.368
159.562
159.756
159.95
160.144
160.338
160.532
160.726
160.92
161.114
161.308
161.502
161.696
161.891
162.165
162.439
162.713
162.987
163.261
163.535
163.809
164.083
164.357
164.631
164.905
165.179
165.453
165.727
166.001
166.275
166.549
166.823
167.09
167.458
167.826
168.194
168.562
168.93
169.298
169.666
170.034
170.402
170.77
171.096
171.422
171.748
172.074
172.4
172.726
173.052
173.378
173.704
174.03
174.356
174.682
175.008
175.334
175.66
175.986
176.312
176.639
176.887
177.135
177.383
177.631
177.879
178.127
178.375
178.623
178.871
179.119
179.367
179.615
179.863
180.111
180.359
180.607
180.855
181.11
181.76
182.41
183.06
183.71
184.36
185.01
185.66
186.31
186.96
187.61
188.26
188.91
189.56
190.21
190.86
191.51
192.16
192.81
192.976
193.142
193.308
193.474
193.64
193.806
193.972
194.138
194.304
194.47
194.636
194.802
194.968
195.134
195.3
195.466
195.632
195.798
195.959
196.292
196.625
196.958
197.291
197.624
197.957
198.29
198.623
198.956
199.289
199.622
199.955
200.288
200.621
200.954
201.28
201.739
202.198
202.657
203.116
203.575
204.034
204.493
204.952
205.411
205.87
206.329
206.788
207.247
207.706
208.165
208.624
209.09
209.451
209.812
210.173
210.534
210.895
211.256
211.617
211.978
212.339
212.7
213.061
213.422
213.783
214.144
214.505
214.866
215.227
215.59
215.903
216.216
216.529
216.842
217.155
217.468
217.781
218.094
218.407
218.72
219.033
219.346
219.659
219.972
220.285
220.598
220.911
221.23
221.847
222.464
223.081
223.698
224.315
224.93
225.192
225.454
225.716
225.978
226.24
226.502
226.764
227.026
227.288
227.55
227.812
228.075
228.337
228.599
228.861
229.123
229.385
229.647
229.909
230.18
230.516
230.852
231.188
231.524
231.86
232.196
232.532
232.868
233.204
233.54
233.876
234.212
234.548
234.884
235.22
235.556
235.892
236.229
236.78
237.331
237.882
238.433
238.984
239.535
240.086
240.637
241.188
241.739
242.29
242.841
243.392
243.943
244.494
245.045
245.6
245.997
246.394
246.791
247.188
247.585
247.982
248.379
248.776
249.173
249.57
249.967
250.364
250.761
251.158
251.555
251.952
252.349
252.746
253.15
253.378
253.606
253.834
254.062
254.29
254.518
254.746
254.974
255.202
255.43
255.658
255.886
256.114
256.342
256.57
256.798
257.026
257.26
257.545
257.83
258.115
258.4
258.685
258.97
259.255
259.54
259.825
260.11
260.395
260.68
260.965
261.25
261.535
261.82
262.105
262.39
262.67
262.905
263.14
263.375
263.61
263.845
264.08
264.315
264.55
264.785
265.02
265.255
265.49
265.725
265.96
266.195
266.43
266.66
267.105
267.55
267.995
268.44
268.885
269.329
269.774
270.219
270.663
271.108
271.553
271.998
272.442
272.887
273.332
273.776
274.221
274.666
275.111
275.55
275.855
276.16
276.465
276.77
277.075
277.38
277.685
277.99
278.295
278.6
278.905
279.21
279.515
279.82
280.125
280.43
280.74
280.979
281.218
281.457
281.696
281.935
282.174
282.413
282.652
282.891
283.13
283.369
283.608
283.847
284.086
284.325
284.564
284.803
285.042
285.281
285.52
285.759
285.99
286.462
286.934
287.406
287.878
288.35
288.822
289.294
289.766
290.238
290.71
291.182
291.654
292.126
292.598
293.07
293.542
294.014
294.486
294.96
295.47
295.98
296.49
297.0
297.51
298.02
298.53
299.04
299.55
300.06
300.57
301.08
301.59
302.1
302.61
303.12
303.63
304.139
304.533
304.927
305.321
305.715
306.109
306.503
306.897
307.291
307.685
308.079
308.473
308.867
309.261
309.655
310.049
310.449
310.84
311.231
311.622
312.013
312.404
312.795
313.186
313.577
313.968
314.359
314.75
315.141
315.532
315.923
316.314
316.705
317.09
317.266
317.442
317.618
317.794
317.97
318.146
318.322
318.498
318.674
318.85
319.026
319.202
319.378
319.554
319.73
319.906
320.082
320.258
320.43
320.706
320.982
321.258
321.534
321.81
322.086
322.362
322.638
322.914
323.19
323.466
323.742
324.018
324.294
324.57
324.84
325.21
325.58
325.95
326.32
326.69
327.06
327.43
327.8
328.171
328.541
328.911
329.281
329.651
330.022
330.392
330.762
331.132
331.509
332.484
333.459
334.434
335.409
336.384
337.359
338.334
339.309
340.284
341.259
342.234
343.209
344.184
345.159
346.134
347.109
348.08
348.28
348.48
348.68
348.88
349.08
349.33
349.58
349.83
350.08
350.33
350.58
350.83
351.08
351.33
351.58
351.83
352.08
352.33
352.58
352.83
353.08
353.568
354.056
354.544
355.032
355.52
356.008
356.496
356.984
357.472
357.96
358.448
358.936
359.424
359.912
360.4
360.888
361.376
361.864
362.35
362.814
363.278
363.742
364.206
364.67
365.134
365.598
366.062
366.526
366.99
367.454
367.918
368.382
368.846
369.31
369.77
370.018
370.266
370.514
370.762
371.01
371.259
371.656
372.053
372.45
372.847
373.244
373.641
374.038
374.435
374.832
375.229
375.626
376.023
376.42
376.817
377.214
377.611
378.008
378.405
378.8
379.129
379.458
379.787
380.116
380.445
380.774
381.103
381.432
381.761
382.09
382.419
382.748
383.077
383.406
383.735
384.064
384.393
384.722
385.051
385.389
385.695
386.001
386.307
386.613
386.919
387.225
387.531
387.837
388.143
388.449
388.755
389.061
389.367
389.673
389.979
390.285
390.591
390.897
391.21
391.481
391.752
392.023
392.294
392.565
392.836
393.107
393.378
393.649
393.92
394.191
394.462
394.733
395.004
395.275
395.546
395.817
396.088
396.36
396.746
397.132
397.518
397.904
398.29
398.676
399.062
399.448
399.834
400.22
400.606
400.992
401.378
401.764
402.15
402.536
402.922
403.3
403.946
404.592
405.238
405.884
406.53
407.176
407.822
408.468
409.114
409.76
410.406
411.052
411.698
412.344
412.99
413.636
414.282
414.928
415.574
416.219
416.638
417.057
417.476
417.895
418.314
418.733
419.152
419.571
419.99
420.409
420.828
421.247
421.666
422.085
422.504
422.923
423.341
423.647
423.953
424.259
424.565
424.871
425.177
425.483
425.789
426.095
426.401
426.707
427.013
427.319
427.625
427.931
428.237
428.543
428.849
429.155
429.46
429.624
429.788
429.952
430.116
430.28
430.444
430.608
430.772
430.936
431.1
431.264
431.428
431.592
431.756
431.92
432.084
432.248
432.412
432.58
433.094
433.608
434.122
434.636
435.15
435.664
436.178
436.692
437.206
437.72
438.234
438.748
439.262
439.779
440.104
440.429
440.754
441.079
441.404
441.729
442.054
442.379
442.704
443.029
443.354
443.679
444.004
444.329
444.654
444.979
445.304
445.629
445.949
446.222
446.495
446.768
447.041
447.314
447.587
447.86
448.133
448.406
448.679
448.952
449.225
449.498
449.771
450.044
450.317
450.59
450.863
451.136
451.409
451.68
452.102
452.524
452.946
453.368
453.79
454.212
454.634
455.056
455.478
455.9
456.322
456.744
457.166
457.588
458.01
458.432
458.854
459.276
459.699
460.085
460.471
460.857
461.243
461.629
462.015
462.401
462.787
463.173
463.559
463.945
464.331
464.717
465.103
465.489
465.875
466.261
466.639
467.132
467.625
468.118
468.611
469.104
469.597
470.09
470.583
471.076
471.569
472.062
472.555
473.048
473.539
473.943
474.347
474.751
475.155
475.559
475.963
476.367
476.771
477.175
477.579
477.983
478.387
478.791
479.195
479.599
480.003
480.407
480.811
481.21
481.645
482.08
482.515
482.95
483.385
483.82
484.255
484.69
485.125
485.56
485.995
486.43
486.865
487.3
487.735
488.17
488.605
489.04
489.475
489.91
490.345
490.78
491.181
491.582
491.983
492.384
492.785
493.186
493.587
493.988
494.389
494.79
495.191
495.592
495.993
496.394
496.795
497.196
497.597
498.0
498.588
499.176
499.764
500.352
500.94
501.528
502.116
502.704
503.292
503.88
504.468
505.056
505.644
506.232
506.82
507.408
507.996
508.584
509.172
509.76
510.34
510.669
510.998
511.327
511.656
511.985
512.314
512.643
512.972
513.301
513.63
513.959
514.288
514.617
514.946
515.275
515.604
515.933
516.262
516.591
516.92
517.24
517.507
517.774
518.041
518.308
518.575
518.842
519.109
519.376
519.643
519.91
520.177
520.444
520.711
520.978
521.245
521.512
521.779
522.046
522.32
522.916
523.512
524.108
524.704
525.3
525.896
526.492
527.088
527.684
528.28
528.876
529.472
530.068
530.664
531.26
531.856
532.45
532.846
533.242
533.638
534.034
534.43
534.826
535.222
535.618
536.014
536.41
536.806
537.202
537.598
537.994
538.39
538.786
539.182
539.578
539.97
540.401
540.832
541.263
541.694
542.125
542.556
542.987
543.418
543.849
544.28
544.711
545.142
545.573
546.004
546.44
546.772
547.104
547.436
547.768
548.1
548.432
548.764
549.096
549.428
549.76
550.092
550.424
550.756
551.088
551.42
551.752
552.089
552.525
552.961
553.397
553.833
554.269
554.705
555.141
555.577
556.013
556.449
556.885
557.321
557.757
558.193
558.629
559.07
559.677
560.284
560.891
561.498
562.105
562.712
563.319
563.926
564.533
565.14
565.747
566.354
566.961
567.568
568.175
568.782
569.389
569.99
570.21
570.43
570.649
570.869
571.089
571.309
571.529
571.749
571.969
572.189
572.409
572.629
572.849
573.069
573.288
573.508
573.728
573.947
574.167
574.38
574.617
574.854
575.091
575.328
575.565
575.802
576.039
576.276
576.513
576.75
576.987
577.224
577.461
577.698
577.935
578.172
578.409
578.65
579.005
579.36
579.715
580.07
580.425
580.78
581.135
581.49
581.845
582.2
582.555
582.91
583.265
583.62
583.975
584.33
584.685
585.04
585.395
585.75
586.1
586.532
586.964
587.396
587.828
588.26
588.692
589.124
589.556
589.988
590.42
590.852
591.284
591.716
592.148
592.58
593.012
593.444
593.876
594.308
594.74
595.17
595.812
596.454
597.096
597.738
598.38
599.022
599.664
600.306
600.948
601.59
602.232
602.874
603.516
604.158
604.8
605.442
606.089
606.305
606.521
606.737
606.953
607.169
607.385
607.601
607.817
608.033
608.249
608.465
608.681
608.897
609.113
609.329
609.545
609.769
609.955
610.141
610.327
610.513
610.699
610.885
611.071
611.257
611.443
611.629
611.815
612.001
612.187
612.373
612.559
612.745
612.931
613.11
613.259
613.408
613.557
613.706
613.855
614.004
614.153
614.302
614.451
614.6
614.749
614.898
615.047
615.196
615.345
615.494
615.643
615.792
615.94
616.44
616.94
617.267
617.594
617.921
618.248
618.575
618.902
619.229
619.556
619.883
620.21
620.537
620.864
621.191
621.518
621.845
622.172
622.499
622.826
623.153
623.48
623.763
624.046
624.329
624.612
624.895
625.178
625.461
625.744
626.027
626.31
626.593
626.876
627.159
627.442
627.725
628.008
628.291
628.574
628.857
629.14
629.42
629.902
630.384
630.866
631.348
631.83
632.312
632.794
633.276
633.758
634.24
634.722
635.204
635.686
636.168
636.65
637.132
637.614
638.096
638.578
639.06
639.542
640.019
640.342
640.665
640.988
641.311
641.634
641.957
642.28
642.603
642.926
643.249
643.572
643.895
644.218
644.541
644.864
645.187
645.51
645.833
646.156
646.479
646.802
647.125
647.44
647.697
647.954
648.211
648.468
648.725
648.982
649.239
649.496
649.753
650.01
650.267
650.524
650.781
651.038
651.295
651.552
651.809
652.066
652.323
652.58
652.839
653.263
653.687
654.111
654.535
654.959
655.383
655.807
656.231
656.655
657.079
657.503
657.927
658.351
658.775
659.199
659.623
660.047
660.471
660.895
661.319
661.743
662.167
662.589
662.99
663.391
663.792
664.193
664.594
664.995
665.396
665.797
666.198
666.599
667.0
667.401
667.802
668.203
668.604
669.005
669.406
669.8
670.019
670.238
670.457
670.676
670.895
671.114
671.333
671.552
671.771
671.99
672.209
672.428
672.647
672.866
673.085
673.304
673.523
673.742
673.961
674.18
676.303
678.426
680.55
680.83
681.11
681.39
681.67
681.95
682.23
682.51
682.79
683.07
683.35
683.63
683.91
684.19
684.47
684.75
685.03
685.31
685.59
685.87
686.149
686.561
686.973
687.385
687.797
688.209
688.621
689.033
689.445
689.857
690.269
690.681
691.093
691.505
691.917
692.329
692.741
693.153
693.56
693.756
693.952
694.148
694.344
694.54
694.736
694.932
695.128
695.324
695.52
695.716
695.912
696.108
696.304
696.5
696.696
696.892
697.088
697.279
697.573
697.867
698.161
698.455
698.749
699.043
699.337
699.631
699.925
700.219
700.513
700.807
701.101
701.395
701.689
701.983
702.277
702.571
702.865
703.16
703.382
703.604
703.826
704.048
704.27
704.492
704.714
704.936
705.158
705.38
705.602
705.824
706.046
706.268
706.49
706.712
706.934
707.16
707.667
708.174
708.681
709.188
709.695
710.202
710.709
711.216
711.723
712.23
712.737
713.244
713.751
714.258
714.769
715.071
715.373
715.675
715.977
716.279
716.581
716.883
717.185
717.487
717.789
718.091
718.393
718.695
718.997
719.299
719.601
719.903
720.209
720.62
721.031
721.442
721.853
722.264
722.675
723.086
723.497
723.908
724.319
724.73
725.141
725.552
725.963
726.374
726.785
727.196
727.607
728.018
728.429
728.85
729.191
729.532
729.873
730.214
730.555
730.896
731.237
731.578
731.919
732.26
732.601
732.942
733.283
733.624
733.965
734.306
734.647
734.988
735.329
735.67
736.172
736.674
737.176
737.678
738.18
738.682
739.184
739.686
740.188
740.69
741.192
741.694
742.196
742.698
743.2
743.702
744.204
744.709
745.141
745.573
746.005
746.437
746.869
747.301
747.733
748.165
748.597
749.029
749.461
749.893
750.325
750.757
751.189
751.621
752.053
752.49
752.781
753.072
753.363
753.654
753.945
754.236
754.527
754.818
755.109
755.4
755.691
755.982
756.273
756.564
756.855
757.146
757.437
757.73
757.953
758.176
758.399
758.622
758.845
759.068
759.291
759.514
759.737
759.96
760.183
760.406
760.629
760.852
761.075
761.298
761.519
761.871
762.223
762.575
762.927
763.279
763.631
763.983
764.335
764.687
765.039
765.391
765.743
766.095
766.447
766.799
767.151
767.503
767.855
768.207
768.559
768.92
769.449
769.978
770.507
771.036
771.565
772.094
772.623
773.152
773.681
774.21
774.739
775.268
775.797
776.326
776.855
777.384
777.913
778.449
780.483
782.517
784.551
786.585
788.619
790.653
792.687
794.721
796.755
798.789
800.823
802.857
804.891
806.92
807.4
807.88
808.36
808.84
809.32
809.8
810.28
810.76
811.24
811.72
812.2
812.68
813.16
813.64
814.12
814.6
815.08
815.56
816.04
816.519
817.034
817.549
818.064
818.579
819.094
819.609
820.124
820.639
821.154
821.669
822.184
822.699
823.214
823.729
824.244
824.759
825.274
825.789
826.304
826.81
827.618
828.426
829.234
830.042
830.85
831.658
832.466
833.274
834.082
834.89
835.698
836.506
837.314
838.122
838.93
839.738
840.546
841.354
842.16
842.572
842.984
843.396
843.808
844.22
844.632
845.044
845.456
845.868
846.28
846.692
847.104
847.516
847.928
848.34
848.752
849.164
849.576
849.988
850.4
850.819
852.105
853.391
854.677
855.963
857.249
858.535
859.821
861.11
861.669
862.228
862.787
863.346
863.905
864.464
865.023
865.582
866.141
866.7
867.259
867.818
868.377
868.936
869.495
870.054
870.613
871.17
871.654
872.138
872.622
873.106
873.59
874.074
874.558
875.042
875.526
876.01
876.494
876.978
877.462
877.946
878.43
878.914
879.398
879.882
880.37
880.665
880.96
881.255
881.55
881.845
882.14
882.435
882.73
883.025
883.32
883.615
883.91
884.205
884.5
884.795
885.09
885.385
885.68
885.97
886.303
886.636
886.969
887.302
887.635
887.968
888.301
888.634
888.967
889.3
889.633
889.966
890.299
890.632
890.965
891.298
891.629
891.837
892.045
892.253
892.461
892.669
892.877
893.085
893.293
893.501
893.709
893.917
894.125
894.333
894.541
894.749
894.957
895.165
895.373
895.581
896.25
896.919
897.588
898.257
898.926
899.595
900.264
900.933
901.602
902.271
902.94
903.609
904.278
904.947
905.616
906.285
906.954
907.623
908.292
908.961
909.154
909.347
909.54
909.733
909.926
910.119
910.312
910.505
910.698
910.891
911.084
911.277
911.47
911.663
911.856
912.049
912.242
912.435
912.628
912.821
913.014
913.199
913.51
913.821
914.132
914.443
914.754
915.065
915.376
915.687
915.998
916.309
916.62
916.931
917.242
917.553
917.864
918.175
918.486
918.797
919.108
919.419
919.73
920.05
920.287
920.524
920.761
920.998
921.235
921.472
921.709
921.946
922.183
922.42
922.657
922.894
923.131
923.368
923.605
923.842
924.079
924.316
924.553
924.79
925.019
925.211
925.403
925.595
925.787
925.979
926.171
926.363
926.555
926.747
926.939
927.131
927.323
927.515
927.709
928.093
928.477
928.861
929.245
929.629
930.013
930.397
930.781
931.165
931.549
931.933
932.317
932.701
933.085
933.469
933.853
934.237
934.621
935.129
935.637
936.145
936.653
937.161
937.669
938.177
938.685
939.193
939.701
940.209
940.717
941.225
941.733
942.241
942.749
943.257
943.765
944.273
944.781
945.289
945.79
946.254
946.718
947.182
947.646
948.11
948.574
949.038
949.502
949.966
950.43
950.894
951.358
951.822
952.286
952.75
953.214
953.678
954.149
954.527
954.905
955.283
955.661
956.039
956.417
956.795
957.173
957.551
957.929
958.307
958.685
959.063
959.441
959.819
960.197
960.575
960.953
961.331
961.709
962.283
962.857
963.431
964.005
964.579
965.153
965.727
966.301
966.875
967.449
968.023
968.597
969.171
969.745
970.319
970.893
971.467
972.041
972.62
973.128
973.636
974.144
974.652
975.16
975.668
976.176
976.684
977.192
977.7
978.208
978.716
979.224
979.732
980.24
980.748
981.256
981.764
982.27
982.699
983.128
983.557
983.986
984.415
984.844
985.273
985.702
986.131
986.56
986.989
987.418
987.847
988.276
988.705
989.134
989.563
989.992
990.42
991.117
991.814
992.511
993.208
993.905
994.602
995.299
995.996
996.693
997.39
998.087
998.784
999.481
1000.178
1000.875
1001.572
1002.269
1002.966
1003.663
1004.37
1004.862
1005.354
1005.846
1006.338
1006.83
1007.322
1007.814
1008.306
1008.798
1009.29
1009.782
1010.274
1010.766
1011.258
1011.75
1012.242
1012.734
1013.23
1013.559
1013.888
1014.217
1014.546
1014.875
1015.204
1015.533
1015.862
1016.191
1016.52
1016.849
1017.178
1017.507
1017.836
1018.165
1018.494
1018.823
1019.16
1019.493
1019.826
1020.159
1020.492
1020.825
1021.158
1021.491
1021.824
1022.157
1022.49
1022.823
1023.156
1023.489
1023.822
1024.155
1024.488
1024.821
1025.154
1025.48
1025.807
1026.134
1026.461
1026.788
1027.115
1027.442
1027.769
1028.096
1028.423
1028.75
1029.077
1029.404
1029.731
1030.059
1030.307
1030.555
1030.803
1031.051
1031.299
1031.547
1031.795
1032.043
1032.291
1032.539
1032.787
1033.035
1033.283
1033.531
1033.779
1034.027
1034.275
1034.523
1034.78
1035.165
1035.55
1035.935
1036.32
1036.705
1037.09
1037.475
1037.86
1038.245
1038.63
1039.015
1039.4
1039.785
1040.17
1040.555
1040.94
1041.325
1041.71
1042.095
1042.48
1042.87
1043.39
1043.91
1044.43
1044.95
1045.47
1045.99
1046.51
1047.03
1047.55
1048.07
1048.59
1049.11
1049.63
1050.15
1050.67
1051.19
1051.71
1052.23
1052.75
1053.27
1053.79
1054.31
1054.84
1055.169
1055.498
1055.827
1056.156
1056.485
1056.814
1057.143
1057.472
1057.801
1058.13
1058.459
1058.788
1059.117
1059.446
1059.775
1060.104
1060.433
1060.762
1061.091
1061.42
1061.741
1062.287
1062.833
1063.379
1063.925
1064.471
1065.017
1065.563
1066.109
1066.655
1067.201
1067.747
1068.293
1068.839
1069.385
1069.931
1070.477
1071.023
1071.569
1072.115
1072.661
1073.2
1073.353
1073.506
1073.659
1073.812
1073.965
1074.118
1074.271
1074.424
1074.577
1074.73
1074.883
1075.036
1075.189
1075.342
1075.495
1075.648
1075.801
1075.954
1076.107
1076.26
1076.41
1076.73
1077.05
1077.37
1077.689
1078.009
1078.329
1078.649
1078.968
1079.288
1079.608
1079.928
1080.248
1080.568
1080.888
1081.207
1081.527
1081.847
1082.167
1082.486
1082.8
1083.116
1083.432
1083.748
1084.064
1084.38
1084.696
1085.012
1085.328
1085.644
1085.96
1086.276
1086.592
1086.908
1087.224
1087.54
1087.856
1088.172
1088.488
1088.804
1089.12
1089.43
1090.201
1090.972
1091.743
1092.514
1093.285
1094.056
1094.827
1095.598
1096.369
1097.14
1097.911
1098.682
1099.453
1100.224
1100.995
1101.766
1102.537
1103.3
1103.629
1103.958
1104.287
1104.616
1104.945
1105.274
1105.603
1105.932
1106.261
1106.59
1106.919
1107.25
1107.53
1107.81
1108.09
1108.37
1108.65
1108.93
1109.21
1109.49
1109.77
1110.05
1110.33
1110.61
1110.89
1111.17
1111.45
1111.73
1112.01
1112.29
1112.57
1112.85
1113.13
1113.499
1113.868
1114.237
1114.606
1114.975
1115.344
1115.713
1116.082
1116.451
1116.82
1117.189
1117.558
1117.927
1118.296
1118.665
1119.034
1119.403
1119.772
1120.141
1120.51
1120.879
1121.25
1121.666
1122.082
1122.498
1122.914
1123.33
1123.746
1124.162
1124.578
1124.994
1125.41
1125.826
1126.242
1126.658
1127.074
1127.49
1127.906
1128.33
1128.728
1129.126
1129.524
1129.922
1130.32
1130.718
1131.116
1131.514
1131.912
1132.31
1132.708
1133.106
1133.504
1133.902
1134.3
1134.698
1135.096
1135.494
1135.892
1136.29
1136.69
1137.026
1137.362
1137.698
1138.034
1138.37
1138.706
1139.042
1139.378
1139.714
1140.05
1140.386
1140.722
1141.058
1141.394
1141.73
1142.066
1142.402
1142.738
1143.074
1143.41
1143.717
1144.024
1144.331
1144.638
1144.945
1145.252
1145.559
1145.866
1146.173
1146.48
1146.787
1147.094
1147.401
1147.708
1148.015
1148.322
1148.629
1148.936
1149.25
1149.728
1150.206
1150.684
1151.162
1151.64
1152.118
1152.596
1153.074
1153.552
1154.03
1154.508
1154.986
1155.46
1155.909
1156.358
1156.807
1157.256
1157.705
1158.154
1158.603
1159.052
1159.501
1159.95
1160.399
1160.848
1161.297
1161.746
1162.195
1162.644
1163.09
1163.336
1163.582
1163.828
1164.074
1164.32
1164.566
1164.812
1165.058
1165.304
1165.55
1165.796
1166.042
1166.288
1166.534
1166.78
1167.026
1167.272
1167.518
1167.77
1168.054
1168.338
1168.622
1168.906
1169.19
1169.474
1169.758
1170.042
1170.326
1170.61
1170.894
1171.178
1171.462
1171.746
1172.03
1172.314
1172.598
1172.882
1173.166
1173.45
1173.73
1173.982
1174.234
1174.486
1174.738
1174.99
1175.242
1175.494
1175.746
1175.998
1176.25
1176.502
1176.754
1177.006
1177.258
1177.51
1177.762
1178.014
1178.266
1178.518
1178.77
1179.03
1179.231
1179.432
1179.633
1179.834
1180.035
1180.236
1180.437
1180.638
1180.839
1181.04
1181.241
1181.442
1181.643
1181.844
1182.045
1182.246
1182.447
1182.648
1182.84
1183.214
1183.588
1183.962
1184.336
1184.71
1185.084
1185.458
1185.832
1186.206
1186.58
1186.954
1187.328
1187.702
1188.07
1188.456
1188.842
1189.228
1189.614
1190.0
1190.386
1190.772
1191.158
1191.544
1191.93
1192.316
1192.702
1193.088
1193.474
1193.86
1194.246
1194.632
1195.018
1195.41
1195.748
1196.086
1196.424
1196.762
1197.1
1197.438
1197.776
1198.114
1198.452
1198.79
1199.128
1199.466
1199.803
1200.141
1200.479
1200.817
1201.155
1201.493
1201.831
1202.16
1202.702
1203.244
1203.786
1204.328
1204.87
1205.412
1205.954
1206.496
1207.038
1207.58
1208.122
1208.664
1209.206
1209.748
1210.29
1210.83
1211.375
1211.92
1212.465
1213.01
1213.555
1214.1
1214.645
1215.19
1215.735
1216.28
1216.825
1217.37
1217.915
1218.46
1219.005
1219.55
1220.09
1220.845
1221.6
1222.355
1223.11
1223.865
1224.62
1224.991
1225.362
1225.733
1226.104
1226.475
1226.846
1227.217
1227.588
1227.959
1228.33
1228.701
1229.072
1229.443
1229.814
1230.185
1230.556
1230.927
1231.298
1231.669
1232.04
1232.411
1232.79
1233.615
1234.44
1235.265
1236.09
1236.915
1237.74
1238.565
1239.39
1240.215
1241.04
1241.865
1242.69
1243.515
1244.34
1245.165
1245.99
1246.815
1247.64
1248.465
1249.29
1250.115
1250.93
1251.268
1251.606
1251.944
1252.282
1252.62
1252.958
1253.296
1253.634
1253.972
1254.31
1254.648
1254.986
1255.324
1255.662
1256.0
1256.338
1256.676
1257.014
1257.36
1257.67
1257.98
1258.29
1258.6
1258.91
1259.22
1259.53
1259.84
1260.15
1260.46
1260.77
1261.08
1261.39
1261.7
1262.01
1262.32
1262.63
1262.94
1263.25
1263.762
1264.274
1264.785
1265.297
1265.809
1266.321
1266.832
1267.344
1267.856
1268.368
1268.88
1269.392
1269.904
1270.416
1270.928
1271.44
1271.952
1272.464
1272.976
1273.48
1273.958
1274.436
1274.914
1275.392
1275.87
1276.348
1276.826
1277.304
1277.782
1278.26
1278.738
1279.216
1279.694
1280.172
1280.65
1281.128
1281.606
1282.084
1282.562
1283.04
1283.51
1284.021
1284.532
1285.043
1285.554
1286.065
1286.576
1287.087
1287.598
1288.109
1288.62
1289.131
1289.642
1290.153
1290.664
1291.175
1291.686
1292.2
1292.635
1293.07
1293.505
1293.94
1294.375
1294.81
1295.245
1295.68
1296.115
1296.55
1296.985
1297.42
1297.855
1298.29
1298.725
1299.16
1299.595
1300.03
1300.465
1300.9
1301.335
1301.77
1302.205
1302.64
1303.205
1303.77
1304.335
1304.9
1305.465
1306.03
1306.595
1307.16
1307.725
1308.29
1308.855
1309.42
1309.985
1310.55
1311.115
1311.68
1312.245
1312.81
1313.375
1313.94
1314.577
1315.214
1315.851
1316.488
1317.125
1317.762
1318.399
1319.036
1319.673
1320.31
1320.947
1321.584
1322.221
1322.858
1323.495
1324.132
1324.769
1325.406
1326.04
1326.467
1326.894
1327.321
1327.748
1328.175
1328.602
1329.029
1329.456
1329.88
1330.123
1330.366
1330.609
1330.852
1331.095
1331.338
1331.581
1331.824
1332.067
1332.31
1332.553
1332.796
1333.039
1333.282
1333.525
1333.768
1334.011
1334.254
1334.497
1334.74
1335.027
1335.314
1335.601
1335.888
1336.175
1336.462
1336.749
1337.036
1337.323
1337.61
1337.897
1338.184
1338.471
1338.758
1339.045
1339.332
1339.619
1339.906
1340.193
1340.471
1340.873
1341.275
1341.677
1342.079
1342.481
1342.883
1343.285
1343.687
1344.089
1344.491
1344.893
1345.295
1345.697
1346.099
1346.5
1346.762
1347.024
1347.286
1347.548
1347.81
1348.072
1348.334
1348.596
1348.858
1349.12
1349.382
1349.644
1349.906
1350.168
1350.43
1350.692
1350.954
1351.211
1351.475
1351.739
1352.003
1352.267
1352.531
1352.795
1353.059
1353.323
1353.587
1353.851
1354.115
1354.379
1354.643
1354.907
1355.171
1355.44
1355.754
1356.068
1356.382
1356.696
1357.01
1357.324
1357.638
1357.952
1358.266
1358.58
1358.894
1359.208
1359.522
1359.836
1360.15
1360.464
1360.778
1361.092
1361.41
1361.822
1362.234
1362.646
1363.058
1363.47
1363.882
1364.294
1364.706
1365.118
1365.53
1365.942
1366.354
1366.766
1367.178
1367.59
1368.002
1368.414
1368.826
1369.24
1369.664
1370.088
1370.512
1370.936
1371.36
1371.784
1372.208
1372.632
1373.056
1373.48
1373.904
1374.328
1374.752
1375.176
1375.6
1376.024
1376.448
1376.87
1377.297
1377.724
1378.151
1378.578
1379.005
1379.432
1379.859
1380.286
1380.713
1381.14
1381.567
1381.994
1382.421
1382.848
1383.275
1383.702
1384.13
1384.721
1385.312
1385.902
1386.493
1387.083
1387.674
1388.264
1388.854
1389.445
1390.035
1390.626
1391.216
1391.806
1392.397
1392.987
1393.578
1394.168
1394.758
1395.349
1395.94
1396.216
1396.492
1396.768
1397.044
1397.32
1397.596
1397.872
1398.148
1398.424
1398.7
1398.976
1399.252
1399.528
1399.8
1400.062
1400.324
1400.586
1400.848
1401.11
1401.372
1401.634
1401.896
1402.158
1402.42
1402.682
1402.944
1403.206
1403.468
1403.73
1403.992
1404.254
1404.51
1404.868
1405.226
1405.584
1405.942
1406.3
1406.658
1407.016
1407.374
1407.732
1408.09
1408.448
1408.806
1409.164
1409.522
1409.88
1410.238
1410.596
1410.954
1411.31
1411.618
1411.926
1412.234
1412.542
1412.85
1413.158
1413.466
1413.774
1414.082
1414.39
1414.698
1415.006
1415.314
1415.622
1415.93
1416.238
1416.546
1416.854
1417.162
1417.47
1417.778
1418.09
1418.497
1418.904
1419.311
1419.718
1420.125
1420.532
1420.939
1421.346
1421.753
1422.16
1422.567
1422.974
1423.381
1423.788
1424.195
1424.602
1425.01
1425.276
1425.542
1425.808
1426.074
1426.34
1426.606
1426.872
1427.138
1427.404
1427.67
1427.936
1428.202
1428.468
1428.734
1429.0
1429.266
1429.532
1429.798
1430.07
1430.73
1431.39
1432.05
1432.71
1433.37
1434.03
1434.69
1435.35
1436.01
1436.67
1437.33
1437.99
1438.65
1439.31
1439.97
1440.63
1441.29
1442.083
1442.876
1443.669
1444.462
1445.255
1446.05
1446.347
1446.644
1446.941
1447.238
1447.535
1447.832
1448.129
1448.426
1448.723
1449.02
1449.317
1449.614
1449.911
1450.208
1450.505
1450.802
1451.099
1451.396
1451.7
1451.944
1452.188
1452.432
1452.676
1452.92
1453.164
1453.408
1453.652
1453.896
1454.14
1454.384
1454.628
1454.872
1455.116
1455.36
1455.604
1455.848
1456.092
1456.34
1456.639
1456.938
1457.237
1457.536
1457.835
1458.134
1458.433
1458.732
1459.031
1459.33
1459.629
1459.928
1460.227
1460.526
1460.825
1461.124
1461.423
1461.722
1462.02
1462.365
1462.71
1463.055
1463.4
1463.745
1464.09
1464.435
1464.78
1465.125
1465.47
1465.815
1466.16
1466.505
1466.85
1467.2
1467.549
1467.898
1468.247
1468.596
1468.945
1469.294
1469.643
1469.992
1470.341
1470.69
1471.039
1471.388
1471.737
1472.086
1472.44
1472.881
1473.322
1473.763
1474.204
1474.645
1475.086
1475.527
1475.968
1476.409
1476.85
1477.29
1477.495
1477.699
1477.904
1478.109
1478.313
1478.518
1478.723
1478.928
1479.133
1479.338
1479.543
1479.747
1479.952
1480.157
1480.361
1480.566
1480.771
1480.971
1481.529
1482.087
1482.645
1483.203
1483.761
1484.319
1484.877
1485.435
1485.993
1486.551
1487.109
1487.667
1488.225
1488.783
1489.341
1489.899
1490.457
1491.015
1491.57
1491.875
1492.18
1492.485
1492.79
1493.095
1493.4
1493.705
1494.01
1494.315
1494.62
1494.925
1495.23
1495.535
1495.84
1496.145
1496.45
1496.755
1497.06
1497.36
1497.749
1498.138
1498.527
1498.916
1499.305
1499.694
1500.083
1500.472
1500.861
1501.25
1501.639
1502.028
1502.417
1502.806
1503.195
1503.584
1503.98
1504.122
1504.264
1504.406
1504.548
1504.69
1504.832
1504.974
1505.116
1505.258
1505.4
1505.542
1505.684
1505.826
1505.968
1506.11
1506.252
1506.394
1506.536
1506.678
1506.82
1507.187
1507.554
1507.921
1508.288
1508.655
1509.022
1509.389
1509.756
1510.123
1510.49
1510.857
1511.224
1511.591
1511.958
1512.325
1512.692
1513.059
1513.426
1513.79
1514.312
1514.834
1515.357
1515.88
1516.403
1516.926
1517.448
1517.97
1518.292
1518.613
1518.935
1519.256
1519.578
1519.899
1520.22
1520.542
1520.863
1521.185
1521.506
1521.828
1522.149
1522.47
1522.792
1523.113
1523.435
1523.756
1524.078
1524.4
1524.811
1525.222
1525.633
1526.044
1526.455
1526.866
1527.277
1527.688
1528.099
1528.51
1528.921
1529.332
1529.743
1530.154
1530.565
1530.976
1531.387
1531.798
1532.21
1532.449
1532.688
1532.927
1533.166
1533.405
1533.644
1533.883
1534.122
1534.361
1534.6
1534.839
1535.078
1535.317
1535.556
1535.795
1536.034
1536.273
1536.51
1537.091
1537.672
1538.253
1538.834
1539.415
1539.996
1540.577
1541.158
1541.739
1542.32
1542.901
1543.482
1544.063
1544.644
1545.225
1545.806
1546.387
1546.968
1547.54
1547.971
1548.402
1548.833
1549.264
1549.695
1550.126
1550.557
1550.988
1551.419
1551.85
1552.281
1552.712
1553.143
1553.574
1554.005
1554.436
1554.86
1555.843
1556.826
1557.809
1558.792
1559.775
1560.758
1561.741
1562.724
1563.707
1564.69
1565.673
1566.656
1567.639
1568.622
1569.605
1570.59
1571.39
1572.19
1572.99
1573.79
1574.59
1575.39
1576.19
1576.99
1577.79
1578.59
1579.39
1580.19
1580.99
1581.79
1582.59
1583.39
1584.19
1584.564
1584.938
1585.312
1585.686
1586.06
1586.434
1586.808
1587.182
1587.556
1587.93
1588.304
1588.678
1589.052
1589.426
1589.8
1590.174
1590.54
1590.916
1591.292
1591.668
1592.044
1592.42
1592.796
1593.17
1593.717
1594.264
1594.811
1595.358
1595.905
1596.452
1596.999
1597.546
1598.093
1598.64
1599.187
1599.734
1600.281
1600.828
1601.375
1601.922
1602.469
1603.02
1603.216
1603.412
1603.608
1603.804
1604.0
1604.196
1604.392
1604.588
1604.784
1604.98
1605.176
1605.372
1605.568
1605.764
1605.96
1606.156
1606.36
1606.628
1606.896
1607.164
1607.432
1607.7
1607.968
1608.236
1608.504
1608.772
1609.04
1609.308
1609.576
1609.844
1610.112
1610.38
1610.648
1610.91
1611.135
1611.36
1611.585
1611.81
1612.035
1612.26
1612.485
1612.71
1612.935
1613.16
1613.385
1613.61
1613.835
1614.06
1614.285
1614.51
1614.735
1614.96
1615.185
1615.41
1615.63
1615.947
1616.264
1616.581
1616.898
1617.215
1617.532
1617.849
1618.166
1618.483
1618.8
1619.117
1619.434
1619.751
1620.068
1620.385
1620.702
1621.019
1621.336
1621.66
1621.938
1622.216
1622.494
1622.772
1623.05
1623.328
1623.606
1623.884
1624.162
1624.44
1624.718
1624.996
1625.274
1625.552
1625.83
1626.108
1626.386
1626.664
1626.942
1627.22
1627.5
1627.924
1628.348
1628.772
1629.196
1629.62
1630.044
1630.468
1630.892
1631.316
1631.74
1632.052
1632.364
1632.676
1632.988
1633.3
1633.612
1633.924
1634.236
1634.548
1634.86
1635.172
1635.484
1635.796
1636.108
1636.42
1636.732
1637.044
1637.36
1637.595
1637.83
1638.065
1638.3
1638.535
1638.77
1639.005
1639.24
1639.475
1639.71
1639.945
1640.18
1640.415
1640.65
1640.885
1641.12
1641.355
1641.59
1642.762
1643.934
1645.106
1646.278
1647.45
1648.622
1649.794
1650.966
1652.138
1653.31
1654.482
1655.654
1656.826
1657.998
1659.17
1660.342
1661.514
1662.686
1663.858
1665.03
1666.202
1667.374
1668.54
1669.929
1671.318
1672.707
1674.096
1675.485
1676.874
1678.263
1679.652
1681.041
1682.43
1683.819
1685.208
1686.597
1687.986
1689.38
1689.619
1689.857
1690.095
1690.333
1690.572
1690.81
1691.048
1691.286
1691.524
1691.762
1692.0
1692.238
1692.476
1692.715
1692.953
1693.191
1693.429
1693.668
1693.906
1694.15
1695.6
1697.049
1698.498
1699.947
1701.396
1702.845
1704.294
1705.744
1707.193
1708.642
1710.091
1711.54
1712.989
1714.438
1715.888
1717.337
1718.786
1720.236
1721.686
1723.14
1723.514
1723.888
1724.262
1724.636
1725.01
1725.384
1725.758
1726.132
1726.506
1726.88
1727.254
1727.628
1728.002
1728.376
1728.75
1729.124
1729.498
1729.872
1730.25
1730.497
1730.744
1730.991
1731.238
1731.485
1731.732
1731.979
1732.226
1732.473
1732.72
1732.967
1733.214
1733.461
1733.708
1733.955
1734.202
1734.449
1734.701
1735.185
1735.669
1736.153
1736.637
1737.121
1737.605
1738.089
1738.573
1739.057
1739.541
1740.025
1740.509
1740.993
1741.48
1741.724
1741.968
1742.212
1742.456
1742.7
1742.944
1743.188
1743.432
1743.676
1743.92
1744.164
1744.408
1744.652
1744.896
1745.14
1745.384
1745.628
1745.88
1746.322
1746.764
1747.206
1747.648
1748.09
1748.639
1749.188
1749.737
1750.286
1750.835
1751.384
1751.933
1752.482
1753.031
1753.58
1754.129
1754.678
1755.227
1755.776
1756.325
1756.874
1757.423
1757.972
1758.52
1759.041
1759.562
1760.083
1760.604
1761.125
1761.646
1762.167
1762.688
1763.209
1763.73
1764.251
1764.772
1765.293
1765.814
1766.335
1766.856
1767.377
1767.898
1768.42
1769.034
1769.648
1770.262
1770.876
1771.49
1772.104
1772.718
1773.332
1773.946
1774.56
1775.174
1775.788
1776.402
1777.016
1777.63
1778.244
1778.851
1779.257
1779.663
1780.069
1780.475
1780.881
1781.287
1781.693
1782.099
1782.505
1782.911
1783.317
1783.723
1784.129
1784.535
1784.941
1785.35
1785.81
1786.27
1786.73
1787.19
1787.65
1788.11
1788.57
1789.03
1789.49
1789.95
1790.41
1790.87
1791.33
1791.79
1792.25
1792.71
1793.17
1793.63
1794.09
1794.602
1795.114
1795.626
1796.138
1796.65
1797.162
1797.674
1798.186
1798.698
1799.21
1799.722
1800.234
1800.746
1801.258
1801.77
1802.282
1802.794
1803.306
1803.818
1804.33
1804.85
1805.132
1805.414
1805.696
1805.978
1806.26
1806.542
1806.824
1807.106
1807.388
1807.67
1807.952
1808.234
1808.516
1808.798
1809.08
1809.362
1809.644
1809.926
1810.21
1811.342
1812.474
1813.606
1814.738
1815.87
1817.002
1818.134
1819.266
1820.398
1821.53
1821.747
1821.964
1822.181
1822.398
1822.615
1822.832
1823.049
1823.266
1823.483
1823.7
1823.917
1824.134
1824.351
1824.568
1824.785
1825.002
1825.219
1825.436
1825.65
1826.641
1827.632
1828.623
1829.614
1830.605
1831.596
1832.587
1833.578
1834.569
1835.56
1836.551
1837.542
1838.533
1839.524
1840.515
1841.51
1841.844
1842.178
1842.512
1842.846
1843.18
1843.514
1843.848
1844.182
1844.516
1844.85
1845.184
1845.518
1845.852
1846.186
1846.52
1846.854
1847.188
1847.522
1847.856
1848.19
1848.52
1848.865
1849.21
1849.555
1849.9
1850.245
1850.59
1850.935
1851.28
1851.625
1851.97
1852.315
1852.66
1853.005
1853.35
1853.695
1854.04
1854.38
1854.741
1855.102
1855.463
1855.824
1856.185
1856.546
1856.907
1857.268
1857.629
1857.99
1858.351
1858.712
1859.073
1859.434
1859.795
1860.156
1860.517
1860.88
1861.243
1861.606
1861.969
1862.332
1862.695
1863.058
1863.421
1863.784
1864.147
1864.51
1864.873
1865.236
1865.599
1865.962
1866.325
1866.688
1867.051
1867.414
1867.777
1868.14
1868.965
1869.79
1870.615
1871.44
1872.265
1873.09
1873.915
1874.74
1875.565
1876.39
1877.215
1878.04
1878.865
1879.69
1880.515
1881.34
1881.852
1882.365
1882.878
1883.39
1883.903
1884.416
1884.928
1885.441
1885.954
1886.466
1886.978
1887.491
1888.004
1888.516
1889.029
1889.542
1890.054
1890.567
1891.08
1891.59
1891.909
1892.228
1892.547
1892.866
1893.185
1893.504
1893.822
1894.14
1894.459
1894.778
1895.097
1895.416
1895.735
1896.053
1896.372
1896.691
1897.01
1897.329
1897.648
1897.96
1899.159
1900.358
1901.557
1902.756
1903.955
1905.154
1906.353
1907.552
1908.751
1909.95
1910.204
1910.458
1910.712
1910.966
1911.22
1911.474
1911.728
1911.982
1912.236
1912.49
1912.744
1912.998
1913.252
1913.506
1913.76
1914.014
1914.268
1914.522
1914.78
1915.051
1915.322
1915.593
1915.864
1916.135
1916.406
1916.677
1916.948
1917.219
1917.49
1917.761
1918.032
1918.303
1918.574
1918.845
1919.11
1919.376
1919.642
1919.908
1920.174
1920.44
1920.706
1920.972
1921.238
1921.504
1921.77
1922.036
1922.302
1922.568
1922.834
1923.1
1923.366
1923.64
1923.912
1924.184
1924.456
1924.728
1925.0
1925.272
1925.544
1925.816
1926.088
1926.36
1926.632
1926.904
1927.176
1927.448
1927.72
1927.992
1928.27
1928.719
1929.168
1929.617
1930.066
1930.515
1930.964
1931.413
1931.862
1932.311
1932.76
1933.209
1933.658
1934.107
1934.556
1935.01
1935.418
1935.826
1936.234
1936.642
1937.05
1937.458
1937.866
1938.274
1938.682
1939.09
1939.498
1939.906
1940.314
1940.722
1941.13
1941.538
1941.946
1942.354
1942.762
1943.17
1943.57
1944.166
1944.762
1945.358
1945.954
1946.55
1947.146
1947.742
1948.338
1948.934
1949.53
1950.126
1950.722
1951.318
1951.914
1952.51
1953.11
1953.923
1954.736
1955.549
1956.362
1957.175
1957.988
1958.801
1959.614
1960.427
1961.24
1962.053
1962.866
1963.679
1964.492
1965.31
1965.819
1966.328
1966.837
1967.346
1967.855
1968.364
1968.873
1969.382
1969.891
1970.4
1970.909
1971.418
1971.927
1972.436
1972.945
1973.454
1973.963
1974.47
1974.79
1975.11
1975.43
1975.75
1976.07
1976.39
1976.71
1977.03
1977.35
1977.67
1977.99
1978.31
1978.63
1978.95
1979.27
1979.59
1979.91
1980.23
1980.55
1980.87
1981.19
1981.51
1981.842
1982.174
1982.506
1982.838
1983.17
1983.502
1983.834
1984.166
1984.498
1984.83
1985.162
1985.494
1985.826
1986.158
1986.49
1986.822
1987.154
1987.486
1987.818
1988.15
1988.547
1988.944
1989.341
1989.738
1990.135
1990.532
1990.929
1991.326
1991.723
1992.12
1992.517
1992.914
1993.311
1993.708
1994.105
1994.502
1994.899
1995.3
1995.722
1996.144
1996.566
1996.988
1997.41
1997.832
1998.254
1998.676
1999.098
1999.52
1999.942
2000.364
2000.786
2001.208
2001.63
2002.052
2002.474
2002.896
2003.318
2003.74
2004.162
2004.58
2005.108
2005.636
2006.164
2006.692
2007.22
2007.748
2008.276
2008.804
2009.332
2009.86
2010.388
2010.916
2011.444
2011.972
2012.5
2013.028
2013.55
2013.899
2014.248
2014.597
2014.946
2015.295
2015.644
2015.993
2016.342
2016.691
2017.04
2017.389
2017.738
2018.087
2018.436
2018.785
2019.134
2019.483
2019.84
2020.343
2020.846
2021.349
2021.852
2022.355
2022.858
2023.361
2023.864
2024.367
2024.87
2025.088
2025.306
2025.524
2025.742
2025.96
2026.178
2026.397
2026.615
2026.833
2027.052
2027.27
2027.488
2027.707
2027.926
2028.144
2028.362
2028.581
2028.799
2029.017
2029.24
2030.476
2031.712
2032.948
2034.184
2035.42
2036.656
2037.892
2039.128
2040.364
2041.6
2042.836
2044.072
2045.308
2046.544
2047.78
2049.016
2050.252
2051.488
2052.72
2053.207
2053.694
2054.181
2054.668
2055.155
2055.642
2056.129
2056.616
2057.103
2057.59
2058.077
2058.564
2059.051
2059.538
2060.025
2060.512
2060.999
2061.49
2062.49
2063.01
2063.53
2064.05
2064.57
2065.09
2065.61
2066.13
2066.65
2067.17
2067.69
2068.21
2068.73
2069.25
2069.77
2070.29
2070.81
2071.704
2072.598
2073.492
2074.386
2075.28
2076.174
2077.068
2077.962
2078.856
2079.75
2080.644
2081.538
2082.432
2083.326
2084.22
2085.114
2086.0
2086.373
2086.746
2087.119
2087.492
2087.865
2088.238
2088.611
2088.984
2089.357
2089.73
2090.103
2090.476
2090.849
2091.222
2091.595
2091.968
2092.349
2092.912
2093.475
2094.038
2094.601
2095.164
2095.727
2096.29
2096.853
2097.416
2097.979
2098.542
2099.105
2099.668
2100.231
2100.794
2101.357
2101.92
2102.483
2103.04
2103.282
2103.524
2103.765
2104.006
2104.247
2104.488
2104.729
2104.97
2105.211
2105.452
2105.694
2105.936
2106.178
2106.419
2106.66
2106.901
2107.142
2107.383
2107.624
2107.87
2108.335
2108.8
2109.265
2109.73
2110.195
2110.66
2111.125
2111.59
2112.055
2112.52
2112.985
2113.45
2113.915
2114.38
2114.845
2115.31
2115.78
2116.296
2116.811
2117.327
2117.843
2118.358
2118.874
2119.389
2119.905
2120.421
2120.936
2121.452
2121.968
2122.483
2122.999
2123.514
2124.03
2124.546
2125.061
2125.577
2126.09
2126.29
2126.49
2126.69
2126.89
2127.09
2127.29
2127.49
2127.69
2127.89
2128.09
2128.29
2128.49
2128.69
2128.89
2129.09
2129.29
2129.49
2129.69
2129.89
2130.432
2130.974
2131.516
2132.058
2132.6
2133.142
2133.684
2134.226
2134.77
2135.038
2135.306
2135.574
2135.842
2136.11
2136.378
2136.646
2136.914
2137.182
2137.45
2137.718
2137.986
2138.254
2138.522
2138.79
2139.06
2139.719
2140.378
2141.037
2141.696
2142.355
2143.014
2143.673
2144.332
2144.991
2145.65
2146.309
2146.968
2147.627
2148.286
2148.945
2149.604
2150.263
2150.922
2151.59
2152.356
2153.122
2153.888
2154.654
2155.42
2156.186
2156.952
2157.718
2158.48
2158.706
2158.932
2159.158
2159.384
2159.61
2159.836
2160.062
2160.288
2160.514
2160.74
2160.966
2161.192
2161.418
2161.644
2161.87
2162.096
2162.322
2162.54
2162.766
2162.992
2163.218
2163.444
2163.67
2163.896
2164.122
2164.348
2164.574
2164.8
2165.026
2165.252
2165.478
2165.704
2165.93
2166.156
2166.39
2166.762
2167.135
2167.508
2167.88
2168.253
2168.626
2168.999
2169.371
2169.744
2170.117
2170.49
2170.862
2171.235
2171.608
2171.981
2172.354
2172.726
2173.099
2173.472
2173.84
2174.148
2174.456
2174.764
2175.072
2175.38
2175.688
2175.996
2176.304
2176.612
2176.92
2177.228
2177.536
2177.844
2178.152
2178.46
2178.655
2178.85
2179.045
2179.24
2179.435
2179.63
2179.825
2180.02
2180.215
2180.41
2180.605
2180.8
2180.995
2181.19
2181.385
2181.58
2181.775
2181.97
2182.177
2182.384
2182.591
2182.798
2183.005
2183.212
2183.419
2183.626
2183.833
2184.04
2184.247
2184.454
2184.661
2184.868
2185.075
2185.282
2185.49
2185.768
2186.046
2186.324
2186.602
2186.88
2187.158
2187.436
2187.714
2187.992
2188.27
2188.548
2188.826
2189.104
2189.382
2189.66
2189.938
2190.216
2190.494
2190.77
2191.14
2191.51
2191.88
2192.25
2192.62
2192.99
2193.36
2193.73
2194.1
2194.47
2194.84
2195.21
2195.58
2195.95
2196.32
2196.69
2197.06
2197.43
2197.8
2198.17
2198.463
2198.756
2199.049
2199.342
2199.635
2199.928
2200.221
2200.514
2200.807
2201.1
2201.393
2201.686
2201.979
2202.272
2202.565
2202.858
2203.151
2203.444
2203.737
2204.03
2204.32
2204.761
2205.202
2205.643
2206.084
2206.525
2206.966
2207.407
2207.848
2208.289
2208.73
2209.171
2209.612
2210.053
2210.494
2210.935
2211.376
2211.817
2212.258
2212.699
2213.14
2213.58
2213.923
2214.266
2214.609
2214.952
2215.295
2215.638
2215.981
2216.324
2216.667
2217.01
2217.353
2217.696
2218.039
2218.382
2218.725
2219.068
2219.411
2219.75
2219.937
2220.124
2220.311
2220.498
2220.685
2220.872
2221.059
2221.246
2221.433
2221.62
2221.807
2221.994
2222.181
2222.368
2222.555
2222.742
2222.929
2223.12
2223.415
2223.71
2224.005
2224.3
2224.595
2224.89
2225.185
2225.48
2225.775
2226.07
2226.365
2226.66
2226.955
2227.25
2227.545
2227.84
2228.135
2228.43
2228.954
2229.478
2230.002
2230.526
2231.05
2231.574
2232.098
2232.62
2232.845
2233.07
2233.295
2233.52
2233.745
2233.97
2234.195
2234.42
2234.645
2234.87
2235.095
2235.32
2235.545
2235.77
2235.995
2236.22
2236.445
2236.67
2236.9
2237.216
2237.532
2237.848
2238.164
2238.48
2238.796
2239.112
2239.428
2239.744
2240.06
2240.376
2240.692
2241.008
2241.324
2241.64
2241.956
2242.272
2242.59
2243.193
2243.796
2244.399
2245.002
2245.605
2246.208
2246.811
2247.414
2248.017
2248.62
2249.223
2249.826
2250.429
2251.032
2251.635
2252.238
2252.841
2253.444
2254.047
2254.65
2254.868
2255.086
2255.304
2255.522
2255.74
2255.958
2256.176
2256.394
2256.612
2256.83
2257.048
2257.266
2257.484
2257.702
2257.92
2258.138
2258.356
2258.57
2258.769
2258.968
2259.167
2259.366
2259.565
2259.764
2259.963
2260.162
2260.361
2260.56
2260.759
2260.958
2261.157
2261.356
2261.555
2261.754
2261.953
2262.152
2262.351
2262.55
2262.978
2263.406
2263.834
2264.262
2264.69
2265.118
2265.546
2265.974
2266.402
2266.83
2267.258
2267.686
2268.114
2268.542
2268.97
2269.398
2269.826
2270.254
2270.682
2271.11
2271.53
2271.891
2272.252
2272.613
2272.974
2273.335
2273.696
2274.057
2274.418
2274.779
2275.14
2275.501
2275.862
2276.223
2276.584
2276.945
2277.306
2277.667
2278.028
2278.389
2278.75
2279.111
2279.472
2279.83
2280.621
2281.412
2282.203
2282.994
2283.785
2284.576
2285.367
2286.158
2286.949
2287.74
2288.531
2289.322
2290.113
2290.904
2291.695
2292.49
2292.693
2292.896
2293.099
2293.302
2293.505
2293.708
2293.911
2294.114
2294.317
2294.52
2294.723
2294.926
2295.129
2295.332
2295.535
2295.738
2295.941
2296.144
2296.347
2296.55
2296.788
2297.026
2297.264
2297.502
2297.74
2297.98
2298.261
2298.542
2298.823
2299.104
2299.385
2299.666
2299.947
2300.228
2300.509
2300.79
2301.071
2301.352
2301.633
2301.914
2302.195
2302.48
2302.924
2303.368
2303.812
2304.256
2304.7
2305.144
2305.588
2306.032
2306.476
2306.92
2307.364
2307.808
2308.252
2308.696
2309.14
2309.584
2310.028
2310.472
2310.92
2311.218
2311.516
2311.814
2312.112
2312.41
2312.708
2313.006
2313.304
2313.602
2313.9
2314.198
2314.496
2314.794
2315.092
2315.39
2315.688
2315.986
2316.284
2316.58
2316.922
2317.264
2317.606
2317.948
2318.29
2318.632
2318.974
2319.316
2319.658
2320.0
2320.342
2320.684
2321.026
2321.368
2321.71
2322.052
2322.394
2322.73
2323.133
2323.536
2323.939
2324.342
2324.745
2325.148
2325.551
2325.954
2326.357
2326.76
2327.163
2327.566
2327.969
2328.372
2328.775
2329.178
2329.581
2329.984
2330.38
2331.21
2332.04
2332.87
2333.7
2334.53
2335.36
2336.19
2337.02
2337.85
2338.68
2339.51
2340.135
2340.76
2341.385
2342.01
2342.635
2343.26
2343.885
2344.51
2345.135
2345.76
2346.385
2347.01
2347.635
2348.26
2348.885
2349.51
2350.135
2350.76
2351.38
2351.747
2352.114
2352.481
2352.848
2353.215
2353.582
2353.949
2354.316
2354.683
2355.05
2355.417
2355.784
2356.151
2356.518
2356.885
2357.252
2357.619
2357.986
2358.353
2358.72
2359.072
2359.424
2359.776
2360.128
2360.48
2360.832
2361.184
2361.536
2361.888
2362.24
2362.592
2362.944
2363.296
2363.648
2364.0
2364.352
2364.704
2365.05
2365.37
2365.69
2366.01
2366.33
2366.65
2366.97
2367.29
2367.61
2367.93
2368.25
2368.57
2368.89
2369.21
2369.53
2369.85
2370.17
2370.49
2370.81
2371.13
2371.398
2371.666
2371.934
2372.202
2372.47
2372.738
2373.006
2373.274
2373.542
2373.81
2374.078
2374.346
2374.614
2374.882
2375.15
2375.418
2375.69
2376.099
2376.508
2376.917
2377.326
2377.735
2378.144
2378.553
2378.962
2379.371
2379.78
2380.189
2380.598
2381.007
2381.416
2381.825
2382.234
2382.64
2383.575
2384.51
2385.446
2386.381
2387.316
2388.251
2389.187
2390.122
2391.057
2391.992
2392.928
2393.863
2394.798
2395.733
2396.669
2397.604
2398.539
2399.475
2400.41
2401.35
2401.837
2402.324
2402.811
2403.298
2403.785
2404.272
2404.759
2405.246
2405.733
2406.22
2406.707
2407.194
2407.681
2408.168
2408.655
2409.142
2409.63
2410.177
2410.724
2411.271
2411.818
2412.365
2412.912
2413.459
2414.006
2414.553
2415.1
2415.647
2416.194
2416.741
2417.288
2417.835
2418.382
2418.929
2419.476
2420.023
2420.57
2421.117
2421.67
2422.983
2424.296
2425.609
2426.922
2428.235
2429.548
2430.861
2432.174
2433.487
2434.8
2436.113
2437.426
2438.739
2440.052
2441.365
2442.678
2443.991
2445.31
2446.392
2447.474
2448.556
2449.638
2450.72
2451.802
2452.884
2453.966
2455.048
2456.13
2457.212
2458.294
2459.376
2460.458
2461.54
2462.622
2463.704
2464.786
2465.868
2466.95
2468.04
2468.546
2469.052
2469.558
2470.064
2470.57
2471.076
2471.582
2472.088
2472.594
2473.1
2473.323
2473.546
2473.769
2473.992
2474.215
2474.438
2474.661
2474.884
2475.107
2475.33
2475.553
2475.776
2475.999
2476.222
2476.445
2476.668
2476.891
2477.114
2477.33
2477.656
2477.982
2478.308
2478.634
2478.96
2479.286
2479.612
2479.938
2480.264
2480.59
2480.916
2481.242
2481.568
2481.894
2482.22
2482.546
2482.869
2483.221
2483.573
2483.925
2484.277
2484.629
2484.981
2485.333
2485.685
2486.037
2486.389
2486.741
2487.093
2487.445
2487.797
2488.149
2488.501
2488.853
2489.205
2489.557
2489.909
2490.27
2490.522
2490.774
2491.026
2491.278
2491.53
2491.782
2492.034
2492.286
2492.538
2492.79
2493.042
2493.294
2493.546
2493.798
2494.05
2494.302
2494.554
2494.806
2495.05
2495.435
2495.82
2496.205
2496.59
2496.975
2497.36
2497.745
2498.13
2498.515
2498.9
2499.285
2499.67
2500.055
2500.44
2500.825
2501.21
2501.595
2501.98
2502.365
2502.75
2503.135
2503.52
2504.032
2504.544
2505.056
2505.568
2506.08
2506.592
2507.104
2507.616
2508.128
2508.64
2509.152
2509.664
2510.176
2510.688
2511.2
2511.712
2512.224
2512.736
2513.248
2513.76
2513.994
2514.228
2514.462
2514.696
2514.93
2515.164
2515.398
2515.632
2515.866
2516.1
2516.334
2516.568
2516.802
2517.036
2517.27
2517.504
2517.738
2517.972
2518.206
2518.44
2518.68
2518.988
2519.296
2519.604
2519.912
2520.22
2520.528
2520.836
2521.144
2521.452
2521.76
2522.068
2522.376
2522.684
2522.992
2523.3
2523.608
2523.916
2524.224
2524.532
2524.84
2525.148
2525.456
2525.77
2526.166
2526.562
2526.957
2527.352
2527.747
2528.142
2528.537
2528.932
2529.327
2529.723
2530.119
2530.515
2530.91
2531.305
2531.7
2532.095
2532.49
2532.885
2533.281
2533.68
2534.185
2534.69
2535.195
2535.7
2536.205
2536.71
2537.215
2537.72
2538.225
2538.73
2539.235
2539.74
2540.24
2540.491
2540.742
2540.993
2541.244
2541.495
2541.746
2541.997
2542.248
2542.499
2542.75
2543.001
2543.252
2543.503
2543.754
2544.005
2544.256
2544.507
2544.758
2545.009
2545.26
2545.511
2545.762
2546.01
2546.684
2547.358
2548.032
2548.706
2549.38
2550.054
2550.728
2551.402
2552.076
2552.75
2553.424
2554.098
2554.772
2555.446
2556.12
2556.794
2557.468
2558.142
2558.82
2559.54
2560.26
2560.98
2561.7
2562.42
2563.14
2563.86
2564.58
2565.3
2566.02
2566.74
2567.46
2568.18
2568.9
2569.62
2570.34
2571.06
2571.78
2572.5
2573.22
2573.94
2574.65
2575.213
2575.776
2576.339
2576.902
2577.465
2578.028
2578.591
2579.154
2579.717
2580.28
2580.843
2581.406
2581.969
2582.532
2583.095
2583.658
2584.221
2584.784
2585.34
2585.788
2586.236
2586.684
2587.132
2587.58
2588.028
2588.476
2588.924
2589.372
2589.82
2590.268
2590.716
2591.164
2591.612
2592.06
2592.508
2592.956
2593.404
2593.86
2594.193
2594.526
2594.86
2595.17
2595.48
2595.79
2596.1
2596.41
2596.72
2597.03
2597.34
2597.65
2597.96
2598.27
2598.58
2598.89
2599.2
2599.51
2599.82
2600.13
2600.44
2600.75
2601.06
2601.36
2601.92
2602.48
2603.04
2603.6
2604.16
2604.72
2605.28
2605.84
2606.4
2606.96
2607.52
2608.08
2608.64
2609.2
2609.76
2610.32
2610.88
2611.44
2612.0
2612.56
2613.12
2613.68
2614.25
2614.57
2614.89
2615.21
2615.53
2615.85
2616.17
2616.49
2616.81
2617.13
2617.45
2617.77
2618.09
2618.41
2618.73
2619.05
2619.37
2619.69
2620.01
2620.33
2620.65
2620.97
2621.29
2621.661
2622.032
2622.403
2622.774
2623.145
2623.516
2623.887
2624.258
2624.629
2625.0
2625.371
2625.742
2626.113
2626.484
2626.855
2627.226
2627.597
2627.968
2628.339
2628.71
2629.08
2629.898
2630.716
2631.534
2632.352
2633.17
2633.988
2634.806
2635.624
2636.442
2637.26
2638.078
2638.896
2639.71
2639.912
2640.114
2640.316
2640.518
2640.72
2640.922
2641.124
2641.326
2641.528
2641.73
2641.932
2642.134
2642.336
2642.538
2642.74
2642.942
2643.144
2643.346
2643.548
2643.75
2643.95
2644.149
2644.348
2644.547
2644.746
2644.945
2645.144
2645.343
2645.542
2645.741
2645.94
2646.139
2646.338
2646.537
2646.736
2646.935
2647.134
2647.333
2647.532
2647.73
2648.082
2648.434
2648.786
2649.138
2649.49
2649.841
2650.193
2650.545
2650.897
2651.249
2651.601
2651.953
2652.305
2652.657
2653.009
2653.361
2653.713
2654.065
2654.417
2654.76
2655.082
2655.404
2655.726
2656.048
2656.37
2656.692
2657.014
2657.336
2657.658
2657.98
2658.302
2658.624
2658.946
2659.268
2659.59
2659.912
2660.234
2660.556
2660.869
2661.057
2661.245
2661.433
2661.621
2661.809
2661.997
2662.185
2662.373
2662.561
2662.749
2662.937
2663.125
2663.31
2663.812
2664.314
2664.816
2665.318
2665.82
2666.322
2666.824
2667.326
2667.828
2668.33
2668.832
2669.334
2669.836
2670.338
2670.84
2671.342
2671.85
2672.174
2672.498
2672.822
2673.146
2673.47
2673.794
2674.118
2674.442
2674.766
2675.09
2675.414
2675.738
2676.062
2676.386
2676.71
2677.034
2677.358
2677.69
2678.104
2678.518
2678.932
2679.346
2679.76
2680.174
2680.588
2681.002
2681.416
2681.83
2682.244
2682.658
2683.072
2683.486
2683.9
2684.314
2684.728
2685.142
2685.556
2685.97
2686.173
2686.376
2686.579
2686.782
2686.985
2687.188
2687.391
2687.594
2687.797
2688.0
2688.203
2688.406
2688.609
2688.812
2689.015
2689.218
2689.421
2689.624
2689.827
2690.03
2690.356
2690.682
2691.008
2691.334
2691.66
2691.986
2692.312
2692.638
2692.964
2693.29
2693.616
2693.942
2694.268
2694.594
2694.92
2695.24
2695.671
2696.102
2696.533
2696.964
2697.395
2697.826
2698.257
2698.688
2699.119
2699.55
2699.981
2700.412
2700.843
2701.274
2701.705
2702.136
2702.567
2702.998
2703.43
2704.357
2705.284
2706.21
2706.415
2706.62
2706.825
2707.03
2707.235
2707.44
2707.645
2707.85
2708.055
2708.26
2708.465
2708.67
2708.875
2709.08
2709.285
2709.49
2709.695
2709.9
2710.105
2710.311
2710.542
2710.773
2711.004
2711.235
2711.466
2711.697
2711.928
2712.159
2712.39
2712.621
2712.852
2713.083
2713.314
2713.545
2713.776
2714.007
2714.238
2714.469
2714.7
2714.94
2715.547
2716.154
2716.761
2717.368
2717.975
2718.582
2719.189
2719.796
2720.403
2721.01
2721.617
2722.224
2722.831
2723.438
2724.045
2724.652
2725.259
2725.866
2726.473
2727.08
2727.687
2728.294
2728.901
2729.508
2730.115
2730.73
2731.134
2731.538
2731.942
2732.346
2732.75
2733.154
2733.558
2733.962
2734.366
2734.77
2735.174
2735.578
2735.982
2736.386
2736.79
2737.2
2738.246
2739.292
2740.338
2741.384
2742.43
2743.476
2744.522
2745.568
2746.614
2747.66
2748.706
2749.752
2750.798
2751.844
2752.89
2753.936
2754.99
2755.377
2755.764
2756.151
2756.538
2756.925
2757.312
2757.699
2758.086
2758.473
2758.86
2759.247
2759.634
2760.021
2760.408
2760.795
2761.182
2761.569
2761.956
2762.343
2762.73
2763.12
2763.517
2763.914
2764.311
2764.708
2765.105
2765.502
2765.899
2766.296
2766.693
2767.09
2767.49
2767.706
2767.922
2768.138
2768.354
2768.57
2768.786
2769.002
2769.218
2769.434
2769.65
2769.866
2770.082
2770.298
2770.514
2770.73
2770.946
2771.162
2771.378
2771.59
2771.952
2772.314
2772.676
2773.038
2773.4
2773.762
2774.124
2774.486
2774.848
2775.21
2775.572
2775.934
2776.296
2776.658
2777.02
2777.382
2777.744
2778.106
2778.468
2778.83
2779.2
2779.651
2780.102
2780.553
2781.004
2781.455
2781.906
2782.357
2782.808
2783.259
2783.71
2784.161
2784.612
2785.063
2785.514
2785.965
2786.416
2786.867
2787.318
2787.76
2788.035
2788.31
2788.585
2788.86
2789.135
2789.41
2789.685
2789.96
2790.235
2790.51
2790.785
2791.06
2791.335
2791.61
2791.885
2792.16
2792.435
2792.71
2792.985
2793.26
2793.43
2793.6
2793.77
2793.94
2794.11
2794.28
2794.539
2794.798
2795.057
2795.316
2795.575
2795.834
2796.093
2796.352
2796.611
2796.87
2797.129
2797.388
2797.647
2797.906
2798.165
2798.424
2798.683
2798.942
2799.201
2799.46
2799.719
2799.978
2800.23
2800.521
2800.812
2801.103
2801.394
2801.685
2801.976
2802.267
2802.558
2802.849
2803.14
2803.431
2803.722
2804.013
2804.304
2804.595
2804.886
2805.177
2805.468
2805.759
2806.05
2806.35
2806.637
2806.924
2807.211
2807.498
2807.785
2808.072
2808.359
2808.646
2808.933
2809.22
2809.507
2809.794
2810.081
2810.368
2810.655
2810.942
2811.229
2811.516
2811.803
2812.09
2812.369
2812.769
2813.169
2813.569
2813.969
2814.369
2814.769
2815.169
2815.569
2815.969
2816.369
2816.769
2817.169
2817.569
2817.969
2818.369
2818.769
2819.169
2819.569
2819.969
2820.369
2820.769
2821.169
2821.57
2822.035
2822.5
2822.965
2823.43
2823.895
2824.36
2824.825
2825.29
2825.755
2826.22
2826.685
2827.15
2827.615
2828.08
2828.545
2829.01
2829.475
2829.94
2830.457
2830.974
2831.491
2832.008
2832.525
2833.042
2833.559
2834.076
2834.593
2835.11
2835.627
2836.144
2836.661
2837.178
2837.695
2838.212
2838.729
2839.24
2839.761
2840.282
2840.803
2841.324
2841.845
2842.366
2842.887
2843.408
2843.929
2844.45
2844.971
2845.492
2846.013
2846.534
2847.055
2847.576
2848.097
2848.618
2849.13
2849.572
2850.014
2850.456
2850.898
2851.34
2851.782
2852.224
2852.666
2853.108
2853.55
2853.992
2854.43
2856.453
2858.476
2860.499
2862.522
2864.545
2866.568
2868.59
2869.995
2871.4
2872.805
2874.21
2875.615
2877.02
2878.425
2879.83
2881.235
2882.64
2884.045
2885.45
2886.855
2888.26
2889.665
2891.07
2892.475
2893.88
2894.289
2894.698
2895.107
2895.516
2895.925
2896.334
2896.743
2897.152
2897.561
2897.97
2898.379
2898.788
2899.197
2899.606
2900.015
2900.424
2900.833
2901.242
2901.651
2902.06
2902.399
2902.738
2903.077
2903.416
2903.755
2904.094
2904.433
2904.772
2905.111
2905.45
2905.789
2906.128
2906.467
2906.806
2907.145
2907.484
2907.823
2908.17
2908.602
2909.034
2909.466
2909.898
2910.331
2910.764
2911.197
2911.63
2912.062
2912.494
2912.927
2913.36
2913.793
2914.226
2914.659
2915.091
2915.523
2915.956
2916.389
2916.82
2917.117
2917.414
2917.711
2918.008
2918.305
2918.602
2918.899
2919.196
2919.493
2919.79
2920.087
2920.384
2920.681
2920.978
2921.275
2921.572
2921.869
2922.16
2922.54
2922.92
2923.3
2923.68
2924.06
2924.44
2924.82
2925.2
2925.58
2925.96
2926.34
2926.72
2927.1
2927.48
2927.86
2928.24
2928.62
2929.0
2929.38
2929.76
2930.14
2930.52
2930.89
2931.196
2931.502
2931.808
2932.114
2932.42
2932.726
2933.032
2933.338
2933.644
2933.95
2934.256
2934.562
2934.868
2935.174
2935.48
2935.786
2936.092
2936.398
2936.704
2937.01
2937.71
2938.41
2939.11
2939.809
2940.045
2940.281
2940.517
2940.753
2940.989
2941.225
2941.461
2941.697
2941.933
2942.169
2942.405
2942.641
2942.877
2943.113
2943.349
2943.585
2943.821
2944.057
2944.293
2944.52
2944.989
2945.458
2945.927
2946.396
2946.865
2947.334
2947.803
2948.272
2948.741
2949.21
2949.679
2950.148
2950.617
2951.086
2951.555
2952.024
2952.493
2952.96
2953.215
2953.47
2953.725
2953.98
2954.235
2954.49
2954.745
2955.0
2955.255
2955.51
2955.765
2956.02
2956.275
2956.53
2956.785
2957.04
2957.295
2957.55
2957.8
2957.992
2958.184
2958.376
2958.568
2958.76
2958.952
2959.144
2959.336
2959.528
2959.72
2959.912
2960.104
2960.3
2960.537
2960.774
2961.011
2961.248
2961.485
2961.722
2961.959
2962.196
2962.433
2962.67
2962.907
2963.144
2963.381
2963.618
2963.855
2964.092
2964.329
2964.566
2964.81
2965.159
2965.508
2965.856
2966.205
2966.553
2966.901
2967.249
2967.597
2967.946
2968.294
2968.642
2968.99
2969.338
2969.687
2970.035
2970.383
2970.731
2971.08
2971.428
2971.78
2972.713
2973.646
2974.58
2974.896
2975.213
2975.53
2975.847
2976.164
2976.481
2976.798
2977.114
2977.43
2977.746
2978.062
2978.378
2978.695
2979.012
2979.329
2979.646
2979.963
2980.28
2980.597
2980.91
2981.408
2981.906
2982.404
2982.902
2983.4
2983.898
2984.396
2984.894
2985.392
2985.89
2986.388
2986.886
2987.384
2987.882
2988.38
2988.878
2989.376
2989.874
2990.372
2990.87
2991.368
2991.859
2992.288
2992.717
2993.146
2993.575
2994.004
2994.433
2994.862
2995.291
2995.72
2996.149
2996.578
2997.007
2997.436
2997.865
2998.294
2998.723
2999.152
2999.581
3000.01
3000.43
3000.754
3001.078
3001.402
3001.726
3002.05
3002.374
3002.698
3003.022
3003.346
3003.67
3003.994
3004.318
3004.642
3004.966
3005.29
3005.614
3005.938
3006.27
3006.623
3006.976
3007.329
3007.682
3008.035
3008.388
3008.741
3009.094
3009.447
3009.8
3010.153
3010.506
3010.859
3011.212
3011.565
3011.918
3012.271
3012.63
3013.038
3013.446
3013.854
3014.262
3014.67
3015.078
3015.486
3015.894
3016.302
3016.71
3017.118
3017.526
3017.934
3018.342
3018.75
3019.158
3019.566
3019.98
3020.501
3021.022
3021.543
3022.064
3022.585
3023.106
3023.63
3023.845
3024.06
3024.275
3024.49
3024.705
3024.92
3025.135
3025.35
3025.565
3025.78
3025.995
3026.21
3026.425
3026.64
3026.855
3027.07
3027.285
3027.5
3027.715
3027.93
3028.15
3030.185
3032.22
3034.255
3036.29
3038.325
3040.36
3042.395
3044.43
3046.465
3048.5
3050.54
3051.292
3052.044
3052.796
3053.548
3054.3
3055.052
3055.804
3056.556
3057.308
3058.06
3058.812
3059.564
3060.316
3061.068
3061.82
3062.572
3063.324
3064.076
3064.828
3065.58
3066.332
3067.084
3067.84
3068.278
3068.716
3069.154
3069.592
3070.03
3070.468
3070.906
3071.344
3071.782
3072.22
3072.658
3073.096
3073.534
3073.972
3074.41
3074.848
3075.286
3075.724
3076.162
3076.6
3077.04
3077.667
3078.294
3078.921
3079.548
3080.175
3080.802
3081.429
3082.056
3082.683
3083.31
3083.937
3084.564
3085.191
3085.818
3086.445
3087.072
3087.699
3088.33
3088.614
3088.898
3089.182
3089.466
3089.75
3090.034
3090.318
3090.602
3090.886
3091.17
3091.454
3091.738
3092.022
3092.306
3092.59
3092.874
3093.158
3093.442
3093.726
3094.01
3094.294
3094.578
3094.862
3095.14
3095.472
3095.804
3096.136
3096.468
3096.8
3097.132
3097.464
3097.796
3098.128
3098.46
3098.792
3099.124
3099.456
3099.788
3100.12
3100.452
3100.784
3101.116
3101.448
3101.78
3102.112
3102.44
3102.818
3103.197
3103.575
3103.953
3104.331
3104.709
3105.087
3105.465
3105.843
3106.221
3106.599
3106.977
3107.355
3107.733
3108.111
3108.489
3108.867
3109.245
3109.623
3110.01
3110.295
3110.58
3110.865
3111.15
3111.435
3111.72
3112.005
3112.29
3112.575
3112.86
3113.145
3113.43
3113.715
3114.0
3114.285
3114.57
3114.855
3115.14
3115.425
3115.71
3116.0
3116.27
3116.54
3116.81
3117.08
3117.35
3117.62
3117.89
3118.16
3118.43
3118.7
3118.97
3119.24
3119.51
3119.78
3120.05
3120.32
3120.59
3120.86
3121.13
3121.4
3121.67
3121.94
3122.21
3122.58
3122.95
3123.32
3123.69
3124.06
3124.43
3124.8
3125.17
3125.54
3125.91
3126.28
3126.65
3127.02
3127.39
3127.76
3128.13
3128.5
3128.869
3129.14
3129.411
3129.682
3129.953
3130.224
3130.495
3130.766
3131.037
3131.308
3131.579
3131.85
3132.121
3132.392
3132.663
3132.934
3133.205
3133.476
3133.747
3134.018
3134.289
3134.56
3134.831
3135.102
3135.373
3135.644
3135.91
3136.224
3136.538
3136.852
3137.166
3137.48
3137.794
3138.108
3138.422
3138.736
3139.05
3139.364
3139.678
3139.992
3140.306
3140.62
3140.934
3141.248
3141.562
3141.88
3142.741
3143.602
3144.463
3145.324
3146.185
3147.046
3147.907
3148.768
3149.629
3150.49
3151.351
3152.212
3153.073
3153.934
3154.795
3155.656
3156.517
3157.38
3157.717
3158.054
3158.391
3158.728
3159.065
3159.402
3159.739
3160.076
3160.413
3160.75
3161.087
3161.424
3161.761
3162.098
3162.435
3162.772
3163.109
3163.446
3163.783
3164.12
3164.429
3164.738
3165.047
3165.356
3165.665
3165.974
3166.283
3166.592
3166.901
3167.21
3167.519
3167.828
3168.137
3168.446
3168.755
3169.064
3169.373
3169.682
3170.0
3170.54
3171.08
3171.62
3172.16
3172.7
3173.24
3173.78
3174.32
3174.86
3175.4
3175.94
3176.48
3177.02
3177.56
3178.1
3178.394
3178.688
3178.982
3179.276
3179.57
3179.864
3180.158
3180.452
3180.746
3181.04
3181.334
3181.628
3181.922
3182.216
3182.51
3182.804
3183.098
3183.392
3183.686
3183.98
3184.282
3184.564
3184.846
3185.128
3185.41
3185.692
3185.974
3186.256
3186.538
3186.82
3187.102
3187.384
3187.67
3188.021
3188.372
3188.723
3189.074
3189.425
3189.776
3190.127
3190.478
3190.829
3191.18
3191.531
3191.882
3192.233
3192.584
3192.935
3193.286
3193.64
3194.052
3194.464
3194.876
3195.288
3195.7
3196.112
3196.524
3196.936
3197.348
3197.76
3198.172
3198.584
3198.996
3199.408
3199.82
3200.232
3200.64
3200.99
3201.34
3201.69
3202.04
3202.39
3202.74
3203.09
3203.44
3203.79
3204.14
3204.49
3204.84
3205.19
3205.54
3205.89
3206.24
3206.59
3206.94
3207.29
3207.64
3207.99
3208.198
3208.406
3208.614
3208.822
3209.03
3209.238
3209.446
3209.654
3209.862
3210.07
3210.278
3210.486
3210.694
3210.902
3211.11
3211.318
3211.526
3211.734
3211.95
3212.316
3212.682
3213.048
3213.414
3213.78
3214.146
3214.512
3214.878
3215.244
3215.61
3215.976
3216.342
3216.708
3217.074
3217.44
3217.806
3218.172
3218.538
3218.91
3219.572
3220.235
3220.898
3221.561
3222.224
3222.887
3223.55
3224.213
3224.876
3225.539
3226.202
3226.865
3227.527
3228.189
3228.851
3229.514
3230.177
3230.84
3231.503
3232.16
3232.418
3232.676
3232.934
3233.192
3233.45
3233.708
3233.966
3234.224
3234.482
3234.74
3234.998
3235.256
3235.514
3235.772
3236.03
3236.29
3236.654
3237.018
3237.382
3237.746
3238.11
3238.474
3238.838
3239.202
3239.57
3239.826
3240.082
3240.338
3240.594
3240.85
3241.106
3241.362
3241.618
3241.874
3242.13
3242.386
3242.642
3242.898
3243.154
3243.41
3243.666
3243.92
3244.234
3244.548
3244.862
3245.176
3245.49
3245.804
3246.118
3246.432
3246.746
3247.06
3247.374
3247.688
3248.002
3248.316
3248.63
3248.944
3249.258
3249.572
3249.89
3250.079
3250.268
3250.457
3250.646
3250.835
3251.024
3251.213
3251.402
3251.591
3251.78
3251.969
3252.158
3252.347
3252.536
3252.725
3252.914
3253.103
3253.292
3253.48
3253.823
3254.166
3254.509
3254.852
3255.195
3255.538
3255.881
3256.224
3256.567
3256.91
3257.253
3257.596
3257.939
3258.282
3258.625
3258.968
3259.311
3259.654
3259.99
3260.324
3260.658
3260.992
3261.326
3261.66
3261.994
3262.328
3262.662
3262.996
3263.33
3263.664
3263.998
3264.332
3264.666
3265.0
3265.334
3265.668
3266.01
3266.334
3266.658
3266.982
3267.306
3267.63
3267.954
3268.278
3268.602
3268.926
3269.25
3269.574
3269.898
3270.222
3270.546
3270.87
3271.194
3271.518
3271.842
3272.166
3272.49
3272.81
3273.21
3273.61
3274.01
3274.41
3274.81
3275.21
3275.61
3276.01
3276.41
3276.81
3277.21
3277.61
3278.01
3278.41
3278.81
3279.21
3279.61
3280.01
3280.41
3280.81
3282.087
3283.364
3284.641
3285.918
3287.195
3288.472
3289.749
3291.026
3292.303
3293.58
3294.859
3295.185
3295.511
3295.837
3296.163
3296.489
3296.815
3297.141
3297.467
3297.793
3298.119
3298.445
3298.771
3299.097
3299.42
3300.039
3300.658
3301.277
3301.896
3302.515
3303.134
3303.753
3304.372
3304.991
3305.61
3306.229
3306.848
3307.467
3308.086
3308.705
3309.324
3309.943
3310.562
3311.181
3311.8
3312.42
3312.824
3313.228
3313.632
3314.036
3314.44
3314.844
3315.248
3315.652
3316.056
3316.46
3316.864
3317.268
3317.672
3318.076
3318.48
3318.884
3319.288
3319.692
3320.096
3320.5
3320.904
3321.3
3326.475
3331.65
3336.825
3342.0
3343.407
3344.814
3346.221
3347.628
3349.035
3350.442
3351.849
3353.256
3354.663
3356.07
3357.477
3358.884
3360.291
3361.698
3363.109
3363.526
3363.943
3364.36
3364.777
3365.194
3365.611
3366.028
3366.445
3366.862
3367.279
3367.696
3368.113
3368.53
3368.947
3369.364
3369.781
3370.198
3370.615
3371.032
3371.44
3371.701
3371.962
3372.223
3372.484
3372.745
3373.006
3373.267
3373.528
3373.789
3374.05
3374.311
3374.572
3374.833
3375.094
3375.355
3375.616
3375.877
3376.138
3376.399
3376.66
3378.173
3379.686
3381.199
3382.712
3384.225
3385.738
3387.251
3388.764
3390.277
3391.79
3393.303
3394.816
3396.329
3397.842
3399.355
3400.868
3402.38
3402.789
3403.198
3403.606
3404.015
3404.423
3404.831
3405.24
3405.648
3406.057
3406.465
3406.874
3407.282
3407.691
3408.099
3408.508
3408.916
3409.325
3409.733
3410.142
3410.55
3410.946
3411.342
3411.738
3412.134
3412.53
3412.926
3413.322
3413.718
3414.114
3414.51
3414.906
3415.302
3415.698
3416.094
3416.49
3416.886
3417.282
3417.67
3418.333
3418.996
3419.659
3420.322
3420.985
3421.648
3422.311
3422.974
3423.637
3424.3
3424.963
3425.626
3426.289
3426.952
3427.615
3428.278
3428.94
3429.238
3429.536
3429.834
3430.132
3430.43
3430.728
3431.026
3431.324
3431.622
3431.92
3432.218
3432.516
3432.814
3433.112
3433.41
3433.708
3434.006
3434.304
3434.6
3435.897
3437.194
3438.491
3439.788
3441.085
3442.382
3443.679
3444.976
3446.273
3447.57
3448.867
3450.164
3451.461
3452.758
3454.055
3455.352
3456.649
3457.946
3459.243
3460.54
3461.837
3463.134
3464.44
3464.748
3465.056
3465.364
3465.672
3465.98
3466.288
3466.596
3466.904
3467.212
3467.52
3467.828
3468.136
3468.444
3468.752
3469.06
3469.368
3469.676
3469.984
3470.292
3470.6
3470.9
3471.172
3471.444
3471.716
3471.988
3472.26
3472.532
3472.804
3473.076
3473.348
3473.62
3473.892
3474.164
3474.436
3474.708
3474.98
3475.252
3475.524
3475.796
3476.068
3476.331
3476.584
3476.837
3477.09
3477.343
3477.596
3477.849
3478.102
3478.355
3478.608
3478.861
3479.114
3479.367
3479.62
3479.873
3480.126
3480.379
3480.632
3480.885
3481.13
3481.344
3481.558
3481.772
3481.986
3482.2
3482.414
3482.628
3482.842
3483.056
3483.27
3483.484
3483.698
3483.912
3484.126
3484.34
3484.554
3484.768
3484.982
3485.196
3485.41
3485.62
3485.924
3486.228
3486.532
3486.836
3487.14
3487.444
3487.748
3488.052
3488.356
3488.66
3488.964
3489.268
3489.572
3489.876
3490.18
3490.484
3490.788
3491.092
3491.4
3491.885
3492.37
3492.855
3493.34
3493.825
3494.31
3494.795
3495.28
3495.765
3496.25
3496.735
3497.22
3497.705
3498.19
3498.675
3499.16
3499.645
3500.13
3500.615
3501.1
3501.59
3502.956
3504.322
3505.688
3507.054
3508.42
3509.786
3511.152
3512.518
3513.884
3515.25
3516.616
3517.982
3519.348
3520.714
3522.08
3523.446
3524.812
3526.178
3527.55
3530.23
3532.91
3534.468
3536.026
3537.584
3539.142
3540.7
3542.258
3543.816
3545.374
3546.932
3548.49
3550.048
3551.606
3553.164
3554.722
3556.28
3557.838
3559.396
3560.954
3562.512
3564.07
3565.628
3567.18
3581.74
3589.225
3596.71
3597.331
3597.952
3598.573
3599.194
3599.815
3600.436
3601.057
3601.678
3602.299
3602.92
3603.541
3604.162
3604.783
3605.404
3606.025
3606.64
3606.933
3607.226
3607.519
3607.812
3608.105
3608.398
3608.691
3608.984
3609.277
3609.57
3609.863
3610.156
3610.449
3610.742
3611.035
3611.328
3611.621
3611.92
3612.362
3612.804
3613.246
3613.688
3614.13
3614.572
3615.014
3615.456
3615.898
3616.34
3616.782
3617.224
3617.666
3618.108
3618.55
3618.99
3619.252
3619.514
3619.776
3620.038
3620.3
3620.562
3620.824
3621.086
3621.348
3621.61
3621.872
3622.134
3622.396
3622.658
3622.92
3623.182
3623.444
3623.706
3623.97
3624.275
3624.58
3624.885
3625.19
3625.495
3625.8
3626.105
3626.41
3626.715
3627.02
3627.325
3627.63
3627.935
3628.24
3628.545
3628.85
3629.155
3629.46
3629.765
3630.07
3630.377
3630.684
3630.991
3631.298
3631.605
3631.912
3632.219
3632.526
3632.833
3633.14
3633.45
3633.949
3634.448
3634.947
3635.446
3635.945
3636.444
3636.943
3637.442
3637.941
3638.44
3638.939
3639.438
3639.937
3640.436
3640.94
3641.187
3641.434
3641.681
3641.928
3642.175
3642.422
3642.669
3642.916
3643.163
3643.41
3643.657
3643.904
3644.151
3644.398
3644.645
3644.892
3645.143
3645.372
3645.601
3645.83
3646.059
3646.288
3646.517
3646.746
3646.975
3647.204
3647.433
3647.662
3647.891
3648.12
3648.349
3648.578
3648.807
3649.036
3649.265
3649.494
3649.72
3649.943
3650.166
3650.389
3650.612
3650.835
3651.058
3651.281
3651.504
3651.727
3651.95
3652.173
3652.396
3652.619
3652.842
3653.065
3653.288
3653.511
3653.734
3653.95
3656.037
3658.124
3660.211
3662.298
3664.385
3666.472
3668.559
3670.646
3672.733
3674.82
3676.907
3678.994
3681.081
3683.17
3683.832
3684.494
3685.156
3685.818
3686.48
3687.142
3687.804
3688.466
3689.128
3689.79
3690.452
3691.114
3691.776
3692.438
3693.1
3693.762
3694.424
3695.086
3695.748
3696.41
3697.08
3697.407
3697.734
3698.061
3698.388
3698.715
3699.042
3699.369
3699.696
3700.023
3700.35
3700.677
3701.004
3701.331
3701.658
3701.985
3702.312
3702.639
3702.966
3703.293
3703.62
3703.976
3704.332
3704.688
3705.044
3705.4
3705.756
3706.112
3706.468
3706.824
3707.18
3707.54
3708.349
3709.158
3709.967
3710.776
3711.585
3712.394
3713.203
3714.012
3714.821
3715.63
3716.439
3717.248
3718.057
3718.866
3719.68
3720.493
3721.306
3722.119
3722.932
3723.745
3724.558
3725.371
3726.184
3726.997
3727.81
3728.623
3729.436
3730.249
3731.062
3731.875
3732.688
3733.501
3734.32
3735.923
3737.526
3739.129
3740.732
3742.335
3743.938
3745.541
3747.144
3748.747
3750.35
3751.953
3753.556
3755.16
3755.501
3755.842
3756.183
3756.524
3756.865
3757.206
3757.547
3757.888
3758.229
3758.57
3758.911
3759.252
3759.593
3759.934
3760.275
3760.616
3760.957
3761.298
3761.64
3762.644
3763.648
3764.652
3765.656
3766.66
3767.664
3768.668
3769.672
3770.676
3771.68
3772.684
3773.688
3774.692
3775.696
3776.7
3777.7
3780.303
3782.906
3785.509
3788.112
3790.715
3793.318
3795.921
3798.524
3801.13
3803.185
3805.24
3807.295
3809.349
3810.023
3810.697
3811.371
3812.045
3812.719
3813.393
3814.067
3814.741
3815.415
3816.089
3816.763
3817.437
3818.111
3818.785
3819.459
3820.133
3820.807
3821.48
3821.758
3822.036
3822.314
3822.592
3822.87
3823.148
3823.426
3823.704
3823.982
3824.26
3824.538
3824.816
3825.094
3825.372
3825.65
3825.928
3826.21
3826.522
3826.834
3827.146
3827.458
3827.77
3828.082
3828.394
3828.706
3829.018
3829.33
3829.642
3829.954
3830.266
3830.578
3830.89
3831.202
3831.514
3831.82
3832.104
3832.387
3832.671
3832.954
3833.238
3833.521
3833.805
3834.088
3834.372
3834.655
3834.939
3835.222
3835.506
3835.789
3836.073
3836.356
3836.64
3836.923
3837.206
3837.49
3837.49
3837.49
3837.49
3837.49
3837.49
3837.49
3837.49
3837.49
3837.49
3837.49
3837.49
3837.49
3837.49
