63.899
64.992
66.085
67.178
68.271
69.364
70.457
71.55
72.643
73.736
74.829
75.92
76.23
76.54
76.85
77.16
77.47
77.78
78.09
78.4
78.71
79.02
79.33
79.64
79.95
80.26
80.57
80.88
81.213
81.546
81.88
82.09
82.3
82.51
82.72
82.93
83.14
83.35
83.56
83.77
83.98
84.189
84.563
84.938
85.312
85.686
86.061
86.436
86.811
87.186
87.561
87.936
88.311
88.686
89.061
89.436
89.811
90.186
90.561
90.936
91.311
91.679
91.936
92.193
92.45
92.707
92.964
93.221
93.479
93.689
93.899
94.109
94.319
94.529
94.739
94.949
95.159
95.369
95.579
95.789
95.999
96.209
96.419
96.629
96.839
97.049
97.259
97.47
97.855
98.24
98.625
99.01
99.395
99.78
100.395
101.01
101.625
102.24
102.656
103.072
103.488
103.904
104.32
104.736
105.152
105.568
105.984
106.4
106.816
107.232
107.648
108.07
108.217
108.364
108.511
108.658
108.805
108.952
109.099
109.246
109.393
109.54
109.689
110.067
110.445
110.823
111.201
111.579
111.957
112.335
112.713
113.091
113.469
113.847
114.225
114.603
114.981
115.359
115.74
115.973
116.206
116.439
116.672
116.905
117.138
117.371
117.604
117.837
118.07
118.303
118.536
118.769
119.002
119.235
119.468
119.7
120.7
121.082
121.464
121.846
122.228
122.61
122.992
123.374
123.756
124.14
124.409
124.678
124.947
125.216
125.485
125.754
126.023
126.292
126.561
126.83
127.099
127.368
127.637
127.906
128.175
128.444
128.713
128.982
129.259
129.59
129.921
130.252
130.583
130.914
131.245
131.576
131.907
132.238
132.569
132.9
133.231
133.562
133.893
134.224
134.555
134.886
135.217
135.54
136.75
136.978
137.206
137.434
137.662
137.89
138.118
138.346
138.574
138.802
139.03
139.258
139.486
139.714
139.942
140.17
140.398
140.626
140.86
141.256
141.652
142.048
142.444
142.84
143.236
143.629
143.917
144.205
144.493
144.781
145.069
145.357
145.645
145.933
146.221
146.509
146.797
147.085
147.373
147.661
147.949
148.23
148.653
149.076
149.499
149.922
150.345
150.768
151.191
151.614
152.037
152.46
152.883
153.306
153.729
154.152
154.575
154.998
155.421
155.844
156.267
156.68
157.393
158.106
158.819
159.532
160.245
160.958
161.671
162.384
163.097
163.81
164.52
164.791
165.062
165.333
165.604
165.875
166.146
166.417
166.688
166.959
167.23
167.501
167.772
168.043
168.314
168.585
168.856
169.127
169.4
169.751
170.102
170.453
170.804
171.155
171.506
171.857
172.208
172.559
172.91
173.261
173.612
173.963
174.314
174.665
175.016
175.36
175.702
176.044
176.386
176.728
177.07
177.412
177.754
178.096
178.438
178.78
179.12
179.351
179.582
179.813
180.044
180.275
180.506
180.737
180.968
181.199
181.43
181.661
181.892
182.123
182.354
182.585
182.816
183.047
183.278
183.509
183.733
184.043
184.353
184.663
184.974
185.284
185.594
185.904
186.214
186.524
186.834
187.144
187.454
187.764
188.08
188.598
189.116
189.634
190.152
190.67
191.188
191.706
192.224
192.742
193.26
193.778
194.296
194.814
195.332
195.85
196.368
196.886
197.4
197.788
198.176
198.564
198.952
199.34
199.728
200.116
200.504
200.892
201.279
201.557
201.835
202.113
202.391
202.669
202.947
203.225
203.503
203.781
204.059
204.337
204.615
204.893
205.171
205.449
205.727
205.999
206.32
206.641
206.962
207.283
207.604
207.925
208.246
208.567
208.888
209.209
209.53
209.851
210.172
210.493
210.814
211.135
211.456
211.769
212.009
212.249
212.489
212.729
212.969
213.209
213.449
213.689
213.929
214.169
214.409
214.649
214.889
215.105
215.321
215.537
215.753
215.969
216.185
216.401
216.617
216.833
217.049
217.265
217.481
217.697
217.913
218.129
218.345
218.56
218.794
219.028
219.262
219.496
219.73
219.964
220.198
220.432
220.666
220.9
221.129
221.444
221.759
222.074
222.389
222.704
223.019
223.334
223.649
223.964
224.279
224.594
224.909
225.224
225.539
225.854
226.169
226.75
227.331
227.912
228.493
229.074
229.655
230.236
230.817
231.4
231.764
232.128
232.492
232.856
233.22
233.584
233.948
234.312
234.676
235.04
235.404
235.768
236.132
236.496
236.86
237.23
237.59
237.95
238.31
238.67
239.035
239.4
239.765
240.13
240.495
240.86
241.225
241.59
241.955
242.32
242.685
243.05
243.415
243.78
244.145
244.51
244.87
245.108
245.346
245.584
245.822
246.06
246.298
246.536
246.774
247.012
247.25
247.488
247.726
247.964
248.202
248.44
248.678
248.916
249.154
249.392
249.63
249.859
250.359
250.859
250.912
250.965
251.018
251.071
251.124
251.177
251.23
251.283
251.336
251.389
251.442
251.495
251.548
251.601
251.654
251.707
251.76
251.813
251.859
252.359
252.859
253.124
253.389
253.654
253.919
254.184
254.449
254.714
254.979
255.244
255.509
255.774
256.039
256.304
256.569
256.834
257.099
257.364
257.629
257.89
258.305
258.72
259.135
259.55
259.965
260.38
260.795
261.21
261.625
262.04
262.455
262.87
263.285
263.7
264.12
264.506
264.892
265.278
265.664
266.05
266.436
266.822
267.208
267.594
267.98
268.366
268.752
269.138
269.52
269.928
270.336
270.744
271.152
271.559
271.966
272.374
272.782
273.189
273.596
274.004
274.41
274.645
274.88
275.115
275.35
275.585
275.82
276.055
276.29
276.525
276.76
276.995
277.23
277.465
277.7
277.935
278.17
278.4
279.33
280.26
280.495
280.73
280.965
281.2
281.435
281.67
281.905
282.14
282.375
282.61
282.845
283.08
283.415
283.75
284.085
284.42
284.755
285.09
285.425
285.76
286.095
286.43
286.765
287.1
287.435
287.77
288.1
288.497
288.894
289.291
289.688
290.085
290.48
291.038
291.596
292.154
292.712
293.27
293.828
294.386
294.944
295.502
296.06
296.303
296.546
296.789
297.032
297.275
297.518
297.761
298.004
298.247
298.49
298.708
298.926
299.144
299.362
299.58
299.798
300.016
300.234
300.452
300.67
300.888
301.106
301.324
301.542
301.76
301.978
302.196
302.414
302.625
302.975
303.325
303.675
304.025
304.375
304.725
305.075
305.425
305.775
306.125
306.475
306.825
307.175
307.525
307.87
308.318
308.766
309.214
309.662
310.11
310.558
311.006
311.454
311.902
312.35
312.8
313.226
313.652
314.078
314.504
314.93
315.356
315.782
316.208
316.634
317.06
317.486
317.912
318.338
318.764
319.19
319.616
320.042
320.46
320.946
321.432
321.918
322.404
322.89
323.376
323.862
324.348
324.83
325.161
325.492
325.823
326.154
326.485
326.816
327.147
327.478
327.809
328.14
328.47
328.771
329.072
329.373
329.674
329.975
330.276
330.577
330.878
331.179
331.48
331.781
332.082
332.383
332.684
332.985
333.286
333.587
333.888
334.19
334.413
334.636
334.859
335.082
335.305
335.528
335.751
335.974
336.197
336.42
336.643
336.866
337.089
337.312
337.535
337.758
337.981
338.204
338.427
338.65
339.185
339.72
340.255
340.79
341.325
341.86
342.395
342.93
343.443
343.956
344.469
344.982
345.495
346.008
346.521
347.034
347.547
348.06
348.573
349.086
349.599
350.112
350.625
351.138
351.651
352.159
353.343
354.527
355.711
356.895
358.079
359.263
360.449
360.816
361.183
361.55
361.917
362.284
362.65
362.923
363.196
363.469
363.742
364.015
364.288
364.561
364.834
365.107
365.38
365.653
365.926
366.199
366.472
366.745
367.018
367.291
367.564
367.837
368.11
368.383
368.656
368.919
369.135
369.351
369.567
369.783
369.999
370.215
370.43
370.855
371.28
371.705
372.13
372.555
372.98
373.405
373.83
374.255
374.68
375.105
375.53
375.955
376.38
376.805
377.23
377.662
377.97
378.278
378.586
378.894
379.202
379.51
379.818
380.126
380.434
380.742
381.05
381.358
381.669
381.935
382.201
382.467
382.733
382.999
383.265
383.531
383.797
384.063
384.329
384.59
384.905
385.22
385.536
385.851
386.166
386.481
386.796
387.111
387.426
387.741
388.056
388.371
388.686
389.001
389.316
389.631
389.946
390.262
390.577
390.9
391.9
392.121
392.342
392.563
392.784
393.005
393.226
393.447
393.668
393.889
394.11
394.331
394.552
394.773
394.994
395.215
395.436
395.65
396.11
396.57
397.03
397.383
397.736
398.089
398.442
398.795
399.148
399.501
399.854
400.207
400.56
400.913
401.266
401.619
401.972
402.325
402.678
403.031
403.38
403.86
404.34
404.82
405.3
405.78
406.259
406.618
406.977
407.336
407.695
408.054
408.413
408.772
409.131
409.49
409.849
410.208
410.57
411.645
412.72
413.795
414.87
415.945
417.02
418.095
419.17
420.245
421.32
422.4
429.253
436.106
442.96
443.406
443.852
444.298
444.744
445.19
445.636
446.082
446.528
446.974
447.42
447.866
448.31
448.488
448.666
448.844
449.022
449.2
449.378
449.556
449.734
449.912
450.09
450.268
450.446
450.624
450.802
450.98
451.158
451.336
451.514
451.692
451.87
452.048
452.226
452.404
452.58
452.832
453.084
453.336
453.588
453.84
454.092
454.344
454.596
454.848
455.1
455.352
455.604
455.856
456.108
456.36
456.612
456.864
457.116
457.368
457.629
457.946
458.263
458.58
458.897
459.214
459.531
459.848
460.165
460.482
460.799
461.116
461.43
461.734
462.038
462.342
462.646
462.95
463.254
463.558
463.862
464.166
464.47
464.774
465.078
465.382
465.686
465.99
466.294
466.59
466.873
467.156
467.439
467.722
468.005
468.29
468.791
469.292
469.793
470.294
470.795
471.296
471.797
472.298
472.799
473.3
473.801
474.302
474.803
475.304
475.805
476.306
476.807
477.31
477.448
477.586
477.724
477.862
478.0
478.138
478.276
478.414
478.55
478.93
479.31
479.69
480.07
480.45
480.83
481.21
481.59
481.97
482.35
482.73
483.11
483.49
483.87
484.25
484.63
485.01
485.39
485.77
486.15
486.54
486.708
486.876
487.044
487.212
487.38
487.548
487.719
487.899
488.079
488.259
488.439
488.619
488.799
488.979
489.159
489.339
489.519
489.699
489.879
490.059
490.239
490.419
490.599
490.779
490.959
491.139
491.319
491.569
491.819
492.069
492.319
492.398
492.477
492.556
492.635
492.714
492.793
492.872
492.951
493.03
493.109
493.188
493.267
493.346
493.425
493.504
493.583
493.662
493.741
493.82
493.899
493.97
494.97
495.216
495.462
495.708
495.954
496.2
496.446
496.692
496.94
497.273
497.606
497.939
498.272
498.605
498.938
499.271
499.604
499.937
500.27
500.603
500.936
501.269
501.602
501.935
502.27
507.03
507.5
507.97
508.44
508.91
509.38
509.85
510.32
510.79
511.26
511.73
512.2
512.67
513.14
513.61
514.08
514.55
515.02
515.49
515.969
516.302
516.635
516.969
517.649
518.329
519.009
519.689
520.369
521.049
521.729
522.409
523.089
523.769
524.449
525.13
526.118
527.106
528.093
529.08
529.396
529.712
530.028
530.344
530.66
530.976
531.292
531.608
531.924
532.24
532.556
532.872
533.188
533.504
533.82
534.136
534.452
534.768
535.084
535.4
535.716
536.032
536.35
536.814
537.278
537.742
538.206
538.67
539.134
539.598
540.061
541.1
542.139
543.178
544.217
545.256
546.295
547.334
548.373
549.412
550.451
551.49
552.529
553.57
554.07
554.57
555.07
555.57
556.07
556.57
557.07
557.57
558.07
558.57
559.07
559.57
559.856
560.142
560.428
560.714
561.0
561.286
561.572
561.858
562.144
562.43
562.716
563.002
563.29
563.623
563.956
564.29
564.679
565.068
565.457
565.846
566.235
566.624
567.013
567.402
567.791
568.18
568.569
568.958
569.347
569.74
570.076
570.412
570.748
571.084
571.42
571.756
572.092
572.428
572.764
573.1
573.436
573.772
574.108
574.444
574.78
575.116
575.452
575.788
576.124
576.46
576.796
577.132
577.468
577.81
577.984
578.158
578.332
578.506
578.68
578.854
579.028
579.202
579.376
579.55
579.724
579.898
580.072
580.24
580.482
580.724
580.966
581.208
581.45
581.692
581.934
582.18
582.456
582.732
583.008
583.284
583.56
583.836
584.112
584.388
584.664
584.94
585.216
585.492
585.768
586.044
586.32
586.6
586.858
587.115
587.373
587.631
587.889
588.147
588.405
588.663
588.921
589.179
589.437
589.695
589.953
590.211
590.469
590.727
590.985
591.243
591.501
591.75
592.059
592.368
592.677
592.986
593.295
593.604
593.913
594.22
594.505
594.79
595.075
595.36
595.645
595.93
596.215
596.5
596.785
597.07
597.355
597.64
597.925
598.21
598.495
598.78
599.065
599.35
599.635
599.92
600.2
600.86
601.52
601.814
602.108
602.402
602.697
602.991
603.285
603.579
603.873
604.168
604.462
604.756
605.05
605.344
605.639
605.933
606.227
606.521
606.815
607.11
607.41
616.51
617.122
617.734
618.346
618.958
619.57
620.182
620.794
621.406
622.018
622.63
623.242
623.854
624.466
625.078
625.69
626.302
626.914
627.52
627.919
628.318
628.717
629.116
629.515
629.914
630.313
630.712
631.111
631.51
631.909
632.308
632.707
633.106
633.51
634.019
634.528
635.037
635.546
636.055
636.564
637.073
637.582
638.091
638.6
639.109
639.618
640.127
640.636
641.145
641.654
642.163
642.68
643.342
644.004
644.666
645.328
645.99
646.65
647.381
648.112
648.843
649.574
650.305
651.036
651.767
652.498
653.229
653.96
654.691
655.422
656.153
656.88
657.502
658.124
658.746
659.368
659.99
660.588
661.186
661.784
662.382
662.98
663.578
664.176
664.774
665.372
665.97
667.095
668.22
669.552
670.884
672.216
673.548
674.88
676.212
677.544
678.876
680.208
681.54
682.872
684.204
685.54
685.83
686.12
686.41
686.7
686.99
687.28
687.57
687.86
688.15
688.44
688.73
689.02
689.31
689.6
689.89
690.18
690.47
690.76
691.05
691.34
691.63
691.912
692.329
692.746
693.163
693.58
693.997
694.414
694.831
695.248
695.665
696.08
696.255
696.43
696.605
696.78
696.955
697.13
697.305
697.48
697.655
697.83
698.005
698.18
698.355
698.53
698.705
698.88
699.055
699.23
699.405
699.58
699.755
699.934
700.106
700.278
700.45
700.622
700.794
700.966
701.138
701.31
701.482
701.654
701.826
701.998
702.17
702.34
702.56
702.78
703.0
703.22
703.44
703.66
703.88
704.1
704.32
704.54
704.76
704.98
705.2
705.42
705.64
705.86
706.08
706.3
706.52
706.74
706.96
707.18
707.39
707.867
708.344
708.82
709.764
710.708
711.652
712.596
713.54
714.484
715.43
716.397
717.364
718.331
719.298
720.265
721.232
722.199
723.166
724.133
725.1
726.067
727.03
727.233
727.436
727.639
727.842
728.045
728.248
728.451
728.654
728.857
729.06
729.399
729.738
730.077
730.416
730.755
731.094
731.433
731.772
732.111
732.45
732.789
733.128
733.467
733.806
734.141
734.547
734.953
735.359
735.765
736.17
736.886
737.602
738.318
739.034
739.75
740.466
741.182
741.898
742.614
743.33
744.046
744.762
745.478
746.194
746.91
747.666
748.422
749.178
749.934
750.69
751.446
752.202
752.958
753.714
754.47
754.721
754.972
755.223
755.474
755.725
755.976
756.227
756.478
756.729
756.98
757.231
757.482
757.733
757.984
758.235
758.486
758.737
758.988
759.23
759.48
759.73
759.98
760.23
760.727
761.224
761.721
762.218
762.715
763.212
763.709
764.206
764.703
765.2
765.697
766.194
766.691
767.188
767.685
768.182
768.679
769.17
769.402
769.634
769.866
770.098
770.33
770.562
770.794
771.026
771.258
771.49
771.722
771.954
772.186
772.418
772.65
772.882
773.114
773.346
773.57
773.826
774.082
774.338
774.594
774.85
775.106
775.362
775.618
775.874
776.13
776.386
776.642
776.898
777.154
777.41
777.666
777.922
778.178
778.434
778.69
778.94
779.575
780.21
780.845
781.48
782.115
782.75
783.243
783.736
784.229
784.722
785.215
785.708
786.2
787.17
788.14
789.11
790.08
790.585
791.09
791.595
792.1
792.605
793.11
793.615
794.12
794.561
795.002
795.443
795.884
796.325
796.766
797.207
797.648
798.089
798.53
798.971
799.412
799.853
800.294
800.735
801.176
801.61
802.429
803.248
804.067
804.886
805.705
806.524
807.343
808.162
808.981
809.8
810.619
811.438
812.257
813.076
813.895
814.714
815.54
815.697
815.854
816.011
816.168
816.325
816.482
816.639
816.796
816.953
817.11
817.27
817.674
818.078
818.482
818.886
819.29
819.694
820.098
820.502
820.906
821.31
821.714
822.118
822.522
822.926
823.33
823.734
824.138
824.55
825.049
825.548
826.047
826.546
827.045
827.544
828.043
828.54
829.099
829.658
830.217
830.776
831.335
831.894
832.45
833.193
833.936
834.679
835.422
836.165
836.908
837.651
838.394
839.137
839.88
840.623
841.366
842.109
842.852
843.6
844.295
844.99
845.685
846.38
847.075
847.77
848.465
849.16
849.855
850.55
851.245
851.94
852.64
853.622
854.604
855.587
856.569
857.551
858.534
859.516
860.498
861.481
862.463
863.445
864.43
864.764
865.098
865.432
865.766
866.1
866.434
866.768
867.102
867.436
867.77
868.104
868.438
868.772
869.1
869.319
869.538
869.757
869.976
870.195
870.414
870.633
870.852
871.071
871.29
871.509
871.728
871.947
872.166
872.385
872.604
872.823
873.041
873.208
873.375
873.542
873.709
873.876
874.043
874.21
874.377
874.544
874.711
874.878
875.045
875.212
875.379
875.546
875.713
875.88
876.047
876.22
879.016
881.812
884.608
887.404
890.2
890.506
890.812
891.118
891.424
891.73
892.036
892.342
892.648
892.954
893.26
893.566
893.872
894.178
894.484
894.79
895.096
895.41
895.985
896.56
897.135
897.71
898.285
898.86
899.367
899.874
900.381
900.888
901.395
901.902
902.409
902.916
903.423
903.93
904.437
904.944
905.451
905.958
906.47
906.694
906.918
907.142
907.366
907.59
907.814
908.038
908.262
908.486
908.71
908.934
909.158
909.382
909.606
909.83
910.054
910.278
910.502
910.726
910.95
911.18
911.499
911.818
912.137
912.456
912.775
913.094
913.413
913.732
914.05
914.533
915.016
915.499
915.982
916.465
916.948
917.431
917.914
918.397
918.88
919.363
919.846
920.329
920.812
921.295
921.778
922.26
922.593
922.926
923.26
923.573
923.886
924.199
924.512
924.825
925.138
925.451
925.764
926.077
926.39
926.703
927.016
927.329
927.642
927.955
928.268
928.581
928.9
929.199
929.498
929.797
930.096
930.395
930.694
930.99
931.514
932.038
932.562
933.086
933.61
934.134
934.66
935.037
935.414
935.791
936.168
936.545
936.922
937.299
937.676
938.053
938.43
938.807
939.184
939.561
939.938
940.315
940.692
941.07
941.461
941.852
942.243
942.634
943.025
943.416
943.81
943.991
944.172
944.353
944.534
944.715
944.896
945.077
945.258
945.439
945.62
945.801
945.982
946.163
946.344
946.525
946.706
946.88
947.299
947.718
948.137
948.556
948.975
949.394
949.813
950.23
950.521
950.812
951.103
951.394
951.685
951.976
952.267
952.558
952.849
953.14
953.431
953.722
954.013
954.304
954.595
954.89
955.186
955.482
955.778
956.074
956.37
956.666
956.962
957.258
957.554
957.85
958.146
958.442
958.738
959.034
959.33
959.62
960.325
961.03
961.735
962.44
963.145
963.85
964.215
964.58
964.945
965.31
965.675
966.04
966.405
966.77
967.135
967.5
967.865
968.23
968.6
968.819
969.038
969.257
969.476
969.695
969.914
970.133
970.352
970.571
970.79
971.009
971.228
971.447
971.666
971.885
972.104
972.323
972.542
972.761
972.98
973.199
973.42
973.754
974.088
974.422
974.756
975.09
975.424
975.758
976.092
976.426
976.76
977.094
977.428
977.762
978.096
978.43
978.764
979.098
979.432
979.77
981.186
982.602
984.018
985.434
986.85
988.266
989.68
990.101
990.522
990.943
991.364
991.785
992.206
992.627
993.048
993.469
993.89
994.311
994.732
995.153
995.574
995.995
996.416
996.837
997.258
997.68
997.941
998.202
998.463
998.724
998.985
999.246
999.507
999.768
1000.029
1000.29
1000.551
1000.812
1001.073
1001.334
1001.595
1001.856
1002.117
1002.378
1002.64
1002.928
1003.216
1003.504
1003.792
1004.08
1004.368
1004.656
1004.943
1005.231
1005.519
1005.807
1006.09
1006.395
1006.7
1007.005
1007.31
1007.615
1007.92
1008.225
1008.53
1008.835
1009.14
1009.445
1009.75
1010.055
1010.36
1010.665
1010.97
1011.275
1011.58
1011.89
1012.328
1012.766
1013.204
1013.642
1014.081
1014.519
1014.957
1015.395
1015.833
1016.271
1016.709
1017.147
1017.586
1018.024
1018.462
1018.9
1019.338
1019.776
1020.214
1020.66
1021.184
1021.708
1022.232
1022.756
1023.28
1023.804
1024.328
1024.852
1025.376
1025.9
1026.074
1026.248
1026.422
1026.596
1026.77
1026.944
1027.118
1027.292
1027.466
1027.64
1027.814
1027.988
1028.162
1028.336
1028.51
1028.684
1028.858
1029.032
1029.206
1029.38
1029.554
1029.73
1030.874
1032.018
1033.162
1034.306
1035.45
1036.594
1037.738
1038.882
1040.026
1041.169
1043.379
1045.589
1047.799
1050.009
1052.219
1054.429
1056.639
1058.849
1061.059
1063.269
1065.479
1067.689
1069.899
1072.109
1074.319
1076.529
1078.739
1080.95
1081.425
1081.9
1082.375
1082.85
1083.325
1083.8
1084.275
1084.75
1085.225
1085.7
1086.175
1086.65
1086.93
1087.21
1087.49
1087.77
1088.05
1088.33
1088.61
1088.89
1089.17
1089.845
1090.52
1091.195
1091.87
1092.545
1093.22
1093.895
1094.57
1095.245
1095.92
1096.6
1098.064
1099.528
1100.992
1102.456
1103.92
1105.384
1106.848
1108.312
1109.776
1111.24
1112.704
1114.168
1115.632
1117.096
1118.56
1120.03
1120.957
1121.884
1122.81
1123.264
1123.718
1124.172
1124.626
1125.08
1125.534
1125.988
1126.442
1126.896
1127.35
1127.804
1128.258
1128.712
1129.166
1129.62
1130.074
1130.53
1131.183
1131.836
1132.49
1132.704
1132.918
1133.132
1133.346
1133.56
1133.774
1133.988
1134.202
1134.416
1134.63
1134.844
1135.058
1135.272
1135.486
1135.7
1135.914
1136.128
1136.34
1138.217
1140.095
1141.973
1143.85
1144.938
1146.026
1147.114
1148.202
1149.29
1150.378
1151.466
1152.554
1153.642
1154.73
1154.987
1155.244
1155.501
1155.758
1156.015
1156.272
1156.529
1156.786
1157.043
1157.3
1157.557
1157.81
1158.131
1158.452
1158.773
1159.094
1159.415
1159.736
1160.057
1160.378
1160.699
1161.02
1161.341
1161.662
1161.983
1162.304
1162.625
1162.946
1163.26
1163.58
1163.9
1164.22
1164.54
1164.86
1165.18
1165.5
1165.82
1166.14
1166.46
1166.78
1167.1
1167.569
1168.038
1168.507
1168.976
1169.445
1169.914
1170.383
1170.852
1171.321
1171.79
1172.259
1172.728
1173.197
1173.666
1174.14
1174.438
1174.736
1175.034
1175.332
1175.63
1175.928
1176.226
1176.524
1176.822
1177.12
1177.418
1177.716
1178.014
1178.312
1178.61
1178.908
1179.21
1179.46
1179.71
1179.96
1180.21
1180.551
1180.892
1181.233
1181.574
1181.915
1182.256
1182.597
1182.938
1183.279
1183.62
1183.961
1184.302
1184.643
1184.98
1185.3
1185.62
1185.94
1186.26
1186.58
1186.9
1187.22
1187.54
1187.86
1188.18
1188.5
1188.82
1189.14
1189.46
1189.78
1190.284
1190.788
1191.292
1191.796
1192.3
1192.804
1193.308
1193.812
1194.316
1194.82
1195.324
1195.828
1196.332
1196.836
1197.34
1198.135
1198.93
1199.725
1200.52
1200.848
1201.176
1201.504
1201.832
1202.16
1202.488
1202.816
1203.144
1203.472
1203.8
1204.128
1204.456
1204.784
1205.112
1205.44
1205.768
1206.096
1206.42
1207.173
1207.926
1208.68
1208.955
1209.23
1209.505
1209.78
1210.055
1210.33
1210.605
1210.88
1211.155
1211.43
1211.705
1211.98
1212.26
1212.66
1213.06
1213.46
1213.86
1214.26
1214.66
1215.06
1215.46
1215.86
1216.26
1216.66
1217.06
1217.46
1217.86
1218.26
1218.66
1219.06
1219.46
1219.822
1220.184
1220.546
1220.908
1221.27
1221.632
1221.994
1222.356
1222.718
1223.08
1223.442
1223.804
1224.166
1224.528
1224.89
1225.26
1225.63
1226.0
1226.473
1226.946
1227.419
1227.892
1228.365
1228.838
1229.311
1229.784
1230.257
1230.73
1231.203
1231.676
1232.149
1232.622
1233.09
1233.398
1233.706
1234.014
1234.322
1234.63
1234.938
1235.245
1235.552
1235.86
1236.168
1236.476
1236.784
1237.091
1237.398
1237.706
1238.014
1238.322
1238.63
1238.938
1239.24
1239.569
1239.898
1240.227
1240.556
1240.885
1241.214
1241.543
1241.872
1242.201
1242.53
1242.859
1243.188
1243.517
1243.846
1244.175
1244.504
1244.833
1245.17
1246.137
1247.104
1248.071
1249.038
1250.005
1250.972
1251.939
1252.909
1253.187
1253.465
1253.743
1254.021
1254.299
1254.577
1254.855
1255.133
1255.411
1255.689
1255.967
1256.25
1256.513
1256.776
1257.039
1257.302
1257.565
1257.828
1258.09
1258.401
1258.712
1259.023
1259.334
1259.645
1259.956
1260.267
1260.578
1260.889
1261.2
1261.511
1261.822
1262.133
1262.444
1262.755
1263.066
1263.377
1263.688
1263.99
1264.193
1264.396
1264.599
1264.802
1265.005
1265.207
1265.41
1265.61
1266.029
1266.448
1266.867
1267.286
1267.705
1268.124
1268.543
1268.962
1269.381
1269.8
1270.007
1270.214
1270.421
1270.628
1270.835
1271.04
1271.548
1272.056
1272.564
1273.072
1273.58
1274.088
1274.596
1275.104
1275.612
1276.12
1276.628
1277.136
1277.64
1278.537
1279.434
1280.331
1281.228
1282.125
1283.022
1283.919
1284.816
1285.713
1286.61
1287.507
1288.4
1288.608
1288.816
1289.024
1289.232
1289.44
1289.648
1289.856
1290.064
1290.27
1290.484
1290.698
1290.912
1291.126
1291.34
1291.554
1291.768
1291.982
1292.196
1292.41
1292.624
1292.838
1293.052
1293.266
1293.48
1293.69
1293.98
1294.27
1294.56
1294.85
1295.14
1295.43
1295.72
1296.01
1296.3
1296.59
1296.88
1297.17
1297.46
1297.75
1298.04
1298.499
1298.958
1299.417
1299.876
1300.335
1300.794
1301.253
1301.712
1302.171
1302.63
1303.089
1303.548
1304.007
1304.466
1304.925
1305.384
1305.843
1306.302
1306.761
1307.22
1307.387
1307.554
1307.721
1307.888
1308.055
1308.22
1308.553
1308.886
1309.219
1309.552
1309.885
1310.218
1310.551
1310.884
1311.217
1311.55
1311.883
1312.216
1312.549
1312.882
1313.215
1313.548
1313.881
1314.214
1314.547
1314.88
1315.22
1315.848
1316.476
1317.104
1317.73
1318.233
1318.736
1319.239
1319.742
1320.245
1320.748
1321.251
1321.754
1322.257
1322.76
1323.217
1323.674
1324.131
1324.588
1325.045
1325.502
1325.959
1326.416
1326.873
1327.33
1327.79
1328.539
1329.288
1330.037
1330.786
1331.535
1332.284
1333.033
1333.782
1334.531
1335.28
1336.029
1336.778
1337.527
1338.28
1338.906
1339.532
1340.158
1340.784
1341.41
1342.036
1342.662
1343.288
1343.914
1344.54
1345.166
1345.792
1346.42
1346.84
1347.26
1347.68
1348.1
1348.52
1348.94
1349.36
1349.78
1350.2
1350.62
1351.04
1351.684
1352.328
1352.972
1353.616
1354.26
1354.904
1355.548
1356.192
1356.84
1357.204
1357.568
1357.932
1358.296
1358.66
1359.024
1359.388
1359.752
1360.116
1360.48
1360.844
1361.208
1361.572
1361.936
1362.3
1362.664
1363.028
1363.392
1363.756
1364.12
1364.484
1364.85
1365.7
1366.55
1367.4
1368.25
1369.1
1369.95
1370.8
1371.65
1372.5
1373.35
1374.2
1375.05
1375.634
1376.218
1376.802
1377.386
1377.97
1378.554
1379.138
1379.722
1380.306
1380.89
1381.474
1382.058
1382.64
1383.65
1384.66
1385.67
1386.68
1387.69
1388.7
1389.71
1390.72
1391.06
1391.4
1391.74
1392.08
1392.42
1392.76
1393.1
1393.44
1393.78
1394.12
1394.46
1394.8
1395.14
1395.48
1395.82
1396.16
1396.5
1396.84
1397.18
1397.52
1397.86
1398.523
1399.186
1399.849
1400.51
1400.969
1401.428
1401.887
1402.346
1402.805
1403.264
1403.723
1404.182
1404.641
1405.1
1405.559
1406.018
1406.48
1406.873
1407.266
1407.659
1408.052
1408.445
1408.838
1409.231
1409.624
1410.017
1410.41
1410.847
1411.284
1411.721
1412.158
1412.595
1413.032
1413.469
1413.906
1414.343
1414.78
1415.217
1415.654
1416.091
1416.528
1416.965
1417.402
1417.839
1418.276
1418.713
1419.15
1422.17
1422.854
1423.538
1424.222
1424.906
1425.59
1426.274
1426.958
1427.642
1428.33
1428.66
1428.99
1429.32
1429.65
1429.98
1430.31
1430.64
1430.97
1431.3
1432.166
1433.032
1433.898
1434.764
1435.63
1436.496
1437.362
1438.228
1439.094
1439.96
1440.826
1441.692
1442.558
1443.42
1443.678
1443.936
1444.193
1444.45
1444.707
1444.965
1445.222
1445.479
1445.736
1445.994
1446.251
1446.508
1446.765
1447.023
1447.28
1447.54
1447.99
1448.44
1448.89
1449.34
1449.79
1450.24
1450.69
1451.14
1451.59
1452.04
1452.49
1452.94
1453.39
1453.84
1454.29
1454.74
1455.19
1455.64
1456.09
1456.59
1457.09
1457.216
1457.342
1457.468
1457.594
1457.72
1457.846
1457.972
1458.1
1458.727
1459.355
1459.983
1460.611
1461.239
1461.867
1462.495
1463.122
1463.75
1464.378
1465.005
1465.633
1466.261
1466.889
1467.516
1468.144
1468.772
1469.399
1470.026
1470.65
1470.929
1471.208
1471.487
1471.766
1472.045
1472.324
1472.603
1472.88
1473.25
1473.62
1473.99
1474.36
1474.73
1475.1
1475.47
1475.84
1476.21
1476.58
1476.95
1477.32
1477.69
1478.06
1478.43
1478.8
1479.17
1479.54
1479.91
1480.28
1480.65
1481.02
1481.38
1481.642
1481.904
1482.166
1482.428
1482.69
1482.952
1483.214
1483.476
1483.74
1483.967
1484.194
1484.421
1484.648
1484.875
1485.102
1485.329
1485.556
1485.783
1486.01
1486.237
1486.464
1486.691
1486.918
1487.145
1487.372
1487.599
1487.826
1488.05
1488.78
1489.51
1490.24
1490.972
1491.156
1491.34
1491.524
1491.708
1491.892
1492.076
1492.26
1492.444
1492.628
1492.812
1492.996
1493.18
1493.364
1493.548
1493.732
1493.916
1494.1
1494.284
1494.468
1494.652
1494.83
1495.308
1495.786
1496.264
1496.742
1497.22
1497.497
1497.774
1498.051
1498.328
1498.605
1498.882
1499.159
1499.436
1499.713
1499.99
1500.267
1500.544
1500.821
1501.098
1501.375
1501.652
1501.929
1502.458
1502.987
1503.516
1504.045
1504.574
1505.103
1505.632
1506.161
1506.69
1507.219
1507.748
1508.28
1508.749
1509.218
1509.687
1510.156
1510.625
1511.094
1511.563
1512.032
1512.501
1512.97
1513.262
1513.554
1513.846
1514.138
1514.43
1514.722
1515.014
1515.306
1515.598
1515.89
1516.182
1516.474
1516.766
1517.058
1517.35
1517.642
1517.934
1518.22
1518.424
1518.628
1518.832
1519.036
1519.24
1519.444
1519.648
1519.852
1520.056
1520.26
1520.464
1520.668
1520.872
1521.07
1521.444
1521.818
1522.192
1522.566
1522.94
1523.314
1523.688
1524.062
1524.436
1524.81
1525.184
1525.558
1525.932
1526.306
1526.68
1527.054
1527.428
1527.803
1528.178
1528.56
1528.838
1529.116
1529.394
1529.672
1529.95
1530.228
1530.506
1530.784
1531.06
1531.51
1531.96
1532.41
1532.86
1533.31
1533.76
1534.21
1534.66
1535.11
1535.56
1536.01
1536.46
1536.91
1537.36
1537.81
1538.26
1538.71
1539.16
1539.61
1540.06
1540.51
1540.97
1542.47
1543.97
1545.47
1546.884
1548.298
1549.712
1551.126
1552.54
1553.954
1555.368
1556.782
1558.196
1559.61
1561.024
1562.438
1563.852
1565.27
1565.438
1565.606
1565.774
1565.942
1566.11
1566.278
1566.446
1566.614
1566.782
1566.95
1567.118
1567.286
1567.454
1567.622
1567.79
1567.958
1568.126
1568.294
1568.462
1568.63
1568.79
1569.79
1570.171
1570.552
1570.933
1571.314
1571.695
1572.076
1572.457
1572.838
1573.219
1573.6
1573.981
1574.362
1574.743
1575.124
1575.505
1575.886
1576.267
1576.648
1577.029
1577.41
1577.791
1578.172
1578.55
1579.793
1581.036
1582.279
1583.522
1584.765
1586.01
1586.33
1586.65
1586.97
1587.29
1587.61
1587.93
1588.25
1588.57
1588.89
1589.21
1589.53
1589.761
1589.992
1590.223
1590.454
1590.685
1590.916
1591.147
1591.378
1591.609
1591.84
1592.071
1592.302
1592.533
1592.764
1592.995
1593.226
1593.457
1593.688
1593.919
1594.15
1594.381
1594.61
1594.86
1595.11
1595.36
1595.61
1595.982
1596.354
1596.726
1597.098
1597.47
1597.842
1598.214
1598.586
1598.958
1599.33
1599.702
1600.074
1600.44
1600.757
1601.074
1601.391
1601.708
1602.025
1602.34
1602.979
1603.618
1604.257
1604.896
1605.535
1606.174
1606.813
1607.452
1608.091
1608.73
1609.369
1610.008
1610.647
1611.286
1611.925
1612.564
1613.203
1613.842
1614.481
1615.12
1615.759
1616.398
1617.03
1617.453
1617.876
1618.299
1618.722
1619.145
1619.57
1620.167
1620.764
1621.361
1621.958
1622.555
1623.152
1623.749
1624.346
1624.943
1625.54
1626.137
1626.734
1627.331
1627.928
1628.525
1629.122
1629.719
1630.31
1630.648
1630.986
1631.324
1631.662
1632.0
1632.338
1632.676
1633.014
1633.351
1633.689
1634.027
1634.365
1634.703
1635.041
1635.379
1635.716
1636.053
1636.391
1636.729
1637.06
1637.705
1638.35
1639.803
1641.256
1642.709
1644.162
1645.615
1647.068
1648.52
1648.818
1649.116
1649.414
1649.712
1650.01
1650.308
1650.606
1650.904
1651.202
1651.5
1651.798
1652.096
1652.394
1652.692
1652.99
1653.288
1653.586
1653.884
1654.19
1654.582
1654.974
1655.366
1655.758
1656.15
1656.542
1656.934
1657.326
1657.72
1658.069
1658.418
1658.767
1659.116
1659.465
1659.814
1660.163
1660.512
1660.861
1661.21
1661.559
1661.908
1662.257
1662.606
1662.955
1663.3
1663.623
1663.946
1664.269
1664.592
1664.915
1665.238
1665.561
1665.884
1666.207
1666.53
1666.853
1667.176
1667.499
1667.822
1668.145
1668.468
1668.791
1669.11
1669.453
1669.796
1670.139
1670.482
1670.825
1671.168
1671.511
1671.854
1672.197
1672.54
1672.883
1673.226
1673.569
1673.912
1674.255
1674.6
1675.557
1676.514
1677.471
1678.428
1679.385
1680.342
1681.299
1682.256
1683.213
1684.17
1685.13
1685.561
1685.992
1686.423
1686.854
1687.285
1687.716
1688.147
1688.578
1689.009
1689.44
1689.871
1690.3
1690.507
1690.714
1690.921
1691.128
1691.335
1691.542
1691.749
1691.956
1692.163
1692.37
1692.577
1692.784
1692.991
1693.198
1693.41
1693.767
1694.124
1694.481
1694.838
1695.195
1695.552
1695.909
1696.266
1696.623
1696.98
1697.337
1697.694
1698.051
1698.408
1698.765
1699.122
1699.479
1699.84
1700.224
1700.608
1700.992
1701.376
1701.76
1702.144
1702.528
1702.912
1703.296
1703.68
1704.064
1704.448
1704.832
1705.216
1705.6
1705.984
1706.368
1706.752
1707.14
1707.648
1708.156
1708.664
1709.172
1709.679
1710.087
1710.495
1710.903
1711.311
1711.719
1712.127
1712.535
1712.94
1713.294
1713.648
1714.002
1714.356
1714.71
1715.064
1715.418
1715.772
1716.126
1716.48
1716.834
1717.188
1717.542
1717.896
1718.25
1718.604
1718.958
1719.312
1719.666
1720.02
1720.37
1720.921
1721.472
1722.023
1722.574
1723.125
1723.676
1724.227
1724.778
1725.329
1725.88
1726.431
1726.982
1727.533
1728.084
1728.635
1729.186
1729.73
1730.047
1730.364
1730.681
1730.998
1731.315
1731.632
1731.949
1732.266
1732.583
1732.9
1733.217
1733.534
1733.851
1734.168
1734.485
1734.802
1735.119
1735.436
1735.753
1736.07
1736.391
1736.625
1736.859
1737.093
1737.327
1737.561
1737.795
1738.029
1738.26
1738.497
1738.734
1738.971
1739.208
1739.445
1739.682
1739.919
1740.156
1740.393
1740.63
1740.867
1741.104
1741.341
1741.578
1741.815
1742.052
1742.289
1742.526
1742.76
1743.093
1743.426
1743.76
1744.013
1744.266
1744.519
1744.772
1745.025
1745.278
1745.531
1745.784
1746.037
1746.29
1746.543
1746.796
1747.049
1747.302
1747.555
1747.808
1748.061
1748.31
1748.56
1748.81
1749.06
1749.31
1749.561
1749.812
1750.062
1750.312
1750.562
1750.812
1751.062
1751.312
1751.562
1751.812
1752.062
1752.312
1752.562
1752.812
1753.062
1753.312
1753.562
1753.812
1754.062
1754.32
1754.834
1755.348
1755.862
1756.376
1756.89
1757.146
1757.402
1757.658
1757.914
1758.17
1758.426
1758.682
1758.938
1759.194
1759.45
1759.706
1759.962
1760.218
1760.474
1760.73
1760.986
1761.242
1761.498
1761.76
1762.082
1762.405
1762.727
1763.05
1763.372
1763.695
1764.017
1764.34
1764.868
1765.396
1765.924
1766.452
1766.98
1767.508
1768.036
1768.564
1769.092
1769.62
1770.148
1770.676
1771.204
1771.732
1772.26
1772.608
1772.956
1773.304
1773.652
1774.0
1774.348
1774.696
1775.044
1775.392
1775.74
1776.088
1776.436
1776.784
1777.132
1777.48
1777.83
1778.13
1778.43
1778.73
1779.03
1779.33
1779.63
1779.878
1780.126
1780.374
1780.622
1780.87
1781.118
1781.366
1781.614
1781.862
1782.11
1782.358
1782.606
1782.854
1783.1
1783.269
1783.438
1783.607
1783.776
1783.945
1784.114
1784.283
1784.452
1784.621
1784.79
1784.959
1785.128
1785.297
1785.466
1785.635
1785.804
1785.973
1786.15
1786.36
1786.57
1786.78
1786.99
1787.2
1787.41
1787.62
1787.83
1787.971
1788.112
1788.253
1788.394
1788.535
1788.676
1788.817
1788.958
1789.099
1789.24
1789.381
1789.522
1789.663
1789.809
1790.053
1790.297
1790.541
1790.785
1791.029
1791.273
1791.517
1791.761
1792.005
1792.249
1792.493
1792.737
1792.981
1793.225
1793.469
1793.713
1793.957
1794.201
1794.44
1795.026
1795.612
1796.198
1796.784
1797.37
1797.956
1798.542
1799.128
1799.714
1800.3
1800.886
1801.472
1802.058
1802.644
1803.23
1803.816
1804.41
1804.568
1804.726
1804.884
1805.042
1805.2
1805.358
1805.516
1805.674
1805.832
1805.99
1806.148
1806.306
1806.464
1806.622
1806.78
1806.938
1807.096
1807.254
1807.42
1807.62
1807.82
1808.02
1808.22
1808.42
1808.65
1808.88
1809.11
1809.34
1809.57
1809.8
1810.03
1810.26
1810.49
1810.72
1810.95
1811.18
1811.41
1811.64
1811.87
1812.1
1812.33
1812.56
1812.79
1813.02
1813.26
1813.887
1814.514
1815.141
1815.768
1816.395
1817.022
1817.649
1818.276
1818.903
1819.53
1820.351
1821.172
1821.993
1822.814
1823.635
1824.456
1825.277
1826.098
1826.919
1827.74
1828.559
1828.905
1829.251
1829.597
1829.943
1830.289
1830.635
1830.981
1831.327
1831.673
1832.019
1832.365
1832.711
1833.057
1833.403
1833.749
1834.095
1834.441
1834.787
1835.133
1835.48
1836.143
1836.806
1837.47
1837.746
1838.022
1838.298
1838.574
1838.85
1839.126
1839.402
1839.678
1839.954
1840.23
1840.506
1840.782
1841.058
1841.334
1841.61
1841.886
1842.162
1842.438
1842.714
1842.99
1843.522
1844.054
1844.586
1845.118
1845.65
1846.182
1846.714
1847.246
1847.778
1848.31
1849.739
1851.168
1852.597
1854.026
1855.455
1856.884
1858.313
1859.742
1861.17
1861.613
1862.055
1862.497
1862.94
1864.115
1865.29
1866.465
1867.64
1868.815
1869.99
1870.366
1870.742
1871.118
1871.494
1871.87
1872.246
1872.622
1872.998
1873.374
1873.75
1874.126
1874.502
1874.878
1875.254
1875.63
1876.006
1876.382
1876.758
1877.13
1877.895
1878.66
1878.86
1879.06
1879.26
1879.46
1879.66
1879.876
1880.092
1880.308
1880.524
1880.74
1880.956
1881.172
1881.39
1882.143
1882.896
1883.649
1884.402
1885.155
1885.908
1886.661
1887.414
1888.167
1888.92
1889.673
1890.43
1890.769
1891.108
1891.447
1891.786
1892.125
1892.464
1892.803
1893.142
1893.481
1893.82
1894.159
1894.498
1894.837
1895.176
1895.515
1895.854
1896.193
1896.532
1896.87
1898.2
1898.655
1899.11
1899.565
1900.02
1900.475
1900.93
1901.385
1901.84
1902.295
1902.75
1903.205
1903.66
1904.115
1904.57
1905.025
1905.48
1905.94
1906.458
1906.976
1907.494
1908.012
1908.53
1909.048
1909.566
1910.084
1910.6
1912.325
1914.05
1915.775
1917.5
1919.225
1920.95
1921.199
1921.448
1921.697
1921.946
1922.195
1922.444
1922.693
1922.942
1923.191
1923.44
1923.689
1923.938
1924.187
1924.436
1924.685
1924.934
1925.183
1925.432
1925.69
1926.133
1926.576
1927.019
1927.462
1927.905
1928.348
1928.791
1929.234
1929.677
1930.12
1930.56
1930.803
1931.046
1931.289
1931.532
1931.775
1932.018
1932.261
1932.504
1932.747
1932.99
1933.233
1933.476
1933.719
1933.962
1934.205
1934.448
1934.691
1934.929
1936.169
1936.615
1937.061
1937.507
1937.953
1938.399
1938.845
1939.291
1939.737
1940.183
1940.629
1941.07
1941.615
1942.16
1942.705
1943.25
1943.795
1944.34
1944.885
1945.43
1945.975
1946.52
1947.065
1947.61
1947.888
1948.166
1948.444
1948.722
1949.0
1949.278
1949.556
1949.834
1950.112
1950.39
1950.668
1950.946
1951.224
1951.502
1951.78
1952.058
1952.336
1952.62
1952.886
1953.152
1953.418
1953.684
1953.95
1954.216
1954.482
1954.748
1955.014
1955.28
1955.546
1955.812
1956.078
1956.344
1956.61
1956.876
1957.142
1957.408
1957.68
1958.196
1958.712
1959.228
1959.744
1960.26
1960.776
1961.292
1961.808
1962.324
1962.84
1963.193
1963.546
1963.899
1964.252
1964.605
1964.958
1965.311
1965.664
1966.017
1966.37
1966.72
1967.105
1967.49
1967.875
1968.26
1968.645
1969.03
1969.415
1969.8
1970.185
1970.57
1970.955
1971.34
1971.725
1972.11
1972.313
1972.516
1972.719
1972.922
1973.125
1973.328
1973.531
1973.734
1973.937
1974.14
1974.343
1974.546
1974.749
1974.952
1975.155
1975.358
1975.561
1975.764
1975.967
1976.169
1994.98
2000.67
2006.36
2006.657
2006.954
2007.251
2007.548
2007.845
2008.142
2008.439
2008.736
2009.033
2009.33
2009.627
2009.919
2010.265
2010.611
2010.957
2011.303
2011.649
2011.995
2012.341
2012.687
2013.033
2013.379
2013.725
2014.071
2014.417
2014.763
2015.109
2015.455
2015.801
2016.147
2016.493
2016.839
2017.185
2017.54
2020.31
2020.584
2020.858
2021.132
2021.406
2021.68
2021.954
2022.228
2022.502
2022.776
2023.05
2023.447
2023.844
2024.242
2024.639
2025.036
2025.434
2025.832
2026.23
2026.628
2027.025
2027.423
2027.82
2028.155
2028.49
2028.825
2029.16
2029.495
2029.83
2030.165
2030.5
2030.835
2031.169
2031.444
2031.719
2031.994
2032.269
2032.544
2032.819
2033.094
2033.369
2033.644
2033.919
2034.194
2034.469
2034.744
2035.019
2035.294
2035.57
2036.181
2036.792
2037.403
2038.014
2038.625
2039.236
2039.847
2040.458
2041.069
2041.68
2042.291
2042.902
2043.513
2044.124
2044.735
2045.346
2045.957
2046.568
2047.179
2047.79
2048.577
2049.364
2050.151
2050.938
2051.725
2052.512
2053.299
2054.086
2054.873
2055.66
2056.447
2057.234
2058.02
2058.199
2058.378
2058.557
2058.736
2058.915
2059.094
2059.273
2059.45
2059.732
2060.014
2060.296
2060.578
2060.86
2061.142
2061.424
2061.706
2061.988
2062.27
2062.75
2063.23
2063.71
2063.905
2064.1
2064.295
2064.49
2064.685
2064.88
2065.075
2065.27
2065.465
2065.66
2065.855
2066.05
2066.245
2066.44
2066.635
2066.83
2067.025
2067.22
2067.415
2067.619
2068.19
2068.76
2069.124
2069.488
2069.852
2070.216
2070.58
2070.944
2071.308
2071.672
2072.036
2072.4
2072.764
2073.128
2073.492
2073.856
2074.22
2074.584
2074.94
2075.19
2075.44
2075.69
2075.94
2076.219
2076.498
2076.777
2077.056
2077.335
2077.614
2077.893
2078.172
2078.451
2078.73
2079.01
2079.737
2080.464
2081.191
2081.918
2082.645
2083.372
2084.099
2084.826
2085.553
2086.28
2087.007
2087.734
2088.461
2089.188
2089.915
2090.642
2091.369
2092.096
2092.82
2093.69
2094.56
2094.818
2095.076
2095.334
2095.592
2095.85
2096.108
2096.366
2096.624
2096.882
2097.14
2097.398
2097.656
2097.914
2098.172
2098.43
2098.941
2099.452
2099.963
2100.474
2100.985
2101.496
2102.007
2102.518
2103.029
2103.54
2104.051
2104.559
2104.886
2105.213
2105.54
2105.867
2106.194
2106.521
2106.848
2107.175
2107.502
2107.829
2108.156
2108.483
2108.81
2109.137
2109.464
2109.791
2110.118
2110.445
2110.77
2111.333
2111.896
2112.46
2112.709
2112.958
2113.207
2113.456
2113.705
2113.954
2114.203
2114.452
2114.701
2114.95
2115.199
2115.448
2115.697
2115.946
2116.195
2116.444
2116.69
2116.955
2117.22
2117.485
2117.75
2118.015
2118.28
2118.545
2118.81
2119.079
2119.319
2119.559
2119.799
2120.039
2120.279
2120.519
2120.759
2120.999
2121.239
2121.479
2121.719
2121.959
2122.199
2122.44
2124.798
2127.156
2129.514
2131.872
2134.23
2136.588
2138.946
2141.304
2143.662
2146.02
2148.378
2150.736
2153.099
2153.714
2154.329
2154.944
2155.559
2156.174
2156.789
2157.404
2158.019
2158.634
2159.249
2159.864
2160.479
2161.094
2161.709
2162.324
2162.939
2163.549
2163.799
2164.049
2164.299
2164.549
2165.939
2167.329
2168.719
2170.109
2171.499
2172.889
2174.279
2175.669
2177.059
2178.449
2179.839
2180.984
2182.129
2183.274
2184.419
2185.564
2186.709
2187.854
2188.999
2190.144
2191.289
2192.434
2193.579
2194.72
2195.241
2195.762
2196.283
2196.804
2197.325
2197.846
2198.367
2198.888
2199.409
2199.93
2200.451
2200.972
2201.493
2202.014
2202.535
2203.056
2203.577
2204.098
2204.619
2205.14
2205.628
2206.116
2206.604
2207.092
2207.58
2208.068
2208.556
2209.044
2209.532
2210.02
2210.509
2210.787
2211.065
2211.343
2211.621
2211.899
2212.177
2212.455
2212.733
2213.011
2213.289
2213.567
2213.845
2214.123
2214.401
2214.679
2214.957
2215.23
2215.526
2215.822
2216.118
2216.414
2216.71
2217.006
2217.302
2217.598
2217.89
2220.233
2222.576
2224.919
2227.262
2229.605
2231.95
2232.533
2233.116
2233.699
2234.282
2234.865
2235.448
2236.031
2236.614
2237.197
2237.78
2238.363
2238.95
2239.235
2239.52
2239.805
2240.09
2240.375
2240.66
2240.945
2241.23
2241.515
2241.8
2242.085
2242.37
2242.655
2242.94
2243.225
2243.51
2243.795
2244.08
2244.365
2244.64
2244.881
2245.122
2245.363
2245.604
2245.845
2246.086
2246.327
2246.568
2246.809
2247.05
2247.291
2247.532
2247.773
2248.014
2248.255
2248.496
2248.737
2248.971
2249.588
2250.205
2250.822
2251.439
2252.055
2252.67
2252.901
2253.131
2253.361
2253.591
2253.822
2254.053
2254.284
2254.515
2254.745
2254.976
2255.207
2255.438
2255.669
2255.899
2256.13
2256.361
2256.591
2256.819
2257.185
2257.551
2257.917
2258.283
2258.649
2259.015
2259.381
2259.747
2260.113
2260.479
2260.845
2261.211
2261.577
2261.943
2262.309
2262.67
2263.071
2263.472
2263.873
2264.274
2264.675
2265.076
2265.477
2265.88
2266.174
2266.468
2266.762
2267.056
2267.35
2267.644
2267.938
2268.232
2268.526
2268.82
2269.114
2269.408
2269.702
2269.996
2270.29
2270.579
2270.71
2270.841
2270.972
2271.103
2271.234
2271.365
2271.496
2271.627
2271.759
2272.061
2272.364
2272.667
2272.97
2273.273
2273.575
2273.877
2274.18
2274.483
2274.785
2275.087
2275.39
2275.693
2275.995
2276.297
2276.6
2276.903
2277.206
2277.508
2277.809
2278.243
2278.677
2279.111
2279.545
2279.98
2280.695
2281.41
2282.125
2282.84
2283.555
2284.27
2284.985
2285.7
2286.415
2287.13
2287.845
2288.56
2289.269
2290.983
2292.697
2294.41
2296.123
2297.837
2299.55
2300.621
2301.692
2302.763
2303.834
2304.905
2305.976
2307.047
2308.118
2309.19
2309.663
2310.136
2310.609
2311.082
2311.555
2312.028
2312.501
2312.974
2313.447
2313.92
2314.393
2314.866
2315.339
2315.655
2315.971
2316.287
2316.603
2316.919
2317.235
2317.551
2317.867
2318.183
2318.499
2318.815
2319.131
2319.447
2319.763
2320.079
2320.395
2320.711
2321.027
2321.339
2321.564
2321.789
2322.014
2322.239
2322.464
2322.689
2322.914
2323.139
2323.364
2323.589
2323.814
2324.039
2324.264
2324.49
2324.853
2325.216
2325.579
2325.942
2326.305
2326.668
2327.031
2327.394
2327.757
2328.12
2328.483
2328.846
2329.209
2329.569
2330.108
2330.647
2331.186
2331.725
2332.264
2332.803
2333.342
2333.88
2334.127
2334.374
2334.621
2334.868
2335.115
2335.362
2335.609
2335.856
2336.103
2336.349
2336.683
2337.017
2337.351
2337.685
2338.019
2338.353
2338.687
2339.021
2339.359
2339.732
2340.105
2340.478
2340.851
2341.224
2341.597
2341.97
2342.343
2342.716
2343.089
2343.46
2343.703
2343.946
2344.189
2344.432
2344.675
2344.918
2345.161
2345.404
2345.647
2345.89
2346.133
2346.376
2346.619
2346.862
2347.105
2347.348
2347.589
2348.189
2348.789
2349.389
2349.989
2350.589
2351.189
2351.789
2352.389
2352.989
2353.589
2354.189
2354.789
2355.389
2355.989
2356.589
2357.189
2357.789
2358.389
2358.989
2359.589
2359.885
2360.181
2360.477
2360.773
2361.069
2361.365
2361.661
2361.957
2362.253
2362.549
2362.845
2363.141
2363.437
2363.733
2364.029
2364.325
2364.621
2364.917
2365.22
2366.474
2367.729
2368.534
2369.339
2370.144
2370.949
2371.754
2372.559
2373.364
2374.169
2374.974
2375.779
2376.579
2376.883
2377.187
2377.491
2377.795
2378.099
2378.403
2378.707
2379.011
2379.315
2379.619
2379.923
2380.227
2380.531
2380.835
2381.139
2381.443
2381.749
2382.346
2382.943
2383.54
2384.137
2384.734
2385.331
2385.928
2386.525
2387.122
2387.719
2388.316
2388.913
2389.51
2390.109
2390.327
2390.545
2390.763
2390.981
2391.199
2391.417
2391.635
2391.853
2392.071
2392.289
2392.507
2392.725
2392.94
2393.141
2393.342
2393.543
2393.744
2393.945
2394.146
2394.347
2394.548
2394.749
2394.95
2395.151
2395.352
2395.553
2395.754
2395.955
2396.156
2396.349
2396.682
2397.015
2397.349
2397.521
2397.693
2397.865
2398.037
2398.209
2398.381
2398.553
2398.725
2398.897
2399.069
2399.241
2399.413
2399.585
2399.757
2399.929
2400.101
2400.273
2400.44
2400.728
2401.016
2401.304
2401.592
2401.88
2402.168
2402.456
2402.744
2403.029
2403.254
2403.479
2403.704
2403.929
2404.154
2404.379
2404.604
2404.829
2405.054
2405.279
2405.504
2405.729
2405.954
2406.179
2406.404
2406.629
2406.849
2407.299
2407.749
2408.199
2408.65
2409.066
2409.482
2409.898
2410.314
2410.73
2411.146
2411.562
2411.978
2412.394
2412.81
2413.226
2413.642
2414.058
2414.474
2414.89
2415.306
2415.72
2415.898
2416.075
2416.252
2416.43
2416.608
2416.785
2416.962
2417.14
2417.515
2417.89
2418.265
2418.64
2419.015
2419.39
2419.765
2420.14
2420.515
2420.89
2421.265
2421.64
2422.015
2422.39
2422.765
2423.14
2423.515
2423.89
2424.259
2425.429
2426.599
2427.769
2428.032
2428.295
2428.558
2428.821
2429.084
2429.347
2429.61
2429.873
2430.136
2430.399
2430.662
2430.925
2431.19
2432.254
2433.318
2434.382
2435.446
2436.51
2437.574
2438.638
2439.702
2440.766
2441.829
2443.081
2444.333
2445.585
2446.837
2448.089
2449.341
2450.593
2451.845
2453.099
2453.396
2453.693
2453.99
2454.287
2454.584
2454.881
2455.178
2455.475
2455.772
2456.069
2456.366
2456.663
2456.96
2457.257
2457.554
2457.851
2458.148
2458.45
2458.714
2458.978
2459.242
2459.506
2459.77
2460.034
2460.298
2460.562
2460.826
2461.09
2461.354
2461.618
2461.882
2462.146
2462.41
2462.674
2462.938
2463.2
2463.505
2463.81
2464.115
2464.42
2464.725
2465.03
2465.335
2465.64
2465.945
2466.25
2466.55
2466.919
2467.288
2467.657
2468.026
2468.395
2468.764
2469.133
2469.5
2470.126
2470.752
2471.378
2472.004
2472.63
2472.887
2473.144
2473.401
2473.658
2473.915
2474.172
2474.429
2474.686
2474.943
2475.2
2475.457
2475.714
2475.971
2476.228
2476.485
2476.742
2476.999
2477.259
2477.461
2477.663
2477.865
2478.067
2478.269
2478.47
2479.222
2479.974
2480.726
2481.478
2482.23
2482.982
2483.734
2484.486
2485.238
2485.99
2486.742
2487.499
2489.744
2491.989
2492.338
2492.687
2493.036
2493.385
2493.734
2494.083
2494.432
2494.781
2495.13
2495.479
2495.828
2496.18
2496.69
2497.2
2497.71
2498.84
2499.97
2501.1
2502.23
2503.359
2505.001
2506.643
2508.285
2509.927
2511.569
2513.211
2514.853
2516.495
2518.137
2519.779
2521.074
2522.369
2523.664
2524.959
2526.254
2527.549
2528.844
2530.139
2531.434
2532.729
2534.024
2535.319
2536.614
2537.91
2538.464
2539.018
2539.572
2540.126
2540.68
2541.391
2542.102
2542.813
2543.524
2544.235
2544.946
2545.66
2546.049
2546.438
2546.827
2547.216
2547.605
2547.994
2548.383
2548.772
2549.161
2549.55
2549.939
2550.328
2550.717
2551.106
2551.495
2551.884
2552.273
2552.662
2553.051
2553.44
2553.819
2554.152
2554.485
2554.819
2560.338
2565.857
2571.376
2576.895
2582.414
2587.933
2593.452
2598.971
2604.49
2610.009
2615.528
2621.047
2626.566
2632.085
2637.604
2643.119
2643.796
2644.473
2645.15
2645.827
2646.504
2647.181
2647.858
2648.535
2649.212
2649.889
2650.569
2652.485
2654.401
2656.317
2658.233
2660.149
2662.065
2663.981
2665.897
2667.809
2668.918
2670.027
2671.136
2672.245
2673.354
2674.463
2675.572
2676.681
2677.79
2678.899
2680.008
2681.117
2682.226
2683.329
2683.467
2683.605
2683.743
2683.881
2684.019
2684.157
2684.295
2684.433
2684.571
2684.709
2684.847
2684.985
2685.123
2685.261
2685.4
2686.012
2686.624
2687.236
2687.848
2688.46
2689.072
2689.684
2690.296
2690.908
2691.52
2691.981
2692.442
2692.903
2693.364
2693.825
2694.286
2694.747
2695.208
2695.669
2696.13
2696.589
2697.165
2697.741
2698.317
2698.893
2699.469
2700.045
2700.621
2701.197
2701.773
2702.349
2702.92
2704.026
2705.132
2706.238
2707.344
2708.45
2709.725
2711.0
2712.275
2713.55
2714.825
2716.1
2717.375
2718.65
2719.925
2721.2
2722.47
2723.052
2723.634
2724.216
2724.798
2725.38
2725.962
2726.544
2727.126
2727.708
2728.29
2728.872
2729.454
2730.036
2730.618
2731.2
2732.358
2733.516
2734.674
2735.832
2736.99
2738.148
2739.306
2740.464
2741.622
2742.78
2743.938
2745.096
2746.254
2747.412
2748.57
2749.728
2750.886
2752.039
2752.822
2753.605
2754.388
2755.171
2755.954
2756.739
2757.367
2757.995
2758.623
2759.251
2759.879
2760.507
2761.135
2761.763
2762.391
2763.019
2763.647
2764.275
2764.9
2765.227
2765.554
2765.881
2766.208
2766.535
2766.862
2767.189
2767.516
2767.843
2768.17
2768.497
2768.824
2769.151
2769.478
2769.805
2770.132
2770.459
2770.786
2771.113
2771.44
2771.773
2772.106
2772.44
2772.767
2773.094
2773.421
2773.748
2774.075
2774.402
2774.729
2775.056
2775.383
2775.71
2776.037
2776.364
2776.691
2777.018
2777.345
2777.67
2777.899
2778.128
2778.357
2778.586
2778.815
2779.044
2779.273
2779.502
2779.731
2779.96
2780.189
2780.418
2780.647
2780.876
2781.105
2781.334
2781.563
2781.789
2782.362
2782.935
2783.508
2784.081
2784.654
2785.227
2785.8
2786.373
2786.946
2787.519
2788.092
2788.665
2789.24
2789.508
2789.776
2790.044
2790.312
2790.58
2790.848
2791.116
2791.384
2791.652
2791.92
2792.127
2792.334
2792.541
2792.748
2792.955
2793.162
2793.369
2793.576
2793.783
2793.99
2794.197
2794.404
2794.611
2794.818
2795.025
2795.232
2795.439
2795.646
2795.859
2796.121
2796.383
2796.645
2796.907
2797.169
2797.431
2797.69
2798.107
2798.524
2798.941
2799.358
2799.775
2800.192
2800.609
2801.026
2801.443
2801.86
2802.277
2802.694
2803.111
2803.529
2803.72
2803.911
2804.102
2804.293
2804.484
2804.675
2804.866
2805.057
2805.248
2805.439
2805.63
2805.819
2806.061
2806.303
2806.545
2806.787
2807.029
2807.271
2807.513
2807.755
2807.997
2808.239
2808.481
2808.723
2808.965
2809.207
2809.449
2809.691
2809.933
2810.175
2810.41
2810.586
2810.762
2810.938
2811.114
2811.29
2811.466
2811.642
2811.818
2811.994
2812.17
2812.346
2812.522
2812.698
2812.874
2813.05
2813.226
2813.402
2813.578
2813.749
2814.158
2814.567
2814.976
2815.385
2815.794
2816.203
2816.612
2817.021
2817.43
2817.839
2818.248
2818.657
2819.066
2819.475
2819.88
2820.208
2820.536
2820.864
2821.192
2821.52
2821.848
2822.176
2822.504
2822.832
2823.16
2823.463
2823.766
2824.069
2824.372
2824.675
2824.978
2825.281
2825.584
2825.887
2826.19
2826.493
2826.796
2827.099
2827.402
2827.705
2828.008
2828.311
2828.614
2828.92
2829.105
2829.29
2829.475
2829.66
2829.845
2830.03
2830.215
2830.4
2830.585
2830.77
2830.96
2831.174
2831.388
2831.602
2831.816
2832.03
2832.244
2832.458
2832.672
2832.886
2833.1
2833.314
2833.528
2833.742
2833.956
2834.17
2834.384
2834.598
2834.812
2835.029
2835.488
2835.947
2836.406
2836.865
2837.324
2837.783
2838.242
2838.701
2839.16
2839.619
2840.078
2840.537
2840.996
2841.455
2841.914
2842.373
2842.832
2843.29
2843.677
2844.064
2844.451
2844.838
2845.225
2845.612
2845.999
2846.386
2846.773
2847.16
2847.547
2847.934
2848.321
2848.708
2849.099
2849.385
2849.671
2849.957
2850.243
2850.529
2850.815
2851.101
2851.387
2851.673
2851.959
2852.245
2852.531
2852.817
2853.103
2853.389
2853.675
2853.96
2854.209
2854.458
2854.707
2854.956
2855.205
2855.454
2855.703
2855.952
2856.2
2856.585
2856.97
2857.355
2857.74
2858.125
2858.51
2858.895
2859.28
2859.665
2860.05
2860.435
2860.82
2861.205
2861.59
2861.975
2862.36
2862.745
2863.13
2864.13
2864.409
2864.688
2864.966
2865.244
2865.523
2865.802
2866.081
2866.36
2866.639
2866.918
2867.197
2867.476
2867.755
2868.034
2868.312
2868.59
2868.869
2869.148
2869.427
2869.7
2870.502
2871.304
2872.106
2872.908
2873.71
2874.512
2875.314
2876.116
2876.918
2877.72
2878.522
2879.324
2880.126
2880.93
2880.93
2880.93
2880.93
2880.93
2880.93
2880.93
2880.93
2880.93
2880.93
2880.93
2880.93
