73.71
73.914
74.118
74.322
74.526
74.73
74.934
75.138
75.342
75.546
75.75
75.954
76.158
76.362
76.566
76.77
76.979
77.351
77.723
78.095
78.467
78.839
79.211
79.583
79.955
80.327
80.699
81.071
81.443
81.815
82.187
82.559
82.931
83.303
83.675
84.047
84.419
84.79
84.945
85.1
85.255
85.41
85.565
85.72
85.875
86.03
86.185
86.34
86.495
86.65
86.805
86.96
87.115
87.27
87.425
87.58
87.849
88.118
88.387
88.656
88.925
89.194
89.463
89.732
90.001
90.27
90.539
90.808
91.077
91.346
91.615
91.884
92.153
92.422
92.69
93.242
93.794
94.346
94.898
95.45
96.002
96.554
97.106
97.658
98.21
98.762
99.314
99.866
100.418
100.971
101.523
102.075
102.627
103.179
103.74
104.212
104.684
105.156
105.628
106.1
106.572
107.044
107.516
107.988
108.46
108.932
109.404
109.876
110.348
110.82
111.292
111.764
112.24
112.434
112.628
112.822
113.016
113.21
113.404
113.598
113.792
113.986
114.18
114.374
114.568
114.762
114.956
115.15
115.344
115.538
115.732
115.926
116.12
116.31
116.825
117.34
117.855
118.37
118.885
119.4
119.915
120.43
120.945
121.46
121.975
122.49
123.005
123.52
124.039
125.69
126.127
126.564
127.001
127.438
127.875
128.312
128.749
129.186
129.623
130.06
130.497
130.934
131.371
131.808
132.245
132.682
133.119
133.55
133.911
134.272
134.633
134.994
135.355
135.716
136.077
136.438
136.799
137.16
137.521
137.882
138.243
138.604
138.965
139.32
139.66
140.0
140.34
140.68
141.02
141.36
141.7
142.04
142.38
142.72
143.06
143.4
143.74
144.08
144.42
144.76
145.1
145.44
145.852
146.264
146.676
147.088
147.5
147.912
148.324
148.736
149.148
149.56
149.972
150.384
150.796
151.208
151.62
152.032
152.444
152.86
153.149
153.438
153.727
154.016
154.305
154.594
154.883
155.172
155.461
155.75
156.039
156.328
156.617
156.906
157.195
157.484
157.773
158.062
158.36
158.748
159.136
159.524
159.912
160.3
160.688
161.076
161.464
161.852
162.24
162.628
163.016
163.404
163.792
164.18
164.57
164.957
165.344
165.731
166.118
166.505
166.892
167.279
167.666
168.053
168.44
168.827
169.214
169.601
169.988
170.375
170.76
171.014
171.268
171.522
171.776
172.03
172.284
172.538
172.792
173.046
173.3
173.554
173.808
174.062
174.316
174.57
174.824
175.07
175.391
175.712
176.033
176.354
176.675
176.996
177.317
177.638
177.959
178.28
178.601
178.922
179.243
179.564
179.88
180.084
180.288
180.492
180.696
180.9
181.104
181.308
181.512
181.716
181.92
182.124
182.328
182.532
182.736
182.94
183.144
183.348
183.552
183.756
183.96
184.16
184.443
184.726
185.009
185.292
185.575
185.858
186.141
186.424
186.707
186.99
187.273
187.556
187.839
188.122
188.405
188.688
188.971
189.26
189.746
190.232
190.718
191.204
191.69
192.176
192.662
193.148
193.634
194.12
194.449
194.778
195.107
195.436
195.765
196.094
196.423
196.752
197.081
197.41
197.739
198.068
198.397
198.726
199.055
199.384
199.713
200.042
200.371
200.7
201.063
201.426
201.789
202.152
202.515
202.878
203.241
203.604
203.967
204.33
204.693
205.056
205.419
205.782
206.145
206.508
206.87
207.276
207.682
208.088
208.494
208.9
209.306
209.712
210.118
210.524
210.93
211.336
211.742
212.148
212.554
212.96
213.366
213.769
214.276
214.783
215.29
215.797
216.304
216.811
217.318
217.825
218.332
218.839
219.346
219.853
220.36
220.867
221.374
221.881
222.388
222.895
223.4
223.729
224.058
224.387
224.716
225.045
225.374
225.703
226.032
226.361
226.69
227.019
227.348
227.677
228.006
228.335
228.664
228.993
229.322
229.65
229.896
230.142
230.388
230.634
230.88
231.126
231.372
231.618
231.864
232.11
232.356
232.602
232.848
233.094
233.34
233.586
233.832
234.078
234.33
234.684
235.038
235.392
235.746
236.1
236.454
236.808
237.162
237.516
237.87
238.224
238.578
238.932
239.286
239.64
239.994
240.348
240.7
241.174
241.648
242.122
242.596
243.07
243.544
244.019
244.535
245.051
245.567
246.083
246.599
247.115
247.631
248.147
248.663
249.179
249.695
250.211
250.727
251.243
251.759
252.275
252.791
253.3
253.565
253.83
254.095
254.36
254.625
254.89
255.155
255.42
255.685
255.95
256.215
256.48
256.745
257.01
257.275
257.54
257.805
258.07
258.329
258.693
259.057
259.421
259.785
260.149
260.513
260.877
261.241
261.605
261.969
262.333
262.697
263.061
263.425
263.789
264.153
264.517
264.889
265.299
265.709
266.119
266.529
266.939
267.349
267.759
268.169
268.579
268.989
269.399
269.809
270.219
270.629
271.039
271.449
271.859
272.269
272.68
273.041
273.402
273.763
274.124
274.485
274.846
275.207
275.568
275.929
276.29
276.651
277.012
277.373
277.734
278.095
278.449
279.199
279.949
280.699
281.449
282.199
282.949
283.699
284.449
285.199
285.949
286.699
287.449
288.199
288.949
289.699
290.449
291.199
291.949
292.699
293.449
293.842
294.235
294.628
295.021
295.414
295.807
296.2
296.593
296.986
297.379
297.772
298.165
298.558
298.951
299.344
299.737
300.13
300.52
300.878
301.236
301.594
301.952
302.31
302.668
303.026
303.384
303.742
304.1
304.458
304.816
305.174
305.532
305.89
306.25
306.703
307.156
307.609
308.062
308.515
308.97
309.423
309.876
310.329
310.782
311.235
311.688
312.141
312.594
313.047
313.5
313.953
314.406
314.859
315.312
315.77
316.179
316.588
316.997
317.406
317.815
318.224
318.633
319.042
319.451
319.86
320.269
320.678
321.087
321.496
321.905
322.314
322.723
323.132
323.55
323.823
324.096
324.369
324.642
324.915
325.188
325.461
325.734
326.007
326.28
326.553
326.826
327.099
327.372
327.645
327.918
328.191
328.46
328.723
328.986
329.249
329.512
329.775
330.038
330.301
330.564
330.827
331.09
331.353
331.616
331.879
332.142
332.405
332.668
332.939
333.278
333.617
333.956
334.295
334.634
334.973
335.312
335.651
335.99
336.329
336.668
337.007
337.346
337.685
338.024
338.363
338.71
339.104
339.498
339.892
340.286
340.68
341.074
341.468
341.862
342.256
342.65
343.044
343.438
343.832
344.226
344.62
345.014
345.409
345.714
346.019
346.324
346.629
346.934
347.239
347.544
347.849
348.154
348.459
348.764
349.069
349.374
349.679
349.984
350.289
350.594
350.899
351.204
351.509
351.82
352.008
352.196
352.384
352.572
352.76
352.948
353.136
353.324
353.512
353.7
353.888
354.076
354.264
354.452
354.64
354.828
355.016
355.204
355.392
355.58
355.768
355.96
356.235
356.51
356.785
357.06
357.335
357.61
357.885
358.16
358.435
358.71
358.985
359.26
359.535
359.81
360.085
360.36
360.629
361.106
361.583
362.06
362.537
363.014
363.491
363.968
364.445
364.922
365.399
365.876
366.353
366.83
367.307
367.784
368.261
368.73
369.041
369.352
369.663
369.974
370.285
370.596
370.907
371.218
371.529
371.84
372.151
372.462
372.773
373.084
373.395
373.706
374.017
374.33
374.753
375.176
375.599
376.022
376.445
376.868
377.291
377.714
378.137
378.56
378.983
379.406
379.829
380.25
380.454
380.658
380.862
381.066
381.27
381.474
381.678
381.882
382.086
382.29
382.494
382.698
382.902
383.106
383.31
383.514
383.718
383.922
384.13
384.383
384.636
384.889
385.142
385.395
385.648
385.901
386.154
386.407
386.66
386.913
387.166
387.419
387.672
387.93
389.07
390.21
391.35
392.49
393.63
394.77
395.91
397.05
398.19
399.33
400.47
401.61
402.75
403.89
405.03
406.169
406.625
407.081
407.537
407.993
408.449
408.905
409.361
409.817
410.273
410.729
411.185
411.641
412.097
412.553
413.009
413.465
413.921
414.377
414.84
415.213
415.586
415.959
416.332
416.705
417.078
417.451
417.824
418.197
418.57
418.943
419.316
419.689
420.062
420.435
420.808
421.181
421.554
421.927
422.3
422.726
423.152
423.578
424.004
424.43
424.856
425.282
425.708
426.134
426.56
426.986
427.412
427.838
428.264
428.69
429.116
429.542
429.96
430.289
430.618
430.947
431.276
431.605
431.934
432.263
432.592
432.921
433.25
433.579
433.908
434.237
434.566
434.895
435.224
435.553
435.882
436.219
437.813
439.407
441.001
442.595
444.189
444.563
444.937
445.311
445.685
446.059
446.433
446.807
447.181
447.555
447.929
448.303
448.677
449.051
449.425
449.799
450.173
450.539
450.878
451.217
451.556
451.895
452.234
452.573
452.912
453.251
453.59
453.929
454.268
454.607
454.946
455.285
455.624
455.963
456.302
456.641
456.979
457.203
457.427
457.651
457.875
458.099
458.323
458.547
458.772
458.996
459.22
459.445
459.669
459.893
460.117
460.341
460.565
460.789
461.013
461.237
461.469
462.338
463.207
464.076
464.945
465.814
466.683
467.552
468.421
469.29
470.159
471.028
471.897
472.766
473.635
474.509
474.786
475.063
475.34
475.617
475.894
476.171
476.448
476.725
477.002
477.279
477.556
477.833
478.11
478.387
478.659
479.068
479.477
479.886
480.295
480.704
481.113
481.522
481.931
482.34
482.749
483.158
483.567
483.976
484.385
484.794
485.203
485.62
486.197
486.774
487.351
487.928
488.505
489.082
489.659
490.236
490.813
491.39
491.967
492.544
493.121
493.698
494.275
494.852
495.429
496.0
496.344
496.688
497.032
497.376
497.72
498.064
498.408
498.752
499.096
499.44
499.784
500.128
500.472
500.816
501.16
501.504
501.848
502.189
502.583
502.977
503.371
503.765
504.159
504.553
504.947
505.341
505.735
506.129
506.523
506.917
507.311
507.705
508.099
508.499
508.779
509.059
509.339
509.619
509.899
510.179
510.459
510.739
511.019
511.299
511.579
511.859
512.139
512.419
512.699
512.979
513.242
513.505
513.768
514.031
514.294
514.557
514.82
515.083
515.346
515.609
515.872
516.135
516.398
516.661
516.924
517.18
517.586
517.992
518.398
518.804
519.21
519.616
520.022
520.428
520.834
521.24
521.646
522.052
522.458
522.864
523.27
523.676
524.082
524.48
524.694
524.908
525.122
525.336
525.55
525.764
525.978
526.192
526.406
526.62
526.834
527.048
527.262
527.476
527.69
527.904
528.118
528.332
528.54
529.028
529.516
530.004
530.492
530.98
531.468
531.956
532.444
532.932
533.42
533.908
534.396
534.884
535.372
535.86
536.35
536.764
537.178
537.592
538.006
538.42
538.834
539.248
539.662
540.076
540.49
540.904
541.318
541.732
542.146
542.56
542.974
543.388
543.801
544.023
544.245
544.467
544.689
544.911
545.133
545.355
545.577
545.799
546.021
546.243
546.465
546.687
546.909
547.131
547.353
547.575
547.8
548.219
548.638
549.057
549.476
549.895
550.314
550.733
551.152
551.571
551.99
552.409
552.828
553.247
553.666
554.085
554.504
554.923
555.34
555.525
555.71
555.895
556.08
556.265
556.45
556.635
556.82
557.005
557.19
557.375
557.56
557.745
557.93
558.115
558.3
558.485
558.67
558.85
559.313
559.776
560.239
560.702
561.165
561.628
562.091
562.554
563.017
563.481
563.944
564.407
564.87
565.333
565.796
566.26
566.723
567.186
567.649
568.12
568.524
568.928
569.332
569.736
570.14
570.544
570.948
571.352
571.756
572.16
572.564
572.968
573.372
573.776
574.18
574.584
574.988
575.4
575.597
575.794
575.991
576.188
576.385
576.582
576.779
576.976
577.173
577.37
577.567
577.764
577.961
578.158
578.355
578.552
578.749
578.94
579.159
579.378
579.597
579.816
580.035
580.254
580.473
580.692
580.911
581.13
581.349
581.568
581.787
582.0
582.212
582.424
582.636
582.848
583.06
583.272
583.484
583.696
583.908
584.12
584.332
584.544
584.756
584.968
585.18
585.392
585.604
585.81
586.105
586.4
586.695
586.99
587.285
587.58
587.875
588.17
588.465
588.76
589.055
589.35
589.645
589.94
590.235
590.53
590.825
591.12
591.41
592.211
593.012
593.813
594.614
595.415
596.216
597.017
597.818
598.619
599.42
600.221
601.02
601.282
601.544
601.806
602.068
602.33
602.592
602.854
603.116
603.378
603.64
603.902
604.164
604.426
604.688
604.95
605.212
605.474
605.736
606.0
606.393
606.786
607.178
607.571
607.964
608.357
608.75
609.143
609.536
609.928
610.321
610.714
611.107
611.5
611.893
612.28
612.76
613.24
613.72
614.2
614.68
615.16
615.64
616.12
616.6
617.08
617.56
618.04
618.52
619.0
619.48
619.96
620.44
620.92
621.4
621.661
621.922
622.183
622.444
622.705
622.966
623.227
623.488
623.749
624.01
624.271
624.532
624.793
625.054
625.315
625.58
626.157
626.734
627.311
627.888
628.465
629.042
629.619
630.196
630.773
631.35
631.927
632.504
633.081
633.66
634.285
634.91
635.535
636.16
636.785
637.41
638.035
638.66
639.285
639.91
640.535
641.16
641.785
642.41
643.035
643.66
644.285
644.91
645.535
646.16
646.79
647.253
647.716
648.179
648.642
649.105
649.568
650.031
650.494
650.957
651.42
651.883
652.346
652.809
653.272
653.735
654.198
654.661
655.124
655.587
656.05
656.513
656.97
657.397
657.824
658.251
658.678
659.105
659.532
659.959
660.386
660.813
661.24
661.667
662.094
662.521
662.948
663.375
663.802
664.229
664.656
665.08
665.423
665.766
666.109
666.452
666.795
667.138
667.481
667.824
668.167
668.51
668.853
669.196
669.539
669.882
670.225
670.568
670.911
671.254
671.597
671.94
672.283
672.626
672.969
673.312
673.655
674.01
674.531
675.052
675.573
676.094
676.615
677.136
677.657
678.178
678.699
679.22
679.741
680.262
680.783
681.304
681.825
682.35
682.758
683.166
683.574
683.982
684.39
684.798
685.206
685.614
686.022
686.43
686.838
687.246
687.654
688.062
688.47
688.878
689.286
689.694
690.102
690.51
690.918
691.326
691.73
692.008
692.286
692.563
692.841
693.119
693.397
693.675
693.95
694.25
694.55
694.85
695.15
695.45
695.75
696.05
696.35
696.65
696.95
697.25
697.55
697.85
698.15
698.45
698.75
699.05
699.35
699.65
699.983
700.316
700.649
700.982
701.315
701.648
701.981
702.314
702.647
702.98
703.313
703.646
703.979
704.312
704.645
704.978
705.311
705.65
706.1
706.55
707.0
707.45
707.9
708.35
708.8
709.25
709.7
710.15
710.6
711.05
711.5
711.95
712.4
712.85
713.3
713.75
714.2
714.653
715.106
715.559
716.012
716.465
716.918
717.371
717.824
718.277
718.73
719.183
719.636
720.089
720.542
720.995
721.448
721.901
722.354
722.807
723.26
723.71
724.123
724.536
724.949
725.362
725.775
726.188
726.601
727.014
727.427
727.84
728.253
728.666
729.079
729.492
729.905
730.318
730.731
731.144
731.55
731.906
732.262
732.618
732.974
733.33
733.686
734.042
734.398
734.754
735.11
735.466
735.822
736.178
736.534
736.89
737.246
737.61
737.888
738.166
738.444
738.721
738.999
739.277
739.555
739.832
740.11
740.388
740.666
740.944
741.221
741.499
741.777
742.055
742.332
742.61
742.888
743.16
743.655
744.15
744.645
745.14
745.635
746.13
746.625
747.12
747.615
748.11
748.605
749.1
749.595
750.09
750.58
750.937
751.293
751.649
752.005
752.361
752.717
753.073
753.429
753.785
754.141
754.497
754.853
755.209
755.565
755.922
756.279
756.635
756.991
757.347
757.71
757.97
758.23
758.49
758.75
759.01
759.27
759.53
759.79
760.05
760.31
760.57
760.83
761.09
761.35
761.61
761.87
762.13
762.415
762.7
762.985
763.27
763.555
763.84
764.125
764.41
764.695
764.98
765.265
765.55
765.835
766.12
766.405
766.69
766.975
767.26
767.545
767.83
768.11
768.891
769.672
770.453
771.234
772.015
772.796
773.577
774.358
775.139
775.92
776.701
777.482
778.263
779.05
779.373
779.696
780.019
780.342
780.665
780.988
781.311
781.634
781.957
782.28
782.603
782.926
783.249
783.572
783.895
784.218
784.541
784.864
785.19
785.578
785.966
786.354
786.742
787.13
787.518
787.906
788.293
788.681
789.069
789.457
789.845
790.233
790.62
791.008
791.39
791.885
792.38
792.875
793.37
793.865
794.36
794.855
795.35
795.845
796.34
796.835
797.33
797.825
798.32
798.815
799.312
799.6
799.888
800.176
800.464
800.752
801.04
801.328
801.616
801.904
802.192
802.48
802.768
803.056
803.344
803.632
803.92
804.208
804.5
804.734
804.968
805.202
805.436
805.67
805.904
806.138
806.372
806.606
806.84
807.074
807.308
807.542
807.776
808.01
808.244
808.478
808.712
808.95
809.206
809.462
809.718
809.974
810.23
810.486
810.742
810.998
811.254
811.51
811.766
812.022
812.278
812.534
812.79
813.046
813.302
813.558
813.81
814.027
814.244
814.461
814.678
814.895
815.112
815.329
815.546
815.763
815.98
816.197
816.414
816.631
816.848
817.065
817.282
817.499
817.72
818.202
818.684
819.166
819.648
820.13
820.612
821.094
821.576
822.058
822.54
823.022
823.504
823.986
824.468
824.95
825.432
825.914
826.39
826.992
827.594
828.196
828.798
829.4
830.002
830.604
831.206
831.808
832.41
833.012
833.614
834.216
834.818
835.42
836.022
836.62
837.034
837.448
837.862
838.276
838.69
839.104
839.518
839.932
840.346
840.76
841.174
841.588
842.002
842.416
842.83
843.244
843.658
844.07
844.492
844.914
845.336
845.758
846.18
846.602
847.024
847.446
847.868
848.29
848.712
849.134
849.556
849.978
850.4
850.822
851.25
851.738
852.226
852.714
853.202
853.69
854.178
854.666
855.154
855.642
856.13
856.618
857.106
857.594
858.082
858.57
859.058
859.546
860.034
860.53
860.99
861.45
861.91
862.37
862.83
863.29
863.75
864.21
864.67
865.13
865.59
866.05
866.51
866.97
867.43
867.89
868.35
868.81
869.166
869.522
869.878
870.234
870.59
870.946
871.302
871.658
872.014
872.37
872.726
873.082
873.438
873.794
874.15
874.51
874.997
875.484
875.971
876.458
876.945
877.432
877.919
878.406
878.893
879.38
879.867
880.35
880.85
881.35
881.561
881.772
881.983
882.194
882.405
882.616
882.827
883.038
883.249
883.46
883.671
883.882
884.093
884.304
884.515
884.726
884.937
885.148
885.35
885.684
886.018
886.352
886.686
887.02
887.354
887.688
888.022
888.356
888.69
889.024
889.358
889.692
890.026
890.36
890.694
891.028
891.36
891.554
891.748
891.942
892.136
892.33
892.524
892.718
892.912
893.106
893.3
893.494
893.688
893.882
894.076
894.27
894.464
894.658
894.86
895.075
895.29
895.505
895.72
895.935
896.15
896.365
896.58
896.795
897.01
897.225
897.44
897.655
897.87
898.085
898.3
898.515
898.73
898.95
899.238
899.526
899.814
900.102
900.39
900.678
900.966
901.254
901.542
901.83
902.118
902.406
902.694
902.982
903.27
903.558
903.846
904.134
904.42
904.75
905.08
905.41
905.74
906.07
906.4
906.73
907.06
907.39
907.72
908.05
908.38
908.71
909.04
909.37
909.7
910.03
910.36
910.69
911.2
911.71
912.22
912.73
913.24
913.75
914.26
914.77
915.28
915.79
916.3
916.81
917.32
917.812
918.304
918.796
919.288
919.78
920.272
920.764
921.256
921.748
922.24
922.732
923.224
923.716
924.208
924.7
925.192
925.684
926.176
926.66
927.128
927.596
928.064
928.532
929.0
929.468
929.936
930.404
930.872
931.34
931.808
932.276
932.744
933.212
933.68
934.148
934.616
935.09
935.618
936.146
936.674
937.202
937.73
938.258
938.786
939.314
939.842
940.37
940.898
941.426
941.954
942.482
943.01
943.538
944.066
944.594
945.13
945.555
945.98
946.405
946.83
947.255
947.68
948.105
948.53
948.955
949.38
949.805
950.23
950.655
951.08
951.505
951.93
952.373
952.816
953.259
953.702
954.145
954.588
955.031
955.474
955.917
956.36
956.803
957.246
957.689
958.132
958.575
959.018
959.461
959.91
960.14
960.37
960.6
960.83
961.06
961.29
961.52
961.75
961.98
962.21
962.44
962.67
962.9
963.13
963.36
963.59
963.82
964.05
964.28
964.51
964.74
965.162
965.584
966.006
966.428
966.85
967.272
967.694
968.116
968.538
968.96
969.382
969.804
970.226
970.648
971.07
971.49
971.807
972.124
972.441
972.758
973.075
973.392
973.709
974.026
974.343
974.66
974.977
975.294
975.611
975.928
976.245
976.562
976.879
977.2
977.446
977.692
977.938
978.184
978.43
978.676
978.922
979.168
979.414
979.66
979.906
980.152
980.398
980.644
980.89
981.136
981.382
981.628
981.874
982.12
982.36
982.664
982.968
983.272
983.576
983.88
984.184
984.488
984.792
985.096
985.4
985.704
986.01
986.772
987.534
988.296
989.058
989.82
990.582
991.344
992.106
992.868
993.63
994.392
995.154
995.916
996.678
997.44
998.2
998.561
998.922
999.283
999.644
1000.005
1000.366
1000.727
1001.088
1001.449
1001.81
1002.171
1002.532
1002.893
1003.254
1003.615
1003.976
1004.337
1004.7
1004.955
1005.21
1005.465
1005.72
1005.975
1006.23
1006.485
1006.74
1006.995
1007.25
1007.505
1007.76
1008.015
1008.27
1008.525
1008.78
1009.035
1009.29
1009.545
1009.8
1010.06
1011.075
1012.09
1013.105
1014.12
1015.135
1016.15
1017.165
1018.18
1019.195
1020.21
1021.225
1022.24
1023.255
1024.27
1024.577
1024.884
1025.191
1025.498
1025.805
1026.112
1026.419
1026.726
1027.033
1027.34
1027.647
1027.954
1028.261
1028.568
1028.875
1029.182
1029.489
1029.796
1030.103
1030.409
1030.742
1031.075
1031.408
1031.741
1032.074
1032.407
1032.74
1033.073
1033.406
1033.739
1034.072
1034.405
1034.738
1035.071
1035.404
1035.737
1036.07
1036.403
1036.74
1036.957
1037.174
1037.391
1037.608
1037.825
1038.042
1038.259
1038.476
1038.693
1038.91
1039.127
1039.344
1039.561
1039.778
1039.995
1040.212
1040.429
1040.646
1040.863
1041.08
1041.289
1041.453
1041.617
1041.781
1041.945
1042.109
1042.273
1042.437
1042.6
1042.948
1043.296
1043.644
1043.992
1044.34
1044.688
1045.036
1045.384
1045.732
1046.08
1046.428
1046.776
1047.124
1047.472
1047.82
1048.168
1048.516
1048.864
1049.212
1049.559
1049.871
1050.183
1050.495
1050.807
1051.119
1051.431
1051.743
1052.055
1052.367
1052.679
1052.991
1053.303
1053.615
1053.927
1054.239
1054.551
1054.863
1055.169
1055.415
1055.661
1055.907
1056.153
1056.399
1056.645
1056.891
1057.137
1057.383
1057.629
1057.875
1058.121
1058.367
1058.613
1058.859
1059.105
1059.351
1059.597
1059.843
1060.09
1060.326
1060.562
1060.798
1061.034
1061.27
1061.506
1061.742
1061.978
1062.214
1062.45
1062.686
1062.922
1063.158
1063.394
1063.63
1063.866
1064.102
1064.338
1064.574
1064.81
1065.049
1065.572
1066.095
1066.618
1067.141
1067.664
1068.187
1068.71
1069.233
1069.756
1070.279
1070.802
1071.325
1071.848
1072.371
1072.894
1073.417
1073.94
1074.463
1074.986
1075.509
1076.03
1076.244
1076.458
1076.672
1076.886
1077.1
1077.314
1077.528
1077.742
1077.956
1078.17
1078.384
1078.598
1078.812
1079.026
1079.24
1079.454
1079.668
1079.882
1080.096
1080.31
1080.524
1080.738
1080.952
1081.166
1081.39
1082.024
1082.658
1083.292
1083.926
1084.56
1085.194
1085.828
1086.462
1087.1
1087.465
1087.83
1088.195
1088.56
1088.925
1089.29
1089.655
1090.02
1090.385
1090.75
1091.115
1091.48
1091.845
1092.21
1092.575
1092.94
1093.3
1093.55
1093.8
1094.05
1094.3
1094.55
1094.8
1095.05
1095.3
1095.55
1095.8
1096.05
1096.3
1096.55
1096.8
1097.05
1097.3
1097.55
1097.8
1098.05
1098.3
1098.549
1099.887
1101.225
1102.563
1103.901
1105.239
1106.577
1107.915
1109.253
1110.591
1111.929
1113.267
1114.605
1115.943
1117.281
1118.619
1119.957
1121.295
1122.633
1123.971
1125.309
1126.649
1127.007
1127.365
1127.723
1128.081
1128.439
1128.797
1129.155
1129.513
1129.871
1130.229
1130.587
1130.945
1131.303
1131.661
1132.019
1132.377
1132.735
1133.093
1133.451
1133.809
1134.203
1134.597
1134.991
1135.385
1135.779
1136.173
1136.567
1136.961
1137.355
1137.749
1138.143
1138.537
1138.931
1139.325
1139.719
1140.113
1140.507
1140.901
1141.295
1141.689
1142.083
1142.47
1142.987
1143.504
1144.021
1144.538
1145.055
1145.572
1146.089
1146.606
1147.123
1147.64
1148.157
1148.674
1149.191
1149.708
1150.225
1150.742
1151.26
1151.842
1152.424
1153.006
1153.588
1154.17
1154.752
1155.334
1155.916
1156.498
1157.08
1157.662
1158.244
1158.826
1159.408
1159.99
1160.572
1161.154
1161.736
1162.318
1162.909
1163.124
1163.339
1163.554
1163.769
1163.984
1164.199
1164.414
1164.629
1164.844
1165.059
1165.274
1165.489
1165.704
1165.919
1166.134
1166.349
1166.564
1166.779
1166.994
1167.209
1167.424
1167.629
1167.923
1168.217
1168.511
1168.805
1169.099
1169.393
1169.687
1169.981
1170.275
1170.569
1170.863
1171.157
1171.451
1171.745
1172.039
1172.333
1172.627
1172.921
1173.215
1173.5
1173.861
1174.222
1174.583
1174.944
1175.305
1175.666
1176.027
1176.388
1176.749
1177.11
1177.471
1177.832
1178.193
1178.554
1178.915
1179.276
1179.63
1179.899
1180.168
1180.437
1180.706
1180.975
1181.244
1181.513
1181.782
1182.051
1182.32
1182.589
1182.858
1183.127
1183.396
1183.665
1183.934
1184.203
1184.472
1184.75
1185.186
1185.622
1186.058
1186.494
1186.93
1187.366
1187.802
1188.238
1188.674
1189.11
1189.546
1189.982
1190.418
1190.854
1191.29
1191.726
1192.162
1192.598
1193.03
1193.396
1193.762
1194.128
1194.494
1194.86
1195.226
1195.592
1195.958
1196.324
1196.69
1197.056
1197.422
1197.788
1198.154
1198.52
1198.886
1199.252
1199.618
1199.98
1200.376
1200.772
1201.168
1201.564
1201.96
1202.356
1202.752
1203.148
1203.544
1203.94
1204.336
1204.732
1205.128
1205.524
1205.92
1206.316
1206.712
1207.108
1207.504
1207.899
1208.623
1209.347
1210.071
1210.795
1211.519
1211.838
1212.157
1212.476
1212.795
1213.114
1213.433
1213.752
1214.071
1214.39
1214.709
1215.028
1215.347
1215.666
1215.985
1216.304
1216.623
1216.942
1217.261
1217.58
1217.899
1218.13
1218.362
1218.594
1218.826
1219.058
1219.29
1219.522
1219.754
1219.986
1220.218
1220.45
1220.682
1220.914
1221.146
1221.378
1221.61
1221.841
1222.072
1222.303
1222.529
1222.936
1223.343
1223.75
1224.157
1224.564
1224.971
1225.378
1225.785
1226.192
1226.599
1227.006
1227.413
1227.82
1228.227
1228.634
1229.041
1229.448
1229.85
1230.173
1230.496
1230.819
1231.142
1231.465
1231.788
1232.111
1232.434
1232.757
1233.08
1233.403
1233.726
1234.049
1234.372
1234.695
1235.019
1235.317
1235.615
1235.913
1236.211
1236.509
1236.807
1237.105
1237.403
1237.701
1237.999
1238.297
1238.595
1238.893
1239.191
1239.489
1239.787
1240.085
1240.383
1240.681
1240.979
1241.269
1241.497
1241.725
1241.953
1242.181
1242.409
1242.637
1242.865
1243.093
1243.321
1243.549
1243.777
1244.005
1244.233
1244.461
1244.689
1244.917
1245.145
1245.373
1245.6
1246.302
1247.004
1247.706
1248.408
1249.11
1249.812
1250.514
1251.216
1251.918
1252.62
1253.322
1254.024
1254.726
1255.428
1256.13
1256.832
1257.534
1258.236
1258.94
1259.191
1259.442
1259.693
1259.944
1260.195
1260.446
1260.697
1260.948
1261.199
1261.45
1261.701
1261.952
1262.203
1262.454
1262.705
1262.95
1263.95
1264.298
1264.646
1264.994
1265.342
1265.69
1266.038
1266.386
1266.734
1267.082
1267.43
1267.778
1268.126
1268.474
1268.822
1269.17
1269.518
1269.866
1270.214
1270.57
1271.048
1271.526
1272.004
1272.482
1272.96
1273.438
1273.916
1274.394
1274.872
1275.35
1275.828
1276.306
1276.784
1277.262
1277.74
1278.218
1278.696
1279.174
1279.652
1280.13
1280.61
1281.054
1281.498
1281.942
1282.386
1282.83
1283.274
1283.718
1284.162
1284.606
1285.05
1285.494
1285.938
1286.382
1286.826
1287.27
1287.714
1288.158
1288.602
1289.046
1289.49
1289.708
1289.926
1290.144
1290.362
1290.58
1290.798
1291.016
1291.234
1291.452
1291.67
1291.888
1292.106
1292.324
1292.542
1292.76
1292.978
1293.196
1293.414
1293.639
1294.032
1294.425
1294.818
1295.211
1295.604
1295.997
1296.39
1296.783
1297.176
1297.569
1297.962
1298.355
1298.748
1299.141
1299.534
1299.927
1300.32
1300.713
1301.106
1301.499
1301.892
1302.289
1302.513
1302.737
1302.961
1303.185
1303.409
1303.633
1303.857
1304.081
1304.305
1304.529
1304.753
1304.977
1305.201
1305.425
1305.649
1305.873
1306.097
1306.321
1306.545
1306.769
1306.993
1307.21
1307.638
1308.066
1308.494
1308.922
1309.35
1309.778
1310.206
1310.634
1311.062
1311.49
1311.918
1312.346
1312.774
1313.202
1313.63
1314.058
1314.486
1314.914
1315.342
1315.77
1316.198
1316.63
1316.859
1317.088
1317.317
1317.546
1317.775
1318.004
1318.233
1318.462
1318.691
1318.92
1319.149
1319.378
1319.607
1319.836
1320.065
1320.294
1320.523
1320.752
1320.99
1321.414
1321.838
1322.262
1322.686
1323.11
1323.534
1323.958
1324.382
1324.806
1325.23
1325.654
1326.078
1326.502
1326.926
1327.35
1327.774
1328.198
1328.622
1329.039
1330.238
1331.437
1332.636
1333.835
1335.034
1336.233
1337.432
1338.631
1339.83
1341.029
1342.228
1343.427
1344.626
1345.825
1347.024
1348.223
1349.422
1350.621
1351.82
1352.19
1352.56
1352.93
1353.3
1353.67
1354.04
1354.41
1354.78
1355.15
1355.52
1355.89
1356.26
1356.63
1357.0
1357.37
1357.74
1358.11
1358.48
1359.521
1360.562
1361.603
1362.644
1363.685
1364.726
1365.767
1366.808
1367.849
1368.89
1369.931
1370.972
1372.013
1373.054
1374.095
1375.136
1376.179
1376.657
1377.135
1377.613
1378.091
1378.569
1379.047
1379.525
1380.003
1380.481
1380.959
1381.437
1381.915
1382.393
1382.871
1383.349
1383.827
1384.309
1384.544
1384.78
1385.015
1385.251
1385.486
1385.722
1385.957
1386.193
1386.428
1386.664
1386.899
1387.134
1387.37
1387.605
1387.841
1388.076
1388.312
1388.547
1388.783
1389.018
1389.254
1389.49
1389.727
1389.964
1390.201
1390.438
1390.675
1390.912
1391.149
1391.386
1391.623
1391.86
1392.097
1392.334
1392.571
1392.808
1393.045
1393.282
1393.519
1393.756
1393.993
1394.23
1394.467
1394.704
1394.941
1395.178
1395.409
1395.702
1395.995
1396.288
1396.581
1396.874
1397.167
1397.46
1397.753
1398.046
1398.339
1398.632
1398.925
1399.218
1399.511
1399.804
1400.097
1400.39
1400.683
1400.976
1401.269
1401.619
1401.969
1402.319
1402.669
1403.019
1403.369
1403.719
1404.069
1404.419
1404.769
1405.119
1405.469
1405.819
1406.169
1406.519
1406.869
1407.219
1407.569
1407.919
1408.269
1408.7
1409.131
1409.562
1409.993
1410.424
1410.855
1411.286
1411.717
1412.148
1412.579
1413.01
1413.441
1413.872
1414.303
1414.734
1415.165
1415.596
1416.027
1416.458
1416.889
1417.32
1417.563
1417.806
1418.049
1418.292
1418.535
1418.778
1419.021
1419.264
1419.507
1419.75
1419.993
1420.236
1420.479
1420.722
1420.965
1421.208
1421.451
1421.69
1421.931
1422.172
1422.413
1422.654
1422.895
1423.136
1423.377
1423.618
1423.859
1424.1
1424.341
1424.582
1424.823
1425.059
1425.407
1425.755
1426.103
1426.451
1426.799
1427.147
1427.495
1427.843
1428.191
1428.539
1428.887
1429.235
1429.583
1429.931
1430.279
1430.627
1430.975
1431.32
1431.765
1432.21
1432.655
1433.1
1433.545
1433.99
1434.435
1434.88
1435.325
1435.77
1436.215
1436.66
1437.105
1437.55
1437.995
1438.44
1438.885
1439.33
1439.775
1440.22
1440.669
1441.049
1441.429
1441.809
1442.189
1442.569
1442.949
1443.329
1443.709
1444.089
1444.469
1444.849
1445.229
1445.609
1445.989
1446.369
1446.749
1447.129
1447.509
1447.86
1448.21
1448.561
1448.911
1449.262
1449.612
1449.963
1450.313
1450.664
1451.014
1451.364
1451.715
1452.065
1452.416
1452.766
1453.117
1453.467
1453.818
1454.168
1454.518
1454.869
1455.22
1455.426
1455.632
1455.838
1456.044
1456.25
1456.456
1456.662
1456.868
1457.074
1457.28
1457.486
1457.692
1457.898
1458.104
1458.31
1458.516
1458.722
1458.928
1459.134
1459.34
1460.136
1460.932
1461.728
1462.524
1463.32
1464.116
1464.912
1465.708
1466.504
1467.3
1468.096
1468.892
1469.688
1470.484
1471.28
1472.076
1472.872
1473.668
1474.47
1474.765
1475.06
1475.355
1475.65
1475.945
1476.24
1476.535
1476.83
1477.125
1477.42
1477.715
1478.01
1478.305
1478.6
1478.895
1479.19
1479.485
1479.78
1480.075
1480.379
1480.676
1480.973
1481.27
1481.567
1481.864
1482.161
1482.458
1482.755
1483.052
1483.349
1483.646
1483.943
1484.24
1484.537
1484.834
1485.131
1485.428
1485.72
1486.099
1486.478
1486.857
1487.236
1487.615
1487.994
1488.373
1488.752
1489.131
1489.51
1489.889
1490.268
1490.647
1491.026
1491.409
1491.682
1491.955
1492.228
1492.501
1492.774
1493.047
1493.32
1493.593
1493.869
1494.233
1494.597
1494.961
1495.325
1495.689
1496.053
1496.418
1496.782
1497.146
1497.51
1497.874
1498.238
1498.602
1498.966
1499.33
1499.694
1500.058
1500.422
1500.786
1501.159
1501.639
1502.119
1502.599
1503.079
1503.559
1504.039
1504.519
1504.999
1505.479
1505.959
1506.439
1506.919
1507.399
1507.879
1508.359
1508.839
1509.321
1509.759
1510.197
1510.635
1511.073
1511.511
1511.949
1512.387
1512.825
1513.263
1513.701
1514.139
1514.577
1515.015
1515.453
1515.891
1516.329
1516.767
1517.21
1517.492
1517.774
1518.056
1518.338
1518.62
1518.902
1519.184
1519.466
1519.748
1520.03
1520.312
1520.594
1520.876
1521.158
1521.44
1521.722
1522.009
1522.233
1522.457
1522.681
1522.905
1523.129
1523.353
1523.577
1523.801
1524.025
1524.249
1524.473
1524.697
1524.921
1525.145
1525.369
1525.593
1525.817
1526.041
1526.265
1526.48
1527.002
1527.524
1528.046
1528.568
1529.09
1529.612
1530.134
1530.656
1531.178
1531.7
1532.222
1532.744
1533.266
1533.788
1534.31
1534.832
1535.354
1535.869
1536.193
1536.517
1536.841
1537.165
1537.489
1537.813
1538.137
1538.461
1538.785
1539.109
1539.433
1539.757
1540.081
1540.405
1540.729
1541.053
1541.377
1541.701
1542.029
1542.415
1542.801
1543.187
1543.573
1543.959
1544.345
1544.731
1545.117
1545.503
1545.889
1546.275
1546.661
1547.047
1547.433
1547.819
1548.205
1548.59
1549.346
1550.102
1550.859
1551.615
1552.371
1553.129
1553.613
1554.097
1554.581
1555.065
1555.549
1556.033
1556.517
1557.001
1557.485
1557.969
1558.453
1558.937
1559.421
1559.905
1560.389
1560.873
1561.36
1561.624
1561.888
1562.152
1562.416
1562.68
1562.944
1563.208
1563.472
1563.736
1564.0
1564.264
1564.528
1564.792
1565.056
1565.32
1565.584
1565.848
1566.11
1566.486
1566.862
1567.238
1567.614
1567.99
1568.366
1568.742
1569.118
1569.494
1569.87
1570.246
1570.622
1570.998
1571.374
1571.75
1572.126
1572.499
1572.725
1572.951
1573.177
1573.403
1573.629
1573.855
1574.081
1574.307
1574.533
1574.759
1574.985
1575.211
1575.437
1575.663
1575.889
1576.115
1576.341
1576.567
1576.789
1577.078
1577.367
1577.656
1577.945
1578.234
1578.523
1578.812
1579.101
1579.39
1579.679
1579.968
1580.257
1580.546
1580.835
1581.124
1581.413
1581.702
1581.991
1582.28
1582.58
1582.88
1583.18
1583.48
1583.78
1584.08
1584.38
1584.68
1584.98
1585.28
1585.58
1585.88
1586.18
1586.48
1586.78
1587.08
1587.38
1587.68
1587.98
1588.293
1588.606
1588.919
1589.232
1589.545
1589.858
1590.171
1590.484
1590.797
1591.11
1591.423
1591.736
1592.049
1592.362
1592.675
1592.988
1593.301
1593.61
1593.977
1594.344
1594.711
1595.078
1595.445
1595.812
1596.179
1596.546
1596.913
1597.28
1597.647
1598.014
1598.381
1598.748
1599.115
1599.482
1599.849
1600.216
1600.59
1600.943
1601.296
1601.649
1602.002
1602.355
1602.708
1603.061
1603.414
1603.767
1604.12
1604.473
1604.826
1605.179
1605.532
1605.885
1606.238
1606.591
1606.95
1607.268
1607.586
1607.904
1608.222
1608.54
1608.858
1609.176
1609.494
1609.812
1610.13
1610.448
1610.766
1611.084
1611.402
1611.72
1612.038
1612.356
1612.674
1612.992
1613.31
1613.628
1613.946
1614.269
1614.697
1615.125
1615.553
1615.981
1616.409
1616.837
1617.265
1617.693
1618.121
1618.549
1618.977
1619.405
1619.833
1620.261
1620.689
1621.117
1621.549
1622.497
1623.445
1624.393
1625.341
1626.289
1627.239
1627.416
1627.593
1627.77
1627.947
1628.124
1628.301
1628.478
1628.655
1628.832
1629.009
1629.186
1629.363
1629.54
1629.717
1629.894
1630.071
1630.248
1630.42
1630.709
1630.997
1631.285
1631.573
1631.861
1632.149
1632.438
1632.727
1633.015
1633.303
1633.591
1633.88
1634.169
1634.457
1634.745
1635.034
1635.323
1635.611
1635.899
1636.19
1636.571
1636.952
1637.333
1637.714
1638.095
1638.476
1638.857
1639.238
1639.619
1640.0
1640.381
1640.762
1641.143
1641.524
1641.905
1642.286
1642.667
1643.048
1643.429
1643.81
1644.191
1644.58
1645.962
1647.344
1648.726
1650.108
1651.489
1651.898
1652.307
1652.716
1653.125
1653.534
1653.943
1654.352
1654.761
1655.17
1655.579
1655.988
1656.397
1656.806
1657.215
1657.624
1658.033
1658.442
1658.851
1659.26
1659.669
1660.078
1660.489
1660.799
1661.109
1661.419
1661.729
1662.039
1662.349
1662.659
1662.969
1663.279
1663.589
1663.899
1664.209
1664.519
1664.829
1665.139
1665.449
1665.76
1666.184
1666.608
1667.032
1667.456
1667.88
1668.304
1668.728
1669.152
1669.576
1670.0
1670.424
1670.848
1671.272
1671.696
1672.12
1672.544
1672.968
1673.392
1673.816
1674.24
1674.664
1675.088
1675.519
1676.037
1676.555
1677.073
1677.591
1678.109
1678.627
1679.145
1679.663
1680.181
1680.699
1681.217
1681.735
1682.253
1682.771
1683.289
1683.807
1684.325
1684.84
1685.189
1685.538
1685.887
1686.236
1686.585
1686.934
1687.283
1687.632
1687.981
1688.33
1688.679
1689.028
1689.377
1689.726
1690.075
1690.424
1690.773
1691.122
1691.471
1691.82
1692.169
1692.518
1692.86
1693.745
1694.63
1695.515
1696.4
1697.285
1698.17
1699.055
1699.94
1700.825
1701.71
1702.595
1703.48
1704.365
1705.25
1706.135
1707.02
1707.905
1708.79
1709.679
1709.937
1710.195
1710.453
1710.711
1710.969
1711.227
1711.485
1711.743
1712.001
1712.259
1712.517
1712.775
1713.033
1713.291
1713.549
1713.807
1714.065
1714.323
1714.581
1714.83
1715.091
1715.352
1715.613
1715.874
1716.135
1716.396
1716.657
1716.918
1717.179
1717.44
1717.701
1717.962
1718.223
1718.484
1718.745
1719.006
1719.267
1719.528
1719.789
1720.059
1720.466
1720.873
1721.28
1721.687
1722.094
1722.501
1722.908
1723.315
1723.722
1724.129
1724.536
1724.943
1725.35
1725.757
1726.164
1726.571
1726.978
1727.385
1727.792
1728.199
1728.6
1728.986
1729.372
1729.758
1730.144
1730.53
1730.916
1731.302
1731.69
1731.935
1732.18
1732.425
1732.67
1732.915
1733.16
1733.405
1733.65
1733.895
1734.14
1734.385
1734.63
1734.875
1735.12
1735.365
1735.61
1735.855
1736.1
1736.345
1736.59
1737.263
1737.936
1738.609
1739.282
1739.955
1740.628
1741.301
1741.974
1742.647
1743.32
1743.993
1744.666
1745.339
1746.012
1746.685
1747.358
1748.031
1748.704
1749.377
1750.05
1750.73
1751.136
1751.542
1751.948
1752.354
1752.76
1753.166
1753.572
1753.978
1754.384
1754.79
1755.196
1755.602
1756.008
1756.414
1756.82
1757.226
1757.632
1758.038
1758.45
1758.761
1759.072
1759.383
1759.694
1760.005
1760.316
1760.627
1760.938
1761.249
1761.56
1761.871
1762.182
1762.493
1762.804
1763.115
1763.426
1763.737
1764.048
1764.35
1764.752
1765.154
1765.556
1765.958
1766.36
1766.762
1767.164
1767.566
1767.968
1768.37
1768.772
1769.174
1769.576
1769.978
1770.38
1770.782
1771.184
1771.586
1771.988
1772.39
1772.792
1773.194
1773.59
1774.424
1775.258
1776.092
1776.926
1777.76
1778.594
1779.428
1780.262
1781.096
1781.93
1782.764
1783.598
1784.432
1785.266
1786.1
1786.934
1787.768
1788.602
1789.436
1790.279
1790.634
1790.989
1791.344
1791.699
1792.054
1792.409
1792.764
1793.119
1793.474
1793.829
1794.184
1794.539
1794.894
1795.249
1795.604
1795.959
1796.309
1796.687
1797.065
1797.443
1797.821
1798.199
1798.577
1798.955
1799.333
1799.711
1800.089
1800.467
1800.845
1801.223
1801.601
1801.979
1802.357
1802.735
1803.109
1803.461
1803.813
1804.165
1804.517
1804.869
1805.221
1805.573
1805.925
1806.277
1806.629
1806.981
1807.333
1807.685
1808.037
1808.389
1808.741
1809.093
1809.445
1809.799
1810.027
1810.255
1810.483
1810.711
1810.939
1811.167
1811.395
1811.623
1811.851
1812.079
1812.307
1812.535
1812.763
1812.991
1813.219
1813.447
1813.675
1813.903
1814.131
1814.359
1814.58
1814.907
1815.234
1815.561
1815.888
1816.215
1816.542
1816.869
1817.196
1817.523
1817.85
1818.177
1818.504
1818.831
1819.158
1819.485
1819.812
1820.139
1820.466
1820.799
1821.092
1821.385
1821.678
1821.971
1822.264
1822.557
1822.85
1823.143
1823.436
1823.729
1824.022
1824.315
1824.608
1824.901
1825.194
1825.487
1825.78
1826.073
1826.37
1826.714
1827.058
1827.402
1827.746
1828.09
1828.434
1828.778
1829.122
1829.466
1829.81
1830.154
1830.498
1830.842
1831.186
1831.53
1831.874
1832.218
1832.562
1832.906
1833.25
1833.594
1833.929
1834.229
1834.529
1834.829
1835.129
1835.429
1835.729
1836.029
1836.329
1836.629
1836.929
1837.229
1837.529
1837.829
1838.129
1838.429
1838.729
1839.029
1839.329
1839.629
1839.929
1840.229
1840.529
1840.84
1841.182
1841.524
1841.866
1842.208
1842.55
1842.892
1843.234
1843.576
1843.918
1844.26
1844.602
1844.944
1845.286
1845.628
1845.97
1846.312
1846.659
1846.916
1847.173
1847.43
1847.687
1847.944
1848.201
1848.458
1848.715
1848.972
1849.229
1849.486
1849.743
1850.0
1850.257
1850.514
1850.771
1851.028
1851.285
1851.542
1851.799
1852.056
1852.309
1852.563
1852.817
1853.071
1853.325
1853.579
1853.833
1854.087
1854.341
1854.595
1854.849
1855.103
1855.357
1855.611
1855.865
1856.119
1856.373
1856.627
1856.881
1857.139
1857.488
1857.837
1858.186
1858.535
1858.884
1859.233
1859.582
1859.931
1860.28
1860.629
1860.978
1861.327
1861.676
1862.025
1862.374
1862.723
1863.08
1863.749
1864.418
1865.087
1865.756
1866.425
1867.094
1867.763
1868.432
1869.101
1869.769
1870.235
1870.701
1871.167
1871.633
1872.099
1872.565
1873.031
1873.497
1873.963
1874.429
1874.895
1875.361
1875.827
1876.293
1876.759
1877.225
1877.691
1878.157
1878.623
1879.089
1879.549
1879.896
1880.243
1880.59
1880.937
1881.284
1881.631
1881.978
1882.325
1882.672
1883.019
1883.366
1883.713
1884.06
1884.407
1884.754
1885.101
1885.448
1885.795
1886.15
1886.672
1887.194
1887.716
1888.238
1888.76
1889.282
1889.804
1890.326
1890.848
1891.37
1891.892
1892.414
1892.936
1893.458
1893.98
1894.502
1895.02
1895.511
1896.002
1896.493
1896.984
1897.475
1897.966
1898.457
1898.948
1899.439
1899.93
1900.421
1900.912
1901.403
1901.894
1902.385
1902.876
1903.367
1903.86
1904.183
1904.506
1904.829
1905.152
1905.475
1905.798
1906.121
1906.444
1906.767
1907.09
1907.413
1907.736
1908.059
1908.382
1908.705
1909.028
1909.351
1909.674
1909.999
1910.284
1910.569
1910.854
1911.139
1911.424
1911.709
1911.994
1912.279
1912.564
1912.849
1913.134
1913.419
1913.704
1913.989
1914.274
1914.559
1914.844
1915.129
1915.409
1915.93
1916.451
1916.972
1917.493
1918.014
1918.535
1919.056
1919.577
1920.098
1920.619
1921.14
1921.661
1922.182
1922.703
1923.224
1923.745
1924.266
1924.787
1925.309
1925.512
1925.715
1925.918
1926.121
1926.324
1926.527
1926.73
1926.933
1927.136
1927.339
1927.542
1927.745
1927.948
1928.151
1928.354
1928.557
1928.76
1928.96
1929.232
1929.504
1929.776
1930.048
1930.32
1930.592
1930.864
1931.136
1931.408
1931.68
1931.952
1932.224
1932.496
1932.768
1933.04
1933.312
1933.584
1933.859
1935.075
1936.291
1937.507
1938.723
1939.939
1941.155
1942.371
1943.587
1944.803
1946.019
1947.235
1948.45
1948.939
1949.428
1949.917
1950.406
1950.895
1951.384
1951.873
1952.362
1952.85
1953.118
1953.386
1953.654
1953.922
1954.19
1954.458
1954.726
1954.994
1955.262
1955.53
1955.798
1956.066
1956.334
1956.602
1956.87
1957.138
1957.406
1957.674
1957.942
1958.21
1958.565
1958.92
1959.275
1959.63
1959.985
1960.34
1960.695
1961.05
1961.405
1961.76
1962.115
1962.47
1962.825
1963.18
1963.535
1963.89
1964.245
1964.6
1964.955
1965.31
1965.665
1966.02
1966.389
1966.758
1967.127
1967.496
1967.865
1968.234
1968.603
1968.972
1969.341
1969.71
1970.079
1970.448
1970.817
1971.186
1971.555
1971.924
1972.293
1972.669
1972.934
1973.199
1973.464
1973.729
1973.994
1974.259
1974.524
1974.789
1975.054
1975.319
1975.584
1975.849
1976.12
1976.608
1977.096
1977.584
1978.072
1978.56
1979.048
1979.536
1980.024
1980.512
1981.0
1981.488
1981.976
1982.464
1982.952
1983.44
1983.928
1984.409
1984.735
1985.061
1985.387
1985.713
1986.039
1986.365
1986.691
1987.017
1987.343
1987.669
1987.995
1988.321
1988.647
1988.973
1989.299
1989.625
1989.951
1990.279
1990.627
1990.975
1991.323
1991.671
1992.019
1992.367
1992.715
1993.063
1993.411
1993.759
1994.107
1994.455
1994.803
1995.151
1995.499
1995.847
1996.195
1996.539
1996.819
1997.099
1997.379
1997.659
1997.939
1998.219
1998.499
1998.779
1999.059
1999.339
1999.619
1999.899
2000.179
2000.459
2000.739
2001.019
2001.299
2001.58
2001.913
2002.246
2002.579
2002.912
2003.245
2003.578
2003.911
2004.244
2004.577
2004.91
2005.243
2005.576
2005.909
2006.242
2006.575
2006.908
2007.241
2007.574
2007.909
2008.266
2008.623
2008.98
2009.337
2009.694
2010.051
2010.408
2010.765
2011.122
2011.479
2011.836
2012.193
2012.55
2012.907
2013.264
2013.621
2013.979
2014.251
2014.523
2014.795
2015.067
2015.339
2015.611
2015.883
2016.155
2016.427
2016.699
2016.971
2017.243
2017.515
2017.787
2018.059
2018.331
2018.603
2018.875
2019.147
2019.419
2019.779
2020.139
2020.499
2020.859
2021.219
2021.579
2021.939
2022.299
2022.659
2023.019
2023.589
2024.159
2024.729
2025.299
2025.869
2026.439
2027.009
2027.579
2028.149
2028.719
2029.289
2029.859
2030.429
2030.999
2031.569
2032.139
2032.709
2033.279
2033.849
2034.419
2034.989
2035.559
2036.129
2036.414
2036.699
2036.984
2037.269
2037.554
2037.839
2038.124
2038.409
2038.694
2038.979
2039.264
2039.549
2039.834
2040.119
2040.404
2040.689
2040.974
2041.259
2041.544
2041.829
2042.12
2042.519
2042.918
2043.317
2043.716
2044.115
2044.514
2044.913
2045.312
2045.711
2046.11
2046.509
2046.908
2047.307
2047.706
2048.105
2048.504
2048.903
2049.31
2049.668
2050.026
2050.384
2050.742
2051.1
2051.458
2051.816
2052.174
2052.532
2052.89
2053.248
2053.606
2053.964
2054.322
2054.68
2055.038
2055.396
2055.75
2056.113
2056.476
2056.839
2057.202
2057.565
2057.928
2058.291
2058.654
2059.017
2059.38
2059.743
2060.106
2060.469
2060.832
2061.195
2061.558
2061.921
2062.28
2062.703
2063.126
2063.549
2063.972
2064.395
2064.818
2065.241
2065.664
2066.087
2066.51
2066.933
2067.356
2067.779
2068.202
2068.625
2069.048
2069.471
2069.89
2070.208
2070.526
2070.844
2071.162
2071.48
2071.798
2072.116
2072.434
2072.752
2073.07
2073.388
2073.706
2074.024
2074.342
2074.66
2074.978
2075.296
2075.619
2075.9
2076.181
2076.462
2076.743
2077.024
2077.305
2077.586
2077.867
2078.148
2078.429
2078.71
2078.991
2079.272
2079.553
2079.834
2080.119
2082.215
2084.31
2084.535
2084.76
2084.986
2085.211
2085.436
2085.662
2085.887
2086.113
2086.338
2086.564
2086.789
2087.015
2087.24
2087.465
2087.691
2087.916
2088.142
2088.367
2088.593
2088.82
2089.523
2090.226
2090.929
2091.632
2092.335
2093.038
2093.741
2094.444
2095.147
2095.85
2096.553
2097.256
2097.959
2098.662
2099.365
2100.068
2100.77
2101.385
2102.0
2102.615
2103.23
2103.845
2104.46
2105.075
2105.69
2106.305
2106.92
2107.535
2108.15
2108.765
2109.38
2109.995
2110.61
2111.22
2111.641
2112.062
2112.483
2112.904
2113.325
2113.746
2114.167
2114.588
2115.009
2115.43
2115.851
2116.272
2116.693
2117.114
2117.535
2117.956
2118.377
2118.798
2119.21
2119.492
2119.774
2120.056
2120.338
2120.62
2120.902
2121.184
2121.466
2121.748
2122.03
2122.312
2122.594
2122.876
2123.159
2123.441
2123.723
2124.005
2124.287
2124.569
2124.86
2125.328
2125.796
2126.264
2126.732
2127.2
2127.668
2128.136
2128.604
2129.072
2129.54
2130.008
2130.476
2130.944
2131.412
2131.88
2132.348
2132.809
2133.163
2133.517
2133.871
2134.225
2134.579
2134.933
2135.287
2135.641
2135.995
2136.349
2136.703
2137.057
2137.411
2137.765
2138.119
2138.473
2138.821
2139.688
2140.555
2141.422
2142.289
2143.156
2144.023
2144.89
2145.757
2146.624
2147.491
2148.358
2149.225
2150.092
2150.959
2151.826
2152.693
2153.559
2153.765
2153.971
2154.177
2154.383
2154.589
2154.795
2155.001
2155.207
2155.413
2155.619
2155.825
2156.031
2156.237
2156.443
2156.649
2156.855
2157.061
2157.267
2157.47
2157.648
2157.826
2158.004
2158.182
2158.36
2158.538
2158.716
2158.894
2159.072
2159.25
2159.428
2159.606
2159.784
2159.962
2160.14
2160.318
2160.496
2160.674
2160.852
2161.03
2161.2
2161.987
2162.774
2163.561
2164.348
2165.135
2165.922
2166.709
2167.496
2168.283
2169.07
2169.857
2170.644
2171.431
2172.218
2173.005
2173.792
2174.579
2175.366
2176.15
2177.713
2179.276
2180.839
2182.402
2183.965
2185.53
2185.819
2186.108
2186.397
2186.686
2186.975
2187.264
2187.553
2187.842
2188.131
2188.42
2188.709
2188.998
2189.287
2189.576
2189.865
2190.154
2190.443
2190.732
2191.021
2191.319
2191.627
2191.935
2192.243
2192.551
2192.859
2193.167
2193.475
2193.783
2194.091
2194.399
2194.707
2195.015
2195.323
2195.631
2195.939
2196.247
2196.555
2196.859
2197.244
2197.629
2198.014
2198.399
2198.784
2199.169
2199.554
2199.939
2200.324
2200.709
2201.094
2201.479
2201.864
2202.249
2202.634
2203.019
2203.404
2203.789
2204.286
2204.783
2205.28
2205.777
2206.274
2206.771
2207.268
2207.765
2208.262
2208.759
2209.256
2209.753
2210.25
2210.747
2211.244
2211.741
2212.238
2212.735
2213.232
2213.73
2213.888
2214.046
2214.204
2214.362
2214.52
2214.678
2214.836
2214.994
2215.152
2215.31
2215.468
2215.626
2215.784
2215.942
2216.1
2216.258
2216.416
2216.574
2216.73
2216.983
2217.236
2217.489
2217.742
2217.995
2218.248
2218.501
2218.754
2219.007
2219.26
2219.513
2219.766
2220.019
2220.272
2220.525
2220.778
2221.031
2221.284
2221.537
2221.789
2222.255
2222.721
2223.187
2223.653
2224.119
2224.585
2225.051
2225.517
2225.983
2226.449
2226.915
2227.381
2227.847
2228.313
2228.779
2229.245
2229.71
2230.622
2231.534
2232.447
2233.36
2234.273
2235.186
2236.099
2237.012
2237.925
2238.838
2239.751
2240.66
2240.915
2241.17
2241.425
2241.68
2241.935
2242.19
2242.445
2242.7
2242.955
2243.21
2243.465
2243.72
2243.975
2244.23
2244.485
2244.74
2245.0
2245.243
2245.486
2245.729
2245.972
2246.215
2246.458
2246.701
2246.944
2247.187
2247.43
2247.673
2247.916
2248.159
2248.402
2248.645
2248.888
2249.13
2249.503
2249.876
2250.249
2250.622
2250.995
2251.368
2251.741
2252.114
2252.487
2252.86
2253.233
2253.606
2253.979
2254.352
2254.725
2255.098
2255.471
2255.844
2256.217
2256.59
2256.96
2257.211
2257.462
2257.713
2257.964
2258.215
2258.466
2258.717
2258.968
2259.219
2259.47
2259.721
2259.972
2260.223
2260.474
2260.725
2260.976
2261.227
2261.478
2261.73
2262.227
2262.724
2263.221
2263.718
2264.215
2264.712
2265.209
2265.706
2266.203
2266.7
2267.197
2267.694
2268.191
2268.688
2269.185
2269.682
2270.179
2270.67
2271.032
2271.394
2271.756
2272.118
2272.48
2272.842
2273.204
2273.566
2273.928
2274.29
2274.652
2275.014
2275.376
2275.738
2276.1
2276.462
2276.824
2277.186
2277.54
2278.822
2280.104
2281.386
2282.668
2283.95
2285.232
2286.514
2287.796
2289.078
2290.36
2291.642
2292.924
2294.206
2295.488
2296.77
2298.052
2299.334
2300.609
2301.234
2301.859
2302.484
2303.109
2303.734
2304.359
2304.984
2305.609
2306.234
2306.859
2307.484
2308.109
2308.734
2309.359
2309.984
2310.609
2311.24
2311.544
2311.848
2312.152
2312.456
2312.76
2313.064
2313.368
2313.672
2313.976
2314.28
2314.584
2314.888
2315.192
2315.496
2315.8
2316.104
2316.408
2316.712
2317.016
2317.329
2317.599
2317.869
2318.139
2318.409
2318.679
2318.949
2319.219
2319.489
2319.759
2320.029
2320.299
2320.569
2320.839
2321.109
2321.379
2321.649
2321.919
2322.189
2322.459
2322.72
2322.984
2323.248
2323.512
2323.776
2324.04
2324.304
2324.568
2324.832
2325.096
2325.36
2325.624
2325.888
2326.152
2326.416
2326.68
2326.944
2327.208
2327.48
2327.828
2328.176
2328.524
2328.872
2329.22
2329.568
2329.916
2330.264
2330.612
2330.96
2331.308
2331.656
2332.004
2332.352
2332.7
2333.048
2333.4
2334.4
2334.781
2335.162
2335.543
2335.924
2336.305
2336.686
2337.067
2337.448
2337.829
2338.21
2338.591
2338.972
2339.353
2339.734
2340.115
2340.496
2340.877
2341.26
2341.643
2342.026
2342.409
2342.792
2343.175
2343.558
2343.941
2344.324
2344.707
2345.09
2345.473
2345.856
2346.239
2346.622
2347.005
2347.388
2347.771
2348.15
2348.594
2349.038
2349.482
2349.926
2350.37
2350.814
2351.258
2351.702
2352.146
2352.59
2353.034
2353.478
2353.922
2354.366
2354.81
2355.25
2355.641
2356.032
2356.423
2356.814
2357.205
2357.596
2357.987
2358.378
2358.769
2359.16
2359.551
2359.942
2360.333
2360.724
2361.115
2361.5
2361.997
2362.494
2362.991
2363.488
2363.985
2364.482
2364.979
2365.476
2365.973
2366.47
2366.967
2367.464
2367.961
2368.458
2368.955
2369.45
2369.718
2369.986
2370.254
2370.522
2370.79
2371.058
2371.326
2371.594
2371.862
2372.13
2372.398
2372.666
2372.934
2373.202
2373.47
2373.738
2374.006
2374.28
2375.108
2375.936
2376.764
2377.592
2378.42
2379.248
2380.076
2380.904
2381.732
2382.56
2383.388
2384.216
2385.044
2385.872
2386.7
2387.528
2388.359
2388.771
2389.183
2389.595
2390.007
2390.419
2390.831
2391.243
2391.655
2392.067
2392.479
2392.891
2393.303
2393.71
2393.985
2394.26
2394.535
2394.81
2395.085
2395.36
2395.635
2395.91
2396.185
2396.46
2396.735
2397.01
2397.285
2397.56
2397.835
2398.11
2398.385
2398.66
2398.935
2399.21
2399.48
2399.749
2400.018
2400.287
2400.556
2400.825
2401.094
2401.363
2401.632
2401.901
2402.17
2402.439
2402.708
2402.977
2403.24
2403.532
2403.824
2404.116
2404.408
2404.7
2404.992
2405.284
2405.576
2405.868
2406.16
2406.452
2406.744
2407.036
2407.328
2407.62
2407.912
2408.204
2408.496
2408.78
2409.069
2409.358
2409.647
2409.936
2410.225
2410.514
2410.803
2411.092
2411.381
2411.67
2411.959
2412.248
2412.537
2412.826
2413.115
2413.404
2413.693
2413.99
2414.231
2414.472
2414.713
2414.954
2415.195
2415.436
2415.677
2415.918
2416.159
2416.4
2416.641
2416.882
2417.123
2417.364
2417.599
2417.907
2418.215
2418.523
2418.831
2419.139
2419.447
2419.755
2420.063
2420.371
2420.679
2420.987
2421.295
2421.603
2421.911
2422.219
2422.53
2422.807
2423.084
2423.361
2423.638
2423.915
2424.192
2424.469
2424.746
2425.023
2425.3
2425.577
2425.854
2426.131
2426.408
2426.685
2426.962
2427.239
2427.516
2427.799
2428.278
2428.757
2429.236
2429.715
2430.194
2430.673
2431.152
2431.631
2432.11
2432.589
2433.068
2433.547
2434.026
2434.505
2434.984
2435.463
2435.942
2436.421
2436.9
2437.204
2437.508
2437.812
2438.116
2438.42
2438.724
2439.028
2439.332
2439.64
2439.876
2440.112
2440.348
2440.584
2440.82
2441.056
2441.292
2441.528
2441.764
2442.0
2442.236
2442.472
2442.708
2442.944
2443.18
2443.416
2443.652
2443.88
2444.464
2445.048
2445.632
2446.216
2446.8
2447.384
2447.968
2448.552
2449.136
2449.72
2450.304
2450.888
2451.472
2452.056
2452.64
2453.224
2453.808
2454.392
2454.976
2455.56
2456.14
2456.489
2456.838
2457.187
2457.536
2457.885
2458.234
2458.583
2458.932
2459.281
2459.63
2459.979
2460.328
2460.677
2461.026
2461.369
2461.662
2461.955
2462.248
2462.541
2462.834
2463.127
2463.42
2463.713
2464.006
2464.299
2464.592
2464.885
2465.178
2465.471
2465.764
2466.057
2466.35
2466.643
2466.936
2467.22
2467.566
2467.912
2468.258
2468.604
2468.95
2469.296
2469.642
2469.988
2470.334
2470.68
2471.026
2471.372
2471.718
2472.064
2472.41
2472.756
2473.102
2473.45
2473.718
2473.986
2474.254
2474.522
2474.79
2475.058
2475.326
2475.594
2475.862
2476.13
2476.398
2476.666
2476.934
2477.202
2477.47
2477.738
2478.006
2478.27
2478.549
2478.828
2479.107
2479.386
2479.665
2479.944
2480.223
2480.502
2480.781
2481.06
2481.339
2481.618
2481.897
2482.176
2482.455
2482.734
2483.013
2483.299
2483.573
2483.847
2484.121
2484.395
2484.669
2484.943
2485.217
2485.491
2485.765
2486.039
2486.313
2486.587
2486.861
2487.135
2487.409
2487.683
2487.957
2488.23
2488.774
2489.318
2489.862
2490.406
2490.95
2491.494
2492.038
2492.582
2493.126
2493.67
2494.214
2494.758
2495.302
2495.846
2496.39
2496.934
2497.48
2497.674
2497.868
2498.062
2498.256
2498.45
2498.644
2498.838
2499.032
2499.226
2499.42
2499.614
2499.808
2500.002
2500.196
2500.39
2500.584
2500.778
2500.972
2501.166
2501.369
2501.66
2501.951
2502.242
2502.533
2502.824
2503.115
2503.406
2503.697
2503.988
2504.279
2504.57
2504.861
2505.152
2505.443
2505.734
2506.025
2506.319
2506.736
2507.153
2507.57
2507.987
2508.404
2508.821
2509.238
2509.655
2510.072
2510.489
2510.906
2511.323
2511.74
2512.157
2512.574
2512.991
2513.408
2513.825
2514.24
2514.612
2514.984
2515.356
2515.728
2516.1
2516.472
2516.844
2517.216
2517.588
2517.96
2518.332
2518.704
2519.076
2519.448
2519.82
2520.192
2520.564
2520.94
2520.94
2520.94
2520.94
2520.94
2520.94
2520.94
2520.94
2520.94
2520.94
2520.94
2520.94
