72.84
73.195
73.55
73.905
74.26
74.615
74.97
75.325
75.68
76.035
76.39
76.745
77.1
77.455
77.81
78.17
78.484
78.798
79.112
79.426
79.74
80.054
80.368
80.682
80.996
81.31
81.624
81.938
82.252
82.566
82.88
83.194
83.508
83.822
84.136
84.45
84.77
85.031
85.292
85.553
85.814
86.075
86.336
86.597
86.858
87.119
87.38
87.641
87.902
88.163
88.424
88.685
88.946
89.207
89.468
89.729
89.99
90.303
90.616
90.929
91.242
91.555
91.868
92.181
92.494
92.807
93.12
93.433
93.746
94.059
94.372
94.685
94.998
95.319
95.65
95.981
96.312
96.643
96.974
97.305
97.636
97.967
98.298
98.629
98.96
99.291
99.622
99.953
100.284
100.615
100.94
101.309
101.678
102.047
102.416
102.785
103.154
103.523
103.892
104.261
104.63
104.999
105.368
105.737
106.11
106.411
106.712
107.013
107.314
107.615
107.916
108.217
108.518
108.819
109.12
109.421
109.722
110.023
110.324
110.63
111.181
111.732
112.283
112.834
113.385
113.936
114.487
115.038
115.589
116.14
116.691
117.242
117.793
118.344
118.895
119.45
119.848
120.246
120.644
121.042
121.44
121.838
122.236
122.634
123.032
123.43
123.828
124.226
124.624
125.022
125.42
125.818
126.219
126.635
127.051
127.467
127.883
128.299
128.715
129.131
129.547
129.963
130.379
130.795
131.211
131.627
132.043
132.459
132.87
133.226
133.582
133.938
134.294
134.65
135.006
135.362
135.718
136.074
136.43
136.786
137.142
137.498
137.854
138.21
138.566
138.93
139.311
139.692
140.073
140.454
140.835
141.216
141.597
141.978
142.359
142.74
143.121
143.502
143.883
144.264
144.64
145.102
145.565
146.028
146.49
146.953
147.416
147.879
148.34
148.585
148.83
149.075
149.32
149.565
149.81
150.055
150.3
150.545
150.79
151.035
151.28
151.525
151.77
152.015
152.26
152.654
153.048
153.442
153.836
154.23
154.624
155.018
155.412
155.806
156.2
156.594
156.988
157.382
157.776
158.17
158.569
159.305
160.041
160.777
161.513
162.249
162.985
163.721
164.457
165.193
165.929
166.665
167.401
168.137
168.873
169.609
170.349
170.679
171.009
171.339
171.669
171.999
172.329
172.659
172.989
173.319
173.649
173.979
174.309
174.639
174.969
175.299
175.629
175.959
176.436
176.913
177.39
177.867
178.344
178.821
179.298
179.775
180.252
180.729
181.206
181.683
182.16
182.637
183.114
183.591
184.068
184.54
184.878
185.216
185.554
185.892
186.23
186.568
186.906
187.244
187.582
187.92
188.258
188.596
188.934
189.272
189.61
189.948
190.286
190.624
190.962
191.3
191.64
192.051
192.462
192.873
193.284
193.695
194.106
194.517
194.928
195.339
195.75
196.161
196.572
196.983
197.394
197.805
198.216
198.627
199.038
199.449
199.86
200.224
200.588
200.952
201.316
201.68
202.044
202.408
202.772
203.136
203.5
203.864
204.228
204.592
204.956
205.32
205.684
206.048
206.42
207.473
208.526
209.579
210.632
211.685
212.74
212.953
213.166
213.379
213.592
213.805
214.018
214.231
214.444
214.657
214.87
215.083
215.296
215.509
215.722
215.935
216.148
216.361
216.574
216.79
217.145
217.5
217.855
218.21
218.565
218.92
219.275
219.63
219.985
220.34
220.695
221.05
221.405
221.76
222.115
222.47
222.829
223.753
224.677
225.601
226.525
227.449
228.373
229.297
230.221
231.145
232.069
232.993
233.917
234.841
235.765
236.689
237.613
238.537
239.461
240.385
241.31
242.029
242.748
243.467
244.186
244.905
245.624
246.343
247.062
247.781
248.5
249.219
249.938
250.657
251.376
252.095
252.814
253.53
253.78
254.03
254.28
254.53
254.78
255.03
255.28
255.53
255.78
256.031
256.281
256.531
256.781
257.031
257.281
257.531
257.781
258.039
258.339
258.639
258.939
259.239
259.539
259.839
260.139
260.439
260.739
261.039
261.339
261.639
261.939
262.239
262.539
262.839
263.14
263.422
263.704
263.986
264.268
264.55
264.832
265.114
265.396
265.678
265.96
266.242
266.524
266.806
267.088
267.37
267.652
267.931
268.386
268.841
269.297
269.753
270.208
270.663
271.119
271.575
272.03
272.486
272.942
273.398
273.854
274.309
274.764
275.22
275.676
276.13
276.626
277.122
277.618
278.114
278.61
279.106
279.602
280.098
280.594
281.09
281.586
282.082
282.578
283.074
283.57
284.066
284.562
285.058
285.55
286.153
286.756
287.359
287.962
288.565
289.168
289.771
290.374
290.977
291.58
292.183
292.786
293.389
293.992
294.595
295.198
295.801
296.404
297.0
299.098
301.196
303.294
305.392
307.49
307.968
308.446
308.924
309.402
309.88
310.358
310.836
311.314
311.792
312.27
312.748
313.226
313.704
314.182
314.66
315.138
315.616
316.094
316.572
317.05
317.53
317.794
318.058
318.322
318.586
318.85
319.114
319.378
319.642
319.906
320.17
320.434
320.698
320.962
321.226
321.49
321.754
322.01
322.232
322.454
322.676
322.898
323.12
323.342
323.564
323.786
324.008
324.23
324.452
324.674
324.896
325.118
325.34
325.562
325.784
326.006
326.228
326.45
326.672
326.894
327.116
327.34
327.59
327.84
328.09
328.34
328.59
328.84
329.09
329.34
329.59
329.84
330.09
330.34
330.59
330.84
331.09
331.34
331.59
331.84
332.093
332.63
333.167
333.704
334.241
334.778
335.315
335.852
336.389
336.926
337.463
338.0
338.537
339.074
339.611
340.148
340.685
341.22
341.916
342.612
343.308
344.004
344.7
345.396
346.092
346.788
347.484
348.18
349.171
350.162
351.153
352.144
353.135
354.126
355.117
356.108
357.099
358.09
359.081
360.072
361.063
362.05
362.422
362.794
363.166
363.538
363.91
364.282
364.654
365.026
365.398
365.77
366.142
366.514
366.886
367.258
367.63
368.002
368.374
368.746
369.11
369.367
369.624
369.881
370.138
370.395
370.652
370.909
371.166
371.423
371.68
371.937
372.194
372.451
372.708
372.965
373.222
373.479
373.73
374.457
375.184
375.911
376.638
377.365
378.092
378.819
379.546
380.273
381.0
381.727
382.454
383.181
383.908
384.635
385.362
386.089
386.819
387.107
387.395
387.683
387.971
388.259
388.547
388.835
389.123
389.411
389.699
389.987
390.275
390.563
390.851
391.139
391.427
391.72
392.241
392.762
393.283
393.804
394.325
394.846
395.367
395.888
396.409
396.93
397.451
397.972
398.493
399.014
399.535
400.056
400.577
401.09
401.477
401.864
402.251
402.638
403.025
403.412
403.799
404.186
404.573
404.96
405.347
405.734
406.121
406.508
406.895
407.282
407.669
408.06
408.321
408.582
408.843
409.104
409.365
409.626
409.887
410.148
410.409
410.67
410.931
411.192
411.453
411.714
411.975
412.236
412.497
412.758
413.02
413.462
413.904
414.346
414.788
415.23
415.672
416.114
416.556
416.998
417.44
417.882
418.324
418.766
419.208
419.65
420.092
420.534
420.976
421.41
421.757
422.104
422.451
422.798
423.145
423.492
423.839
424.186
424.533
424.88
425.227
425.574
425.921
426.268
426.615
426.962
427.309
427.656
428.0
428.493
428.986
429.479
429.972
430.465
430.958
431.451
431.944
432.437
432.93
433.423
433.916
434.409
434.902
435.395
435.888
436.38
436.658
436.936
437.214
437.492
437.77
438.048
438.326
438.604
438.882
439.16
439.438
439.716
439.994
440.272
440.55
440.828
441.106
441.384
441.669
441.939
442.209
442.479
442.749
443.019
443.289
443.559
443.829
444.099
444.369
444.639
444.909
445.179
445.449
445.719
445.989
446.259
446.529
446.799
447.07
447.296
447.522
447.748
447.974
448.2
448.426
448.65
448.887
449.124
449.361
449.598
449.835
450.072
450.309
450.546
450.783
451.02
451.257
451.494
451.731
451.968
452.205
452.442
452.679
452.916
453.15
453.374
453.598
453.822
454.046
454.27
454.494
454.718
454.942
455.166
455.39
455.614
455.838
456.062
456.286
456.51
456.729
457.182
457.635
458.088
458.541
458.994
459.447
459.9
460.353
460.806
461.259
461.712
462.165
462.618
463.071
463.524
463.977
464.43
464.883
465.34
466.57
466.836
467.102
467.368
467.634
467.9
468.166
468.432
468.698
468.964
469.23
469.496
469.762
470.028
470.294
470.56
470.826
471.092
471.36
471.868
472.376
472.884
473.392
473.9
474.408
474.916
475.424
475.932
476.44
476.948
477.456
477.964
478.472
478.98
479.488
479.99
480.351
480.712
481.072
481.433
481.793
482.154
482.514
482.875
483.236
483.596
483.957
484.317
484.678
485.038
485.399
485.76
486.12
486.479
487.036
487.593
488.15
488.707
489.264
489.821
490.378
490.935
491.492
492.049
492.606
493.163
493.72
494.277
494.834
495.391
495.948
496.505
497.06
497.546
498.032
498.518
499.004
499.49
499.976
500.462
500.948
501.434
501.92
502.406
502.892
503.378
503.864
504.35
504.836
505.322
505.8
507.036
508.272
509.508
510.744
511.98
513.216
514.452
515.688
516.924
518.16
519.396
520.632
521.868
523.104
524.34
525.569
526.009
526.449
526.889
527.329
527.769
528.209
528.649
529.089
529.529
529.969
530.409
530.849
531.289
531.729
532.169
532.609
533.049
533.489
533.929
534.36
534.855
535.35
535.845
536.34
536.835
537.33
537.825
538.32
538.815
539.31
539.805
540.3
540.795
541.29
541.785
542.28
542.775
543.27
543.765
544.26
544.75
544.993
545.236
545.479
545.722
545.965
546.208
546.451
546.694
546.937
547.18
547.423
547.666
547.909
548.152
548.395
548.638
548.881
549.13
549.507
549.884
550.262
550.639
551.016
551.393
551.771
552.149
552.526
552.903
553.281
553.66
553.999
554.338
554.677
555.016
555.355
555.694
556.033
556.372
556.711
557.05
557.389
557.728
558.067
558.406
558.745
559.084
559.423
559.762
560.1
560.509
560.918
561.327
561.736
562.145
562.554
562.963
563.372
563.781
564.19
564.599
565.008
565.417
565.826
566.235
566.644
567.053
567.462
567.871
568.28
568.68
568.914
569.148
569.382
569.616
569.85
570.084
570.318
570.552
570.786
571.02
571.254
571.488
571.722
571.956
572.19
572.424
572.658
572.89
573.125
573.361
573.596
573.832
574.067
574.303
574.538
574.774
575.01
575.245
575.481
575.716
575.952
576.188
576.423
576.659
576.894
577.13
577.365
577.6
578.181
578.762
579.343
579.924
580.505
581.086
581.667
582.248
582.829
583.41
583.991
584.572
585.153
585.734
586.315
586.89
587.261
587.632
588.003
588.374
588.745
589.116
589.487
589.858
590.229
590.6
590.971
591.342
591.713
592.084
592.455
592.826
593.197
593.568
593.939
594.319
595.057
595.795
596.533
597.271
598.009
598.747
599.485
600.223
600.961
601.699
602.437
603.175
603.913
604.651
605.389
606.127
606.865
607.603
608.339
608.907
609.475
610.043
610.611
611.179
611.747
612.315
612.883
613.451
614.019
614.587
615.155
615.723
616.291
616.859
617.427
617.995
618.56
619.103
619.646
620.189
620.732
621.275
621.818
622.361
622.904
623.447
623.99
624.533
625.076
625.619
626.162
626.705
627.248
627.79
628.318
628.846
629.374
629.902
630.43
630.958
631.486
632.014
632.54
632.759
632.978
633.197
633.416
633.635
633.854
634.073
634.292
634.511
634.73
634.949
635.168
635.387
635.606
635.825
636.044
636.263
636.482
636.701
636.92
637.14
637.558
637.976
638.394
638.812
639.23
639.648
640.066
640.484
640.902
641.32
641.738
642.156
642.573
642.99
643.408
643.82
644.176
644.532
644.888
645.244
645.6
645.956
646.312
646.668
647.024
647.38
647.736
648.092
648.448
648.804
649.16
649.51
649.745
649.98
650.215
650.45
650.685
650.92
651.155
651.39
651.625
651.86
652.095
652.33
652.565
652.8
653.035
653.27
653.505
653.74
653.975
654.21
654.445
654.68
654.915
655.16
655.494
655.828
656.162
656.496
656.83
657.164
657.498
657.832
658.166
658.5
658.834
659.168
659.502
659.836
660.17
660.504
660.838
661.17
661.441
661.712
661.983
662.254
662.525
662.796
663.067
663.338
663.609
663.88
664.151
664.422
664.693
664.964
665.235
665.506
665.777
666.048
666.319
666.59
666.861
667.13
667.505
667.88
668.255
668.63
669.005
669.38
669.755
670.13
670.505
670.88
671.255
671.63
672.005
672.38
672.755
673.13
673.505
673.88
674.26
675.441
676.622
677.803
678.984
680.165
681.346
682.527
683.708
684.889
686.07
687.251
688.432
689.613
690.794
691.975
693.156
694.339
694.583
694.827
695.071
695.315
695.559
695.803
696.047
696.291
696.535
696.779
697.023
697.267
697.511
697.755
697.999
698.243
698.487
698.73
698.998
699.266
699.534
699.802
700.07
700.338
700.606
700.874
701.142
701.41
701.678
701.946
702.214
702.482
702.75
703.018
703.286
703.553
703.821
704.08
704.513
704.946
705.379
705.812
706.245
706.678
707.111
707.544
707.977
708.41
708.843
709.276
709.709
710.142
710.575
711.008
711.441
711.874
712.31
712.542
712.774
713.006
713.238
713.47
713.702
713.934
714.166
714.398
714.63
714.86
715.311
715.762
716.213
716.664
717.115
717.566
718.017
718.468
718.919
719.37
719.821
720.272
720.723
721.174
721.625
722.076
722.527
722.978
723.42
723.742
724.064
724.386
724.708
725.03
725.352
725.674
725.996
726.318
726.64
726.962
727.284
727.606
727.928
728.25
728.572
728.894
729.22
729.487
729.754
730.021
730.288
730.555
730.822
731.089
731.356
731.623
731.89
732.157
732.424
732.691
732.958
733.225
733.492
733.759
734.03
734.747
735.464
736.182
736.899
737.616
738.333
739.05
739.767
740.485
741.202
741.919
742.636
743.353
744.07
744.788
745.505
746.222
746.939
747.656
748.38
748.878
749.376
749.874
750.372
750.87
751.368
751.866
752.364
752.862
753.36
753.858
754.356
754.854
755.352
755.85
756.348
756.839
757.039
757.239
757.439
757.639
757.839
758.09
758.341
758.592
758.843
759.094
759.345
759.596
759.847
760.098
760.349
760.6
760.851
761.102
761.353
761.604
761.85
762.325
762.8
763.275
763.75
764.225
764.7
765.175
765.65
766.125
766.6
767.075
767.55
768.025
768.5
768.975
769.45
769.919
770.623
771.327
772.031
772.735
773.439
774.143
774.847
775.551
776.255
776.959
777.663
778.367
779.071
779.775
780.479
781.183
781.887
782.591
783.29
783.787
784.284
784.781
785.278
785.775
786.272
786.769
787.266
787.763
788.26
788.757
789.254
789.751
790.248
790.745
791.242
791.74
792.233
792.726
793.219
793.712
794.205
794.698
795.191
795.684
796.177
796.67
797.163
797.656
798.149
798.642
799.135
799.63
799.991
800.352
800.713
801.074
801.435
801.796
802.157
802.518
802.879
803.24
803.601
803.962
804.323
804.68
805.09
805.5
805.91
806.32
806.73
807.14
807.55
807.96
808.37
808.78
809.19
809.6
810.01
810.42
810.83
811.24
811.65
812.06
812.47
812.858
813.246
813.634
814.022
814.41
814.798
815.186
815.574
815.962
816.35
816.738
817.126
817.514
817.902
818.29
818.68
818.929
819.178
819.427
819.676
819.925
820.174
820.423
820.672
820.921
821.17
821.419
821.668
821.917
822.166
822.415
822.67
823.191
823.712
824.233
824.754
825.275
825.796
826.317
826.838
827.359
827.88
828.401
828.922
829.443
829.964
830.485
831.006
831.527
832.048
832.569
833.089
834.25
835.318
836.386
837.454
838.522
839.591
840.659
841.727
842.795
843.863
844.932
846.0
847.068
848.136
849.204
850.272
851.341
852.409
853.477
854.545
855.62
857.171
858.722
860.273
861.824
863.375
864.926
866.477
868.028
869.579
871.13
872.681
874.232
875.783
877.334
878.885
880.429
880.866
881.303
881.74
882.177
882.614
883.051
883.488
883.925
884.362
884.799
885.236
885.673
886.11
886.547
886.984
887.421
887.85
888.112
888.374
888.636
888.898
889.16
889.422
889.684
889.946
890.208
890.47
890.732
890.994
891.256
891.518
891.78
892.042
892.304
892.566
892.828
893.09
893.352
893.621
894.317
895.013
895.709
896.405
897.101
897.797
898.493
899.189
899.885
900.581
901.277
901.973
902.669
903.365
904.061
904.757
905.459
905.771
906.083
906.395
906.707
907.019
907.331
907.643
907.955
908.267
908.579
908.891
909.203
909.515
909.827
910.139
910.451
910.763
911.075
911.387
911.699
912.01
912.494
912.978
913.462
913.946
914.43
914.914
915.398
915.882
916.366
916.85
917.334
917.818
918.302
918.786
919.27
919.754
920.238
920.722
921.206
921.699
921.977
922.255
922.533
922.811
923.089
923.367
923.645
923.923
924.201
924.479
924.757
925.035
925.313
925.591
925.869
926.147
926.425
926.703
926.981
927.259
927.537
927.815
928.093
928.36
928.656
928.952
929.248
929.544
929.84
930.136
930.432
930.728
931.024
931.32
931.616
931.912
932.208
932.504
932.8
933.096
933.39
933.978
934.566
935.154
935.742
936.33
936.918
937.506
938.094
938.682
939.27
939.858
940.446
941.034
941.622
942.21
942.798
943.39
944.635
945.88
947.125
948.37
948.642
948.914
949.186
949.458
949.73
950.002
950.274
950.546
950.818
951.09
951.362
951.634
951.906
952.178
952.45
952.722
952.994
953.266
953.539
954.67
955.801
956.932
958.063
959.194
960.325
961.456
962.587
963.718
964.849
965.98
967.111
968.242
969.373
970.504
971.635
972.77
973.211
973.652
974.093
974.534
974.975
975.416
975.857
976.298
976.739
977.18
977.621
978.062
978.503
978.944
979.385
979.826
980.267
980.7
981.511
982.322
983.133
983.944
984.755
985.566
986.377
987.188
987.999
988.81
989.621
990.432
991.243
992.059
992.347
992.635
992.923
993.211
993.499
993.787
994.075
994.363
994.651
994.939
995.227
995.515
995.803
996.091
996.379
996.667
996.955
997.24
998.59
999.94
1001.29
1002.64
1003.99
1005.34
1006.69
1008.04
1009.39
1010.74
1012.09
1013.44
1014.79
1016.14
1017.49
1018.84
1020.19
1021.54
1022.89
1023.342
1023.794
1024.246
1024.698
1025.15
1025.602
1026.054
1026.506
1026.958
1027.41
1027.862
1028.314
1028.766
1029.218
1029.67
1030.122
1030.579
1030.913
1031.247
1031.581
1031.915
1032.249
1032.583
1032.917
1033.25
1034.992
1036.734
1038.476
1040.218
1041.96
1043.702
1045.444
1047.186
1048.928
1050.67
1052.412
1054.154
1055.896
1057.638
1059.38
1061.122
1062.864
1064.6
1065.172
1065.744
1066.316
1066.888
1067.46
1068.032
1068.604
1069.176
1069.748
1070.32
1070.892
1071.464
1072.036
1072.608
1073.18
1073.752
1074.324
1074.896
1075.47
1075.714
1075.958
1076.202
1076.446
1076.69
1076.934
1077.178
1077.422
1077.666
1077.91
1078.154
1078.398
1078.642
1078.886
1079.13
1079.374
1079.618
1079.862
1080.106
1080.35
1081.422
1082.494
1083.566
1084.638
1085.71
1086.782
1087.854
1088.926
1089.998
1091.07
1092.142
1093.214
1094.286
1095.358
1096.43
1097.502
1098.574
1099.646
1100.72
1100.989
1101.258
1101.527
1101.796
1102.065
1102.334
1102.603
1102.872
1103.141
1103.41
1103.679
1103.948
1104.217
1104.486
1104.755
1105.024
1105.289
1105.724
1106.159
1106.594
1107.029
1107.464
1107.899
1108.333
1108.768
1109.203
1109.638
1110.072
1110.506
1110.941
1111.376
1111.811
1112.245
1112.679
1113.11
1113.732
1114.354
1114.976
1115.598
1116.22
1116.842
1117.464
1118.086
1118.708
1119.33
1119.952
1120.574
1121.196
1121.818
1122.44
1123.059
1123.498
1123.938
1124.378
1124.817
1125.256
1125.696
1126.135
1126.574
1127.014
1127.453
1127.892
1128.332
1128.772
1129.211
1129.65
1130.09
1130.529
1130.97
1131.501
1132.032
1132.563
1133.094
1133.625
1134.156
1134.687
1135.218
1135.749
1136.28
1136.811
1137.342
1137.873
1138.404
1138.935
1139.47
1139.709
1139.948
1140.187
1140.426
1140.665
1140.904
1141.143
1141.382
1141.621
1141.86
1142.099
1142.338
1142.577
1142.816
1143.055
1143.294
1143.529
1144.416
1145.303
1146.19
1147.077
1147.964
1148.851
1149.738
1150.625
1151.512
1152.399
1153.286
1154.173
1155.06
1155.947
1156.834
1157.721
1158.608
1159.495
1160.389
1160.939
1161.489
1162.039
1162.589
1163.139
1163.689
1164.239
1164.789
1165.339
1165.889
1166.439
1166.989
1167.539
1168.089
1168.639
1169.189
1169.739
1170.29
1170.759
1171.228
1171.697
1172.166
1172.635
1173.104
1173.573
1174.042
1174.511
1174.98
1175.449
1175.918
1176.387
1176.856
1177.325
1177.794
1178.263
1178.732
1179.2
1179.53
1179.86
1180.19
1180.52
1180.85
1181.18
1181.51
1181.84
1182.17
1182.5
1182.83
1183.16
1183.49
1183.82
1184.15
1184.48
1184.81
1185.14
1185.47
1185.809
1186.179
1186.549
1186.919
1187.289
1187.659
1188.029
1188.399
1188.769
1189.139
1189.509
1189.879
1190.249
1190.619
1190.989
1191.359
1191.729
1192.099
1192.469
1192.839
1193.209
1193.58
1193.895
1194.21
1194.525
1194.84
1195.155
1195.47
1195.785
1196.1
1196.415
1196.73
1197.045
1197.36
1197.675
1197.99
1198.305
1198.62
1198.935
1199.25
1200.338
1201.426
1202.514
1203.601
1204.689
1205.777
1206.865
1207.953
1209.041
1210.129
1211.216
1212.303
1213.391
1214.479
1215.567
1216.655
1217.743
1218.831
1219.918
1221.0
1221.344
1221.688
1222.032
1222.376
1222.72
1223.064
1223.408
1223.752
1224.096
1224.44
1224.784
1225.128
1225.472
1225.816
1226.16
1226.504
1226.848
1227.192
1227.536
1227.88
1228.224
1228.568
1228.912
1229.259
1229.769
1230.279
1230.789
1231.299
1231.809
1232.319
1232.829
1233.339
1233.849
1234.359
1234.869
1235.379
1235.889
1236.399
1236.909
1237.419
1237.929
1238.44
1239.549
1240.658
1241.767
1242.876
1243.985
1245.094
1246.203
1247.312
1248.421
1249.53
1250.639
1251.748
1252.857
1253.966
1255.075
1256.184
1257.293
1258.402
1259.511
1260.62
1261.729
1262.84
1263.242
1263.644
1264.046
1264.448
1264.85
1265.252
1265.654
1266.056
1266.458
1266.86
1267.262
1267.664
1268.066
1268.468
1268.87
1269.272
1269.674
1270.076
1270.478
1270.88
1271.29
1271.738
1272.186
1272.634
1273.082
1273.53
1273.978
1274.426
1274.874
1275.322
1275.77
1276.218
1276.666
1277.114
1277.562
1278.01
1278.458
1278.906
1279.354
1279.802
1280.25
1280.7
1281.723
1282.746
1283.769
1284.792
1285.815
1286.838
1287.861
1288.884
1289.907
1290.93
1291.953
1292.976
1293.999
1295.022
1296.045
1297.068
1298.091
1299.114
1300.137
1301.16
1302.183
1303.206
1304.23
1304.777
1305.324
1305.871
1306.418
1306.965
1307.512
1308.059
1308.606
1309.153
1309.7
1310.247
1310.794
1311.341
1311.888
1312.435
1312.982
1313.529
1314.076
1314.623
1315.17
1316.519
1317.868
1319.217
1320.566
1321.915
1323.264
1324.613
1325.962
1327.311
1328.66
1330.009
1331.358
1332.707
1334.056
1335.405
1336.754
1338.103
1339.452
1340.809
1341.213
1341.617
1342.021
1342.425
1342.829
1343.233
1343.637
1344.041
1344.445
1344.849
1345.253
1345.657
1346.061
1346.465
1346.869
1347.273
1347.677
1348.08
1348.639
1349.198
1349.757
1350.316
1350.875
1351.434
1351.993
1352.552
1353.111
1353.67
1354.229
1354.788
1355.347
1355.906
1356.465
1357.024
1357.583
1358.142
1358.7
1360.683
1362.666
1364.649
1366.632
1368.615
1370.598
1372.581
1374.564
1376.547
1378.53
1379.127
1379.724
1380.321
1380.918
1381.515
1382.112
1382.709
1383.306
1383.903
1384.5
1385.097
1385.694
1386.291
1386.888
1387.485
1388.082
1388.679
1389.276
1389.873
1390.47
1391.07
1391.417
1391.764
1392.111
1392.458
1392.805
1393.152
1393.499
1393.846
1394.193
1394.54
1394.887
1395.234
1395.581
1395.928
1396.275
1396.622
1396.969
1397.309
1397.752
1398.195
1398.638
1399.081
1399.524
1399.967
1400.41
1400.853
1401.296
1401.739
1402.182
1402.625
1403.068
1403.511
1403.954
1404.397
1404.84
1405.283
1405.726
1406.169
1406.62
1406.741
1406.862
1406.983
1407.104
1407.225
1407.346
1407.467
1407.588
1407.709
1407.83
1407.951
1408.072
1408.193
1408.314
1408.435
1408.556
1408.677
1408.798
1408.919
1409.04
1409.161
1409.282
1409.403
1409.529
1409.652
1409.775
1409.898
1410.021
1410.144
1410.267
1410.39
1410.513
1410.636
1410.759
1410.882
1411.005
1411.128
1411.25
1411.574
1411.898
1412.222
1412.546
1412.87
1413.194
1413.518
1413.842
1414.166
1414.49
1414.814
1415.138
1415.462
1415.786
1416.11
1416.429
1419.388
1422.347
1425.306
1428.265
1431.224
1434.183
1437.142
1440.101
1443.06
1446.019
1448.978
1451.937
1454.896
1457.85
1505.155
1552.46
1557.708
1562.956
1568.204
1573.452
1578.7
1583.95
1584.517
1585.084
1585.651
1586.218
1586.785
1587.352
1587.919
1588.486
1589.053
1589.62
1590.187
1590.754
1591.321
1591.888
1592.455
1593.022
1593.589
1594.15
1594.595
1595.04
1595.485
1595.93
1596.375
1596.82
1597.265
1597.71
1598.155
1598.6
1599.045
1599.49
1599.935
1600.38
1600.825
1601.27
1601.715
1602.159
1602.726
1603.293
1603.86
1604.427
1604.994
1605.561
1606.128
1606.695
1607.262
1607.829
1608.396
1608.963
1609.53
1610.097
1610.669
1611.157
1611.645
1612.133
1612.621
1613.109
1613.597
1614.085
1614.573
1615.061
1615.549
1616.037
1616.525
1617.013
1617.501
1617.989
1618.477
1618.96
1619.266
1619.572
1619.878
1620.184
1620.49
1620.796
1621.102
1621.408
1621.714
1622.02
1622.326
1622.632
1622.938
1623.244
1623.549
1624.198
1624.847
1625.496
1626.145
1626.794
1627.443
1628.092
1628.741
1629.39
1630.039
1630.688
1631.337
1631.986
1632.635
1633.284
1633.933
1634.582
1635.231
1635.88
1636.529
1637.178
1637.83
1638.186
1638.542
1638.898
1639.254
1639.61
1639.966
1640.322
1640.678
1641.034
1641.39
1641.746
1642.102
1642.458
1642.814
1643.17
1643.526
1643.882
1644.238
1644.6
1645.227
1645.854
1646.481
1647.108
1647.735
1648.362
1648.989
1649.616
1650.243
1650.87
1651.497
1652.124
1652.751
1653.378
1654.005
1654.632
1655.259
1655.886
1656.513
1657.14
1657.65
1658.16
1658.67
1659.18
1659.69
1660.2
1660.71
1661.22
1661.729
1662.238
1662.747
1663.256
1663.765
1664.274
1664.783
1665.292
1665.801
1666.31
1666.819
1667.328
1667.837
1668.346
1668.855
1669.364
1669.873
1670.382
1670.891
1671.4
1671.909
1672.279
1672.649
1673.019
1673.389
1673.759
1674.129
1674.499
1674.869
1675.239
1675.609
1675.979
1676.349
1676.719
1677.089
1677.459
1677.83
1678.048
1678.266
1678.484
1678.702
1678.92
1679.138
1679.356
1679.574
1679.792
1680.01
1680.228
1680.446
1680.664
1680.882
1681.1
1681.318
1681.536
1681.75
1682.998
1684.246
1685.494
1686.742
1687.99
1689.238
1690.486
1691.734
1692.982
1694.23
1695.478
1696.726
1697.974
1699.222
1700.47
1701.718
1702.966
1704.214
1705.46
1705.859
1706.258
1706.657
1707.056
1707.455
1707.854
1708.253
1708.652
1709.051
1709.45
1709.849
1710.248
1710.647
1711.046
1711.445
1711.844
1712.249
1712.797
1713.345
1713.893
1714.441
1714.989
1715.537
1716.085
1716.633
1717.181
1717.729
1718.277
1718.825
1719.373
1719.921
1720.47
1721.709
1722.948
1724.187
1725.426
1726.665
1727.904
1729.143
1730.382
1731.621
1732.86
1734.099
1735.338
1736.577
1737.816
1739.055
1740.294
1741.533
1742.779
1743.138
1743.497
1743.856
1744.215
1744.574
1744.933
1745.292
1745.651
1746.01
1746.369
1746.728
1747.087
1747.446
1747.805
1748.164
1748.523
1748.882
1749.24
1749.554
1749.868
1750.182
1750.496
1750.81
1751.124
1751.438
1751.752
1752.066
1752.38
1752.694
1753.008
1753.322
1753.636
1753.95
1754.264
1754.58
1754.985
1755.39
1755.795
1756.2
1756.605
1757.01
1757.415
1757.82
1758.225
1758.63
1759.035
1759.44
1759.845
1760.25
1760.655
1761.06
1761.46
1761.902
1762.344
1762.786
1763.228
1763.67
1764.112
1764.554
1764.996
1765.438
1765.88
1766.322
1766.764
1767.206
1767.65
1768.152
1768.654
1769.156
1769.658
1770.16
1770.662
1771.164
1771.666
1772.168
1772.67
1773.172
1773.674
1774.176
1774.678
1775.18
1775.682
1776.19
1776.747
1777.304
1777.861
1778.418
1778.975
1779.532
1780.089
1780.646
1781.203
1781.76
1782.317
1782.874
1783.431
1783.988
1784.539
1784.838
1785.137
1785.436
1785.735
1786.034
1786.333
1786.632
1786.931
1787.23
1787.529
1787.828
1788.127
1788.426
1788.725
1789.024
1789.323
1789.622
1789.921
1790.22
1790.452
1790.684
1790.916
1791.148
1791.38
1791.612
1791.844
1792.076
1792.308
1792.54
1792.772
1793.004
1793.236
1793.468
1793.7
1793.932
1794.164
1794.396
1794.63
1796.88
1799.13
1800.579
1802.028
1803.477
1804.926
1806.375
1807.824
1809.273
1810.722
1812.171
1813.62
1815.069
1816.518
1817.97
1818.432
1818.894
1819.356
1819.818
1820.28
1820.742
1821.204
1821.666
1822.128
1822.59
1823.052
1823.514
1823.976
1824.438
1824.9
1825.362
1825.824
1826.286
1826.739
1827.173
1827.607
1828.041
1828.475
1828.909
1829.343
1829.777
1830.211
1830.645
1831.079
1831.513
1831.947
1832.381
1832.815
1833.249
1833.683
1834.117
1834.551
1834.985
1835.419
1835.85
1837.001
1838.152
1839.303
1840.454
1841.605
1842.756
1843.907
1845.058
1846.209
1847.36
1848.511
1849.662
1850.813
1851.964
1853.115
1854.266
1855.417
1856.568
1857.719
1858.87
1860.019
1860.668
1861.317
1861.966
1862.615
1863.264
1863.913
1864.562
1865.211
1865.861
1866.511
1867.16
1867.81
1868.459
1869.109
1869.758
1870.408
1871.057
1871.71
1874.524
1877.338
1880.152
1882.966
1885.78
1888.594
1891.409
1891.666
1891.923
1892.18
1892.437
1892.694
1892.951
1893.208
1893.465
1893.722
1893.979
1894.236
1894.493
1894.75
1895.007
1895.264
1895.521
1895.778
1896.035
1896.292
1896.549
1897.478
1898.407
1899.336
1900.265
1901.194
1902.123
1903.052
1903.981
1904.91
1905.84
1907.044
1908.248
1909.452
1910.656
1911.86
1913.064
1914.268
1915.472
1916.676
1917.88
1919.084
1920.288
1921.492
1922.696
1923.9
1925.104
1926.309
1927.942
1929.575
1931.208
1932.841
1934.474
1936.107
1937.74
1939.373
1941.006
1942.639
1944.272
1945.905
1947.539
1948.149
1948.759
1949.369
1949.979
1950.589
1951.199
1951.809
1952.419
1953.029
1953.639
1954.249
1954.859
1955.469
1956.079
1956.689
1957.299
1957.52
1957.741
1957.962
1958.183
1958.404
1958.625
1958.846
1959.067
1959.288
1959.509
1959.73
1959.951
1960.172
1960.393
1960.614
1960.835
1961.056
1961.277
1961.499
1961.731
1961.963
1962.195
1962.427
1962.659
1962.891
1963.123
1963.355
1963.587
1963.819
1964.051
1964.283
1964.515
1964.747
1964.979
1965.211
1965.45
1965.712
1965.974
1966.236
1966.498
1966.76
1967.022
1967.284
1967.546
1967.808
1968.07
1968.332
1968.594
1968.856
1969.118
1969.38
1969.642
1969.904
1970.159
1970.734
1971.309
1971.884
1972.459
1973.034
1973.609
1974.184
1974.759
1975.334
1975.909
1976.484
1977.059
1977.634
1978.209
1978.784
1979.359
1979.934
1980.509
1981.09
1981.663
1982.236
1982.809
1983.382
1983.955
1984.528
1985.101
1985.674
1986.247
1986.82
1987.393
1987.966
1988.539
1989.112
1989.685
1990.258
1990.831
1991.404
1991.977
1992.55
1993.119
1993.48
1993.841
1994.202
1994.563
1994.924
1995.285
1995.646
1996.007
1996.368
1996.729
1997.09
1997.451
1997.812
1998.173
1998.534
1998.895
1999.256
1999.617
1999.978
2000.339
2000.71
2001.428
2002.146
2002.864
2003.582
2004.3
2005.019
2005.332
2005.645
2005.958
2006.271
2006.584
2006.897
2007.21
2007.523
2007.836
2008.149
2008.462
2008.775
2009.088
2009.401
2009.714
2010.027
2010.34
2010.65
2011.753
2012.856
2013.959
2015.062
2016.165
2017.268
2018.371
2019.474
2020.577
2021.68
2022.783
2023.886
2024.989
2026.092
2027.195
2028.298
2029.401
2030.504
2031.6
2031.977
2032.354
2032.731
2033.108
2033.485
2033.862
2034.239
2034.616
2034.993
2035.37
2035.747
2036.124
2036.501
2036.878
2037.255
2037.632
2038.009
2038.386
2038.76
2040.131
2041.502
2042.873
2044.244
2045.615
2046.986
2048.357
2049.728
2051.099
2052.47
2053.841
2055.212
2056.583
2057.954
2059.32
2059.783
2060.246
2060.709
2061.172
2061.635
2062.098
2062.561
2063.024
2063.487
2063.95
2064.413
2064.876
2065.339
2065.802
2066.265
2066.728
2067.191
2067.654
2068.117
2068.58
2069.272
2069.964
2070.656
2071.348
2072.04
2072.732
2073.424
2074.116
2074.808
2075.5
2076.192
2076.884
2077.576
2078.268
2078.96
2079.649
2079.884
2080.119
2080.354
2080.589
2080.824
2081.059
2081.294
2081.529
2081.764
2081.999
2082.234
2082.469
2082.704
2082.939
2083.169
2083.44
2083.711
2083.982
2084.253
2084.524
2084.795
2085.066
2085.337
2085.608
2085.879
2086.15
2086.421
2086.692
2086.963
2087.234
2087.505
2087.77
2088.219
2088.668
2089.117
2089.566
2090.015
2090.464
2090.913
2091.362
2091.811
2092.26
2092.709
2093.158
2093.607
2094.056
2094.505
2094.95
2095.455
2095.96
2096.465
2096.97
2097.475
2097.98
2098.485
2098.99
2099.495
2100.0
2100.505
2101.01
2101.515
2102.02
2102.525
2103.03
2103.535
2104.04
2104.55
2105.142
2105.734
2106.326
2106.918
2107.51
2108.102
2108.694
2109.286
2109.878
2110.47
2111.062
2111.654
2112.246
2112.838
2113.43
2114.022
2114.614
2115.2
2115.756
2116.312
2116.868
2117.424
2117.98
2118.536
2119.092
2119.648
2120.204
2120.76
2121.316
2121.872
2122.428
2122.984
2123.54
2124.096
2124.652
2125.208
2125.76
2126.34
2126.92
2127.5
2128.08
2128.66
2129.24
2129.571
2129.902
2130.233
2130.564
2130.895
2131.226
2131.557
2131.888
2132.219
2132.55
2132.881
2133.212
2133.543
2133.874
2134.205
2134.536
2134.867
2135.19
2135.431
2135.672
2135.913
2136.154
2136.395
2136.636
2136.877
2137.118
2137.359
2137.6
2137.841
2138.082
2138.323
2138.564
2138.805
2139.046
2139.287
2139.528
2139.769
2140.01
2140.25
2140.515
2140.78
2141.045
2141.31
2141.575
2141.84
2142.105
2142.37
2142.635
2142.9
2143.165
2143.43
2143.695
2143.96
2144.225
2144.49
2144.755
2145.02
2145.285
2145.55
2145.815
2146.08
2146.35
2146.575
2146.8
2147.025
2147.25
2147.475
2147.7
2147.925
2148.15
2148.375
2148.6
2148.825
2149.05
2149.275
2149.5
2149.725
2149.95
2150.175
2150.4
2150.625
2150.85
2151.07
2151.412
2151.754
2152.096
2152.438
2152.78
2153.122
2153.464
2153.806
2154.148
2154.49
2154.832
2155.174
2155.516
2155.858
2156.2
2156.542
2156.884
2157.22
2157.707
2158.194
2158.681
2159.168
2159.655
2160.142
2160.629
2161.116
2161.603
2162.09
2162.577
2163.064
2163.551
2164.038
2164.525
2165.012
2165.499
2165.986
2166.47
2167.089
2167.708
2168.327
2168.946
2169.565
2170.184
2170.803
2171.422
2172.041
2172.66
2173.279
2173.898
2174.517
2175.136
2175.755
2176.374
2176.993
2177.612
2178.23
2178.465
2178.7
2178.935
2179.17
2179.405
2179.64
2179.875
2180.11
2180.345
2180.58
2180.815
2181.05
2181.285
2181.52
2181.76
2182.168
2182.576
2182.984
2183.392
2183.8
2184.208
2184.616
2185.024
2185.432
2185.84
2186.248
2186.656
2187.064
2187.47
2187.886
2188.302
2188.718
2189.134
2189.55
2189.966
2190.382
2190.798
2191.214
2191.63
2192.046
2192.462
2192.878
2193.294
2193.71
2194.13
2194.346
2194.562
2194.778
2194.994
2195.21
2195.426
2195.642
2195.858
2196.074
2196.29
2196.506
2196.722
2196.938
2197.154
2197.37
2197.586
2197.802
2198.018
2198.23
2199.695
2201.16
2202.625
2204.09
2205.555
2207.02
2208.485
2209.95
2211.415
2212.88
2214.345
2215.81
2217.275
2218.74
2220.205
2221.67
2223.13
2225.259
2227.388
2229.517
2231.646
2233.775
2235.904
2238.033
2240.162
2242.291
2244.42
2246.549
2248.678
2250.807
2252.936
2255.065
2257.194
2259.323
2261.452
2263.59
2265.149
2266.708
2268.267
2269.826
2271.385
2272.944
2274.503
2276.062
2277.621
2279.18
2280.739
2282.298
2283.857
2285.416
2286.98
2289.202
2291.424
2293.646
2295.868
2298.09
2300.312
2302.534
2304.756
2306.978
2309.2
2311.422
2313.644
2315.866
2318.09
2324.68
2331.27
2331.72
2332.17
2332.62
2333.07
2333.52
2333.97
2334.42
2334.87
2335.32
2335.77
2336.22
2336.67
2337.12
2337.57
2338.02
2338.47
2338.92
2339.37
2339.82
2340.27
2340.654
2341.038
2341.422
2341.806
2342.19
2342.574
2342.958
2343.342
2343.726
2344.11
2344.494
2344.878
2345.262
2345.64
2345.834
2346.028
2346.222
2346.416
2346.61
2346.804
2346.998
2347.192
2347.386
2347.58
2347.774
2347.968
2348.162
2348.356
2348.55
2348.744
2348.938
2349.132
2349.33
2350.041
2350.752
2351.463
2352.174
2352.885
2353.596
2354.307
2355.018
2355.729
2356.44
2357.151
2357.862
2358.573
2359.284
2359.995
2360.706
2361.41
2361.904
2362.398
2362.892
2363.386
2363.88
2364.374
2364.868
2365.362
2365.856
2366.35
2366.844
2367.338
2367.832
2368.326
2368.82
2369.32
2369.918
2370.516
2371.114
2371.712
2372.31
2372.908
2373.506
2374.104
2374.702
2375.3
2375.898
2376.496
2377.094
2377.692
2378.29
2378.888
2379.486
2380.084
2380.682
2381.28
2381.878
2382.476
2383.074
2383.68
2384.502
2385.324
2386.146
2386.968
2387.79
2388.612
2389.434
2390.256
2391.078
2391.9
2392.722
2393.544
2394.366
2395.188
2396.01
2396.767
2397.524
2398.281
2399.038
2399.795
2400.552
2401.309
2402.066
2402.823
2403.58
2404.337
2405.094
2405.851
2406.608
2407.365
2408.122
2408.879
2409.63
2410.2
2410.77
2411.34
2411.91
2412.48
2413.05
2413.62
2414.19
2414.76
2415.33
2415.9
2416.47
2417.04
2417.61
2418.18
2418.75
2419.32
2419.89
2420.324
2420.758
2421.192
2421.626
2422.06
2422.494
2422.93
2423.502
2424.074
2424.646
2425.218
2425.79
2426.362
2426.934
2427.506
2428.078
2428.65
2429.222
2429.794
2430.366
2430.938
2431.51
2432.082
2432.654
2433.23
2433.612
2433.994
2434.376
2434.758
2435.14
2435.522
2435.904
2436.286
2436.668
2437.05
2437.432
2437.814
2438.196
2438.578
2438.96
2439.342
2439.72
2440.105
2440.49
2440.875
2441.26
2441.645
2442.03
2442.415
2442.8
2443.185
2443.57
2443.955
2444.34
2444.725
2445.11
2445.495
2445.88
2446.265
2446.65
2447.03
2447.369
2447.707
2448.045
2448.383
2448.721
2449.059
2449.398
2449.736
2450.074
2450.412
2450.75
2451.088
2451.427
2451.765
2452.103
2452.441
2452.779
2453.117
2453.456
2453.8
2454.237
2454.674
2455.111
2455.548
2455.985
2456.422
2456.859
2457.296
2457.733
2458.17
2458.607
2459.044
2459.481
2459.918
2460.355
2460.792
2461.229
2461.67
2462.171
2462.672
2463.173
2463.674
2464.175
2464.676
2465.177
2465.678
2466.179
2466.68
2467.181
2467.682
2468.183
2468.684
2469.18
2469.545
2469.91
2470.275
2470.64
2471.005
2471.37
2471.735
2472.1
2472.465
2472.83
2473.195
2473.56
2473.925
2474.29
2474.655
2475.02
2475.385
2475.75
2476.115
2476.48
2476.845
2477.22
2477.633
2478.046
2478.459
2478.872
2479.285
2479.698
2480.111
2480.524
2480.937
2481.35
2481.763
2482.176
2482.589
2483.002
2483.415
2483.828
2484.241
2484.654
2485.067
2485.48
2485.893
2486.306
2486.73
2487.184
2487.638
2488.092
2488.546
2489.0
2489.454
2489.908
2490.362
2490.816
2491.27
2491.724
2492.178
2492.632
2493.086
2493.54
2493.994
2494.448
2494.9
2495.802
2496.704
2497.606
2498.508
2499.41
2500.312
2501.214
2502.116
2503.018
2503.92
2504.822
2505.724
2506.626
2507.528
2508.43
2509.332
2510.234
2511.136
2512.038
2512.94
2513.842
2514.74
2515.314
2515.888
2516.462
2517.036
2517.61
2518.184
2518.758
2519.332
2519.906
2520.48
2521.054
2521.628
2522.202
2522.776
2523.35
2523.92
2524.204
2524.488
2524.772
2525.056
2525.34
2525.624
2525.908
2526.192
2526.476
2526.76
2527.044
2527.328
2527.612
2527.896
2528.18
2528.464
2528.748
2529.032
2529.31
2529.574
2529.838
2530.102
2530.366
2530.63
2530.894
2531.158
2531.422
2531.686
2531.95
2532.214
2532.478
2532.742
2533.006
2533.27
2533.534
2533.798
2534.07
2534.526
2534.982
2535.438
2535.894
2536.35
2536.806
2537.262
2537.718
2538.174
2538.63
2539.086
2539.542
2539.998
2540.454
2540.91
2541.366
2541.83
2543.459
2545.088
2546.717
2548.346
2549.975
2551.604
2553.233
2554.862
2556.491
2558.12
2559.749
2561.378
2563.007
2564.636
2566.265
2567.894
2569.53
2570.05
2570.57
2571.09
2571.61
2572.13
2572.65
2573.17
2573.69
2574.21
2574.73
2575.25
2575.77
2576.29
2576.81
2577.33
2577.85
2578.37
2578.89
2579.41
2579.93
2580.45
2580.97
2581.49
2582.01
2582.53
2583.05
2585.234
2587.418
2589.602
2591.786
2593.97
2596.154
2598.338
2600.522
2602.706
2604.89
2607.074
2609.258
2611.442
2613.626
2615.81
2617.994
2620.178
2622.362
2624.546
2626.73
2628.914
2631.098
2633.28
2633.474
2633.668
2633.862
2634.056
2634.25
2634.444
2634.638
2634.83
2635.155
2635.48
2635.805
2636.13
2636.455
2636.78
2637.105
2637.43
2637.755
2638.08
2638.405
2638.73
2639.055
2639.38
2639.705
2640.03
2640.355
2640.68
2641.005
2641.33
2641.655
2641.97
2643.359
2644.748
2646.137
2647.526
2648.915
2650.304
2651.693
2653.082
2654.47
2654.833
2655.196
2655.559
2655.922
2656.285
2656.648
2657.011
2657.374
2657.737
2658.1
2658.463
2658.826
2659.189
2659.552
2659.915
2660.278
2660.641
2661.004
2661.36
2662.491
2663.622
2664.753
2665.884
2667.015
2668.146
2669.277
2670.408
2671.539
2672.67
2673.801
2674.932
2676.063
2677.194
2678.325
2679.456
2680.587
2681.71
2682.076
2682.442
2682.808
2683.174
2683.54
2683.906
2684.272
2684.638
2685.004
2685.37
2685.736
2686.102
2686.468
2686.834
2687.2
2687.566
2687.932
2688.3
2688.814
2689.328
2689.842
2690.356
2690.87
2691.384
2691.898
2692.412
2692.926
2693.44
2693.954
2694.468
2694.982
2695.496
2696.01
2696.524
2697.038
2697.56
2698.42
2699.28
2700.14
2701.0
2701.86
2702.72
2703.58
2704.44
2705.3
2706.16
2707.02
2707.88
2708.74
2709.6
2710.46
2711.32
2712.18
2712.939
2713.698
2714.457
2715.216
2715.975
2716.734
2717.493
2718.252
2719.011
2719.77
2720.529
2721.288
2722.047
2722.806
2723.565
2724.324
2725.083
2725.842
2726.6
2727.047
2727.494
2727.941
2728.388
2728.835
2729.282
2729.729
2730.176
2730.623
2731.07
2731.517
2731.964
2732.411
2732.858
2733.305
2733.752
2734.199
2734.646
2735.09
2738.798
2742.506
2746.214
2749.922
2753.63
2757.34
2761.784
2766.228
2770.672
2775.116
2779.56
2784.004
2788.448
2792.892
2797.336
2801.78
2806.22
2806.65
2807.08
2807.51
2807.94
2808.37
2808.8
2809.23
2809.66
2810.09
2810.52
2810.95
2811.38
2811.81
2812.24
2812.67
2813.1
2813.53
2813.949
2814.368
2814.787
2815.206
2815.625
2816.044
2816.463
2816.882
2817.301
2817.72
2818.139
2818.558
2818.977
2819.396
2819.815
2820.234
2820.65
2821.051
2821.452
2821.853
2822.254
2822.655
2823.056
2823.457
2823.858
2824.259
2824.66
2825.061
2825.462
2825.863
2826.264
2826.665
2827.06
2827.354
2827.648
2827.942
2828.236
2828.53
2828.824
2829.118
2829.412
2829.706
2830.0
2830.294
2830.588
2830.882
2831.176
2831.47
2831.76
2832.179
2832.598
2833.017
2833.436
2833.855
2834.274
2834.693
2835.112
2835.531
2835.95
2836.369
2836.788
2837.207
2837.63
2838.799
2839.968
2841.137
2842.306
2843.475
2844.644
2845.813
2846.982
2848.151
2849.32
2850.489
2851.658
2852.83
2853.602
2854.374
2855.146
2855.918
2856.69
2857.462
2858.234
2859.006
2859.778
2860.55
2861.322
2862.094
2862.866
2863.64
2864.482
2865.324
2866.166
2867.008
2867.85
2868.692
2869.534
2870.376
2871.218
2872.06
2872.902
2873.744
2874.586
2875.428
2876.27
2877.112
2877.954
2878.79
2879.327
2879.865
2880.402
2880.939
2881.476
2882.014
2882.552
2883.09
2883.628
2884.166
2884.704
2885.242
2885.78
2886.318
2886.856
2887.39
2887.626
2887.862
2888.098
2888.334
2888.57
2890.195
2891.82
2893.445
2895.07
2896.695
2898.32
2899.945
2901.57
2903.195
2904.82
2906.445
2908.07
2908.6
2909.13
2909.66
2910.19
2910.72
2911.25
2911.78
2912.31
2912.84
2913.37
2913.9
2914.43
2914.96
2915.49
2916.02
2917.162
2918.304
2919.446
2920.588
2921.73
2922.872
2924.014
2925.156
2926.298
2927.44
2928.582
2929.724
2930.866
2932.008
2933.15
2933.513
2933.876
2934.239
2934.602
2934.965
2935.328
2935.691
2936.054
2936.417
2936.78
2937.143
2937.506
2937.869
2938.232
2938.595
2938.958
2939.321
2939.68
2940.474
2941.268
2942.062
2942.856
2943.65
2944.444
2945.238
2946.032
2946.826
2947.62
2948.414
2949.208
2950.002
2950.79
2951.364
2951.938
2952.512
2953.086
2953.66
2954.234
2954.808
2955.382
2955.956
2956.53
2957.104
2957.678
2958.252
2958.826
2959.4
2959.97
2960.726
2961.482
2962.238
2962.994
2963.75
2964.506
2965.262
2966.018
2966.774
2967.53
2968.286
2969.042
2969.798
2970.56
2971.379
2972.198
2973.017
2973.836
2974.655
2975.474
2976.293
2977.112
2977.931
2978.75
2979.021
2979.292
2979.563
2979.834
2980.105
2980.376
2980.647
2980.918
2981.189
2981.46
2981.731
2982.002
2982.273
2982.544
2982.815
2983.08
2983.664
2984.248
2984.832
2985.416
2986.0
2986.584
2987.168
2987.752
2988.336
2988.92
2989.504
2990.088
2990.672
2991.256
2991.84
2992.219
2992.598
2992.977
2993.356
2993.735
2994.114
2994.493
2994.872
2995.251
2995.63
2996.009
2996.388
2996.767
2997.146
2997.525
2997.91
2998.028
2998.146
2998.264
2998.382
2998.5
2998.618
2998.736
2998.854
2998.972
2999.09
2999.208
2999.326
2999.444
2999.562
2999.68
2999.798
2999.916
3000.03
3000.398
3000.766
3001.134
3001.502
3001.87
3002.238
3002.606
3002.974
3003.342
3003.71
3004.078
3004.446
3004.814
3005.182
3005.55
3005.918
3006.286
3006.65
3008.268
3009.886
3011.504
3013.122
3014.74
3016.358
3017.976
3019.594
3021.212
3022.83
3023.177
3023.524
3023.871
3024.218
3024.565
3024.912
3025.259
3025.61
3026.134
3026.658
3027.182
3027.706
3028.23
3028.754
3029.278
3029.802
3030.326
3030.85
3031.374
3031.898
3032.422
3032.946
3033.47
3033.994
3034.518
3035.04
3035.817
3036.594
3037.371
3038.148
3038.925
3039.702
3040.479
3041.256
3042.033
3042.81
3043.587
3044.364
3045.141
3045.918
3046.695
3047.472
3048.25
3048.79
3049.33
3049.87
3050.41
3050.95
3051.49
3052.03
3052.57
3053.11
3053.65
3054.19
3054.73
3055.27
3055.81
3056.35
3056.89
3057.43
3057.97
3058.51
3058.983
3059.456
3059.929
3060.402
3060.875
3061.348
3061.821
3062.294
3062.767
3063.24
3063.713
3064.186
3064.659
3065.132
3065.605
3066.078
3066.551
3067.024
3067.49
3067.89
3068.29
3068.69
3069.09
3069.49
3069.89
3070.29
3070.69
3071.09
3071.49
3071.89
3072.29
3072.69
3073.09
3073.49
3073.89
3074.29
3074.69
3075.09
3075.49
3075.88
3076.36
3076.84
3077.32
3077.8
3078.28
3078.76
3079.24
3079.72
3080.2
3080.68
3081.16
3081.64
3082.12
3082.6
3083.08
3083.56
3084.04
3084.52
3085.0
3085.48
3086.955
3088.43
3089.905
3091.38
3092.855
3094.33
3095.805
3097.28
3098.755
3100.23
3101.71
3102.043
3102.376
3102.709
3103.041
3103.374
3103.706
3104.039
3104.372
3104.704
3105.037
3105.369
3105.702
3106.035
3106.367
3106.7
3107.032
3107.365
3107.697
3108.03
3108.36
3109.208
3110.056
3110.904
3111.752
3112.6
3113.448
3114.296
3115.144
3115.992
3116.84
3117.688
3118.536
3119.384
3120.232
3121.08
3121.928
3122.776
3123.624
3124.472
3125.32
3126.17
3126.891
3127.612
3128.333
3129.054
3129.775
3130.496
3131.217
3131.938
3132.659
3133.38
3134.101
3134.822
3135.543
3136.264
3136.985
3137.706
3138.427
3139.148
3139.86
3140.461
3141.062
3141.663
3142.264
3142.865
3143.466
3144.067
3144.668
3145.269
3145.87
3146.471
3147.072
3147.673
3148.274
3148.875
3149.48
3149.819
3150.158
3150.497
3150.836
3151.175
3151.514
3151.853
3152.192
3152.531
3152.87
3153.209
3153.548
3153.887
3154.23
3154.96
3155.69
3156.42
3157.15
3157.88
3158.61
3159.34
3160.07
3160.8
3161.53
3162.26
3162.99
3163.72
3164.45
3165.18
3165.91
3166.64
3167.37
3168.1
3168.83
3169.56
3170.077
3170.594
3171.111
3171.628
3172.145
3172.662
3173.179
3173.696
3174.213
3174.73
3175.247
3175.764
3176.281
3176.798
3177.315
3177.832
3178.349
3178.86
3179.329
3179.798
3180.266
3180.735
3181.204
3181.673
3182.141
3182.61
3183.079
3183.548
3184.016
3184.485
3184.954
3185.423
3185.891
3186.36
3186.829
3187.298
3187.766
3188.23
3188.577
3188.924
3189.271
3189.618
3189.965
3190.312
3190.659
3191.006
3191.353
3191.7
3192.047
3192.394
3192.741
3193.088
3193.435
3193.782
3194.129
3194.476
3194.82
3195.267
3195.714
3196.161
3196.608
3197.055
3197.502
3197.949
3198.396
3198.843
3199.29
3199.737
3200.184
3200.631
3201.078
3201.525
3201.972
3202.419
3202.866
3203.32
3203.897
3204.474
3205.051
3205.628
3206.205
3206.782
3207.359
3207.936
3208.513
3209.09
3209.667
3210.244
3210.821
3211.398
3211.975
3212.552
3213.129
3213.7
3214.19
3214.68
3215.17
3215.66
3216.15
3216.64
3217.13
3217.62
3218.11
3218.6
3219.09
3219.58
3220.07
3220.56
3221.05
3221.54
3222.03
3222.52
3223.01
3223.434
3223.858
3224.282
3224.706
3225.13
3225.554
3225.978
3226.402
3226.826
3227.25
3227.674
3228.098
3228.522
3228.946
3229.37
3229.794
3230.218
3230.642
3231.066
3231.49
3231.914
3232.338
3232.77
3233.116
3233.462
3233.808
3234.154
3234.5
3234.846
3235.192
3235.538
3235.884
3236.23
3236.576
3236.922
3237.268
3237.614
3237.96
3238.306
3238.652
3238.998
3239.344
3239.69
3240.036
3240.382
3240.728
3241.08
3242.088
3243.096
3244.104
3245.112
3246.12
3247.128
3248.136
3249.144
3250.152
3251.16
3252.168
3253.176
3254.184
3255.192
3256.2
3257.208
3258.22
3258.508
3258.796
3259.084
3259.372
3259.66
3259.948
3260.236
3260.524
3260.812
3261.1
3261.388
3261.676
3261.964
3262.252
3262.54
3262.828
3263.116
3263.404
3263.7
3264.083
3264.466
3264.849
3265.232
3265.615
3265.998
3266.381
3266.764
3267.147
3267.53
3267.913
3268.296
3268.679
3269.062
3269.445
3269.828
3270.211
3270.594
3270.977
3271.36
3271.887
3272.414
3272.941
3273.468
3273.995
3274.522
3275.049
3275.576
3276.103
3276.63
3277.157
3277.684
3278.211
3278.738
3279.265
3279.792
3280.319
3280.846
3281.373
3281.9
3282.42
3282.88
3283.34
3283.8
3284.26
3284.72
3285.18
3285.64
3286.1
3286.56
3287.02
3287.48
3287.94
3288.4
3288.86
3289.32
3289.78
3290.24
3290.7
3291.16
3291.62
3292.07
3292.376
3292.682
3292.988
3293.294
3293.6
3293.906
3294.212
3294.518
3294.824
3295.13
3295.436
3295.742
3296.048
3296.354
3296.66
3296.966
3297.272
3297.578
3297.89
3298.408
3298.926
3299.444
3299.962
3300.48
3300.998
3301.516
3302.034
3302.552
3303.07
3303.588
3304.106
3304.624
3305.142
3305.66
3306.178
3306.696
3307.214
3307.732
3308.25
3309.569
3310.888
3312.207
3313.526
3314.845
3316.164
3317.483
3318.802
3320.121
3321.44
3322.759
3324.078
3325.397
3326.716
3328.035
3329.36
3329.828
3330.296
3330.764
3331.232
3331.7
3332.168
3332.636
3333.104
3333.572
3334.04
3334.508
3334.976
3335.444
3335.912
3336.38
3336.848
3337.316
3337.79
3338.148
3338.506
3338.864
3339.222
3339.58
3339.938
3340.296
3340.654
3341.012
3341.37
3341.728
3342.086
3342.444
3342.802
3343.16
3343.518
3343.876
3344.234
3344.592
3344.95
3345.441
3345.932
3346.423
3346.914
3347.405
3347.896
3348.387
3348.878
3349.369
3349.86
3350.351
3350.842
3351.333
3351.824
3352.315
3352.806
3353.297
3353.788
3354.28
3354.871
3355.462
3356.053
3356.644
3357.235
3357.826
3358.417
3359.008
3359.599
3360.19
3360.781
3361.372
3361.963
3362.554
3363.145
3363.736
3364.327
3364.918
3365.5
3367.27
3367.576
3367.882
3368.188
3368.494
3368.8
3369.106
3369.412
3369.718
3370.024
3370.33
3370.636
3370.942
3371.248
3371.554
3371.86
3372.166
3372.472
3372.778
3373.084
3373.39
3373.779
3374.168
3374.557
3374.946
3375.335
3375.724
3376.113
3376.502
3376.891
3377.28
3377.669
3378.058
3378.447
3378.836
3379.225
3379.614
3380.003
3380.39
3380.798
3381.206
3381.614
3382.022
3382.43
3382.838
3383.246
3383.654
3384.062
3384.47
3384.878
3385.286
3385.694
3386.102
3386.51
3386.918
3387.326
3387.74
3388.053
3388.366
3388.679
3388.992
3389.305
3389.618
3389.931
3390.244
3390.557
3390.87
3391.183
3391.496
3391.809
3392.122
3392.435
3392.748
3393.061
3393.374
3393.69
3394.159
3394.628
3395.097
3395.566
3396.035
3396.504
3396.973
3397.442
3397.911
3398.38
3398.849
3399.318
3399.787
3400.256
3400.725
3401.194
3401.663
3402.132
3402.601
3403.07
3403.539
3404.008
3404.48
3405.174
3405.868
3406.562
3407.256
3407.95
3408.644
3409.338
3410.032
3410.726
3411.42
3412.114
3412.808
3413.502
3414.196
3414.89
3415.584
3416.278
3416.972
3417.666
3418.36
3419.05
3420.352
3421.654
3422.956
3424.258
3425.56
3426.862
3428.164
3429.466
3430.768
3432.07
3433.372
3434.674
3435.97
3436.333
3436.696
3437.06
3437.443
3437.826
3438.209
3438.592
3438.975
3439.358
3439.741
3440.124
3440.507
3440.89
3441.273
3441.656
3442.039
3442.422
3442.805
3443.188
3443.571
3443.954
3444.337
3444.72
3445.103
3445.486
3445.869
3446.252
3446.635
3447.01
3447.833
3448.656
3449.479
3450.302
3451.125
3451.948
3452.771
3453.594
3454.417
3455.24
3456.063
3456.886
3457.709
3458.532
3459.355
3460.178
3461.001
3461.824
3462.64
3462.945
3463.25
3463.555
3463.86
3464.165
3464.47
3464.775
3465.08
3465.385
3465.69
3465.995
3466.3
3466.605
3466.91
3467.215
3467.52
3467.825
3468.13
3468.43
3468.821
3469.212
3469.603
3469.994
3470.385
3470.776
3471.167
3471.558
3471.949
3472.34
3472.731
3473.122
3473.513
3473.904
3474.295
3474.686
3475.077
3475.468
3475.859
3476.25
3476.641
3477.032
3477.43
3478.001
3478.572
3479.143
3479.714
3480.285
3480.856
3481.427
3481.998
3482.569
3483.14
3483.711
3484.282
3484.853
3485.424
3485.995
3486.566
3487.137
3487.708
3488.28
3488.974
3489.668
3490.362
3491.056
3491.75
3492.444
3493.138
3493.832
3494.526
3495.22
3495.914
3496.608
3497.302
3497.996
3498.69
3499.384
3500.078
3500.772
3501.466
3502.16
3502.85
3505.331
3507.812
3510.293
3512.774
3515.255
3517.736
3520.217
3522.698
3525.179
3527.66
3530.141
3532.622
3535.103
3537.584
3540.065
3542.546
3545.027
3547.508
3549.989
3552.48
3554.162
3555.844
3557.526
3559.208
3560.89
3562.572
3564.254
3565.936
3567.618
3569.3
3570.982
3572.664
3574.346
3576.028
3577.71
3579.392
3581.074
3582.756
3584.438
3586.12
3587.802
3589.48
3590.602
3591.724
3592.846
3593.968
3595.09
3596.212
3597.334
3598.456
3599.578
3600.7
3601.822
3602.944
3604.066
3605.188
3606.31
3607.432
3608.554
3609.676
3610.8
3611.061
3611.322
3611.583
3611.844
3612.105
3612.366
3612.627
3612.888
3613.149
3613.41
3613.671
3613.932
3614.193
3614.454
3614.715
3614.976
3615.237
3615.498
3615.759
3616.02
3616.281
3616.55
3616.87
3617.19
3617.51
3617.83
3618.15
3618.47
3618.79
3619.11
3619.43
3619.75
3620.07
3620.39
3620.71
3621.03
3621.35
3621.67
3621.99
3622.31
3622.796
3623.282
3623.768
3624.254
3624.74
3625.226
3625.712
3626.198
3626.684
3627.17
3627.656
3628.142
3628.628
3629.114
3629.6
3630.086
3630.572
3631.058
3631.544
3632.03
3632.516
3633.002
3633.488
3633.974
3634.46
3634.94
3635.85
3636.76
3637.67
3638.58
3639.49
3640.4
3641.31
3642.22
3643.13
3644.04
3644.95
3645.86
3646.77
3647.68
3648.59
3649.5
3650.41
3651.32
3652.23
3653.14
3654.06
3654.505
3654.95
3655.395
3655.84
3656.285
3656.73
3657.175
3657.62
3658.065
3658.51
3658.955
3659.4
3659.762
3660.124
3660.486
3660.848
3661.21
3661.572
3661.934
3662.296
3662.658
3663.02
3663.382
3663.744
3664.106
3664.468
3664.83
3665.192
3665.55
3665.828
3666.106
3666.384
3666.662
3666.94
3667.218
3667.496
3667.774
3668.052
3668.33
3668.608
3668.886
3669.164
3669.442
3669.72
3669.998
3670.276
3670.56
3670.826
3671.092
3671.358
3671.624
3671.89
3672.156
3672.422
3672.688
3672.954
3673.22
3673.486
3673.752
3674.018
3674.284
3674.55
3674.816
3675.082
3675.348
3675.61
3675.868
3676.126
3676.384
3676.642
3676.9
3677.158
3677.416
3677.674
3677.932
3678.19
3678.448
3678.706
3678.964
3679.222
3679.48
3679.738
3679.996
3680.254
3680.512
3680.77
3681.03
3681.331
3681.632
3681.933
3682.234
3682.535
3682.836
3683.137
3683.438
3683.739
3684.04
3684.341
3684.642
3684.943
3685.244
3685.545
3685.846
3686.147
3686.448
3686.749
3687.05
3687.35
3687.35
3687.35
3687.35
3687.35
3687.35
3687.35
3687.35
3687.35
3687.35
3687.35
3687.35
3687.35
3687.35
