73.56
73.783
74.006
74.229
74.452
74.675
74.898
75.121
75.344
75.567
75.79
76.013
76.236
76.459
76.682
76.905
77.128
77.35
77.577
77.804
78.031
78.258
78.485
78.712
78.939
79.166
79.393
79.62
79.847
80.074
80.301
80.528
80.755
80.982
81.209
81.436
81.67
81.96
82.25
82.54
82.83
83.12
83.41
83.7
83.99
84.28
84.57
84.86
85.15
85.44
85.73
86.02
86.31
86.756
87.202
87.648
88.094
88.54
88.986
89.432
89.878
90.324
90.77
91.216
91.662
92.108
92.554
93.0
93.44
93.669
93.898
94.127
94.356
94.585
94.814
95.043
95.272
95.501
95.73
95.959
96.188
96.417
96.646
96.875
97.104
97.333
97.56
98.091
98.622
99.153
99.684
100.215
100.746
101.277
101.808
102.339
102.87
103.401
103.932
104.463
104.994
105.525
106.056
106.587
107.118
107.64
108.208
108.776
109.344
109.912
110.48
111.048
111.616
112.184
112.752
113.32
113.888
114.456
115.024
115.592
116.16
116.401
116.642
116.883
117.124
117.365
117.606
117.847
118.088
118.329
118.57
118.811
119.052
119.293
119.534
119.775
120.016
120.257
120.49
120.838
121.186
121.534
121.882
122.23
122.578
122.926
123.274
123.622
123.97
124.318
124.666
125.014
125.362
125.71
126.06
126.43
126.8
127.17
127.54
127.91
128.28
128.65
129.02
129.39
129.76
130.13
130.5
130.87
131.24
131.61
131.98
132.398
132.816
133.234
133.652
134.07
134.488
134.906
135.324
135.742
136.16
136.578
136.996
137.414
137.832
138.25
138.668
139.086
139.504
139.92
140.311
140.702
141.093
141.484
141.875
142.266
142.657
143.048
143.439
143.83
144.221
144.612
145.003
145.394
145.78
146.169
146.558
146.947
147.336
147.725
148.114
148.503
148.892
149.281
149.67
150.059
150.448
150.837
151.226
151.615
152.004
152.4
152.683
152.966
153.249
153.532
153.815
154.098
154.381
154.664
154.947
155.23
155.703
156.176
156.649
157.122
157.595
158.068
158.541
159.014
159.487
159.96
160.433
160.906
161.379
161.852
162.325
162.798
163.271
163.739
164.057
164.375
164.693
165.011
165.329
165.647
165.965
166.283
166.601
166.919
167.237
167.555
167.873
168.191
168.509
168.827
169.15
169.593
170.036
170.479
170.922
171.365
171.808
172.251
172.694
173.137
173.58
174.023
174.466
174.909
175.352
175.795
176.238
176.681
177.124
177.56
177.958
178.356
178.754
179.15
179.351
179.552
179.753
179.954
180.155
180.356
180.557
180.758
180.959
181.16
181.361
181.562
181.763
181.964
182.165
182.366
182.567
182.768
182.97
183.205
183.44
183.675
183.91
184.145
184.38
184.615
184.85
185.085
185.32
185.555
185.79
186.025
186.26
186.495
186.73
186.965
187.2
187.44
187.69
187.94
188.19
188.44
188.69
188.94
189.19
189.44
189.69
189.94
190.19
190.44
190.69
190.94
191.19
191.44
191.69
191.94
192.19
192.44
192.68
192.979
193.278
193.577
193.876
194.175
194.474
194.773
195.072
195.371
195.67
195.969
196.268
196.567
196.866
197.165
197.47
197.911
198.352
198.793
199.234
199.675
200.116
200.557
200.998
201.439
201.88
202.321
202.762
203.203
203.644
204.085
204.526
204.967
205.4
205.985
206.57
207.155
207.74
208.325
208.91
209.495
210.08
210.665
211.25
211.835
212.42
213.005
213.59
214.175
214.76
215.345
215.93
216.421
216.912
217.403
217.894
218.385
218.876
219.367
219.858
220.349
220.84
221.331
221.822
222.313
222.804
223.299
223.615
223.931
224.247
224.563
224.879
225.195
225.511
225.827
226.143
226.459
226.775
227.091
227.407
227.723
228.04
228.353
228.666
228.979
229.292
229.605
229.918
230.231
230.544
230.857
231.17
231.483
231.796
232.109
232.422
232.735
233.048
233.361
233.674
233.989
234.276
234.563
234.85
235.137
235.424
235.711
235.998
236.285
236.572
236.859
237.146
237.433
237.72
238.007
238.294
238.581
238.86
239.214
239.568
239.922
240.276
240.63
240.984
241.338
241.692
242.046
242.4
242.754
243.108
243.462
243.816
244.17
244.524
244.87
245.246
245.622
245.998
246.374
246.75
247.126
247.502
247.878
248.254
248.63
249.006
249.382
249.758
250.134
250.51
250.89
251.297
251.704
252.112
252.519
252.927
253.334
253.742
254.149
254.556
254.964
255.371
255.779
256.187
256.595
257.003
257.41
257.941
258.472
259.003
259.534
260.065
260.596
261.127
261.658
262.189
262.72
263.251
263.782
264.313
264.844
265.375
265.91
266.136
266.362
266.588
266.814
267.04
267.266
267.492
267.718
267.944
268.17
268.396
268.622
268.848
269.074
269.3
269.526
269.75
270.2
270.65
271.1
271.55
272.0
272.45
272.9
273.35
273.8
274.25
274.7
275.15
275.6
276.05
276.5
276.95
277.4
278.297
279.194
280.091
280.988
281.885
282.782
283.679
284.576
285.473
286.37
287.267
288.16
288.474
288.788
289.102
289.416
289.73
290.044
290.358
290.672
290.986
291.3
291.614
291.928
292.242
292.556
292.87
293.184
293.498
293.82
294.307
294.794
295.281
295.768
296.255
296.742
297.229
297.716
298.203
298.69
299.177
299.664
300.151
300.638
301.125
301.612
302.099
302.586
303.073
303.56
304.05
304.851
305.652
306.453
307.254
308.055
308.856
309.657
310.458
311.259
312.06
312.861
313.662
314.463
315.264
316.065
316.866
317.667
318.46
318.998
319.536
320.074
320.612
321.15
321.688
322.226
322.764
323.302
323.84
324.378
324.916
325.454
325.992
326.53
327.068
327.606
328.144
328.68
329.074
329.468
329.862
330.256
330.65
331.044
331.438
331.832
332.226
332.62
333.014
333.408
333.802
334.196
334.59
334.984
335.378
335.77
336.215
336.66
337.105
337.55
337.995
338.44
338.885
339.33
339.775
340.22
340.665
341.11
341.555
342.0
342.445
342.89
343.33
343.919
344.508
345.097
345.686
346.275
346.864
347.453
348.042
348.631
349.22
349.81
350.399
350.988
351.577
352.166
352.755
353.344
353.933
354.522
355.12
355.659
356.198
356.737
357.276
357.815
358.354
358.893
359.432
359.971
360.51
361.049
361.588
362.127
362.666
363.205
363.75
364.062
364.374
364.686
364.998
365.31
365.622
365.934
366.246
366.558
366.87
367.182
367.494
367.806
368.118
368.43
368.742
369.054
369.37
369.677
369.984
370.291
370.598
370.905
371.212
371.519
371.826
372.133
372.44
372.747
373.054
373.361
373.668
373.975
374.282
374.589
374.896
375.2
375.428
375.656
375.884
376.112
376.34
376.568
376.796
377.024
377.252
377.48
377.708
377.936
378.164
378.392
378.62
378.848
379.076
379.304
379.532
379.76
379.988
380.216
380.444
380.672
380.9
381.139
382.682
384.225
385.768
387.311
388.854
390.397
391.94
393.483
395.026
396.569
398.112
399.655
401.198
402.741
404.29
405.012
405.734
406.456
407.178
407.9
408.622
409.344
410.066
410.788
411.51
412.232
412.954
413.676
414.398
415.12
415.842
416.564
417.286
418.008
418.729
418.997
419.265
419.533
419.801
420.069
420.337
420.605
420.873
421.141
421.409
421.677
421.945
422.213
422.481
422.749
423.017
423.285
423.553
423.821
424.089
424.357
424.63
425.107
425.584
426.061
426.538
427.015
427.492
427.969
428.446
428.923
429.4
429.877
430.354
430.831
431.308
431.785
432.262
432.739
433.216
433.693
434.17
434.647
435.12
435.507
435.894
436.281
436.668
437.055
437.442
437.829
438.216
438.603
438.99
439.377
439.764
440.151
440.538
440.925
441.312
441.699
442.09
442.389
442.688
442.987
443.286
443.585
443.884
444.183
444.482
444.781
445.08
445.379
445.678
445.977
446.276
446.575
446.874
447.173
447.472
447.77
448.089
448.408
448.727
449.046
449.365
449.684
450.003
450.322
450.641
450.96
451.279
451.598
451.917
452.236
452.555
452.874
453.193
453.52
453.733
453.947
454.161
454.375
454.589
454.803
455.017
455.231
455.445
455.659
455.873
456.087
456.3
456.514
456.728
456.942
457.156
457.37
457.584
457.79
458.091
458.392
458.693
458.994
459.295
459.596
459.897
460.198
460.499
460.8
461.101
461.402
461.703
462.004
462.305
462.606
462.907
463.208
463.51
463.759
464.008
464.257
464.506
464.755
465.004
465.253
465.502
465.751
466.0
466.249
466.498
466.747
466.996
467.245
467.494
467.743
467.992
468.25
468.683
469.116
469.549
469.982
470.415
470.848
471.281
471.714
472.147
472.58
473.013
473.449
474.524
475.599
476.674
477.749
478.824
479.899
480.974
482.049
483.124
484.199
485.274
486.349
487.424
488.499
489.574
490.649
491.72
492.306
492.892
493.478
494.064
494.65
495.236
495.822
496.408
496.994
497.58
498.166
498.752
499.338
499.924
500.51
501.096
501.682
502.268
502.85
503.35
503.85
504.35
504.85
505.35
505.85
506.35
506.85
507.35
507.85
508.35
508.85
509.35
509.85
510.35
510.85
511.35
511.85
512.35
512.849
513.533
514.217
514.901
515.585
516.269
516.953
517.637
518.321
519.005
519.689
520.373
521.057
521.741
522.425
523.109
523.793
524.48
525.201
525.922
526.643
527.364
528.085
528.806
529.527
530.248
530.969
531.69
532.411
533.132
533.853
534.574
535.295
536.016
536.737
537.458
538.17
538.448
538.726
539.004
539.282
539.56
539.838
540.116
540.394
540.672
540.95
541.228
541.506
541.784
542.062
542.34
542.618
542.896
543.174
543.452
543.73
544.0
544.344
544.688
545.032
545.376
545.72
546.064
546.408
546.752
547.096
547.44
547.784
548.128
548.472
548.816
549.16
549.504
549.848
550.192
550.536
550.88
551.221
551.562
551.903
552.244
552.585
552.926
553.267
553.608
553.949
554.29
554.631
554.972
555.313
555.654
555.995
556.329
556.788
557.247
557.706
558.165
558.624
559.083
559.542
560.001
560.46
560.919
561.378
561.837
562.296
562.755
563.214
563.673
564.14
564.594
565.048
565.502
565.956
566.41
566.864
567.318
567.772
568.226
568.68
569.134
569.588
570.042
570.496
570.95
571.404
571.858
572.31
572.757
573.204
573.651
574.098
574.545
574.992
575.439
575.886
576.333
576.78
577.227
577.674
578.12
578.376
578.632
578.888
579.144
579.4
579.656
579.912
580.168
580.424
580.68
580.936
581.192
581.448
581.704
581.96
582.22
582.423
582.626
582.829
583.032
583.235
583.438
583.641
583.844
584.047
584.25
584.453
584.656
584.859
585.062
585.265
585.468
585.67
586.069
586.468
586.867
587.266
587.665
588.064
588.463
588.862
589.261
589.66
590.059
590.458
590.857
591.256
591.655
592.054
592.453
592.852
593.251
593.65
594.05
594.541
595.032
595.523
596.014
596.505
596.996
597.487
597.978
598.469
598.96
599.451
599.942
600.433
600.924
601.415
601.906
602.397
602.89
604.413
605.936
607.459
608.982
610.505
612.028
613.551
615.074
616.597
618.12
619.643
621.166
622.689
624.212
625.735
627.258
628.781
630.304
631.827
633.35
634.88
635.596
636.312
637.028
637.744
638.46
639.176
639.892
640.608
641.324
642.04
642.76
643.847
644.934
646.021
647.108
648.195
649.283
650.37
651.457
652.544
653.631
654.718
655.805
656.892
657.98
659.067
660.16
660.611
661.062
661.513
661.964
662.415
662.866
663.317
663.768
664.219
664.67
665.121
665.572
666.023
666.474
666.925
667.376
667.82
668.189
668.558
668.927
669.296
669.665
670.034
670.403
670.772
671.141
671.51
671.879
672.248
672.617
672.986
673.355
673.724
674.093
674.462
674.831
675.2
675.474
675.748
676.022
676.296
676.57
676.844
677.118
677.392
677.666
677.94
678.214
678.488
678.762
679.036
679.31
679.584
679.858
680.132
680.406
680.68
680.951
681.172
681.393
681.614
681.835
682.056
682.277
682.498
682.719
682.94
683.161
683.382
683.603
683.824
684.045
684.266
684.487
684.708
684.93
688.131
691.332
694.533
697.734
700.935
704.136
707.337
710.538
713.739
716.94
720.141
723.342
726.543
729.74
733.363
736.986
740.609
744.232
747.855
751.48
752.061
752.642
753.223
753.804
754.385
754.966
755.547
756.128
756.709
757.29
757.871
758.452
759.033
759.614
760.195
760.776
761.357
761.938
762.519
763.1
763.375
763.65
763.925
764.2
764.475
764.75
765.025
765.3
765.575
765.85
766.125
766.4
766.675
766.95
767.225
767.5
767.775
768.05
768.32
768.623
768.926
769.229
769.532
769.835
770.138
770.441
770.744
771.047
771.35
771.653
771.956
772.259
772.562
772.865
773.168
773.471
773.77
774.074
774.378
774.682
774.986
775.29
775.594
775.898
776.202
776.506
776.81
777.114
777.418
777.722
778.026
778.33
778.634
778.938
779.242
779.55
780.064
780.578
781.092
781.606
782.12
782.634
783.148
783.662
784.176
784.69
785.204
785.718
786.232
786.746
787.26
787.774
788.288
788.802
789.316
789.83
790.35
790.761
791.172
791.583
791.994
792.405
792.816
793.227
793.638
794.049
794.46
794.871
795.282
795.693
796.104
796.515
796.926
797.337
797.74
798.087
798.434
798.781
799.128
799.475
799.822
800.169
800.516
800.863
801.21
801.557
801.904
802.251
802.598
802.945
803.292
803.639
803.986
804.329
804.56
804.791
805.022
805.253
805.484
805.715
805.946
806.177
806.408
806.639
806.87
807.101
807.332
807.563
807.794
808.025
808.256
808.487
808.72
809.372
810.024
810.676
811.328
811.98
812.632
813.284
813.936
814.588
815.24
815.897
816.554
817.211
817.868
818.525
819.182
819.839
820.496
821.153
821.81
822.466
823.123
823.78
824.437
825.094
825.751
826.408
827.065
827.722
828.37
828.631
828.892
829.153
829.414
829.675
829.936
830.197
830.458
830.719
830.98
831.241
831.502
831.763
832.024
832.285
832.546
832.807
833.068
833.329
833.589
833.837
834.085
834.333
834.581
834.829
835.077
835.325
835.573
835.821
836.069
836.317
836.565
836.813
837.061
837.309
837.557
837.805
838.053
838.301
838.549
838.8
839.063
839.326
839.589
839.852
840.115
840.378
840.641
840.904
841.167
841.43
841.693
841.956
842.219
842.482
842.745
843.008
843.271
843.534
843.8
844.121
844.442
844.763
845.084
845.405
845.726
846.047
846.368
846.689
847.01
847.331
847.652
847.973
848.294
848.615
848.936
849.257
849.578
849.899
850.22
850.55
850.97
851.39
851.81
852.23
852.65
853.07
853.49
853.91
854.33
854.75
855.17
855.59
856.01
856.43
856.85
857.27
857.69
858.11
858.53
858.95
859.38
859.828
860.276
860.724
861.172
861.62
862.068
862.516
862.964
863.412
863.86
864.308
864.756
865.204
865.652
866.1
866.548
867.0
867.928
868.856
869.784
870.712
871.64
872.568
873.496
874.424
875.352
876.28
877.208
878.136
879.06
879.674
880.288
880.902
881.516
882.13
882.744
883.358
883.972
884.586
885.2
885.814
886.428
887.042
887.656
888.27
888.884
889.498
890.112
890.726
891.34
893.32
895.3
897.279
897.85
898.421
898.992
899.563
900.134
900.705
901.276
901.847
902.418
902.989
903.56
904.131
904.702
905.273
905.844
906.415
906.986
907.557
908.13
908.422
908.714
909.006
909.298
909.59
909.882
910.174
910.466
910.758
911.05
911.342
911.634
911.926
912.218
912.51
912.8
913.909
915.018
916.127
917.236
918.345
919.454
920.562
921.671
922.78
923.889
924.998
926.107
927.216
928.325
929.434
930.543
931.652
932.761
933.87
934.97
936.896
938.822
940.748
942.674
944.6
946.526
948.452
950.378
952.304
954.23
954.699
955.168
955.637
956.106
956.575
957.044
957.513
957.982
958.451
958.92
959.389
959.858
960.327
960.796
961.265
961.734
962.203
962.672
963.141
963.61
964.089
964.858
965.627
966.396
967.165
967.934
968.703
969.472
970.241
971.01
971.779
972.548
973.317
974.086
974.855
975.624
976.393
977.162
977.93
978.168
978.406
978.644
978.882
979.12
979.358
979.596
979.834
980.072
980.31
980.548
980.786
981.024
981.262
981.5
981.738
981.976
982.209
982.518
982.827
983.136
983.445
983.755
984.064
984.373
984.683
984.992
985.301
985.611
985.92
986.229
986.538
986.847
987.156
987.465
987.774
988.083
988.399
989.109
989.819
990.529
991.239
991.949
992.659
993.369
994.079
994.789
995.499
996.209
996.919
997.629
998.339
999.049
999.759
1000.469
1001.179
1001.88
1002.229
1002.578
1002.927
1003.276
1003.625
1003.974
1004.323
1004.672
1005.021
1005.37
1005.719
1006.068
1006.417
1006.766
1007.115
1007.464
1007.813
1008.17
1008.584
1008.998
1009.412
1009.826
1010.24
1010.654
1011.068
1011.482
1011.896
1012.31
1012.724
1013.138
1013.552
1013.966
1014.38
1014.794
1015.208
1015.63
1016.522
1017.414
1018.306
1019.198
1020.09
1020.982
1021.874
1022.766
1023.658
1024.55
1025.442
1026.334
1027.226
1028.118
1029.01
1029.909
1030.392
1030.875
1031.358
1031.841
1032.324
1032.807
1033.29
1033.773
1034.256
1034.739
1035.22
1035.543
1035.866
1036.189
1036.512
1036.835
1037.158
1037.481
1037.804
1038.127
1038.45
1038.773
1039.096
1039.419
1039.742
1040.065
1040.388
1040.711
1041.034
1041.357
1041.689
1042.039
1042.389
1042.739
1043.089
1043.439
1043.789
1044.139
1044.489
1044.839
1045.189
1045.539
1045.889
1046.239
1046.589
1046.939
1047.289
1047.639
1047.989
1048.339
1048.689
1049.039
1049.399
1049.756
1050.113
1050.47
1050.827
1051.184
1051.541
1051.898
1052.255
1052.612
1052.969
1053.326
1053.683
1054.04
1054.397
1054.754
1055.111
1055.47
1056.108
1056.746
1057.384
1058.022
1058.66
1059.298
1059.936
1060.574
1061.212
1061.85
1062.488
1063.13
1063.635
1064.14
1064.645
1065.15
1065.655
1066.16
1066.665
1067.17
1067.675
1068.18
1068.685
1069.19
1069.695
1070.2
1070.705
1071.21
1071.715
1072.221
1072.796
1073.371
1073.946
1074.521
1075.096
1075.671
1076.246
1076.821
1077.396
1077.971
1078.546
1079.121
1079.696
1080.271
1080.846
1081.42
1082.001
1082.582
1083.163
1083.744
1084.325
1084.906
1085.487
1086.068
1086.649
1087.23
1087.811
1088.392
1088.973
1089.554
1090.135
1090.716
1091.297
1091.878
1092.459
1093.04
1093.474
1093.908
1094.342
1094.776
1095.21
1095.644
1096.078
1096.512
1096.946
1097.38
1097.814
1098.248
1098.682
1099.116
1099.55
1099.984
1100.41
1100.703
1100.996
1101.289
1101.582
1101.875
1102.168
1102.461
1102.754
1103.047
1103.34
1103.633
1103.926
1104.219
1104.512
1104.8
1105.972
1107.144
1108.316
1109.488
1110.66
1111.832
1113.004
1114.176
1115.348
1116.52
1117.692
1118.864
1120.04
1122.104
1124.169
1124.727
1125.285
1125.843
1126.401
1126.959
1127.517
1128.075
1128.633
1129.191
1129.749
1130.307
1130.865
1131.423
1131.981
1132.539
1133.097
1133.655
1134.213
1134.78
1135.221
1135.662
1136.103
1136.544
1136.985
1137.426
1137.867
1138.308
1138.749
1139.19
1139.631
1140.072
1140.513
1140.954
1141.395
1141.83
1142.264
1142.698
1143.132
1143.566
1144.0
1144.434
1144.868
1145.302
1145.736
1146.17
1146.604
1147.038
1147.472
1147.906
1148.34
1148.77
1149.258
1149.746
1150.234
1150.722
1151.21
1151.698
1152.186
1152.674
1153.162
1153.65
1154.138
1154.626
1155.114
1155.602
1156.09
1156.578
1157.066
1157.554
1158.042
1158.53
1159.01
1159.394
1159.778
1160.162
1160.546
1160.93
1161.314
1161.698
1162.082
1162.466
1162.85
1163.234
1163.618
1164.002
1164.386
1164.77
1165.154
1165.538
1165.93
1166.476
1167.022
1167.568
1168.114
1168.66
1169.206
1169.752
1170.298
1170.844
1171.39
1171.936
1172.482
1173.028
1173.574
1174.12
1174.666
1175.212
1175.758
1176.31
1176.602
1176.894
1177.186
1177.478
1177.77
1178.062
1178.354
1178.646
1178.938
1179.23
1179.522
1179.814
1180.106
1180.398
1180.69
1180.982
1181.274
1181.566
1181.858
1182.15
1182.442
1182.73
1183.15
1183.57
1183.99
1184.41
1184.83
1185.25
1185.67
1186.09
1186.51
1186.93
1187.35
1187.77
1188.19
1188.61
1189.03
1189.45
1189.727
1190.004
1190.281
1190.558
1190.835
1191.112
1191.389
1191.666
1191.943
1192.22
1192.497
1192.774
1193.051
1193.328
1193.605
1193.882
1194.159
1194.43
1194.641
1194.852
1195.063
1195.274
1195.485
1195.696
1195.907
1196.118
1196.329
1196.54
1196.751
1196.962
1197.173
1197.384
1197.595
1197.806
1198.017
1198.228
1198.439
1198.649
1198.89
1199.131
1199.372
1199.613
1199.854
1200.095
1200.336
1200.577
1200.818
1201.059
1201.3
1201.541
1201.782
1202.023
1202.264
1202.505
1202.746
1202.98
1204.526
1206.072
1207.618
1209.164
1210.71
1212.256
1213.802
1215.348
1216.894
1218.44
1219.986
1221.532
1223.078
1224.624
1226.17
1227.716
1229.262
1230.81
1231.142
1231.474
1231.806
1232.138
1232.47
1232.802
1233.134
1233.466
1233.798
1234.13
1234.462
1234.794
1235.126
1235.458
1235.79
1236.122
1236.454
1236.786
1237.12
1237.508
1237.896
1238.284
1238.672
1239.06
1239.448
1239.836
1240.224
1240.612
1241.0
1241.388
1241.776
1242.164
1242.552
1242.94
1243.328
1243.71
1244.035
1244.36
1244.685
1245.01
1245.335
1245.66
1245.985
1246.31
1246.635
1246.96
1247.285
1247.61
1247.935
1248.26
1248.585
1248.91
1249.235
1249.56
1249.885
1250.21
1250.677
1251.144
1251.611
1252.078
1252.545
1253.012
1253.479
1253.946
1254.413
1254.88
1255.347
1255.814
1256.281
1256.748
1257.215
1257.682
1258.149
1258.616
1259.083
1259.55
1260.01
1263.914
1267.818
1271.722
1275.626
1279.53
1283.434
1287.338
1291.242
1295.149
1296.94
1298.731
1300.522
1302.313
1304.104
1305.895
1307.686
1309.477
1311.268
1313.059
1314.85
1316.641
1318.432
1320.223
1322.014
1323.805
1325.596
1327.39
1327.825
1328.26
1328.695
1329.13
1329.565
1330.0
1330.435
1330.87
1331.305
1331.74
1332.175
1332.61
1333.045
1333.48
1333.915
1334.35
1334.785
1335.22
1335.65
1335.918
1336.186
1336.454
1336.722
1336.99
1337.258
1337.526
1337.794
1338.062
1338.33
1338.598
1338.866
1339.134
1339.402
1339.67
1339.938
1340.206
1340.474
1340.742
1341.01
1341.28
1341.747
1342.214
1342.681
1343.148
1343.615
1344.082
1344.549
1345.016
1345.483
1345.95
1346.417
1346.884
1347.351
1347.818
1348.28
1348.735
1349.19
1349.645
1350.1
1350.555
1351.01
1351.465
1351.92
1352.375
1352.83
1353.285
1353.74
1354.195
1354.65
1355.105
1355.56
1356.375
1357.19
1358.005
1358.82
1359.635
1360.45
1361.265
1362.08
1362.895
1363.71
1364.525
1365.34
1366.155
1366.97
1367.785
1368.6
1369.415
1370.231
1370.561
1370.891
1371.221
1371.551
1371.881
1372.211
1372.541
1372.871
1373.201
1373.531
1373.861
1374.191
1374.521
1374.851
1375.181
1375.511
1375.841
1376.171
1376.5
1377.095
1377.69
1378.285
1378.88
1379.475
1380.07
1380.665
1381.26
1381.855
1382.45
1383.045
1383.639
1384.175
1384.711
1385.247
1385.783
1386.319
1386.855
1387.391
1387.927
1388.463
1388.999
1389.535
1390.071
1390.607
1391.143
1391.679
1392.215
1392.751
1393.287
1393.82
1394.171
1394.522
1394.873
1395.224
1395.575
1395.926
1396.277
1396.628
1396.979
1397.33
1397.681
1398.032
1398.383
1398.734
1399.085
1399.436
1399.787
1400.139
1400.518
1400.897
1401.276
1401.655
1402.034
1402.413
1402.792
1403.171
1403.55
1403.929
1404.308
1404.687
1405.066
1405.445
1405.824
1406.203
1406.582
1406.96
1407.414
1407.868
1408.322
1408.776
1409.23
1409.684
1410.138
1410.592
1411.046
1411.5
1411.954
1412.408
1412.862
1413.316
1413.77
1414.224
1414.679
1414.981
1415.283
1415.585
1415.887
1416.189
1416.491
1416.793
1417.095
1417.397
1417.699
1418.001
1418.303
1418.605
1418.907
1419.209
1419.511
1419.813
1420.11
1420.319
1420.528
1420.737
1420.946
1421.155
1421.364
1421.573
1421.782
1421.991
1422.2
1422.409
1422.618
1422.827
1423.036
1423.245
1423.454
1423.663
1423.872
1424.081
1424.29
1424.558
1424.826
1425.094
1425.362
1425.63
1425.898
1426.166
1426.434
1426.702
1426.97
1427.238
1427.506
1427.774
1428.042
1428.31
1428.578
1428.846
1429.114
1429.38
1430.014
1430.648
1431.282
1431.916
1432.55
1433.184
1433.818
1434.452
1435.086
1435.72
1436.354
1436.988
1437.622
1438.256
1438.89
1439.524
1440.158
1440.79
1441.029
1441.268
1441.507
1441.746
1441.985
1442.224
1442.463
1442.702
1442.941
1443.18
1443.419
1443.658
1443.897
1444.136
1444.375
1444.614
1444.853
1445.092
1445.34
1445.916
1446.492
1447.068
1447.644
1448.22
1448.796
1449.372
1449.948
1450.524
1451.1
1451.676
1452.252
1452.828
1453.404
1453.98
1454.556
1455.129
1455.551
1455.973
1456.395
1456.817
1457.239
1457.661
1458.083
1458.505
1458.927
1459.349
1459.771
1460.193
1460.615
1461.037
1461.459
1461.881
1462.303
1462.72
1464.152
1465.584
1467.016
1468.448
1469.88
1471.312
1472.744
1474.176
1475.608
1477.04
1478.472
1479.904
1481.336
1482.768
1484.2
1485.629
1486.083
1486.537
1486.991
1487.445
1487.899
1488.353
1488.807
1489.261
1489.715
1490.169
1490.623
1491.077
1491.531
1491.985
1492.439
1492.893
1493.347
1493.801
1494.255
1494.709
1495.159
1495.706
1496.253
1496.8
1497.347
1497.894
1498.441
1498.988
1499.535
1500.082
1500.629
1501.176
1501.723
1502.27
1502.817
1503.364
1503.911
1504.458
1505.005
1505.552
1506.09
1506.421
1506.752
1507.083
1507.414
1507.745
1508.076
1508.407
1508.738
1509.069
1509.4
1509.731
1510.062
1510.393
1510.724
1511.055
1511.379
1512.947
1514.515
1516.083
1517.651
1519.219
1520.787
1522.355
1523.923
1525.491
1527.059
1528.627
1530.2
1530.514
1530.828
1531.142
1531.457
1531.772
1532.086
1532.4
1532.715
1533.029
1533.343
1533.658
1533.972
1534.286
1534.601
1534.916
1535.23
1535.544
1535.859
1536.173
1536.49
1536.929
1537.368
1537.807
1538.246
1538.685
1539.124
1539.563
1540.002
1540.441
1540.88
1541.319
1541.758
1542.197
1542.636
1543.075
1543.514
1543.953
1544.399
1544.67
1544.941
1545.212
1545.483
1545.754
1546.025
1546.296
1546.567
1546.838
1547.109
1547.38
1547.651
1547.922
1548.193
1548.464
1548.735
1549.0
1549.493
1549.986
1550.479
1550.972
1551.465
1551.958
1552.451
1552.944
1553.437
1553.93
1554.423
1554.916
1555.409
1555.902
1556.395
1556.888
1557.381
1557.874
1558.367
1558.869
1559.178
1559.487
1559.796
1560.105
1560.414
1560.723
1561.032
1561.341
1561.65
1561.959
1562.268
1562.577
1562.886
1563.195
1563.504
1563.81
1564.451
1565.092
1565.733
1566.374
1567.015
1567.656
1568.297
1568.938
1569.579
1570.22
1570.861
1571.502
1572.143
1572.784
1573.425
1574.066
1574.707
1575.348
1575.991
1576.331
1576.671
1577.011
1577.351
1577.691
1578.031
1578.371
1578.711
1579.051
1579.391
1579.731
1580.071
1580.411
1580.751
1581.091
1581.431
1581.77
1582.402
1583.034
1583.666
1584.298
1584.93
1585.562
1586.194
1586.826
1587.458
1588.09
1588.722
1589.354
1589.986
1590.618
1591.25
1591.882
1592.52
1592.909
1593.298
1593.687
1594.076
1594.465
1594.854
1595.243
1595.632
1596.021
1596.41
1596.799
1597.188
1597.577
1597.966
1598.355
1598.744
1599.133
1599.52
1599.846
1600.172
1600.498
1600.824
1601.15
1601.476
1601.802
1602.128
1602.454
1602.78
1603.106
1603.432
1603.758
1604.084
1604.41
1604.736
1605.062
1605.39
1605.799
1606.207
1606.616
1607.024
1607.432
1607.841
1608.249
1608.658
1609.066
1609.475
1609.883
1610.292
1610.7
1611.109
1611.517
1611.926
1612.334
1612.743
1613.151
1613.56
1614.063
1614.566
1615.069
1615.572
1616.075
1616.578
1617.081
1617.584
1618.087
1618.59
1619.093
1619.596
1620.099
1620.602
1621.105
1621.608
1622.111
1622.614
1623.117
1623.629
1624.054
1624.479
1624.904
1625.329
1625.754
1626.179
1626.604
1627.029
1627.454
1627.879
1628.304
1628.729
1629.154
1629.579
1630.004
1630.429
1630.86
1631.385
1631.91
1632.435
1632.96
1633.485
1634.01
1634.535
1635.06
1635.585
1636.11
1636.635
1637.16
1637.685
1638.21
1638.735
1639.26
1639.78
1640.265
1640.75
1641.235
1641.72
1642.205
1642.69
1643.175
1643.66
1644.145
1644.63
1645.115
1645.6
1646.085
1646.57
1647.055
1647.54
1648.025
1648.51
1648.99
1649.487
1649.984
1650.481
1650.978
1651.475
1651.972
1652.469
1652.966
1653.463
1653.96
1654.457
1654.954
1655.451
1655.948
1656.445
1656.942
1657.439
1657.936
1658.433
1658.93
1659.429
1659.917
1660.405
1660.893
1661.381
1661.869
1662.357
1662.845
1663.33
1663.804
1664.278
1664.752
1665.226
1665.7
1666.174
1666.648
1667.122
1667.596
1668.07
1668.544
1669.018
1669.492
1669.966
1670.44
1670.914
1671.388
1671.862
1672.341
1672.804
1673.267
1673.73
1674.193
1674.656
1675.119
1675.582
1676.045
1676.508
1676.971
1677.434
1677.897
1678.36
1678.823
1679.286
1679.749
1680.212
1680.675
1681.13
1681.626
1682.122
1682.618
1683.114
1683.61
1684.106
1684.602
1685.098
1685.594
1686.09
1686.586
1687.082
1687.578
1688.074
1688.57
1689.066
1689.562
1690.058
1690.55
1691.29
1692.03
1692.77
1693.51
1694.154
1694.798
1695.442
1696.086
1696.73
1697.374
1698.018
1698.662
1699.306
1699.95
1700.594
1701.238
1701.882
1702.526
1703.17
1703.814
1704.458
1705.099
1705.546
1705.993
1706.44
1706.887
1707.334
1707.781
1708.228
1708.675
1709.122
1709.569
1710.016
1710.463
1710.91
1711.357
1711.804
1712.251
1712.698
1713.14
1713.457
1713.774
1714.091
1714.408
1714.725
1715.042
1715.359
1715.676
1715.993
1716.31
1716.627
1716.944
1717.261
1717.578
1717.895
1718.21
1718.768
1719.326
1719.884
1720.442
1721.0
1721.558
1722.116
1722.674
1723.232
1723.79
1724.348
1724.906
1725.464
1726.022
1726.58
1727.138
1727.696
1728.254
1728.812
1729.37
1729.919
1730.756
1731.593
1732.43
1733.267
1734.104
1734.941
1735.778
1736.615
1737.452
1738.289
1739.126
1739.963
1740.8
1741.637
1742.474
1743.311
1744.148
1744.985
1745.83
1746.343
1746.856
1747.369
1747.882
1748.395
1748.908
1749.421
1749.934
1750.447
1750.96
1751.473
1751.986
1752.499
1753.012
1753.53
1753.741
1753.952
1754.163
1754.374
1754.585
1754.796
1755.007
1755.218
1755.429
1755.64
1755.851
1756.062
1756.273
1756.484
1756.695
1756.906
1757.117
1757.32
1757.896
1758.472
1759.048
1759.624
1760.2
1760.776
1761.352
1761.928
1762.504
1763.08
1763.656
1764.232
1764.808
1765.384
1765.96
1766.54
1767.019
1767.498
1767.977
1768.456
1768.935
1769.414
1769.893
1770.372
1770.851
1771.33
1771.809
1772.288
1772.767
1773.246
1773.725
1774.204
1774.679
1775.068
1775.457
1775.846
1776.235
1776.624
1777.013
1777.402
1777.791
1778.18
1778.569
1778.958
1779.347
1779.736
1780.125
1780.51
1781.076
1781.642
1782.208
1782.774
1783.34
1783.906
1784.472
1785.038
1785.604
1786.17
1786.736
1787.302
1787.868
1788.434
1789.0
1789.315
1789.63
1789.945
1790.26
1790.567
1790.874
1791.181
1791.488
1791.795
1792.102
1792.409
1792.716
1793.023
1793.33
1793.637
1793.944
1794.251
1794.558
1794.865
1795.172
1795.479
1795.786
1796.093
1796.4
1796.7
1796.935
1797.17
1797.405
1797.64
1797.875
1798.11
1798.345
1798.58
1798.815
1799.05
1799.285
1799.52
1799.755
1799.99
1800.225
1800.46
1800.695
1800.93
1801.165
1801.4
1801.882
1802.364
1802.846
1803.328
1803.81
1804.292
1804.774
1805.256
1805.738
1806.22
1806.702
1807.184
1807.666
1808.148
1808.63
1809.112
1809.594
1810.07
1810.445
1810.82
1811.195
1811.57
1811.945
1812.32
1812.695
1813.07
1813.445
1813.82
1814.195
1814.57
1814.945
1815.32
1815.695
1816.07
1816.445
1816.82
1817.195
1817.57
1817.95
1818.389
1818.828
1819.267
1819.706
1820.145
1820.584
1821.023
1821.462
1821.901
1822.34
1822.779
1823.218
1823.657
1824.096
1824.535
1824.974
1825.413
1825.852
1826.3
1826.764
1827.228
1827.692
1828.156
1828.62
1829.084
1829.548
1830.012
1830.476
1830.94
1831.404
1831.868
1832.332
1832.796
1833.26
1833.724
1834.188
1834.652
1835.116
1835.58
1836.044
1836.51
1836.808
1837.106
1837.404
1837.702
1838.0
1838.298
1838.596
1838.894
1839.192
1839.49
1839.788
1840.086
1840.384
1840.682
1840.98
1841.278
1841.576
1841.874
1842.172
1842.47
1842.77
1843.159
1843.548
1843.937
1844.326
1844.715
1845.104
1845.493
1845.882
1846.271
1846.66
1847.049
1847.438
1847.827
1848.216
1848.605
1848.994
1849.38
1849.679
1849.978
1850.277
1850.576
1850.875
1851.174
1851.473
1851.772
1852.071
1852.37
1852.669
1852.968
1853.267
1853.566
1853.87
1854.163
1854.456
1854.749
1855.042
1855.335
1855.628
1855.921
1856.214
1856.507
1856.8
1857.093
1857.386
1857.679
1857.972
1858.265
1858.558
1858.849
1859.352
1859.855
1860.358
1860.861
1861.364
1861.867
1862.37
1862.873
1863.376
1863.879
1864.382
1864.885
1865.388
1865.891
1866.394
1866.897
1867.4
1867.903
1868.409
1868.787
1869.165
1869.543
1869.921
1870.299
1870.677
1871.055
1871.433
1871.811
1872.189
1872.567
1872.945
1873.323
1873.701
1874.079
1874.457
1874.835
1875.21
1875.605
1876.0
1876.395
1876.79
1877.185
1877.58
1877.975
1878.37
1878.765
1879.16
1879.555
1879.95
1880.345
1880.74
1881.135
1881.53
1881.925
1882.32
1882.715
1883.11
1883.5
1883.779
1884.058
1884.337
1884.616
1884.895
1885.174
1885.453
1885.732
1886.011
1886.29
1886.569
1886.848
1887.127
1887.406
1887.685
1887.964
1888.243
1888.52
1888.775
1889.03
1889.285
1889.54
1889.795
1890.05
1890.305
1890.56
1890.815
1891.07
1891.325
1891.58
1891.835
1892.09
1892.345
1892.6
1892.855
1893.11
1893.365
1893.62
1893.875
1894.139
1894.376
1894.613
1894.85
1895.087
1895.324
1895.561
1895.798
1896.035
1896.272
1896.509
1896.746
1896.983
1897.22
1897.457
1897.694
1897.931
1898.168
1898.405
1898.639
1898.799
1898.959
1899.119
1899.279
1899.439
1899.599
1899.759
1899.919
1900.079
1900.239
1900.399
1900.559
1900.719
1900.879
1901.039
1901.199
1901.359
1901.52
1901.688
1901.856
1902.024
1902.191
1902.359
1902.526
1902.694
1902.861
1903.029
1903.197
1903.364
1903.532
1903.699
1903.867
1904.034
1904.2
1904.437
1904.674
1904.911
1905.148
1905.385
1905.622
1905.859
1906.096
1906.333
1906.57
1906.807
1907.044
1907.281
1907.518
1907.755
1907.992
1908.229
1908.47
1908.745
1909.02
1909.295
1909.57
1909.845
1910.119
1910.445
1910.771
1911.097
1911.423
1911.749
1912.075
1912.401
1912.727
1913.053
1913.379
1913.705
1914.031
1914.357
1914.683
1915.009
1915.335
1915.661
1915.99
1916.398
1916.805
1917.213
1917.62
1918.027
1918.435
1918.842
1919.25
1919.658
1920.065
1920.473
1920.88
1921.288
1921.696
1922.103
1922.51
1922.783
1923.056
1923.329
1923.602
1923.875
1924.148
1924.421
1924.694
1924.967
1925.24
1925.513
1925.786
1926.059
1926.332
1926.605
1926.878
1927.151
1927.419
1927.725
1928.031
1928.337
1928.643
1928.949
1929.255
1929.561
1929.867
1930.173
1930.479
1930.785
1931.091
1931.397
1931.703
1932.009
1932.31
1932.658
1933.006
1933.354
1933.702
1934.05
1934.398
1934.746
1935.094
1935.442
1935.79
1936.138
1936.486
1936.834
1937.182
1937.53
1937.878
1938.22
1938.339
1938.458
1938.577
1938.696
1938.815
1938.934
1939.053
1939.172
1939.291
1939.41
1939.529
1939.648
1939.767
1939.886
1940.005
1940.124
1940.243
1940.362
1940.49
1940.758
1941.026
1941.294
1941.562
1941.83
1942.098
1942.366
1942.634
1942.902
1943.17
1943.438
1943.706
1943.974
1944.242
1944.51
1944.789
1945.068
1945.347
1945.626
1945.905
1946.184
1946.463
1946.742
1947.021
1947.3
1947.579
1947.858
1948.137
1948.416
1948.695
1948.974
1949.253
1949.532
1949.811
1950.09
1950.37
1950.949
1951.528
1952.107
1952.686
1953.265
1953.844
1954.423
1955.002
1955.581
1956.16
1956.739
1957.318
1957.897
1958.476
1959.055
1959.639
1960.278
1960.917
1961.556
1962.195
1962.834
1963.473
1964.112
1964.751
1965.39
1966.029
1966.668
1967.307
1967.946
1968.585
1969.224
1969.863
1970.5
1971.069
1971.638
1972.207
1972.776
1973.345
1973.914
1974.483
1975.052
1975.621
1976.19
1976.759
1977.328
1977.897
1978.466
1979.035
1979.61
1979.779
1979.948
1980.118
1980.287
1980.457
1980.627
1980.796
1980.966
1981.135
1981.304
1981.474
1981.643
1981.812
1981.981
1982.15
1982.32
1982.489
1982.659
1982.829
1983.0
1983.164
1983.328
1983.492
1983.656
1983.82
1983.984
1984.148
1984.312
1984.476
1984.64
1984.804
1984.968
1985.132
1985.296
1985.46
1985.624
1985.78
1986.074
1986.368
1986.662
1986.956
1987.25
1987.544
1987.838
1988.132
1988.426
1988.72
1989.01
1989.303
1989.596
1989.889
1990.182
1990.475
1990.768
1991.061
1991.354
1991.647
1991.94
1992.233
1992.526
1992.819
1993.112
1993.405
1993.7
1994.267
1994.834
1995.401
1995.968
1996.535
1997.102
1997.669
1998.236
1998.803
1999.37
1999.937
2000.504
2001.071
2001.638
2002.205
2002.772
2003.339
2003.906
2004.471
2004.686
2004.901
2005.116
2005.331
2005.546
2005.761
2005.976
2006.191
2006.406
2006.621
2006.836
2007.051
2007.266
2007.481
2007.69
2007.981
2008.272
2008.563
2008.854
2009.145
2009.436
2009.727
2010.018
2010.309
2010.6
2010.891
2011.182
2011.473
2011.764
2012.055
2012.34
2012.612
2012.884
2013.156
2013.428
2013.7
2013.972
2014.244
2014.516
2014.788
2015.06
2015.332
2015.604
2015.876
2016.148
2016.42
2016.692
2016.964
2017.24
2017.51
2017.78
2018.05
2018.32
2018.59
2018.86
2019.13
2019.4
2019.67
2019.94
2020.21
2020.48
2020.75
2021.02
2021.29
2021.56
2021.83
2022.1
2022.37
2022.64
2022.91
2023.19
2023.609
2024.028
2024.447
2024.866
2025.285
2025.704
2026.123
2026.542
2026.961
2027.38
2027.799
2028.218
2028.637
2029.056
2029.475
2029.894
2030.313
2030.732
2031.159
2031.434
2031.709
2031.984
2032.259
2032.534
2032.809
2033.084
2033.359
2033.634
2033.909
2034.184
2034.459
2034.734
2035.009
2035.284
2035.559
2035.834
2036.109
2036.384
2036.659
2036.934
2037.209
2037.49
2037.777
2038.064
2038.351
2038.638
2038.925
2039.212
2039.499
2039.786
2040.073
2040.36
2040.647
2040.934
2041.221
2041.508
2041.795
2042.08
2042.483
2042.886
2043.289
2043.692
2044.095
2044.498
2044.901
2045.304
2045.707
2046.11
2046.513
2046.916
2047.319
2047.722
2048.125
2048.528
2048.931
2049.34
2049.748
2050.156
2050.564
2050.972
2051.38
2051.788
2052.196
2052.604
2053.012
2053.42
2053.828
2054.236
2054.644
2055.052
2055.46
2055.868
2056.276
2056.684
2057.1
2057.433
2057.766
2058.099
2058.432
2058.765
2059.098
2059.431
2059.764
2060.097
2060.43
2060.763
2061.096
2061.429
2061.762
2062.095
2062.428
2062.761
2063.094
2063.429
2063.63
2063.831
2064.032
2064.233
2064.434
2064.635
2064.836
2065.037
2065.238
2065.439
2065.64
2065.841
2066.042
2066.243
2066.444
2066.645
2066.846
2067.047
2067.248
2067.449
2067.649
2067.898
2068.147
2068.396
2068.645
2068.894
2069.143
2069.392
2069.641
2069.89
2070.139
2070.388
2070.637
2070.886
2071.135
2071.384
2071.633
2071.882
2072.131
2072.38
2072.629
2072.878
2073.127
2073.376
2073.625
2073.874
2074.13
2074.642
2075.154
2075.666
2076.178
2076.69
2077.202
2077.714
2078.226
2078.74
2079.267
2079.794
2080.321
2080.848
2081.375
2081.902
2082.429
2082.956
2083.483
2084.01
2084.537
2085.064
2085.591
2086.118
2086.645
2087.172
2087.699
2088.226
2088.753
2089.28
2089.53
2089.78
2090.03
2090.28
2090.53
2090.78
2091.03
2091.497
2091.964
2092.431
2092.898
2093.365
2093.832
2094.299
2094.766
2095.233
2095.7
2096.167
2096.634
2097.101
2097.568
2098.04
2098.495
2098.95
2099.405
2099.86
2100.315
2100.77
2101.225
2101.68
2102.135
2102.59
2103.045
2103.5
2103.955
2104.41
2104.865
2105.32
2105.695
2106.07
2106.445
2106.82
2107.195
2107.57
2107.945
2108.32
2108.695
2109.07
2109.445
2109.82
2110.195
2110.57
2110.945
2111.32
2111.695
2112.07
2112.445
2112.81
2113.191
2113.572
2113.953
2114.334
2114.715
2115.096
2115.477
2115.858
2116.239
2116.62
2117.001
2117.382
2117.763
2118.144
2118.525
2118.906
2119.29
2119.609
2119.928
2120.247
2120.566
2120.885
2121.204
2121.523
2121.842
2122.161
2122.48
2122.799
2123.118
2123.437
2123.756
2124.07
2124.441
2124.812
2125.183
2125.554
2125.925
2126.296
2126.667
2127.038
2127.409
2127.78
2128.151
2128.522
2128.893
2129.264
2129.635
2130.006
2130.377
2130.748
2131.12
2131.305
2131.49
2131.675
2131.86
2132.045
2132.23
2132.415
2132.6
2132.785
2132.97
2133.155
2133.34
2133.525
2133.71
2133.895
2134.08
2134.265
2134.45
2134.635
2134.82
2135.0
2135.277
2135.554
2135.831
2136.108
2136.385
2136.662
2136.939
2137.216
2137.493
2137.77
2138.047
2138.324
2138.601
2138.88
2139.078
2139.275
2139.472
2139.669
2139.867
2140.065
2140.262
2140.459
2140.657
2140.855
2141.052
2141.249
2141.447
2141.645
2141.842
2142.04
2142.335
2142.63
2142.925
2143.22
2143.515
2143.81
2144.105
2144.4
2144.695
2144.99
2145.285
2145.58
2145.875
2146.17
2146.465
2146.76
2147.055
2147.35
2147.645
2147.94
2148.235
2148.53
2148.825
2149.12
2149.415
2149.72
2149.98
2150.24
2150.5
2150.76
2151.02
2151.28
2151.54
2151.8
2152.06
2152.32
2152.58
2152.84
2153.1
2153.36
2153.62
2153.88
2154.14
2154.4
2154.66
2154.92
2155.18
2155.44
2155.7
2155.96
2156.22
2156.796
2157.372
2157.948
2158.524
2159.1
2159.676
2160.252
2160.828
2161.404
2161.98
2162.556
2163.132
2163.708
2164.284
2164.86
2165.436
2166.012
2166.59
2166.921
2167.252
2167.583
2167.914
2168.245
2168.576
2168.907
2169.238
2169.569
2169.9
2170.231
2170.562
2170.893
2171.224
2171.555
2171.886
2172.22
2172.641
2173.062
2173.483
2173.904
2174.325
2174.746
2175.167
2175.588
2176.009
2176.43
2176.851
2177.272
2177.693
2178.114
2178.535
2178.956
2179.377
2179.798
2180.219
2180.64
2181.061
2181.482
2181.91
2182.618
2183.326
2184.034
2184.742
2185.45
2186.158
2186.866
2187.574
2188.282
2188.99
2189.698
2190.406
2191.114
2191.822
2192.53
2193.238
2193.946
2194.654
2195.36
2195.79
2196.22
2196.65
2197.08
2197.51
2197.94
2198.37
2198.8
2199.23
2199.66
2200.09
2200.52
2200.95
2201.38
2201.81
2202.24
2202.67
2203.1
2203.53
2203.96
2204.491
2205.022
2205.553
2206.084
2206.615
2207.146
2207.677
2208.208
2208.739
2209.27
2209.801
2210.332
2210.863
2211.394
2211.925
2212.456
2212.987
2213.518
2214.05
2214.298
2214.546
2214.794
2215.042
2215.29
2215.538
2215.786
2216.034
2216.282
2216.53
2216.778
2217.026
2217.274
2217.522
2217.77
2218.018
2218.266
2218.514
2218.762
2219.01
2219.441
2219.872
2220.303
2220.734
2221.165
2221.596
2222.027
2222.458
2222.889
2223.32
2223.751
2224.182
2224.613
2225.044
2225.475
2225.906
2226.337
2226.77
2227.148
2227.526
2227.903
2228.28
2228.808
2229.336
2229.864
2230.392
2230.92
2231.448
2231.976
2232.504
2233.032
2233.56
2234.088
2234.616
2235.144
2235.672
2236.2
2236.728
2237.256
2237.784
2238.32
2238.742
2239.164
2239.586
2240.008
2240.43
2240.852
2241.274
2241.696
2242.118
2242.54
2242.962
2243.384
2243.806
2244.228
2244.65
2245.072
2245.494
2245.92
2246.112
2246.304
2246.496
2246.688
2246.88
2247.072
2247.264
2247.456
2247.648
2247.84
2248.032
2248.224
2248.416
2248.608
2248.8
2248.992
2249.184
2249.376
2249.56
2249.751
2249.942
2250.133
2250.324
2250.515
2250.706
2250.897
2251.088
2251.279
2251.47
2251.661
2251.852
2252.043
2252.234
2252.425
2252.616
2252.807
2252.998
2253.189
2253.38
2253.618
2253.856
2254.094
2254.332
2254.57
2254.808
2255.046
2255.284
2255.522
2255.76
2255.998
2256.236
2256.474
2256.712
2256.95
2257.188
2257.426
2257.664
2257.902
2258.14
2258.342
2258.544
2258.746
2258.948
2259.15
2259.352
2259.554
2259.756
2259.958
2260.16
2260.362
2260.564
2260.766
2260.968
2261.17
2261.372
2261.574
2261.776
2261.98
2262.556
2263.132
2263.708
2264.284
2264.86
2265.436
2266.012
2266.588
2267.164
2267.74
2268.316
2268.892
2269.468
2270.044
2270.62
2271.196
2271.772
2272.348
2272.92
2273.184
2273.448
2273.712
2273.976
2274.24
2274.504
2274.768
2275.032
2275.296
2275.56
2275.824
2276.088
2276.352
2276.616
2276.88
2277.144
2277.408
2277.672
2277.936
2278.2
2278.46
2278.76
2279.06
2279.36
2279.66
2279.96
2280.26
2280.56
2280.86
2281.16
2281.46
2281.76
2282.06
2282.36
2282.66
2282.96
2283.26
2283.56
2283.86
2284.16
2284.46
2285.041
2285.622
2286.203
2286.784
2287.365
2287.946
2288.527
2289.108
2289.689
2290.27
2290.851
2291.432
2292.013
2292.594
2293.175
2293.756
2294.337
2294.91
2295.262
2295.614
2295.966
2296.318
2296.67
2297.022
2297.374
2297.726
2298.078
2298.43
2298.782
2299.134
2299.486
2299.838
2300.19
2300.542
2300.9
2301.231
2301.562
2301.893
2302.224
2302.555
2302.886
2303.217
2303.548
2303.879
2304.21
2304.541
2304.872
2305.203
2305.534
2305.865
2306.19
2306.441
2306.692
2306.943
2307.194
2307.445
2307.696
2307.947
2308.198
2308.449
2308.7
2308.951
2309.202
2309.453
2309.704
2309.955
2310.206
2310.45
2310.738
2311.026
2311.314
2311.602
2311.89
2312.178
2312.466
2312.754
2313.042
2313.33
2313.618
2313.906
2314.194
2314.482
2314.77
2315.058
2315.346
2315.634
2315.922
2316.21
2316.473
2316.736
2316.999
2317.262
2317.525
2317.788
2318.051
2318.314
2318.577
2318.84
2319.103
2319.366
2319.629
2319.892
2320.155
2320.418
2320.681
2320.944
2321.21
2321.373
2321.536
2321.699
2321.862
2322.025
2322.188
2322.351
2322.514
2322.677
2322.84
2323.003
2323.166
2323.329
2323.492
2323.655
2323.818
2323.981
2324.15
2324.57
2324.99
2325.409
2325.829
2326.249
2326.668
2327.088
2327.508
2327.927
2328.347
2328.767
2329.186
2329.606
2330.026
2330.445
2330.865
2331.284
2331.704
2332.124
2332.54
2332.914
2333.288
2333.662
2334.036
2334.41
2334.784
2335.158
2335.532
2335.906
2336.28
2336.654
2337.028
2337.402
2337.776
2338.15
2338.524
2338.898
2339.272
2339.65
2339.941
2340.232
2340.523
2340.814
2341.105
2341.396
2341.687
2341.978
2342.269
2342.56
2342.851
2343.142
2343.433
2343.724
2344.015
2344.3
2344.533
2344.766
2344.999
2345.232
2345.465
2345.698
2345.931
2346.164
2346.397
2346.63
2346.863
2347.096
2347.329
2347.562
2347.795
2348.028
2348.261
2348.5
2348.833
2349.166
2349.5
2349.704
2349.908
2350.112
2350.316
2350.52
2350.724
2350.928
2351.132
2351.336
2351.54
2351.744
2351.948
2352.152
2352.356
2352.56
2352.77
2352.973
2353.176
2353.379
2353.582
2353.785
2353.988
2354.191
2354.394
2354.597
2354.8
2355.003
2355.206
2355.409
2355.612
2355.815
2356.018
2356.221
2356.424
2356.63
2356.85
2357.07
2357.29
2357.51
2357.73
2357.95
2358.169
2358.389
2358.609
2358.829
2359.049
2359.269
2359.488
2359.707
2359.927
2360.147
2360.367
2360.587
2360.807
2361.02
2361.631
2362.242
2362.853
2363.464
2364.075
2364.686
2365.297
2365.908
2366.519
2367.13
2367.741
2368.352
2368.963
2369.574
2370.185
2370.796
2371.407
2372.02
2372.351
2372.682
2373.012
2373.343
2373.673
2374.003
2374.334
2374.664
2374.995
2375.325
2375.655
2375.986
2376.316
2376.646
2376.977
2377.307
2377.637
2377.968
2378.298
2378.63
2378.777
2378.924
2379.071
2379.218
2379.365
2379.512
2379.659
2379.806
2379.953
2380.1
2380.247
2380.394
2380.541
2380.688
2380.835
2380.982
2381.129
2381.276
2381.423
2381.57
2381.717
2381.864
2382.011
2382.158
2382.305
2382.44
2382.592
2382.744
2382.896
2383.048
2383.2
2383.352
2383.504
2383.656
2383.808
2383.96
2384.112
2384.264
2384.416
2384.568
2384.72
2384.946
2385.172
2385.398
2385.624
2385.85
2386.076
2386.302
2386.528
2386.754
2386.98
2387.206
2387.432
2387.658
2387.884
2388.11
2388.336
2388.562
2388.788
2389.014
2389.24
2389.46
2389.991
2390.522
2391.053
2391.584
2392.115
2392.646
2393.177
2393.708
2394.239
2394.77
2395.301
2395.832
2396.363
2396.894
2397.425
2397.956
2398.49
2398.976
2399.462
2399.948
2400.434
2400.92
2401.406
2401.892
2402.378
2402.864
2403.35
2403.836
2404.322
2404.808
2405.294
2405.78
2406.266
2406.752
2407.238
2407.724
2408.21
2408.696
2409.182
2409.668
2410.154
2410.63
2411.053
2411.476
2411.899
2412.322
2412.745
2413.168
2413.591
2414.014
2414.437
2414.86
2415.283
2415.706
2416.129
2416.552
2416.975
2417.398
2417.821
2418.244
2418.66
2418.928
2419.196
2419.464
2419.732
2420.0
2420.268
2420.536
2420.804
2421.072
2421.34
2421.608
2421.876
2422.144
2422.412
2422.68
2422.948
2423.216
2423.484
2423.75
2424.059
2424.368
2424.677
2424.986
2425.295
2425.604
2425.913
2426.222
2426.531
2426.84
2427.149
2427.458
2427.767
2428.076
2428.385
2428.694
2429.003
2429.312
2429.621
2429.93
2430.216
2430.502
2430.788
2431.074
2431.36
2431.646
2431.932
2432.218
2432.504
2432.79
2433.076
2433.362
2433.648
2433.934
2434.22
2434.506
2434.792
2435.07
2435.387
2435.704
2436.021
2436.338
2436.655
2436.972
2437.289
2437.606
2437.923
2438.24
2438.557
2438.874
2439.191
2439.508
2439.825
2440.142
2440.459
2440.77
2441.319
2441.868
2442.417
2442.966
2443.515
2444.064
2444.613
2445.162
2445.711
2446.26
2446.809
2447.358
2447.907
2448.456
2449.005
2449.554
2450.11
2450.765
2451.42
2452.075
2452.73
2453.385
2454.04
2454.695
2455.35
2456.005
2456.66
2457.315
2457.97
2458.625
2459.28
2459.935
2460.59
2461.245
2461.9
2462.555
2463.21
2463.865
2464.52
2465.18
2465.464
2465.748
2466.032
2466.316
2466.6
2466.884
2467.168
2467.452
2467.736
2468.02
2468.304
2468.588
2468.872
2469.156
2469.44
2469.724
2470.008
2470.292
2470.576
2470.86
2471.144
2471.42
2471.786
2472.152
2472.518
2472.884
2473.25
2473.616
2473.982
2474.348
2474.714
2475.08
2475.446
2475.812
2476.178
2476.544
2476.91
2477.276
2477.642
2478.008
2478.374
2478.74
2479.056
2479.372
2479.688
2480.004
2480.32
2480.636
2480.952
2481.268
2481.584
2481.9
2482.216
2482.532
2482.848
2483.164
2483.48
2483.796
2484.112
2484.43
2484.715
2485.0
2485.285
2485.57
2485.856
2486.142
2486.428
2486.714
2487.0
2487.286
2487.572
2487.858
2488.144
2488.43
2488.716
2489.002
2489.288
2489.574
2489.86
2490.146
2490.432
2490.718
2491.004
2491.29
2491.576
2491.862
2492.148
2492.44
2492.669
2492.898
2493.127
2493.356
2493.585
2493.814
2494.043
2494.272
2494.501
2494.73
2494.959
2495.188
2495.417
2495.65
2496.892
2498.134
2499.376
2500.618
2501.86
2503.102
2504.344
2505.586
2506.828
2508.07
2509.312
2510.554
2511.796
2513.038
2514.28
2515.522
2516.764
2518.01
2518.418
2518.826
2519.234
2519.642
2520.05
2520.292
2520.534
2520.776
2521.018
2521.26
2521.502
2521.744
2521.986
2522.228
2522.47
2522.712
2522.954
2523.196
2523.438
2523.68
2523.922
2524.164
2524.406
2524.64
2525.568
2526.496
2527.424
2528.352
2529.28
2530.208
2531.136
2532.064
2532.992
2533.92
2534.848
2535.776
2536.704
2537.632
2538.56
2539.488
2540.416
2541.35
2541.627
2541.904
2542.181
2542.458
2542.735
2543.012
2543.289
2543.566
2543.843
2544.12
2544.397
2544.674
2544.951
2545.228
2545.505
2545.78
2546.331
2546.881
2547.431
2547.981
2548.532
2549.082
2549.632
2550.182
2550.732
2551.282
2551.832
2552.382
2552.932
2553.482
2554.032
2554.582
2555.132
2555.682
2556.232
2556.79
2557.302
2557.814
2558.326
2558.838
2559.35
2559.862
2560.374
2560.886
2561.398
2561.91
2562.422
2562.934
2563.446
2563.958
2564.47
2564.982
2565.494
2566.006
2566.518
2567.03
2567.55
2567.881
2568.212
2568.543
2568.874
2569.205
2569.536
2569.867
2570.198
2570.529
2570.86
2571.191
2571.522
2571.853
2572.184
2572.515
2572.846
2573.177
2573.5
2574.265
2575.03
2575.795
2576.56
2577.325
2578.09
2578.855
2579.62
2580.385
2581.15
2581.915
2582.68
2583.445
2584.21
2584.975
2585.74
2586.505
2587.27
2588.03
2588.714
2589.398
2590.082
2590.766
2591.45
2592.134
2592.818
2593.502
2594.186
2594.87
2595.554
2596.238
2596.922
2597.606
2598.29
2598.974
2599.658
2600.34
2600.939
2601.538
2602.137
2602.736
2603.335
2603.934
2604.533
2605.132
2605.731
2606.33
2606.929
2607.528
2608.127
2608.726
2609.325
2609.924
2610.523
2611.122
2611.721
2612.32
2612.92
2613.315
2613.71
2614.105
2614.5
2614.801
2615.102
2615.403
2615.704
2616.005
2616.306
2616.607
2616.908
2617.209
2617.51
2617.811
2618.112
2618.413
2618.714
2619.015
2619.316
2619.62
2620.23
2620.84
2621.45
2622.06
2622.67
2623.28
2623.89
2624.5
2625.11
2625.72
2626.33
2626.94
2627.55
2628.16
2628.77
2629.38
2629.99
2630.6
2631.21
2631.82
2632.43
2633.05
2633.341
2633.632
2633.923
2634.214
2634.505
2634.796
2635.087
2635.378
2635.669
2635.96
2636.251
2636.542
2636.833
2637.124
2637.415
2637.706
2637.997
2638.288
2638.579
2638.87
2639.17
2639.497
2639.824
2640.151
2640.478
2640.805
2641.132
2641.459
2641.786
2642.113
2642.44
2642.767
2643.094
2643.421
2643.748
2644.075
2644.402
2644.73
2645.138
2645.546
2645.954
2646.362
2646.77
2647.178
2647.586
2647.994
2648.402
2648.81
2649.218
2649.626
2650.034
2650.442
2650.85
2651.258
2651.666
2652.07
2652.442
2652.814
2653.186
2653.558
2653.93
2654.302
2654.674
2655.046
2655.418
2655.79
2656.162
2656.534
2656.906
2657.278
2657.65
2658.22
2658.79
2659.36
2659.93
2660.5
2661.07
2661.64
2662.21
2662.78
2663.35
2663.92
2664.49
2665.06
2665.63
2666.2
2666.77
2667.34
2667.904
2668.468
2669.032
2669.596
2670.16
2670.724
2671.288
2671.852
2672.416
2672.98
2673.544
2674.108
2674.672
2675.236
2675.8
2676.36
2677.161
2677.962
2678.763
2679.564
2680.365
2681.166
2681.967
2682.768
2683.569
2684.37
2685.171
2685.972
2686.773
2687.574
2688.375
2689.176
2689.98
2690.926
2691.872
2692.818
2693.764
2694.71
2695.656
2696.602
2697.548
2698.494
2699.44
2700.386
2701.332
2702.278
2703.224
2704.17
2705.116
2706.07
2706.241
2706.412
2706.583
2706.754
2706.925
2707.096
2707.267
2707.438
2707.609
2707.78
2707.951
2708.122
2708.293
2708.464
2708.635
2708.806
2708.98
2709.311
2709.642
2709.973
2710.304
2710.635
2710.966
2711.297
2711.628
2711.959
2712.29
2712.621
2712.952
2713.283
2713.614
2713.945
2714.28
2714.684
2715.088
2715.492
2715.896
2716.3
2716.704
2717.108
2717.512
2717.916
2718.32
2718.724
2719.128
2719.532
2719.936
2720.34
2720.74
2721.74
2722.035
2722.33
2722.625
2722.92
2723.215
2723.51
2723.805
2724.1
2724.395
2724.69
2724.985
2725.28
2725.575
2725.87
2726.17
2726.468
2726.766
2727.064
2727.362
2727.66
2727.958
2728.256
2728.554
2728.852
2729.15
2729.448
2729.746
2730.044
2730.342
2730.64
2730.938
2731.23
2731.626
2732.022
2732.418
2732.814
2733.21
2733.606
2734.002
2734.398
2734.794
2735.19
2735.586
2735.982
2736.378
2736.774
2737.17
2737.566
2737.97
2738.646
2739.322
2739.998
2740.674
2741.35
2742.026
2742.702
2743.378
2744.054
2744.73
2745.406
2746.082
2746.758
2747.434
2748.11
2748.786
2749.46
2751.616
2753.772
2755.928
2758.084
2760.24
2762.396
2764.552
2766.708
2768.864
2771.02
2773.176
2775.332
2777.488
2779.65
2780.782
2781.914
2783.046
2784.178
2785.31
2786.442
2787.574
2788.706
2789.838
2790.97
2792.102
2793.234
2794.366
2795.5
2797.135
2798.77
2800.405
2802.04
2803.675
2805.31
2806.945
2808.58
2810.215
2811.85
2813.485
2815.12
2816.76
2818.818
2820.876
2822.934
2824.992
2827.05
2829.108
2831.166
2833.224
2835.282
2837.34
2839.398
2841.456
2843.514
2845.572
2847.63
2849.688
2851.746
2853.81
2856.834
2859.858
2862.882
2865.906
2868.93
2871.954
2874.978
2878.002
2881.026
2884.05
2887.074
2890.1
2891.089
2892.078
2893.067
2894.056
2895.045
2896.034
2897.023
2898.012
2899.001
2899.99
2900.979
2901.968
2902.957
2903.946
2904.935
2905.92
2906.968
2908.016
2909.064
2910.112
2911.16
2912.208
2913.256
2914.304
2915.352
2916.4
2917.448
2918.496
2919.544
2920.592
2921.64
2922.688
2923.736
2924.78
2925.901
2927.022
2928.143
2929.264
2930.385
2931.506
2932.627
2933.748
2934.869
2935.99
2937.111
2938.232
2939.353
2940.474
2941.595
2942.716
2943.837
2944.95
2947.175
2949.4
2951.625
2953.85
2956.075
2958.3
2960.525
2962.75
2964.975
2967.2
2969.425
2971.65
2974.693
2977.736
2980.78
2984.541
2988.302
2992.063
2995.824
2999.585
3003.346
3007.11
3008.655
3010.2
3011.745
3013.29
3014.835
3016.38
3017.925
3019.47
3021.015
3022.56
3024.105
3025.65
3027.195
3028.74
3030.285
3031.83
3033.375
3034.92
3038.478
3042.036
3045.594
3049.152
3052.71
3056.27
3059.101
3061.932
3064.763
3067.594
3070.425
3073.256
3076.087
3078.918
3081.749
3084.58
3087.411
3090.242
3093.073
3095.904
3098.735
3101.566
3104.397
3107.228
3110.06
3113.201
3116.342
3119.483
3122.624
3125.765
3128.906
3132.047
3135.188
3138.329
3141.47
3144.611
3147.752
3150.893
3154.034
3157.17
3161.112
3165.054
3168.996
3172.938
3176.88
3180.822
3184.764
3188.706
3192.648
3196.59
3200.53
3203.367
3206.204
3209.041
3211.878
3214.715
3217.552
3220.389
3223.226
3226.06
3230.55
3235.04
3239.53
3244.02
3248.51
3253.0
3257.49
3260.226
3262.962
3265.698
3268.434
3271.17
3273.906
3276.642
3279.378
3282.11
3286.923
3291.736
3296.549
3301.362
3306.175
3310.988
3315.801
3320.614
3325.427
3330.24
3335.05
3366.58
3510.55
3654.52
3654.52
3654.52
