33.5
36.124
38.748
41.372
43.996
46.62
49.244
51.868
54.492
57.116
59.74
62.364
64.988
67.612
70.236
72.86
75.484
78.11
78.321
78.532
78.743
78.954
79.165
79.376
79.587
79.798
80.009
80.22
80.431
80.642
80.853
81.064
81.275
81.49
81.946
82.402
82.858
83.314
83.77
84.226
84.682
85.138
85.594
86.05
86.506
86.962
87.418
87.874
88.33
88.789
89.177
89.565
89.953
90.341
90.729
91.117
91.505
91.893
92.281
92.669
93.057
93.445
93.833
94.221
94.609
94.997
95.385
95.773
96.17
96.371
96.572
96.773
96.974
97.175
97.376
97.577
97.778
97.979
98.18
98.381
98.582
98.783
98.984
99.185
99.386
99.587
99.788
99.99
100.36
100.73
101.1
101.47
101.84
102.21
102.58
102.95
103.32
103.69
104.06
104.43
104.8
105.17
105.54
105.91
106.28
106.659
106.873
107.087
107.301
107.515
107.729
107.943
108.157
108.371
108.585
108.799
109.013
109.227
109.441
109.655
109.869
110.083
110.297
110.511
110.725
110.939
111.159
112.703
114.247
115.79
116.437
117.084
117.731
118.378
119.025
119.672
120.319
120.966
121.613
122.26
122.907
123.554
124.201
124.848
125.495
126.142
126.789
127.439
127.803
128.167
128.531
128.895
129.259
129.623
129.987
130.351
130.715
131.079
131.443
131.807
132.171
132.535
132.899
133.27
133.793
134.316
134.839
135.362
135.885
136.408
136.931
137.454
137.977
138.5
139.023
139.546
140.069
140.592
141.115
141.638
142.161
142.684
143.207
143.73
144.693
145.656
146.619
147.582
148.545
149.508
150.471
151.434
152.397
153.36
153.564
153.768
153.972
154.176
154.38
154.584
154.788
154.992
155.196
155.4
155.604
155.808
156.012
156.216
156.42
156.624
156.828
157.032
157.236
157.44
157.992
158.544
159.096
159.648
160.2
160.752
161.304
161.856
162.408
162.96
163.512
164.064
164.616
165.168
165.72
166.272
166.824
167.37
167.656
167.942
168.228
168.514
168.8
169.086
169.372
169.658
169.944
170.23
170.516
170.802
171.088
171.379
171.912
172.445
172.978
173.511
174.044
174.577
175.11
175.643
176.176
176.709
177.242
177.775
178.308
178.841
179.374
179.907
180.44
180.97
181.384
181.798
182.212
182.626
183.04
183.454
183.868
184.282
184.696
185.11
185.524
185.938
186.352
186.76
187.046
187.332
187.618
187.904
188.19
188.476
188.762
189.048
189.334
189.62
189.906
190.192
190.478
190.764
191.05
191.335
191.62
191.905
192.19
192.475
192.76
193.045
193.33
193.615
193.9
194.185
194.47
194.755
195.04
195.33
195.539
195.748
195.957
196.166
196.375
196.584
196.793
197.002
197.211
197.42
197.629
197.838
198.047
198.256
198.465
198.674
198.883
199.099
199.279
199.459
199.639
199.819
199.999
200.179
200.359
200.539
200.719
200.899
201.079
201.259
201.439
201.619
201.799
201.979
202.159
202.339
202.519
202.7
203.133
203.566
203.999
204.432
204.865
205.298
205.731
206.164
206.597
207.03
207.463
207.896
208.329
208.762
209.195
209.628
210.061
210.49
210.855
211.22
211.585
211.95
212.315
212.68
213.045
213.41
213.775
214.14
214.505
214.87
215.235
215.6
215.965
216.33
216.784
217.238
217.692
218.146
218.6
219.054
219.508
219.962
220.416
220.87
221.324
221.778
222.232
222.68
223.563
224.446
225.329
226.212
227.095
227.978
228.861
229.744
230.627
231.51
232.393
233.276
234.159
235.04
235.482
235.924
236.366
236.808
237.25
237.692
238.134
238.576
239.018
239.46
239.902
240.344
240.786
241.228
241.67
242.112
242.554
243.0
243.416
243.832
244.248
244.664
245.08
245.496
245.912
246.328
246.744
247.16
247.576
247.992
248.408
248.824
249.24
249.656
250.072
250.488
250.904
251.32
251.736
252.161
252.877
253.593
254.309
255.025
255.741
256.457
257.173
257.889
258.605
259.321
260.037
260.75
261.314
261.878
262.442
263.006
263.57
264.134
264.698
265.262
265.826
266.39
266.954
267.518
268.082
268.646
269.21
269.774
270.34
270.606
270.873
271.139
271.406
271.673
271.94
272.207
272.474
272.74
273.007
273.274
273.541
273.808
274.075
274.341
274.608
274.875
275.142
275.409
275.67
276.126
276.582
277.038
277.494
277.95
278.406
278.862
279.318
279.774
280.23
280.686
281.142
281.598
282.054
282.51
282.96
283.265
283.57
283.875
284.18
284.485
284.79
285.095
285.4
285.705
286.01
286.315
286.62
286.925
287.23
287.535
287.84
288.15
288.399
288.648
288.897
289.146
289.395
289.644
289.893
290.142
290.391
290.64
290.889
291.138
291.387
291.636
291.885
292.134
292.383
292.632
292.881
293.139
293.459
293.779
294.099
294.419
294.739
295.059
295.379
295.699
296.019
296.339
296.659
296.979
297.299
297.619
297.939
298.259
298.579
298.899
299.219
299.54
300.119
300.698
301.276
301.855
302.434
303.013
303.591
304.17
304.749
305.328
305.906
306.485
307.064
307.643
308.221
308.8
309.379
309.958
310.537
311.11
311.684
312.258
312.832
313.406
313.98
314.554
315.128
315.702
316.276
316.85
317.424
317.998
318.572
319.146
319.72
320.294
320.868
321.442
322.02
322.483
322.946
323.409
323.872
324.335
324.798
325.261
325.724
326.187
326.65
327.113
327.576
328.039
328.502
328.965
329.428
329.891
330.354
330.81
331.819
332.828
333.837
334.846
335.855
336.864
337.873
338.882
339.891
340.9
341.909
342.918
343.927
344.936
345.945
346.954
347.963
348.972
349.99
350.317
350.644
350.971
351.298
351.625
351.952
352.279
352.606
352.933
353.26
353.587
353.914
354.241
354.568
354.9
355.264
355.628
355.992
356.356
356.72
357.084
357.448
357.812
358.176
358.54
358.904
359.268
359.632
359.996
360.36
360.724
361.088
361.452
361.81
362.246
362.682
363.118
363.554
363.99
364.426
364.862
365.298
365.734
366.17
366.606
367.042
367.478
367.914
368.35
368.786
369.222
369.658
370.09
370.448
370.806
371.164
371.522
371.88
372.238
372.596
372.954
373.312
373.67
374.028
374.386
374.744
375.102
375.46
375.818
376.176
376.534
376.9
377.3
377.7
378.1
378.5
378.9
379.3
379.7
380.1
380.5
380.9
381.3
381.7
382.1
382.5
382.9
383.3
383.7
384.1
384.5
384.9
385.3
385.69
386.517
387.344
388.171
388.998
389.825
390.652
391.479
392.306
393.133
393.96
394.787
395.614
396.441
397.268
398.095
398.923
399.75
400.577
401.404
402.24
402.805
403.37
403.935
404.5
405.065
405.63
406.195
406.76
407.325
407.89
408.455
409.02
409.585
410.15
410.715
411.28
411.845
412.41
412.975
413.54
414.1
414.459
414.818
415.177
415.536
415.895
416.254
416.613
416.972
417.331
417.69
418.049
418.408
418.767
419.126
419.485
419.844
420.203
420.562
420.921
421.28
421.639
422.0
422.564
423.128
423.692
424.256
424.82
425.384
425.948
426.512
427.076
427.64
428.204
428.768
429.332
429.896
430.46
431.024
431.588
432.15
432.447
432.744
433.041
433.338
433.635
433.932
434.229
434.526
434.823
435.12
435.419
435.63
435.841
436.052
436.263
436.474
436.685
436.896
437.107
437.318
437.529
437.74
437.951
438.162
438.373
438.584
438.789
439.141
439.493
439.845
440.197
440.549
440.901
441.253
441.605
441.957
442.309
442.661
443.013
443.365
443.717
444.069
444.419
445.002
445.585
446.168
446.751
447.334
447.917
448.5
449.083
449.666
450.249
450.832
451.415
451.998
452.581
453.164
453.75
454.207
454.664
455.121
455.578
456.035
456.492
456.949
457.406
457.863
458.32
458.777
459.234
459.691
460.148
460.61
461.005
461.4
461.795
462.19
462.585
462.98
463.375
463.77
464.165
464.56
464.955
465.35
465.745
466.14
466.535
466.93
467.325
467.72
468.12
468.552
468.984
469.416
469.848
470.28
470.712
471.144
471.576
472.008
472.44
472.872
473.304
473.736
474.168
474.6
475.032
475.464
475.9
476.359
476.818
477.277
477.736
478.195
478.654
479.113
479.572
480.031
480.49
480.95
481.409
481.868
482.327
482.786
483.245
483.704
484.163
484.623
485.09
485.397
485.704
486.011
486.318
486.625
486.932
487.239
487.546
487.853
488.16
488.467
488.774
489.081
489.388
489.695
490.002
490.309
490.61
491.077
491.544
492.011
492.478
492.945
493.412
493.879
494.346
494.813
495.28
495.747
496.214
496.681
497.148
497.615
498.08
498.643
499.206
499.769
500.332
500.895
501.458
502.021
502.584
503.147
503.71
504.273
504.836
505.399
505.962
506.525
507.088
507.651
508.22
508.741
509.262
509.783
510.304
510.825
511.346
511.867
512.388
512.909
513.43
513.951
514.472
514.993
515.514
516.035
516.55
517.237
517.924
518.611
519.298
519.985
520.672
521.359
522.046
522.733
523.42
524.107
524.794
525.481
526.168
526.855
527.542
528.229
528.92
530.15
531.38
532.61
533.84
535.07
536.3
537.53
538.76
539.99
541.22
541.646
542.072
542.497
542.922
543.348
543.774
544.199
544.624
545.05
545.476
545.901
546.326
546.752
547.178
547.603
548.028
548.454
548.88
549.305
549.73
550.03
550.33
550.63
550.93
551.23
551.53
551.83
552.13
552.43
552.73
553.03
553.33
553.63
553.93
554.23
554.53
554.83
555.227
555.624
556.021
556.418
556.815
557.212
557.609
558.006
558.403
558.8
559.197
559.594
559.991
560.388
560.785
561.182
561.58
562.222
562.864
563.506
564.148
564.79
565.432
566.074
566.716
567.358
568.0
568.642
569.284
569.926
570.568
571.21
571.852
572.5
572.796
573.092
573.388
573.684
573.98
574.276
574.572
574.868
575.164
575.46
575.756
576.052
576.348
576.644
576.94
577.236
577.532
577.83
578.539
579.248
579.957
580.666
581.375
582.084
582.793
583.502
584.211
584.92
585.629
586.338
587.047
587.756
588.465
589.174
589.883
590.6
591.036
591.472
591.908
592.344
592.78
593.216
593.652
594.088
594.524
594.96
595.396
595.832
596.268
596.704
597.14
597.58
597.972
598.364
598.756
599.148
599.54
599.932
600.324
600.716
601.108
601.5
601.892
602.284
602.676
603.068
603.46
603.852
604.244
604.636
605.028
605.42
605.82
606.402
606.984
607.566
608.148
608.73
609.312
609.894
610.476
611.058
611.64
612.222
612.804
613.386
613.968
614.55
615.132
615.714
616.3
616.894
617.488
618.082
618.676
619.27
619.864
620.458
621.052
621.646
622.24
622.834
623.428
624.022
624.616
625.21
625.804
626.398
626.992
627.586
628.18
628.769
629.175
629.581
629.987
630.393
630.799
631.205
631.611
632.017
632.423
632.829
633.235
633.641
634.047
634.453
634.859
635.265
635.671
636.077
636.48
636.901
637.322
637.743
638.164
638.585
639.006
639.427
639.848
640.269
640.69
641.111
641.532
641.953
642.374
642.8
643.264
643.728
644.192
644.656
645.12
645.584
646.048
646.512
646.976
647.44
647.904
648.368
648.832
649.296
649.76
650.224
650.68
651.194
651.708
652.222
652.736
653.25
653.764
654.278
654.792
655.306
655.82
656.334
656.848
657.362
657.876
658.39
658.9
659.547
660.194
660.841
661.488
662.135
662.782
663.429
664.076
664.723
665.37
666.017
666.664
667.311
667.958
668.605
669.252
669.899
670.55
671.004
671.458
671.912
672.366
672.82
673.274
673.728
674.182
674.636
675.09
675.544
675.998
676.452
676.906
677.36
677.814
678.269
678.472
678.675
678.878
679.081
679.284
679.487
679.69
679.893
680.096
680.299
680.502
680.705
680.908
681.111
681.314
681.517
681.72
681.923
682.12
682.772
683.424
684.076
684.728
685.38
686.032
686.684
687.336
687.988
688.64
689.292
689.944
690.596
691.248
691.9
692.552
693.2
694.508
695.816
697.124
698.43
698.704
698.978
699.252
699.526
699.8
700.074
700.348
700.622
700.896
701.17
701.444
701.718
701.992
702.266
702.54
702.814
703.088
703.362
703.636
703.91
704.18
704.591
705.002
705.413
705.824
706.235
706.646
707.057
707.468
707.879
708.29
708.701
709.112
709.523
709.934
710.345
710.756
711.167
711.579
711.987
712.395
712.803
713.211
713.619
714.027
714.435
714.843
715.251
715.659
716.067
716.475
716.883
717.291
717.699
718.11
718.574
719.038
719.502
719.966
720.43
720.894
721.358
721.822
722.286
722.75
723.214
723.678
724.142
724.606
725.07
725.534
725.998
726.47
727.288
728.106
728.924
729.742
730.56
731.378
732.196
733.014
733.832
734.65
735.468
736.286
737.104
737.922
738.74
739.558
740.376
741.194
742.019
742.402
742.785
743.168
743.551
743.934
744.317
744.7
745.083
745.466
745.849
746.232
746.615
746.998
747.381
747.764
748.147
748.53
748.913
749.296
749.679
750.062
750.445
750.82
751.593
752.366
753.139
753.912
754.685
755.458
756.231
757.004
757.777
758.55
759.323
760.096
760.869
761.642
762.415
763.188
763.961
764.734
765.507
766.28
767.053
767.829
768.488
769.147
769.806
770.465
771.124
771.783
772.442
773.101
773.76
774.419
775.078
775.737
776.396
777.055
777.714
778.373
779.032
779.69
780.368
781.046
781.724
782.402
783.08
783.758
784.436
785.114
785.792
786.47
787.103
787.736
788.369
789.002
789.635
790.268
790.901
791.534
792.167
792.8
793.433
794.066
794.699
795.332
795.965
796.598
797.231
797.864
798.49
801.7
804.91
808.12
811.33
814.54
814.79
815.04
815.29
815.54
815.79
816.04
816.29
816.54
816.79
817.04
817.29
817.54
817.79
818.04
818.29
818.54
818.79
819.04
819.29
819.54
819.79
820.202
820.614
821.026
821.438
821.85
822.262
822.674
823.086
823.498
823.91
824.322
824.734
825.146
825.558
825.97
826.382
826.794
827.206
827.61
828.148
828.686
829.224
829.762
830.3
830.838
831.376
831.914
832.452
832.99
833.528
834.066
834.604
835.142
835.68
836.218
836.756
837.29
838.447
839.604
840.761
841.918
843.075
844.232
845.389
846.546
847.703
848.86
850.017
851.174
852.331
853.488
854.645
855.802
856.959
858.115
859.272
860.42
860.933
861.446
861.959
862.47
862.798
863.126
863.454
863.782
864.11
864.438
864.766
865.094
865.422
865.75
866.078
866.406
866.734
867.062
867.39
867.718
868.046
868.374
868.7
869.326
869.952
870.578
871.204
871.83
872.456
873.082
873.708
874.334
874.96
875.586
876.212
876.838
877.464
878.089
879.024
879.959
880.894
881.829
882.764
883.699
884.634
885.569
886.504
887.439
888.374
889.309
890.244
891.179
892.114
893.049
893.98
894.272
894.564
894.856
895.148
895.44
895.732
896.024
896.316
896.608
896.9
897.192
897.484
897.776
898.068
898.36
898.652
898.944
899.23
900.59
901.95
903.31
904.67
906.03
907.39
908.75
910.11
911.47
912.83
914.19
915.55
916.91
918.27
919.63
920.99
922.35
923.71
925.07
926.43
927.8
928.733
929.666
930.599
931.532
932.465
933.398
934.331
935.264
936.197
937.13
938.063
938.996
939.929
940.862
941.795
942.728
943.661
944.594
945.527
946.46
947.393
948.32
949.114
949.908
950.702
951.495
952.288
953.082
953.875
954.668
955.462
956.255
957.048
957.841
958.635
959.428
960.221
961.014
961.808
962.601
963.394
964.19
964.64
965.09
965.54
965.837
966.134
966.431
966.728
967.025
967.322
967.619
967.916
968.213
968.51
968.807
969.104
969.401
969.698
969.995
970.292
970.589
970.886
971.183
971.48
971.769
972.095
972.421
972.747
973.073
973.399
973.725
974.051
974.377
974.703
975.029
975.355
975.681
976.007
976.333
976.659
976.985
977.311
977.639
977.948
978.257
978.566
978.875
979.184
979.493
979.802
980.111
980.42
980.729
981.038
981.347
981.656
981.965
982.274
982.583
982.892
983.201
983.51
983.82
984.592
985.364
986.136
986.908
987.68
988.452
989.224
989.996
990.768
991.54
992.312
993.084
993.856
994.628
995.4
996.172
996.944
997.716
998.49
998.778
999.066
999.354
999.642
999.93
1000.218
1000.506
1000.794
1001.082
1001.37
1001.658
1001.946
1002.234
1002.522
1002.81
1003.098
1003.386
1003.674
1003.959
1004.636
1005.313
1005.99
1006.667
1007.344
1008.021
1008.698
1009.375
1010.052
1010.729
1011.406
1012.083
1012.76
1013.437
1014.114
1014.791
1015.468
1016.149
1016.458
1016.767
1017.077
1017.386
1017.695
1018.005
1018.314
1018.623
1018.933
1019.242
1019.551
1019.861
1020.17
1020.479
1020.788
1021.097
1021.406
1021.72
1022.346
1022.972
1023.598
1024.224
1024.85
1025.476
1026.102
1026.728
1027.354
1027.98
1028.606
1029.232
1029.858
1030.484
1031.11
1031.736
1032.36
1032.65
1032.94
1033.23
1033.52
1033.81
1034.1
1034.39
1034.68
1034.97
1035.26
1035.788
1036.316
1036.844
1037.372
1037.9
1038.428
1038.956
1039.484
1040.012
1040.54
1041.068
1041.596
1042.124
1042.652
1043.18
1043.708
1044.236
1044.77
1045.508
1046.246
1046.984
1047.722
1048.46
1049.198
1049.936
1050.674
1051.412
1052.15
1052.888
1053.626
1054.364
1055.102
1055.84
1056.578
1057.316
1058.054
1058.789
1059.191
1059.593
1059.995
1060.397
1060.799
1061.201
1061.603
1062.005
1062.407
1062.809
1063.211
1063.613
1064.015
1064.417
1064.819
1065.221
1065.623
1066.025
1066.427
1066.83
1067.526
1068.222
1068.918
1069.614
1070.31
1071.006
1071.702
1072.398
1073.094
1073.79
1074.486
1075.182
1075.878
1076.574
1077.27
1077.966
1078.662
1079.36
1079.805
1080.25
1080.695
1081.14
1081.585
1082.03
1082.475
1082.92
1083.365
1083.81
1084.255
1084.7
1085.145
1085.59
1086.035
1086.48
1086.919
1087.583
1088.247
1088.911
1089.575
1090.239
1090.903
1091.567
1092.231
1092.895
1093.559
1094.223
1094.887
1095.551
1096.215
1096.879
1097.543
1098.207
1098.871
1099.535
1100.199
1100.87
1101.568
1102.266
1102.964
1103.662
1104.36
1105.058
1105.756
1106.454
1107.152
1107.85
1108.548
1109.246
1109.944
1110.642
1111.34
1112.038
1112.736
1113.43
1113.89
1114.35
1114.81
1115.27
1115.73
1116.19
1116.65
1117.11
1117.57
1118.03
1118.49
1118.95
1119.41
1119.87
1120.33
1120.79
1121.058
1121.326
1121.594
1121.862
1122.13
1122.398
1122.666
1122.934
1123.202
1123.47
1123.738
1124.006
1124.274
1124.542
1124.81
1125.078
1125.35
1125.973
1126.596
1127.219
1127.842
1128.465
1129.088
1129.711
1130.334
1130.957
1131.58
1132.203
1132.826
1133.449
1134.072
1134.7
1135.216
1135.732
1136.248
1136.764
1137.28
1137.796
1138.312
1138.828
1139.344
1139.86
1140.376
1140.892
1141.408
1141.924
1142.44
1142.956
1143.472
1143.98
1144.29
1144.6
1144.91
1145.22
1145.53
1145.84
1146.15
1146.46
1146.77
1147.08
1147.39
1147.7
1148.01
1148.662
1149.314
1149.966
1150.618
1151.27
1151.922
1152.574
1153.226
1153.878
1154.53
1155.182
1155.834
1156.486
1157.138
1157.79
1158.442
1159.09
1159.599
1160.108
1160.617
1161.126
1161.635
1162.144
1162.653
1163.162
1163.671
1164.18
1164.689
1165.198
1165.707
1166.216
1166.73
1167.26
1167.79
1168.32
1168.85
1169.38
1169.91
1170.44
1170.97
1171.5
1172.03
1172.56
1173.09
1173.62
1174.15
1174.68
1175.21
1175.74
1176.022
1176.304
1176.586
1176.868
1177.15
1177.432
1177.714
1177.996
1178.278
1178.56
1178.842
1179.124
1179.406
1179.688
1179.97
1180.252
1180.534
1180.816
1181.098
1181.38
1181.903
1182.426
1182.949
1183.472
1183.995
1184.518
1185.041
1185.564
1186.087
1186.61
1187.133
1187.656
1188.179
1188.702
1189.225
1189.75
1190.244
1190.738
1191.232
1191.726
1192.22
1192.714
1193.208
1193.702
1194.196
1194.69
1195.184
1195.678
1196.172
1196.66
1197.374
1198.088
1198.802
1199.516
1200.23
1200.944
1201.658
1202.372
1203.086
1203.8
1204.514
1205.228
1205.942
1206.656
1207.37
1208.084
1208.798
1209.52
1210.098
1210.676
1211.254
1211.832
1212.41
1212.988
1213.566
1214.144
1214.722
1215.3
1215.878
1216.456
1217.034
1217.612
1218.19
1218.595
1219.0
1219.405
1219.81
1220.215
1220.62
1221.025
1221.43
1221.835
1222.24
1222.645
1223.05
1223.455
1223.86
1224.26
1224.601
1224.942
1225.283
1225.624
1225.965
1226.306
1226.647
1226.988
1227.329
1227.67
1228.011
1228.352
1228.693
1229.034
1229.38
1229.831
1230.282
1230.733
1231.184
1231.635
1232.086
1232.537
1232.988
1233.439
1233.89
1234.341
1234.792
1235.243
1235.694
1236.145
1236.596
1237.047
1237.498
1237.949
1238.4
1238.888
1239.376
1239.864
1240.352
1240.84
1241.328
1241.816
1242.304
1242.792
1243.28
1243.768
1244.256
1244.744
1245.232
1245.72
1246.208
1246.69
1247.388
1248.086
1248.784
1249.482
1250.18
1250.878
1251.576
1252.274
1252.972
1253.67
1254.368
1255.066
1255.764
1256.462
1257.16
1257.858
1258.559
1259.017
1259.475
1259.933
1260.391
1260.849
1261.309
1261.706
1262.103
1262.5
1262.897
1263.294
1263.691
1264.088
1264.485
1264.882
1265.279
1265.676
1266.073
1266.47
1266.867
1267.264
1267.661
1268.058
1268.455
1268.85
1269.127
1269.404
1269.681
1269.958
1270.235
1270.512
1270.789
1271.066
1271.343
1271.62
1271.897
1272.174
1272.451
1272.728
1273.005
1273.282
1273.559
1273.836
1274.113
1274.39
1274.659
1275.01
1275.361
1275.712
1276.063
1276.414
1276.765
1277.116
1277.467
1277.818
1278.169
1278.52
1278.871
1279.222
1279.573
1279.924
1280.275
1280.626
1280.97
1281.229
1281.488
1281.747
1282.006
1282.265
1282.524
1282.783
1283.042
1283.301
1283.56
1283.819
1284.078
1284.337
1284.596
1284.855
1285.114
1285.373
1285.632
1285.89
1286.46
1287.03
1287.6
1288.17
1288.74
1289.31
1289.88
1290.45
1291.02
1291.59
1292.16
1292.73
1293.3
1293.87
1294.44
1295.01
1295.58
1296.15
1296.724
1297.298
1297.872
1298.446
1299.02
1299.594
1300.168
1300.742
1301.316
1301.89
1302.464
1303.038
1303.612
1304.186
1304.76
1305.334
1305.909
1306.231
1306.553
1306.875
1307.197
1307.519
1307.841
1308.163
1308.485
1308.807
1309.129
1309.451
1309.773
1310.095
1310.417
1310.739
1311.061
1311.383
1311.705
1312.027
1312.35
1312.806
1313.262
1313.718
1314.174
1314.63
1315.086
1315.542
1315.998
1316.454
1316.91
1317.366
1317.822
1318.278
1318.734
1319.19
1319.65
1319.93
1320.21
1320.49
1320.77
1321.05
1321.33
1321.61
1321.89
1322.17
1322.45
1322.73
1323.01
1323.29
1323.57
1323.85
1324.13
1324.411
1324.724
1325.037
1325.35
1325.663
1325.976
1326.289
1326.602
1326.915
1327.228
1327.541
1327.854
1328.167
1328.48
1328.793
1329.106
1329.419
1329.732
1330.045
1330.358
1330.67
1330.924
1331.178
1331.432
1331.686
1331.939
1332.193
1332.447
1332.7
1332.954
1333.207
1333.461
1333.715
1333.968
1334.222
1334.476
1334.73
1334.984
1335.237
1335.491
1335.74
1336.18
1336.62
1337.06
1337.5
1337.94
1338.38
1338.82
1339.26
1339.7
1340.14
1340.58
1341.02
1341.46
1341.9
1342.181
1342.462
1342.743
1343.024
1343.305
1343.586
1343.867
1344.148
1344.429
1344.71
1344.991
1345.272
1345.553
1345.834
1346.115
1346.396
1346.677
1346.96
1347.586
1348.212
1348.838
1349.464
1350.09
1350.716
1351.342
1351.968
1352.594
1353.22
1353.846
1354.472
1355.098
1355.724
1356.35
1356.976
1357.602
1358.228
1358.86
1359.32
1359.78
1360.24
1360.7
1361.16
1361.62
1362.08
1362.54
1363.0
1363.46
1363.92
1364.38
1364.84
1365.3
1365.76
1366.22
1366.68
1367.14
1367.6
1368.059
1369.009
1369.959
1370.909
1371.859
1372.809
1373.759
1374.709
1375.659
1376.609
1377.559
1378.509
1379.459
1380.409
1381.359
1382.309
1383.259
1384.21
1384.71
1385.21
1385.472
1385.734
1385.996
1386.258
1386.52
1386.782
1387.044
1387.306
1387.568
1387.83
1388.092
1388.354
1388.616
1388.878
1389.14
1389.402
1389.664
1389.926
1390.19
1390.696
1391.202
1391.708
1392.214
1392.72
1393.226
1393.732
1394.238
1394.744
1395.25
1395.756
1396.262
1396.768
1397.274
1397.78
1398.286
1398.792
1399.298
1399.799
1400.043
1400.287
1400.531
1400.775
1401.019
1401.263
1401.507
1401.751
1401.995
1402.239
1402.483
1402.727
1402.971
1403.215
1403.459
1403.703
1403.947
1404.191
1404.435
1404.679
1404.923
1405.16
1406.058
1406.956
1407.853
1408.751
1409.649
1410.546
1411.444
1412.34
1413.098
1413.856
1414.614
1415.372
1416.13
1416.888
1417.646
1418.404
1419.162
1419.92
1420.678
1421.436
1422.194
1422.952
1423.71
1424.468
1425.226
1425.98
1426.402
1426.824
1427.246
1427.668
1428.09
1428.512
1428.934
1429.356
1429.778
1430.2
1430.622
1431.044
1431.466
1431.888
1432.31
1432.884
1433.458
1434.032
1434.606
1435.18
1435.754
1436.328
1436.902
1437.476
1438.05
1438.624
1439.198
1439.772
1440.346
1440.92
1441.494
1442.068
1442.65
1443.157
1443.664
1444.171
1444.678
1445.185
1445.692
1446.199
1446.706
1447.213
1447.72
1448.227
1448.734
1449.24
1449.687
1450.134
1450.581
1451.028
1451.475
1451.922
1452.369
1452.816
1453.263
1453.71
1454.157
1454.604
1455.051
1455.498
1455.945
1456.392
1456.839
1457.286
1457.741
1458.416
1459.091
1459.766
1460.441
1461.116
1461.791
1462.466
1463.141
1463.816
1464.491
1465.166
1465.841
1466.516
1467.191
1467.866
1468.541
1469.216
1469.891
1470.559
1470.804
1471.049
1471.294
1471.539
1471.784
1472.029
1472.274
1472.519
1472.764
1473.009
1473.254
1473.499
1473.744
1473.989
1474.234
1474.479
1474.724
1474.969
1475.214
1475.459
1475.704
1475.949
1476.19
1476.585
1476.98
1477.375
1477.77
1478.165
1478.56
1478.955
1479.35
1479.745
1480.14
1480.535
1480.93
1481.325
1481.72
1482.115
1482.51
1482.905
1483.3
1483.7
1484.241
1484.782
1485.323
1485.864
1486.405
1486.946
1487.487
1488.028
1488.569
1489.11
1489.651
1490.192
1490.733
1491.274
1491.815
1492.356
1492.897
1493.438
1493.98
1510.1
1511.028
1511.956
1512.884
1513.812
1514.74
1515.668
1516.596
1517.524
1518.452
1519.38
1520.308
1521.236
1522.164
1523.092
1524.02
1524.948
1525.876
1526.809
1527.113
1527.417
1527.721
1528.025
1528.329
1528.633
1528.937
1529.241
1529.545
1529.849
1530.153
1530.457
1530.761
1531.065
1531.369
1531.673
1531.977
1532.279
1532.705
1533.131
1533.557
1533.983
1534.409
1534.835
1535.261
1535.687
1536.113
1536.539
1536.965
1537.391
1537.817
1538.243
1538.669
1539.095
1539.521
1539.95
1540.376
1540.802
1541.227
1541.653
1542.079
1542.505
1542.931
1543.357
1543.783
1544.208
1544.634
1545.06
1545.486
1545.912
1546.338
1546.764
1547.189
1547.615
1548.041
1548.46
1548.791
1549.122
1549.453
1549.784
1550.115
1550.446
1550.78
1551.353
1551.926
1552.499
1553.072
1553.645
1554.218
1554.791
1555.364
1555.937
1556.51
1557.083
1557.656
1558.229
1558.802
1559.375
1559.948
1560.521
1561.09
1561.34
1561.59
1561.84
1562.09
1562.34
1562.59
1562.84
1563.09
1563.34
1563.59
1563.84
1564.09
1564.34
1564.59
1564.84
1565.09
1565.34
1565.59
1565.84
1566.09
1567.454
1568.818
1570.182
1571.546
1572.91
1574.274
1575.638
1577.002
1578.366
1579.73
1581.094
1582.46
1583.041
1583.622
1584.203
1584.784
1585.365
1585.946
1586.527
1587.108
1587.689
1588.27
1588.851
1589.432
1590.013
1590.594
1591.175
1591.756
1592.337
1592.918
1593.499
1594.08
1594.661
1595.242
1595.823
1596.409
1596.647
1596.885
1597.123
1597.361
1597.599
1597.837
1598.075
1598.313
1598.551
1598.789
1599.027
1599.265
1599.503
1599.741
1599.979
1600.217
1600.46
1600.922
1601.384
1601.846
1602.308
1602.77
1603.232
1603.694
1604.156
1604.618
1605.08
1605.542
1606.004
1606.466
1606.928
1607.39
1607.852
1608.314
1608.78
1609.239
1609.698
1610.157
1610.616
1611.075
1611.534
1611.993
1612.452
1612.911
1613.37
1613.829
1614.288
1614.747
1615.206
1615.66
1616.21
1616.76
1617.31
1617.86
1618.41
1618.96
1619.51
1620.06
1620.61
1621.16
1621.71
1622.26
1622.81
1623.36
1623.91
1624.46
1625.01
1625.425
1625.84
1626.255
1626.67
1627.085
1627.5
1627.915
1628.33
1628.745
1629.16
1629.575
1629.99
1630.405
1630.82
1631.11
1631.4
1631.69
1631.98
1632.27
1632.56
1632.85
1633.14
1633.43
1633.72
1634.01
1634.3
1634.59
1634.88
1635.302
1635.724
1636.146
1636.568
1636.99
1637.412
1637.834
1638.256
1638.678
1639.1
1639.522
1639.944
1640.366
1640.788
1641.21
1641.632
1642.054
1642.476
1642.9
1643.319
1643.738
1644.157
1644.576
1644.995
1645.414
1645.833
1646.252
1646.671
1647.09
1647.509
1647.928
1648.347
1648.766
1649.185
1649.604
1650.023
1650.44
1650.824
1651.208
1651.592
1651.976
1652.36
1652.744
1653.128
1653.512
1653.896
1654.28
1654.664
1655.048
1655.432
1655.816
1656.2
1656.584
1656.97
1657.347
1657.724
1658.101
1658.478
1658.855
1659.232
1659.609
1659.986
1660.363
1660.74
1661.117
1661.494
1661.871
1662.248
1662.625
1663.002
1663.379
1663.76
1664.18
1664.6
1665.02
1665.44
1665.86
1666.28
1666.7
1667.12
1667.54
1667.96
1668.38
1668.8
1669.22
1669.64
1670.06
1670.48
1670.9
1671.32
1671.74
1672.159
1672.394
1672.629
1672.864
1673.099
1673.334
1673.569
1673.804
1674.039
1674.274
1674.509
1674.744
1674.979
1675.214
1675.449
1675.684
1675.919
1676.154
1676.389
1676.624
1676.85
1677.369
1677.888
1678.407
1678.926
1679.445
1679.964
1680.483
1681.002
1681.521
1682.04
1682.559
1683.078
1683.597
1684.116
1684.635
1685.154
1685.669
1686.051
1686.433
1686.815
1687.197
1687.579
1687.961
1688.343
1688.725
1689.107
1689.489
1689.871
1690.253
1690.635
1691.017
1691.399
1691.781
1692.163
1692.545
1692.92
1693.129
1693.338
1693.547
1693.756
1693.965
1694.174
1694.383
1694.592
1694.801
1695.01
1695.219
1695.428
1695.637
1695.846
1696.055
1696.264
1696.473
1696.682
1696.891
1697.1
1697.533
1697.966
1698.399
1698.832
1699.265
1699.698
1700.131
1700.564
1700.997
1701.43
1701.863
1702.296
1702.729
1703.162
1703.595
1704.029
1704.422
1704.815
1705.208
1705.601
1705.994
1706.387
1706.78
1707.173
1707.566
1707.959
1708.352
1708.745
1709.138
1709.531
1709.92
1710.57
1711.22
1711.87
1712.52
1713.087
1713.654
1714.221
1714.788
1715.355
1715.922
1716.489
1717.056
1717.623
1718.19
1718.757
1719.324
1719.891
1720.458
1721.025
1721.592
1722.159
1722.721
1723.127
1723.533
1723.939
1724.345
1724.751
1725.157
1725.563
1725.969
1726.375
1726.781
1727.187
1727.593
1727.999
1728.405
1728.811
1729.217
1729.623
1730.029
1730.435
1730.841
1731.24
1731.798
1732.356
1732.914
1733.472
1734.03
1734.588
1735.146
1735.704
1736.262
1736.82
1737.378
1737.936
1738.494
1739.052
1739.61
1740.168
1740.726
1741.284
1741.84
1742.282
1742.724
1743.166
1743.608
1744.05
1744.492
1744.934
1745.376
1745.818
1746.26
1746.702
1747.144
1747.586
1748.028
1748.47
1748.912
1749.354
1749.796
1750.238
1750.68
1751.13
1751.513
1751.895
1752.277
1752.659
1753.042
1753.424
1753.806
1754.188
1754.571
1754.953
1755.335
1755.717
1756.1
1756.482
1756.864
1757.25
1757.741
1758.232
1758.723
1759.214
1759.705
1760.196
1760.687
1761.178
1761.669
1762.16
1762.651
1763.142
1763.633
1764.124
1764.615
1765.106
1765.597
1766.09
1766.463
1766.836
1767.209
1767.582
1767.955
1768.328
1768.701
1769.074
1769.447
1769.82
1770.193
1770.566
1770.939
1771.312
1771.685
1772.059
1772.662
1773.265
1773.868
1774.471
1775.074
1775.677
1776.28
1776.883
1777.486
1778.089
1778.692
1779.295
1779.898
1780.501
1781.11
1781.494
1781.878
1782.262
1782.646
1783.03
1783.414
1783.798
1784.182
1784.566
1784.95
1785.334
1785.718
1786.102
1786.486
1786.87
1787.25
1787.746
1788.242
1788.738
1789.234
1789.73
1790.226
1790.722
1791.218
1791.714
1792.21
1792.706
1793.202
1793.698
1794.194
1794.69
1795.186
1795.679
1796.075
1796.471
1796.867
1797.263
1797.659
1798.055
1798.451
1798.847
1799.243
1799.639
1800.035
1800.431
1800.827
1801.22
1801.502
1801.784
1802.066
1802.348
1802.63
1802.912
1803.194
1803.476
1803.758
1804.04
1804.322
1804.604
1804.886
1805.168
1805.45
1805.732
1806.014
1806.289
1806.773
1807.257
1807.741
1808.225
1808.709
1809.193
1809.677
1810.161
1810.645
1811.129
1811.613
1812.097
1812.581
1813.065
1813.549
1814.033
1814.51
1814.878
1815.246
1815.614
1815.982
1816.35
1816.718
1817.086
1817.454
1817.822
1818.19
1818.558
1818.926
1819.294
1819.662
1820.03
1820.398
1820.766
1821.134
1821.51
1821.93
1822.35
1822.77
1823.19
1823.61
1824.031
1824.452
1824.873
1825.294
1825.715
1826.136
1826.557
1826.978
1827.399
1827.82
1828.241
1828.662
1829.083
1829.504
1829.93
1830.405
1830.88
1831.355
1831.83
1832.305
1832.78
1833.255
1833.73
1834.205
1834.68
1835.155
1835.63
1836.105
1836.58
1837.055
1837.53
1838.099
1838.668
1839.237
1839.806
1840.375
1840.944
1841.513
1842.082
1842.651
1843.22
1843.789
1844.358
1844.927
1845.496
1846.065
1846.634
1847.2
1847.551
1847.902
1848.253
1848.604
1848.955
1849.306
1849.657
1850.008
1850.359
1850.71
1851.061
1851.412
1851.763
1852.114
1852.47
1852.789
1853.108
1853.427
1853.746
1854.065
1854.384
1854.703
1855.022
1855.341
1855.66
1855.979
1856.298
1856.617
1856.936
1857.255
1857.574
1857.893
1858.22
1858.553
1858.886
1859.22
1859.689
1860.158
1860.627
1861.096
1861.565
1862.034
1862.503
1862.972
1863.441
1863.91
1864.379
1864.848
1865.317
1865.786
1866.255
1866.73
1867.158
1867.586
1868.014
1868.442
1868.87
1869.298
1869.726
1870.154
1870.582
1871.01
1871.438
1871.866
1872.294
1872.722
1873.15
1873.578
1874.01
1874.32
1874.63
1874.94
1875.25
1875.56
1875.87
1876.18
1876.49
1876.8
1877.11
1877.42
1877.73
1878.04
1878.35
1878.66
1878.97
1879.323
1879.676
1880.029
1880.382
1880.735
1881.088
1881.441
1881.794
1882.147
1882.5
1882.853
1883.206
1883.559
1883.912
1884.265
1884.618
1884.971
1885.324
1885.669
1886.128
1886.587
1887.046
1887.505
1887.964
1888.423
1888.882
1889.341
1889.8
1890.259
1890.718
1891.177
1891.636
1892.095
1892.554
1893.013
1893.472
1893.931
1894.39
1894.756
1895.122
1895.488
1895.854
1896.22
1896.586
1896.952
1897.318
1897.684
1898.05
1898.416
1898.782
1899.148
1899.514
1899.88
1900.246
1900.612
1900.978
1901.34
1902.006
1902.672
1903.338
1904.004
1904.67
1905.336
1906.002
1906.668
1907.334
1908.0
1908.666
1909.332
1909.998
1910.664
1911.33
1911.996
1912.659
1913.188
1913.717
1914.246
1914.775
1915.304
1915.833
1916.362
1916.891
1917.42
1917.949
1918.478
1919.007
1919.536
1920.065
1920.594
1921.123
1921.652
1922.181
1922.71
1923.23
1923.716
1924.202
1924.688
1925.174
1925.66
1926.146
1926.632
1927.118
1927.604
1928.09
1928.576
1929.062
1929.548
1930.034
1930.52
1931.006
1931.492
1931.978
1932.47
1932.989
1933.508
1934.027
1934.546
1935.065
1935.584
1936.103
1936.622
1937.141
1937.66
1938.179
1938.698
1939.217
1939.736
1940.255
1940.774
1941.293
1941.812
1942.33
1942.919
1943.508
1944.097
1944.686
1945.275
1945.864
1946.453
1947.042
1947.631
1948.22
1948.809
1949.398
1949.987
1950.576
1951.165
1951.754
1952.343
1952.929
1953.503
1954.077
1954.651
1955.225
1955.799
1956.373
1956.947
1957.521
1958.095
1958.669
1959.243
1959.817
1960.391
1960.965
1961.539
1962.113
1962.687
1963.261
1963.835
1964.409
1964.983
1965.557
1966.12
1966.429
1966.738
1967.047
1967.356
1967.665
1967.974
1968.283
1968.592
1968.901
1969.21
1969.519
1969.828
1970.137
1970.446
1970.755
1971.06
1971.846
1972.632
1973.418
1974.204
1974.99
1975.776
1976.562
1977.348
1978.134
1978.92
1979.706
1980.492
1981.278
1982.064
1982.85
1983.636
1984.419
1984.786
1985.153
1985.52
1985.887
1986.254
1986.621
1986.988
1987.355
1987.72
1988.388
1989.056
1989.724
1990.392
1991.06
1991.728
1992.396
1993.064
1993.732
1994.4
1995.068
1995.736
1996.404
1997.072
1997.74
1998.408
1999.076
1999.744
2000.412
2001.08
2001.748
2002.416
2003.09
2003.916
2004.742
2005.568
2006.394
2007.22
2008.046
2008.872
2009.698
2010.524
2011.35
2012.176
2013.002
2013.828
2014.654
2015.48
2016.299
2017.144
2017.989
2018.834
2019.679
2020.524
2021.369
2022.214
2023.059
2023.904
2024.749
2025.594
2026.439
2027.284
2028.129
2028.97
2030.189
2031.408
2032.627
2033.846
2035.065
2036.284
2037.503
2038.722
2039.941
2041.16
2042.379
2043.598
2044.817
2046.036
2047.255
2048.474
2049.693
2050.912
2052.14
2052.827
2053.514
2054.201
2054.888
2055.575
2056.262
2056.949
2057.636
2058.323
2059.01
2059.697
2060.384
2061.071
2061.758
2062.445
2063.132
2063.819
2064.506
2065.2
2065.727
2066.254
2066.781
2067.308
2067.835
2068.362
2068.889
2069.416
2069.943
2070.47
2070.997
2071.524
2072.051
2072.578
2073.105
2073.632
2074.159
2074.565
2074.971
2075.377
2075.783
2076.189
2076.595
2077.001
2077.407
2077.813
2078.219
2078.625
2079.031
2079.437
2079.843
2080.249
2080.655
2081.069
2081.387
2081.705
2082.023
2082.341
2082.659
2083.066
2083.473
2083.88
2084.287
2084.694
2085.101
2085.508
2085.915
2086.322
2086.729
2087.136
2087.543
2087.95
2088.357
2088.764
2089.179
2089.349
2089.519
2089.689
2089.859
2090.029
2090.199
2090.369
2090.539
2090.709
2090.879
2091.049
2091.219
2091.389
2091.559
2091.729
2091.9
2092.283
2092.666
2093.049
2093.432
2093.815
2094.198
2094.581
2094.964
2095.347
2095.73
2096.113
2096.496
2096.879
2097.262
2097.64
2098.049
2098.458
2098.867
2099.276
2099.685
2100.094
2100.503
2100.912
2101.321
2101.73
2102.139
2102.548
2102.957
2103.366
2103.775
2104.184
2104.593
2105.0
2108.606
2112.213
2115.82
2119.427
2123.034
2126.64
2130.246
2133.852
2137.458
2141.064
2144.67
2148.276
2151.882
2155.488
2159.094
2162.7
2166.306
2169.912
2173.518
2177.13
2181.456
2185.782
2190.108
2194.434
2198.76
2200.938
2203.116
2205.294
2207.472
2209.65
2211.828
2214.006
2216.184
2218.362
2220.54
2222.718
2224.896
2227.074
2229.252
2231.43
2233.608
2235.79
2236.389
2236.988
2237.587
2238.186
2238.785
2239.384
2239.983
2240.582
2241.181
2241.78
2242.379
2242.98
2244.368
2245.756
2247.144
2248.532
2249.92
2251.308
2252.696
2254.084
2255.472
2256.86
2258.248
2259.636
2261.024
2262.412
2263.8
2265.188
2266.576
2267.97
2269.187
2270.404
2271.621
2272.838
2274.055
2275.272
2276.489
2277.706
2278.923
2280.14
2281.357
2282.574
2283.79
2284.586
2285.382
2286.178
2286.974
2287.77
2288.566
2289.362
2290.158
2290.954
2291.75
2292.546
2293.342
2294.138
2294.934
2295.73
2297.931
2300.132
2302.333
2304.534
2306.735
2308.936
2311.137
2313.338
2315.539
2317.74
2318.882
2320.024
2321.166
2322.308
2323.45
2324.592
2325.734
2326.876
2328.018
2329.16
2330.302
2331.444
2332.586
2333.728
2334.87
2336.012
2337.15
2338.461
2339.772
2341.083
2342.394
2343.705
2345.016
2346.327
2347.638
2348.949
2350.26
2351.571
2352.882
2354.193
2355.504
2356.815
2358.126
2359.437
2360.75
2361.776
2362.802
2363.828
2364.854
2365.88
2366.906
2367.932
2368.958
2369.984
2371.01
2372.036
2373.062
2374.088
2375.114
2376.14
2377.166
2378.192
2379.218
2380.244
2381.271
2381.925
2382.579
2383.233
2383.887
2384.541
2385.195
2385.849
2386.503
2387.157
2387.811
2388.465
2389.119
2389.773
2390.427
2391.081
2391.74
2392.133
2392.526
2392.919
2393.312
2393.705
2394.098
2394.491
2394.884
2395.277
2395.67
2396.063
2396.456
2396.849
2397.242
2397.635
2398.028
2398.42
2401.204
2403.988
2406.772
2409.556
2412.34
2415.124
2417.908
2420.692
2423.476
2426.26
2429.044
2431.828
2434.612
2437.396
2440.18
2442.964
2445.748
2448.54
2477.95
2507.36
2536.77
2545.787
2554.804
2563.821
2572.838
2581.855
2590.872
2599.889
2608.906
2617.923
2626.94
2635.957
2644.974
2653.991
2663.008
2672.02
2672.272
2672.524
2672.776
2673.028
2673.28
2673.532
2673.784
2674.036
2674.288
2674.54
2674.792
2675.044
2675.296
2675.548
2675.8
2676.052
2676.304
2676.556
2676.808
2677.06
2677.319
2677.527
2677.735
2677.943
2678.151
2678.359
2678.567
2678.775
2678.983
2679.191
2679.399
2679.607
2679.815
2680.023
2680.231
2680.439
2680.647
2680.855
2681.06
2681.463
2681.866
2682.269
2682.672
2683.075
2683.478
2683.881
2684.284
2684.687
2685.09
2685.493
2685.896
2686.299
2686.702
2687.099
2687.613
2688.127
2688.641
2689.155
2689.669
2690.183
2690.697
2691.211
2691.725
2692.239
2692.753
2693.267
2693.781
2694.295
2694.809
2695.323
2695.829
2696.246
2696.663
2697.08
2697.497
2697.914
2698.331
2698.748
2699.165
2699.582
2699.999
2700.416
2700.833
2701.25
2701.667
2702.084
2702.501
2702.918
2703.339
2703.751
2704.163
2704.575
2704.987
2705.399
2705.811
2706.223
2706.635
2707.047
2707.459
2707.871
2708.283
2708.695
2709.107
2709.52
2709.52
2709.52
2709.52
2709.52
2709.52
2709.52
2709.52
2709.52
2709.52
2709.52
2709.52
2709.52
2709.52
2709.52
2709.52
2709.52
2709.52
