68.9
69.432
69.964
70.496
71.028
71.56
72.092
72.624
73.156
73.688
74.22
74.752
75.284
75.816
76.348
76.88
77.412
77.944
78.48
78.794
79.108
79.422
79.736
80.05
80.364
80.678
80.992
81.306
81.62
81.934
82.248
82.562
82.876
83.19
83.504
83.818
84.13
84.447
84.764
85.081
85.398
85.715
86.032
86.349
86.666
86.983
87.3
87.617
87.934
88.251
88.568
88.885
89.202
89.52
89.728
89.936
90.144
90.352
90.56
90.768
90.976
91.184
91.392
91.6
91.808
92.016
92.224
92.432
92.64
92.848
93.056
93.264
93.47
93.928
94.386
94.844
95.302
95.76
96.218
96.676
97.134
97.592
98.05
98.508
98.966
99.424
99.882
100.34
100.8
101.122
101.444
101.766
102.088
102.41
102.732
103.054
103.376
103.698
104.02
104.342
104.664
104.986
105.308
105.63
105.95
106.734
107.518
108.302
109.086
109.87
110.654
111.438
112.22
112.573
112.926
113.279
113.632
113.985
114.338
114.691
115.044
115.397
115.75
116.103
116.456
116.809
117.162
117.515
117.868
118.221
118.58
119.224
119.868
120.512
121.156
121.8
122.444
123.088
123.732
124.376
125.02
125.664
126.308
126.952
127.596
128.24
128.884
129.52
129.823
130.126
130.429
130.732
131.035
131.338
131.641
131.944
132.247
132.55
132.853
133.156
133.459
133.762
134.065
134.368
134.671
134.974
135.27
135.644
136.018
136.392
136.766
137.14
137.514
137.888
138.262
138.636
139.01
139.384
139.758
140.132
140.506
140.88
141.254
141.628
142.01
142.354
142.698
143.042
143.386
143.73
144.074
144.418
144.762
145.106
145.45
145.794
146.138
146.482
146.826
147.17
147.514
147.858
148.2
148.852
149.504
150.156
150.808
151.46
152.112
152.764
153.416
154.068
154.72
155.372
156.024
156.676
157.328
157.98
158.474
158.968
159.462
159.956
160.45
160.944
161.438
161.932
162.426
162.92
163.414
163.908
164.402
164.896
165.39
165.89
166.338
166.786
167.234
167.682
168.13
168.578
169.026
169.474
169.922
170.37
170.818
171.266
171.714
172.162
172.61
173.058
173.51
173.919
174.328
174.737
175.146
175.555
175.964
176.373
176.782
177.191
177.6
178.009
178.418
178.827
179.236
179.64
179.906
180.172
180.438
180.704
180.97
181.236
181.502
181.768
182.034
182.3
182.566
182.832
183.098
183.364
183.63
183.896
184.162
184.42
184.828
185.236
185.644
186.052
186.46
186.868
187.276
187.684
188.092
188.5
188.908
189.316
189.724
190.132
190.54
190.948
191.35
191.64
191.93
192.22
192.51
192.8
193.09
193.38
193.67
193.96
194.25
194.54
194.83
195.12
195.41
195.7
195.99
196.28
196.622
196.964
197.306
197.648
197.99
198.332
198.674
199.016
199.358
199.7
200.042
200.384
200.726
201.068
201.41
201.752
202.1
202.526
202.952
203.378
203.804
204.23
204.656
205.082
205.508
205.934
206.36
206.786
207.212
207.638
208.064
208.49
208.91
209.307
209.704
210.101
210.498
210.895
211.292
211.689
212.086
212.483
212.88
213.277
213.674
214.071
214.468
214.865
215.262
215.66
215.973
216.286
216.599
216.912
217.225
217.538
217.851
218.164
218.477
218.79
219.103
219.416
219.729
220.042
220.35
220.88
221.41
221.94
222.47
223.0
223.53
224.06
224.59
225.12
225.65
226.18
226.71
227.24
227.77
228.3
228.829
229.238
229.647
230.056
230.465
230.874
231.283
231.692
232.101
232.51
232.919
233.328
233.737
234.146
234.555
234.964
235.373
235.78
236.097
236.414
236.731
237.048
237.365
237.682
237.999
238.316
238.633
238.95
239.267
239.584
239.901
240.218
240.535
240.852
241.169
241.486
241.81
242.81
243.81
244.232
244.654
245.076
245.498
245.92
246.342
246.764
247.186
247.608
248.03
248.452
248.874
249.296
249.718
250.14
250.56
250.883
251.206
251.529
251.852
252.175
252.498
252.821
253.144
253.467
253.79
254.113
254.436
254.759
255.082
255.405
255.728
256.049
256.496
256.943
257.39
257.837
258.284
258.731
259.178
259.625
260.072
260.519
260.966
261.413
261.86
262.307
262.754
263.2
263.586
263.972
264.358
264.744
265.13
265.516
265.902
266.288
266.674
267.06
267.446
267.832
268.218
268.604
268.99
269.377
269.764
270.151
270.538
270.925
271.312
271.699
272.086
272.473
272.86
273.247
273.634
274.021
274.408
274.795
275.182
275.569
275.949
276.638
277.327
278.016
278.705
279.394
280.083
280.772
281.461
282.15
282.839
283.528
284.217
284.906
285.595
286.284
286.97
287.231
287.492
287.753
288.014
288.275
288.536
288.797
289.058
289.319
289.58
289.841
290.1
290.361
290.622
290.883
291.144
291.405
291.666
291.927
292.188
292.449
292.71
292.971
293.232
293.493
293.754
294.015
294.276
294.537
294.798
295.06
295.474
295.888
296.302
296.716
297.13
297.544
297.958
298.372
298.786
299.2
299.614
300.028
300.442
300.856
301.27
301.684
302.098
302.52
302.923
303.326
303.729
304.132
304.535
304.938
305.341
305.744
306.147
306.55
306.953
307.356
307.759
308.162
308.565
308.968
309.371
309.774
310.18
311.155
312.13
313.105
314.08
315.055
316.03
317.005
317.98
318.955
319.93
320.905
321.88
322.85
323.125
323.4
323.675
323.95
324.225
324.5
324.775
325.05
325.325
325.6
325.875
326.15
326.425
326.7
326.975
327.25
327.525
327.8
328.08
328.435
328.791
329.147
329.502
329.858
330.214
330.57
330.925
331.281
331.637
331.993
332.349
332.704
333.06
333.416
333.772
334.127
334.479
334.746
335.013
335.28
335.547
335.815
336.082
336.349
336.616
336.883
337.15
337.417
337.684
337.952
338.219
338.486
338.759
339.176
339.593
340.01
340.427
340.844
341.261
341.678
342.095
342.512
342.929
343.346
343.763
344.18
344.597
345.014
345.43
347.23
349.03
349.375
349.72
350.065
350.41
350.755
351.1
351.445
351.79
352.135
352.48
352.825
353.17
353.515
353.86
354.205
354.55
354.9
355.104
355.308
355.512
355.716
355.92
356.124
356.328
356.532
356.736
356.94
357.144
357.348
357.552
357.756
357.96
358.164
358.36
358.651
358.942
359.233
359.524
359.815
360.106
360.397
360.688
360.979
361.27
361.561
361.852
362.143
362.434
362.726
363.017
363.308
363.599
363.89
364.19
364.553
364.916
365.279
365.642
366.005
366.368
366.731
367.094
367.457
367.82
368.183
368.546
368.909
369.272
369.635
369.992
370.433
370.874
371.315
371.756
372.197
372.638
373.079
373.52
373.961
374.402
374.843
375.284
375.725
376.166
376.607
377.05
377.432
377.814
378.196
378.578
378.96
379.342
379.724
380.106
380.488
380.87
381.252
381.634
382.016
382.4
382.685
382.97
383.255
383.54
383.825
384.11
384.395
384.68
384.965
385.25
385.535
385.82
386.105
386.39
386.675
386.96
387.245
387.53
387.815
388.1
388.385
388.67
388.955
389.24
389.525
389.81
390.095
390.38
390.665
390.95
391.24
391.511
391.782
392.053
392.324
392.595
392.866
393.137
393.408
393.679
393.95
394.221
394.492
394.763
395.034
395.301
395.644
395.987
396.33
396.673
397.016
397.359
397.702
398.045
398.388
398.731
399.074
399.417
399.76
400.103
400.446
400.789
401.138
401.487
401.836
402.185
402.534
402.883
403.232
403.581
403.93
404.279
404.628
404.977
405.326
405.675
406.024
406.379
407.071
407.763
408.455
409.147
409.839
410.531
411.223
411.915
412.607
413.299
413.991
414.683
415.375
416.067
416.759
417.451
418.143
418.835
419.527
420.22
420.602
420.984
421.366
421.748
422.13
422.512
422.894
423.276
423.66
424.063
424.466
424.869
425.272
425.675
426.078
426.481
426.884
427.287
427.69
428.093
428.496
428.899
429.3
429.801
430.302
430.803
431.304
431.805
432.306
432.807
433.308
433.809
434.31
434.811
435.312
435.813
436.314
436.819
437.096
437.373
437.65
437.927
438.204
438.481
438.758
439.035
439.312
439.589
439.866
440.143
440.42
440.697
440.974
441.251
441.53
441.939
442.348
442.757
443.166
443.575
443.984
444.393
444.802
445.211
445.62
446.029
446.438
446.847
447.256
447.665
448.074
448.483
448.9
449.197
449.494
449.791
450.088
450.385
450.682
450.979
451.276
451.573
451.87
452.167
452.464
452.761
453.058
453.355
453.659
454.087
454.515
454.943
455.371
455.799
456.227
456.655
457.083
457.511
457.939
458.367
458.795
459.223
459.651
460.079
460.507
460.935
461.36
461.755
462.15
462.545
462.94
463.335
463.73
464.125
464.52
464.915
465.31
465.705
466.1
466.495
466.89
467.285
467.68
468.08
468.471
468.862
469.253
469.644
470.035
470.426
470.817
471.208
471.599
471.99
472.381
472.772
473.163
473.554
473.945
474.336
474.727
475.118
475.509
475.909
476.32
476.731
477.142
477.553
477.964
478.375
478.786
479.197
479.608
480.019
480.43
480.841
481.252
481.663
482.074
482.485
482.896
483.307
483.718
484.129
484.53
485.047
485.564
486.081
486.598
487.115
487.632
488.149
488.666
489.183
489.7
490.217
490.734
491.251
491.768
492.285
492.802
493.319
493.836
494.36
494.881
495.402
495.923
496.444
496.965
497.486
498.007
498.528
499.049
499.57
500.091
500.61
500.854
501.098
501.342
501.586
501.83
502.074
502.318
502.562
502.806
503.05
503.294
503.538
503.782
504.026
504.27
504.509
505.494
506.479
507.464
508.449
509.434
510.419
511.404
512.389
513.374
514.359
515.344
516.329
517.314
518.299
519.289
519.903
520.517
521.131
521.745
522.359
522.973
523.587
524.201
524.815
525.429
526.043
526.657
527.271
527.885
528.499
529.113
529.727
530.34
530.629
530.918
531.207
531.496
531.785
532.074
532.363
532.652
532.941
533.23
533.519
533.808
534.097
534.386
534.68
535.141
535.602
536.063
536.524
536.985
537.446
537.907
538.368
538.829
539.29
539.751
540.212
540.673
541.134
541.595
542.056
542.517
542.978
543.44
544.001
544.562
545.123
545.684
546.245
546.806
547.367
547.928
548.489
549.05
549.611
550.172
550.733
551.294
551.86
552.545
553.23
553.915
554.6
555.285
555.97
556.655
557.34
558.025
558.71
559.395
560.08
560.765
561.45
562.135
562.82
563.5
563.949
564.398
564.847
565.296
565.745
566.194
566.643
567.092
567.541
567.99
568.439
568.888
569.337
569.786
570.235
570.69
571.697
572.705
573.713
574.72
575.727
576.735
577.743
578.751
579.758
580.765
581.773
582.781
583.788
584.795
585.803
586.81
587.074
587.338
587.602
587.866
588.13
588.394
588.658
588.922
589.186
589.45
589.714
589.978
590.242
590.5
590.918
591.336
591.754
592.172
592.59
593.008
593.426
593.844
594.262
594.68
595.098
595.516
595.934
596.352
596.77
597.201
597.632
598.063
598.494
598.925
599.356
599.787
600.218
600.649
601.08
601.511
601.942
602.373
602.804
603.235
603.666
604.1
604.388
604.676
604.964
605.252
605.54
605.828
606.116
606.404
606.692
606.98
607.268
607.556
607.844
608.132
608.42
608.708
608.996
609.29
610.125
610.96
611.795
612.63
613.465
614.3
615.135
615.97
616.805
617.64
618.475
619.31
620.145
620.98
621.815
622.65
623.485
624.321
624.782
625.243
625.704
626.165
626.626
627.087
627.548
628.009
628.47
628.931
629.392
629.853
630.314
630.77
631.189
631.608
632.027
632.446
632.865
633.284
633.703
634.122
634.541
634.96
635.379
635.798
636.217
636.636
637.055
637.474
637.893
638.32
638.744
639.168
639.592
640.016
640.44
640.864
641.288
641.712
642.136
642.56
642.98
643.279
643.578
643.877
644.176
644.475
644.774
645.073
645.372
645.671
645.97
646.269
646.568
646.867
647.166
647.465
647.76
648.131
648.502
648.873
649.244
649.615
649.986
650.357
650.728
651.099
651.47
651.841
652.212
652.583
652.954
653.325
653.696
654.067
654.438
654.809
655.18
655.483
655.786
656.089
656.392
656.695
656.998
657.301
657.604
657.907
658.21
658.513
658.816
659.119
659.422
659.725
660.028
660.331
660.634
660.937
661.24
661.558
661.876
662.194
662.512
662.83
663.148
663.466
663.784
664.102
664.42
664.738
665.056
665.374
665.692
666.01
666.328
666.646
666.964
667.29
667.667
668.044
668.421
668.798
669.175
669.552
669.929
670.306
670.683
671.06
671.437
671.814
672.191
672.568
672.945
673.322
673.699
674.08
674.412
674.744
675.076
675.408
675.74
676.072
676.404
676.736
677.068
677.4
677.732
678.064
678.396
678.728
679.06
679.39
679.62
679.85
680.08
680.31
680.54
680.77
681.0
681.23
681.46
681.69
681.92
682.15
682.38
682.61
682.84
683.07
683.377
683.684
683.991
684.298
684.605
684.912
685.219
685.526
685.833
686.14
686.447
686.754
687.061
687.368
687.675
687.981
688.302
688.623
688.944
689.265
689.586
689.907
690.228
690.549
690.87
691.191
691.512
691.833
692.154
692.475
692.796
693.12
693.4
693.68
693.96
694.24
694.52
694.8
695.08
695.36
695.64
695.92
696.2
696.48
696.76
697.04
697.32
697.6
697.969
698.338
698.707
699.076
699.445
699.814
700.183
700.552
700.921
701.29
701.659
702.028
702.397
702.766
703.135
703.51
703.695
703.88
704.065
704.25
704.435
704.62
704.805
704.99
705.175
705.36
705.545
705.73
705.915
706.1
706.285
706.47
706.655
706.84
707.296
707.752
708.208
708.664
709.12
709.576
710.032
710.488
710.944
711.4
711.856
712.312
712.768
713.224
713.68
714.136
714.59
714.979
715.368
715.757
716.146
716.535
716.924
717.313
717.702
718.091
718.48
718.869
719.258
719.647
720.036
720.43
720.742
721.054
721.366
721.678
721.99
722.303
722.615
722.928
723.24
723.553
723.865
724.178
724.49
724.803
725.115
725.43
725.925
726.42
726.915
727.41
727.905
728.4
728.895
729.39
729.885
730.38
730.875
731.37
731.865
732.36
732.855
733.35
733.845
734.34
734.96
735.58
736.2
736.82
737.108
737.396
737.684
737.972
738.26
738.548
738.836
739.124
739.412
739.7
739.988
740.276
740.564
740.852
741.14
741.428
741.71
742.018
742.326
742.634
742.942
743.25
743.558
743.865
744.173
744.481
744.788
745.096
745.404
745.712
746.019
746.327
746.63
746.965
747.3
747.635
747.97
748.305
748.64
748.975
749.31
749.645
749.98
750.315
750.65
750.985
751.32
751.655
751.99
752.325
752.66
752.914
753.168
753.422
753.676
753.93
754.184
754.438
754.692
754.946
755.2
755.454
755.708
755.962
756.216
756.47
756.724
756.97
757.257
757.544
757.831
758.118
758.405
758.692
758.979
759.266
759.553
759.84
760.127
760.414
760.7
761.152
761.604
762.056
762.508
762.96
763.412
763.864
764.316
764.768
765.22
765.672
766.124
766.576
767.028
767.48
767.932
768.38
768.819
769.258
769.697
770.136
770.575
771.014
771.453
771.892
772.331
772.77
773.209
773.648
774.087
774.526
774.965
775.41
775.853
776.296
776.739
777.182
777.625
778.068
778.511
778.954
779.397
779.84
780.283
780.726
781.169
781.612
782.055
782.498
782.94
783.178
783.416
783.654
783.892
784.13
784.368
784.606
784.844
785.082
785.32
785.558
785.796
786.034
786.272
786.51
786.748
786.986
787.23
787.547
787.864
788.181
788.498
788.815
789.132
789.449
789.766
790.083
790.4
790.717
791.034
791.351
791.668
791.985
792.302
792.619
792.93
793.31
793.69
794.07
794.45
794.83
795.21
795.59
795.97
796.35
796.73
797.11
797.49
797.87
798.25
798.63
799.01
799.442
799.874
800.306
800.738
801.17
801.602
802.034
802.466
802.898
803.33
803.762
804.194
804.626
805.058
805.49
805.922
806.354
806.79
807.186
807.582
807.978
808.374
808.77
809.166
809.562
809.958
810.354
810.75
811.146
811.542
811.938
812.334
812.73
813.126
813.522
813.91
814.75
815.59
816.43
816.979
817.528
818.077
818.626
819.175
819.724
820.273
820.822
821.371
821.92
822.469
823.018
823.567
824.116
824.66
824.838
825.016
825.194
825.372
825.55
825.728
825.906
826.084
826.262
826.44
826.618
826.796
826.974
827.152
827.33
827.508
827.68
828.116
828.552
828.988
829.424
829.86
830.296
830.732
831.168
831.604
832.04
832.476
832.912
833.348
833.79
834.325
834.86
835.395
835.93
836.465
837.0
837.535
838.07
838.605
839.14
839.675
840.21
840.75
841.076
841.402
841.728
842.054
842.38
842.706
843.032
843.358
843.684
844.01
844.336
844.662
844.988
845.314
845.64
845.966
846.292
846.618
846.944
847.27
848.27
848.477
848.684
848.891
849.098
849.305
849.512
849.719
849.927
850.135
850.342
850.549
850.756
850.963
851.17
851.377
851.59
852.029
852.468
852.907
853.346
853.785
854.224
854.663
855.102
855.541
855.98
856.419
856.858
857.297
857.736
858.175
858.62
858.914
859.208
859.502
859.796
860.09
860.384
860.678
860.972
861.266
861.56
861.854
862.148
862.442
862.736
863.03
863.324
863.61
863.921
864.232
864.543
864.854
865.165
865.476
865.787
866.098
866.409
866.72
867.031
867.342
867.653
867.97
868.363
868.756
869.149
869.542
869.935
870.328
870.721
871.114
871.507
871.9
872.293
872.686
873.079
873.472
873.865
874.26
875.151
876.042
876.933
877.824
878.715
879.606
880.5
880.891
881.282
881.673
882.064
882.455
882.846
883.237
883.628
884.019
884.41
884.801
885.192
885.583
885.974
886.365
886.756
887.147
887.538
887.92
888.452
888.985
889.518
890.051
890.584
891.116
891.649
892.182
892.715
893.248
893.781
894.313
894.846
895.379
895.912
896.44
896.66
896.88
897.1
897.32
897.54
897.76
897.98
898.2
898.42
898.64
898.86
899.08
899.3
899.52
899.74
899.96
900.18
900.4
900.66
900.92
901.18
901.44
901.7
901.96
902.22
902.48
902.74
903.0
903.26
903.52
903.78
904.04
904.3
904.622
904.944
905.266
905.588
905.91
906.232
906.554
906.876
907.198
907.52
907.842
908.164
908.486
908.808
909.13
909.45
910.158
910.866
911.574
912.282
912.99
913.698
914.406
915.114
915.822
916.53
917.238
917.946
918.654
919.362
920.07
920.271
920.471
920.672
920.873
921.074
921.274
921.475
921.676
921.877
922.077
922.278
922.479
922.68
922.88
923.081
923.282
923.483
923.683
923.884
924.08
924.454
924.828
925.202
925.576
925.95
926.324
926.698
927.072
927.446
927.82
928.194
928.568
928.942
929.316
929.69
930.064
930.438
930.812
931.186
931.56
931.937
932.314
932.691
933.068
933.445
933.822
934.199
934.576
934.953
935.33
935.707
936.084
936.461
936.838
937.215
937.592
937.969
938.346
938.72
939.35
939.98
940.61
941.24
941.87
942.5
943.13
943.76
944.39
945.02
945.65
946.28
946.91
947.54
948.17
948.8
949.43
950.06
950.343
950.626
950.909
951.192
951.475
951.758
952.041
952.324
952.607
952.89
953.173
953.456
953.739
954.022
954.305
954.588
954.871
955.154
955.43
955.798
956.166
956.534
956.902
957.27
957.638
958.006
958.374
958.742
959.11
959.478
959.846
960.214
960.582
960.95
961.318
961.686
962.054
962.43
962.809
963.188
963.567
963.946
964.325
964.704
965.083
965.462
965.841
966.22
966.599
966.978
967.357
967.736
968.12
968.435
968.75
969.065
969.38
969.695
970.01
970.325
970.64
970.955
971.27
971.585
971.9
972.215
972.53
972.845
973.16
973.475
973.79
974.227
974.664
975.101
975.538
975.975
976.412
976.849
977.286
977.723
978.16
978.612
979.064
979.516
979.968
980.42
980.872
981.324
981.776
982.228
982.68
983.132
983.584
984.036
984.488
984.94
985.27
985.6
985.93
986.26
986.59
986.92
987.25
987.58
987.91
988.24
988.57
988.9
989.23
989.56
989.89
990.22
990.55
990.798
991.046
991.294
991.542
991.79
992.038
992.286
992.534
992.782
993.03
993.278
993.526
993.774
994.022
994.27
994.518
994.766
995.011
995.328
995.645
995.962
996.279
996.596
996.913
997.23
997.547
997.864
998.181
998.498
998.815
999.132
999.449
999.766
1000.083
1000.4
1000.717
1001.04
1001.296
1001.552
1001.808
1002.064
1002.32
1002.576
1002.832
1003.088
1003.344
1003.6
1003.856
1004.112
1004.368
1004.624
1004.88
1005.136
1005.392
1005.64
1005.966
1006.292
1006.618
1006.944
1007.27
1007.596
1007.922
1008.248
1008.574
1008.9
1009.226
1009.552
1009.878
1010.204
1010.53
1010.856
1011.19
1011.789
1012.388
1012.987
1013.586
1014.185
1014.784
1015.383
1015.982
1016.581
1017.18
1017.779
1018.378
1018.977
1019.576
1020.175
1020.774
1021.373
1021.972
1022.57
1022.76
1022.95
1023.14
1023.33
1023.52
1023.71
1023.9
1024.09
1024.28
1024.666
1025.052
1025.438
1025.824
1026.21
1026.596
1026.982
1027.368
1027.754
1028.14
1028.526
1028.912
1029.298
1029.684
1030.07
1030.456
1030.842
1031.228
1031.61
1031.838
1032.066
1032.294
1032.522
1032.75
1032.978
1033.206
1033.434
1033.662
1033.89
1034.118
1034.346
1034.574
1034.802
1035.03
1035.258
1035.486
1035.714
1035.939
1036.565
1037.191
1037.817
1038.443
1039.069
1039.695
1040.321
1040.947
1041.573
1042.199
1042.825
1043.451
1044.077
1044.703
1045.329
1045.949
1046.284
1046.619
1046.953
1047.287
1047.621
1047.956
1048.29
1048.624
1048.958
1049.293
1049.627
1049.961
1050.295
1050.63
1050.965
1051.299
1051.633
1051.97
1052.204
1052.438
1052.672
1052.906
1053.14
1053.374
1053.608
1053.842
1054.076
1054.31
1054.544
1054.778
1055.012
1055.246
1055.48
1055.714
1055.948
1056.19
1056.593
1056.996
1057.399
1057.802
1058.205
1058.608
1059.011
1059.414
1059.817
1060.22
1060.623
1061.026
1061.43
1061.979
1062.528
1063.077
1063.626
1064.175
1064.724
1065.273
1065.822
1066.371
1066.92
1067.469
1068.018
1068.567
1069.116
1069.665
1070.214
1070.763
1071.309
1071.522
1071.735
1071.948
1072.161
1072.374
1072.587
1072.8
1073.013
1073.226
1073.439
1073.652
1073.865
1074.078
1074.291
1074.504
1074.717
1074.93
1075.143
1075.36
1075.753
1076.146
1076.539
1076.932
1077.325
1077.718
1078.111
1078.504
1078.897
1079.29
1079.683
1080.076
1080.469
1080.862
1081.25
1081.531
1081.812
1082.093
1082.374
1082.655
1082.936
1083.217
1083.498
1083.779
1084.06
1084.341
1084.622
1084.903
1085.184
1085.465
1085.746
1086.03
1086.508
1086.986
1087.464
1087.942
1088.42
1088.898
1089.376
1089.854
1090.332
1090.81
1091.288
1091.766
1092.244
1092.722
1093.2
1093.678
1094.16
1094.658
1095.156
1095.654
1096.152
1096.65
1097.148
1097.646
1098.144
1098.642
1099.14
1099.638
1100.136
1100.634
1101.132
1101.63
1102.128
1102.626
1103.124
1103.622
1104.12
1104.618
1105.11
1105.354
1105.598
1105.842
1106.086
1106.33
1106.574
1106.818
1107.062
1107.306
1107.55
1107.794
1108.038
1108.282
1108.526
1108.77
1109.014
1109.26
1109.717
1110.174
1110.63
1110.97
1111.31
1111.65
1111.99
1112.33
1112.67
1113.01
1113.35
1113.69
1114.03
1114.37
1114.71
1115.05
1115.39
1115.73
1116.07
1116.41
1116.75
1117.09
1117.43
1117.78
1118.024
1118.268
1118.512
1118.756
1119.0
1119.244
1119.488
1119.732
1119.976
1120.22
1120.464
1120.708
1120.952
1121.196
1121.44
1121.684
1121.928
1122.172
1122.412
1122.945
1123.478
1124.011
1124.544
1125.077
1125.61
1126.143
1126.676
1127.209
1127.742
1128.275
1128.808
1129.341
1129.874
1130.407
1130.94
1131.473
1132.0
1132.354
1132.708
1133.062
1133.416
1133.77
1134.124
1134.478
1134.832
1135.186
1135.54
1135.894
1136.248
1136.602
1136.956
1137.31
1137.664
1138.018
1138.37
1139.354
1140.338
1141.322
1142.306
1143.29
1144.274
1145.258
1146.242
1147.226
1148.21
1149.194
1150.178
1151.162
1152.146
1153.13
1154.11
1154.731
1155.352
1155.973
1156.594
1157.215
1157.836
1158.457
1159.078
1159.699
1160.32
1160.941
1161.562
1162.183
1162.804
1163.425
1164.046
1164.67
1164.952
1165.234
1165.516
1165.798
1166.08
1166.362
1166.644
1166.926
1167.208
1167.49
1167.772
1168.054
1168.336
1168.618
1168.9
1169.182
1169.464
1169.75
1170.425
1171.1
1171.775
1172.45
1173.125
1173.8
1174.475
1175.15
1175.825
1176.5
1177.175
1177.851
1178.125
1178.399
1178.673
1178.947
1179.221
1179.495
1179.769
1180.043
1180.317
1180.591
1180.865
1181.139
1181.413
1181.687
1181.961
1182.235
1182.51
1182.818
1183.126
1183.434
1183.742
1184.05
1184.358
1184.666
1184.974
1185.282
1185.59
1185.898
1186.206
1186.514
1186.82
1187.214
1187.608
1188.002
1188.396
1188.79
1189.184
1189.578
1189.972
1190.366
1190.76
1191.154
1191.548
1191.942
1192.336
1192.73
1193.12
1193.379
1193.638
1193.897
1194.156
1194.415
1194.674
1194.933
1195.192
1195.451
1195.71
1195.969
1196.228
1196.487
1196.746
1197.005
1197.264
1197.523
1197.782
1198.05
1198.649
1199.248
1199.847
1200.446
1201.045
1201.644
1202.243
1202.842
1203.441
1204.04
1204.639
1205.238
1205.837
1206.436
1207.035
1207.634
1208.23
1208.513
1208.796
1209.079
1209.362
1209.645
1209.928
1210.211
1210.494
1210.777
1211.06
1211.343
1211.626
1211.91
1212.328
1212.746
1213.164
1213.582
1214.0
1214.418
1214.836
1215.254
1215.672
1216.09
1216.508
1216.926
1217.344
1217.762
1218.18
1218.598
1219.02
1219.372
1219.724
1220.076
1220.428
1220.78
1221.132
1221.484
1221.836
1222.188
1222.54
1222.892
1223.244
1223.596
1223.948
1224.3
1224.652
1225.004
1225.356
1225.708
1226.06
1226.41
1226.901
1227.392
1227.883
1228.374
1228.865
1229.356
1229.847
1230.338
1230.829
1231.32
1231.811
1232.302
1232.793
1233.284
1233.775
1234.266
1234.757
1235.248
1235.74
1236.209
1236.678
1237.147
1237.616
1238.085
1238.554
1239.023
1239.492
1239.961
1240.43
1240.899
1241.368
1241.837
1242.306
1242.775
1243.244
1243.713
1244.182
1244.651
1245.12
1245.391
1245.662
1245.933
1246.204
1246.475
1246.746
1247.017
1247.288
1247.559
1247.83
1248.101
1248.372
1248.643
1248.914
1249.185
1249.456
1249.727
1249.998
1250.26
1250.68
1251.1
1251.52
1251.94
1252.36
1252.78
1253.2
1253.62
1254.04
1254.46
1254.88
1255.3
1255.72
1256.14
1256.56
1256.98
1257.4
1257.669
1257.938
1258.207
1258.476
1258.745
1259.014
1259.283
1259.552
1259.821
1260.09
1260.359
1260.628
1260.897
1261.166
1261.435
1261.704
1261.973
1262.242
1262.511
1262.78
1263.123
1263.466
1263.809
1264.152
1264.495
1264.838
1265.181
1265.524
1265.867
1266.21
1266.553
1266.896
1267.239
1267.582
1267.925
1268.268
1268.61
1268.892
1269.174
1269.456
1269.738
1270.02
1270.302
1270.584
1270.866
1271.148
1271.43
1271.712
1271.994
1272.276
1272.558
1272.84
1273.122
1273.404
1273.686
1273.968
1274.25
1274.709
1275.168
1275.627
1276.086
1276.545
1277.004
1277.463
1277.922
1278.381
1278.84
1279.299
1279.758
1280.217
1280.676
1281.135
1281.594
1282.053
1282.512
1282.971
1283.43
1283.972
1284.514
1285.056
1285.598
1286.14
1286.682
1287.224
1287.766
1288.308
1288.85
1289.392
1289.934
1290.476
1291.018
1291.56
1292.102
1292.65
1293.328
1294.006
1294.684
1295.362
1296.04
1296.718
1297.396
1298.074
1298.752
1299.43
1300.108
1300.786
1301.464
1302.142
1302.82
1303.498
1304.17
1304.568
1304.966
1305.364
1305.762
1306.16
1306.558
1306.956
1307.354
1307.752
1308.15
1308.548
1308.946
1309.344
1309.742
1310.14
1310.538
1310.936
1311.334
1311.732
1312.13
1312.535
1312.94
1313.345
1313.75
1314.155
1314.56
1314.965
1315.37
1315.775
1316.18
1316.585
1316.99
1317.395
1317.8
1318.205
1318.61
1319.015
1319.42
1319.825
1320.23
1320.64
1321.275
1321.91
1322.545
1323.18
1323.815
1324.45
1325.085
1325.72
1326.355
1326.99
1327.62
1327.97
1328.32
1328.67
1329.02
1329.37
1329.72
1330.07
1330.42
1330.77
1331.12
1331.47
1331.82
1332.17
1332.52
1332.87
1333.22
1333.57
1333.92
1334.27
1334.62
1334.894
1335.168
1335.442
1335.716
1335.99
1336.264
1336.538
1336.812
1337.086
1337.36
1337.634
1337.908
1338.182
1338.456
1338.73
1339.004
1339.28
1339.805
1340.33
1340.855
1341.38
1341.905
1342.43
1342.955
1343.48
1344.005
1344.53
1345.055
1345.58
1346.105
1346.63
1347.155
1347.68
1348.205
1348.73
1349.255
1349.78
1350.282
1350.784
1351.286
1351.788
1352.29
1352.792
1353.294
1353.796
1354.298
1354.8
1355.302
1355.804
1356.306
1356.808
1357.31
1357.812
1358.309
1358.765
1359.221
1359.677
1360.133
1360.589
1361.045
1361.501
1361.957
1362.413
1362.869
1363.325
1363.781
1364.237
1364.693
1365.149
1365.605
1366.061
1366.517
1366.97
1367.322
1367.674
1368.026
1368.378
1368.73
1369.082
1369.434
1369.786
1370.138
1370.49
1370.842
1371.194
1371.546
1371.898
1372.25
1372.602
1372.954
1373.3
1373.779
1374.258
1374.737
1375.216
1375.695
1376.174
1376.653
1377.132
1377.611
1378.09
1378.569
1379.048
1379.527
1380.006
1380.485
1380.964
1381.443
1381.922
1382.4
1382.918
1383.436
1383.954
1384.472
1384.99
1385.508
1386.026
1386.544
1387.062
1387.58
1388.098
1388.616
1389.134
1389.652
1390.17
1390.688
1391.206
1391.73
1392.01
1392.29
1392.57
1392.85
1393.13
1393.41
1393.69
1393.97
1394.25
1394.53
1394.81
1395.09
1395.37
1395.65
1395.93
1396.21
1396.49
1396.77
1397.059
1397.528
1397.997
1398.466
1398.935
1399.404
1399.873
1400.342
1400.811
1401.28
1401.749
1402.218
1402.687
1403.156
1403.625
1404.094
1404.563
1405.032
1405.5
1406.032
1406.564
1407.096
1407.628
1408.16
1408.692
1409.224
1409.756
1410.288
1410.82
1411.352
1411.884
1412.416
1412.948
1413.48
1414.012
1414.544
1415.076
1415.608
1416.14
1416.518
1416.896
1417.274
1417.652
1418.03
1418.408
1418.786
1419.164
1419.542
1419.92
1420.298
1420.676
1421.054
1421.432
1421.81
1422.188
1422.566
1422.944
1423.322
1423.7
1424.08
1424.358
1424.636
1424.914
1425.192
1425.47
1425.748
1426.026
1426.304
1426.582
1426.86
1427.138
1427.416
1427.694
1427.972
1428.25
1428.528
1428.806
1429.084
1429.362
1429.64
1429.918
1430.196
1430.47
1430.85
1431.23
1431.61
1431.99
1432.37
1432.75
1433.13
1433.51
1433.89
1434.27
1434.65
1435.03
1435.41
1435.79
1436.17
1436.55
1436.93
1437.31
1437.69
1438.07
1438.45
1438.83
1439.21
1439.63
1440.05
1440.47
1440.89
1441.31
1441.73
1442.15
1442.57
1442.99
1443.41
1443.83
1444.25
1444.67
1445.09
1445.51
1445.93
1446.35
1446.77
1447.19
1447.61
1448.03
1448.45
1448.87
1449.29
1449.72
1450.321
1450.921
1451.522
1452.122
1452.723
1453.323
1453.924
1454.524
1455.124
1455.725
1456.325
1456.926
1457.526
1458.127
1458.727
1459.328
1459.928
1460.529
1461.13
1461.73
1462.021
1462.312
1462.603
1462.894
1463.185
1463.476
1463.767
1464.058
1464.349
1464.64
1464.931
1465.222
1465.513
1465.804
1466.095
1466.386
1466.677
1466.968
1467.259
1467.559
1467.996
1468.434
1468.871
1469.309
1469.746
1470.184
1470.621
1471.059
1471.496
1471.934
1472.371
1472.809
1473.114
1473.419
1473.724
1474.029
1474.334
1474.639
1474.944
1475.249
1475.554
1475.859
1476.164
1476.469
1476.774
1477.079
1477.384
1477.689
1477.99
1478.3
1478.61
1478.92
1479.23
1479.54
1479.85
1480.16
1480.47
1480.78
1481.09
1481.4
1481.71
1482.02
1482.33
1482.64
1482.95
1483.26
1483.57
1483.88
1484.19
1484.395
1484.6
1484.805
1485.01
1485.215
1485.42
1485.625
1485.83
1486.035
1486.24
1486.445
1486.65
1486.855
1487.06
1487.26
1487.595
1487.93
1488.265
1488.6
1488.935
1489.27
1489.605
1489.94
1490.275
1490.61
1490.945
1491.28
1491.615
1491.95
1492.285
1492.62
1492.955
1493.29
1493.795
1494.301
1494.806
1495.312
1495.817
1496.322
1496.827
1497.332
1497.838
1498.343
1498.849
1499.354
1499.86
1500.365
1500.87
1501.375
1501.88
1502.386
1502.891
1503.4
1503.729
1504.058
1504.387
1504.716
1505.045
1505.374
1505.703
1506.032
1506.361
1506.69
1507.019
1507.348
1507.677
1508.006
1508.335
1508.664
1508.99
1509.302
1509.614
1509.926
1510.238
1510.55
1510.862
1511.174
1511.486
1511.798
1512.11
1512.422
1512.734
1513.046
1513.358
1513.67
1513.982
1514.3
1515.109
1515.918
1516.727
1517.536
1518.345
1519.154
1519.963
1520.772
1521.581
1522.39
1523.199
1524.008
1524.817
1525.626
1526.44
1526.686
1526.932
1527.178
1527.424
1527.67
1527.916
1528.162
1528.408
1528.654
1528.9
1529.146
1529.392
1529.638
1529.884
1530.13
1530.376
1530.622
1530.868
1531.114
1531.36
1531.606
1531.852
1532.1
1532.39
1532.68
1532.97
1533.26
1533.55
1533.84
1534.13
1534.42
1534.71
1535.0
1535.29
1535.58
1535.87
1536.16
1536.45
1536.741
1537.338
1537.935
1538.532
1539.129
1539.726
1540.323
1540.92
1541.517
1542.114
1542.711
1543.308
1543.905
1544.502
1545.099
1545.696
1546.293
1546.89
1547.49
1547.983
1548.476
1548.969
1549.462
1549.955
1550.448
1550.941
1551.434
1551.927
1552.42
1552.913
1553.406
1553.899
1554.39
1554.684
1554.978
1555.272
1555.566
1555.86
1556.154
1556.448
1556.742
1557.036
1557.33
1557.624
1557.918
1558.212
1558.506
1558.8
1559.094
1559.39
1559.858
1560.326
1560.794
1561.262
1561.73
1562.198
1562.666
1563.134
1563.602
1564.07
1564.538
1565.006
1565.474
1565.942
1566.41
1566.878
1567.34
1567.757
1568.174
1568.591
1569.008
1569.425
1569.842
1570.259
1570.676
1571.093
1571.51
1571.927
1572.344
1572.76
1573.096
1573.432
1573.768
1574.104
1574.44
1574.776
1575.112
1575.448
1575.784
1576.12
1576.456
1576.792
1577.128
1577.464
1577.8
1578.136
1578.472
1578.808
1579.14
1579.605
1580.07
1580.535
1581.0
1581.465
1581.93
1582.395
1582.86
1583.325
1583.79
1584.255
1584.72
1585.185
1585.65
1586.12
1586.677
1587.234
1587.791
1588.348
1588.905
1589.462
1590.019
1590.576
1591.133
1591.69
1592.247
1592.804
1593.361
1593.918
1594.475
1595.032
1595.581
1595.861
1596.141
1596.421
1596.701
1596.981
1597.261
1597.541
1597.821
1598.101
1598.381
1598.661
1598.94
1599.181
1599.422
1599.663
1599.904
1600.145
1600.386
1600.627
1600.868
1601.109
1601.35
1601.591
1601.832
1602.073
1602.314
1602.555
1602.796
1603.037
1603.27
1603.509
1603.748
1603.987
1604.226
1604.465
1604.704
1604.943
1605.182
1605.421
1605.66
1605.899
1606.138
1606.377
1606.616
1606.855
1607.094
1607.33
1608.009
1608.688
1609.367
1610.046
1610.725
1611.404
1612.083
1612.762
1613.441
1614.12
1614.799
1615.478
1616.157
1616.836
1617.515
1618.194
1618.873
1619.552
1620.24
1620.613
1620.986
1621.359
1621.732
1622.105
1622.478
1622.851
1623.224
1623.597
1623.97
1624.343
1624.716
1625.089
1625.462
1625.835
1626.208
1626.581
1626.954
1627.327
1627.7
1628.073
1628.446
1628.82
1629.278
1629.736
1630.194
1630.652
1631.11
1631.568
1632.026
1632.484
1632.942
1633.4
1633.858
1634.316
1634.774
1635.232
1635.69
1636.148
1636.606
1637.059
1637.512
1637.965
1638.418
1638.871
1639.324
1639.777
1640.23
1640.683
1641.136
1641.589
1642.042
1642.495
1642.948
1643.401
1643.854
1644.307
1644.76
1645.213
1645.66
1646.304
1646.948
1647.592
1648.236
1648.88
1649.524
1650.17
1650.593
1651.016
1651.439
1651.862
1652.285
1652.708
1653.131
1653.554
1653.977
1654.4
1654.823
1655.246
1655.669
1656.092
1656.51
1656.852
1657.194
1657.536
1657.878
1658.22
1658.562
1658.904
1659.246
1659.588
1659.93
1660.272
1660.614
1660.956
1661.3
1661.616
1661.932
1662.248
1662.564
1662.88
1663.196
1663.512
1663.828
1664.144
1664.46
1664.776
1665.092
1665.408
1665.724
1666.04
1666.356
1666.679
1667.214
1667.749
1668.284
1668.819
1669.354
1669.889
1670.424
1670.959
1671.494
1672.029
1672.564
1673.099
1673.634
1674.169
1674.704
1675.24
1675.652
1676.064
1676.476
1676.888
1677.3
1677.712
1678.124
1678.536
1678.948
1679.36
1679.772
1680.184
1680.596
1681.008
1681.42
1681.832
1682.25
1682.654
1683.058
1683.462
1683.866
1684.27
1684.674
1685.078
1685.482
1685.886
1686.29
1686.694
1687.098
1687.502
1687.906
1688.31
1688.71
1689.159
1689.608
1690.057
1690.506
1690.955
1691.404
1691.853
1692.302
1692.751
1693.2
1693.649
1694.098
1694.547
1694.996
1695.445
1695.9
1696.588
1697.276
1697.964
1698.652
1699.34
1700.028
1700.716
1701.404
1702.092
1702.78
1703.468
1704.156
1704.844
1705.532
1706.22
1706.908
1707.6
1707.901
1708.202
1708.503
1708.804
1709.105
1709.406
1709.707
1710.008
1710.309
1710.61
1710.911
1711.212
1711.513
1711.814
1712.115
1712.416
1712.717
1713.01
1713.366
1713.722
1714.078
1714.434
1714.79
1715.146
1715.502
1715.858
1716.214
1716.57
1716.926
1717.282
1717.638
1717.994
1718.35
1718.7
1719.018
1719.336
1719.654
1719.972
1720.29
1720.608
1720.926
1721.244
1721.562
1721.88
1722.198
1722.516
1722.834
1723.152
1723.47
1723.788
1724.11
1724.585
1725.06
1725.535
1726.01
1726.485
1726.96
1727.435
1727.91
1728.385
1728.86
1729.335
1729.81
1730.285
1730.76
1731.235
1731.71
1732.185
1732.66
1733.14
1733.432
1733.724
1734.016
1734.308
1734.6
1734.984
1735.368
1735.752
1736.136
1736.52
1736.904
1737.288
1737.672
1738.056
1738.44
1738.824
1739.208
1739.592
1739.976
1740.36
1740.744
1741.128
1741.512
1741.89
1742.159
1742.428
1742.697
1742.966
1743.235
1743.504
1743.773
1744.042
1744.311
1744.58
1744.849
1745.118
1745.387
1745.656
1745.925
1746.194
1746.463
1746.73
1747.071
1747.412
1747.753
1748.094
1748.435
1748.776
1749.117
1749.458
1749.799
1750.14
1750.481
1750.822
1751.163
1751.504
1751.845
1752.186
1752.527
1752.87
1753.183
1753.496
1753.809
1754.122
1754.435
1754.748
1755.061
1755.374
1755.687
1756.0
1756.313
1756.626
1756.939
1757.252
1757.565
1757.878
1758.191
1758.5
1758.844
1759.188
1759.532
1759.876
1760.22
1760.564
1760.908
1761.25
1761.688
1762.126
1762.564
1763.002
1763.44
1763.878
1764.316
1764.754
1765.192
1765.63
1766.068
1766.506
1766.944
1767.382
1767.82
1768.258
1768.696
1769.134
1769.572
1770.01
1770.388
1770.765
1771.143
1771.521
1771.899
1772.276
1772.654
1773.032
1773.409
1773.787
1774.165
1774.543
1774.92
1775.298
1775.676
1776.05
1776.544
1777.038
1777.532
1778.026
1778.52
1779.014
1779.508
1780.002
1780.496
1780.99
1781.484
1781.978
1782.472
1782.966
1783.46
1783.954
1784.448
1784.942
1785.44
1785.887
1786.334
1786.781
1787.228
1787.675
1788.122
1788.569
1789.016
1789.463
1789.91
1790.357
1790.804
1791.251
1791.698
1792.145
1792.592
1793.039
1793.486
1793.929
1794.19
1794.451
1794.712
1794.973
1795.234
1795.495
1795.756
1796.017
1796.278
1796.539
1796.8
1797.061
1797.322
1797.583
1797.844
1798.105
1798.366
1798.627
1798.89
1799.121
1799.352
1799.583
1799.814
1800.045
1800.276
1800.507
1800.738
1800.969
1801.2
1801.431
1801.662
1801.893
1802.124
1802.355
1802.586
1802.82
1803.609
1804.398
1805.187
1805.976
1806.765
1807.554
1808.343
1809.132
1809.921
1810.71
1811.499
1812.288
1813.077
1813.866
1814.65
1815.079
1815.508
1815.937
1816.366
1816.795
1817.224
1817.653
1818.082
1818.511
1818.94
1819.369
1819.798
1820.227
1820.656
1821.085
1821.514
1821.95
1822.501
1823.052
1823.603
1824.154
1824.705
1825.256
1825.807
1826.358
1826.909
1827.46
1828.011
1828.562
1829.113
1829.664
1830.215
1830.766
1831.309
1831.719
1832.129
1832.539
1832.949
1833.359
1833.769
1834.179
1834.589
1834.999
1835.409
1835.819
1836.229
1836.639
1837.049
1837.459
1837.869
1838.279
1838.689
1839.099
1839.51
1839.912
1840.314
1840.716
1841.118
1841.52
1841.922
1842.324
1842.726
1843.128
1843.53
1843.932
1844.334
1844.736
1845.138
1845.54
1845.942
1846.35
1846.762
1847.174
1847.586
1847.998
1848.41
1848.822
1849.234
1849.646
1850.058
1850.47
1850.882
1851.294
1851.706
1852.118
1852.53
1852.942
1853.354
1853.76
1853.979
1854.198
1854.417
1854.636
1854.855
1855.074
1855.293
1855.512
1855.731
1855.95
1856.169
1856.388
1856.607
1856.826
1857.045
1857.264
1857.483
1857.71
1858.224
1858.738
1859.252
1859.766
1860.28
1860.794
1861.308
1861.822
1862.336
1862.85
1863.364
1863.878
1864.392
1864.906
1865.42
1865.934
1866.44
1866.808
1867.176
1867.544
1867.912
1868.28
1868.648
1869.016
1869.384
1869.752
1870.12
1870.488
1870.856
1871.224
1871.592
1871.96
1872.328
1872.69
1873.135
1873.58
1874.025
1874.47
1874.915
1875.36
1875.805
1876.25
1876.695
1877.14
1877.58
1877.988
1878.396
1878.804
1879.212
1879.62
1880.028
1880.436
1880.844
1881.252
1881.66
1882.068
1882.476
1882.884
1883.292
1883.7
1884.11
1884.532
1884.954
1885.376
1885.798
1886.22
1886.642
1887.064
1887.486
1887.908
1888.33
1888.752
1889.174
1889.596
1890.018
1890.44
1890.862
1891.29
1891.724
1892.158
1892.592
1893.026
1893.46
1893.894
1894.328
1894.762
1895.196
1895.63
1896.064
1896.498
1896.932
1897.366
1897.8
1898.234
1898.66
1899.249
1899.838
1900.427
1901.016
1901.605
1902.194
1902.783
1903.372
1903.961
1904.55
1905.139
1905.728
1906.317
1906.906
1907.495
1908.09
1908.283
1908.476
1908.669
1908.862
1909.055
1909.248
1909.441
1909.634
1909.827
1910.02
1910.213
1910.406
1910.599
1910.792
1910.985
1911.178
1911.371
1911.564
1911.757
1911.95
1912.416
1912.882
1913.348
1913.814
1914.28
1914.746
1915.212
1915.678
1916.144
1916.61
1917.076
1917.542
1918.008
1918.474
1918.94
1919.406
1919.872
1920.34
1922.36
1922.679
1922.998
1923.317
1923.636
1923.955
1924.274
1924.593
1924.912
1925.231
1925.55
1925.869
1926.188
1926.507
1926.826
1927.145
1927.464
1927.783
1928.1
1928.364
1928.628
1928.892
1929.156
1929.42
1929.684
1929.948
1930.212
1930.476
1930.74
1931.004
1931.268
1931.532
1931.796
1932.06
1932.324
1932.59
1932.776
1932.962
1933.148
1933.334
1933.52
1933.706
1933.892
1934.078
1934.264
1934.45
1934.636
1934.822
1935.008
1935.194
1935.38
1935.566
1935.752
1935.938
1936.124
1936.31
1937.307
1938.304
1939.301
1940.298
1941.295
1942.292
1943.289
1944.286
1945.283
1946.28
1947.277
1948.274
1949.271
1950.268
1951.265
1952.26
1952.598
1952.936
1953.274
1953.612
1953.95
1954.288
1954.626
1954.964
1955.302
1955.64
1955.978
1956.316
1956.654
1956.992
1957.33
1957.668
1958.01
1958.964
1959.918
1960.872
1961.826
1962.78
1963.734
1964.69
1965.035
1965.38
1965.725
1966.07
1966.415
1966.76
1967.105
1967.45
1967.795
1968.14
1968.485
1968.83
1969.175
1969.52
1969.865
1970.21
1970.559
1970.916
1971.273
1971.63
1971.987
1972.344
1972.701
1973.058
1973.415
1973.772
1974.129
1974.486
1974.843
1975.2
1975.557
1975.914
1976.271
1976.63
1977.101
1977.572
1978.043
1978.514
1978.985
1979.456
1979.927
1980.398
1980.869
1981.34
1981.811
1982.282
1982.753
1983.224
1983.695
1984.166
1984.637
1985.11
1985.606
1986.102
1986.598
1987.094
1987.59
1988.086
1988.582
1989.078
1989.574
1990.07
1990.566
1991.062
1991.558
1992.054
1992.55
1993.049
1993.374
1993.699
1994.024
1994.349
1994.674
1994.999
1995.324
1995.649
1995.974
1996.299
1996.624
1996.949
1997.274
1997.599
1997.924
1998.249
1998.58
1999.002
1999.424
1999.846
2000.268
2000.69
2001.112
2001.534
2001.956
2002.378
2002.8
2003.222
2003.644
2004.066
2004.488
2004.91
2005.332
2005.76
2006.126
2006.492
2006.858
2007.224
2007.59
2007.956
2008.322
2008.688
2009.054
2009.42
2009.786
2010.152
2010.518
2010.884
2011.25
2011.616
2011.982
2012.34
2012.715
2013.09
2013.465
2013.84
2014.215
2014.59
2014.965
2015.34
2015.715
2016.09
2016.465
2016.84
2017.215
2017.59
2017.965
2018.34
2018.72
2019.451
2020.182
2020.913
2021.644
2022.375
2023.106
2023.837
2024.568
2025.299
2026.03
2026.761
2027.492
2028.223
2028.95
2029.403
2029.856
2030.309
2030.762
2031.215
2031.668
2032.121
2032.574
2033.027
2033.48
2033.933
2034.386
2034.839
2035.292
2035.745
2036.198
2036.651
2037.104
2037.557
2038.01
2038.46
2038.839
2039.218
2039.597
2039.976
2040.355
2040.734
2041.113
2041.492
2041.871
2042.25
2042.629
2043.008
2043.387
2043.766
2044.145
2044.524
2044.903
2045.282
2045.669
2046.064
2046.459
2046.854
2047.249
2047.644
2048.039
2048.434
2048.829
2049.224
2049.619
2050.014
2050.409
2050.803
2051.197
2051.591
2051.985
2052.38
2052.77
2053.324
2053.878
2054.432
2054.986
2055.54
2056.094
2056.648
2057.202
2057.756
2058.31
2058.864
2059.418
2059.972
2060.526
2061.08
2061.634
2062.188
2062.75
2063.309
2063.868
2064.427
2064.986
2065.545
2066.104
2066.663
2067.222
2067.781
2068.34
2068.899
2069.458
2070.017
2070.576
2071.135
2071.694
2072.253
2072.809
2073.179
2073.549
2073.919
2074.289
2074.659
2075.029
2075.399
2075.769
2076.139
2076.509
2076.879
2077.249
2077.619
2077.989
2078.359
2078.729
2079.099
2079.477
2079.854
2080.231
2080.609
2080.986
2081.363
2081.74
2082.119
2082.318
2082.517
2082.716
2082.915
2083.114
2083.313
2083.512
2083.711
2083.91
2084.109
2084.308
2084.507
2084.706
2084.905
2085.104
2085.303
2085.502
2085.7
2085.898
2086.096
2086.294
2086.492
2086.69
2086.888
2087.086
2087.284
2087.482
2087.68
2087.878
2088.076
2088.274
2088.472
2088.67
2088.868
2089.066
2089.27
2089.569
2089.868
2090.167
2090.466
2090.765
2091.064
2091.363
2091.662
2091.961
2092.26
2092.559
2092.858
2093.157
2093.456
2093.755
2094.06
2094.41
2094.76
2095.11
2095.46
2095.81
2096.16
2096.51
2096.86
2097.21
2097.56
2097.91
2098.26
2098.61
2098.96
2099.31
2099.66
2100.01
2100.36
2100.74
2101.12
2101.5
2101.88
2102.26
2102.64
2103.02
2103.4
2103.78
2104.16
2104.54
2104.92
2105.3
2105.68
2106.06
2106.44
2106.702
2106.964
2107.226
2107.488
2107.75
2108.012
2108.274
2108.536
2108.798
2109.06
2109.322
2109.584
2109.846
2110.108
2110.369
2110.676
2110.983
2111.29
2111.597
2111.904
2112.211
2112.518
2112.825
2113.132
2113.439
2113.746
2114.053
2114.36
2114.667
2114.98
2115.653
2116.326
2116.999
2117.274
2117.549
2117.824
2118.099
2118.374
2118.649
2118.924
2119.199
2119.474
2119.749
2120.024
2120.299
2120.574
2120.849
2121.124
2121.399
2121.67
2122.019
2122.368
2122.717
2123.066
2123.415
2123.764
2124.113
2124.462
2124.811
2125.16
2125.509
2125.858
2126.207
2126.556
2126.905
2127.254
2127.599
2127.914
2128.229
2128.544
2128.859
2129.174
2129.489
2129.804
2130.119
2130.434
2130.749
2131.064
2131.379
2131.694
2132.009
2132.324
2132.639
2132.954
2133.269
2133.579
2133.825
2134.071
2134.317
2134.563
2134.809
2135.055
2135.301
2135.547
2135.793
2136.039
2136.285
2136.531
2136.777
2137.023
2137.269
2137.515
2137.761
2138.007
2138.253
2138.499
2138.74
2139.012
2139.284
2139.556
2139.828
2140.1
2140.372
2140.644
2140.916
2141.188
2141.46
2141.732
2142.004
2142.276
2142.548
2142.82
2143.089
2143.323
2143.557
2143.791
2144.025
2144.259
2144.493
2144.727
2144.961
2145.195
2145.429
2145.663
2145.897
2146.131
2146.365
2146.599
2146.839
2147.059
2147.279
2147.499
2147.719
2147.939
2148.159
2148.379
2148.599
2148.819
2149.039
2149.259
2149.479
2149.699
2149.919
2150.14
2150.361
2150.582
2150.803
2151.024
2151.245
2151.466
2151.687
2151.908
2152.129
2152.35
2152.571
2152.792
2153.013
2153.234
2153.455
2153.676
2153.9
2154.357
2154.814
2155.271
2155.728
2156.185
2156.642
2157.099
2157.556
2158.013
2158.47
2158.927
2159.384
2159.841
2160.298
2160.755
2161.212
2161.67
2162.094
2162.518
2162.942
2163.366
2163.79
2164.214
2164.638
2165.062
2165.486
2165.91
2166.334
2166.758
2167.182
2167.606
2168.03
2168.454
2168.88
2169.141
2169.402
2169.663
2169.924
2170.185
2170.446
2170.707
2170.968
2171.229
2171.49
2171.751
2172.012
2172.273
2172.534
2172.795
2173.056
2173.317
2173.578
2173.839
2174.109
2174.673
2175.237
2175.801
2176.365
2176.929
2177.493
2178.057
2178.621
2179.185
2179.75
2180.214
2180.678
2181.142
2181.606
2182.07
2182.534
2182.998
2183.462
2183.926
2184.39
2184.854
2185.318
2185.782
2186.246
2186.71
2187.174
2187.638
2188.102
2188.566
2189.03
2189.494
2189.96
2190.402
2190.844
2191.286
2191.728
2192.17
2192.612
2193.054
2193.496
2193.938
2194.38
2194.822
2195.264
2195.706
2196.148
2196.59
2197.032
2197.474
2197.91
2198.4
2198.89
2199.38
2199.87
2200.36
2200.851
2201.341
2201.831
2202.322
2202.812
2203.302
2203.793
2204.284
2204.774
2205.264
2205.755
2206.245
2206.735
2207.226
2207.72
2208.113
2208.506
2208.899
2209.292
2209.685
2210.078
2210.471
2210.864
2211.257
2211.65
2212.043
2212.436
2212.829
2213.222
2213.615
2214.008
2214.401
2214.789
2215.332
2215.875
2216.418
2216.961
2217.504
2218.047
2218.59
2219.133
2219.676
2220.219
2220.762
2221.305
2221.848
2222.391
2222.934
2223.477
2224.019
2225.012
2226.005
2226.998
2227.991
2228.984
2229.977
2230.97
2231.963
2232.96
2233.46
2233.96
2234.46
2234.96
2235.46
2235.96
2236.46
2236.96
2237.46
2237.96
2238.46
2238.96
2239.46
2239.96
2240.46
2240.862
2241.264
2241.666
2242.068
2242.47
2242.872
2243.274
2243.676
2244.078
2244.48
2244.882
2245.284
2245.686
2246.088
2246.49
2246.892
2247.289
2247.763
2248.237
2248.711
2249.185
2249.659
2250.133
2250.607
2251.081
2251.555
2252.029
2252.503
2252.977
2253.451
2253.925
2254.399
2254.873
2255.347
2255.821
2256.289
2256.791
2257.293
2257.795
2258.297
2258.799
2259.301
2259.803
2260.305
2260.807
2261.309
2261.811
2262.313
2262.815
2263.317
2263.819
2264.321
2264.829
2265.202
2265.575
2265.948
2266.321
2266.694
2267.067
2267.44
2267.813
2268.186
2268.559
2268.932
2269.305
2269.678
2270.051
2270.424
2270.797
2271.17
2271.543
2271.916
2272.289
2272.594
2272.899
2273.204
2273.509
2273.814
2274.119
2274.424
2274.729
2275.034
2275.339
2275.644
2275.948
2276.253
2276.558
2276.863
2277.161
2277.441
2277.721
2278.001
2278.281
2278.561
2278.841
2279.121
2279.401
2279.681
2279.961
2280.241
2280.521
2280.801
2281.081
2281.361
2281.64
2281.997
2282.354
2282.711
2283.068
2283.425
2283.782
2284.139
2284.496
2284.853
2285.21
2285.567
2285.924
2286.281
2286.638
2286.999
2287.398
2287.797
2288.196
2288.595
2288.994
2289.393
2289.792
2290.191
2290.59
2290.989
2291.388
2291.787
2292.186
2292.585
2292.984
2293.383
2293.789
2294.177
2294.565
2294.953
2295.341
2295.729
2296.117
2296.505
2296.893
2297.281
2297.669
2298.057
2298.445
2298.833
2299.221
2299.609
2299.999
2300.349
2300.699
2301.049
2301.399
2301.749
2302.099
2302.449
2302.799
2303.149
2303.499
2303.849
2304.2
2304.472
2304.744
2305.016
2305.288
2305.56
2305.832
2306.104
2306.376
2306.648
2306.92
2307.192
2307.464
2307.736
2308.008
2308.28
2308.559
2308.938
2309.317
2309.696
2310.075
2310.454
2310.833
2311.212
2311.591
2311.97
2312.349
2312.728
2313.107
2313.486
2313.865
2314.244
2314.619
2314.864
2315.109
2315.354
2315.599
2315.844
2316.089
2316.334
2316.579
2316.824
2317.069
2317.314
2317.559
2317.804
2318.049
2318.294
2318.539
2318.784
2319.029
2319.295
2319.561
2319.827
2320.093
2320.359
2320.625
2320.891
2321.157
2321.423
2321.689
2321.955
2322.221
2322.487
2322.753
2323.019
2323.285
2323.551
2323.817
2324.083
2324.349
2324.923
2325.497
2326.071
2326.645
2327.219
2327.793
2328.367
2328.941
2329.515
2330.089
2330.663
2331.237
2331.811
2332.385
2332.959
2333.529
2334.628
2335.727
2336.826
2337.925
2339.024
2340.123
2341.222
2342.321
2343.42
2344.519
2345.618
2346.717
2347.816
2348.915
2350.019
2350.518
2351.017
2351.516
2352.015
2352.514
2353.013
2353.512
2354.011
2354.51
2355.009
2355.508
2356.007
2356.506
2357.005
2357.504
2358.003
2358.499
2359.043
2359.587
2360.131
2360.675
2361.219
2361.763
2362.307
2362.851
2363.395
2363.939
2364.483
2365.027
2365.571
2366.115
2366.659
2367.203
2367.747
2368.299
2368.699
2369.099
2369.499
2369.899
2370.299
2370.699
2371.099
2371.499
2371.899
2372.299
2372.699
2373.099
2373.499
2373.899
2374.299
2374.699
2375.099
2375.499
2375.89
2376.215
2376.54
2376.865
2377.19
2377.515
2377.84
2378.165
2378.49
2378.815
2379.14
2379.465
2379.79
2380.109
2380.514
2380.919
2381.324
2381.729
2382.134
2382.539
2382.944
2383.349
2383.754
2384.159
2384.564
2384.969
2385.374
2385.779
2386.184
2386.589
2386.994
2387.399
2387.799
2387.995
2388.191
2388.387
2388.583
2388.779
2388.975
2389.171
2389.367
2389.563
2389.759
2389.955
2390.151
2390.347
2390.543
2390.739
2390.94
2391.287
2391.634
2391.981
2392.329
2392.677
2393.024
2393.371
2393.718
2394.065
2394.412
2394.759
2395.106
2395.454
2395.802
2396.149
2396.496
2396.843
2397.19
2397.537
2397.89
2398.487
2399.084
2399.681
2400.278
2400.875
2401.472
2402.069
2402.666
2403.263
2403.86
2404.457
2405.054
2405.651
2406.248
2406.845
2407.442
2408.039
2408.63
2408.946
2409.262
2409.578
2409.894
2410.21
2410.526
2410.842
2411.158
2411.474
2411.79
2412.106
2412.422
2412.738
2413.054
2413.37
2413.686
2414.0
2414.444
2414.888
2415.332
2415.776
2416.22
2416.664
2417.108
2417.552
2417.996
2418.44
2418.884
2419.328
2419.772
2420.216
2420.66
2420.857
2421.054
2421.251
2421.448
2421.645
2421.842
2422.039
2422.236
2422.433
2422.63
2422.827
2423.024
2423.221
2423.418
2423.615
2423.812
2424.01
2424.249
2424.488
2424.727
2424.966
2425.205
2425.444
2425.683
2425.922
2426.161
2426.4
2426.639
2426.878
2427.117
2427.356
2427.595
2427.834
2428.073
2428.309
2428.839
2429.369
2429.899
2430.429
2430.959
2431.489
2432.019
2432.549
2433.079
2433.609
2434.139
2434.669
2435.199
2435.729
2436.259
2436.789
2437.319
2437.849
2438.077
2438.305
2438.533
2438.761
2438.989
2439.217
2439.445
2439.673
2439.901
2440.129
2440.357
2440.585
2440.813
2441.041
2441.269
2441.497
2441.73
2441.93
2442.13
2442.33
2442.53
2442.73
2442.93
2443.13
2443.33
2443.53
2443.73
2443.93
2444.13
2444.33
2444.53
2444.73
2444.93
2445.13
2445.33
2445.53
2445.73
2445.93
2446.351
2446.772
2447.193
2447.614
2448.035
2448.456
2448.877
2449.298
2449.719
2450.14
2450.561
2450.982
2451.403
2451.824
2452.245
2452.666
2453.089
2453.567
2454.045
2454.523
2455.001
2455.479
2455.957
2456.435
2456.913
2457.391
2457.869
2458.347
2458.825
2459.303
2459.781
2460.259
2460.737
2461.22
2461.819
2462.418
2463.017
2463.616
2464.215
2464.814
2465.413
2466.012
2466.611
2467.21
2467.809
2468.408
2469.007
2469.609
2470.259
2470.909
2471.559
2472.209
2472.859
2473.509
2474.159
2474.809
2475.459
2476.109
2476.759
2477.409
2478.059
2478.709
2479.359
2480.009
2480.66
2481.109
2481.558
2482.007
2482.456
2482.905
2483.354
2483.803
2484.252
2484.701
2485.15
2485.599
2486.048
2486.497
2486.946
2487.395
2487.844
2488.293
2488.749
2489.342
2489.935
2490.528
2491.121
2491.714
2492.307
2492.9
2493.493
2494.086
2494.679
2495.272
2495.865
2496.458
2497.051
2497.65
2498.555
2499.46
2500.365
2501.27
2502.175
2503.08
2503.985
2504.89
2505.254
2505.618
2505.982
2506.346
2506.71
2507.074
2507.438
2507.802
2508.166
2508.53
2508.894
2509.258
2509.622
2509.986
2510.349
2511.044
2511.739
2512.434
2513.129
2513.824
2514.519
2515.214
2515.909
2516.604
2517.299
2517.994
2518.689
2519.384
2520.079
2520.774
2521.469
2521.902
2522.335
2522.768
2523.201
2523.634
2524.067
2524.5
2524.933
2525.366
2525.799
2526.232
2526.665
2527.098
2527.531
2527.964
2528.397
2528.83
2529.263
2529.696
2530.13
2530.875
2531.62
2532.365
2533.11
2533.855
2534.6
2535.345
2536.09
2536.835
2537.58
2538.325
2539.07
2539.819
2540.302
2540.785
2541.268
2541.751
2542.234
2542.717
2543.2
2543.683
2544.166
2544.649
2545.132
2545.615
2546.098
2546.581
2547.064
2547.547
2548.03
2548.513
2548.996
2549.479
2549.962
2550.445
2550.931
2551.447
2551.963
2552.479
2552.995
2553.511
2554.027
2554.543
2555.059
2555.575
2556.091
2556.607
2557.123
2557.639
2558.16
2558.436
2558.712
2558.988
2559.264
2559.54
2559.816
2560.092
2560.368
2560.644
2560.92
2561.196
2561.472
2561.748
2562.024
2562.3
2562.576
2562.852
2563.128
2563.404
2563.681
2564.079
2564.477
2564.875
2565.273
2565.671
2566.069
2566.467
2566.865
2567.263
2567.661
2568.059
2568.457
2568.855
2569.253
2569.651
2570.049
2570.447
2570.845
2571.243
2571.641
2572.039
2572.44
2572.691
2572.942
2573.193
2573.444
2573.695
2573.946
2574.197
2574.448
2574.699
2574.95
2575.201
2575.452
2575.703
2575.954
2576.205
2576.456
2576.701
2577.43
2578.159
2578.888
2579.617
2580.346
2581.075
2581.804
2582.533
2583.262
2583.991
2584.72
2585.449
2586.178
2586.907
2587.636
2588.365
2589.094
2589.819
2590.09
2590.361
2590.632
2590.903
2591.174
2591.445
2591.716
2591.987
2592.258
2592.529
2592.8
2593.071
2593.342
2593.613
2593.884
2594.155
2594.426
2594.697
2594.96
2595.287
2595.614
2595.941
2596.268
2596.595
2596.922
2597.249
2597.576
2597.903
2598.23
2598.557
2598.884
2599.211
2599.538
2599.865
2600.19
2600.758
2601.326
2601.894
2602.462
2603.03
2603.598
2604.166
2604.734
2605.302
2605.87
2606.438
2607.006
2607.574
2608.142
2608.71
2609.565
2610.42
2611.275
2612.13
2612.985
2613.84
2614.695
2615.55
2616.405
2617.26
2618.115
2618.97
2619.825
2620.68
2621.535
2622.39
2623.245
2624.1
2624.96
2625.23
2625.5
2625.77
2626.04
2626.31
2626.58
2626.85
2627.12
2627.39
2627.66
2627.93
2628.2
2628.47
2628.74
2629.01
2629.28
2629.55
2629.82
2630.089
2630.563
2631.037
2631.511
2631.985
2632.459
2632.933
2633.407
2633.881
2634.355
2634.829
2635.303
2635.777
2636.251
2636.725
2637.199
2637.673
2638.147
2638.621
2639.095
2639.569
2640.046
2640.523
2641.0
2641.477
2641.954
2642.431
2642.908
2643.385
2643.862
2644.339
2644.853
2645.367
2645.881
2646.395
2646.909
2647.423
2647.937
2648.451
2648.965
2649.479
2649.993
2650.507
2651.021
2651.535
2652.049
2652.563
2653.069
2653.629
2654.189
2654.749
2655.309
2655.869
2656.429
2656.989
2657.549
2658.109
2658.669
2659.229
2659.789
2660.349
2660.909
2661.469
2662.029
2662.589
2663.149
2663.71
2664.146
2664.582
2665.017
2665.452
2665.888
2666.323
2666.758
2667.193
2667.629
2668.064
2668.499
2668.934
2669.37
2669.805
2670.24
2670.675
2671.111
2671.549
2672.475
2673.401
2674.327
2675.253
2676.179
2677.105
2678.031
2678.957
2679.883
2680.809
2681.735
2682.66
2683.151
2683.642
2684.133
2684.624
2685.115
2685.606
2686.097
2686.588
2687.079
2687.57
2688.061
2688.552
2689.043
2689.534
2690.025
2690.509
2690.877
2691.245
2691.613
2691.981
2692.349
2692.717
2693.085
2693.453
2693.821
2694.189
2694.557
2694.925
2695.29
2695.672
2696.054
2696.436
2696.818
2697.2
2697.582
2697.964
2698.346
2698.728
2699.11
2699.492
2699.874
2700.256
2700.638
2701.019
2701.278
2701.537
2701.796
2702.055
2702.314
2702.573
2702.832
2703.091
2703.35
2703.609
2703.868
2704.127
2704.386
2704.645
2704.904
2705.16
2705.492
2705.824
2706.156
2706.488
2706.82
2707.152
2707.484
2707.816
2708.148
2708.48
2708.812
2709.144
2709.476
2709.808
2710.14
2710.469
2711.03
2711.591
2712.152
2712.713
2713.274
2713.835
2714.396
2714.957
2715.518
2716.079
2716.64
2717.201
2717.762
2718.323
2718.884
2719.45
2719.818
2720.186
2720.554
2720.922
2721.29
2721.658
2722.026
2722.394
2722.762
2723.13
2723.498
2723.866
2724.234
2724.602
2724.97
2725.338
2725.706
2726.079
2726.433
2726.787
2727.141
2727.495
2727.849
2728.203
2728.557
2728.911
2729.265
2729.619
2729.973
2730.327
2730.681
2731.035
2731.389
2731.743
2732.099
2732.648
2733.197
2733.746
2734.295
2734.844
2735.393
2735.942
2736.491
2737.04
2737.302
2737.564
2737.826
2738.088
2738.35
2738.612
2738.874
2739.136
2739.398
2739.66
2739.922
2740.184
2740.44
2741.084
2741.728
2742.372
2743.016
2743.66
2744.304
2744.948
2745.592
2746.236
2746.88
2747.524
2748.168
2748.812
2749.456
2750.1
2750.744
2751.388
2752.03
2752.451
2752.872
2753.293
2753.714
2754.135
2754.556
2754.977
2755.398
2755.819
2756.24
2756.661
2757.082
2757.503
2757.924
2758.345
2758.766
2759.19
2759.602
2760.014
2760.426
2760.838
2761.25
2761.662
2762.074
2762.486
2762.898
2763.31
2763.722
2764.134
2764.546
2764.958
2765.369
2765.614
2765.859
2766.104
2766.349
2766.594
2766.839
2767.084
2767.329
2767.574
2767.819
2768.064
2768.309
2768.554
2768.799
2769.044
2769.289
2769.534
2769.779
2770.366
2770.953
2771.54
2772.127
2772.714
2773.301
2773.888
2774.475
2775.062
2775.649
2776.236
2776.823
2777.41
2777.997
2778.584
2779.171
2779.758
2780.339
2780.847
2781.356
2781.865
2782.373
2782.881
2783.39
2783.929
2784.468
2785.007
2785.546
2786.085
2786.624
2787.163
2787.702
2788.241
2788.78
2789.319
2789.858
2790.397
2790.936
2791.475
2792.014
2792.553
2793.092
2793.64
2793.849
2794.058
2794.267
2794.476
2794.685
2794.894
2795.103
2795.312
2795.521
2795.73
2795.939
2796.148
2796.357
2796.566
2796.775
2796.984
2797.19
2797.557
2797.924
2798.291
2798.658
2799.025
2799.392
2799.759
2800.126
2800.493
2800.86
2801.227
2801.594
2801.961
2802.328
2802.695
2803.062
2803.429
2803.796
2804.163
2804.539
2804.95
2805.361
2805.772
2806.183
2806.594
2807.005
2807.416
2807.827
2808.238
2808.649
2809.06
2809.471
2809.882
2810.293
2810.704
2811.115
2811.526
2811.937
2812.339
2812.688
2813.037
2813.385
2813.734
2814.082
2814.43
2814.778
2815.126
2815.475
2815.823
2816.171
2816.519
2816.867
2817.216
2817.564
2817.912
2818.26
2818.609
2818.957
2819.309
2820.129
2820.949
2821.769
2822.589
2823.409
2824.229
2825.049
2825.869
2826.689
2827.509
2828.329
2829.149
2829.969
2830.789
2831.609
2832.169
2832.729
2833.289
2833.849
2834.409
2834.969
2835.529
2836.089
2836.649
2837.209
2837.769
2838.329
2838.889
2839.449
2840.009
2840.569
2841.13
2841.462
2841.794
2842.126
2842.458
2842.79
2843.122
2843.454
2843.786
2844.118
2844.45
2844.782
2845.114
2845.446
2845.778
2846.11
2846.442
2846.774
2847.106
2847.438
2847.769
2848.217
2848.665
2849.113
2849.561
2850.009
2850.457
2850.905
2851.353
2851.801
2852.249
2852.697
2853.145
2853.593
2854.041
2854.489
2854.937
2855.385
2855.833
2856.279
2856.796
2857.313
2857.83
2858.347
2858.864
2859.381
2859.898
2860.415
2860.932
2861.449
2861.966
2862.483
2863.0
2863.519
2863.825
2864.131
2864.437
2864.743
2865.049
2865.355
2865.661
2865.967
2866.273
2866.579
2866.885
2867.191
2867.497
2867.803
2868.109
2868.415
2868.721
2869.029
2869.331
2869.633
2869.935
2870.237
2870.539
2870.841
2871.143
2871.445
2871.747
2872.049
2872.351
2872.653
2872.955
2873.257
2873.559
2873.861
2874.163
2874.465
2874.771
2876.524
2878.277
2880.03
2881.783
2883.536
2885.289
2885.682
2886.075
2886.468
2886.861
2887.254
2887.647
2888.04
2888.433
2888.826
2889.219
2889.612
2890.005
2890.398
2890.791
2891.184
2891.57
2891.876
2892.182
2892.488
2892.794
2893.1
2893.406
2893.712
2894.018
2894.324
2894.63
2894.936
2895.242
2895.548
2895.854
2896.16
2896.466
2896.779
2897.105
2897.431
2897.757
2898.083
2898.409
2898.735
2899.061
2899.387
2899.713
2900.039
2900.365
2900.691
2901.017
2901.343
2901.669
2901.995
2902.321
2902.64
2902.986
2903.332
2903.678
2904.024
2904.37
2904.716
2905.062
2905.408
2905.754
2906.1
2906.446
2906.792
2907.138
2907.484
2907.83
2908.176
2908.522
2908.868
2909.214
2909.559
2910.076
2910.593
2911.11
2911.627
2912.144
2912.661
2913.178
2913.695
2914.212
2914.729
2915.246
2915.763
2916.28
2916.797
2917.309
2917.691
2918.073
2918.455
2918.837
2919.219
2919.601
2919.983
2920.365
2920.747
2921.129
2921.511
2921.893
2922.275
2922.657
2923.039
2923.421
2923.803
2924.18
2924.561
2924.942
2925.323
2925.704
2926.085
2926.466
2926.847
2927.228
2927.609
2927.99
2928.371
2928.752
2929.133
2929.514
2929.895
2930.276
2930.657
2931.039
2931.415
2931.791
2932.167
2932.543
2932.919
2933.295
2933.671
2934.047
2934.42
2934.742
2935.064
2935.386
2935.708
2936.03
2936.352
2936.674
2936.996
2937.318
2937.64
2937.962
2938.284
2938.606
2938.928
2939.25
2939.572
2939.894
2940.216
2940.529
2940.914
2941.299
2941.684
2942.069
2942.454
2942.839
2943.224
2943.609
2943.994
2944.379
2944.764
2945.149
2945.534
2945.919
2946.309
2946.619
2946.929
2947.239
2947.549
2947.859
2948.169
2948.479
2948.789
2949.099
2949.409
2949.719
2950.029
2950.339
2950.649
2950.959
2951.269
2951.579
2951.889
2952.199
2952.509
2952.509
2952.509
2952.509
2952.509
2952.509
2952.509
2952.509
