16.69
22.103
27.516
32.929
38.342
43.755
49.168
54.581
59.994
65.407
70.82
76.23
76.592
76.954
77.316
77.678
78.04
78.402
78.764
79.126
79.488
79.85
80.212
80.574
80.936
81.298
81.66
82.022
82.384
82.746
83.11
83.698
84.285
84.873
85.461
86.049
86.637
87.225
87.81
88.14
88.47
88.8
89.13
89.46
89.79
90.12
90.45
90.78
91.11
91.44
91.77
92.1
92.43
92.76
93.158
93.556
93.954
94.352
94.75
95.148
95.546
95.944
96.342
96.74
97.138
97.536
97.934
98.332
98.73
99.128
99.53
100.205
100.88
101.138
101.396
101.654
101.912
102.17
102.428
102.686
102.944
103.202
103.46
103.718
103.976
104.234
104.492
104.75
105.008
105.266
105.524
105.78
106.098
106.416
106.734
107.052
107.37
107.688
108.006
108.324
108.642
108.96
109.278
109.596
109.914
110.232
110.55
110.87
111.249
111.628
112.007
112.386
112.765
113.144
113.523
113.902
114.281
114.66
115.039
115.418
115.797
116.176
116.555
116.934
117.32
117.584
117.848
118.112
118.376
118.64
118.904
119.168
119.432
119.696
119.96
120.224
120.488
120.752
121.01
121.349
121.688
122.027
122.366
122.705
123.044
123.383
123.722
124.061
124.4
124.739
125.078
125.417
125.756
126.095
126.434
126.773
127.12
127.798
128.476
129.154
129.832
130.509
130.843
131.177
131.511
131.845
132.179
132.513
132.847
133.181
133.515
133.849
134.183
134.517
134.851
135.185
135.519
135.853
136.187
136.521
136.86
137.399
137.938
138.477
139.016
139.555
140.094
140.63
140.935
141.24
141.545
141.85
142.155
142.46
142.765
143.07
143.375
143.68
143.985
144.29
144.595
144.9
145.205
145.51
145.815
146.12
146.43
146.88
147.33
147.78
148.301
148.822
149.343
149.864
150.385
150.906
151.427
151.948
152.469
152.99
153.511
154.032
154.553
155.074
155.59
155.858
156.126
156.394
156.662
156.93
157.198
157.466
157.734
158.002
158.27
158.538
158.806
159.075
159.343
159.611
159.879
160.147
160.415
160.683
160.96
161.655
162.35
163.045
163.74
163.915
164.09
164.265
164.44
164.615
164.79
164.965
165.14
165.315
165.49
165.665
165.84
166.015
166.19
166.365
166.54
166.715
166.89
167.065
167.24
167.591
167.942
168.293
168.644
168.995
169.346
169.697
170.048
170.399
170.75
171.101
171.452
171.803
172.154
172.505
172.85
173.185
173.52
173.855
174.19
174.525
174.86
175.195
175.53
175.865
176.2
176.535
176.87
177.205
177.54
177.875
178.21
178.545
178.88
179.331
179.782
180.233
180.684
181.135
181.586
182.037
182.488
182.939
183.39
183.841
184.292
184.743
185.194
185.645
186.1
186.392
186.684
186.976
187.268
187.56
187.852
188.144
188.436
188.728
189.02
189.368
189.716
190.064
190.412
190.76
191.108
191.456
191.804
192.152
192.5
192.848
193.196
193.544
193.892
194.24
194.742
195.244
195.746
196.248
196.75
197.252
197.754
198.256
198.758
199.26
199.762
200.264
200.766
201.27
201.573
201.876
202.179
202.482
202.785
203.088
203.39
203.764
204.138
204.512
204.886
205.26
205.634
206.008
206.382
206.756
207.13
207.504
207.878
208.252
208.626
209.0
209.374
209.748
210.12
210.404
210.688
210.972
211.256
211.54
211.824
212.108
212.392
212.676
212.96
213.24
213.492
213.744
213.996
214.248
214.5
214.752
215.004
215.256
215.508
215.76
216.012
216.264
216.516
216.768
217.02
217.272
217.524
217.776
218.02
218.388
218.756
219.124
219.492
219.859
220.227
220.595
220.963
221.331
221.698
222.066
222.434
222.802
223.169
223.537
223.905
224.273
224.641
225.008
225.37
225.65
225.93
226.21
226.49
226.77
227.05
227.331
227.611
227.891
228.171
228.451
228.731
229.011
229.291
229.571
229.851
230.131
230.411
230.691
230.98
231.35
231.72
232.09
232.46
232.83
233.2
233.57
233.94
234.31
234.61
234.91
235.21
235.51
235.81
236.11
236.41
236.71
237.01
237.502
237.995
238.488
238.981
239.474
239.966
240.459
240.95
241.355
241.76
242.165
242.57
242.975
243.38
243.785
244.19
244.595
245.0
245.405
245.81
246.215
246.62
247.025
247.43
247.857
248.284
248.711
249.138
249.565
249.992
250.419
250.846
251.27
251.86
252.45
253.04
253.63
254.22
254.81
255.065
255.32
255.575
255.83
256.085
256.34
256.595
256.85
257.105
257.36
257.615
257.87
258.125
258.38
258.635
258.89
259.145
259.4
259.655
259.919
260.307
260.695
261.083
261.471
261.859
262.247
262.635
263.023
263.411
263.799
264.187
264.575
264.963
265.351
265.739
266.127
266.515
266.91
267.296
267.682
268.068
268.454
268.84
269.226
269.612
269.998
270.38
270.838
271.296
271.754
272.212
272.67
273.128
273.586
274.044
274.502
274.96
275.418
275.876
276.334
276.792
277.25
277.708
278.166
278.62
279.246
279.872
280.498
281.124
281.75
282.376
283.002
283.628
284.254
284.88
285.506
286.132
286.76
287.299
287.838
288.377
288.916
289.455
289.994
290.533
291.072
291.611
292.15
292.689
293.228
293.767
294.306
294.845
295.384
295.923
296.462
297.0
297.747
298.494
299.241
299.988
300.735
301.482
302.229
302.976
303.723
304.47
304.873
305.276
305.679
306.082
306.485
306.888
307.291
307.694
308.097
308.5
308.903
309.306
309.709
310.112
310.52
310.807
311.094
311.381
311.668
311.955
312.242
312.529
312.816
313.103
313.39
313.677
313.964
314.251
314.538
314.825
315.112
315.399
315.686
315.97
316.496
317.022
317.548
318.074
318.6
319.126
319.652
320.18
320.641
321.102
321.563
322.024
322.485
322.946
323.407
323.868
324.329
324.79
325.251
325.712
326.173
326.634
327.09
327.331
327.572
327.813
328.054
328.295
328.536
328.777
329.018
329.259
329.5
329.741
329.982
330.223
330.464
330.705
330.946
331.18
331.75
332.32
332.89
333.46
334.03
334.222
334.414
334.606
334.798
334.99
335.182
335.374
335.566
335.758
335.95
336.142
336.33
336.57
336.81
337.05
337.29
337.53
337.77
338.01
338.25
338.49
338.73
338.97
339.21
339.45
339.69
339.93
340.17
340.41
340.65
340.89
341.13
341.37
341.62
341.87
342.12
342.37
342.735
343.1
343.465
343.83
344.195
344.56
344.925
345.29
345.655
346.02
346.385
346.75
347.115
347.48
347.84
348.12
348.4
348.68
348.96
349.24
349.52
349.8
350.08
350.36
350.64
350.92
351.263
351.606
351.949
352.292
352.635
352.978
353.321
353.664
354.007
354.35
354.693
355.036
355.379
355.722
356.065
356.408
356.75
357.101
357.452
357.803
358.154
358.505
358.856
359.207
359.558
359.909
360.26
360.611
360.962
361.313
361.664
362.015
362.36
362.699
363.038
363.377
363.716
364.055
364.394
364.733
365.072
365.411
365.75
366.089
366.428
366.767
367.106
367.445
367.784
368.123
368.462
368.801
369.14
369.479
369.803
370.127
370.451
370.775
371.099
371.423
371.747
372.071
372.395
372.719
373.043
373.367
373.691
374.015
374.339
374.663
374.987
375.311
375.639
375.902
376.165
376.428
376.691
376.954
377.217
377.48
377.743
378.006
378.269
378.532
378.795
379.058
379.32
379.585
379.85
380.115
380.38
380.645
380.91
381.175
381.44
381.705
381.97
382.235
382.5
382.765
383.03
383.3
383.704
384.108
384.512
384.916
385.32
385.724
386.13
386.463
386.796
387.129
387.462
387.795
388.128
388.461
388.794
389.127
389.46
389.793
390.126
390.459
390.792
391.125
391.46
391.855
392.25
392.645
393.04
393.435
393.83
394.225
394.62
395.015
395.41
395.805
396.2
396.595
396.99
397.385
397.78
398.175
398.57
399.57
399.922
400.274
400.626
400.978
401.33
401.682
402.034
402.386
402.738
403.09
403.442
403.794
404.146
404.5
404.911
405.322
405.733
406.144
406.555
406.966
407.377
407.788
408.199
408.61
409.021
409.432
409.843
410.254
410.665
411.076
411.487
411.898
412.3
413.669
414.496
415.323
416.15
416.977
417.804
418.631
419.458
420.285
421.112
421.939
422.77
422.943
423.116
423.289
423.462
423.635
423.808
423.98
424.307
424.634
424.961
425.288
425.615
425.942
426.269
426.596
426.919
427.265
427.611
427.957
428.303
428.649
428.995
429.341
429.687
430.033
430.379
430.725
431.071
431.417
431.763
432.109
432.46
433.73
434.999
435.336
435.673
436.01
436.347
436.684
437.021
437.358
437.695
438.032
438.369
438.706
439.043
439.38
439.717
440.054
440.389
440.578
440.767
440.956
441.145
441.334
441.523
441.712
441.901
442.09
442.279
442.468
442.657
442.846
443.035
443.224
443.413
443.61
444.26
444.91
445.56
446.21
446.86
447.51
448.16
448.81
449.46
449.76
450.06
450.36
450.66
450.96
451.26
451.56
451.86
452.16
452.46
452.76
453.06
453.36
453.66
453.96
454.26
454.56
454.86
455.193
455.526
455.86
456.125
456.39
456.655
456.92
457.185
457.45
457.715
457.98
458.245
458.51
458.775
459.04
459.305
459.57
459.835
460.1
460.36
460.54
460.72
460.9
461.08
461.26
461.44
461.62
461.8
461.98
462.16
462.34
462.52
462.7
462.88
463.06
463.24
463.42
463.6
463.789
464.071
464.353
464.635
464.917
465.199
465.481
465.763
466.045
466.327
466.609
466.891
467.173
467.455
467.737
468.019
468.301
468.583
468.865
469.147
469.43
470.036
470.642
471.248
471.854
472.46
473.066
473.669
473.945
474.221
474.498
474.774
475.05
475.327
475.603
475.88
476.156
476.433
476.709
476.986
477.262
477.538
477.815
478.091
478.368
478.644
478.921
479.199
480.119
481.039
481.395
481.751
482.107
482.463
482.819
483.175
483.531
483.887
484.243
484.599
484.955
485.311
485.667
486.023
486.379
486.729
488.039
488.219
488.399
488.579
488.759
488.939
489.119
489.299
489.479
489.659
489.839
490.019
490.199
490.379
490.559
490.739
490.919
491.099
491.279
491.46
491.945
492.43
492.915
493.4
493.885
494.37
494.855
495.34
495.825
496.31
496.795
497.28
497.765
498.25
498.73
499.011
499.292
499.573
499.854
500.135
500.416
500.697
500.978
501.259
501.539
501.76
501.981
502.202
502.423
502.644
502.865
503.086
503.307
503.528
503.749
503.97
504.191
504.412
504.633
504.854
505.069
505.449
505.829
506.21
506.484
506.758
507.032
507.306
507.58
507.854
508.128
508.402
508.676
508.95
509.224
509.498
509.772
510.046
510.32
510.594
510.868
511.139
511.556
511.973
512.39
512.807
513.224
513.641
514.058
514.475
514.892
515.309
515.726
516.143
516.56
516.977
517.394
517.811
518.228
518.645
519.06
519.681
520.302
520.923
521.544
522.165
522.786
523.407
524.028
524.649
525.27
525.891
526.512
527.133
527.754
528.375
528.996
529.62
529.886
530.152
530.418
530.684
530.95
531.216
531.482
531.748
532.014
532.28
532.546
532.812
533.078
533.344
533.61
533.876
534.142
534.41
534.717
535.024
535.332
535.639
535.947
536.255
536.562
536.87
537.18
537.49
537.8
538.11
538.42
538.73
539.04
539.639
540.238
540.837
541.436
542.035
542.634
543.233
543.832
544.431
545.03
545.274
545.519
545.764
546.009
546.254
546.499
546.744
546.989
547.234
547.479
547.724
547.969
548.214
548.459
548.703
548.947
549.192
549.437
549.682
549.92
550.42
550.92
551.42
551.92
552.42
552.92
553.42
553.92
554.42
554.92
555.176
555.432
555.688
555.944
556.2
556.456
556.712
556.968
557.224
557.48
557.736
557.992
558.248
558.504
558.76
559.02
559.193
559.366
559.539
559.712
559.885
560.058
560.231
560.404
560.58
561.268
561.956
562.644
563.332
564.02
564.231
564.442
564.653
564.864
565.075
565.286
565.497
565.71
565.949
566.188
566.427
566.666
566.905
567.144
567.383
567.622
567.861
568.1
568.339
568.578
568.817
569.056
569.29
569.728
570.166
570.604
571.042
571.48
571.918
572.356
572.794
573.232
573.67
574.108
574.546
574.984
575.422
575.86
576.3
576.992
577.684
578.376
579.068
579.76
580.452
581.144
581.836
582.528
583.22
583.912
584.604
585.296
585.988
586.68
586.988
587.296
587.604
587.912
588.22
588.528
588.836
589.144
589.452
589.76
590.07
590.338
590.605
590.872
591.14
591.466
591.792
592.118
592.444
592.77
593.096
593.422
593.748
594.074
594.4
594.726
595.052
595.378
595.704
596.029
596.421
596.813
597.205
597.597
597.989
598.381
598.773
599.165
599.557
599.949
600.341
600.733
601.125
601.517
601.909
602.301
602.7
603.453
604.206
604.959
605.712
606.465
607.218
607.97
608.277
608.584
608.891
609.198
609.505
609.812
610.119
610.426
610.733
611.04
611.347
611.654
611.961
612.268
612.575
612.882
613.189
613.496
613.803
614.11
614.525
614.94
615.355
615.77
616.185
616.6
616.877
617.154
617.431
617.708
617.985
618.262
618.539
618.816
619.093
619.37
619.647
619.924
620.201
620.478
620.755
621.032
621.309
621.586
621.87
622.057
622.244
622.431
622.618
622.805
622.992
623.18
623.338
623.496
623.654
623.812
623.97
624.128
624.286
624.444
624.602
624.76
624.984
625.208
625.432
625.656
625.88
626.104
626.328
626.552
626.776
627.0
627.224
627.45
627.658
627.866
628.074
628.282
628.49
628.7
629.0
629.3
629.6
629.9
630.2
630.473
630.746
631.019
631.292
631.565
631.838
632.111
632.384
632.657
632.93
633.203
633.476
633.749
634.022
634.295
634.568
634.841
635.12
635.371
635.622
635.873
636.124
636.375
636.626
636.877
637.128
637.379
637.63
637.88
638.118
638.356
638.594
638.832
639.07
639.308
639.546
639.784
640.022
640.26
640.5
640.711
640.922
641.133
641.344
641.555
641.766
641.977
642.188
642.399
642.61
642.821
643.032
643.243
643.454
643.665
643.876
644.087
644.3
644.623
644.946
645.269
645.592
645.915
646.238
646.56
646.783
647.006
647.229
647.452
647.675
647.898
648.121
648.344
648.567
648.79
649.013
649.236
649.459
649.682
650.097
650.512
650.927
651.342
651.757
652.172
652.587
653.002
653.417
653.832
654.247
654.662
655.077
655.492
655.91
656.416
656.922
657.428
657.934
658.44
658.946
659.452
659.958
660.464
660.97
661.476
661.982
662.488
662.994
663.5
664.006
664.512
665.018
665.519
665.805
666.091
666.377
666.663
666.949
667.235
667.521
667.807
668.093
668.379
668.665
668.951
669.237
669.519
669.697
669.875
670.053
670.231
670.409
670.587
670.765
670.943
671.121
671.299
671.477
671.655
671.833
672.011
672.189
672.367
672.545
672.723
672.91
673.648
674.386
675.123
675.86
676.527
677.194
677.861
678.528
679.195
679.862
680.529
681.196
681.863
682.53
683.2
683.418
683.635
683.852
684.069
684.286
684.503
684.721
684.938
685.155
685.372
685.589
685.81
686.072
686.334
686.596
686.858
687.12
687.38
687.615
687.85
688.085
688.32
688.555
688.79
689.025
689.26
689.495
689.73
689.965
690.2
690.435
690.67
690.905
691.14
691.375
691.61
691.845
692.08
692.32
692.938
693.556
694.174
694.792
695.41
695.631
695.852
696.073
696.294
696.515
696.736
696.957
697.178
697.399
697.62
697.841
698.062
698.283
698.504
698.725
698.946
699.167
699.388
699.609
699.83
700.076
700.322
700.568
700.814
701.06
701.372
701.684
701.996
702.308
702.62
702.933
703.245
703.558
703.87
704.183
704.495
704.808
705.12
705.433
705.745
706.06
706.334
706.608
706.882
707.156
707.43
707.704
707.978
708.252
708.526
708.8
709.074
709.348
709.622
709.896
710.17
710.45
710.738
711.026
711.314
711.602
711.89
712.178
712.466
712.754
713.042
713.33
713.618
713.906
714.194
714.482
714.77
715.058
715.346
715.634
715.922
716.21
716.498
716.786
717.07
717.529
717.988
718.447
718.906
719.365
719.824
720.283
720.74
721.078
721.416
721.754
722.092
722.43
722.768
723.106
723.444
723.782
724.12
724.458
724.796
725.134
725.472
725.81
726.15
726.6
727.05
727.5
727.95
728.4
728.85
729.3
729.75
730.2
730.65
731.1
731.55
732.0
732.45
732.899
733.229
733.559
733.889
734.219
734.549
734.879
735.209
735.539
735.869
736.199
736.529
736.873
737.217
737.561
737.905
738.249
738.593
738.937
739.281
739.625
739.969
740.313
740.657
741.001
741.345
741.689
742.033
742.377
742.721
743.06
743.223
743.386
743.549
743.712
743.875
744.038
744.2
744.523
744.846
745.169
745.492
745.815
746.138
746.461
746.784
747.11
747.377
747.644
747.911
748.178
748.445
748.712
748.979
749.246
749.513
749.78
750.047
750.314
750.579
750.923
751.267
751.611
751.955
752.299
752.643
752.987
753.331
753.675
754.019
754.363
754.707
755.051
755.395
755.739
756.083
756.42
756.71
757.0
757.29
757.58
757.87
758.16
758.45
758.74
759.03
759.32
759.611
759.901
760.191
760.481
760.771
761.061
761.351
761.649
761.921
762.193
762.465
762.737
763.009
763.281
763.553
763.825
764.097
764.369
764.641
764.913
765.185
765.457
765.729
766.001
766.273
766.545
766.81
767.017
767.224
767.431
767.638
767.845
768.052
768.259
768.466
768.673
768.88
769.087
769.294
769.501
769.708
769.915
770.122
770.329
770.536
770.74
771.033
771.326
771.619
771.912
772.205
772.498
772.791
773.084
773.377
773.67
773.963
774.256
774.549
774.842
775.135
775.428
775.721
776.01
776.338
776.666
776.994
777.322
777.65
777.978
778.306
778.634
778.962
779.29
779.618
779.946
780.274
780.602
780.93
781.258
781.586
781.914
782.25
782.496
782.742
782.988
783.234
783.48
783.726
783.972
784.22
784.51
784.8
785.09
785.38
785.67
785.96
786.25
786.54
786.83
787.12
787.41
787.7
787.99
788.28
788.57
788.775
788.98
789.185
789.39
789.595
789.8
790.005
790.21
790.415
790.62
790.825
791.03
791.235
791.44
791.645
791.85
792.055
792.26
792.705
793.15
793.595
794.04
794.485
794.93
795.375
795.82
796.265
796.71
797.155
797.6
798.05
798.332
798.615
798.898
799.181
799.464
799.747
800.029
800.312
800.595
800.878
801.161
801.443
801.726
802.009
802.292
802.575
802.858
803.14
803.423
803.7
803.993
804.286
804.578
804.87
805.164
805.458
805.752
806.046
806.34
806.634
806.928
807.222
807.516
807.81
808.104
808.398
808.692
808.99
809.343
809.696
810.049
810.402
810.755
811.108
811.461
811.814
812.167
812.52
812.873
813.226
813.579
813.932
814.285
814.638
814.991
815.35
815.574
815.798
816.022
816.246
816.47
816.694
816.918
817.142
817.366
817.59
817.814
818.038
818.26
818.511
818.762
819.013
819.264
819.515
819.766
820.017
820.268
820.519
820.77
821.021
821.272
821.523
821.774
822.025
822.276
822.527
822.77
823.067
823.365
823.663
823.961
824.259
824.557
824.855
825.15
825.419
825.688
825.957
826.226
826.495
826.764
827.033
827.302
827.571
827.84
828.109
828.378
828.647
828.916
829.185
829.454
829.723
829.992
830.261
830.53
830.79
831.04
831.29
831.54
831.79
832.175
832.56
832.945
833.33
833.715
834.1
834.485
834.87
835.255
835.64
836.025
836.41
836.795
837.18
837.565
837.95
838.335
838.72
839.105
839.49
839.77
840.05
840.33
840.61
840.89
841.17
841.45
841.73
842.01
842.29
842.57
842.965
843.36
843.755
844.15
844.545
844.94
845.335
845.73
845.963
846.196
846.429
846.662
846.895
847.128
847.36
847.723
848.086
848.449
848.812
849.175
849.538
849.901
850.264
850.627
850.99
851.353
851.716
852.079
852.442
852.805
853.17
853.447
853.724
854.001
854.278
854.555
854.832
855.109
855.386
855.663
855.94
856.217
856.494
856.771
857.048
857.325
857.602
857.879
858.149
858.49
858.831
859.172
859.513
859.854
860.195
860.536
860.876
861.216
861.557
861.898
862.239
862.58
862.921
863.262
863.602
863.942
864.283
864.624
864.959
865.278
865.597
865.916
866.235
866.554
866.873
867.192
867.511
867.83
868.149
868.468
868.787
869.106
869.425
869.744
870.063
870.389
870.722
871.055
871.389
871.551
871.713
871.875
872.037
872.199
872.361
872.523
872.685
872.847
873.009
873.171
873.333
873.495
873.657
873.819
873.981
874.143
874.305
874.46
874.707
874.954
875.201
875.448
875.695
875.942
876.189
876.436
876.683
876.93
877.177
877.424
877.671
877.918
878.165
878.412
878.659
878.906
879.16
879.54
879.92
880.3
880.534
880.768
881.002
881.236
881.47
881.704
881.938
882.172
882.406
882.64
882.874
883.108
883.342
883.576
883.81
884.044
884.278
884.512
884.75
885.75
885.979
886.208
886.437
886.666
886.895
887.124
887.353
887.582
887.811
888.04
888.269
888.498
888.727
888.956
889.185
889.414
889.643
889.88
890.096
890.312
890.528
890.744
890.96
891.176
891.392
891.608
891.824
892.04
892.256
892.472
892.688
892.904
893.12
893.336
893.552
893.768
893.98
894.34
894.7
895.06
895.42
895.78
896.14
896.5
896.86
897.132
897.404
897.676
897.948
898.22
898.492
898.764
899.036
899.308
899.58
899.852
900.124
900.396
900.668
900.94
901.212
901.484
901.76
901.994
902.228
902.462
902.696
902.93
903.164
903.398
903.632
903.866
904.1
904.334
904.568
904.802
905.036
905.27
905.504
905.73
906.199
906.668
907.137
907.606
908.075
908.544
909.01
909.286
909.562
909.838
910.114
910.39
910.666
910.942
911.218
911.494
911.77
912.046
912.322
912.598
912.874
913.15
913.426
913.702
913.98
914.41
914.84
915.27
915.7
916.13
916.56
916.99
917.42
917.85
918.28
918.71
919.14
919.57
920.0
920.45
920.9
921.35
921.716
922.082
922.448
922.814
923.18
923.546
923.912
924.278
924.644
925.01
925.376
925.742
926.108
926.474
926.84
927.206
927.579
927.958
928.337
928.716
929.095
929.474
929.853
930.232
930.611
930.99
931.369
931.748
932.127
932.506
932.88
933.184
933.488
933.792
934.096
934.4
934.704
935.008
935.31
935.724
936.138
936.552
936.966
937.38
937.794
938.208
938.622
939.036
939.45
939.864
940.278
940.692
941.106
941.52
941.94
945.082
948.224
951.366
954.508
957.649
958.002
958.355
958.708
959.061
959.414
959.767
960.12
960.473
960.826
961.179
961.532
961.885
962.238
962.591
962.944
963.297
963.649
963.997
964.345
964.694
965.043
965.391
965.74
966.235
966.73
967.225
967.72
968.215
968.71
969.205
969.7
970.195
970.69
971.185
971.68
972.175
972.67
973.165
973.66
974.155
974.65
975.139
975.945
976.751
977.557
978.363
979.169
979.975
980.781
981.587
982.39
982.924
983.458
983.992
984.526
985.06
985.594
986.128
986.662
987.196
987.73
988.264
988.798
989.332
989.87
990.519
991.168
991.817
992.466
993.115
993.764
994.413
995.062
995.711
996.36
996.787
997.214
997.641
998.068
998.495
998.922
999.349
999.776
1000.203
1000.63
1001.057
1001.484
1001.911
1002.338
1002.769
1002.958
1003.147
1003.336
1003.525
1003.714
1003.903
1004.092
1004.281
1004.47
1004.659
1004.848
1005.037
1005.226
1005.415
1005.604
1005.793
1005.982
1006.171
1006.36
1006.54
1006.947
1007.354
1007.76
1008.006
1008.252
1008.498
1008.744
1008.99
1009.236
1009.482
1009.728
1009.974
1010.22
1010.466
1010.712
1010.958
1011.204
1011.45
1011.696
1011.942
1012.188
1012.43
1012.712
1012.994
1013.276
1013.558
1013.84
1014.122
1014.404
1014.686
1014.968
1015.25
1015.532
1015.814
1016.096
1016.378
1016.66
1016.942
1017.224
1017.506
1017.779
1018.082
1018.385
1018.688
1018.991
1019.294
1019.597
1019.9
1020.203
1020.506
1020.809
1021.112
1021.415
1021.718
1022.021
1022.324
1022.62
1022.959
1023.298
1023.637
1023.976
1024.315
1024.654
1024.993
1025.332
1025.671
1026.01
1026.349
1026.688
1027.027
1027.366
1027.705
1028.04
1028.851
1029.662
1030.473
1031.284
1032.095
1032.906
1033.717
1034.528
1035.339
1036.15
1036.959
1037.224
1037.489
1037.754
1038.019
1038.284
1038.549
1038.814
1039.079
1039.344
1039.609
1039.874
1040.139
1040.404
1040.669
1040.934
1041.199
1041.464
1041.729
1041.994
1042.259
1043.019
1043.779
1044.539
1044.936
1045.333
1045.73
1046.127
1046.524
1046.921
1047.318
1047.715
1048.112
1048.509
1048.906
1049.303
1049.7
1050.097
1050.494
1050.891
1051.288
1051.685
1052.082
1052.479
1052.879
1053.212
1053.545
1053.879
1054.142
1054.405
1054.668
1054.931
1055.194
1055.457
1055.72
1055.983
1056.246
1056.509
1056.772
1057.035
1057.298
1057.561
1057.824
1058.087
1058.35
1058.61
1059.61
1059.931
1060.252
1060.573
1060.894
1061.215
1061.536
1061.857
1062.178
1062.499
1062.82
1063.141
1063.462
1063.783
1064.104
1064.425
1064.746
1065.067
1065.388
1065.709
1066.029
1066.404
1066.779
1067.154
1067.529
1067.802
1068.075
1068.348
1068.621
1068.894
1069.167
1069.44
1069.713
1069.986
1070.259
1070.532
1070.805
1071.078
1071.351
1071.624
1071.897
1072.17
1072.443
1072.716
1072.989
1073.269
1073.668
1074.066
1074.465
1074.863
1075.262
1075.66
1076.059
1076.457
1076.856
1077.255
1077.654
1078.053
1078.452
1078.851
1079.25
1079.649
1080.047
1080.446
1080.844
1081.239
1081.556
1081.873
1082.19
1082.507
1082.824
1083.141
1083.458
1083.775
1084.092
1084.409
1084.726
1085.043
1085.36
1085.677
1085.994
1086.311
1086.628
1086.95
1087.187
1087.424
1087.661
1087.898
1088.135
1088.372
1088.609
1088.846
1089.083
1089.32
1089.557
1089.794
1090.031
1090.268
1090.505
1090.742
1090.979
1091.216
1091.45
1091.756
1092.062
1092.368
1092.674
1092.98
1093.286
1093.592
1093.898
1094.204
1094.51
1094.816
1095.122
1095.428
1095.734
1096.04
1096.346
1096.652
1096.958
1097.269
1098.019
1098.769
1099.519
1100.269
1101.019
1101.769
1102.519
1103.269
1103.533
1103.797
1104.061
1104.325
1104.589
1104.853
1105.117
1105.381
1105.645
1105.909
1106.173
1106.437
1106.701
1106.965
1107.229
1107.493
1107.757
1108.021
1108.279
1108.519
1108.759
1108.999
1109.239
1109.479
1109.767
1110.055
1110.343
1110.631
1110.919
1111.207
1111.495
1111.783
1112.071
1112.359
1112.647
1112.935
1113.223
1113.511
1113.799
1114.087
1114.375
1114.663
1114.951
1115.239
1115.529
1115.887
1116.245
1116.603
1116.961
1117.319
1117.677
1118.035
1118.393
1118.751
1119.109
1119.47
1119.834
1120.198
1120.562
1120.926
1121.29
1121.654
1122.018
1122.382
1122.746
1123.11
1123.474
1123.838
1124.202
1124.566
1124.93
1125.294
1125.658
1126.029
1129.579
1133.129
1133.841
1134.553
1135.265
1135.977
1136.689
1137.401
1138.113
1138.825
1139.537
1140.249
1140.961
1141.673
1142.385
1143.097
1143.809
1144.521
1145.239
1145.667
1146.095
1146.523
1146.951
1147.379
1147.807
1148.235
1148.663
1149.091
1149.519
1149.947
1150.375
1150.803
1151.231
1151.659
1152.087
1152.515
1152.943
1153.369
1154.379
1155.389
1156.399
1156.636
1156.873
1157.11
1157.347
1157.584
1157.821
1158.058
1158.295
1158.532
1158.769
1159.006
1159.243
1159.48
1159.717
1159.95
1160.429
1160.908
1161.387
1161.866
1162.345
1162.824
1163.303
1163.779
1164.033
1164.287
1164.541
1164.795
1165.049
1165.303
1165.557
1165.811
1166.065
1166.319
1166.573
1166.827
1167.081
1167.335
1167.589
1167.843
1168.097
1168.351
1168.605
1168.859
1169.109
1169.466
1169.823
1170.18
1170.537
1170.894
1171.251
1171.608
1171.965
1172.322
1172.679
1173.036
1173.393
1173.75
1174.107
1174.464
1174.821
1175.178
1175.535
1175.899
1176.259
1176.619
1176.98
1177.236
1177.492
1177.748
1178.004
1178.26
1178.516
1178.772
1179.028
1179.284
1179.54
1179.796
1180.052
1180.308
1180.564
1180.82
1181.076
1181.332
1181.588
1181.844
1182.1
1182.356
1182.609
1183.132
1183.655
1184.179
1184.588
1184.997
1185.406
1185.815
1186.224
1186.633
1187.042
1187.451
1187.86
1188.269
1188.678
1189.087
1189.496
1189.905
1190.314
1190.723
1191.132
1191.541
1191.95
1192.306
1192.662
1193.018
1193.374
1193.73
1194.086
1194.442
1194.798
1195.154
1195.51
1195.866
1196.222
1196.578
1196.934
1197.29
1197.646
1198.002
1198.35
1199.113
1199.876
1200.639
1200.936
1201.233
1201.53
1201.827
1202.124
1202.421
1202.718
1203.015
1203.312
1203.609
1203.906
1204.203
1204.5
1204.797
1205.09
1205.59
1206.09
1206.213
1206.336
1206.459
1206.582
1206.705
1206.828
1206.951
1207.074
1207.2
1207.549
1207.898
1208.247
1208.596
1208.945
1209.294
1209.643
1209.992
1210.34
1210.652
1210.964
1211.276
1211.588
1211.9
1212.212
1212.524
1212.836
1213.148
1213.46
1213.772
1214.084
1214.396
1214.708
1215.02
1215.332
1215.644
1215.956
1216.268
1216.58
1216.892
1217.21
1217.5
1217.79
1218.08
1218.37
1218.66
1218.95
1219.24
1219.53
1219.82
1220.11
1220.4
1220.69
1220.98
1221.27
1221.56
1221.85
1222.14
1222.43
1222.72
1223.01
1223.299
1223.506
1223.714
1223.921
1224.129
1224.336
1224.543
1224.75
1224.957
1225.165
1225.372
1225.58
1225.789
1226.099
1226.409
1226.719
1227.029
1227.339
1227.649
1227.959
1228.269
1228.579
1228.889
1229.2
1229.697
1230.194
1230.691
1231.188
1231.685
1232.182
1232.679
1233.176
1233.673
1234.17
1234.667
1235.164
1235.661
1236.158
1236.655
1237.149
1237.51
1237.871
1238.232
1238.593
1238.954
1239.315
1239.676
1240.037
1240.398
1240.759
1241.12
1241.481
1241.842
1242.203
1242.564
1242.925
1243.286
1243.647
1244.008
1244.369
1244.73
1245.091
1245.45
1245.95
1246.45
1246.926
1247.402
1247.878
1248.354
1248.83
1249.306
1249.782
1250.258
1250.734
1251.21
1251.686
1252.162
1252.638
1253.114
1253.59
1253.908
1254.226
1254.544
1254.862
1255.18
1255.498
1255.816
1256.134
1256.452
1256.77
1257.088
1257.406
1257.724
1258.042
1258.36
1258.678
1258.996
1259.309
1259.843
1260.377
1260.911
1261.445
1261.979
1262.513
1263.047
1263.581
1264.115
1264.649
1265.183
1265.717
1266.251
1266.779
1267.112
1267.445
1267.778
1268.111
1268.444
1268.777
1269.11
1269.443
1269.776
1270.109
1270.442
1270.775
1271.108
1271.441
1271.774
1272.107
1272.44
1272.773
1273.106
1273.439
1273.772
1274.109
1274.563
1275.017
1275.471
1275.925
1276.379
1276.833
1277.287
1277.741
1278.195
1278.649
1279.103
1279.557
1280.011
1280.465
1280.919
1281.379
1281.8
1282.221
1282.642
1283.063
1283.484
1283.905
1284.326
1284.747
1285.168
1285.589
1286.01
1286.431
1286.852
1287.273
1287.694
1288.115
1288.529
1289.116
1289.703
1290.29
1290.877
1291.464
1292.051
1292.638
1293.225
1293.812
1294.399
1294.986
1295.573
1296.16
1296.749
1297.012
1297.275
1297.538
1297.801
1298.064
1298.327
1298.59
1298.853
1299.116
1299.379
1299.642
1299.905
1300.168
1300.431
1300.694
1300.957
1301.22
1301.483
1301.746
1302.009
1302.272
1302.529
1303.029
1303.529
1303.818
1304.106
1304.394
1304.682
1304.97
1305.258
1305.546
1305.834
1306.122
1306.41
1306.698
1306.986
1307.274
1307.562
1307.851
1308.14
1308.428
1308.716
1309.005
1309.299
1309.719
1310.139
1310.559
1310.979
1311.399
1311.82
1312.17
1312.52
1312.87
1313.22
1313.57
1313.92
1314.27
1314.62
1314.97
1315.32
1315.67
1316.02
1316.37
1316.72
1317.07
1317.42
1317.77
1318.12
1318.47
1318.82
1319.169
1319.502
1319.835
1320.168
1320.501
1320.834
1321.167
1321.5
1321.833
1322.166
1322.499
1322.832
1323.165
1323.498
1323.831
1324.169
1324.467
1324.765
1325.063
1325.361
1325.659
1325.957
1326.255
1326.553
1326.851
1327.149
1327.447
1327.745
1328.039
1328.308
1328.577
1328.846
1329.115
1329.384
1329.653
1329.922
1330.191
1330.46
1330.729
1330.998
1331.267
1331.536
1331.805
1332.074
1332.343
1332.612
1332.881
1333.15
1333.419
1333.688
1333.957
1334.22
1334.566
1334.912
1335.258
1335.604
1335.95
1336.299
1336.554
1336.809
1337.064
1337.319
1337.574
1337.829
1338.084
1338.339
1338.594
1338.849
1339.104
1339.359
1339.614
1339.869
1340.124
1340.379
1340.634
1340.889
1341.144
1341.399
1341.649
1341.961
1342.274
1342.586
1342.899
1343.211
1343.524
1343.836
1344.149
1344.461
1344.774
1345.086
1345.399
1345.711
1346.024
1346.336
1346.649
1346.961
1347.274
1347.586
1347.899
1348.447
1348.995
1349.543
1350.09
1350.384
1350.678
1350.972
1351.266
1351.56
1351.854
1352.148
1352.442
1352.736
1353.03
1353.324
1353.618
1353.912
1354.206
1354.5
1354.794
1355.088
1355.382
1355.676
1355.97
1356.409
1356.848
1357.287
1357.726
1358.165
1358.604
1359.043
1359.482
1359.921
1360.359
1360.781
1361.203
1361.625
1362.047
1362.469
1362.891
1363.313
1363.735
1364.157
1364.579
1365.001
1365.423
1365.845
1366.267
1366.689
1367.111
1367.529
1367.967
1368.405
1368.843
1369.281
1369.719
1370.157
1370.595
1371.033
1371.471
1371.909
1372.347
1372.785
1373.223
1373.661
1374.099
1374.539
1374.882
1375.225
1375.568
1375.911
1376.254
1376.597
1376.94
1377.283
1377.626
1377.969
1378.312
1378.655
1378.998
1379.341
1379.69
1382.35
1383.16
1383.97
1384.78
1385.59
1386.4
1387.21
1388.02
1388.83
1389.64
1390.45
1391.26
1392.07
1392.879
1393.197
1393.515
1393.833
1394.151
1394.469
1394.787
1395.105
1395.423
1395.741
1396.059
1396.377
1396.695
1397.013
1397.331
1397.649
1397.96
1398.394
1398.828
1399.262
1399.696
1400.13
1400.564
1400.998
1401.432
1401.866
1402.3
1402.739
1403.255
1403.771
1404.287
1404.803
1405.319
1405.835
1406.351
1406.867
1407.383
1407.899
1408.415
1408.931
1409.447
1409.963
1410.479
1410.995
1411.509
1411.712
1411.915
1412.118
1412.321
1412.524
1412.727
1412.93
1413.133
1413.336
1413.539
1413.742
1413.94
1414.294
1414.648
1415.002
1415.356
1415.71
1416.064
1416.418
1416.772
1417.126
1417.48
1417.834
1418.188
1418.542
1418.896
1419.25
1419.599
1419.895
1420.191
1420.487
1420.783
1421.079
1421.375
1421.671
1421.967
1422.263
1422.559
1422.859
1423.03
1423.201
1423.372
1423.543
1423.714
1423.885
1424.056
1424.227
1424.399
1424.716
1425.033
1425.35
1425.667
1425.984
1426.301
1426.618
1426.935
1427.252
1427.569
1427.886
1428.203
1428.52
1428.837
1429.154
1429.471
1429.788
1430.105
1430.422
1430.739
1431.306
1431.873
1432.44
1433.007
1433.574
1434.141
1434.708
1435.275
1435.842
1436.409
1436.976
1437.539
1437.864
1438.189
1438.514
1438.839
1439.164
1439.489
1439.814
1440.139
1440.464
1440.789
1441.119
1441.428
1441.737
1442.046
1442.355
1442.664
1442.973
1443.282
1443.591
1443.9
1444.209
1444.518
1444.827
1445.136
1445.445
1445.754
1446.063
1446.372
1446.681
1446.99
1447.535
1448.08
1448.625
1449.17
1449.715
1450.26
1450.805
1451.35
1451.895
1452.44
1452.985
1453.53
1454.075
1454.62
1455.165
1455.71
1456.01
1456.31
1456.61
1456.91
1457.21
1457.51
1457.81
1458.11
1458.41
1458.71
1459.01
1459.31
1459.61
1459.91
1460.21
1460.51
1460.81
1461.11
1461.41
1461.719
1461.988
1462.257
1462.526
1462.795
1463.064
1463.333
1463.602
1463.871
1464.14
1464.409
1464.678
1464.95
1465.329
1465.708
1466.087
1466.466
1466.845
1467.224
1467.603
1467.982
1468.361
1468.74
1469.119
1469.498
1469.877
1470.256
1470.635
1471.014
1471.393
1471.772
1472.151
1472.539
1473.002
1473.465
1473.928
1474.391
1474.854
1475.317
1475.78
1476.243
1476.706
1477.169
1477.632
1478.09
1478.468
1478.846
1479.224
1479.602
1479.98
1480.358
1480.736
1481.114
1481.492
1481.87
1482.248
1482.626
1483.004
1483.382
1483.76
1484.138
1484.516
1484.894
1485.269
1485.896
1486.523
1487.15
1487.777
1488.404
1489.031
1489.659
1490.173
1490.687
1491.201
1491.715
1492.229
1492.743
1493.257
1493.769
1494.228
1494.687
1495.146
1495.605
1496.064
1496.523
1496.982
1497.441
1497.9
1498.359
1498.818
1499.277
1499.736
1500.195
1500.649
1500.984
1501.319
1501.654
1501.989
1502.324
1502.659
1502.994
1503.329
1503.664
1503.999
1504.334
1504.669
1504.966
1505.263
1505.56
1505.857
1506.154
1506.451
1506.748
1507.045
1507.342
1507.639
1507.936
1508.233
1508.53
1508.827
1509.124
1509.421
1509.718
1510.015
1510.309
1511.312
1512.315
1513.318
1514.32
1514.752
1515.184
1515.616
1516.048
1516.48
1516.912
1517.344
1517.776
1518.208
1518.64
1519.07
1519.507
1519.944
1520.381
1520.818
1521.255
1521.692
1522.129
1522.566
1523.003
1523.44
1523.877
1524.314
1524.751
1525.19
1525.416
1525.642
1525.868
1526.094
1526.32
1526.546
1526.772
1526.998
1527.224
1527.45
1527.676
1527.902
1528.128
1528.354
1528.58
1528.806
1529.032
1529.258
1529.484
1529.71
1529.898
1530.086
1530.274
1530.462
1530.65
1530.84
1531.176
1531.512
1531.848
1532.184
1532.52
1532.856
1533.192
1533.528
1533.864
1534.2
1534.536
1534.872
1535.208
1535.544
1535.88
1536.216
1536.549
1536.936
1537.323
1537.71
1538.097
1538.484
1538.871
1539.258
1539.645
1540.032
1540.419
1540.806
1541.193
1541.58
1541.967
1542.359
1542.822
1543.285
1543.748
1544.211
1544.674
1545.137
1545.6
1546.063
1546.526
1546.989
1547.452
1547.915
1548.378
1548.841
1549.304
1549.767
1550.23
1550.69
1551.133
1551.576
1552.019
1552.462
1552.905
1553.348
1553.791
1554.234
1554.677
1555.12
1555.563
1556.006
1556.449
1556.892
1557.335
1557.778
1558.221
1558.664
1559.1
1559.394
1559.688
1559.982
1560.276
1560.57
1560.864
1561.158
1561.452
1561.746
1562.04
1562.334
1562.628
1562.922
1563.216
1563.51
1563.804
1564.098
1564.399
1564.899
1565.399
1565.969
1566.539
1567.109
1567.679
1568.249
1568.819
1569.389
1569.959
1570.529
1571.099
1571.669
1572.239
1572.809
1573.379
1573.949
1574.519
1575.089
1575.659
1576.229
1576.48
1576.731
1576.982
1577.233
1577.484
1577.735
1577.986
1578.237
1578.488
1578.739
1578.99
1579.241
1579.492
1579.743
1579.994
1580.245
1580.5
1581.577
1582.654
1583.731
1584.808
1585.885
1586.962
1588.039
1588.548
1589.057
1589.566
1590.075
1590.584
1591.093
1591.602
1592.111
1592.62
1592.817
1593.014
1593.211
1593.408
1593.605
1593.802
1593.999
1594.196
1594.393
1594.59
1594.787
1594.984
1595.181
1595.379
1595.854
1596.329
1596.804
1597.279
1597.754
1598.229
1598.704
1599.179
1599.654
1600.129
1600.604
1601.079
1601.554
1602.029
1602.504
1602.979
1603.454
1603.929
1604.404
1604.879
1605.354
1605.83
1607.299
1607.479
1607.659
1607.839
1608.019
1608.199
1608.379
1608.724
1609.069
1609.414
1609.759
1610.104
1610.449
1610.794
1611.139
1611.484
1611.829
1612.174
1612.519
1612.864
1613.209
1613.554
1613.899
1614.24
1614.735
1615.23
1615.725
1616.22
1616.715
1617.21
1617.705
1618.2
1618.695
1619.19
1619.685
1620.18
1620.675
1621.17
1621.665
1622.16
1622.655
1623.15
1623.639
1623.903
1624.167
1624.431
1624.695
1624.959
1625.223
1625.49
1625.811
1626.132
1626.453
1626.774
1627.095
1627.416
1627.737
1628.058
1628.379
1628.7
1629.021
1629.342
1629.663
1629.984
1630.309
1633.09
1633.484
1633.878
1634.272
1634.666
1635.06
1635.454
1635.848
1636.242
1636.636
1637.03
1637.424
1637.818
1638.212
1638.606
1639.0
1639.399
1639.629
1639.859
1640.089
1640.319
1640.549
1640.779
1641.009
1641.24
1641.511
1641.782
1642.053
1642.324
1642.595
1642.866
1643.137
1643.408
1643.678
1643.949
1644.22
1644.491
1644.762
1645.033
1645.303
1645.574
1645.845
1646.109
1646.482
1646.855
1647.228
1647.601
1647.974
1648.347
1648.72
1649.093
1649.466
1649.839
1650.212
1650.585
1650.958
1651.331
1651.704
1652.077
1652.45
1652.823
1653.196
1653.569
1653.95
1654.195
1654.44
1654.685
1654.93
1655.175
1655.42
1655.665
1655.91
1656.155
1656.4
1656.645
1656.89
1657.135
1657.38
1657.625
1657.87
1658.115
1658.359
1658.713
1659.067
1659.421
1659.775
1660.129
1660.483
1660.837
1661.191
1661.545
1661.899
1662.253
1662.607
1662.961
1663.315
1663.669
1664.023
1664.379
1664.654
1664.929
1665.204
1665.479
1665.754
1666.029
1666.304
1666.579
1666.854
1667.13
1667.463
1667.796
1668.129
1668.462
1668.795
1669.13
1669.426
1669.722
1670.018
1670.314
1670.61
1670.906
1671.202
1671.498
1671.794
1672.09
1672.386
1672.682
1672.978
1673.274
1673.57
1673.866
1674.162
1674.458
1674.754
1675.05
1675.346
1675.649
1675.884
1676.119
1676.354
1676.589
1676.824
1677.059
1677.294
1677.529
1677.764
1677.999
1678.234
1678.469
1678.704
1678.939
1679.174
1679.409
1679.644
1679.879
1680.114
1680.35
1680.65
1680.95
1681.25
1681.549
1681.875
1682.201
1682.527
1682.853
1683.179
1683.505
1683.831
1684.157
1684.483
1684.809
1685.135
1685.461
1685.787
1686.113
1686.439
1686.765
1687.091
1687.417
1687.75
1688.045
1688.34
1688.635
1688.93
1689.225
1689.52
1689.815
1690.11
1690.409
1690.706
1691.003
1691.3
1691.597
1691.894
1692.191
1692.488
1692.785
1693.082
1693.379
1693.676
1693.973
1694.27
1694.567
1694.864
1695.161
1695.458
1695.755
1696.052
1696.349
1696.649
1697.207
1697.765
1698.323
1698.881
1699.439
1699.997
1700.555
1701.113
1701.671
1702.229
1702.789
1703.185
1703.581
1703.977
1704.373
1704.769
1705.165
1705.561
1705.957
1706.353
1706.749
1707.149
1707.497
1707.845
1708.193
1708.541
1708.889
1709.237
1709.585
1709.933
1710.281
1710.629
1710.977
1711.325
1711.669
1712.104
1712.539
1712.974
1713.409
1713.844
1714.279
1714.714
1715.149
1715.584
1716.019
1716.454
1716.889
1717.324
1717.759
1718.194
1718.629
1719.07
1719.451
1719.832
1720.213
1720.594
1720.975
1721.356
1721.737
1722.118
1722.499
1722.88
1723.261
1723.642
1724.023
1724.404
1724.785
1725.166
1725.539
1726.982
1728.425
1729.869
1730.154
1730.439
1730.724
1731.009
1731.294
1731.579
1731.864
1732.149
1732.434
1732.719
1733.004
1733.289
1733.574
1733.859
1734.144
1734.429
1734.719
1735.193
1735.667
1736.141
1736.615
1737.089
1737.563
1738.039
1738.463
1738.887
1739.311
1739.735
1740.159
1740.583
1741.007
1741.431
1741.855
1742.279
1742.703
1743.127
1743.551
1743.975
1744.399
1744.822
1745.245
1745.668
1746.091
1746.509
1746.833
1747.157
1747.481
1747.805
1748.129
1748.453
1748.777
1749.101
1749.425
1749.749
1750.073
1750.397
1750.721
1751.045
1751.369
1751.693
1752.017
1752.341
1752.665
1752.989
1753.313
1753.63
1754.026
1754.422
1754.818
1755.214
1755.61
1756.006
1756.402
1756.798
1757.194
1757.59
1757.986
1758.382
1758.778
1759.174
1759.57
1759.96
1760.355
1760.75
1761.145
1761.54
1761.935
1762.33
1762.725
1763.12
1763.515
1763.91
1764.309
1764.612
1764.915
1765.218
1765.521
1765.824
1766.127
1766.43
1766.733
1767.036
1767.339
1767.642
1767.945
1768.248
1768.551
1768.854
1769.157
1769.46
1769.763
1770.059
1770.459
1770.859
1771.259
1771.649
1772.039
1772.429
1772.819
1773.209
1773.599
1773.989
1774.379
1774.769
1775.159
1775.549
1775.939
1776.329
1776.719
1777.109
1777.499
1777.889
1778.279
1778.669
1779.059
1779.515
1779.971
1780.427
1780.883
1781.339
1781.795
1782.251
1782.707
1783.159
1783.769
1784.379
1784.989
1785.599
1786.209
1786.819
1787.429
1788.039
1788.649
1789.259
1789.67
1790.081
1790.492
1790.903
1791.314
1791.725
1792.136
1792.547
1792.958
1793.369
1793.78
1794.191
1794.602
1795.013
1795.419
1795.86
1796.301
1796.742
1797.183
1797.624
1798.065
1798.506
1798.947
1799.388
1799.829
1800.27
1800.71
1800.95
1801.19
1801.43
1801.67
1801.91
1802.15
1802.39
1802.63
1802.87
1803.11
1803.35
1803.59
1803.83
1804.07
1804.31
1804.55
1804.79
1805.03
1805.27
1805.519
1805.769
1806.019
1806.269
1806.519
1806.817
1807.115
1807.413
1807.711
1808.009
1808.307
1808.605
1808.903
1809.201
1809.499
1809.797
1810.095
1810.393
1810.691
1810.989
1811.287
1811.585
1811.879
1812.194
1812.509
1812.824
1813.139
1813.454
1813.769
1814.084
1814.399
1814.714
1815.029
1815.344
1815.659
1815.974
1816.289
1816.604
1816.919
1817.234
1817.549
1817.869
1818.364
1818.859
1819.354
1819.85
1820.13
1820.41
1820.69
1820.97
1821.25
1821.53
1821.81
1822.09
1822.37
1822.649
1822.928
1823.208
1823.488
1823.768
1824.048
1824.328
1824.608
1824.888
1825.168
1825.44
1825.732
1826.024
1826.316
1826.608
1826.9
1827.192
1827.484
1827.776
1828.068
1828.36
1828.652
1828.944
1829.236
1829.528
1829.82
1830.112
1830.404
1830.696
1830.989
1831.51
1832.031
1832.552
1833.073
1833.594
1834.115
1834.636
1835.157
1835.678
1836.199
1836.72
1837.241
1837.762
1838.283
1838.799
1839.368
1839.937
1840.506
1841.075
1841.644
1842.213
1842.782
1843.349
1843.661
1843.973
1844.285
1844.597
1844.909
1845.22
1845.496
1845.772
1846.048
1846.324
1846.6
1846.876
1847.152
1847.428
1847.704
1847.98
1848.256
1848.532
1848.808
1849.084
1849.36
1849.636
1849.912
1850.188
1850.464
1850.74
1851.019
1853.82
1854.198
1854.576
1854.954
1855.332
1855.71
1856.088
1856.466
1856.844
1857.222
1857.6
1857.978
1858.356
1858.734
1859.112
1859.49
1859.868
1860.239
1860.596
1860.953
1861.309
1861.663
1862.017
1862.371
1862.725
1863.079
1863.433
1863.787
1864.141
1864.495
1864.849
1865.203
1865.557
1865.911
1866.265
1866.619
1866.973
1867.327
1867.681
1868.039
1868.356
1868.673
1868.99
1869.307
1869.624
1869.941
1870.258
1870.575
1870.892
1871.209
1871.526
1871.843
1872.16
1872.477
1872.794
1873.111
1873.429
1873.922
1874.415
1874.909
1875.368
1875.827
1876.286
1876.745
1877.204
1877.663
1878.119
1878.358
1878.597
1878.836
1879.075
1879.314
1879.553
1879.792
1880.031
1880.27
1880.509
1880.748
1880.987
1881.226
1881.465
1881.704
1881.943
1882.182
1882.421
1882.66
1882.899
1883.139
1883.674
1884.209
1884.744
1885.279
1885.814
1886.349
1886.884
1887.419
1887.954
1888.489
1889.024
1889.559
1890.094
1890.629
1891.007
1891.385
1891.763
1892.141
1892.519
1892.897
1893.275
1893.653
1894.031
1894.409
1894.787
1895.165
1895.543
1895.921
1896.299
1896.677
1897.055
1897.433
1897.811
1898.19
1898.648
1899.106
1899.564
1900.022
1900.48
1900.94
1901.181
1901.422
1901.663
1901.904
1902.145
1902.386
1902.627
1902.868
1903.109
1903.35
1903.591
1903.832
1904.073
1904.314
1904.555
1904.796
1905.037
1905.278
1905.519
1905.76
1906.001
1906.25
1906.488
1906.726
1906.964
1907.202
1907.44
1907.678
1907.916
1908.154
1908.392
1908.63
1908.868
1909.106
1909.344
1909.582
1909.82
1910.058
1910.296
1910.534
1910.772
1911.01
1911.239
1911.711
1912.183
1912.655
1913.127
1913.599
1914.071
1914.543
1915.015
1915.489
1915.968
1916.447
1916.926
1917.405
1917.884
1918.363
1918.842
1919.321
1919.8
1920.279
1920.758
1921.237
1921.716
1922.195
1922.674
1923.153
1923.639
1924.241
1924.843
1925.445
1926.047
1926.649
1927.249
1927.738
1928.227
1928.716
1929.205
1929.694
1930.183
1930.672
1931.161
1931.65
1932.139
1932.628
1933.117
1933.606
1934.095
1934.584
1935.073
1935.562
1936.051
1936.549
1936.882
1937.215
1937.548
1937.881
1938.214
1938.547
1938.879
1939.242
1939.605
1939.968
1940.331
1940.694
1941.057
1941.42
1941.783
1942.146
1942.509
1942.872
1943.235
1943.598
1943.961
1944.324
1944.687
1945.05
1945.413
1945.776
1946.139
1946.499
1946.715
1946.931
1947.147
1947.363
1947.579
1947.795
1948.011
1948.227
1948.443
1948.659
1948.87
1949.089
1949.308
1949.527
1949.746
1949.965
1950.184
1950.403
1950.622
1950.841
1951.06
1951.279
1951.498
1951.717
1951.936
1952.155
1952.374
1952.593
1952.812
1953.031
1953.25
1953.469
1953.69
1953.99
1954.29
1954.59
1954.89
1955.19
1955.49
1955.79
1956.09
1956.39
1956.69
1956.99
1957.29
1957.59
1957.89
1958.19
1958.49
1958.79
1959.09
1959.399
1959.708
1960.017
1960.326
1960.635
1960.944
1961.253
1961.559
1961.852
1962.145
1962.438
1962.731
1963.024
1963.317
1963.61
1963.903
1964.196
1964.489
1964.782
1965.075
1965.368
1965.661
1965.954
1966.247
1966.54
1966.839
1967.271
1967.704
1968.137
1968.57
1969.003
1969.436
1969.869
1970.302
1970.735
1971.168
1971.601
1972.029
1972.304
1972.579
1972.854
1973.129
1973.404
1973.679
1974.009
1974.339
1974.669
1974.999
1975.329
1975.659
1975.989
1976.319
1976.649
1976.979
1977.309
1977.639
1977.969
1978.299
1978.629
1978.959
1979.289
1979.506
1979.723
1979.94
1980.157
1980.374
1980.589
1980.865
1981.141
1981.417
1981.693
1981.969
1982.245
1982.521
1982.797
1983.073
1983.349
1983.625
1983.901
1984.177
1984.453
1984.729
1985.005
1985.281
1985.557
1985.833
1986.109
1986.379
1986.617
1986.855
1987.093
1987.331
1987.57
1987.826
1988.082
1988.338
1988.594
1988.85
1989.106
1989.362
1989.618
1989.874
1990.13
1990.386
1990.642
1990.898
1991.154
1991.41
1991.659
1991.881
1992.103
1992.325
1992.547
1992.769
1993.133
1993.497
1993.861
1994.225
1994.589
1994.953
1995.317
1995.681
1996.045
1996.409
1996.773
1997.137
1997.501
1997.865
1998.229
1998.589
1998.94
1999.291
1999.642
1999.993
2000.344
2000.695
2001.046
2001.397
2001.748
2002.099
2002.45
2002.801
2003.152
2003.503
2003.854
2004.205
2004.556
2004.907
2005.258
2005.6
2005.875
2006.15
2006.425
2006.7
2006.975
2007.25
2007.525
2007.8
2008.075
2008.35
2008.625
2008.9
2009.175
2009.45
2009.725
2010.0
2010.275
2010.55
2010.82
2011.546
2012.272
2012.998
2013.724
2014.45
2015.176
2015.902
2016.628
2017.354
2018.08
2018.806
2019.532
2020.258
2020.98
2021.338
2021.696
2022.054
2022.412
2022.77
2023.128
2023.486
2023.844
2024.202
2024.56
2024.918
2025.276
2025.634
2025.992
2026.35
2026.709
2028.072
2029.435
2030.799
2031.191
2031.583
2031.975
2032.367
2032.759
2033.151
2033.543
2033.935
2034.327
2034.719
2035.111
2035.503
2035.895
2036.287
2036.679
2037.071
2037.463
2037.855
2038.249
2038.562
2038.875
2039.188
2039.501
2039.814
2040.127
2040.44
2040.753
2041.066
2041.379
2041.791
2042.203
2042.615
2043.027
2043.439
2043.851
2044.263
2044.675
2045.087
2045.499
2045.911
2046.323
2046.735
2047.149
2047.686
2048.223
2048.76
2049.297
2049.834
2050.371
2050.908
2051.445
2051.982
2052.519
2053.056
2053.593
2054.13
2054.667
2055.204
2055.741
2056.27
2057.97
2058.195
2058.42
2058.645
2058.87
2059.095
2059.32
2059.545
2059.77
2059.995
2060.22
2060.445
2060.67
2060.895
2061.12
2061.345
2061.57
2061.795
2062.02
2062.245
2062.47
2062.719
2062.968
2063.217
2063.466
2063.715
2063.964
2064.213
2064.462
2064.711
2064.96
2065.209
2065.458
2065.707
2065.956
2066.205
2066.454
2066.703
2066.952
2067.201
2067.451
2067.682
2067.913
2068.144
2068.375
2068.606
2068.837
2069.068
2069.299
2069.53
2069.761
2069.992
2070.223
2070.454
2070.685
2070.916
2071.147
2071.378
2071.609
2071.84
2072.071
2072.302
2072.529
2072.871
2073.213
2073.555
2073.897
2074.239
2074.581
2074.923
2075.265
2075.607
2075.949
2076.291
2076.633
2076.975
2077.317
2077.659
2078.001
2078.343
2078.685
2079.027
2079.369
2079.711
2080.053
2080.395
2080.74
2081.248
2081.756
2082.264
2082.772
2083.28
2083.788
2084.296
2084.804
2085.309
2085.601
2085.893
2086.185
2086.477
2086.769
2087.061
2087.353
2087.645
2087.937
2088.229
2088.521
2088.809
2089.108
2089.407
2089.706
2090.005
2090.304
2090.603
2090.902
2091.201
2091.5
2091.799
2092.098
2092.397
2092.696
2092.995
2093.294
2093.593
2093.892
2094.191
2094.49
2094.789
2095.089
2095.659
2096.229
2096.799
2097.369
2097.939
2098.509
2099.079
2099.649
2100.219
2100.789
2101.359
2101.929
2102.5
2102.768
2103.036
2103.304
2103.572
2103.84
2104.108
2104.376
2104.644
2104.912
2105.18
2105.448
2105.716
2105.98
2106.274
2106.568
2106.862
2107.156
2107.45
2107.744
2108.038
2108.332
2108.626
2108.92
2109.214
2109.508
2109.799
2110.171
2110.543
2110.915
2111.287
2111.659
2112.031
2112.403
2112.775
2113.147
2113.519
2113.891
2114.263
2114.635
2115.007
2115.379
2115.75
2116.122
2116.494
2116.867
2117.24
2117.612
2117.985
2118.358
2118.731
2119.104
2119.476
2119.849
2120.222
2120.595
2120.967
2121.34
2121.713
2122.086
2122.458
2122.831
2123.2
2123.519
2123.838
2124.157
2124.476
2124.795
2125.114
2125.433
2125.752
2126.071
2126.39
2126.709
2127.028
2127.347
2127.666
2127.985
2128.304
2128.619
2129.497
2130.375
2131.253
2132.131
2133.009
2133.887
2134.765
2135.643
2136.521
2137.399
2138.277
2139.155
2140.033
2140.911
2141.789
2142.667
2143.549
2143.768
2143.987
2144.206
2144.425
2144.644
2144.863
2145.082
2145.301
2145.52
2145.739
2145.958
2146.177
2146.396
2146.615
2146.834
2147.053
2147.272
2147.491
2147.71
2147.92
2148.167
2148.414
2148.661
2148.908
2149.155
2149.402
2149.649
2149.896
2150.143
2150.39
2150.637
2150.884
2151.131
2151.378
2151.625
2151.872
2152.119
2152.359
2152.599
2152.839
2153.079
2153.319
2153.559
2153.8
2154.007
2154.214
2154.421
2154.628
2154.835
2155.042
2155.249
2155.456
2155.663
2155.87
2156.077
2156.284
2156.491
2156.698
2156.905
2157.112
2157.319
2157.526
2157.73
2158.77
2159.809
2160.351
2160.893
2161.435
2161.977
2162.519
2163.061
2163.603
2164.145
2164.687
2165.229
2165.771
2166.313
2166.855
2167.397
2167.939
2168.481
2169.023
2169.559
2169.839
2170.119
2170.399
2170.679
2170.959
2171.239
2171.519
2171.799
2172.079
2172.566
2173.053
2173.54
2174.027
2174.514
2175.001
2175.488
2175.975
2176.462
2176.949
2177.436
2177.923
2178.41
2178.897
2179.384
2179.869
2180.303
2180.737
2181.17
2181.469
2181.768
2182.067
2182.366
2182.665
2182.964
2183.263
2183.562
2183.861
2184.16
2184.459
2184.758
2185.057
2185.356
2185.655
2185.96
2186.225
2186.49
2186.755
2187.02
2187.285
2187.55
2187.815
2188.08
2188.345
2188.61
2188.875
2189.14
2189.405
2189.67
2189.935
2190.2
2190.465
2190.73
2191.093
2191.456
2191.819
2192.182
2192.545
2192.91
2193.267
2193.624
2193.981
2194.338
2194.695
2195.052
2195.409
2195.766
2196.123
2196.48
2196.837
2197.194
2197.551
2197.908
2198.265
2198.622
2198.979
2199.339
2199.773
2200.207
2200.641
2201.075
2201.509
2201.943
2202.377
2202.811
2203.245
2203.679
2204.113
2204.547
2204.981
2205.415
2205.849
2206.283
2206.717
2207.151
2207.579
2207.907
2208.235
2208.563
2208.891
2209.219
2209.547
2209.875
2210.203
2210.531
2210.859
2211.187
2211.515
2211.843
2212.17
2212.462
2212.754
2213.046
2213.338
2213.63
2213.922
2214.214
2214.506
2214.798
2215.089
2215.491
2215.893
2216.295
2216.697
2217.099
2217.501
2217.903
2218.305
2218.707
2219.109
2219.511
2219.913
2220.315
2220.717
2221.119
2221.521
2221.92
2222.208
2222.496
2222.784
2223.072
2223.359
2223.725
2224.091
2224.457
2224.823
2225.189
2225.555
2225.921
2226.287
2226.653
2227.019
2227.385
2227.751
2228.117
2228.483
2228.849
2229.215
2229.581
2229.95
2230.196
2230.442
2230.688
2230.934
2231.18
2231.426
2231.672
2231.918
2232.164
2232.41
2232.656
2232.902
2233.148
2233.4
2233.731
2234.062
2234.392
2234.722
2235.053
2235.383
2235.713
2236.044
2236.374
2236.704
2237.035
2237.365
2237.695
2238.026
2238.356
2238.687
2239.017
2239.349
2239.849
2240.349
2240.704
2241.059
2241.414
2241.769
2242.124
2242.479
2242.834
2243.189
2243.544
2243.899
2244.254
2244.609
2244.964
2245.319
2245.674
2246.029
2246.38
2246.634
2246.888
2247.142
2247.396
2247.65
2247.904
2248.158
2248.412
2248.666
2248.92
2249.355
2249.79
2250.225
2250.66
2251.095
2251.53
2251.965
2252.4
2252.835
2253.27
2253.705
2254.14
2254.575
2255.01
2255.445
2255.88
2256.88
2257.211
2257.542
2257.873
2258.204
2258.535
2258.866
2259.197
2259.528
2259.859
2260.19
2260.521
2260.852
2261.183
2261.514
2261.845
2262.176
2262.507
2262.839
2263.422
2264.005
2264.588
2265.171
2265.754
2266.337
2266.92
2267.503
2268.086
2268.669
2269.252
2269.83
2270.084
2270.338
2270.592
2270.846
2271.1
2271.354
2271.608
2271.862
2272.116
2272.37
2272.624
2272.878
2273.132
2273.386
2273.64
2273.894
2274.14
2274.463
2274.786
2275.109
2275.432
2275.755
2276.078
2276.401
2276.724
2277.047
2277.37
2277.693
2278.016
2278.339
2278.662
2278.985
2279.309
2279.567
2279.825
2280.083
2280.341
2280.599
2280.857
2281.115
2281.373
2281.631
2281.889
2282.147
2282.405
2282.663
2282.921
2283.179
2283.437
2283.695
2283.953
2284.211
2284.47
2284.788
2285.106
2285.424
2285.742
2286.06
2286.378
2286.696
2287.014
2287.332
2287.65
2287.968
2288.286
2288.599
2288.954
2289.309
2289.664
2290.019
2290.374
2290.729
2291.084
2291.439
2291.794
2292.149
2292.504
2292.859
2293.214
2293.569
2293.924
2294.279
2294.63
2294.871
2295.112
2295.353
2295.594
2295.835
2296.076
2296.317
2296.558
2296.799
2297.04
2297.281
2297.522
2297.763
2298.004
2298.245
2298.486
2298.72
2299.335
2299.95
2300.565
2301.18
2301.795
2302.41
2303.025
2303.64
2304.255
2304.87
2305.485
2306.1
2306.715
2307.329
2307.562
2307.795
2308.028
2308.261
2308.494
2308.727
2308.96
2309.19
2309.508
2309.825
2310.142
2310.459
2310.776
2311.093
2311.41
2311.727
2312.044
2312.361
2312.678
2313.0
2313.241
2313.482
2313.723
2313.964
2314.205
2314.446
2314.687
2314.928
2315.169
2315.41
2315.651
2315.892
2316.133
2316.374
2316.615
2316.856
2317.097
2317.338
2317.57
2317.851
2318.132
2318.413
2318.694
2318.975
2319.256
2319.537
2319.818
2320.099
2320.38
2320.661
2320.942
2321.223
2321.504
2321.785
2322.066
2322.347
2322.63
2323.149
2323.668
2324.187
2324.706
2325.225
2325.744
2326.26
2326.657
2327.054
2327.451
2327.848
2328.245
2328.642
2329.039
2329.436
2329.833
2330.23
2330.627
2331.024
2331.421
2331.818
2332.215
2332.612
2333.009
2333.406
2333.799
2334.268
2334.737
2335.206
2335.675
2336.144
2336.613
2337.082
2337.551
2338.02
2338.489
2338.958
2339.427
2339.896
2340.365
2340.834
2341.303
2341.78
2342.07
2342.36
2342.65
2342.94
2343.23
2343.52
2343.81
2344.1
2344.39
2344.68
2344.97
2345.455
2345.94
2346.425
2346.91
2347.395
2347.88
2348.365
2348.85
2349.335
2349.82
2350.305
2350.79
2351.275
2351.76
2352.245
2352.73
2353.21
2353.486
2353.762
2354.038
2354.314
2354.589
2354.877
2355.165
2355.453
2355.741
2356.029
2356.317
2356.605
2356.893
2357.181
2357.469
2357.757
2358.045
2358.333
2358.621
2358.909
2359.197
2359.485
2359.78
2360.099
2360.418
2360.737
2361.056
2361.375
2361.694
2362.013
2362.332
2362.651
2362.97
2363.289
2363.608
2363.927
2364.246
2364.56
2365.56
2365.825
2366.09
2366.355
2366.62
2366.885
2367.15
2367.415
2367.68
2367.945
2368.21
2368.475
2368.74
2369.005
2369.27
2369.535
2369.8
2370.069
2370.49
2370.911
2371.332
2371.753
2372.174
2372.595
2373.016
2373.437
2373.859
2374.14
2374.421
2374.702
2374.983
2375.264
2375.545
2375.826
2376.107
2376.388
2376.669
2376.95
2377.231
2377.512
2377.793
2378.074
2378.355
2378.636
2378.92
2379.328
2379.736
2380.144
2380.552
2380.96
2381.368
2381.776
2382.184
2382.592
2383.0
2383.41
2383.966
2384.522
2385.078
2385.634
2386.19
2386.746
2387.302
2387.858
2388.414
2388.97
2389.526
2390.082
2390.638
2391.194
2391.75
2392.306
2392.869
2393.357
2393.845
2394.333
2394.821
2395.309
2395.797
2396.285
2396.773
2397.261
2397.749
2398.237
2398.725
2399.213
2399.7
2400.026
2400.352
2400.678
2401.004
2401.33
2401.656
2401.982
2402.308
2402.634
2402.96
2403.286
2403.612
2403.938
2404.264
2404.59
2404.916
2405.25
2405.627
2406.004
2406.381
2406.758
2407.135
2407.512
2407.889
2408.266
2408.643
2409.02
2409.397
2409.774
2410.151
2410.528
2410.9
2411.514
2412.128
2412.742
2413.356
2413.97
2414.401
2414.832
2415.263
2415.694
2416.125
2416.556
2416.987
2417.418
2417.849
2418.28
2418.711
2419.142
2419.573
2420.004
2420.435
2420.866
2421.297
2421.73
2422.691
2423.652
2424.613
2425.574
2426.535
2427.496
2428.457
2429.418
2430.379
2431.34
2432.299
2432.596
2432.893
2433.19
2433.487
2433.784
2434.081
2434.378
2434.675
2434.972
2435.269
2435.566
2435.863
2436.16
2436.457
2436.761
2437.19
2437.619
2438.048
2438.477
2438.906
2439.335
2439.764
2440.193
2440.622
2441.051
2441.48
2441.909
2442.338
2442.767
2443.19
2443.509
2443.828
2444.147
2444.466
2444.785
2445.104
2445.423
2445.742
2446.061
2446.38
2446.699
2447.018
2447.337
2447.656
2447.97
2448.391
2448.812
2449.233
2449.654
2450.075
2450.496
2450.917
2451.338
2451.759
2452.18
2452.601
2453.022
2453.443
2453.864
2454.289
2454.725
2455.161
2455.597
2456.033
2456.469
2456.905
2457.341
2457.777
2458.213
2458.65
2459.043
2459.436
2459.829
2460.222
2460.615
2461.008
2461.401
2461.794
2462.19
2462.697
2463.204
2463.711
2464.218
2464.725
2465.232
2465.739
2466.246
2466.753
2467.26
2467.767
2468.274
2468.781
2469.288
2469.79
2470.016
2470.242
2470.468
2470.694
2470.92
2471.233
2471.546
2471.859
2472.172
2472.485
2472.798
2473.111
2473.424
2473.737
2474.05
2474.363
2474.676
2474.989
2475.302
2475.615
2475.928
2476.241
2476.559
2477.757
2478.955
2480.153
2481.351
2482.549
2483.747
2484.945
2486.143
2487.341
2488.539
2489.74
2489.74
