22.08
22.487
22.895
23.303
23.71
24.097
24.484
24.871
25.258
25.645
26.032
26.419
26.806
27.19
27.381
27.572
27.763
27.954
28.145
28.336
28.527
28.718
28.91
29.293
29.676
30.059
30.442
30.825
31.21
31.468
31.726
31.984
32.242
32.5
32.759
33.055
33.351
33.647
33.943
34.239
34.535
34.831
35.127
35.423
35.719
36.02
36.449
36.878
37.307
37.736
38.165
38.594
39.023
39.452
39.881
40.31
40.739
41.17
41.689
42.208
42.727
43.246
43.765
44.284
44.803
45.322
45.841
46.36
46.769
47.178
47.587
47.996
48.405
48.814
49.223
49.632
50.04
50.46
50.88
51.3
51.527
51.754
51.981
52.208
52.435
52.66
52.949
53.238
53.527
53.815
54.05
54.285
54.52
54.755
54.99
55.225
55.46
55.695
55.93
56.165
56.4
56.635
56.87
57.17
57.47
57.77
58.07
58.37
58.67
58.97
59.27
59.963
60.656
61.349
62.04
62.388
62.736
63.084
63.432
63.78
64.046
64.312
64.578
64.844
65.11
65.422
65.734
66.046
66.358
66.67
66.982
67.294
67.606
67.918
68.23
68.542
68.85
69.172
69.494
69.816
70.138
70.46
70.78
71.072
71.364
71.656
71.948
72.24
72.532
72.824
73.116
73.408
73.7
73.992
74.28
74.557
74.834
75.111
75.388
75.665
75.942
76.219
76.496
76.773
77.05
77.327
77.599
77.79
77.981
78.172
78.363
78.554
78.745
78.936
79.127
79.318
79.509
79.7
79.89
80.094
80.298
80.502
80.706
80.91
81.114
81.318
81.522
81.726
81.93
82.13
82.41
82.69
82.97
83.25
83.53
83.81
84.09
84.37
84.72
85.07
85.42
85.77
86.12
86.47
86.82
87.17
87.52
87.87
88.148
88.426
88.704
88.982
89.26
89.538
89.816
90.094
90.37
90.57
90.77
90.97
91.17
91.37
91.57
91.77
91.97
92.17
92.37
92.595
92.82
93.045
93.27
93.495
93.72
93.945
94.17
94.537
94.904
95.271
95.638
96.005
96.372
96.739
97.106
97.469
97.627
97.785
97.943
98.101
98.26
98.675
99.09
99.505
99.92
100.335
100.75
101.082
101.414
101.746
102.078
102.41
102.74
103.031
103.322
103.613
103.904
104.195
104.486
104.78
105.027
105.274
105.521
105.768
106.015
106.262
106.509
106.756
107.003
107.25
107.497
107.742
108.205
108.668
109.13
109.38
109.63
109.88
110.13
110.347
110.564
110.781
111.0
111.245
111.49
111.735
111.98
112.8
113.62
113.91
114.2
114.49
114.78
115.14
115.5
115.88
116.26
116.64
116.888
117.136
117.383
117.63
117.89
118.15
118.41
118.67
118.93
119.19
119.45
119.753
120.056
120.359
120.662
120.965
121.268
121.571
121.874
122.18
122.445
122.71
122.975
123.24
123.592
123.944
124.296
124.648
125.0
125.35
125.6
125.85
126.1
126.35
126.6
126.85
127.1
127.35
127.6
127.85
128.407
128.964
129.521
130.078
130.635
131.192
131.75
131.94
132.13
132.32
132.51
132.7
132.89
133.08
133.27
133.46
133.65
133.84
134.03
134.462
134.894
135.326
135.758
136.19
136.62
136.945
137.27
137.595
137.92
138.245
138.57
138.895
139.22
139.553
139.886
140.219
140.552
140.885
141.22
141.428
141.636
141.844
142.052
142.26
142.468
142.676
142.884
143.092
143.3
143.509
143.704
143.899
144.094
144.289
144.484
144.679
144.874
145.069
145.264
145.459
145.654
145.849
146.05
146.305
146.56
146.815
147.07
147.325
147.58
147.835
148.09
148.345
148.6
148.855
149.11
149.36
149.543
149.726
149.909
150.092
150.275
150.46
150.656
150.852
151.048
151.244
151.44
151.882
152.324
152.766
153.208
153.65
154.092
154.534
154.976
155.42
155.705
155.99
156.275
156.56
156.814
157.068
157.322
157.576
157.83
158.084
158.336
158.638
158.94
159.242
159.544
159.846
160.148
160.45
160.75
161.075
161.4
161.725
162.05
162.375
162.7
163.025
163.352
163.654
163.956
164.258
164.56
164.926
165.292
165.658
166.024
166.39
166.756
167.122
167.488
167.85
168.184
168.518
168.852
169.186
169.52
169.854
170.188
170.52
171.074
171.628
172.182
172.736
173.29
173.72
174.15
174.47
174.79
175.324
175.858
176.392
176.926
177.46
178.377
179.294
180.212
181.129
182.046
182.963
183.88
184.8
185.051
185.302
185.553
185.804
186.055
186.306
186.56
188.2
188.914
189.83
190.184
190.538
190.872
191.206
191.54
191.874
192.208
192.542
192.876
193.21
194.315
195.42
196.525
197.63
198.735
199.84
200.945
202.05
202.403
202.755
203.107
203.459
203.811
204.163
204.516
204.87
205.423
205.976
206.529
207.082
207.635
208.19
208.527
208.864
209.201
209.538
209.875
210.212
210.549
210.886
211.223
211.56
211.897
212.23
212.558
212.886
213.214
213.542
213.87
214.198
214.526
214.854
215.18
215.882
216.584
217.286
217.988
218.69
219.005
219.32
219.635
219.95
220.265
220.58
220.8
221.02
221.24
221.46
221.68
222.268
222.856
223.444
224.031
224.619
225.207
225.794
226.38
226.598
226.816
227.034
227.252
227.47
227.688
227.906
228.124
228.342
228.56
229.015
229.47
229.925
230.38
230.835
231.29
231.745
232.2
232.655
233.11
233.565
234.02
234.626
235.232
235.838
236.444
237.05
237.657
237.879
238.101
238.323
238.545
238.767
238.99
239.526
240.062
240.598
241.134
241.67
242.206
242.742
243.28
243.568
243.856
244.144
244.432
244.72
245.008
245.296
245.587
246.581
246.829
247.078
247.327
247.576
247.825
248.073
248.322
248.569
248.988
249.407
249.827
250.114
250.401
250.688
250.975
251.262
251.549
251.836
252.123
252.41
252.677
252.944
253.211
253.478
253.745
254.012
254.279
254.546
254.813
255.08
255.347
255.61
256.043
256.476
256.91
261.65
266.39
271.13
275.87
276.106
276.342
276.578
276.814
277.05
277.286
277.52
277.935
278.35
278.765
279.18
279.595
280.01
280.425
280.84
281.148
281.456
281.764
282.072
282.38
282.688
282.996
283.304
283.612
283.92
284.228
284.536
284.84
285.089
285.338
285.587
285.836
286.085
286.334
286.583
286.829
287.037
287.245
287.453
287.661
287.869
288.077
288.285
288.493
288.701
288.909
289.12
289.238
289.356
289.474
289.592
289.71
289.993
290.276
290.559
290.84
292.068
293.296
294.524
295.752
296.98
297.465
297.95
298.435
298.92
299.187
299.454
299.721
299.988
300.255
300.522
300.789
301.056
301.323
301.59
302.02
302.45
302.88
303.31
303.74
304.17
304.357
304.544
304.73
305.05
305.37
305.69
306.01
306.33
306.65
307.61
308.57
309.53
310.49
311.45
312.41
313.37
314.33
315.29
316.25
317.21
318.17
318.35
318.53
318.71
318.89
319.07
319.25
319.465
319.68
319.895
320.11
320.325
320.54
320.755
320.97
321.33
321.69
322.05
322.41
322.77
323.13
323.43
323.73
324.03
324.33
324.63
324.93
325.23
325.53
325.83
326.13
326.43
326.68
326.93
327.18
327.43
327.68
327.93
328.18
328.43
328.68
328.93
329.157
329.384
329.611
329.838
330.065
330.292
330.519
330.746
330.973
331.2
331.426
331.606
331.786
331.966
332.146
332.326
332.506
332.686
332.866
333.05
333.273
333.496
333.719
333.942
334.165
334.388
334.611
334.834
335.057
335.28
335.503
335.726
335.949
336.17
336.466
336.762
337.058
337.354
337.65
337.946
338.242
338.54
338.984
339.428
339.872
340.316
340.76
340.953
341.146
341.339
341.532
341.725
341.918
342.111
342.304
342.497
342.69
343.105
343.52
343.935
344.35
344.765
345.18
345.595
346.01
346.425
346.84
347.239
347.638
348.037
348.436
348.835
349.234
349.63
350.049
350.468
350.887
351.306
351.725
352.144
352.563
352.98
353.197
353.414
353.631
353.848
354.066
354.284
354.501
354.72
354.916
355.112
355.308
355.504
355.7
355.896
356.092
356.288
356.484
356.678
356.98
357.282
357.584
357.886
358.188
358.49
358.792
359.094
359.396
359.7
359.992
360.284
360.576
360.868
361.16
361.452
361.744
362.036
362.328
362.62
362.91
364.028
365.146
366.264
367.382
368.5
369.618
370.736
371.854
372.974
373.176
373.378
373.58
373.782
373.984
374.186
374.39
375.12
375.85
376.58
377.31
378.04
378.77
379.5
380.23
380.827
381.424
382.021
382.618
383.215
383.812
384.409
385.006
385.603
386.2
386.797
387.394
387.991
388.588
389.185
389.78
390.473
391.166
391.859
392.552
393.245
393.94
395.88
396.174
396.468
396.762
397.056
397.35
397.644
397.938
398.232
398.522
398.766
399.01
399.254
399.498
399.742
399.986
400.23
400.486
400.742
400.998
401.254
401.437
401.62
401.803
401.986
402.17
402.383
402.596
402.809
403.022
403.235
403.448
403.661
403.874
404.087
404.3
404.513
405.002
405.491
405.98
406.469
406.958
407.447
407.936
408.424
408.698
408.972
409.246
409.52
409.794
410.068
410.34
410.638
410.936
411.234
411.532
411.83
412.156
412.482
412.808
413.134
413.46
413.786
414.11
414.388
414.666
414.944
415.222
415.5
415.776
416.007
416.238
416.469
416.7
416.93
417.305
417.68
418.055
418.43
418.805
419.18
419.57
419.96
424.66
425.134
425.608
426.082
426.556
427.03
427.504
427.978
428.452
428.928
429.253
429.578
429.903
430.228
430.553
430.878
431.203
431.528
431.856
433.615
435.374
437.133
438.892
440.65
441.356
442.062
442.768
443.474
444.18
444.886
445.592
446.298
447.0
447.865
448.73
449.595
450.46
451.325
452.19
453.055
453.92
454.785
455.65
458.485
458.966
459.447
460.89
461.085
461.28
461.475
461.67
461.865
462.06
462.255
462.45
462.7
462.95
463.442
463.934
464.426
464.918
465.41
465.902
466.394
466.886
467.378
467.87
468.362
468.854
469.34
469.525
469.71
469.895
470.08
470.265
470.45
470.635
470.82
471.377
471.934
472.49
472.739
472.988
473.237
473.486
473.735
473.984
474.233
474.482
474.731
474.98
475.229
475.48
475.867
476.254
476.641
477.028
477.415
477.802
478.189
478.576
478.963
479.35
479.74
481.894
482.277
482.66
483.043
483.426
483.809
484.192
484.575
484.96
485.297
485.634
485.971
486.308
486.645
486.982
487.319
487.656
487.993
488.33
488.667
489.0
489.21
489.42
489.63
489.84
490.05
490.26
490.703
491.146
491.589
492.032
492.475
492.918
493.361
493.804
494.247
494.69
495.133
495.576
496.019
496.462
496.9
497.57
498.24
498.91
499.58
499.79
500.0
500.21
500.42
500.63
500.98
501.33
501.68
502.03
502.38
502.73
503.08
503.43
503.78
504.13
504.48
504.83
505.052
505.274
505.496
505.718
505.94
506.162
506.384
506.606
506.828
507.05
507.272
507.494
507.72
508.063
508.406
508.749
509.092
509.435
509.778
510.121
510.464
510.807
511.15
511.49
511.95
512.41
512.87
513.33
513.79
514.25
514.978
515.706
516.434
517.162
517.89
518.62
518.87
519.12
519.37
519.62
519.87
520.12
520.37
520.62
520.872
522.479
523.419
523.631
523.843
524.055
524.267
524.48
524.692
524.904
525.116
525.328
525.544
526.252
526.46
526.668
526.876
527.084
527.292
527.5
527.708
527.916
528.124
528.33
528.604
528.878
529.152
529.426
529.7
529.957
530.215
530.473
530.73
531.0
531.27
531.54
531.847
532.154
532.462
532.77
533.048
533.326
533.604
533.882
534.16
534.438
534.716
534.994
535.272
535.55
535.828
536.11
537.614
539.118
540.622
542.126
543.63
545.134
546.64
547.762
548.884
550.006
551.128
552.25
553.372
554.494
555.616
556.738
557.86
558.28
558.7
559.12
559.54
559.96
560.38
560.91
561.44
561.97
562.5
563.03
563.56
564.09
564.521
564.952
565.383
565.814
566.245
566.676
567.11
567.738
568.366
568.994
569.622
570.25
570.878
571.506
572.134
572.76
574.243
575.726
577.21
577.579
577.948
578.317
578.686
579.055
579.424
579.793
580.162
580.531
580.9
581.277
581.654
582.031
582.408
582.785
583.162
583.54
583.831
584.122
584.413
584.704
584.995
585.286
585.577
585.868
586.16
586.574
586.988
587.402
587.816
588.23
588.644
589.06
589.593
590.126
590.659
591.192
591.725
592.26
592.567
592.875
593.183
593.49
593.798
594.106
594.413
594.72
594.943
595.166
595.389
595.612
595.835
596.058
596.281
596.504
596.727
596.95
597.17
597.394
597.618
597.842
598.066
598.29
598.514
598.738
598.962
599.186
599.411
599.661
599.911
600.161
600.411
600.661
600.911
601.161
601.411
601.661
601.91
602.12
602.33
602.54
602.75
603.255
603.76
604.265
604.77
605.275
605.78
606.287
606.504
606.721
606.938
607.155
607.37
607.629
607.888
608.147
608.406
608.665
608.924
609.18
609.445
609.71
609.975
610.24
610.505
610.77
611.035
611.3
611.687
612.074
612.461
612.848
613.235
613.622
614.01
614.48
614.95
615.42
615.89
616.218
616.546
616.874
617.202
617.53
617.858
618.186
618.514
618.842
619.17
619.5
619.722
619.944
620.166
620.39
620.633
620.876
621.119
621.362
621.605
621.848
622.091
622.334
622.577
622.82
623.063
623.31
623.554
623.798
624.042
624.286
624.53
624.774
625.018
625.26
625.558
625.856
626.154
626.452
626.75
627.233
627.716
628.2
628.406
628.612
628.818
629.024
629.23
629.436
629.642
629.848
630.054
630.26
630.809
631.358
631.907
632.456
633.005
633.554
634.1
636.104
638.108
640.112
642.116
644.12
646.124
648.128
650.132
652.14
653.052
653.964
654.876
655.788
656.7
657.612
658.524
659.436
660.348
661.26
661.604
661.948
662.292
662.636
662.98
663.324
663.668
664.012
664.36
664.679
664.998
665.317
665.636
665.955
666.274
666.593
666.912
667.231
667.55
667.936
668.322
668.708
669.094
669.48
669.866
670.25
670.584
670.918
671.252
671.586
671.92
672.254
672.588
672.92
673.264
673.608
673.952
674.296
674.64
674.984
675.328
675.672
676.016
676.36
677.006
677.652
678.298
678.944
679.59
680.037
680.484
680.931
681.378
681.825
682.27
682.537
682.804
683.07
683.431
683.792
684.153
684.514
684.874
685.068
685.262
685.456
685.65
685.844
686.04
686.346
686.652
686.958
687.264
687.57
687.876
688.185
688.36
688.535
688.71
688.885
689.06
689.232
689.404
689.577
689.75
689.875
690.0
690.125
690.25
690.553
690.856
691.159
691.46
691.752
692.044
692.336
692.628
692.92
693.212
693.505
693.713
693.921
694.129
694.337
694.545
694.753
694.961
695.169
695.38
695.652
695.924
696.196
696.468
696.74
697.012
697.284
697.556
697.828
698.1
698.372
698.644
698.916
699.19
699.414
699.638
699.862
700.086
700.31
700.534
700.758
700.982
701.206
701.43
701.654
701.878
702.096
702.325
702.554
702.783
703.012
703.241
703.47
703.71
703.95
704.19
704.43
704.67
704.91
705.777
706.644
707.51
709.78
712.37
714.96
719.13
723.3
727.47
731.64
735.81
739.98
744.15
748.32
752.49
756.66
756.915
757.17
757.425
757.68
757.935
758.19
758.445
758.7
758.955
759.211
759.419
759.627
759.835
760.043
760.251
760.459
760.667
760.875
761.083
761.291
761.499
761.71
762.077
762.444
762.811
763.178
763.545
763.912
764.279
764.646
765.013
765.38
765.747
766.11
766.381
766.652
766.923
767.194
767.465
767.736
768.007
768.278
768.549
768.82
769.095
769.283
769.471
769.659
769.846
770.034
770.221
770.409
770.596
770.784
770.97
771.314
771.658
772.002
772.346
772.69
773.034
773.378
773.72
773.943
774.166
774.389
774.612
774.835
775.058
775.28
775.611
775.942
776.273
776.604
776.935
777.266
777.6
777.86
778.12
778.38
778.64
778.98
779.32
779.66
780.0
780.34
780.68
781.02
781.279
781.538
781.797
782.056
782.315
782.574
782.833
783.092
783.351
783.61
783.97
784.33
784.69
785.05
785.41
785.77
786.13
786.49
786.85
787.21
787.57
787.832
788.094
788.357
788.62
788.882
789.144
789.407
789.67
790.217
790.764
791.31
791.739
792.168
792.597
793.026
793.456
794.025
794.594
795.163
795.732
796.301
796.87
797.44
797.692
797.944
798.196
798.448
798.7
798.952
799.204
799.456
799.708
799.96
800.212
800.464
800.71
801.156
801.602
802.048
802.494
802.94
803.386
803.832
804.28
804.515
804.75
804.985
805.22
805.455
805.69
805.925
806.16
806.395
806.63
806.86
807.327
807.794
808.26
808.509
808.758
809.007
809.256
809.505
809.754
810.003
810.252
810.501
810.75
810.999
811.25
811.455
811.66
811.865
812.07
812.275
812.48
812.685
812.89
813.199
813.508
813.817
814.126
814.435
814.744
815.053
815.362
815.67
816.041
816.412
816.783
817.154
817.525
817.896
818.267
818.638
819.009
819.38
819.751
820.122
820.493
820.864
821.24
821.796
822.352
822.908
823.464
824.02
824.576
825.132
825.69
826.038
826.386
826.734
827.082
827.43
827.78
828.015
828.25
828.485
828.72
828.955
829.19
829.425
829.66
829.895
830.13
830.37
830.88
831.39
831.9
832.41
832.68
832.95
833.22
833.49
833.76
834.03
834.3
834.57
834.84
835.159
835.478
835.797
836.116
836.435
836.754
837.073
837.392
837.711
838.03
838.407
838.784
839.161
839.538
839.915
840.29
840.645
841.0
841.355
841.71
842.065
842.42
842.775
843.13
843.471
843.812
844.153
844.494
844.835
845.176
845.517
845.858
846.199
846.54
846.881
847.222
847.563
847.9
848.59
849.28
849.471
849.662
849.853
850.044
850.235
850.426
850.617
850.81
851.168
851.526
851.884
852.242
852.6
852.958
853.316
853.674
854.032
854.39
854.75
855.165
855.58
855.995
856.41
856.825
857.24
857.655
858.07
858.546
859.022
859.498
859.974
860.45
860.926
861.4
861.683
861.966
862.249
862.532
862.815
863.098
863.381
863.664
863.95
864.42
864.89
865.36
865.83
866.3
866.77
867.24
867.71
868.18
868.65
869.12
869.59
870.06
871.528
872.996
874.464
875.932
877.4
878.87
880.427
881.984
883.541
885.098
886.655
888.212
889.769
891.326
892.88
893.145
893.41
893.675
893.94
894.205
894.47
894.735
895.0
895.364
895.728
896.092
896.456
896.82
897.011
897.202
897.393
897.584
897.775
897.966
898.157
898.348
898.539
898.73
898.921
899.112
899.3
899.817
900.334
900.85
901.236
901.622
902.008
902.394
902.78
903.166
903.552
903.938
904.324
904.71
905.1
905.333
905.566
905.799
906.032
906.265
906.498
906.73
907.031
907.332
907.633
907.934
908.235
908.536
908.837
909.138
909.439
909.74
910.129
910.518
910.907
911.296
911.685
912.074
912.46
912.858
913.256
913.654
914.052
914.45
914.848
915.246
915.644
916.04
916.436
916.832
917.228
917.624
918.02
918.355
918.69
919.025
919.36
919.695
920.03
920.365
920.7
921.035
921.37
921.645
921.92
922.195
922.47
922.745
923.02
923.295
923.57
923.845
924.12
924.395
924.67
924.945
925.22
925.495
925.77
926.045
926.32
926.6
926.954
927.308
927.662
928.016
928.37
928.724
929.078
929.432
929.79
930.965
932.139
933.313
934.488
934.988
935.229
935.47
935.711
935.952
936.193
936.434
936.675
936.916
937.154
937.441
937.728
938.015
938.302
938.589
938.876
939.163
939.45
939.74
940.215
940.69
941.157
941.624
942.091
942.558
943.025
943.492
943.96
944.538
945.116
945.694
946.272
946.85
947.428
948.006
948.584
949.162
949.74
950.32
950.672
951.024
951.376
951.728
952.08
952.432
952.784
953.136
953.49
953.709
953.928
954.147
954.366
954.585
954.804
955.023
955.24
955.703
958.769
959.026
959.283
959.54
959.797
960.054
960.31
960.573
960.836
961.099
961.362
961.625
961.888
962.151
962.414
962.677
962.94
963.203
963.466
963.73
964.093
964.456
964.819
965.182
965.545
965.908
966.27
966.959
967.648
968.337
969.026
969.715
970.402
971.632
972.862
973.848
974.834
975.82
976.806
977.79
978.318
978.846
979.374
979.902
980.43
980.958
981.486
982.014
982.539
982.709
982.879
983.049
983.219
983.389
983.559
983.729
983.899
984.069
984.239
984.409
984.58
985.79
987.0
987.645
988.29
988.935
989.58
990.225
990.87
991.515
992.16
992.809
993.066
993.323
993.58
993.837
994.094
994.35
994.616
994.882
995.148
995.414
995.68
996.225
996.77
997.315
997.86
998.405
998.95
999.495
1000.04
1001.722
1003.404
1005.086
1006.768
1008.45
1010.132
1011.814
1013.496
1015.178
1016.86
1017.35
1017.84
1018.33
1018.82
1019.31
1019.8
1020.29
1020.78
1021.011
1021.242
1021.473
1021.704
1021.935
1022.166
1022.397
1022.628
1022.859
1023.087
1023.351
1023.615
1023.879
1024.143
1024.407
1024.67
1025.03
1025.39
1025.75
1026.11
1026.47
1026.83
1027.19
1027.55
1027.867
1028.184
1028.501
1028.818
1029.135
1029.452
1029.769
1030.089
1030.399
1030.709
1031.019
1031.329
1031.639
1031.949
1032.26
1032.452
1032.644
1032.836
1033.028
1033.22
1033.514
1033.808
1034.102
1034.396
1034.69
1034.984
1035.278
1035.569
1036.329
1037.089
1037.849
1038.119
1038.389
1038.659
1038.929
1039.199
1039.469
1039.739
1040.009
1040.279
1040.548
1040.734
1040.92
1041.106
1041.292
1041.478
1041.664
1041.85
1042.036
1042.222
1042.408
1042.589
1043.462
1044.335
1045.208
1046.081
1046.954
1047.827
1048.7
1049.515
1050.33
1050.517
1050.704
1050.891
1051.078
1051.265
1051.452
1051.639
1051.826
1052.01
1052.277
1052.544
1052.811
1053.078
1053.345
1053.612
1053.88
1054.833
1055.786
1056.74
1057.171
1057.602
1058.033
1058.464
1058.895
1059.326
1059.757
1060.19
1060.614
1061.038
1061.462
1061.886
1062.31
1062.734
1063.16
1063.576
1063.992
1064.408
1064.824
1065.24
1065.656
1066.07
1066.336
1066.602
1066.868
1067.134
1067.4
1067.666
1067.932
1068.2
1068.379
1068.558
1068.737
1068.916
1069.095
1069.274
1069.453
1069.632
1069.811
1069.99
1070.169
1070.35
1070.99
1071.63
1072.27
1072.91
1073.55
1074.52
1075.49
1076.46
1076.942
1077.424
1077.906
1078.388
1078.87
1079.352
1079.834
1080.316
1080.798
1081.28
1081.76
1082.612
1083.465
1084.317
1085.169
1086.022
1086.874
1087.726
1088.58
1090.055
1091.53
1093.005
1094.48
1095.955
1097.43
1098.905
1100.38
1100.626
1100.872
1101.118
1101.364
1101.61
1101.856
1102.102
1102.348
1102.594
1102.84
1103.09
1103.286
1103.482
1103.678
1103.874
1104.07
1104.266
1104.462
1104.658
1104.854
1105.05
1105.246
1105.44
1105.731
1106.022
1106.313
1106.604
1106.895
1107.186
1107.477
1107.768
1108.059
1108.35
1108.64
1108.828
1109.015
1109.203
1109.39
1109.595
1109.8
1110.005
1110.21
1110.415
1110.62
1110.825
1111.03
1111.232
1111.421
1111.61
1111.799
1111.988
1112.177
1112.366
1112.555
1112.744
1112.933
1113.122
1113.311
1113.5
1113.69
1113.944
1114.198
1114.452
1114.706
1114.96
1115.214
1115.468
1115.722
1115.976
1116.23
1116.484
1116.738
1116.992
1117.245
1117.514
1117.783
1118.052
1118.321
1118.59
1118.962
1119.334
1119.707
1120.08
1120.452
1120.824
1121.197
1121.569
1121.941
1122.313
1122.686
1123.06
1123.37
1123.68
1123.99
1124.3
1124.61
1124.92
1125.23
1125.54
1126.092
1126.644
1127.196
1127.748
1128.3
1128.783
1129.265
1129.748
1130.231
1130.714
1131.197
1131.679
1132.162
1132.645
1133.128
1133.611
1134.09
1134.317
1134.544
1134.771
1134.998
1135.225
1135.452
1135.679
1135.906
1136.133
1136.36
1136.708
1137.056
1137.404
1137.752
1138.1
1138.349
1138.598
1138.847
1139.096
1139.345
1139.594
1139.84
1140.079
1140.318
1140.557
1140.796
1141.035
1141.274
1141.513
1141.752
1141.991
1142.234
1143.536
1144.838
1146.14
1147.442
1148.744
1150.046
1151.348
1152.65
1153.95
1154.838
1155.726
1156.614
1157.502
1158.39
1159.278
1160.163
1160.575
1160.987
1161.4
1161.9
1164.232
1166.564
1168.896
1171.228
1173.56
1175.89
1176.737
1177.584
1178.431
1179.278
1180.125
1180.972
1181.819
1182.666
1183.513
1184.36
1185.21
1186.225
1187.239
1187.574
1187.909
1188.244
1188.579
1188.914
1189.249
1189.584
1189.919
1190.254
1190.592
1191.071
1191.55
1192.029
1192.508
1192.987
1193.466
1193.945
1194.424
1194.903
1195.382
1195.861
1196.238
1196.615
1196.992
1197.369
1197.746
1198.123
1198.5
1198.803
1199.106
1199.409
1199.712
1200.015
1200.318
1200.621
1200.924
1201.227
1201.53
1201.833
1202.136
1202.439
1202.742
1203.05
1203.382
1203.714
1204.046
1204.378
1204.71
1205.025
1205.34
1205.655
1205.97
1206.285
1206.6
1206.915
1207.23
1207.545
1207.86
1208.175
1208.49
1208.714
1208.938
1209.162
1209.386
1209.612
1209.826
1210.04
1210.254
1210.467
1210.681
1210.895
1211.109
1211.32
1211.512
1211.704
1211.896
1212.088
1212.28
1212.472
1212.664
1212.856
1213.048
1213.24
1213.432
1213.624
1213.816
1215.958
1218.1
1218.421
1218.742
1219.063
1219.384
1219.705
1220.024
1220.94
1221.203
1221.466
1221.729
1221.992
1222.255
1222.517
1222.734
1222.951
1223.168
1223.385
1223.6
1223.96
1224.25
1224.54
1224.83
1225.12
1225.41
1225.7
1225.99
1226.28
1226.57
1227.137
1227.704
1228.27
1229.169
1229.384
1229.599
1229.814
1230.029
1230.244
1230.46
1230.66
1230.86
1231.06
1231.26
1231.46
1231.66
1231.86
1232.06
1232.26
1232.46
1232.66
1232.86
1233.04
1233.22
1233.4
1233.58
1233.76
1233.94
1234.12
1234.294
1234.468
1234.642
1234.816
1234.99
1235.164
1235.338
1235.512
1235.686
1235.86
1236.036
1236.271
1236.506
1236.741
1236.976
1237.21
1237.433
1237.656
1237.879
1238.102
1238.325
1238.548
1238.771
1238.994
1239.217
1239.44
1239.663
1239.886
1240.109
1240.33
1240.675
1241.02
1241.365
1241.71
1241.973
1242.236
1242.499
1242.762
1243.025
1243.288
1243.55
1243.703
1243.856
1244.009
1244.162
1244.315
1244.468
1244.621
1244.774
1244.927
1245.08
1245.233
1245.386
1245.539
1245.69
1245.934
1246.178
1246.422
1246.666
1246.91
1247.154
1247.398
1247.64
1248.69
1249.74
1250.022
1250.304
1250.586
1250.868
1251.15
1251.432
1251.714
1251.996
1252.278
1252.56
1252.84
1253.365
1253.89
1254.415
1254.94
1255.465
1255.99
1256.515
1257.04
1257.565
1258.09
1258.615
1259.14
1259.66
1261.145
1263.372
1265.6
1266.596
1267.592
1268.588
1269.584
1270.58
1271.576
1272.572
1273.57
1273.945
1274.32
1275.196
1275.527
1275.858
1276.189
1276.52
1276.851
1277.182
1277.513
1277.844
1278.175
1278.506
1278.837
1279.17
1279.569
1279.968
1280.367
1280.766
1281.165
1281.564
1281.963
1282.365
1283.036
1283.707
1284.378
1285.049
1285.72
1287.14
1288.56
1288.93
1289.3
1289.67
1290.04
1290.278
1290.516
1290.754
1290.992
1291.23
1291.47
1291.72
1291.97
1292.22
1292.47
1292.72
1293.035
1293.35
1293.665
1293.98
1294.62
1295.26
1295.76
1296.405
1297.05
1297.701
1298.352
1299.003
1299.654
1300.305
1300.956
1301.607
1302.258
1302.909
1303.56
1304.211
1304.862
1305.51
1305.78
1306.05
1306.32
1306.59
1306.86
1307.13
1307.367
1307.604
1307.841
1308.078
1308.315
1308.552
1308.789
1309.026
1309.26
1309.539
1309.818
1310.097
1310.376
1310.655
1310.934
1311.213
1311.492
1311.771
1312.05
1312.611
1313.172
1313.733
1314.294
1314.855
1315.416
1315.977
1316.538
1317.099
1317.66
1318.078
1318.496
1318.914
1319.332
1319.75
1320.168
1320.586
1321.004
1321.422
1321.84
1322.26
1322.631
1323.002
1323.373
1323.744
1324.115
1324.486
1324.86
1325.13
1325.4
1325.67
1325.94
1326.21
1326.48
1326.75
1326.977
1327.204
1327.431
1327.658
1327.885
1328.11
1328.313
1328.516
1328.719
1328.922
1329.125
1329.328
1329.531
1329.734
1329.937
1330.14
1330.453
1330.766
1331.079
1331.392
1331.705
1332.018
1332.331
1332.644
1332.957
1333.27
1333.522
1333.774
1334.026
1334.278
1334.53
1334.782
1335.034
1335.286
1335.538
1335.79
1336.042
1336.294
1336.546
1336.798
1337.05
1337.302
1337.55
1337.858
1338.166
1338.474
1338.782
1339.09
1339.4
1339.689
1339.978
1340.267
1340.556
1340.845
1341.134
1341.423
1341.712
1342.001
1342.29
1342.58
1342.852
1343.124
1343.396
1343.668
1343.94
1344.345
1344.75
1345.155
1345.56
1345.965
1346.37
1346.641
1346.912
1347.183
1347.454
1347.725
1347.996
1348.267
1348.538
1348.809
1349.08
1349.67
1350.26
1350.85
1351.064
1351.278
1351.492
1351.706
1351.92
1352.135
1352.35
1352.565
1352.78
1352.995
1353.21
1353.425
1353.64
1353.855
1354.07
1354.285
1354.5
1354.773
1355.046
1355.319
1355.592
1355.865
1356.138
1356.41
1356.622
1356.834
1357.046
1357.258
1357.47
1357.682
1357.894
1358.11
1358.638
1359.166
1359.694
1360.222
1360.75
1361.278
1361.804
1362.043
1362.282
1362.521
1362.76
1362.999
1363.238
1363.477
1363.72
1363.852
1363.984
1364.116
1364.248
1364.38
1364.628
1364.876
1365.124
1365.372
1365.62
1366.015
1366.41
1366.805
1367.2
1367.61
1368.02
1368.43
1368.84
1369.25
1369.603
1369.956
1370.309
1370.662
1371.015
1371.37
1371.64
1371.91
1372.18
1372.45
1372.72
1372.99
1373.26
1373.53
1373.8
1374.07
1374.339
1374.608
1374.877
1375.146
1375.415
1375.684
1375.953
1376.222
1376.491
1376.76
1377.029
1377.298
1377.567
1377.83
1379.78
1380.078
1380.376
1380.674
1380.972
1381.27
1381.568
1381.866
1382.164
1382.46
1383.375
1384.29
1384.511
1384.732
1384.953
1385.174
1385.395
1385.616
1385.837
1386.058
1386.275
1387.46
1388.335
1388.734
1389.133
1389.532
1389.93
1390.235
1390.54
1390.845
1391.15
1391.455
1391.76
1392.065
1392.37
1392.675
1392.98
1393.29
1393.777
1394.264
1394.751
1395.238
1395.725
1396.21
1396.663
1397.116
1397.569
1398.022
1398.475
1398.928
1399.381
1399.834
1400.287
1400.74
1401.19
1401.798
1402.405
1403.012
1403.62
1403.82
1404.02
1404.22
1404.42
1404.62
1404.82
1405.02
1405.22
1405.525
1405.83
1406.135
1406.44
1406.745
1407.05
1407.936
1408.822
1409.708
1410.594
1411.479
1412.635
1413.791
1414.947
1416.103
1417.259
1418.415
1419.57
1420.676
1421.782
1422.888
1423.994
1425.1
1425.378
1425.656
1425.934
1426.212
1426.49
1426.768
1427.046
1427.324
1427.602
1427.88
1428.158
1428.436
1428.714
1428.99
1429.258
1429.526
1429.794
1430.062
1430.33
1430.6
1430.887
1431.174
1431.461
1431.748
1432.035
1432.32
1432.813
1433.307
1433.465
1433.623
1433.781
1433.939
1434.097
1434.255
1434.413
1434.571
1434.729
1434.89
1435.272
1435.654
1436.036
1436.418
1436.8
1437.111
1437.423
1437.735
1438.046
1438.358
1438.669
1438.981
1439.292
1439.474
1439.656
1439.838
1440.02
1440.202
1440.384
1440.566
1440.75
1440.936
1441.122
1441.308
1441.494
1441.68
1441.866
1442.052
1442.24
1442.62
1443.0
1443.38
1443.76
1444.14
1444.52
1444.9
1445.565
1446.23
1446.895
1447.56
1448.12
1448.68
1449.24
1449.8
1450.36
1450.92
1451.48
1452.04
1452.6
1453.16
1453.486
1453.812
1454.138
1454.464
1454.79
1455.116
1455.442
1455.768
1456.094
1456.42
1456.804
1457.188
1457.572
1457.956
1458.34
1458.724
1459.108
1459.492
1459.876
1460.26
1460.644
1461.028
1461.41
1461.795
1462.18
1462.565
1462.95
1463.334
1463.511
1463.688
1463.865
1464.042
1464.219
1464.396
1464.573
1464.75
1465.217
1465.684
1466.151
1466.618
1467.085
1467.552
1468.019
1468.486
1468.953
1469.42
1469.717
1470.014
1470.311
1470.608
1470.905
1471.202
1471.499
1471.796
1472.09
1472.896
1473.702
1474.508
1475.314
1476.12
1476.926
1477.732
1478.538
1479.344
1480.15
1480.96
1481.436
1481.912
1482.388
1482.864
1483.34
1483.816
1484.292
1484.768
1485.244
1485.72
1486.411
1487.102
1487.793
1488.484
1489.175
1489.866
1490.56
1490.888
1491.216
1491.544
1491.872
1492.2
1492.534
1492.868
1493.202
1493.536
1493.87
1494.204
1494.538
1494.872
1495.21
1495.956
1496.702
1497.448
1498.194
1498.94
1499.686
1500.432
1501.178
1501.92
1502.331
1502.742
1503.153
1503.564
1503.975
1504.386
1504.797
1505.208
1505.619
1506.03
1506.441
1506.852
1507.263
1507.674
1508.085
1508.496
1508.9
1509.155
1509.41
1509.665
1509.92
1510.175
1510.43
1510.685
1510.94
1511.195
1511.45
1511.7
1512.4
1513.1
1513.8
1514.213
1514.626
1515.039
1515.452
1515.865
1516.278
1516.69
1516.915
1517.14
1517.365
1517.59
1517.815
1518.04
1518.265
1518.49
1518.715
1518.94
1519.17
1519.41
1519.65
1519.89
1520.13
1520.37
1520.613
1520.856
1521.099
1521.342
1521.585
1521.828
1522.071
1522.314
1522.557
1522.8
1523.043
1523.286
1523.532
1523.74
1523.948
1524.156
1524.364
1524.572
1524.78
1524.99
1525.391
1525.792
1526.193
1526.594
1526.995
1527.396
1527.8
1528.075
1528.35
1528.625
1528.9
1529.314
1529.728
1530.142
1530.556
1530.97
1531.384
1531.798
1532.212
1532.626
1533.04
1533.672
1534.304
1534.936
1535.568
1536.2
1536.832
1537.464
1538.096
1538.728
1539.36
1539.669
1539.978
1540.287
1540.596
1540.905
1541.214
1541.523
1541.83
1542.064
1542.298
1542.532
1542.766
1543.0
1543.234
1543.468
1543.702
1543.936
1544.17
1544.404
1544.638
1544.872
1545.106
1545.34
1545.574
1545.81
1546.354
1546.898
1547.442
1547.986
1548.53
1549.046
1549.562
1550.078
1550.594
1551.11
1551.626
1552.142
1552.658
1553.174
1553.69
1554.007
1554.324
1554.641
1554.958
1555.275
1555.592
1555.909
1556.226
1556.543
1556.86
1557.177
1557.494
1557.81
1563.845
1569.88
1570.64
1571.4
1572.16
1572.92
1573.68
1574.44
1575.2
1575.96
1576.275
1576.59
1576.905
1577.22
1577.535
1577.85
1578.165
1578.48
1578.795
1579.11
1579.407
1579.704
1580.001
1580.298
1580.595
1580.892
1581.19
1581.482
1581.774
1582.066
1582.358
1582.65
1582.94
1583.242
1583.544
1583.846
1584.148
1584.45
1584.658
1584.866
1585.074
1585.282
1585.49
1585.7
1585.99
1586.28
1586.57
1586.86
1587.15
1587.44
1587.73
1588.02
1588.259
1588.498
1588.737
1588.976
1589.215
1589.454
1589.693
1589.932
1590.171
1590.41
1590.649
1590.888
1591.127
1591.366
1591.61
1592.485
1593.36
1594.207
1595.054
1595.9
1596.185
1596.47
1596.755
1597.04
1597.325
1597.61
1597.895
1598.18
1598.465
1598.75
1599.03
1599.51
1599.99
1600.47
1600.95
1601.43
1601.91
1602.39
1602.87
1603.35
1603.83
1604.31
1605.92
1607.6
1607.87
1608.14
1608.41
1608.68
1608.95
1609.22
1609.428
1609.636
1609.844
1610.052
1610.26
1610.468
1610.676
1610.884
1611.092
1611.3
1611.508
1611.716
1611.924
1612.13
1612.382
1612.634
1612.886
1613.138
1613.39
1613.642
1613.894
1614.146
1614.4
1614.681
1614.962
1615.243
1615.524
1615.805
1616.086
1616.367
1616.648
1616.929
1617.21
1617.433
1617.656
1617.879
1618.102
1618.325
1618.548
1618.77
1619.027
1619.284
1619.541
1619.798
1620.055
1620.312
1620.569
1620.826
1621.08
1621.836
1622.592
1623.348
1624.104
1624.86
1625.616
1626.372
1627.128
1627.88
1628.245
1628.61
1628.975
1629.34
1629.705
1630.07
1630.432
1630.605
1630.778
1630.951
1631.124
1631.297
1631.47
1631.64
1632.14
1632.64
1633.14
1633.64
1634.14
1634.64
1635.14
1635.388
1635.635
1635.882
1636.13
1636.378
1636.625
1636.872
1637.12
1637.383
1637.646
1637.91
1638.151
1638.392
1638.633
1638.874
1639.115
1639.356
1639.597
1639.838
1640.079
1640.32
1640.561
1640.802
1641.04
1641.424
1641.808
1642.192
1642.576
1642.96
1643.164
1643.368
1643.572
1643.776
1643.98
1644.184
1644.388
1644.592
1644.8
1645.4
1646.0
1646.6
1647.2
1647.8
1648.148
1648.495
1648.842
1649.19
1650.088
1650.986
1651.884
1652.78
1653.012
1653.244
1653.476
1653.708
1653.94
1654.172
1654.404
1654.636
1654.868
1655.1
1655.33
1655.594
1655.858
1656.122
1656.386
1656.65
1656.914
1657.18
1657.563
1657.946
1658.329
1658.712
1659.095
1659.478
1659.861
1660.244
1660.627
1661.01
1661.393
1661.78
1662.054
1662.328
1662.602
1662.876
1663.15
1663.424
1663.698
1663.97
1664.444
1664.918
1665.392
1665.866
1666.34
1666.814
1667.288
1667.762
1668.236
1668.71
1669.184
1669.658
1670.13
1670.39
1670.65
1670.91
1671.17
1671.43
1671.69
1672.064
1672.438
1672.812
1673.186
1673.56
1673.934
1674.308
1674.682
1675.06
1675.448
1675.836
1676.224
1676.612
1677.0
1677.341
1677.682
1678.023
1678.364
1678.705
1679.046
1679.387
1679.73
1680.114
1680.498
1680.882
1681.266
1681.65
1682.034
1682.418
1682.802
1683.19
1683.363
1683.536
1683.709
1683.882
1684.055
1684.228
1684.401
1684.574
1684.747
1684.92
1685.093
1685.266
1685.439
1685.612
1685.78
1685.976
1686.172
1686.368
1686.564
1686.76
1686.956
1687.152
1687.348
1687.54
1688.011
1688.482
1688.953
1689.424
1689.895
1690.366
1690.84
1691.252
1691.664
1692.076
1692.488
1692.9
1693.087
1693.274
1693.461
1693.648
1693.835
1694.022
1694.209
1694.396
1694.583
1694.77
1694.96
1695.582
1696.204
1696.826
1697.448
1698.07
1699.6
1699.963
1700.326
1700.689
1701.052
1701.415
1701.778
1702.141
1702.504
1702.867
1703.23
1703.59
1704.025
1704.46
1704.895
1705.33
1705.765
1706.2
1706.635
1707.07
1707.345
1707.62
1707.895
1708.17
1708.445
1708.72
1708.995
1709.27
1709.545
1709.82
1710.09
1710.54
1710.99
1711.44
1711.89
1713.023
1714.156
1715.289
1716.422
1717.555
1718.688
1719.821
1720.954
1722.09
1725.468
1728.846
1732.224
1735.602
1738.98
1739.247
1739.514
1739.781
1740.048
1740.315
1740.58
1740.879
1741.178
1741.477
1741.776
1742.075
1742.374
1742.673
1742.972
1743.27
1744.2
1745.13
1745.567
1746.004
1746.441
1746.878
1747.315
1747.752
1748.189
1748.626
1749.06
1749.648
1750.236
1750.824
1751.41
1751.676
1751.942
1752.208
1752.474
1752.74
1753.006
1753.272
1753.538
1753.804
1754.07
1754.34
1754.6
1754.86
1755.12
1755.38
1755.64
1755.9
1756.16
1756.42
1759.257
1762.094
1764.93
1765.902
1766.874
1767.846
1768.818
1769.79
1770.47
1771.15
1771.83
1772.51
1773.19
1773.63
1774.07
1774.51
1774.95
1775.39
1776.129
1776.868
1777.607
1778.346
1779.085
1779.824
1780.563
1781.302
1782.041
1782.78
1782.972
1783.164
1783.356
1783.548
1783.74
1783.932
1784.124
1784.316
1784.508
1784.7
1784.892
1785.084
1785.28
1785.614
1785.948
1786.282
1786.616
1786.95
1787.238
1787.526
1787.814
1788.102
1788.39
1788.678
1788.966
1789.254
1789.542
1789.83
1790.102
1790.375
1790.648
1790.92
1791.193
1791.466
1791.738
1792.01
1792.345
1792.68
1793.015
1793.35
1793.685
1794.02
1794.355
1794.69
1795.664
1796.638
1797.612
1798.586
1799.56
1800.534
1801.508
1802.482
1803.46
1803.766
1804.072
1804.378
1804.684
1804.99
1805.296
1805.602
1805.908
1806.214
1806.52
1806.868
1807.216
1807.564
1807.912
1808.26
1808.608
1808.956
1809.304
1809.652
1810.0
1810.348
1810.7
1811.116
1811.532
1811.948
1812.364
1812.78
1813.196
1813.612
1814.028
1814.44
1816.404
1818.368
1820.332
1822.296
1822.696
1823.096
1823.496
1823.896
1824.296
1824.695
1824.867
1825.039
1825.211
1825.383
1825.555
1825.727
1825.899
1826.07
1826.866
1827.662
1828.458
1829.254
1830.05
1830.846
1831.642
1832.438
1833.23
1833.521
1833.812
1834.103
1834.394
1834.685
1834.976
1835.267
1835.558
1835.849
1836.14
1836.431
1836.72
1836.991
1837.262
1837.533
1837.804
1838.075
1838.346
1838.617
1838.888
1839.16
1839.561
1839.962
1840.363
1840.764
1841.165
1841.566
1841.967
1842.368
1842.769
1843.17
1843.571
1843.972
1844.37
1844.616
1844.862
1845.108
1845.354
1845.6
1845.846
1846.09
1846.283
1846.476
1846.669
1846.862
1847.055
1847.248
1847.441
1847.634
1847.83
1848.101
1848.372
1848.643
1848.914
1849.185
1849.456
1849.727
1849.998
1850.27
1850.484
1850.698
1850.912
1851.126
1851.34
1851.554
1851.768
1851.982
1852.196
1852.41
1852.624
1852.84
1853.23
1853.62
1854.01
1854.4
1854.79
1855.18
1855.57
1855.96
1856.35
1856.74
1857.492
1858.244
1858.996
1859.748
1860.108
1860.468
1860.828
1861.188
1861.548
1861.91
1862.183
1862.456
1862.73
1862.997
1863.264
1863.531
1863.798
1864.065
1864.33
1864.673
1865.016
1865.359
1865.702
1866.045
1866.388
1866.731
1867.074
1867.42
1867.625
1867.83
1868.035
1868.24
1869.11
1869.98
1870.85
1871.72
1872.078
1872.436
1872.793
1873.15
1873.508
1873.866
1874.224
1874.58
1874.985
1875.39
1875.795
1876.2
1876.605
1877.01
1877.326
1877.642
1877.958
1878.274
1878.59
1878.906
1879.22
1879.564
1879.908
1880.252
1880.596
1880.94
1881.284
1881.628
1881.972
1882.316
1882.66
1883.004
1883.348
1883.692
1884.03
1884.252
1884.474
1884.696
1884.918
1885.14
1885.805
1886.47
1887.135
1887.8
1888.303
1888.806
1889.309
1889.812
1890.315
1890.818
1891.319
1891.534
1891.749
1891.964
1892.179
1892.394
1892.61
1893.017
1893.424
1893.831
1894.238
1894.645
1895.052
1895.459
1895.866
1896.273
1896.68
1897.174
1897.668
1898.162
1898.656
1899.15
1899.512
1899.874
1900.236
1900.598
1900.96
1901.32
1901.832
1902.345
1902.858
1903.37
1903.666
1903.962
1904.258
1904.554
1904.85
1905.17
1905.49
1905.81
1906.13
1906.45
1906.992
1907.534
1908.076
1908.618
1909.16
1909.55
1909.94
1910.33
1910.72
1911.11
1911.5
1911.89
1912.12
1912.35
1912.58
1912.81
1913.04
1913.27
1913.5
1913.73
1913.96
1914.286
1914.612
1914.938
1915.264
1915.59
1915.947
1916.304
1916.661
1917.018
1917.375
1917.732
1918.09
1919.37
1920.65
1920.87
1921.09
1921.31
1921.53
1921.75
1921.97
1922.19
1922.41
1922.685
1922.96
1923.235
1923.51
1923.706
1923.902
1924.098
1924.294
1924.49
1924.686
1924.882
1925.078
1925.27
1925.598
1925.926
1926.254
1926.582
1926.91
1927.238
1927.566
1927.894
1928.22
1928.532
1928.844
1929.156
1929.468
1929.78
1930.092
1930.404
1930.716
1931.028
1931.34
1931.65
1932.182
1932.714
1933.246
1933.778
1934.31
1934.84
1935.477
1936.114
1936.751
1937.388
1938.023
1938.573
1939.123
1939.673
1940.223
1940.773
1941.323
1941.873
1942.423
1942.973
1943.523
1944.073
1944.623
1945.173
1945.723
1946.273
1946.824
1947.026
1947.228
1947.43
1947.632
1947.834
1948.036
1948.24
1948.488
1948.736
1948.984
1949.232
1949.48
1950.36
1950.92
1951.48
1951.748
1952.016
1952.284
1952.552
1952.82
1953.273
1953.726
1954.179
1954.632
1955.085
1955.54
1961.41
1967.28
1972.344
1977.408
1982.472
1987.536
1992.598
1994.329
1996.06
1997.791
1999.522
2001.254
2001.448
2001.642
2001.836
2002.03
2002.224
2002.42
2004.285
2006.15
2008.015
2009.88
2011.745
2013.61
2015.475
2017.342
2017.531
2017.72
2017.909
2018.098
2018.287
2018.476
2018.665
2018.854
2019.043
2019.232
2019.421
2019.61
2019.8
2019.984
2020.168
2020.352
2020.536
2020.72
2020.904
2021.088
2021.272
2021.456
2021.636
2021.863
2022.09
2022.317
2022.544
2022.771
2022.998
2023.225
2023.452
2023.68
2024.186
2024.692
2025.198
2025.704
2026.21
2026.415
2026.62
2026.825
2027.03
2027.235
2027.44
2027.645
2027.85
2028.055
2028.26
2028.465
2028.67
2028.877
2029.085
2029.293
2029.501
2029.709
2029.917
2030.125
2030.333
2030.541
2030.749
2030.96
2031.203
2031.446
2031.689
2031.932
2032.175
2032.418
2032.661
2032.904
2033.147
2033.39
2033.91
2034.43
2034.95
2035.47
2035.99
2036.51
2036.877
2037.244
2037.611
2037.978
2038.345
2038.712
2039.079
2039.446
2039.81
2040.054
2040.298
2040.542
2040.786
2041.03
2041.274
2041.518
2041.762
2042.006
2042.25
2042.494
2042.738
2042.98
2043.416
2043.852
2044.288
2044.724
2045.16
2045.458
2045.756
2046.054
2046.352
2046.65
2046.914
2047.178
2047.442
2047.706
2047.97
2048.234
2048.498
2048.762
2049.026
2049.29
2049.554
2049.818
2050.082
2050.34
2050.801
2051.262
2051.723
2052.184
2052.645
2053.106
2053.567
2054.03
2054.278
2054.526
2054.774
2055.022
2055.27
2055.44
2055.61
2055.78
2055.95
2056.12
2056.467
2056.815
2057.163
2057.51
2057.797
2058.084
2058.371
2058.658
2058.945
2059.23
2059.515
2059.8
2060.085
2060.37
2060.699
2061.028
2061.357
2061.686
2062.015
2062.344
2062.673
2063.0
2063.238
2063.476
2063.714
2063.952
2064.19
2064.428
2064.663
2065.897
2067.131
2068.365
2069.6
2069.947
2070.294
2070.641
2070.988
2071.335
2071.682
2072.029
2072.38
2073.07
2073.337
2073.604
2073.871
2074.138
2074.405
2074.672
2074.939
2075.206
2075.469
2076.34
2077.211
2078.082
2078.953
2079.824
2080.695
2081.566
2082.437
2082.947
2083.457
2083.967
2084.477
2084.987
2085.497
2086.007
2086.517
2087.027
2087.537
2088.047
2088.557
2089.067
2089.577
2090.087
2090.6
2090.902
2091.204
2091.506
2091.808
2092.11
2092.448
2092.786
2093.124
2093.462
2093.8
2094.139
2094.377
2094.615
2094.853
2095.091
2095.33
2095.579
2095.828
2096.077
2096.326
2096.575
2096.824
2097.073
2097.322
2097.57
2097.918
2098.266
2098.614
2098.962
2099.31
2099.658
2100.006
2100.354
2100.702
2101.05
2101.4
2101.671
2101.942
2102.213
2102.484
2102.755
2103.026
2103.297
2103.568
2103.84
2104.18
2104.52
2104.86
2105.2
2105.54
2105.88
2106.22
2106.56
2106.9
2107.24
2107.58
2107.92
2108.256
2108.464
2108.672
2108.88
2109.088
2109.296
2109.504
2109.712
2109.92
2110.13
2111.044
2111.958
2112.872
2113.786
2114.7
2115.614
2116.528
2117.44
2117.797
2118.154
2118.511
2118.868
2119.225
2119.58
2119.848
2120.116
2120.384
2120.652
2120.92
2121.19
2121.388
2121.586
2121.784
2121.982
2122.18
2122.378
2122.576
2122.774
2122.97
2123.357
2123.744
2124.131
2124.518
2124.905
2125.292
2125.679
2126.066
2126.45
2126.62
2126.79
2126.96
2127.13
2127.3
2127.47
2127.64
2127.81
2128.273
2128.736
2129.199
2129.662
2130.125
2130.588
2131.05
2131.427
2131.804
2132.181
2132.558
2132.935
2133.312
2133.689
2134.066
2134.445
2134.767
2135.088
2135.41
2135.731
2136.053
2136.374
2136.695
2137.017
2137.338
2137.66
2138.02
2138.38
2138.74
2139.334
2139.928
2140.522
2141.116
2141.71
2142.304
2142.898
2143.492
2144.085
2146.054
2148.023
2149.992
2151.961
2153.93
2155.899
2157.868
2159.837
2161.81
2164.386
2166.962
2169.538
2172.114
2174.69
2174.902
2175.114
2175.326
2175.538
2175.75
2175.962
2176.174
2176.386
2176.598
2176.81
2177.046
2177.282
2177.518
2177.754
2177.99
2178.226
2178.462
2178.698
2178.93
2179.297
2179.664
2180.03
2180.414
2180.798
2181.182
2181.566
2181.95
2182.334
2182.718
2183.102
2183.486
2183.87
2184.25
2184.606
2184.962
2185.318
2185.674
2186.03
2186.386
2186.742
2187.1
2187.314
2187.528
2187.742
2187.956
2188.17
2188.384
2188.6
2188.87
2189.14
2189.41
2189.68
2189.95
2190.22
2190.49
2190.76
2191.03
2191.3
2191.57
2191.838
2192.106
2192.374
2192.64
2192.909
2193.178
2193.447
2193.716
2193.985
2194.254
2194.523
2194.79
2195.127
2195.464
2195.801
2196.138
2196.475
2196.812
2197.149
2197.486
2197.823
2198.16
2198.497
2198.83
2199.219
2199.608
2199.997
2200.385
2200.646
2200.907
2201.168
2201.429
2201.69
2201.951
2202.212
2202.47
2202.814
2203.158
2203.502
2203.846
2204.19
2204.534
2204.878
2205.222
2205.566
2205.91
2206.25
2207.25
2208.25
2208.937
2209.624
2210.31
2210.53
2210.75
2210.97
2211.227
2211.485
2211.743
2212.0
2212.323
2212.646
2212.97
2213.648
2214.326
2215.004
2215.682
2216.36
2217.099
2217.838
2218.577
2219.316
2220.055
2220.794
2221.53
2221.976
2222.422
2222.868
2223.314
2223.76
2224.206
2224.652
2225.098
2225.544
2225.99
2226.436
2226.882
2227.325
2228.742
2230.16
2231.577
2232.995
2234.412
2235.83
2237.645
2239.46
2241.275
2243.09
2243.686
2244.282
2244.878
2245.474
2246.07
2246.666
2247.26
2247.584
2247.908
2248.232
2248.556
2248.88
2249.204
2249.528
2249.85
2250.635
2251.42
2252.205
2252.99
2253.428
2253.866
2254.304
2254.742
2255.18
2255.51
2255.84
2256.17
2256.5
2257.239
2257.978
2258.717
2259.456
2260.195
2260.934
2261.673
2262.412
2263.151
2263.89
2264.615
2265.34
2266.065
2266.79
2267.515
2268.24
2268.859
2269.478
2270.097
2270.716
2271.335
2271.954
2272.57
2272.919
2273.268
2273.617
2273.966
2274.315
2274.664
2275.013
2275.36
2275.611
2275.862
2276.113
2276.364
2276.615
2276.866
2277.117
2277.368
2277.619
2277.87
2278.121
2278.37
2278.719
2279.068
2279.417
2279.766
2280.115
2280.464
2280.813
2281.162
2281.511
2281.86
2282.209
2282.558
2282.907
2283.26
2283.574
2283.888
2284.202
2284.516
2284.83
2285.144
2285.458
2285.772
2286.09
2286.493
2286.896
2287.299
2287.702
2288.105
2288.51
2288.76
2289.01
2289.26
2289.51
2289.76
2290.01
2290.26
2290.51
2290.76
2291.01
2291.26
2291.51
2291.886
2292.262
2292.638
2293.014
2293.39
2294.52
2295.65
2296.78
2297.91
2298.16
2298.41
2298.66
2298.91
2299.16
2299.41
2299.66
2300.398
2301.136
2301.874
2302.612
2303.35
2304.086
2305.097
2306.108
2307.119
2308.13
2308.56
2308.99
2309.42
2309.85
2310.28
2310.71
2311.14
2311.386
2311.632
2311.878
2312.124
2312.37
2312.616
2312.862
2313.11
2313.509
2313.908
2314.307
2314.706
2315.105
2315.504
2315.9
2316.525
2317.15
2317.775
2318.4
2318.705
2319.01
2319.315
2319.62
2319.872
2320.124
2320.376
2320.628
2320.88
2321.13
2321.957
2322.784
2323.611
2324.44
2324.605
2324.77
2324.935
2325.1
2325.265
2325.43
2325.595
2325.76
2325.925
2326.09
2326.255
2326.42
2326.657
2326.894
2327.131
2327.368
2327.605
2327.842
2328.079
2328.316
2328.553
2328.79
2329.03
2329.27
2329.51
2329.75
2329.99
2330.447
2330.904
2331.361
2331.818
2332.275
2332.732
2333.19
2333.564
2333.938
2334.312
2334.686
2335.06
2335.434
2335.81
2336.058
2336.306
2336.554
2336.802
2337.05
2337.217
2337.384
2337.55
2338.14
2338.73
2339.32
2340.091
2340.862
2341.633
2342.404
2343.175
2343.946
2344.717
2345.488
2346.259
2347.03
2347.8
2348.039
2348.278
2348.517
2348.756
2348.995
2349.234
2349.473
2349.71
2350.086
2350.462
2350.838
2351.214
2351.59
2351.966
2352.342
2352.718
2353.094
2353.47
2354.057
2354.644
2355.231
2355.82
2356.298
2356.776
2357.254
2357.732
2358.21
2358.69
2359.033
2359.376
2359.719
2360.062
2360.405
2360.748
2361.091
2361.434
2361.777
2362.12
2362.46
2362.881
2363.302
2363.723
2364.144
2364.565
2364.986
2365.407
2365.828
2366.249
2366.67
2367.09
2367.404
2367.718
2368.032
2368.346
2368.66
2368.974
2369.288
2369.602
2369.916
2370.23
2370.544
2370.858
2371.172
2371.48
2371.789
2372.098
2372.407
2372.716
2373.025
2373.334
2373.643
2373.952
2374.26
2374.566
2374.872
2375.178
2375.484
2375.79
2376.096
2376.402
2376.708
2377.012
2377.715
2378.418
2379.121
2379.824
2380.527
2381.23
2381.93
2382.311
2382.692
2383.073
2383.454
2383.835
2384.216
2384.6
2385.075
2385.55
2386.025
2386.5
2386.975
2387.45
2387.925
2388.4
2389.95
2390.188
2390.426
2390.664
2390.902
2391.14
2391.66
2392.18
2392.7
2393.22
2393.74
2394.26
2394.78
2395.85
2396.194
2396.538
2396.882
2397.226
2397.57
2397.914
2398.258
2398.6
2398.946
2399.292
2399.638
2399.984
2400.33
2400.676
2401.022
2401.37
2401.833
2402.296
2402.759
2403.222
2403.687
2403.877
2404.067
2404.257
2404.447
2404.637
2404.827
2405.02
2405.315
2405.61
2405.905
2406.2
2406.495
2406.79
2407.034
2407.278
2407.522
2407.766
2408.01
2408.252
2408.494
2408.736
2408.978
2409.22
2409.46
2409.886
2410.312
2410.738
2411.164
2411.361
2411.558
2411.755
2411.952
2412.149
2412.346
2412.543
2412.74
2412.937
2413.134
2413.33
2413.614
2413.898
2414.182
2414.466
2414.75
2414.949
2415.148
2415.347
2415.546
2415.745
2415.944
2416.143
2416.342
2416.541
2416.777
2417.013
2417.249
2417.485
2417.721
2417.957
2418.19
2418.933
2419.676
2420.419
2421.161
2421.327
2421.493
2421.66
2425.593
2429.526
2433.459
2434.212
2434.965
2435.718
2436.471
2437.224
2437.977
2438.73
2439.483
2440.236
2440.989
2441.742
2442.5
2442.74
2442.98
2443.22
2443.46
2443.7
2443.94
2444.18
2444.42
2444.66
2444.9
2445.196
2445.492
2445.788
2446.084
2446.38
2446.676
2446.972
2447.268
2447.564
2447.86
2448.16
2448.404
2448.648
2448.892
2449.136
2449.38
2449.624
2449.868
2450.112
2450.356
2450.6
2450.844
2451.09
2451.377
2451.664
2451.951
2452.238
2452.524
2452.701
2452.878
2453.055
2453.232
2453.409
2453.586
2453.763
2453.94
2454.43
2454.92
2455.41
2455.9
2456.39
2456.88
2457.37
2457.86
2458.35
2458.84
2459.094
2459.348
2459.602
2459.856
2460.11
2460.364
2460.62
2460.849
2461.078
2461.307
2461.536
2461.765
2461.994
2462.223
2462.452
2462.681
2462.911
2463.187
2463.463
2463.739
2464.015
2464.291
2464.567
2464.84
2465.099
2465.358
2465.617
2465.876
2466.135
2466.394
2466.653
2466.912
2467.17
2467.419
2467.668
2467.918
2468.168
2468.418
2468.667
2468.875
2469.083
2469.291
2469.5
2469.902
2470.304
2470.706
2471.108
2471.51
2471.912
2472.314
2472.716
2473.118
2473.52
2473.92
2475.007
2476.094
2477.181
2478.268
2479.355
2480.44
2481.164
2481.888
2482.612
2483.336
2484.06
2484.784
2485.51
2486.907
2488.304
2489.701
2491.098
2492.495
2493.892
2495.289
2496.686
2498.083
2499.48
2500.879
2501.049
2501.219
2501.389
2501.559
2501.729
2501.899
2502.069
2502.239
2502.409
2502.579
2502.749
2502.92
2503.293
2503.666
2504.04
2504.333
2504.626
2504.919
2505.212
2505.505
2505.8
2506.225
2506.65
2507.075
2507.5
2507.925
2508.35
2508.775
2509.2
2509.625
2510.05
2510.475
2510.9
2511.252
2511.604
2511.956
2512.308
2512.66
2513.012
2513.364
2513.716
2514.068
2514.42
2514.772
2515.12
2515.348
2515.576
2515.804
2516.032
2516.26
2516.488
2516.716
2516.944
2517.172
2517.4
2517.625
2517.821
2518.017
2518.213
2518.409
2518.605
2518.801
2519.0
2519.418
2519.836
2520.253
2520.671
2521.088
2521.506
2521.923
2522.34
2522.758
2523.175
2523.593
2524.01
2524.396
2524.782
2525.168
2525.554
2525.94
2526.326
2526.712
2527.098
2527.484
2527.87
2528.207
2528.544
2528.881
2529.218
2529.555
2529.892
2530.23
2530.78
2531.33
2531.88
2532.43
2532.98
2533.52
2534.06
2534.627
2535.194
2535.761
2536.328
2536.895
2537.52
2543.102
2543.649
2544.196
2544.743
2545.29
2545.837
2546.384
2546.931
2547.476
2549.183
2550.89
2551.45
2552.01
2552.57
2553.13
2553.69
2554.25
2554.594
2554.938
2555.282
2555.626
2555.97
2556.314
2556.658
2557.0
2557.209
2557.418
2557.627
2557.836
2558.045
2558.254
2558.463
2558.672
2558.881
2559.09
2559.299
2559.508
2559.72
2560.223
2560.726
2561.229
2561.732
2562.235
2562.738
2563.241
2563.744
2564.25
2564.511
2564.772
2565.033
2565.294
2565.555
2565.816
2566.077
2566.338
2566.599
2566.86
2567.121
2567.38
2567.701
2568.022
2568.343
2568.664
2568.985
2569.306
2569.63
2569.854
2570.078
2570.302
2570.526
2570.75
2570.883
2571.015
2571.148
2571.281
2571.414
2571.547
2571.68
2571.81
2571.981
2572.152
2572.323
2572.494
2572.665
2572.836
2573.007
2573.178
2573.351
2573.548
2573.745
2573.942
2574.14
2574.41
2574.68
2574.95
2575.22
2575.49
2575.76
2576.03
2576.225
2576.42
2576.615
2576.81
2577.005
2577.2
2577.395
2577.59
2577.785
2577.98
2578.175
2578.37
2578.56
2578.989
2579.418
2579.847
2580.276
2580.705
2581.134
2581.563
2581.992
2582.42
2583.8
2585.18
2586.375
2587.57
2588.07
2589.78
2591.49
2593.2
2594.91
2596.62
2598.33
2600.04
2601.75
2601.98
2602.21
2602.44
2602.67
2602.9
2603.13
2603.36
2603.59
2603.82
2604.05
2604.526
2605.002
2605.478
2605.954
2606.43
2606.906
2607.382
2607.858
2608.334
2608.81
2609.915
2611.02
2611.256
2611.492
2611.728
2611.964
2612.2
2612.436
2612.672
2612.908
2613.144
2613.38
2613.616
2613.852
2614.09
2614.742
2615.394
2616.046
2616.698
2617.35
2617.543
2617.736
2617.928
2618.12
2618.557
2618.994
2619.431
2623.811
2628.191
2632.571
2636.95
2638.908
2640.866
2642.824
2644.782
2646.74
2648.698
2650.656
2652.614
2654.57
2654.756
2654.942
2655.128
2655.314
2655.5
2655.686
2655.872
2656.058
2656.24
2657.539
2658.838
2660.137
2661.436
2662.735
2662.907
2663.079
2663.251
2663.423
2663.595
2663.767
2663.939
2664.11
2664.432
2664.754
2665.076
2665.398
2665.72
2666.04
2666.335
2666.63
2666.925
2667.22
2667.515
2667.81
2668.105
2668.4
2668.695
2668.99
2669.28
2669.596
2669.912
2670.228
2670.544
2670.86
2671.176
2671.492
2671.808
2672.124
2672.44
2672.885
2673.33
2673.775
2674.22
2674.665
2675.11
2675.555
2676.0
2676.903
2677.806
2678.709
2679.612
2680.515
2681.418
2682.321
2683.227
2683.425
2683.623
2683.821
2684.019
2684.217
2684.415
2684.613
2684.81
2685.053
2685.296
2685.539
2685.782
2686.025
2686.268
2686.511
2686.754
2686.997
2687.24
2687.483
2687.73
2688.28
2688.83
2689.38
2689.581
2689.782
2689.983
2690.184
2690.385
2690.586
2690.787
2690.988
2691.189
2691.39
2691.591
2691.792
2691.993
2692.19
2692.903
2693.615
2694.327
2695.04
2695.437
2695.834
2696.231
2696.628
2697.025
2697.422
2697.819
2698.216
2698.613
2699.01
2699.407
2699.8
2700.618
2701.436
2702.254
2703.072
2703.89
2704.708
2705.526
2706.344
2707.162
2707.346
2707.53
2707.714
2707.898
2708.082
2708.266
2708.45
2708.634
2708.818
2709.002
2709.186
2709.37
2709.717
2710.064
2710.411
2710.758
2711.105
2711.452
2711.8
2712.15
2712.39
2712.63
2712.87
2713.11
2713.35
2714.22
2715.09
2715.96
2716.83
2717.7
2718.012
2718.325
2718.637
2718.95
2719.262
2719.575
2719.887
2720.2
2720.512
2720.825
2721.137
2721.45
2721.993
2722.536
2723.079
2723.622
2724.165
2724.708
2725.25
2725.752
2726.254
2726.756
2727.258
2727.76
2728.26
2728.755
2729.25
2729.745
2730.24
2730.735
2731.23
2731.725
2732.22
2732.715
2733.21
2733.71
2734.664
2735.618
2736.572
2737.526
2738.479
2739.431
2739.623
2739.815
2740.007
2740.199
2740.391
2740.583
2740.775
2740.967
2741.159
2741.351
2741.543
2741.735
2741.93
2742.307
2742.684
2743.062
2743.44
2743.639
2743.838
2744.037
2744.236
2744.435
2744.634
2744.833
2745.03
2745.932
2746.834
2747.736
2748.64
2748.839
2749.038
2749.237
2749.436
2749.635
2749.834
2750.033
2750.23
2750.758
2751.285
2751.812
2752.34
2752.868
2753.396
2753.924
2754.45
2754.748
2755.046
2755.344
2755.642
2755.94
2756.238
2756.536
2756.834
2757.132
2757.43
2757.728
2758.026
2758.324
2758.62
2758.905
2759.19
2759.475
2759.76
2760.045
2760.33
2760.615
2760.9
2761.185
2761.466
2761.766
2762.066
2762.366
2762.666
2762.966
2763.266
2763.566
2763.867
2764.043
2764.219
2764.395
2764.571
2764.747
2764.923
2765.099
2765.275
2765.45
2765.962
2766.475
2766.988
2767.5
2767.842
2768.184
2768.526
2768.868
2769.21
2769.552
2769.894
2770.236
2770.578
2770.92
2771.202
2771.484
2771.766
2772.048
2772.33
2772.612
2772.894
2773.176
2773.458
2773.74
2774.022
2774.304
2774.586
2774.868
2775.155
2775.363
2775.571
2775.779
2775.987
2776.195
2776.403
2776.611
2776.819
2777.03
2777.359
2777.688
2778.017
2778.346
2778.675
2779.004
2779.333
2779.662
2779.991
2780.32
2780.649
2780.978
2781.31
2781.6
2781.89
2782.18
2782.47
2782.674
2782.878
2783.082
2783.286
2783.49
2783.694
2783.9
2784.13
2784.36
2784.59
2784.82
2785.05
2785.28
2785.55
2785.82
2786.09
2786.36
2786.63
2786.9
2787.17
2787.44
2787.71
2788.026
2788.342
2788.658
2788.974
2789.29
2789.606
2789.922
2790.238
2790.554
2790.87
2791.186
2791.502
2791.818
2792.134
2792.45
2792.77
2793.011
2793.252
2793.493
2793.734
2793.975
2794.216
2794.457
2794.698
2794.939
2795.18
2795.42
2795.749
2796.078
2796.407
2796.736
2797.065
2797.394
2797.723
2798.05
2798.417
2798.784
2799.151
2799.518
2799.885
2800.252
2800.619
2800.986
2801.353
2801.72
2802.087
2802.454
2802.821
2803.19
2803.454
2803.718
2803.982
2804.246
2804.51
2804.774
2805.038
2805.302
2805.57
2805.78
2805.99
2806.2
2806.41
2806.62
2806.83
2807.04
2807.25
2807.46
2807.677
2807.894
2808.111
2808.328
2808.545
2808.762
2808.979
2809.196
2809.413
2809.63
2809.847
2810.064
2810.28
2810.552
2810.824
2811.096
2811.368
2811.64
2811.912
2812.184
2812.456
2812.728
2813.0
2813.272
2813.544
2813.81
2814.058
2814.306
2814.554
2814.802
2815.05
2815.298
2815.546
2815.794
2816.042
2816.29
2816.579
2816.868
2817.157
2817.446
2817.735
2818.024
2818.313
2818.602
2818.891
2819.18
2819.469
2819.758
2820.05
2820.448
2820.846
2821.244
2821.642
2822.04
2822.438
2822.836
2823.234
2823.632
2824.03
2824.428
2824.83
2825.96
2827.09
2828.22
2828.429
2828.638
2828.847
2829.056
2829.265
2829.474
2829.683
2829.892
2830.1
2830.484
2830.868
2831.252
2831.636
2832.02
2832.404
2832.79
2833.112
2833.434
2833.756
2834.078
2834.4
2835.468
2836.535
2837.602
2838.67
2842.119
2845.568
2849.017
2852.466
2855.915
2859.364
2862.813
2866.262
2869.711
2873.16
2873.711
2874.262
2874.813
2875.364
2875.915
2876.466
2877.017
2877.568
2878.119
2878.67
2879.152
2879.634
2880.116
2880.598
2881.08
2881.562
2882.044
2882.526
2883.01
2883.305
2883.6
2883.895
2884.19
2884.485
2884.78
2885.075
2885.37
2885.665
2885.96
2886.255
2886.55
2886.85
2887.307
2887.764
2888.221
2888.678
2889.135
2889.59
2889.844
2890.098
2890.352
2890.606
2890.86
2891.114
2891.368
2891.62
2891.897
2892.174
2892.451
2892.728
2893.005
2893.282
2893.56
2894.077
2894.594
2895.111
2895.628
2896.145
2896.662
2897.179
2897.696
2898.21
2898.69
2899.17
2899.65
2900.13
2900.61
2901.09
2901.57
2902.05
2902.53
2903.121
2903.712
2904.303
2904.894
2905.485
2906.076
2906.67
2906.941
2907.211
2907.481
2907.752
2908.023
2908.294
2908.564
2908.834
2909.104
2909.375
2909.556
2909.737
2909.918
2910.099
2910.28
2910.461
2910.642
2910.823
2911.0
2912.184
2913.369
2914.553
2915.737
2916.921
2918.107
2918.297
2918.487
2918.677
2918.867
2919.057
2919.247
2919.44
2919.908
2920.376
2920.843
2921.31
2921.778
2922.245
2922.712
2923.18
2923.679
2924.178
2924.677
2925.176
2925.675
2926.174
2926.673
2927.172
2927.671
2928.17
2928.67
2929.789
2930.908
2932.027
2933.146
2934.265
2935.384
2936.503
2937.622
2938.74
2939.204
2939.668
2940.132
2940.596
2941.06
2941.778
2942.496
2943.214
2943.932
2944.65
2945.37
2945.601
2945.832
2946.063
2946.294
2946.525
2946.756
2946.987
2947.218
2947.449
2947.68
2947.911
2948.142
2948.37
2948.873
2949.376
2949.879
2950.382
2950.885
2951.388
2951.891
2952.394
2952.9
2953.104
2953.308
2953.512
2953.716
2953.92
2954.124
2954.328
2954.532
2954.736
2954.94
2955.14
2955.549
2955.958
2956.367
2956.776
2957.185
2957.594
2958.003
2958.412
2958.821
2959.23
2959.639
2960.048
2960.46
2960.655
2960.85
2961.045
2961.24
2961.435
2961.63
2961.825
2962.02
2962.215
2962.41
2962.605
2962.8
2962.995
2963.19
2963.39
2963.877
2964.364
2964.851
2965.338
2965.825
2966.312
2966.8
2967.06
2967.32
2967.58
2967.84
2968.1
2968.36
2968.62
2968.88
2969.14
2969.4
2969.96
2970.52
2971.08
2971.501
2971.922
2972.343
2972.764
2973.185
2973.606
2974.027
2974.448
2974.869
2975.29
2975.71
2975.999
2976.288
2976.577
2976.866
2977.155
2977.444
2977.733
2978.022
2978.311
2978.6
2978.889
2979.178
2979.467
2979.75
2980.203
2980.656
2981.109
2981.562
2982.015
2982.468
2982.92
2983.622
2984.324
2985.026
2985.728
2986.43
2987.13
2987.409
2987.688
2987.967
2988.246
2988.525
2988.804
2989.083
2989.36
2989.654
2989.948
2990.242
2990.536
2990.83
2991.124
2991.42
2991.849
2992.278
2992.707
2993.136
2993.565
2993.994
2994.423
2994.852
2995.281
2995.71
2996.139
2996.57
2997.407
2998.244
2999.08
2999.667
3000.254
3000.841
3001.428
3002.015
3002.602
3003.189
3003.776
3004.363
3004.95
3005.537
3006.12
3006.513
3006.906
3007.299
3007.692
3008.085
3008.478
3008.87
3009.211
3009.552
3009.893
3010.234
3010.575
3010.916
3011.26
3011.568
3011.876
3012.184
3012.492
3012.8
3013.108
3013.416
3013.724
3014.032
3014.344
3014.622
3014.9
3015.178
3015.456
3015.734
3016.01
3016.301
3016.592
3016.883
3017.174
3017.465
3017.756
3018.047
3018.338
3018.63
3019.311
3019.992
3020.673
3021.354
3022.035
3022.716
3023.397
3024.08
3024.445
3024.81
3025.175
3025.54
3025.905
3026.27
3026.632
3027.333
3028.034
3028.735
3029.436
3030.137
3030.84
3031.534
3032.228
3032.922
3033.616
3034.31
3034.574
3034.838
3035.102
3035.366
3035.63
3035.894
3036.158
3036.422
3036.686
3036.95
3037.214
3037.478
3037.742
3038.0
3038.388
3038.776
3039.164
3039.552
3039.94
3040.328
3040.716
3041.104
3041.492
3041.736
3041.979
3042.222
3042.466
3042.709
3042.952
3043.196
3043.44
3043.95
3044.46
3044.97
3045.48
3045.99
3046.5
3046.94
3047.38
3047.82
3048.26
3048.7
3049.14
3049.428
3049.716
3050.004
3050.292
3050.58
3050.868
3051.156
3051.444
3051.732
3052.02
3052.31
3052.617
3052.924
3053.231
3053.538
3053.845
3054.152
3054.459
3054.766
3055.07
3055.395
3055.72
3056.045
3056.37
3056.695
3057.02
3057.451
3057.882
3058.313
3058.744
3059.175
3059.606
3060.04
3060.306
3060.572
3060.838
3061.104
3061.37
3061.612
3061.854
3062.096
3062.338
3062.58
3062.845
3063.11
3063.375
3063.64
3063.905
3064.17
3064.435
3064.7
3065.091
3065.482
3065.873
3066.264
3066.655
3067.046
3067.437
3067.828
3068.22
3068.407
3068.595
3068.782
3068.97
3069.157
3069.345
3069.532
3069.72
3069.999
3070.278
3070.557
3070.836
3071.115
3071.394
3071.673
3071.952
3072.23
3072.57
3072.91
3073.25
3073.59
3073.93
3074.27
3074.61
3074.95
3075.353
3075.756
3076.159
3076.562
3076.965
3077.368
3077.77
3078.73
3079.69
3080.65
3081.61
3082.57
3083.53
3083.806
3084.082
3084.358
3084.634
3084.91
3085.186
3085.462
3085.738
3086.01
3086.307
3086.604
3086.901
3087.198
3087.495
3087.792
3088.089
3088.386
3088.68
3089.243
3089.806
3090.37
3090.648
3090.926
3091.204
3091.482
3091.76
3091.965
3092.17
3092.375
3092.58
3092.785
3092.99
3093.367
3093.744
3094.121
3094.498
3094.875
3095.252
3095.63
3095.98
3096.33
3096.68
3096.878
3097.076
3097.274
3097.472
3097.67
3097.868
3098.066
3098.264
3098.462
3098.66
3098.858
3099.056
3099.26
3099.479
3099.698
3099.917
3100.136
3100.355
3100.574
3100.795
3101.003
3101.211
3101.419
3101.627
3101.835
3102.043
3102.251
3102.459
3102.67
3103.157
3103.644
3104.131
3104.618
3105.105
3105.592
3106.08
3106.4
3106.72
3107.04
3107.36
3107.68
3107.893
3108.106
3108.32
3108.534
3108.747
3108.96
3109.173
3109.388
3109.874
3110.36
3110.846
3111.332
3111.818
3112.304
3112.79
3113.276
3113.76
3114.084
3114.408
3114.732
3115.056
3115.38
3115.704
3116.028
3116.352
3116.68
3116.68
3116.68
3116.68
3116.68
