67.77
68.531
69.292
70.053
70.814
71.575
72.336
73.097
73.858
74.619
75.38
76.141
76.902
77.663
78.424
79.185
79.939
80.161
80.383
80.605
80.827
81.049
81.271
81.493
81.715
81.937
82.159
82.381
82.603
82.825
83.047
83.269
83.491
83.719
84.248
84.777
85.306
85.835
86.364
86.893
87.422
87.951
88.48
89.009
89.538
90.067
90.596
91.125
91.654
92.18
92.855
93.53
94.205
94.88
95.555
96.23
96.905
97.58
98.255
98.93
99.605
100.28
100.955
101.63
102.31
102.559
102.808
103.057
103.306
103.555
103.804
104.053
104.302
104.551
104.8
105.049
105.298
105.547
105.796
106.045
106.294
106.543
106.792
107.041
107.299
107.541
107.783
108.025
108.267
108.509
108.751
108.993
109.235
109.477
109.719
109.961
110.203
110.445
110.687
110.929
111.171
111.413
111.655
111.897
112.13
112.39
112.65
112.91
113.17
113.43
113.69
113.95
114.21
114.47
114.73
114.99
115.25
115.51
115.77
116.03
116.29
116.55
116.81
117.069
118.069
118.469
118.869
119.269
119.669
120.069
120.469
120.869
121.269
121.669
122.069
122.469
122.869
123.269
123.669
124.069
124.469
124.869
125.269
125.669
126.06
126.34
126.62
126.9
127.18
127.46
127.74
128.02
128.3
128.58
128.86
129.14
129.42
129.7
129.98
130.26
130.539
130.877
131.215
131.553
131.891
132.229
132.567
132.905
133.243
133.581
133.919
134.257
134.595
134.933
135.271
135.609
135.947
136.285
136.623
136.96
137.398
137.836
138.274
138.712
139.15
139.588
140.026
140.464
140.902
141.34
141.778
142.216
142.654
143.092
143.53
143.968
144.41
144.778
145.146
145.514
145.882
146.25
146.618
146.986
147.354
147.722
148.09
148.458
148.826
149.194
149.562
149.93
150.298
150.666
151.04
151.302
151.564
151.826
152.088
152.35
152.612
152.874
153.136
153.398
153.66
153.922
154.184
154.446
154.708
154.97
155.232
155.494
155.756
156.02
156.418
156.816
157.214
157.612
158.01
158.408
158.806
159.204
159.602
160.0
160.398
160.796
161.194
161.592
161.99
162.388
162.79
163.284
163.778
164.272
164.766
165.26
165.754
166.248
166.742
167.236
167.73
168.224
168.718
169.212
169.706
170.2
170.694
171.188
171.682
172.18
173.476
174.772
176.068
177.364
178.66
178.984
179.308
179.632
179.956
180.28
180.604
180.928
181.252
181.576
181.9
182.224
182.548
182.872
183.196
183.52
183.844
184.168
184.492
184.816
185.14
185.464
185.788
186.109
186.477
186.845
187.213
187.581
187.949
188.317
188.685
189.053
189.421
189.789
190.157
190.525
190.893
191.261
191.629
191.997
192.365
192.733
193.101
193.47
194.027
194.584
195.141
195.698
196.255
196.812
197.369
197.926
198.483
199.04
199.597
200.154
200.711
201.268
201.825
202.382
202.939
203.496
204.049
204.632
205.215
205.798
206.381
206.964
207.547
208.13
208.713
209.296
209.879
210.462
211.045
211.628
212.211
212.794
213.377
213.96
214.549
214.967
215.385
215.803
216.221
216.639
217.057
217.475
217.893
218.311
218.729
219.147
219.565
219.983
220.401
220.819
221.239
221.593
221.947
222.301
222.655
223.009
223.363
223.717
224.071
224.425
224.779
225.133
225.487
225.841
226.195
226.549
226.903
227.257
227.611
227.965
228.319
228.67
228.92
229.17
229.42
229.67
229.92
230.17
230.42
230.67
230.92
231.17
231.42
231.67
231.92
232.17
232.554
232.938
233.322
233.706
234.09
234.474
234.858
235.242
235.626
236.01
236.394
236.778
237.162
237.546
237.93
238.314
238.698
239.082
239.466
239.859
240.372
240.885
241.398
241.911
242.424
242.937
243.45
243.963
244.476
244.989
245.502
246.015
246.528
247.04
247.294
247.548
247.802
248.056
248.31
248.564
248.818
249.072
249.326
249.58
249.834
250.088
250.342
250.596
250.85
251.104
251.35
251.843
252.336
252.829
253.322
253.815
254.308
254.801
255.294
255.787
256.28
256.769
257.145
257.521
257.897
258.273
258.649
259.025
259.401
259.777
260.153
260.529
260.905
261.281
261.657
262.033
262.409
262.785
263.161
263.53
263.686
263.842
263.998
264.154
264.31
264.466
264.623
264.779
264.935
265.091
265.248
265.404
265.56
265.716
265.873
266.029
266.185
266.341
266.498
266.66
266.984
267.308
267.632
267.956
268.28
268.604
268.928
269.252
269.576
269.9
270.224
270.548
270.872
271.196
271.52
271.844
272.169
272.547
272.925
273.303
273.681
274.059
274.437
274.815
275.193
275.571
275.949
276.327
276.705
277.083
277.461
277.839
278.217
278.595
278.979
279.337
279.695
280.053
280.411
280.769
281.127
281.485
281.843
282.201
282.559
282.917
283.275
283.633
283.991
284.349
284.707
285.06
285.417
285.774
286.131
286.488
286.845
287.202
287.559
287.916
288.273
288.63
288.987
289.344
289.701
290.058
290.415
290.772
291.129
291.49
291.941
292.392
292.843
293.294
293.745
294.196
294.647
295.098
295.549
296.0
296.451
296.902
297.353
297.804
298.255
298.706
299.157
299.61
299.837
300.064
300.291
300.518
300.745
300.972
301.199
301.426
301.653
301.88
302.107
302.334
302.561
302.788
303.015
303.242
303.469
303.696
303.93
304.188
304.446
304.704
304.962
305.22
305.478
305.736
305.994
306.252
306.51
306.768
307.026
307.284
307.542
307.8
308.058
308.319
308.72
309.121
309.522
309.923
310.324
310.725
311.126
311.527
311.928
312.329
312.73
313.131
313.532
313.933
314.334
314.74
315.179
315.618
316.057
316.496
316.935
317.374
317.813
318.252
318.691
319.13
319.569
320.008
320.447
320.886
321.325
321.764
322.21
322.431
322.652
322.873
323.094
323.315
323.536
323.757
323.978
324.199
324.42
324.641
324.862
325.083
325.304
325.525
325.746
325.967
326.18
326.464
326.748
327.032
327.316
327.6
327.884
328.168
328.452
328.736
329.02
329.304
329.588
329.872
330.156
330.44
330.724
331.009
331.342
331.675
332.008
332.341
332.674
333.007
333.34
333.673
334.006
334.339
334.672
335.005
335.34
335.62
335.9
336.18
336.46
336.74
337.02
337.3
337.58
337.86
338.14
338.42
338.7
338.98
339.26
339.54
339.82
340.1
340.38
340.659
341.055
341.451
341.847
342.243
342.639
343.035
343.431
343.827
344.223
344.619
345.015
345.411
345.807
346.203
346.599
346.995
347.389
347.713
348.037
348.361
348.685
349.009
349.333
349.657
349.981
350.305
350.629
350.953
351.277
351.601
351.925
352.249
352.58
352.885
353.19
353.495
353.8
354.105
354.41
354.715
355.02
355.325
355.63
355.935
356.24
356.545
356.85
357.155
357.46
357.765
358.07
358.379
358.613
358.847
359.081
359.315
359.549
359.783
360.017
360.251
360.485
360.719
360.953
361.187
361.421
361.655
361.889
362.123
362.36
363.169
363.978
364.787
365.596
366.405
367.214
368.023
368.832
369.641
370.45
371.259
372.068
372.877
373.686
374.495
375.31
375.723
376.136
376.549
376.962
377.375
377.788
378.201
378.614
379.027
379.44
379.853
380.266
380.679
381.092
381.505
381.918
382.331
382.74
383.208
383.676
384.144
384.612
385.08
385.548
386.016
386.484
386.952
387.42
387.888
388.356
388.824
389.292
389.76
390.228
390.696
391.164
391.639
392.009
392.379
392.749
393.119
393.489
393.859
394.229
394.599
394.969
395.339
395.709
396.079
396.449
396.819
397.189
397.559
397.929
398.299
398.669
399.038
399.407
399.776
400.145
400.514
400.883
401.252
401.621
401.99
402.359
402.728
403.097
403.466
403.835
404.204
404.569
404.888
405.207
405.526
405.845
406.164
406.483
406.802
407.121
407.44
407.759
408.078
408.397
408.716
409.035
409.354
409.669
409.88
410.091
410.302
410.513
410.724
410.935
411.146
411.357
411.568
411.779
411.99
412.201
412.412
412.623
412.834
413.045
413.256
413.46
413.908
414.356
414.804
415.252
415.7
416.148
416.596
417.044
417.492
417.94
418.388
418.836
419.284
419.732
420.18
420.628
421.069
421.463
421.857
422.251
422.645
423.039
423.433
423.827
424.221
424.615
425.009
425.403
425.797
426.191
426.585
426.979
427.379
427.669
427.959
428.249
428.539
428.829
429.119
429.409
429.699
429.989
430.279
430.569
430.859
431.149
431.439
431.729
432.019
432.309
432.599
432.889
433.179
433.47
433.737
434.004
434.271
434.538
434.805
435.072
435.339
435.606
435.873
436.14
436.407
436.674
436.941
437.208
437.475
437.74
438.143
438.546
438.949
439.352
439.755
440.158
440.561
440.964
441.367
441.77
442.173
442.576
442.979
443.382
443.789
444.016
444.243
444.47
444.697
444.924
445.151
445.378
445.605
445.832
446.059
446.286
446.513
446.74
446.967
447.194
447.421
447.648
447.875
448.099
448.637
449.175
449.713
450.251
450.789
451.327
451.865
452.403
452.939
453.491
454.043
454.595
455.147
455.699
456.251
456.803
457.355
457.907
458.459
459.011
459.563
460.115
460.667
461.219
461.771
462.323
462.879
463.169
463.459
463.749
464.039
464.329
464.619
464.909
465.199
465.489
465.779
466.069
466.359
466.649
466.939
467.229
467.52
467.826
468.132
468.438
468.744
469.05
469.356
469.662
469.968
470.274
470.58
470.886
471.192
471.498
471.81
472.079
472.348
472.617
472.886
473.155
473.424
473.693
473.962
474.231
474.5
474.769
475.038
475.307
475.576
475.845
476.114
476.383
476.659
476.935
477.211
477.487
477.763
478.039
478.315
478.591
478.867
479.143
479.419
479.695
479.971
480.247
480.523
480.799
481.075
481.349
481.783
482.217
482.651
483.085
483.519
483.953
484.387
484.821
485.255
485.689
486.123
486.557
486.991
487.425
487.859
488.293
488.727
489.161
489.595
490.02
490.449
490.878
491.307
491.736
492.165
492.594
493.023
493.452
493.881
494.31
494.739
495.168
495.597
496.026
496.455
496.884
497.31
497.852
498.394
498.936
499.478
500.02
500.562
501.104
501.646
502.188
502.73
503.272
503.814
504.356
504.898
505.44
505.982
506.524
507.066
507.608
508.15
508.689
509.116
509.543
509.97
510.397
510.824
511.251
511.678
512.105
512.532
512.959
513.386
513.813
514.24
514.667
515.094
515.521
515.948
516.375
516.81
517.561
518.312
519.063
519.814
520.565
521.316
522.067
522.818
523.569
524.32
525.071
525.822
526.573
527.324
528.075
528.826
529.577
530.328
531.07
531.312
531.554
531.796
532.038
532.28
532.522
532.764
533.006
533.248
533.49
533.732
533.974
534.216
534.458
534.7
534.942
535.184
535.426
535.67
536.006
536.342
536.678
537.014
537.35
537.686
538.022
538.358
538.694
539.03
539.366
539.702
540.038
540.374
540.71
541.046
541.382
541.72
542.035
542.35
542.665
542.98
543.295
543.61
543.925
544.24
544.555
544.87
545.185
545.5
545.815
546.13
546.44
546.859
547.278
547.697
548.116
548.535
548.954
549.373
549.792
550.211
550.63
551.049
551.468
551.89
552.352
552.814
553.276
553.738
554.2
554.662
555.124
555.586
556.048
556.51
556.972
557.434
557.896
558.358
558.82
559.282
559.744
560.2
560.73
561.26
561.79
562.32
562.85
563.38
563.91
564.44
564.97
565.5
566.03
566.56
567.09
567.62
568.15
568.68
569.21
569.74
570.27
571.132
571.994
572.856
573.718
574.58
575.442
576.304
577.166
578.028
578.89
579.752
580.614
581.476
582.338
583.2
584.062
584.93
585.624
586.318
587.012
587.706
588.4
589.094
589.788
590.482
591.176
591.87
592.564
593.258
593.952
594.646
595.34
596.034
596.728
597.422
598.116
598.81
599.51
600.385
601.26
602.135
603.01
603.885
604.76
605.635
606.51
607.385
608.26
609.135
610.01
610.885
611.76
612.635
613.51
614.385
615.26
616.135
617.01
617.885
618.77
619.083
619.396
619.709
620.022
620.335
620.648
620.961
621.274
621.587
621.9
622.213
622.526
622.839
623.152
623.465
623.778
624.091
624.41
625.272
626.135
626.997
627.859
628.721
629.583
630.445
631.308
632.17
633.032
633.894
634.756
635.618
636.481
637.343
638.205
639.067
639.929
640.791
641.66
642.023
642.386
642.749
643.112
643.475
643.838
644.201
644.564
644.927
645.29
645.653
646.016
646.379
646.742
647.105
647.468
647.831
648.194
648.55
648.91
649.27
649.63
649.99
650.35
650.71
651.07
651.43
651.79
652.15
652.336
652.522
652.708
652.894
653.08
653.266
653.452
653.638
653.824
654.01
654.196
654.382
654.568
654.754
654.94
655.126
655.31
655.574
655.838
656.102
656.366
656.63
656.894
657.158
657.422
657.686
657.95
658.214
658.478
658.742
659.006
659.27
659.534
659.798
660.062
660.32
660.856
661.392
661.928
662.464
663.0
663.536
664.072
664.608
665.144
665.68
666.216
666.752
667.288
667.824
668.36
668.896
669.432
669.968
670.501
670.883
671.265
671.647
672.029
672.411
672.793
673.175
673.557
673.939
674.321
674.703
675.085
675.467
675.849
676.231
676.613
677.001
677.424
677.847
678.27
678.693
679.116
679.539
679.962
680.385
680.808
681.231
681.654
682.077
682.5
682.923
683.346
683.769
684.192
684.62
684.948
685.276
685.604
685.932
686.26
686.588
686.916
687.244
687.572
687.9
688.228
688.556
688.884
689.212
689.54
689.868
690.196
690.53
691.457
692.385
693.312
694.24
695.168
696.096
697.024
697.952
698.88
699.808
700.736
701.663
702.591
703.519
704.447
705.37
705.788
706.206
706.624
707.042
707.46
707.878
708.296
708.714
709.132
709.55
709.968
710.386
710.804
711.222
711.64
712.058
712.476
712.894
713.312
713.73
714.15
714.65
715.15
715.65
716.15
716.65
717.15
717.65
718.15
718.65
719.15
719.65
720.15
720.65
721.15
721.726
722.302
722.878
723.454
724.03
724.606
725.182
725.758
726.334
726.91
727.486
728.062
728.638
729.214
729.79
730.36
730.784
731.208
731.632
732.056
732.48
732.904
733.328
733.752
734.176
734.6
735.024
735.448
735.872
736.296
736.72
737.144
737.568
737.992
738.416
738.84
739.264
739.684
740.137
740.59
741.043
741.496
741.949
742.402
742.855
743.308
743.761
744.214
744.667
745.12
745.573
746.026
746.479
746.932
747.385
747.838
748.291
748.75
749.585
750.42
751.255
752.09
752.925
753.76
754.595
755.43
756.264
757.099
757.934
758.769
759.604
760.439
761.274
762.109
762.944
763.779
764.614
765.44
766.08
766.72
767.36
768.0
768.64
769.28
769.92
770.56
771.2
771.84
772.48
773.12
773.76
774.4
775.04
775.68
776.32
776.96
777.6
778.24
778.88
779.509
780.138
780.767
781.396
782.024
782.653
783.282
783.911
784.539
785.168
785.797
786.426
787.055
787.683
788.312
788.941
789.57
790.199
790.827
791.45
791.843
792.236
792.629
793.022
793.415
793.808
794.201
794.594
794.987
795.38
795.773
796.166
796.559
796.952
797.345
797.738
798.131
798.53
799.177
799.824
800.471
801.118
801.765
802.412
803.06
803.479
803.898
804.317
804.736
805.155
805.574
805.993
806.412
806.831
807.25
807.669
808.088
808.507
808.926
809.345
809.764
810.183
810.602
811.021
811.44
811.859
812.28
812.646
813.012
813.378
813.744
814.11
814.476
814.842
815.208
815.574
815.94
816.306
816.672
817.038
817.404
817.77
818.14
818.583
819.026
819.469
819.912
820.355
820.798
821.241
821.684
822.127
822.57
823.013
823.456
823.899
824.342
824.785
825.228
825.671
826.12
826.474
826.828
827.182
827.536
827.89
828.244
828.598
828.952
829.306
829.66
830.014
830.368
830.722
831.076
831.43
831.784
832.138
832.49
832.808
833.126
833.444
833.762
834.08
834.398
834.716
835.034
835.352
835.67
835.988
836.306
836.624
836.942
837.26
837.58
837.772
837.964
838.156
838.348
838.54
838.732
838.924
839.116
839.308
839.5
839.692
839.884
840.076
840.268
840.46
840.652
840.844
841.036
841.22
841.906
842.592
843.278
843.964
844.65
845.336
846.022
846.708
847.394
848.08
848.766
849.452
850.138
850.824
851.51
852.196
852.882
853.56
853.873
854.186
854.499
854.812
855.125
855.438
855.751
856.064
856.377
856.69
857.003
857.316
857.629
857.942
858.255
858.568
858.881
859.194
859.5
859.799
860.098
860.397
860.696
860.995
861.294
861.593
861.892
862.191
862.49
862.789
863.088
863.387
863.686
863.985
864.284
864.583
864.88
865.098
865.316
865.534
865.752
865.97
866.188
866.406
866.624
866.842
867.06
867.278
867.496
867.714
867.932
868.15
868.368
868.586
868.804
869.022
869.24
869.832
870.424
871.016
871.608
872.2
872.792
873.384
873.976
874.568
875.16
875.752
876.344
876.936
877.528
878.12
878.712
879.304
879.9
880.119
880.338
880.557
880.776
880.995
881.214
881.433
881.652
881.87
882.169
882.468
882.767
883.067
883.366
883.665
883.964
884.264
884.563
884.862
885.161
885.46
885.76
886.059
886.358
886.657
886.957
887.256
887.555
887.86
888.321
888.782
889.243
889.704
890.165
890.626
891.087
891.548
892.009
892.47
892.931
893.392
893.853
894.314
894.775
895.236
895.697
896.15
896.637
897.124
897.611
898.098
898.585
899.072
899.559
900.046
900.533
901.02
901.507
901.994
902.481
902.968
903.455
903.942
904.429
904.916
905.403
905.89
906.37
906.656
906.942
907.228
907.514
907.8
908.086
908.372
908.658
908.944
909.23
909.516
909.802
910.088
910.374
910.66
911.288
911.916
912.544
913.172
913.8
914.428
915.056
915.684
916.312
916.94
917.568
918.196
918.824
919.452
920.08
920.313
920.546
920.779
921.012
921.245
921.478
921.711
921.944
922.177
922.41
922.643
922.876
923.109
923.342
923.575
923.808
924.041
924.28
924.679
925.078
925.477
925.876
926.275
926.674
927.073
927.472
927.871
928.27
928.669
929.068
929.467
929.866
930.265
930.664
931.06
931.412
931.764
932.116
932.468
932.82
933.172
933.524
933.876
934.228
934.58
934.932
935.284
935.636
935.988
936.34
936.692
937.044
937.396
937.75
938.034
938.318
938.602
938.886
939.17
939.454
939.738
940.022
940.306
940.59
940.874
941.158
941.442
941.726
942.01
942.294
942.57
943.417
944.264
945.111
945.958
946.805
947.652
948.499
949.346
950.193
951.04
951.887
952.73
953.146
953.562
953.978
954.394
954.81
955.226
955.642
956.058
956.474
956.89
957.306
957.722
958.138
958.554
958.97
959.386
959.802
960.218
960.634
961.05
961.466
961.882
962.298
962.714
963.12
963.756
964.392
965.028
965.664
966.3
966.936
967.572
968.208
968.844
969.48
970.116
970.752
971.388
972.024
972.66
973.296
973.931
974.448
974.965
975.482
975.999
976.516
977.033
977.55
978.067
978.584
979.101
979.618
980.135
980.652
981.169
981.686
982.2
982.698
983.196
983.694
984.192
984.69
985.188
985.686
986.184
986.682
987.18
987.678
988.176
988.674
989.17
989.933
990.696
991.459
992.222
992.985
993.748
994.511
995.274
996.037
996.8
997.563
998.326
999.089
999.852
1000.62
1001.22
1001.82
1002.42
1003.02
1003.62
1004.22
1004.82
1005.42
1006.02
1006.62
1007.22
1007.82
1008.42
1009.02
1009.62
1010.22
1010.82
1011.034
1011.248
1011.462
1011.676
1011.89
1012.104
1012.318
1012.532
1012.746
1012.96
1013.174
1013.388
1013.602
1013.816
1014.03
1014.244
1014.458
1014.672
1014.886
1015.1
1015.714
1016.328
1016.942
1017.556
1018.17
1018.784
1019.398
1020.012
1020.626
1021.24
1021.854
1022.468
1023.082
1023.696
1024.31
1024.924
1025.538
1026.152
1026.76
1027.083
1027.406
1027.729
1028.052
1028.375
1028.698
1029.021
1029.344
1029.667
1029.99
1030.313
1030.636
1030.959
1031.282
1031.605
1031.929
1032.518
1033.107
1033.696
1034.285
1034.874
1035.463
1036.052
1036.64
1037.036
1037.432
1037.828
1038.224
1038.62
1039.016
1039.412
1039.808
1040.204
1040.6
1040.996
1041.392
1041.788
1042.184
1042.58
1042.976
1043.372
1043.76
1044.162
1044.564
1044.966
1045.368
1045.77
1046.172
1046.574
1046.976
1047.378
1047.78
1048.182
1048.584
1048.986
1049.388
1049.79
1050.192
1050.6
1050.986
1051.372
1051.758
1052.144
1052.53
1052.916
1053.302
1053.688
1054.074
1054.46
1054.846
1055.232
1055.618
1056.004
1056.39
1056.776
1057.162
1057.549
1057.918
1058.287
1058.656
1059.025
1059.394
1059.763
1060.132
1060.501
1060.87
1061.239
1061.608
1061.977
1062.346
1062.715
1063.084
1063.453
1063.822
1064.191
1064.559
1064.955
1065.351
1065.747
1066.143
1066.539
1066.935
1067.331
1067.727
1068.123
1068.519
1068.915
1069.311
1069.707
1070.103
1070.499
1070.895
1071.291
1071.687
1072.08
1072.472
1072.864
1073.256
1073.648
1074.04
1074.432
1074.824
1075.216
1075.608
1076.0
1076.392
1076.784
1077.176
1077.568
1077.96
1078.352
1078.744
1079.13
1079.348
1079.566
1079.784
1080.002
1080.22
1080.438
1080.656
1080.874
1081.092
1081.31
1081.528
1081.746
1081.964
1082.182
1082.4
1082.618
1082.836
1083.059
1083.487
1083.915
1084.343
1084.771
1085.199
1085.627
1086.055
1086.483
1086.911
1087.339
1087.767
1088.195
1088.623
1089.049
1089.298
1089.547
1089.796
1090.045
1090.294
1090.543
1090.792
1091.041
1091.29
1091.539
1091.788
1092.037
1092.286
1092.535
1092.784
1093.034
1093.284
1093.54
1093.733
1093.926
1094.119
1094.312
1094.505
1094.698
1094.891
1095.084
1095.277
1095.47
1095.663
1095.856
1096.049
1096.242
1096.435
1096.628
1096.821
1097.014
1097.207
1097.4
1097.59
1097.782
1097.974
1098.166
1098.358
1098.55
1098.742
1098.934
1099.126
1099.318
1099.51
1099.702
1099.894
1100.086
1100.278
1100.47
1100.662
1100.854
1101.046
1101.238
1101.43
1101.622
1101.81
1102.236
1102.662
1103.088
1103.514
1103.94
1104.366
1104.792
1105.218
1105.644
1106.07
1106.496
1106.922
1107.348
1107.774
1108.2
1108.626
1109.052
1109.48
1109.689
1109.898
1110.107
1110.316
1110.525
1110.734
1110.943
1111.152
1111.361
1111.57
1111.779
1111.988
1112.197
1112.406
1112.615
1112.824
1113.033
1113.242
1113.46
1115.263
1117.066
1118.87
1119.622
1120.374
1121.126
1121.878
1122.63
1123.382
1124.134
1124.886
1125.638
1126.39
1127.142
1127.894
1128.646
1129.398
1130.15
1130.902
1131.654
1132.41
1132.709
1133.008
1133.307
1133.606
1133.905
1134.204
1134.503
1134.802
1135.101
1135.4
1135.699
1135.998
1136.297
1136.596
1136.895
1137.194
1137.493
1137.79
1138.514
1139.238
1139.962
1140.686
1141.41
1142.134
1142.858
1143.582
1144.306
1145.03
1145.754
1146.478
1147.202
1147.926
1148.65
1149.38
1149.713
1150.046
1150.379
1150.712
1151.045
1151.378
1151.711
1152.044
1152.377
1152.71
1153.043
1153.376
1153.709
1154.042
1154.375
1154.708
1155.041
1155.374
1155.707
1156.04
1156.23
1156.42
1156.61
1156.8
1156.99
1157.18
1157.37
1157.56
1157.75
1157.94
1158.13
1158.32
1158.51
1158.7
1158.89
1159.08
1159.27
1159.46
1159.684
1159.908
1160.132
1160.356
1160.58
1160.804
1161.028
1161.252
1161.476
1161.7
1161.924
1162.148
1162.372
1162.596
1162.82
1163.044
1163.268
1163.492
1163.716
1163.94
1164.287
1164.634
1164.981
1165.328
1165.675
1166.022
1166.369
1166.716
1167.063
1167.41
1167.757
1168.104
1168.451
1168.798
1169.145
1169.492
1169.84
1170.024
1170.207
1170.391
1170.575
1170.759
1170.943
1171.127
1171.311
1171.495
1171.678
1171.862
1172.046
1172.23
1172.414
1172.598
1172.782
1172.966
1173.149
1173.332
1173.51
1173.756
1174.002
1174.248
1174.494
1174.74
1174.986
1175.232
1175.478
1175.724
1175.97
1176.216
1176.462
1176.708
1176.954
1177.2
1177.446
1177.692
1177.938
1178.19
1178.414
1178.638
1178.862
1179.086
1179.31
1179.534
1179.758
1179.982
1180.206
1180.43
1180.654
1180.878
1181.102
1181.326
1181.55
1181.774
1181.998
1182.222
1182.446
1182.67
1182.9
1183.4
1183.9
1184.265
1184.63
1184.995
1185.36
1185.725
1186.09
1186.455
1186.82
1187.185
1187.55
1187.915
1188.28
1188.645
1189.01
1189.375
1189.74
1190.11
1190.348
1190.586
1190.824
1191.062
1191.3
1191.538
1191.776
1192.014
1192.252
1192.49
1192.728
1192.966
1193.204
1193.442
1193.68
1193.918
1194.156
1194.394
1194.632
1194.87
1195.108
1195.34
1195.552
1195.764
1195.976
1196.188
1196.4
1196.612
1196.824
1197.036
1197.248
1197.46
1197.672
1197.884
1198.096
1198.308
1198.52
1198.732
1198.944
1199.156
1199.371
1199.591
1199.811
1200.031
1200.251
1200.471
1200.691
1200.911
1201.131
1201.351
1201.571
1201.791
1202.011
1202.231
1202.451
1202.671
1202.891
1203.111
1203.331
1203.551
1203.78
1204.176
1204.572
1204.967
1205.363
1205.759
1206.155
1206.551
1206.947
1207.342
1207.738
1208.134
1208.53
1208.926
1209.322
1209.717
1210.113
1210.509
1210.905
1211.301
1211.69
1212.027
1212.364
1212.701
1213.038
1213.375
1213.712
1214.049
1214.386
1214.723
1215.06
1215.397
1215.734
1216.071
1216.408
1216.745
1217.082
1217.419
1217.75
1218.115
1218.48
1218.845
1219.21
1219.575
1219.94
1220.305
1220.67
1221.035
1221.4
1221.765
1222.13
1222.495
1222.86
1223.225
1223.59
1223.955
1224.32
1224.685
1225.05
1225.285
1225.52
1225.755
1225.99
1226.225
1226.46
1226.695
1226.93
1227.165
1227.4
1227.635
1227.87
1228.105
1228.34
1228.575
1228.81
1229.045
1229.28
1229.52
1229.887
1230.254
1230.621
1230.988
1231.355
1231.722
1232.089
1232.456
1232.823
1233.19
1233.557
1233.924
1234.291
1234.658
1235.02
1235.616
1236.212
1236.808
1237.404
1238.0
1238.596
1239.192
1239.788
1240.384
1240.98
1241.576
1242.172
1242.768
1243.37
1243.954
1244.538
1245.122
1245.706
1246.29
1246.874
1247.458
1248.042
1248.626
1249.21
1249.794
1250.378
1250.962
1251.55
1252.083
1252.616
1253.149
1253.682
1254.215
1254.748
1255.281
1255.814
1256.347
1256.88
1257.413
1257.946
1258.479
1259.012
1259.545
1260.08
1260.434
1260.788
1261.142
1261.496
1261.85
1262.204
1262.558
1262.912
1263.266
1263.62
1263.974
1264.328
1264.682
1265.036
1265.39
1265.744
1266.1
1266.303
1266.506
1266.709
1266.912
1267.115
1267.318
1267.52
1267.702
1267.884
1268.066
1268.248
1268.43
1268.612
1268.794
1268.976
1269.158
1269.34
1269.522
1269.704
1269.886
1270.068
1270.25
1270.432
1270.614
1270.796
1270.98
1271.258
1271.536
1271.814
1272.092
1272.37
1272.648
1272.926
1273.204
1273.482
1273.76
1274.038
1274.316
1274.594
1274.872
1275.15
1275.428
1275.707
1275.986
1276.264
1276.55
1276.94
1277.33
1277.72
1278.11
1278.5
1278.89
1279.28
1279.67
1280.06
1280.45
1280.84
1281.23
1281.62
1282.01
1282.4
1282.585
1282.77
1282.955
1283.139
1283.323
1283.508
1283.693
1283.878
1284.062
1284.246
1284.431
1284.616
1284.801
1284.986
1285.171
1285.356
1285.541
1285.726
1285.911
1286.09
1286.471
1286.852
1287.233
1287.614
1287.995
1288.376
1288.757
1289.138
1289.519
1289.9
1290.281
1290.662
1291.043
1291.424
1291.805
1292.19
1292.467
1292.744
1293.021
1293.298
1293.575
1293.852
1294.129
1294.406
1294.683
1294.96
1295.237
1295.514
1295.791
1296.068
1296.34
1297.48
1298.62
1298.979
1299.338
1299.697
1300.056
1300.415
1300.774
1301.133
1301.492
1301.851
1302.21
1302.569
1302.928
1303.287
1303.646
1304.005
1304.364
1304.723
1305.09
1305.786
1306.482
1307.178
1307.874
1308.57
1309.266
1309.962
1310.658
1311.354
1312.05
1312.746
1313.442
1314.138
1314.834
1315.53
1316.226
1316.93
1317.184
1317.438
1317.692
1317.946
1318.2
1318.454
1318.708
1318.962
1319.216
1319.47
1319.724
1319.978
1320.232
1320.486
1320.74
1320.994
1321.24
1321.565
1321.89
1322.215
1322.54
1322.865
1323.19
1323.515
1323.84
1324.165
1324.49
1324.815
1325.14
1325.465
1325.79
1326.115
1326.44
1326.76
1327.302
1327.844
1328.386
1328.928
1329.47
1330.012
1330.554
1331.096
1331.638
1332.18
1332.722
1333.264
1333.806
1334.348
1334.89
1335.432
1335.974
1336.516
1337.05
1337.295
1337.54
1337.785
1338.03
1338.275
1338.52
1338.765
1339.01
1339.255
1339.5
1339.745
1339.99
1340.235
1340.48
1340.725
1340.97
1341.215
1341.46
1341.705
1341.95
1342.196
1342.442
1342.688
1342.934
1343.18
1343.426
1343.672
1343.918
1344.164
1344.41
1344.656
1344.902
1345.148
1345.394
1345.64
1345.886
1346.132
1346.38
1346.687
1346.994
1347.301
1347.608
1347.915
1348.222
1348.529
1348.836
1349.143
1349.45
1349.757
1350.064
1350.371
1350.678
1350.985
1351.292
1351.599
1351.9
1352.132
1352.364
1352.596
1352.828
1353.06
1353.292
1353.524
1353.756
1353.988
1354.22
1354.452
1354.684
1354.916
1355.148
1355.38
1355.612
1355.844
1356.08
1356.56
1357.04
1357.52
1358.0
1358.48
1358.96
1359.535
1360.11
1360.685
1361.26
1361.835
1362.41
1362.985
1363.56
1364.135
1364.71
1365.285
1365.86
1366.435
1367.01
1367.585
1368.16
1368.451
1368.742
1369.033
1369.324
1369.615
1369.906
1370.197
1370.488
1370.779
1371.07
1371.361
1371.652
1371.943
1372.234
1372.525
1372.816
1373.107
1373.398
1373.69
1374.486
1375.282
1376.077
1376.872
1377.668
1378.463
1379.258
1380.053
1380.849
1381.644
1382.439
1383.235
1384.03
1384.825
1385.62
1386.415
1387.21
1388.005
1388.801
1389.6
1389.889
1390.178
1390.467
1390.756
1391.045
1391.334
1391.623
1391.912
1392.201
1392.49
1392.779
1393.068
1393.357
1393.646
1393.935
1394.224
1394.51
1394.762
1395.014
1395.266
1395.518
1395.77
1396.022
1396.274
1396.526
1396.778
1397.03
1397.282
1397.534
1397.786
1398.038
1398.29
1398.542
1398.794
1399.046
1399.29
1399.841
1400.392
1400.943
1401.494
1402.045
1402.596
1403.147
1403.698
1404.249
1404.8
1405.351
1405.902
1406.453
1407.004
1407.555
1408.106
1408.657
1409.208
1409.759
1410.31
1410.87
1411.234
1411.598
1411.962
1412.326
1412.69
1413.054
1413.418
1413.782
1414.146
1414.51
1414.874
1415.238
1415.602
1415.966
1416.33
1416.694
1417.058
1417.42
1417.655
1417.89
1418.125
1418.36
1418.595
1418.83
1419.065
1419.3
1419.535
1419.77
1420.005
1420.24
1420.475
1420.71
1420.945
1421.18
1421.415
1421.65
1421.88
1422.209
1422.538
1422.867
1423.196
1423.525
1423.854
1424.183
1424.512
1424.841
1425.17
1425.499
1425.828
1426.157
1426.486
1426.815
1427.144
1427.48
1427.807
1428.134
1428.461
1428.788
1429.115
1429.442
1429.769
1430.096
1430.423
1430.75
1431.077
1431.404
1431.731
1432.06
1432.429
1432.798
1433.167
1433.536
1433.905
1434.274
1434.643
1435.012
1435.381
1435.75
1436.119
1436.488
1436.857
1437.226
1437.595
1437.964
1438.34
1438.669
1438.999
1439.329
1439.659
1439.989
1440.319
1440.649
1440.978
1441.308
1441.638
1441.967
1442.297
1442.627
1442.957
1443.287
1443.617
1443.947
1444.276
1444.606
1444.93
1445.561
1446.192
1446.823
1447.454
1448.085
1448.716
1449.347
1449.978
1450.609
1451.24
1451.871
1452.502
1453.133
1453.764
1454.395
1455.026
1455.65
1456.055
1456.46
1456.865
1457.27
1457.675
1458.08
1458.485
1458.89
1459.295
1459.7
1460.105
1460.51
1460.915
1461.32
1461.725
1462.13
1462.565
1463.0
1463.435
1463.87
1464.305
1464.74
1465.175
1465.61
1466.045
1466.48
1466.915
1467.35
1467.785
1468.22
1468.499
1468.778
1469.057
1469.336
1469.615
1469.894
1470.173
1470.452
1470.731
1471.01
1471.289
1471.568
1471.847
1472.126
1472.405
1472.684
1472.963
1473.24
1473.626
1474.012
1474.398
1474.784
1475.17
1475.556
1475.942
1476.328
1476.714
1477.1
1477.486
1477.872
1478.258
1478.65
1478.978
1479.306
1479.634
1479.962
1480.29
1480.618
1480.946
1481.274
1481.602
1481.93
1482.258
1482.586
1482.914
1483.242
1483.57
1483.862
1484.154
1484.446
1484.738
1485.03
1485.322
1485.614
1485.906
1486.198
1486.49
1486.782
1487.074
1487.366
1487.658
1487.95
1488.242
1488.534
1488.826
1489.11
1489.456
1489.802
1490.148
1490.494
1490.84
1491.186
1491.532
1491.878
1492.224
1492.57
1492.916
1493.262
1493.608
1493.954
1494.3
1494.646
1494.992
1495.33
1495.751
1496.172
1496.593
1497.014
1497.435
1497.856
1498.277
1498.698
1499.119
1499.54
1499.961
1500.382
1500.803
1501.224
1501.645
1502.066
1502.49
1502.963
1503.436
1503.909
1504.38
1504.713
1505.046
1505.379
1505.712
1506.045
1506.378
1506.711
1507.044
1507.377
1507.71
1508.043
1508.376
1508.709
1509.042
1509.375
1509.708
1510.041
1510.37
1510.973
1511.576
1512.179
1512.782
1513.385
1513.988
1514.591
1515.194
1515.797
1516.4
1517.003
1517.606
1518.209
1518.812
1519.415
1520.021
1520.455
1520.889
1521.323
1521.757
1522.191
1522.625
1523.059
1523.493
1523.927
1524.361
1524.795
1525.229
1525.663
1526.097
1526.531
1526.965
1527.399
1527.833
1528.27
1528.674
1529.078
1529.482
1529.886
1530.29
1530.694
1531.098
1531.502
1531.906
1532.31
1532.714
1533.118
1533.522
1533.926
1534.33
1534.734
1535.138
1535.54
1536.312
1537.084
1537.856
1538.628
1539.4
1540.172
1540.944
1541.716
1542.488
1543.26
1544.032
1544.804
1545.576
1546.348
1547.12
1547.892
1548.664
1549.436
1550.21
1550.712
1551.214
1551.716
1552.218
1552.72
1553.222
1553.724
1554.226
1554.728
1555.23
1555.732
1556.234
1556.736
1557.24
1557.632
1558.024
1558.416
1558.808
1559.2
1559.592
1559.984
1560.376
1560.768
1561.16
1561.552
1561.944
1562.336
1562.728
1563.12
1563.512
1563.904
1564.296
1564.688
1565.08
1565.639
1566.198
1566.757
1567.316
1567.875
1568.434
1568.993
1569.552
1570.111
1570.67
1571.229
1571.788
1572.347
1572.906
1573.47
1573.813
1574.157
1574.5
1574.843
1575.187
1575.53
1575.873
1576.216
1576.559
1576.902
1577.245
1577.588
1577.931
1578.274
1578.617
1578.96
1579.303
1579.647
1579.99
1580.34
1580.628
1580.916
1581.204
1581.492
1581.78
1582.068
1582.356
1582.644
1582.932
1583.22
1583.508
1583.796
1584.08
1584.312
1584.544
1584.776
1585.008
1585.24
1585.472
1585.704
1585.936
1586.168
1586.4
1586.632
1586.864
1587.096
1587.328
1587.56
1587.792
1588.02
1588.299
1588.578
1588.857
1589.136
1589.415
1589.694
1589.973
1590.252
1590.531
1590.81
1591.089
1591.368
1591.647
1591.926
1592.2
1592.797
1593.394
1593.991
1594.588
1595.185
1595.782
1596.379
1596.976
1597.573
1598.17
1598.767
1599.364
1599.961
1600.558
1601.155
1601.752
1602.35
1603.072
1603.794
1604.516
1605.238
1605.96
1606.682
1607.404
1608.126
1608.848
1609.57
1610.292
1611.014
1611.736
1612.458
1613.18
1613.902
1614.624
1615.346
1616.068
1616.79
1617.028
1617.266
1617.504
1617.742
1617.98
1618.218
1618.456
1618.694
1618.932
1619.17
1619.408
1619.646
1619.884
1620.122
1620.36
1620.598
1620.836
1621.074
1621.32
1624.63
1624.982
1625.334
1625.686
1626.038
1626.39
1626.742
1627.094
1627.446
1627.798
1628.15
1628.502
1628.854
1629.206
1629.558
1629.91
1630.262
1630.614
1630.966
1631.318
1631.67
1632.022
1632.37
1632.698
1633.026
1633.354
1633.682
1634.01
1634.338
1634.666
1634.994
1635.322
1635.65
1635.978
1636.306
1636.634
1636.962
1637.29
1637.618
1637.946
1638.28
1638.574
1638.868
1639.162
1639.456
1639.75
1640.044
1640.338
1640.632
1640.926
1641.22
1641.514
1641.808
1642.102
1642.396
1642.69
1642.984
1643.278
1643.572
1643.866
1644.16
1644.45
1644.756
1645.062
1645.368
1645.674
1645.98
1646.286
1646.592
1646.898
1647.204
1647.51
1647.816
1648.122
1648.428
1648.734
1649.04
1649.346
1649.652
1649.958
1650.27
1650.571
1650.872
1651.173
1651.474
1651.775
1652.076
1652.377
1652.678
1652.979
1653.28
1653.581
1653.882
1654.183
1654.484
1654.785
1655.086
1655.387
1655.69
1655.931
1656.172
1656.413
1656.654
1656.895
1657.136
1657.377
1657.618
1657.859
1658.1
1658.341
1658.582
1658.823
1659.064
1659.305
1659.546
1659.79
1660.09
1660.389
1660.688
1660.988
1661.288
1661.588
1661.888
1662.188
1662.488
1662.788
1663.088
1663.388
1663.688
1663.988
1664.288
1664.588
1664.888
1665.188
1665.488
1665.78
1665.939
1666.098
1666.257
1666.416
1666.575
1666.734
1666.893
1667.052
1667.211
1667.37
1667.529
1667.688
1667.847
1668.006
1668.165
1668.324
1668.483
1668.642
1668.801
1668.96
1669.119
1669.278
1669.44
1669.894
1670.348
1670.802
1671.256
1671.71
1672.164
1672.618
1673.072
1673.526
1673.98
1674.434
1674.888
1675.342
1675.796
1676.25
1676.704
1677.16
1677.569
1677.978
1678.387
1678.796
1679.205
1679.614
1680.023
1680.432
1680.841
1681.25
1681.659
1682.068
1682.477
1682.886
1683.295
1683.71
1685.64
1686.052
1686.464
1686.876
1687.288
1687.7
1688.112
1688.524
1688.936
1689.348
1689.76
1690.172
1690.584
1690.996
1691.408
1691.82
1692.232
1692.65
1693.038
1693.426
1693.814
1694.202
1694.59
1694.978
1695.366
1695.754
1696.142
1696.53
1696.918
1697.306
1697.694
1698.082
1698.47
1698.858
1699.246
1699.64
1700.08
1700.52
1700.96
1701.4
1701.84
1702.28
1702.72
1703.16
1703.6
1704.04
1704.48
1704.92
1705.36
1705.8
1706.24
1706.68
1707.12
1707.551
1707.982
1708.413
1708.844
1709.275
1709.706
1710.137
1710.568
1710.999
1711.43
1711.861
1712.292
1712.723
1713.154
1713.585
1714.016
1714.44
1715.008
1715.576
1716.144
1716.712
1717.28
1717.848
1718.416
1718.984
1719.552
1720.12
1720.688
1721.256
1721.824
1722.39
1722.696
1723.002
1723.308
1723.614
1723.92
1724.226
1724.532
1724.838
1725.144
1725.45
1725.756
1726.062
1726.368
1726.674
1726.98
1727.286
1727.592
1727.89
1728.446
1729.002
1729.558
1730.114
1730.67
1731.226
1731.782
1732.338
1732.894
1733.45
1734.006
1734.562
1735.118
1735.674
1736.23
1736.786
1737.342
1737.89
1738.246
1738.602
1738.958
1739.314
1739.67
1740.026
1740.382
1740.738
1741.094
1741.45
1741.806
1742.162
1742.518
1742.874
1743.23
1743.586
1743.95
1744.219
1744.488
1744.757
1745.026
1745.295
1745.564
1745.833
1746.102
1746.371
1746.64
1746.909
1747.178
1747.447
1747.716
1747.99
1748.444
1748.898
1749.352
1749.806
1750.26
1750.714
1751.168
1751.622
1752.076
1752.53
1752.984
1753.438
1753.892
1754.346
1754.8
1755.254
1755.708
1756.162
1756.616
1757.07
1757.52
1758.102
1758.684
1759.266
1759.848
1760.43
1761.012
1761.594
1762.176
1762.758
1763.34
1763.922
1764.504
1765.086
1765.668
1766.25
1766.83
1767.015
1767.2
1767.385
1767.57
1767.755
1767.94
1768.125
1768.31
1768.495
1768.68
1768.865
1769.05
1769.235
1769.42
1769.605
1769.79
1769.975
1770.16
1770.345
1770.53
1770.897
1771.264
1771.63
1771.997
1772.364
1772.731
1773.098
1773.465
1773.832
1774.199
1774.566
1774.933
1775.3
1775.667
1776.034
1776.401
1776.768
1777.135
1777.502
1777.86
1778.245
1778.63
1779.016
1779.402
1779.788
1780.174
1780.56
1780.946
1781.332
1781.718
1782.104
1782.49
1782.876
1783.262
1783.648
1784.034
1784.42
1784.806
1785.192
1785.57
1785.898
1786.226
1786.554
1786.882
1787.21
1787.518
1787.826
1788.134
1788.442
1788.75
1789.058
1789.366
1789.674
1789.982
1790.29
1790.598
1790.906
1791.214
1791.522
1791.83
1792.138
1792.446
1792.754
1793.062
1793.37
1793.678
1793.98
1794.605
1795.23
1795.855
1796.48
1797.105
1797.73
1798.355
1798.98
1799.605
1800.23
1800.855
1801.48
1802.105
1802.73
1803.36
1804.363
1805.366
1806.369
1807.372
1808.375
1809.378
1810.381
1811.384
1812.387
1813.39
1814.393
1815.396
1816.399
1817.402
1818.4
1818.901
1819.402
1819.903
1820.404
1820.905
1821.406
1821.907
1822.408
1822.909
1823.41
1823.911
1824.412
1824.913
1825.414
1825.915
1826.416
1826.917
1827.41
1827.963
1828.516
1829.069
1829.622
1830.175
1830.728
1831.281
1831.834
1832.387
1832.94
1833.493
1834.046
1834.599
1835.152
1835.71
1836.031
1836.352
1836.673
1836.994
1837.315
1837.636
1837.957
1838.278
1838.599
1838.92
1839.241
1839.562
1839.883
1840.204
1840.525
1840.846
1841.167
1841.48
1841.746
1842.012
1842.278
1842.544
1842.81
1843.076
1843.342
1843.608
1843.874
1844.14
1844.406
1844.672
1844.938
1845.204
1845.47
1845.736
1846.002
1846.26
1846.677
1847.094
1847.511
1847.928
1848.345
1848.762
1849.179
1849.596
1850.013
1850.43
1850.847
1851.264
1851.681
1852.098
1852.51
1853.556
1854.602
1855.648
1856.694
1857.74
1858.786
1859.832
1860.878
1861.924
1862.97
1864.016
1865.062
1866.108
1867.154
1868.2
1868.732
1869.264
1869.796
1870.328
1870.86
1871.392
1871.924
1872.456
1872.988
1873.52
1874.052
1874.584
1875.116
1875.648
1876.18
1876.712
1877.24
1877.507
1877.774
1878.041
1878.308
1878.575
1878.842
1879.109
1879.376
1879.643
1879.91
1880.177
1880.444
1880.711
1880.978
1881.245
1881.512
1881.78
1882.684
1883.588
1884.492
1885.396
1886.3
1887.204
1888.108
1889.012
1889.916
1890.82
1891.724
1892.628
1893.532
1894.436
1895.34
1896.24
1896.485
1896.73
1896.975
1897.22
1897.465
1897.71
1897.955
1898.2
1898.445
1898.69
1898.935
1899.18
1899.425
1899.67
1899.915
1900.16
1900.405
1900.65
1901.067
1901.484
1901.901
1902.318
1902.735
1903.152
1903.569
1903.986
1904.403
1904.82
1905.237
1905.654
1906.071
1906.488
1906.905
1907.32
1907.53
1907.74
1907.95
1908.16
1908.37
1908.58
1908.79
1909.0
1909.21
1909.42
1909.63
1909.841
1910.051
1910.261
1910.471
1910.681
1910.891
1911.101
1911.312
1911.53
1911.815
1912.1
1912.385
1912.67
1912.955
1913.24
1913.525
1913.81
1914.095
1914.38
1914.665
1914.95
1915.235
1915.52
1915.805
1916.09
1916.375
1916.66
1916.945
1917.23
1917.515
1917.8
1918.085
1918.36
1918.808
1919.256
1919.704
1920.152
1920.6
1921.05
1921.519
1921.988
1922.457
1922.926
1923.395
1923.864
1924.333
1924.802
1925.271
1925.74
1926.209
1926.678
1927.147
1927.616
1928.085
1928.554
1929.02
1929.401
1929.782
1930.163
1930.544
1930.925
1931.306
1931.687
1932.068
1932.449
1932.83
1933.211
1933.592
1933.973
1934.354
1934.735
1935.116
1935.497
1935.88
1936.158
1936.435
1936.712
1936.989
1937.266
1937.543
1937.82
1938.097
1938.374
1938.651
1938.928
1939.206
1939.483
1939.76
1940.037
1940.32
1940.647
1940.974
1941.301
1941.628
1941.955
1942.282
1942.609
1942.936
1943.263
1943.59
1943.917
1944.244
1944.571
1944.898
1945.225
1945.559
1945.948
1946.337
1946.726
1947.115
1947.504
1947.893
1948.282
1948.671
1949.06
1949.449
1949.838
1950.227
1950.616
1951.005
1951.394
1951.783
1952.18
1952.468
1952.756
1953.044
1953.332
1953.62
1953.908
1954.196
1954.484
1954.772
1955.06
1955.348
1955.636
1955.924
1956.212
1956.5
1956.788
1957.07
1957.527
1957.984
1958.441
1958.898
1959.355
1959.812
1960.269
1960.726
1961.183
1961.64
1962.097
1962.554
1963.011
1963.468
1963.925
1964.382
1964.839
1965.296
1965.761
1966.2
1966.639
1967.078
1967.517
1967.956
1968.395
1968.834
1969.273
1969.712
1970.151
1970.59
1971.029
1971.468
1971.907
1972.346
1972.785
1973.224
1973.663
1974.11
1974.379
1974.648
1974.917
1975.186
1975.455
1975.724
1975.993
1976.262
1976.531
1976.8
1977.069
1977.338
1977.607
1977.876
1978.145
1978.414
1978.683
1978.952
1979.221
1979.49
1980.149
1980.808
1981.467
1982.126
1982.785
1983.444
1984.103
1984.762
1985.421
1986.08
1986.739
1987.398
1988.057
1988.716
1989.375
1990.039
1990.929
1991.819
1992.709
1993.599
1994.49
1994.953
1995.416
1995.879
1996.342
1996.805
1997.268
1997.731
1998.194
1998.657
1999.12
1999.583
2000.046
2000.509
2000.972
2001.435
2001.898
2002.361
2002.83
2003.016
2003.202
2003.388
2003.574
2003.76
2003.946
2004.132
2004.318
2004.504
2004.69
2004.876
2005.062
2005.248
2005.434
2005.62
2005.806
2005.992
2006.178
2006.36
2006.742
2007.124
2007.506
2007.888
2008.27
2008.652
2009.034
2009.416
2009.798
2010.18
2010.562
2010.944
2011.326
2011.708
2012.09
2012.472
2012.85
2013.049
2013.248
2013.447
2013.646
2013.845
2014.044
2014.243
2014.442
2014.641
2014.84
2015.039
2015.238
2015.437
2015.636
2015.835
2016.034
2016.233
2016.432
2016.631
2016.83
2017.029
2017.228
2017.429
2017.737
2018.045
2018.353
2018.661
2018.969
2019.277
2019.585
2019.893
2020.201
2020.509
2020.817
2021.125
2021.433
2021.741
2022.049
2022.357
2022.665
2022.973
2023.281
2023.589
2023.897
2024.205
2024.513
2024.811
2025.104
2025.397
2025.69
2025.983
2026.276
2026.569
2026.862
2027.155
2027.448
2027.741
2028.034
2028.327
2028.62
2028.913
2029.206
2029.499
2029.792
2030.085
2030.378
2030.671
2030.964
2031.257
2031.54
2031.795
2032.05
2032.305
2032.56
2032.815
2033.07
2033.325
2033.58
2033.835
2034.09
2034.345
2034.6
2034.855
2035.11
2035.365
2035.62
2035.875
2036.13
2036.39
2036.661
2036.932
2037.203
2037.474
2037.745
2038.016
2038.287
2038.558
2038.829
2039.1
2039.371
2039.642
2039.913
2040.184
2040.455
2040.726
2040.997
2041.268
2041.539
2041.81
2042.081
2042.36
2043.12
2043.88
2044.64
2045.4
2046.16
2046.92
2047.68
2048.44
2049.2
2049.96
2050.72
2051.48
2052.24
2053.0
2053.76
2054.52
2055.28
2056.04
2056.8
2057.56
2057.899
2058.238
2058.577
2058.916
2059.255
2059.594
2059.933
2060.272
2060.611
2060.95
2061.289
2061.628
2061.967
2062.306
2062.645
2062.984
2063.323
2063.662
2064.0
2064.198
2064.396
2064.594
2064.792
2064.99
2065.188
2065.386
2065.584
2065.782
2065.98
2066.178
2066.376
2066.574
2066.772
2066.97
2067.168
2067.366
2067.56
2067.855
2068.15
2068.445
2068.74
2069.035
2069.33
2069.625
2069.92
2070.215
2070.51
2070.805
2071.1
2071.395
2071.69
2071.985
2072.28
2072.575
2072.87
2073.165
2073.46
2073.743
2074.026
2074.309
2074.592
2074.875
2075.158
2075.441
2075.724
2076.007
2076.29
2076.573
2076.856
2077.139
2077.422
2077.705
2077.988
2078.271
2078.554
2078.837
2079.12
2079.403
2079.679
2080.18
2080.681
2081.182
2081.683
2082.184
2082.685
2083.186
2083.687
2084.188
2084.689
2085.19
2085.691
2086.192
2086.693
2087.194
2087.695
2088.196
2088.7
2091.28
2091.868
2092.456
2093.044
2093.632
2094.22
2094.808
2095.396
2095.984
2096.572
2097.16
2097.748
2098.336
2098.924
2099.512
2100.099
2100.496
2100.893
2101.29
2101.687
2102.084
2102.481
2102.878
2103.275
2103.672
2104.069
2104.466
2104.863
2105.26
2105.657
2106.054
2106.451
2106.848
2107.245
2107.64
2107.949
2108.258
2108.567
2108.876
2109.185
2109.494
2109.803
2110.112
2110.421
2110.73
2111.039
2111.348
2111.657
2111.966
2112.275
2112.584
2112.893
2113.202
2113.52
2114.844
2116.168
2117.492
2118.816
2120.14
2121.464
2122.788
2124.112
2125.436
2126.76
2128.084
2129.408
2130.732
2132.056
2133.38
2134.704
2136.028
2137.359
2137.605
2137.851
2138.097
2138.343
2138.589
2138.835
2139.081
2139.327
2139.573
2139.819
2140.065
2140.311
2140.557
2140.803
2141.049
2141.295
2141.541
2141.787
2142.033
2142.279
2142.52
2142.863
2143.206
2143.549
2143.892
2144.235
2144.578
2144.921
2145.264
2145.607
2145.95
2146.293
2146.636
2146.979
2147.322
2147.665
2148.008
2148.351
2148.69
2149.036
2149.382
2149.728
2150.074
2150.42
2150.766
2151.112
2151.458
2151.804
2152.15
2152.496
2152.842
2153.188
2153.534
2153.88
2154.226
2154.58
2154.887
2155.194
2155.501
2155.808
2156.115
2156.422
2156.729
2157.036
2157.343
2157.65
2157.957
2158.264
2158.571
2158.878
2159.185
2159.492
2159.8
2160.161
2160.522
2160.883
2161.244
2161.605
2161.966
2162.327
2162.688
2163.049
2163.41
2163.771
2164.132
2164.493
2164.854
2165.215
2165.576
2165.94
2166.241
2166.542
2166.843
2167.144
2167.445
2167.746
2168.047
2168.348
2168.649
2168.95
2169.251
2169.552
2169.853
2170.154
2170.455
2170.756
2171.057
2171.358
2171.65
2171.951
2172.252
2172.553
2172.854
2173.155
2173.456
2173.757
2174.058
2174.359
2174.66
2174.961
2175.262
2175.563
2175.864
2176.165
2176.466
2176.767
2177.07
2177.618
2178.166
2178.714
2179.262
2179.81
2180.358
2180.906
2181.454
2182.002
2182.55
2183.098
2183.646
2184.194
2184.742
2185.29
2185.838
2186.386
2186.934
2187.482
2188.03
2188.285
2188.54
2188.795
2189.05
2189.305
2189.56
2189.815
2190.07
2190.325
2190.58
2190.83
2191.237
2191.644
2192.051
2192.458
2192.865
2193.272
2193.679
2194.086
2194.493
2194.9
2195.307
2195.714
2196.121
2196.528
2196.935
2197.342
2197.75
2198.452
2199.154
2199.856
2200.558
2201.26
2201.962
2202.664
2203.366
2204.068
2204.77
2205.472
2206.174
2206.876
2207.578
2208.28
2208.982
2209.684
2210.386
2211.09
2211.872
2212.654
2213.436
2214.218
2215.0
2215.782
2216.564
2217.346
2218.128
2218.91
2219.692
2220.474
2221.256
2222.038
2222.82
2223.602
2224.384
2225.166
2225.95
2226.292
2226.634
2226.976
2227.318
2227.66
2228.002
2228.344
2228.686
2229.028
2229.37
2229.712
2230.054
2230.396
2230.738
2231.08
2231.422
2231.77
2232.323
2232.876
2233.429
2233.982
2234.535
2235.088
2235.641
2236.194
2236.747
2237.3
2237.853
2238.406
2238.959
2239.512
2240.07
2240.247
2240.424
2240.601
2240.778
2240.955
2241.132
2241.309
2241.486
2241.663
2241.84
2242.017
2242.194
2242.371
2242.548
2242.725
2242.902
2243.079
2243.256
2243.433
2243.61
2244.281
2244.952
2245.623
2246.294
2246.965
2247.636
2248.307
2248.978
2249.649
2250.32
2250.991
2251.662
2252.333
2253.004
2253.675
2254.346
2255.017
2255.68
2255.967
2256.254
2256.541
2256.828
2257.115
2257.402
2257.689
2257.976
2258.263
2258.55
2258.837
2259.124
2259.411
2259.698
2259.985
2260.272
2260.559
2260.846
2261.133
2261.42
2261.7
2262.004
2262.308
2262.612
2262.916
2263.22
2263.524
2263.828
2264.132
2264.436
2264.74
2265.044
2265.348
2265.652
2265.956
2266.26
2266.564
2266.868
2267.172
2267.476
2267.78
2268.084
2268.388
2268.69
2269.011
2269.332
2269.653
2269.974
2270.295
2270.616
2270.937
2271.258
2271.579
2271.9
2272.221
2272.542
2272.863
2273.184
2273.505
2273.826
2274.147
2274.468
2274.78
2275.043
2275.306
2275.569
2275.832
2276.095
2276.358
2276.621
2276.884
2277.147
2277.41
2277.673
2277.936
2278.199
2278.462
2278.725
2278.988
2279.25
2280.052
2280.854
2281.656
2282.458
2283.26
2283.706
2284.152
2284.598
2285.044
2285.49
2285.936
2286.382
2286.828
2287.274
2287.72
2288.166
2288.612
2289.058
2289.504
2289.95
2290.39
2290.754
2291.118
2291.482
2291.846
2292.21
2292.574
2292.938
2293.302
2293.666
2294.03
2294.394
2294.758
2295.122
2295.486
2295.85
2296.214
2296.578
2296.95
2297.376
2297.802
2298.228
2298.654
2299.08
2299.506
2299.932
2300.358
2300.784
2301.21
2301.636
2302.062
2302.488
2302.914
2303.34
2303.766
2304.2
2304.399
2304.598
2304.797
2304.996
2305.195
2305.394
2305.593
2305.792
2305.991
2306.19
2306.389
2306.588
2306.787
2306.986
2307.185
2307.384
2307.583
2307.79
2308.247
2308.704
2309.161
2309.618
2310.075
2310.532
2310.989
2311.446
2311.903
2312.36
2312.817
2313.274
2313.731
2314.188
2314.645
2315.102
2315.559
2316.016
2316.48
2316.904
2317.328
2317.752
2318.176
2318.6
2319.024
2319.448
2319.872
2320.296
2320.72
2321.144
2321.568
2321.992
2322.416
2322.84
2323.264
2323.688
2324.112
2324.53
2324.943
2325.356
2325.769
2326.182
2326.595
2327.008
2327.421
2327.834
2328.247
2328.66
2329.073
2329.486
2329.899
2330.312
2330.73
2331.182
2331.634
2332.086
2332.538
2332.99
2333.442
2333.894
2334.346
2334.798
2335.25
2335.702
2336.154
2336.606
2337.058
2337.51
2337.962
2338.414
2338.866
2339.318
2339.77
2340.22
2340.717
2341.214
2341.711
2342.208
2342.705
2343.202
2343.699
2344.196
2344.693
2345.19
2345.512
2345.834
2346.156
2346.478
2346.8
2347.122
2347.444
2347.766
2348.088
2348.41
2348.732
2349.054
2349.376
2349.698
2350.02
2350.342
2350.66
2350.845
2351.03
2351.215
2351.4
2351.585
2351.77
2351.955
2352.14
2352.325
2352.51
2352.695
2352.88
2353.065
2353.25
2353.435
2353.62
2353.805
2353.99
2354.17
2354.669
2355.168
2355.667
2356.166
2356.665
2357.164
2357.663
2358.162
2358.661
2359.16
2359.659
2360.158
2360.657
2361.156
2361.655
2362.154
2362.66
2363.312
2363.964
2364.616
2365.268
2365.92
2366.572
2367.224
2367.876
2368.528
2369.18
2369.832
2370.484
2371.136
2371.788
2372.44
2373.092
2373.744
2374.396
2375.05
2375.677
2376.304
2376.931
2377.558
2378.185
2378.812
2379.439
2380.066
2380.693
2381.32
2381.947
2382.574
2383.201
2383.828
2384.455
2385.082
2385.709
2386.33
2386.607
2386.884
2387.161
2387.438
2387.715
2387.992
2388.269
2388.546
2388.823
2389.1
2389.377
2389.654
2389.931
2390.208
2390.485
2390.762
2391.039
2391.316
2391.593
2391.87
2392.147
2392.43
2392.68
2392.93
2393.18
2393.43
2393.68
2393.93
2394.18
2394.43
2394.68
2394.93
2395.18
2395.43
2395.68
2395.93
2396.18
2396.43
2396.68
2396.93
2397.18
2397.43
2398.263
2399.096
2399.929
2400.762
2401.595
2402.428
2403.261
2404.094
2404.927
2405.76
2406.593
2407.426
2408.259
2409.092
2409.925
2410.758
2411.591
2412.424
2413.26
2413.917
2414.574
2415.231
2415.888
2416.545
2417.202
2417.859
2418.516
2419.173
2419.83
2420.249
2420.668
2421.087
2421.506
2421.925
2422.344
2422.763
2423.182
2423.601
2424.02
2424.439
2424.858
2425.277
2425.696
2426.115
2426.534
2426.96
2427.469
2427.978
2428.487
2428.996
2429.505
2430.014
2430.523
2431.032
2431.541
2432.05
2432.559
2433.068
2433.577
2434.086
2434.595
2435.109
2435.567
2436.025
2436.483
2436.941
2437.399
2437.857
2438.315
2438.773
2439.231
2439.689
2440.147
2440.605
2441.063
2441.521
2441.979
2442.437
2442.9
2443.229
2443.558
2443.887
2444.216
2444.545
2444.874
2445.203
2445.532
2445.861
2446.19
2446.519
2446.848
2447.177
2447.506
2447.835
2448.164
2448.493
2448.83
2449.227
2449.624
2450.021
2450.418
2450.815
2451.212
2451.609
2452.006
2452.403
2452.8
2453.197
2453.594
2453.991
2454.388
2454.785
2455.182
2455.579
2455.98
2456.265
2456.55
2456.835
2457.12
2457.405
2457.69
2457.975
2458.26
2458.546
2458.832
2459.118
2459.404
2459.69
2459.976
2460.262
2460.548
2460.834
2461.12
2461.406
2461.692
2461.978
2462.264
2462.55
2462.836
2463.122
2463.4
2463.846
2464.292
2464.738
2465.184
2465.63
2466.076
2466.522
2466.968
2467.414
2467.86
2468.306
2468.752
2469.198
2469.644
2470.09
2470.536
2470.982
2471.428
2471.88
2472.42
2472.96
2473.5
2474.04
2474.58
2475.12
2475.66
2476.2
2476.74
2477.28
2477.82
2478.36
2478.9
2479.44
2479.98
2480.52
2481.06
2481.599
2481.972
2482.345
2482.718
2483.091
2483.464
2483.837
2484.21
2484.583
2484.956
2485.329
2485.702
2486.075
2486.448
2486.821
2487.194
2487.567
2487.94
2488.31
2488.871
2489.432
2489.993
2490.554
2491.115
2491.676
2492.237
2492.798
2493.359
2493.92
2494.481
2495.042
2495.603
2496.164
2496.725
2497.286
2497.839
2498.177
2498.515
2498.853
2499.191
2499.529
2499.867
2500.205
2500.543
2500.881
2501.219
2501.557
2501.895
2502.233
2502.571
2502.909
2503.247
2503.585
2503.923
2504.26
2504.516
2504.772
2505.028
2505.284
2505.54
2505.796
2506.052
2506.308
2506.564
2506.82
2507.076
2507.332
2507.588
2507.844
2508.1
2508.359
2509.055
2509.75
2510.506
2511.262
2512.018
2512.774
2513.53
2514.286
2515.042
2515.798
2516.554
2517.31
2518.066
2518.822
2519.578
2520.334
2521.09
2521.846
2522.609
2522.815
2523.021
2523.227
2523.433
2523.639
2523.845
2524.051
2524.257
2524.463
2524.669
2524.875
2525.081
2525.287
2525.493
2525.699
2525.9
2526.211
2526.522
2526.833
2527.144
2527.455
2527.766
2528.077
2528.388
2528.699
2529.01
2529.321
2529.632
2529.943
2530.254
2530.565
2530.876
2531.187
2531.498
2531.81
2532.126
2532.442
2532.758
2533.074
2533.39
2533.706
2534.022
2534.338
2534.654
2534.97
2535.286
2535.602
2535.918
2536.234
2536.55
2536.859
2537.382
2537.905
2538.428
2538.951
2539.474
2539.997
2540.52
2541.043
2541.566
2542.089
2542.612
2543.135
2543.658
2544.181
2544.704
2545.22
2545.647
2546.074
2546.501
2546.928
2547.355
2547.782
2548.209
2548.636
2549.063
2549.49
2549.917
2550.344
2550.771
2551.198
2551.625
2552.05
2552.677
2553.304
2553.931
2554.558
2555.185
2555.812
2556.439
2557.066
2557.693
2558.32
2558.947
2559.574
2560.201
2560.828
2561.455
2562.082
2562.709
2563.336
2563.96
2564.375
2564.79
2565.205
2565.62
2566.035
2566.45
2566.865
2567.28
2567.695
2568.11
2568.525
2568.94
2569.355
2569.77
2570.185
2570.6
2571.01
2571.307
2571.604
2571.901
2572.198
2572.495
2572.79
2573.141
2573.492
2573.843
2574.194
2574.545
2574.896
2575.247
2575.598
2575.949
2576.3
2576.651
2577.002
2577.353
2577.704
2578.055
2578.406
2578.757
2579.108
2579.45
2580.167
2580.884
2581.601
2582.318
2583.035
2583.752
2584.469
2585.186
2585.903
2586.62
2587.337
2588.054
2588.771
2589.488
2590.205
2590.922
2591.639
2592.36
2592.576
2592.792
2593.008
2593.224
2593.44
2593.656
2593.872
2594.088
2594.304
2594.52
2594.736
2594.952
2595.168
2595.384
2595.6
2595.816
2596.032
2596.248
2596.464
2596.68
2597.172
2597.664
2598.156
2598.648
2599.14
2599.632
2600.124
2600.616
2601.108
2601.6
2602.092
2602.584
2603.076
2603.568
2604.06
2604.552
2605.044
2605.536
2606.03
2606.461
2606.892
2607.323
2607.754
2608.185
2608.616
2609.047
2609.478
2609.909
2610.34
2610.771
2611.202
2611.633
2612.064
2612.5
2613.041
2613.582
2614.123
2614.664
2615.205
2615.746
2616.287
2616.828
2617.369
2617.91
2618.451
2618.992
2619.533
2620.08
2620.502
2620.924
2621.346
2621.768
2622.19
2622.612
2623.034
2623.456
2623.878
2624.3
2624.722
2625.144
2625.57
2625.753
2625.936
2626.119
2626.302
2626.485
2626.668
2626.851
2627.034
2627.217
2627.4
2627.583
2627.766
2627.949
2628.132
2628.315
2628.498
2628.681
2628.87
2629.327
2629.784
2630.241
2630.698
2631.155
2631.612
2632.069
2632.526
2632.983
2633.44
2633.897
2634.354
2634.811
2635.268
2635.725
2636.18
2636.515
2636.85
2637.185
2637.52
2637.855
2638.19
2638.525
2638.86
2639.195
2639.53
2639.865
2640.2
2640.535
2640.87
2641.205
2641.54
2641.875
2642.21
2642.545
2642.88
2643.118
2643.356
2643.594
2643.832
2644.07
2644.308
2644.546
2644.784
2645.022
2645.26
2645.498
2645.736
2645.974
2646.212
2646.45
2646.688
2646.926
2647.16
2647.5
2647.84
2648.18
2648.52
2648.86
2649.2
2649.54
2649.88
2650.22
2650.56
2650.9
2651.24
2651.58
2651.92
2652.26
2652.6
2652.94
2653.28
2653.53
2653.78
2654.03
2654.28
2654.53
2654.78
2655.03
2655.28
2655.53
2655.78
2656.03
2656.28
2656.53
2656.78
2657.03
2657.28
2657.53
2657.78
2657.991
2658.202
2658.413
2658.624
2658.835
2659.046
2659.257
2659.468
2659.679
2659.89
2660.101
2660.312
2660.523
2660.734
2660.945
2661.156
2661.367
2661.578
2661.789
2662.0
2663.0
2663.647
2664.294
2664.941
2665.588
2666.235
2666.882
2667.529
2668.176
2668.823
2669.47
2670.117
2670.764
2671.411
2672.058
2672.705
2673.352
2673.999
2674.65
2674.95
2675.25
2675.55
2675.85
2676.15
2676.45
2676.75
2677.05
2677.35
2677.65
2677.95
2678.25
2678.55
2678.85
2679.15
2679.45
2679.75
2680.05
2680.35
2680.65
2681.213
2681.776
2682.339
2682.902
2683.465
2684.028
2684.591
2685.154
2685.717
2686.28
2686.843
2687.406
2687.969
2688.532
2689.095
2689.658
2690.22
2690.549
2690.878
2691.207
2691.536
2691.865
2692.194
2692.523
2692.852
2693.181
2693.51
2693.839
2694.168
2694.497
2694.826
2695.155
2695.48
2695.907
2696.334
2696.761
2697.188
2697.615
2698.042
2698.469
2698.896
2699.323
2699.75
2700.177
2700.604
2701.031
2701.458
2701.885
2702.312
2702.739
2703.166
2703.599
2703.92
2704.241
2704.562
2704.883
2705.204
2705.525
2705.846
2706.167
2706.488
2706.809
2707.13
2707.451
2707.772
2708.093
2708.414
2708.735
2709.056
2709.377
2709.69
2710.044
2710.398
2710.752
2711.106
2711.46
2711.814
2712.168
2712.522
2712.876
2713.23
2713.584
2713.938
2714.292
2714.646
2715.0
2715.354
2715.708
2716.062
2716.42
2717.156
2717.892
2718.628
2719.364
2720.1
2720.836
2721.572
2722.308
2723.044
2723.78
2724.516
2725.252
2725.988
2726.724
2727.46
2728.196
2728.932
2729.66
2730.043
2730.426
2730.809
2731.192
2731.575
2731.958
2732.341
2732.724
2733.107
2733.49
2733.873
2734.256
2734.639
2735.022
2735.405
2735.788
2736.17
2736.738
2737.306
2737.874
2738.442
2739.01
2739.578
2740.146
2740.714
2741.282
2741.85
2742.418
2742.986
2743.554
2744.122
2744.69
2745.258
2745.82
2746.37
2746.92
2747.47
2748.02
2748.57
2749.12
2749.67
2750.22
2750.77
2751.32
2751.931
2752.542
2753.153
2753.764
2754.375
2754.986
2755.597
2756.208
2756.819
2757.43
2758.041
2758.652
2759.263
2759.874
2760.485
2761.096
2761.71
2762.025
2762.34
2762.655
2762.97
2763.285
2763.6
2763.915
2764.23
2764.545
2764.86
2765.175
2765.49
2765.805
2766.12
2766.435
2766.75
2767.077
2767.404
2767.731
2768.058
2768.385
2768.712
2769.039
2769.366
2769.693
2770.02
2770.347
2770.674
2771.001
2771.328
2771.655
2771.982
2772.309
2772.636
2772.96
2773.412
2773.864
2774.316
2774.768
2775.22
2775.672
2776.124
2776.576
2777.028
2777.48
2777.932
2778.384
2778.836
2779.288
2779.74
2780.192
2780.644
2781.096
2781.55
2781.89
2782.23
2782.57
2782.91
2783.25
2783.59
2783.93
2784.27
2784.61
2784.95
2785.29
2785.63
2785.97
2786.31
2786.65
2786.99
2787.33
2787.67
2788.01
2788.35
2788.69
2789.02
2789.53
2790.04
2790.55
2791.06
2791.57
2792.08
2792.59
2793.1
2793.61
2794.12
2794.63
2795.14
2795.65
2796.16
2796.67
2797.18
2797.69
2798.2
2798.602
2799.005
2799.408
2799.811
2800.214
2800.617
2801.02
2801.423
2801.825
2802.227
2802.63
2803.033
2803.436
2803.839
2804.242
2804.645
2805.048
2805.45
2805.852
2806.25
2806.665
2807.08
2807.495
2807.91
2808.325
2808.74
2809.155
2809.57
2809.985
2810.4
2810.815
2811.23
2811.645
2812.06
2812.475
2812.89
2813.305
2813.72
2814.135
2814.55
2814.768
2814.986
2815.204
2815.422
2815.64
2815.858
2816.076
2816.294
2816.512
2816.73
2816.948
2817.166
2817.384
2817.602
2817.82
2818.038
2818.256
2818.474
2818.692
2818.91
2819.119
2819.489
2819.859
2820.229
2820.599
2820.969
2821.339
2821.709
2822.079
2822.449
2822.819
2823.189
2823.559
2823.929
2824.299
2824.669
2825.039
2825.41
2825.927
2826.445
2826.963
2827.481
2827.999
2828.516
2829.034
2829.552
2830.07
2830.588
2831.106
2831.62
2831.914
2832.208
2832.502
2832.796
2833.09
2833.384
2833.678
2833.972
2834.266
2834.56
2834.854
2835.148
2835.442
2835.736
2836.03
2836.324
2836.619
2836.886
2837.153
2837.42
2837.687
2837.954
2838.221
2838.488
2838.755
2839.022
2839.289
2839.556
2839.823
2840.09
2840.357
2840.624
2840.891
2841.158
2841.43
2841.693
2841.956
2842.219
2842.482
2842.745
2843.008
2843.271
2843.534
2843.797
2844.06
2844.323
2844.586
2844.849
2845.112
2845.375
2845.638
2845.901
2846.161
2847.387
2848.613
2849.839
2851.065
2852.291
2853.517
2854.743
2855.969
2857.195
2858.421
2859.647
2860.873
2862.099
2863.325
2864.551
2865.777
2867.003
2868.23
2868.617
2869.004
2869.391
2869.778
2870.165
2870.552
2870.939
2871.326
2871.713
2872.1
2872.487
2872.874
2873.261
2873.648
2874.035
2874.422
2874.809
2875.19
2875.57
2875.95
2876.33
2876.71
2877.09
2877.47
2877.85
2878.23
2878.61
2878.99
2879.37
2879.75
2880.13
2880.51
2880.89
2881.27
2881.65
2883.3
2884.95
2886.6
2888.25
2889.9
2891.55
2893.2
2894.85
2895.453
2896.056
2896.659
2897.262
2897.865
2898.468
2899.071
2899.674
2900.277
2900.88
2901.483
2902.086
2902.689
2903.292
2903.895
2904.498
2905.099
2906.418
2907.736
2909.054
2910.372
2911.69
2913.01
2913.711
2914.412
2915.113
2915.814
2916.515
2917.216
2917.917
2918.618
2919.319
2920.02
2920.721
2921.422
2922.123
2922.824
2923.525
2924.226
2924.927
2925.628
2926.33
2926.633
2926.936
2927.239
2927.542
2927.845
2928.148
2928.451
2928.754
2929.057
2929.36
2929.663
2929.966
2930.269
2930.572
2930.875
2931.178
2931.481
2931.78
2932.168
2932.556
2932.944
2933.332
2933.72
2934.108
2934.496
2934.884
2935.272
2935.66
2936.048
2936.436
2936.824
2937.212
2937.6
2937.99
2938.578
2939.166
2939.755
2940.343
2940.931
2941.519
2942.107
2942.695
2943.284
2943.872
2944.46
2945.048
2945.636
2946.224
2946.812
2947.4
2947.988
2948.576
2949.164
2949.76
2950.155
2950.55
2950.945
2951.34
2951.735
2952.13
2952.525
2952.92
2953.315
2953.71
2954.105
2954.5
2954.895
2955.29
2955.685
2956.08
2956.47
2956.724
2956.978
2957.232
2957.486
2957.74
2957.994
2958.248
2958.502
2958.756
2959.01
2959.264
2959.518
2959.772
2960.026
2960.28
2960.534
2960.788
2961.04
2961.461
2961.882
2962.303
2962.724
2963.145
2963.566
2963.987
2964.408
2964.829
2965.25
2965.671
2966.092
2966.513
2966.934
2967.349
2967.592
2967.835
2968.078
2968.321
2968.564
2968.807
2969.05
2969.293
2969.536
2969.78
2970.086
2970.392
2970.698
2971.004
2971.31
2971.616
2971.922
2972.228
2972.534
2972.84
2973.146
2973.452
2973.758
2974.064
2974.37
2974.676
2974.982
2975.288
2975.59
2975.924
2976.258
2976.592
2976.926
2977.26
2977.594
2977.928
2978.262
2978.596
2978.93
2979.264
2979.598
2979.932
2980.266
2980.6
2980.934
2981.268
2981.609
2981.837
2982.065
2982.293
2982.521
2982.749
2982.977
2983.205
2983.433
2983.661
2983.889
2984.117
2984.345
2984.573
2984.801
2985.029
2985.257
2985.485
2985.713
2985.941
2986.17
2986.512
2986.854
2987.195
2987.537
2987.878
2988.22
2988.561
2988.903
2989.244
2989.586
2989.927
2990.269
2990.61
2990.952
2991.294
2991.635
2991.977
2992.318
2992.66
2993.0
2993.394
2993.788
2994.182
2994.576
2994.97
2995.364
2995.758
2996.152
2996.546
2996.94
2997.334
2997.728
2998.122
2998.516
2998.91
2999.304
2999.698
3000.092
3000.486
3000.88
3001.274
3001.67
3001.896
3002.122
3002.348
3002.574
3002.8
3003.026
3003.252
3003.478
3003.704
3003.93
3004.156
3004.382
3004.608
3004.834
3005.06
3005.286
3005.512
3005.738
3005.97
3006.173
3006.376
3006.579
3006.782
3006.985
3007.188
3007.391
3007.594
3007.797
3008.0
3008.203
3008.406
3008.609
3008.812
3009.015
3009.218
3009.421
3009.624
3009.827
3010.03
3010.265
3010.5
3010.735
3010.97
3011.205
3011.44
3011.675
3011.91
3012.145
3012.38
3012.744
3013.108
3013.472
3013.836
3014.2
3014.564
3014.928
3015.292
3015.656
3016.02
3016.384
3016.748
3017.112
3017.476
3017.84
3018.204
3018.568
3018.932
3019.296
3019.66
3020.031
3020.327
3020.623
3020.919
3021.215
3021.511
3021.807
3022.103
3022.399
3022.695
3022.991
3023.287
3023.583
3023.879
3024.175
3024.471
3024.767
3025.063
3025.359
3025.65
3026.208
3026.766
3027.324
3027.882
3028.44
3028.998
3029.556
3030.114
3030.672
3031.23
3031.788
3032.346
3032.904
3033.462
3034.02
3034.578
3035.136
3035.694
3036.26
3036.736
3037.212
3037.688
3038.164
3038.64
3039.116
3039.592
3040.068
3040.544
3041.02
3041.496
3041.972
3042.448
3042.924
3043.4
3043.876
3044.352
3044.828
3045.304
3045.78
3046.256
3046.74
3047.028
3047.316
3047.604
3047.892
3048.18
3048.468
3048.756
3049.044
3049.332
3049.62
3049.908
3050.196
3050.484
3050.772
3051.06
3051.348
3051.636
3051.93
3052.324
3052.718
3053.112
3053.506
3053.9
3054.294
3054.688
3055.082
3055.476
3055.87
3056.264
3056.658
3057.052
3057.446
3057.84
3058.23
3058.492
3058.754
3059.016
3059.278
3059.54
3059.802
3060.064
3060.326
3060.588
3060.85
3061.112
3061.374
3061.636
3061.898
3062.16
3062.422
3062.684
3062.946
3063.208
3063.47
3063.679
3063.888
3064.097
3064.306
3064.515
3064.724
3064.933
3065.142
3065.351
3065.56
3065.769
3065.978
3066.187
3066.396
3066.605
3066.814
3067.03
3067.297
3067.564
3067.831
3068.098
3068.365
3068.632
3068.899
3069.166
3069.433
3069.7
3069.967
3070.234
3070.501
3070.768
3071.035
3071.3
3071.714
3072.128
3072.542
3072.956
3073.37
3073.784
3074.198
3074.612
3075.026
3075.44
3075.854
3076.268
3076.682
3077.096
3077.51
3077.924
3078.338
3078.752
3079.17
3079.555
3079.94
3080.325
3080.71
3081.095
3081.48
3081.865
3082.25
3082.635
3083.021
3083.407
3083.793
3084.178
3084.563
3084.948
3085.333
3085.718
3086.109
3086.373
3086.637
3086.901
3087.165
3087.429
3087.693
3087.957
3088.221
3088.485
3088.749
3089.013
3089.277
3089.541
3089.805
3090.069
3090.339
3090.582
3090.825
3091.068
3091.311
3091.554
3091.797
3092.04
3092.283
3092.526
3092.769
3093.012
3093.255
3093.498
3093.741
3093.984
3094.227
3094.47
3094.814
3095.158
3095.502
3095.846
3096.19
3096.534
3096.878
3097.222
3097.566
3097.91
3098.254
3098.598
3098.942
3099.286
3099.63
3099.974
3100.318
3100.66
3100.982
3101.304
3101.626
3101.948
3102.27
3102.592
3102.914
3103.236
3103.558
3103.88
3104.202
3104.524
3104.846
3105.168
3105.49
3105.812
3106.134
3106.456
3106.778
3107.1
3107.422
3107.75
3108.514
3109.278
3110.042
3110.806
3111.57
3112.334
3113.098
3113.862
3114.626
3115.39
3116.154
3116.918
3117.682
3118.446
3119.21
3119.974
3120.73
3121.034
3121.338
3121.642
3121.946
3122.25
3122.554
3122.858
3123.162
3123.466
3123.77
3124.074
3124.378
3124.682
3124.986
3125.29
3125.594
3125.898
3126.21
3126.818
3127.426
3128.034
3128.642
3129.25
3129.858
3130.466
3131.074
3131.682
3132.29
3132.898
3133.506
3134.114
3134.722
3135.33
3135.938
3136.54
3137.08
3137.62
3138.16
3138.7
3139.24
3139.78
3140.32
3140.86
3141.4
3141.94
3142.48
3143.02
3143.56
3143.913
3144.266
3144.619
3144.972
3145.325
3145.678
3146.031
3146.384
3146.737
3147.09
3147.443
3147.796
3148.149
3148.502
3148.855
3149.208
3149.56
3150.161
3150.762
3151.363
3151.964
3152.565
3153.166
3153.767
3154.368
3154.969
3155.57
3156.171
3156.772
3157.373
3157.974
3158.575
3159.176
3159.78
3160.389
3160.998
3161.607
3162.216
3162.825
3163.434
3164.043
3164.652
3165.261
3165.87
3166.479
3167.088
3167.697
3168.306
3168.915
3169.524
3170.13
3170.821
3171.512
3172.203
3172.894
3173.585
3174.276
3174.967
3175.658
3176.349
3177.04
3177.731
3178.422
3179.113
3179.81
3180.13
3180.45
3180.77
3181.09
3181.41
3181.73
3182.05
3182.37
3182.69
3183.01
3183.434
3183.858
3184.282
3184.706
3185.13
3185.554
3185.978
3186.402
3186.826
3187.25
3187.674
3188.098
3188.522
3188.946
3189.37
3189.794
3190.22
3190.531
3190.842
3191.153
3191.464
3191.775
3192.086
3192.397
3192.708
3193.019
3193.33
3193.641
3193.952
3194.263
3194.574
3194.885
3195.2
3195.606
3196.012
3196.418
3196.824
3197.23
3197.636
3198.042
3198.448
3198.854
3199.26
3199.666
3200.072
3200.478
3200.884
3201.29
3201.696
3202.102
3202.5
3202.972
3203.444
3203.916
3204.388
3204.86
3205.332
3205.804
3206.276
3206.748
3207.22
3207.692
3208.164
3208.64
3209.246
3209.852
3210.458
3211.064
3211.67
3212.276
3212.882
3213.488
3214.094
3214.7
3215.306
3215.912
3216.518
3217.124
3217.73
3218.339
3218.819
3219.299
3219.779
3220.259
3220.739
3221.219
3221.699
3222.179
3222.659
3223.139
3223.619
3224.099
3224.579
3225.059
3225.539
3226.019
3226.499
3226.979
3227.459
3227.939
3228.419
3228.901
3229.274
3229.647
3230.02
3230.393
3230.766
3231.139
3231.512
3231.885
3232.258
3232.631
3233.004
3233.377
3233.75
3234.123
3234.496
3234.869
3235.242
3235.62
3236.331
3237.042
3237.753
3238.464
3239.175
3239.886
3240.597
3241.308
3242.019
3242.73
3243.441
3244.152
3244.863
3245.574
3246.285
3246.996
3247.71
3248.597
3249.484
3250.371
3251.258
3252.145
3253.032
3253.919
3254.806
3255.693
3256.58
3257.467
3258.354
3259.241
3260.13
3260.364
3260.598
3260.832
3261.066
3261.3
3261.574
3261.848
3262.122
3262.396
3262.67
3262.944
3263.218
3263.492
3263.766
3264.04
3264.314
3264.588
3264.862
3265.136
3265.41
3265.684
3265.958
3266.232
3266.5
3266.743
3266.986
3267.229
3267.472
3267.715
3267.958
3268.201
3268.444
3268.687
3268.93
3269.173
3269.416
3269.659
3269.902
3270.145
3270.39
3270.913
3271.436
3271.959
3272.482
3273.005
3273.528
3274.051
3274.574
3275.097
3275.62
3276.143
3276.666
3277.189
3277.712
3278.235
3278.76
3279.234
3279.708
3280.182
3280.656
3281.13
3281.604
3282.078
3282.552
3283.026
3283.5
3283.974
3284.448
3284.922
3285.396
3285.87
3286.344
3286.818
3287.292
3287.766
3288.24
3288.71
3288.951
3289.192
3289.433
3289.674
3289.915
3290.156
3290.397
3290.638
3290.879
3291.12
3291.361
3291.602
3291.843
3292.084
3292.325
3292.566
3292.807
3293.048
3293.28
3293.521
3293.762
3294.003
3294.244
3294.485
3294.726
3294.967
3295.208
3295.449
3295.69
3295.931
3296.172
3296.413
3296.654
3296.895
3297.136
3297.377
3297.619
3298.275
3298.931
3299.587
3300.243
3300.899
3301.555
3302.211
3302.867
3303.523
3304.179
3304.835
3305.491
3306.147
3306.803
3307.459
3308.115
3308.77
3309.359
3309.948
3310.537
3311.126
3311.715
3312.304
3312.893
3313.482
3314.071
3314.66
3315.249
3315.838
3316.427
3317.016
3317.605
3318.194
3318.783
3319.37
3319.754
3320.138
3320.522
3320.906
3321.29
3321.674
3322.058
3322.442
3322.826
3323.21
3323.594
3323.978
3324.362
3324.746
3325.13
3325.514
3325.89
3326.128
3326.366
3326.604
3326.842
3327.08
3327.318
3327.556
3327.794
3328.032
3328.27
3328.508
3328.746
3328.984
3329.222
3329.46
3329.698
3329.936
3330.17
3330.444
3330.718
3330.992
3331.266
3331.54
3331.814
3332.088
3332.362
3332.636
3332.91
3333.184
3333.458
3333.732
3334.006
3334.28
3334.554
3334.828
3335.099
3335.386
3335.673
3335.96
3336.247
3336.534
3336.821
3337.108
3337.395
3337.682
3337.969
3338.256
3338.543
3338.83
3339.117
3339.404
3339.691
3339.978
3340.265
3340.552
3340.839
3341.13
3341.569
3342.008
3342.447
3342.886
3343.325
3343.764
3344.203
3344.642
3345.081
3345.52
3345.959
3346.398
3346.837
3347.276
3347.715
3348.154
3348.593
3349.03
3349.582
3350.134
3350.686
3351.238
3351.79
3352.342
3352.894
3353.446
3353.998
3354.55
3355.102
3355.654
3356.206
3356.758
3357.31
3357.862
3358.42
3358.765
3359.11
3359.455
3359.8
3360.145
3360.49
3360.835
3361.18
3361.525
3361.87
3362.215
3362.56
3362.905
3363.25
3363.595
3363.94
3364.285
3364.63
3364.915
3365.2
3365.485
3365.77
3366.055
3366.34
3366.625
3366.91
3367.195
3367.48
3367.765
3368.05
3368.335
3368.62
3368.905
3369.19
3369.549
3369.908
3370.267
3370.626
3370.985
3371.344
3371.703
3372.062
3372.421
3372.78
3373.139
3373.498
3373.857
3374.216
3374.575
3374.934
3375.293
3375.652
3376.011
3376.37
3376.73
3377.169
3377.608
3378.047
3378.486
3378.925
3379.364
3379.803
3380.242
3380.681
3381.12
3381.559
3381.998
3382.437
3382.876
3383.315
3383.754
3384.193
3384.64
3385.64
3385.885
3386.13
3386.375
3386.62
3386.865
3387.11
3387.355
3387.6
3387.845
3388.09
3388.335
3388.58
3388.825
3389.07
3389.315
3389.56
3390.063
3390.566
3391.069
3391.572
3392.075
3392.578
3393.081
3393.584
3394.087
3394.59
3395.093
3395.596
3396.099
3396.602
3397.105
3397.608
3398.111
3398.614
3399.119
3399.593
3400.067
3400.541
3401.015
3401.489
3401.963
3402.437
3402.911
3403.385
3403.859
3404.333
3404.807
3405.281
3405.755
3406.231
3406.582
3406.933
3407.284
3407.635
3407.986
3408.337
3408.688
3409.039
3409.39
3409.741
3410.092
3410.443
3410.794
3411.145
3411.496
3411.847
3412.198
3412.549
3412.9
3413.25
3413.49
3413.73
3413.97
3414.21
3414.45
3414.69
3414.93
3415.17
3415.41
3415.65
3415.89
3416.13
3416.37
3416.61
3416.85
3417.09
3417.33
3417.57
3417.81
3418.05
3418.29
3418.54
3418.921
3419.302
3419.683
3420.064
3420.445
3420.826
3421.207
3421.588
3421.969
3422.35
3422.731
3423.112
3423.493
3423.874
3424.255
3424.636
3425.017
3425.39
3425.641
3425.892
3426.143
3426.394
3426.645
3426.896
3427.147
3427.398
3427.649
3427.9
3428.151
3428.402
3428.653
3428.91
3429.282
3429.654
3430.026
3430.398
3430.77
3431.142
3431.514
3431.886
3432.258
3432.63
3433.002
3433.374
3433.746
3434.118
3434.49
3434.862
3435.234
3435.606
3435.978
3436.359
3436.748
3437.137
3437.526
3437.915
3438.304
3438.693
3439.082
3439.471
3439.86
3440.249
3440.638
3441.027
3441.416
3441.805
3442.194
3442.583
3442.972
3443.369
3443.369
3443.369
3443.369
3443.369
3443.369
3443.369
3443.369
3443.369
3443.369
3443.369
3443.369
3443.369
3443.369
