73.43
73.603
73.776
73.949
74.122
74.295
74.468
74.641
74.814
74.987
75.16
75.333
75.506
75.679
75.852
76.025
76.198
76.37
76.701
77.032
77.363
77.694
78.025
78.356
78.687
79.018
79.349
79.68
80.011
80.342
80.673
81.01
81.38
81.75
82.12
82.49
82.86
83.23
83.6
83.97
84.34
84.71
85.08
85.45
85.82
86.19
86.56
86.93
87.3
87.536
87.772
88.008
88.244
88.48
88.716
88.952
89.188
89.42
89.795
90.17
90.545
90.92
91.295
91.67
92.045
92.42
92.795
93.17
93.545
93.92
94.295
94.67
95.045
95.42
95.8
96.198
96.596
96.994
97.392
97.79
98.064
98.338
98.612
98.886
99.16
99.434
99.708
99.982
100.256
100.53
100.804
101.078
101.352
101.626
101.9
102.136
102.372
102.608
102.844
103.08
103.316
103.552
103.788
104.024
104.26
104.496
104.732
104.968
105.204
105.44
105.67
106.542
107.414
108.286
109.158
110.03
110.902
111.774
112.646
113.518
114.39
115.262
116.134
117.006
117.88
118.281
118.682
119.083
119.484
119.885
120.286
120.687
121.088
121.489
121.89
122.291
122.692
123.093
123.494
123.89
124.251
124.612
124.973
125.334
125.695
126.056
126.417
126.778
127.139
127.5
127.861
128.222
128.583
128.944
129.305
129.666
130.027
130.391
130.865
131.339
131.813
132.287
132.761
133.235
133.709
134.183
134.657
135.131
135.605
136.079
136.553
137.027
137.501
137.97
138.478
138.986
139.494
140.002
140.51
141.018
141.526
142.034
142.542
143.05
143.558
144.066
144.574
145.082
145.59
146.098
146.61
147.071
147.532
147.993
148.454
148.915
149.376
149.837
150.298
150.759
151.22
151.681
152.142
152.603
153.064
153.525
153.986
154.447
154.908
155.37
155.788
156.206
156.624
157.042
157.46
157.878
158.296
158.714
159.132
159.55
159.968
160.386
160.804
161.222
161.64
162.058
162.476
162.894
163.312
163.73
164.096
164.462
164.828
165.194
165.56
165.926
166.292
166.658
167.024
167.39
167.756
168.122
168.488
168.854
169.22
169.59
169.895
170.2
170.505
170.81
171.115
171.42
171.725
172.03
172.335
172.64
172.945
173.25
173.555
173.86
174.17
174.58
174.99
175.4
175.81
176.22
176.63
177.04
177.45
177.86
178.27
178.68
179.003
179.326
179.649
179.972
180.295
180.618
180.941
181.264
181.587
181.91
182.233
182.556
182.879
183.202
183.525
183.848
184.17
184.466
184.762
185.058
185.354
185.65
185.946
186.242
186.538
186.834
187.13
187.426
187.722
188.018
188.314
188.61
188.906
189.202
189.498
189.79
190.415
191.04
191.665
192.29
192.915
193.54
194.165
194.79
195.415
196.04
196.665
197.29
197.915
198.54
199.16
199.857
200.554
201.251
201.948
202.645
203.342
204.039
204.736
205.433
206.13
206.827
207.524
208.221
208.918
209.609
210.014
210.419
210.824
211.229
211.634
212.039
212.444
212.849
213.254
213.659
214.064
214.469
214.874
215.279
215.684
216.09
216.559
217.028
217.497
217.966
218.435
218.904
219.373
219.842
220.311
220.78
221.249
221.718
222.187
222.656
223.125
223.594
224.07
224.345
224.62
224.895
225.17
225.445
225.72
225.995
226.27
226.545
226.82
227.095
227.37
227.645
227.92
228.195
228.47
228.762
229.054
229.346
229.638
229.93
230.222
230.514
230.806
231.098
231.39
231.682
231.974
232.266
232.558
232.85
233.142
233.431
233.619
233.807
233.995
234.183
234.371
234.559
234.747
234.935
235.123
235.311
235.499
235.687
235.875
236.063
236.251
236.439
236.627
236.815
237.0
237.283
237.566
237.849
238.132
238.415
238.698
238.981
239.264
239.547
239.83
240.113
240.396
240.679
240.962
241.245
241.528
241.81
242.074
242.338
242.602
242.866
243.13
243.394
243.658
243.922
244.186
244.45
244.714
244.978
245.242
245.506
245.77
246.034
246.298
246.562
246.82
247.233
247.646
248.059
248.472
248.885
249.298
249.709
249.921
250.133
250.345
250.557
250.769
250.981
251.193
251.405
251.617
251.829
252.041
252.253
252.465
252.677
252.889
253.101
253.313
253.525
253.74
254.046
254.352
254.658
254.964
255.27
255.576
255.882
256.188
256.494
256.8
257.106
257.412
257.718
258.024
258.33
258.636
258.942
259.248
259.549
259.835
260.121
260.407
260.693
260.979
261.265
261.551
261.837
262.123
262.409
262.695
262.981
263.267
263.553
263.839
264.125
264.411
264.69
264.976
265.262
265.548
265.834
266.12
266.406
266.692
266.978
267.264
267.55
267.836
268.122
268.408
268.694
268.98
269.266
269.552
269.838
270.124
270.41
270.612
270.814
271.016
271.218
271.42
271.622
271.824
272.026
272.228
272.43
272.632
272.834
273.036
273.238
273.44
273.642
273.844
274.046
274.248
274.45
274.652
274.85
275.073
275.296
275.519
275.742
275.965
276.188
276.411
276.634
276.857
277.08
277.303
277.526
277.749
277.972
278.195
278.418
278.641
278.864
279.087
279.31
279.53
279.907
280.284
280.661
281.038
281.415
281.792
282.169
282.546
282.923
283.3
283.677
284.054
284.431
284.808
285.185
285.562
285.939
286.316
286.693
287.07
287.449
287.808
288.167
288.526
288.885
289.244
289.603
289.962
290.32
290.697
291.074
291.451
291.828
292.205
292.582
292.959
293.336
293.713
294.09
294.467
294.844
295.221
295.598
295.975
296.352
296.729
297.106
297.479
297.974
298.469
298.964
299.459
299.954
300.449
300.944
301.439
301.934
302.429
302.924
303.419
303.919
304.148
304.377
304.606
304.835
305.064
305.293
305.522
305.751
305.98
306.209
306.438
306.667
306.896
307.125
307.354
307.583
307.81
308.056
308.302
308.548
308.794
309.04
309.286
309.532
309.778
310.024
310.27
310.516
310.762
311.008
311.254
311.5
311.746
311.99
312.305
312.62
312.935
313.25
313.565
313.88
314.195
314.51
314.825
315.14
315.455
315.77
316.085
316.4
316.63
316.86
317.09
317.32
317.55
317.78
318.01
318.24
318.47
318.7
318.93
319.16
319.39
319.62
319.85
320.08
320.31
320.54
320.797
321.054
321.311
321.568
321.825
322.082
322.339
322.596
322.853
323.11
323.367
323.624
323.881
324.139
324.573
325.007
325.441
325.875
326.309
326.743
327.177
327.611
328.045
328.479
328.913
329.347
329.781
330.215
330.65
330.948
331.246
331.544
331.842
332.14
332.438
332.736
333.034
333.332
333.63
333.928
334.226
334.524
334.822
335.12
335.419
335.685
335.951
336.217
336.483
336.749
337.015
337.281
337.547
337.813
338.079
338.345
338.611
338.877
339.143
339.409
339.68
339.919
340.158
340.397
340.636
340.875
341.114
341.353
341.592
341.831
342.07
342.309
342.548
342.787
343.026
343.265
343.504
343.743
343.99
344.275
344.56
344.845
345.13
345.415
345.7
345.985
346.27
346.555
346.84
347.125
347.41
347.695
347.98
348.265
348.55
349.037
349.524
350.011
350.498
350.985
351.472
351.959
352.446
352.933
353.42
353.907
354.394
354.881
355.368
355.855
356.34
357.587
358.834
360.08
360.344
360.608
360.872
361.136
361.4
361.664
361.928
362.192
362.456
362.72
362.984
363.248
363.512
363.78
364.099
364.418
364.737
365.056
365.375
365.694
366.013
366.332
366.651
366.97
367.289
367.608
367.927
368.246
368.565
368.884
369.21
369.451
369.692
369.933
370.174
370.415
370.656
370.897
371.138
371.379
371.62
371.861
372.102
372.343
372.584
372.819
373.127
373.435
373.743
374.051
374.359
374.667
374.975
375.283
375.591
375.899
376.207
376.515
376.823
377.131
377.439
377.747
378.055
378.363
378.68
379.099
379.517
379.935
380.353
380.772
381.19
381.608
382.026
382.445
382.863
383.281
383.7
384.118
384.539
384.834
385.129
385.424
385.719
386.014
386.309
386.604
386.899
387.194
387.489
387.784
388.079
388.374
388.669
388.964
389.259
389.554
389.849
390.144
390.43
390.94
391.45
391.96
392.47
392.98
393.49
394.0
394.51
395.02
395.53
396.04
396.55
397.06
397.57
398.08
398.59
399.1
399.61
400.12
400.63
400.889
401.148
401.407
401.666
401.925
402.184
402.443
402.702
402.961
403.22
403.479
403.738
403.997
404.256
404.52
404.808
405.096
405.384
405.672
405.96
406.248
406.536
406.824
407.112
407.4
407.688
407.976
408.264
408.552
408.84
409.129
409.484
409.839
410.194
410.549
410.904
411.259
411.614
411.969
412.324
412.679
413.034
413.389
413.744
414.099
414.454
414.809
415.164
415.52
415.719
415.918
416.117
416.316
416.515
416.714
416.913
417.112
417.311
417.51
417.709
417.908
418.107
418.306
418.505
418.704
418.91
419.313
419.716
420.119
420.522
420.925
421.328
421.731
422.134
422.537
422.94
423.343
423.746
424.149
424.552
424.955
425.358
425.76
427.087
428.414
429.741
431.07
431.259
431.448
431.637
431.826
432.015
432.204
432.393
432.582
432.771
432.96
433.149
433.338
433.527
433.716
433.905
434.094
434.283
434.469
434.744
435.019
435.294
435.569
435.844
436.119
436.394
436.669
436.944
437.219
437.494
437.769
438.044
438.319
438.594
438.869
439.139
439.465
439.791
440.117
440.443
440.769
441.095
441.421
441.747
442.073
442.399
442.725
443.051
443.377
443.703
444.029
444.355
444.68
444.895
445.11
445.325
445.54
445.755
445.97
446.185
446.4
446.615
446.83
447.045
447.26
447.475
447.69
447.905
448.12
448.663
449.206
449.749
450.292
450.835
451.378
451.921
452.464
453.007
453.55
454.093
454.636
455.18
455.612
456.044
456.476
456.908
457.34
457.772
458.204
458.636
459.068
459.5
459.932
460.364
460.796
461.228
461.66
462.09
462.497
462.904
463.311
463.718
464.125
464.532
464.939
465.346
465.753
466.16
466.567
466.974
467.381
467.79
468.107
468.424
468.74
469.057
469.374
469.691
470.007
470.324
470.641
470.958
471.275
471.591
471.908
472.225
472.542
472.858
473.175
473.492
473.809
474.12
474.386
474.652
474.918
475.184
475.45
475.716
475.982
476.248
476.514
476.78
477.046
477.312
477.578
477.844
478.11
478.376
478.642
478.908
479.174
479.449
479.855
480.261
480.667
481.073
481.479
481.885
482.291
482.697
483.103
483.509
483.915
484.321
484.727
485.133
485.539
485.945
486.351
486.757
487.169
487.472
487.775
488.078
488.381
488.684
488.987
489.29
489.593
489.896
490.199
490.502
490.805
491.108
491.411
491.714
492.017
492.32
492.623
492.919
493.225
493.531
493.837
494.143
494.449
494.755
495.061
495.367
495.673
495.979
496.285
496.591
496.897
497.203
497.509
497.815
498.121
498.427
498.733
499.039
499.345
499.651
499.96
500.446
500.932
501.418
501.904
502.39
502.876
503.362
503.848
504.334
504.82
505.306
505.792
506.278
506.764
507.25
507.74
508.734
509.728
510.722
511.716
512.71
513.704
514.698
515.69
516.076
516.462
516.848
517.234
517.62
518.006
518.392
518.778
519.164
519.55
519.936
520.322
520.708
521.094
521.48
521.866
522.252
522.638
523.029
523.397
523.765
524.133
524.501
524.869
525.237
525.605
525.973
526.341
526.709
527.077
527.445
527.813
528.181
528.549
528.917
529.285
529.66
529.902
530.144
530.386
530.628
530.87
531.112
531.354
531.596
531.838
532.08
532.322
532.564
532.806
533.048
533.29
533.532
533.774
534.01
534.46
534.91
535.36
535.81
536.26
536.71
537.16
537.61
538.06
538.51
538.96
539.41
539.86
540.31
540.76
541.21
541.66
542.11
542.56
543.01
543.45
543.856
544.262
544.668
545.074
545.48
545.886
546.292
546.698
547.104
547.51
547.916
548.322
548.728
549.134
549.54
549.946
550.352
550.76
550.92
551.08
551.24
551.4
551.56
551.72
551.88
552.04
552.2
552.36
552.52
552.68
552.84
553.0
553.16
553.32
553.686
554.052
554.418
554.784
555.15
555.516
555.882
556.248
556.614
556.98
557.346
557.712
558.078
558.444
558.81
559.058
559.306
559.554
559.802
560.05
560.298
560.546
560.794
561.042
561.29
561.538
561.786
562.034
562.282
562.53
562.778
563.026
563.274
563.529
564.529
565.005
565.481
565.957
566.433
566.909
567.385
567.861
568.337
568.813
569.289
569.765
570.241
570.717
571.193
571.669
572.14
572.546
572.952
573.358
573.764
574.17
574.576
574.982
575.388
575.794
576.2
576.606
577.012
577.418
577.824
578.23
578.63
579.293
579.956
580.619
581.282
581.945
582.608
583.271
583.934
584.597
585.26
585.923
586.586
587.249
587.912
588.575
589.238
589.901
590.56
590.855
591.15
591.445
591.74
592.035
592.33
592.625
592.92
593.215
593.51
593.805
594.1
594.395
594.69
594.985
595.28
595.575
595.87
596.222
596.574
596.926
597.278
597.63
597.982
598.334
598.686
599.038
599.39
599.742
600.094
600.446
600.798
601.15
601.502
601.86
602.516
603.172
603.828
604.484
605.14
605.796
606.452
607.108
607.764
608.42
609.076
609.732
610.388
611.044
611.7
612.356
613.012
613.67
614.311
614.952
615.593
616.234
616.875
617.516
618.157
618.798
619.439
620.08
620.721
621.362
622.003
622.644
623.285
623.926
624.567
625.208
625.85
626.06
626.27
626.48
626.69
626.9
627.11
627.32
627.53
627.74
627.95
628.16
628.37
628.58
628.79
629.0
629.21
629.455
629.7
629.945
630.19
630.435
630.68
630.925
631.17
631.415
631.66
631.905
632.15
632.395
632.64
632.885
633.131
633.683
634.235
634.787
635.339
635.891
636.443
636.995
637.547
638.099
638.651
639.203
639.755
640.307
640.859
641.411
641.963
642.515
643.07
643.513
643.956
644.399
644.842
645.285
645.728
646.171
646.614
647.057
647.5
647.943
648.386
648.829
649.272
649.715
650.158
650.601
651.044
651.48
652.393
653.306
654.22
654.618
655.016
655.414
655.812
656.21
656.608
657.006
657.404
657.802
658.2
658.598
658.996
659.394
659.792
660.19
660.588
660.99
661.332
661.674
662.016
662.358
662.7
663.042
663.384
663.726
664.068
664.41
664.752
665.094
665.436
665.778
666.12
666.462
666.804
667.15
667.627
668.104
668.581
669.058
669.535
670.012
670.489
670.966
671.443
671.92
672.397
672.874
673.351
673.828
674.31
674.74
675.17
675.6
676.03
676.46
676.89
677.32
677.75
678.18
678.61
679.04
679.47
679.9
680.33
680.76
681.19
681.561
681.932
682.303
682.674
683.045
683.416
683.787
684.158
684.529
684.9
685.271
685.642
686.013
686.384
686.755
687.126
687.5
688.152
688.804
689.456
690.108
690.76
691.412
692.064
692.716
693.368
694.02
694.672
695.324
695.976
696.628
697.28
697.93
698.484
699.038
699.592
700.146
700.7
701.254
701.808
702.362
702.916
703.47
704.024
704.578
705.132
705.686
706.24
706.794
707.35
708.509
709.668
710.827
711.986
713.145
714.304
715.463
716.622
717.781
718.94
720.099
721.258
722.417
723.576
724.735
725.899
726.699
727.499
728.299
729.099
729.899
730.699
731.499
732.299
733.099
733.899
734.699
735.499
736.299
737.099
737.899
738.7
739.124
739.548
739.972
740.396
740.82
741.244
741.668
742.092
742.516
742.94
743.364
743.788
744.212
744.63
745.041
745.452
745.863
746.274
746.685
747.096
747.507
747.918
748.329
748.74
749.151
749.562
749.973
750.384
750.79
751.166
751.542
751.918
752.294
752.67
753.046
753.422
753.798
754.17
754.521
754.872
755.223
755.574
755.925
756.276
756.627
756.978
757.329
757.68
758.031
758.382
758.733
759.084
759.435
759.786
760.137
760.488
760.839
761.19
761.54
761.869
762.198
762.527
762.856
763.185
763.514
763.843
764.172
764.501
764.83
765.159
765.488
765.817
766.146
766.475
766.804
767.13
767.512
767.894
768.276
768.658
769.04
769.422
769.804
770.186
770.568
770.95
771.332
771.714
772.096
772.478
772.86
773.269
773.678
774.087
774.496
774.905
775.314
775.723
776.132
776.541
776.95
777.359
777.768
778.177
778.586
778.995
779.404
779.813
780.23
780.483
780.736
780.989
781.242
781.495
781.748
782.001
782.254
782.507
782.76
783.013
783.266
783.519
783.772
784.025
784.278
784.531
784.78
785.22
785.66
786.1
786.54
786.98
787.42
787.86
788.3
788.74
789.18
789.62
790.06
790.5
790.696
790.892
791.088
791.284
791.48
791.676
791.872
792.068
792.264
792.46
792.656
792.852
793.048
793.244
793.44
793.636
793.829
794.208
794.587
794.966
795.345
795.724
796.103
796.482
796.861
797.24
797.619
797.998
798.377
798.756
799.135
799.514
799.893
800.269
800.788
801.307
801.826
802.345
802.864
803.383
803.902
804.421
804.94
805.459
805.978
806.497
807.016
807.535
808.054
808.573
809.092
809.611
810.13
810.543
810.956
811.369
811.782
812.195
812.608
813.021
813.434
813.847
814.26
814.673
815.086
815.499
815.912
816.325
816.738
817.151
817.564
817.977
818.399
818.611
818.823
819.035
819.247
819.459
819.671
819.883
820.095
820.307
820.519
820.731
820.943
821.155
821.367
821.579
821.791
822.003
822.22
822.566
822.912
823.258
823.604
823.95
824.296
824.642
824.988
825.334
825.68
826.026
826.372
826.718
827.064
827.41
827.756
828.102
828.44
829.16
829.88
830.6
831.32
832.04
832.76
833.48
834.2
834.92
835.64
836.36
837.08
837.8
838.52
839.24
839.959
840.787
841.615
842.443
843.271
844.1
844.478
844.856
845.234
845.612
845.99
846.368
846.746
847.124
847.502
847.88
848.258
848.636
849.014
849.392
849.77
850.148
850.526
850.91
851.11
851.31
851.51
851.71
851.91
852.11
852.31
852.51
852.71
852.91
853.11
853.31
853.51
853.71
853.91
854.11
854.31
854.51
854.909
855.308
855.707
856.106
856.505
856.904
857.303
857.702
858.101
858.5
858.899
859.298
859.697
860.096
860.495
860.899
861.22
861.541
861.862
862.183
862.504
862.825
863.146
863.467
863.788
864.109
864.43
864.751
865.072
865.393
865.714
866.04
866.488
866.936
867.384
867.832
868.28
868.728
869.176
869.624
870.072
870.52
870.968
871.416
871.864
872.312
872.76
873.208
873.656
874.104
874.552
875.009
875.285
875.561
875.837
876.113
876.389
876.665
876.941
877.217
877.493
877.769
878.045
878.321
878.597
878.873
879.149
879.425
879.701
879.97
880.224
880.478
880.732
880.986
881.24
881.494
881.748
882.002
882.256
882.51
882.764
883.018
883.272
883.526
883.78
884.034
884.288
884.542
884.796
885.05
885.304
885.55
885.84
886.13
886.42
886.71
887.0
887.29
887.58
887.87
888.16
888.45
888.74
889.03
889.32
889.61
889.9
890.19
890.48
890.77
891.06
891.35
891.64
891.93
892.638
893.346
894.054
894.762
895.47
896.178
896.886
897.594
898.302
899.01
899.718
900.426
901.134
901.842
902.55
903.258
903.959
904.469
904.979
905.489
905.999
906.509
907.019
907.529
908.039
908.55
909.045
909.54
910.035
910.53
911.025
911.52
912.015
912.51
913.005
913.5
913.995
914.49
914.985
915.48
915.975
916.47
916.959
917.196
917.433
917.67
917.907
918.144
918.381
918.618
918.855
919.092
919.329
919.566
919.803
920.04
920.277
920.514
920.751
920.99
921.213
921.436
921.659
921.882
922.105
922.328
922.551
922.774
922.997
923.22
923.443
923.666
923.889
924.112
924.335
924.558
924.781
925.004
925.23
925.852
926.475
927.098
927.72
928.342
928.965
929.588
930.21
930.832
931.455
932.078
932.7
933.322
933.945
934.568
935.19
935.392
935.594
935.796
935.998
936.2
936.402
936.604
936.806
937.008
937.21
937.412
937.614
937.816
938.018
938.22
938.422
938.624
938.819
939.127
939.435
939.743
940.051
940.359
940.667
940.975
941.283
941.591
941.899
942.207
942.515
942.829
942.975
943.121
943.267
943.413
943.559
943.705
943.851
943.997
944.143
944.289
944.435
944.581
944.727
944.873
945.019
945.17
945.603
946.036
946.469
946.902
947.335
947.768
948.201
948.634
949.067
949.5
949.933
950.366
950.799
951.232
951.665
952.098
952.531
952.963
953.269
953.575
953.881
954.187
954.493
954.799
955.105
955.411
955.717
956.023
956.329
956.635
956.94
957.256
957.572
957.888
958.204
958.52
958.836
959.152
959.468
959.784
960.1
960.416
960.732
961.048
961.364
961.68
961.996
962.312
962.62
962.819
963.018
963.217
963.416
963.615
963.814
964.013
964.212
964.411
964.61
964.809
965.008
965.207
965.406
965.605
965.804
966.003
966.2
966.655
967.11
967.565
968.02
968.475
968.93
969.385
969.84
970.295
970.75
971.205
971.66
972.115
972.57
973.025
973.48
973.668
973.856
974.044
974.232
974.42
974.608
974.796
974.984
975.172
975.36
975.548
975.736
975.924
976.112
976.3
976.488
976.676
976.87
977.394
977.918
978.442
978.966
979.49
979.877
980.264
980.651
981.038
981.425
981.812
982.199
982.586
982.973
983.36
983.747
984.134
984.519
984.954
985.389
985.824
986.259
986.694
987.129
987.564
987.999
988.434
988.869
989.304
989.739
990.174
990.609
991.044
991.48
991.909
992.338
992.767
993.196
993.625
994.054
994.483
994.912
995.341
995.77
996.199
996.628
997.057
997.486
997.915
998.344
998.773
999.202
999.631
1000.06
1000.522
1000.984
1001.446
1001.908
1002.37
1002.832
1003.294
1003.756
1004.218
1004.68
1005.142
1005.604
1006.066
1006.528
1006.99
1007.452
1007.92
1008.293
1008.666
1009.039
1009.412
1009.785
1010.158
1010.531
1010.904
1011.277
1011.65
1012.023
1012.396
1012.769
1013.142
1013.515
1013.888
1014.269
1014.644
1015.019
1015.394
1015.769
1016.144
1016.519
1016.894
1017.269
1017.644
1018.019
1018.394
1018.769
1019.144
1019.519
1019.894
1020.269
1020.644
1021.019
1021.389
1021.617
1021.845
1022.073
1022.301
1022.529
1022.757
1022.985
1023.213
1023.441
1023.669
1023.897
1024.125
1024.353
1024.581
1024.809
1025.037
1025.265
1025.493
1025.721
1025.95
1026.226
1026.502
1026.778
1027.054
1027.33
1027.606
1027.882
1028.158
1028.434
1028.71
1028.986
1029.262
1029.538
1029.814
1030.09
1030.366
1030.642
1030.918
1031.194
1031.47
1031.828
1032.186
1032.544
1032.902
1033.26
1033.618
1033.976
1034.334
1034.692
1035.05
1035.408
1035.766
1036.124
1036.482
1036.84
1037.198
1037.556
1037.914
1038.272
1038.63
1038.988
1039.35
1039.771
1040.192
1040.613
1041.034
1041.455
1041.876
1042.297
1042.718
1043.139
1043.56
1043.981
1044.402
1044.823
1045.244
1045.665
1046.086
1046.507
1046.92
1047.646
1048.372
1049.098
1049.824
1050.55
1051.276
1052.002
1052.728
1053.454
1054.18
1054.906
1055.632
1056.358
1057.084
1057.81
1058.536
1059.27
1059.819
1060.368
1060.917
1061.466
1062.015
1062.564
1063.113
1063.662
1064.211
1064.76
1065.309
1065.858
1066.407
1066.956
1067.505
1068.054
1068.6
1069.427
1070.254
1071.081
1071.908
1072.735
1073.562
1074.389
1075.216
1076.043
1076.87
1077.697
1078.524
1079.351
1080.178
1081.005
1081.832
1082.659
1083.486
1084.32
1084.822
1085.324
1085.826
1086.328
1086.83
1087.332
1087.834
1088.336
1088.838
1089.34
1089.842
1090.344
1090.846
1091.348
1091.85
1092.352
1092.854
1093.356
1093.86
1094.983
1096.106
1097.229
1098.352
1099.475
1100.598
1101.721
1102.844
1103.967
1105.09
1106.213
1107.336
1108.46
1108.668
1108.876
1109.084
1109.292
1109.5
1109.708
1109.916
1110.124
1110.332
1110.54
1110.748
1110.956
1111.164
1111.372
1111.58
1111.79
1112.152
1112.514
1112.876
1113.238
1113.6
1113.962
1114.324
1114.686
1115.048
1115.41
1115.772
1116.134
1116.496
1116.858
1117.22
1117.58
1118.255
1118.93
1119.605
1120.28
1120.955
1121.63
1122.305
1122.98
1123.655
1124.33
1125.0
1125.364
1125.728
1126.092
1126.456
1126.82
1127.184
1127.548
1127.912
1128.276
1128.64
1129.004
1129.368
1129.732
1130.09
1130.392
1130.695
1130.997
1131.3
1131.602
1131.905
1132.207
1132.51
1132.812
1133.114
1133.417
1133.719
1134.022
1134.324
1134.627
1134.93
1135.617
1136.304
1136.991
1137.678
1138.365
1139.052
1139.739
1140.426
1141.113
1141.8
1142.487
1143.174
1143.861
1144.548
1145.235
1145.922
1146.609
1147.29
1147.806
1148.322
1148.838
1149.354
1149.87
1150.386
1150.902
1151.418
1151.934
1152.45
1152.966
1153.482
1153.998
1154.514
1155.03
1155.546
1156.07
1156.336
1156.602
1156.868
1157.134
1157.4
1157.666
1157.932
1158.198
1158.464
1158.73
1158.996
1159.262
1159.528
1159.794
1160.06
1160.326
1160.592
1160.858
1161.124
1161.39
1161.738
1162.086
1162.434
1162.782
1163.13
1163.478
1163.826
1164.174
1164.522
1164.87
1165.218
1165.566
1165.914
1166.262
1166.61
1166.958
1167.3
1167.69
1168.08
1168.47
1168.86
1169.25
1169.64
1170.03
1170.42
1170.81
1171.2
1171.59
1171.98
1172.37
1172.76
1172.934
1173.108
1173.282
1173.456
1173.63
1173.804
1173.978
1174.152
1174.326
1174.5
1174.674
1174.848
1175.022
1175.196
1175.37
1175.544
1175.718
1175.892
1176.07
1176.408
1176.745
1177.082
1177.42
1177.758
1178.096
1178.434
1178.772
1179.11
1179.447
1179.784
1180.122
1180.46
1180.798
1181.136
1181.47
1182.007
1182.544
1183.081
1183.618
1184.155
1184.692
1185.229
1185.766
1186.303
1186.84
1187.377
1187.914
1188.451
1188.988
1189.53
1190.132
1190.734
1191.336
1191.938
1192.54
1193.142
1193.744
1194.346
1194.948
1195.55
1196.152
1196.754
1197.356
1197.958
1198.56
1199.162
1199.764
1200.366
1200.96
1201.297
1201.634
1201.971
1202.308
1202.645
1202.982
1203.319
1203.656
1203.993
1204.33
1204.667
1205.004
1205.341
1205.678
1206.02
1206.308
1206.596
1206.884
1207.172
1207.46
1207.748
1208.036
1208.324
1208.612
1208.9
1209.188
1209.476
1209.764
1210.052
1210.34
1210.63
1210.949
1211.268
1211.587
1211.906
1212.225
1212.544
1212.863
1213.182
1213.501
1213.82
1214.139
1214.458
1214.777
1215.096
1215.415
1215.734
1216.06
1216.313
1216.567
1216.821
1217.074
1217.328
1217.582
1217.836
1218.09
1218.343
1218.597
1218.851
1219.105
1219.359
1219.612
1219.866
1220.12
1220.373
1220.627
1220.88
1221.13
1221.685
1222.24
1222.477
1222.714
1222.951
1223.188
1223.425
1223.662
1223.899
1224.136
1224.373
1224.61
1224.847
1225.084
1225.321
1225.558
1225.795
1226.032
1226.269
1226.5
1226.873
1227.246
1227.619
1227.992
1228.365
1228.738
1229.111
1229.484
1229.857
1230.23
1230.603
1230.976
1231.349
1231.722
1232.095
1232.468
1232.841
1233.21
1233.708
1234.206
1234.704
1235.202
1235.7
1236.198
1236.696
1237.194
1237.692
1238.19
1238.688
1239.19
1239.461
1239.732
1240.003
1240.274
1240.545
1240.816
1241.087
1241.358
1241.629
1241.9
1242.171
1242.442
1242.713
1242.984
1243.255
1243.526
1243.797
1244.068
1244.34
1244.72
1245.1
1245.48
1245.86
1246.24
1246.62
1247.0
1247.38
1247.76
1248.14
1248.52
1248.9
1249.28
1249.66
1250.04
1250.42
1250.8
1251.18
1251.608
1252.036
1252.464
1252.892
1253.32
1253.748
1254.176
1254.604
1255.032
1255.46
1255.888
1256.316
1256.744
1257.172
1257.6
1258.028
1258.46
1258.808
1259.156
1259.504
1259.852
1260.2
1260.548
1260.896
1261.244
1261.592
1261.94
1262.288
1262.636
1262.984
1263.332
1263.68
1264.03
1264.787
1265.544
1266.302
1267.06
1267.352
1267.644
1267.936
1268.228
1268.52
1268.812
1269.104
1269.396
1269.688
1269.98
1270.272
1270.564
1270.856
1271.148
1271.44
1271.732
1272.024
1272.32
1272.697
1273.074
1273.452
1273.83
1274.207
1274.585
1274.963
1275.341
1275.718
1276.096
1276.474
1276.851
1277.229
1277.607
1277.985
1278.36
1278.963
1279.566
1280.169
1280.772
1281.375
1281.978
1282.581
1283.184
1283.787
1284.39
1284.993
1285.596
1286.199
1286.802
1287.405
1288.008
1288.611
1289.221
1289.553
1289.885
1290.217
1290.549
1290.881
1291.213
1291.545
1291.877
1292.209
1292.541
1292.873
1293.205
1293.54
1293.863
1294.186
1294.509
1294.832
1295.155
1295.478
1295.801
1296.124
1296.447
1296.77
1297.093
1297.416
1297.739
1298.06
1298.3
1298.54
1298.78
1299.02
1299.26
1299.5
1299.74
1299.98
1300.22
1300.46
1300.7
1300.94
1301.18
1301.42
1301.66
1301.9
1302.33
1302.76
1303.19
1303.62
1304.05
1304.48
1304.91
1305.34
1305.77
1306.2
1306.63
1307.06
1307.49
1307.92
1308.35
1308.78
1309.21
1309.64
1309.958
1310.276
1310.594
1310.912
1311.23
1311.548
1311.866
1312.184
1312.502
1312.82
1313.138
1313.456
1313.774
1314.092
1314.41
1314.728
1315.05
1315.794
1316.538
1317.282
1318.026
1318.77
1319.514
1320.258
1321.002
1321.746
1322.49
1323.234
1323.978
1324.722
1325.46
1325.742
1326.024
1326.306
1326.588
1326.87
1327.152
1327.434
1327.716
1327.998
1328.28
1328.562
1328.844
1329.126
1329.408
1329.69
1329.97
1330.53
1331.09
1331.65
1332.21
1332.77
1333.33
1333.89
1334.45
1335.01
1335.57
1336.13
1336.69
1337.25
1337.81
1338.37
1338.93
1339.49
1339.779
1340.068
1340.357
1340.646
1340.935
1341.224
1341.513
1341.802
1342.091
1342.38
1342.669
1342.958
1343.247
1343.536
1343.825
1344.114
1344.403
1344.692
1344.981
1345.27
1345.917
1346.564
1347.21
1347.493
1347.776
1348.059
1348.342
1348.625
1348.908
1349.191
1349.474
1349.757
1350.04
1350.323
1350.606
1350.889
1351.172
1351.46
1351.789
1352.118
1352.447
1352.776
1353.105
1353.434
1353.763
1354.092
1354.421
1354.75
1355.079
1355.408
1355.737
1356.066
1356.395
1356.724
1357.06
1357.438
1357.816
1358.194
1358.572
1358.95
1359.328
1359.706
1360.084
1360.462
1360.84
1361.218
1361.596
1361.974
1362.352
1362.73
1363.108
1363.486
1363.864
1364.242
1364.62
1364.99
1365.327
1365.664
1366.001
1366.338
1366.675
1367.012
1367.349
1367.686
1368.023
1368.36
1368.697
1369.034
1369.371
1369.708
1370.04
1370.42
1370.8
1371.18
1371.56
1371.94
1372.32
1372.7
1373.08
1373.46
1373.84
1374.22
1374.6
1374.98
1375.36
1375.74
1376.182
1376.624
1377.066
1377.508
1377.95
1378.392
1378.834
1379.276
1379.718
1380.16
1380.602
1381.044
1381.486
1381.928
1382.37
1382.81
1382.985
1383.16
1383.335
1383.51
1383.685
1383.86
1384.035
1384.21
1384.385
1384.56
1384.735
1384.91
1385.085
1385.26
1385.435
1385.61
1385.785
1385.96
1386.704
1387.448
1388.192
1388.936
1389.68
1390.424
1391.168
1391.912
1392.656
1393.4
1394.144
1394.888
1395.632
1396.376
1397.12
1397.864
1398.608
1399.36
1399.641
1399.922
1400.203
1400.484
1400.765
1401.046
1401.327
1401.608
1401.889
1402.17
1402.451
1402.732
1403.013
1403.294
1403.575
1403.856
1404.137
1404.41
1404.905
1405.4
1405.895
1406.39
1406.885
1407.38
1407.875
1408.37
1408.865
1409.36
1409.855
1410.35
1410.845
1411.34
1411.83
1412.143
1412.456
1412.769
1413.082
1413.395
1413.708
1414.021
1414.334
1414.647
1414.96
1415.273
1415.586
1415.899
1416.212
1416.52
1416.886
1417.252
1417.618
1417.984
1418.35
1418.716
1419.082
1419.448
1419.814
1420.18
1420.546
1420.912
1421.278
1421.644
1422.01
1422.38
1422.966
1423.552
1424.138
1424.724
1425.31
1425.896
1426.482
1427.068
1427.654
1428.24
1428.826
1429.412
1429.998
1430.584
1431.17
1431.756
1432.35
1432.85
1433.35
1433.783
1434.216
1434.649
1435.082
1435.515
1435.948
1436.381
1436.814
1437.247
1437.68
1438.113
1438.546
1438.979
1439.412
1439.845
1440.278
1440.711
1441.15
1441.543
1441.936
1442.329
1442.722
1443.115
1443.508
1443.901
1444.294
1444.687
1445.08
1445.473
1445.866
1446.259
1446.652
1447.045
1447.438
1447.831
1448.224
1448.617
1449.01
1449.352
1449.695
1450.037
1450.38
1450.723
1451.065
1451.408
1451.75
1452.092
1452.435
1452.777
1453.12
1453.462
1453.804
1454.147
1454.489
1454.832
1455.175
1455.517
1455.86
1456.151
1456.442
1456.733
1457.024
1457.315
1457.606
1457.897
1458.188
1458.479
1458.77
1459.061
1459.352
1459.643
1459.934
1460.225
1460.516
1460.807
1461.098
1461.38
1461.817
1462.254
1462.691
1463.128
1463.565
1464.002
1464.439
1464.876
1465.313
1465.75
1466.187
1466.624
1467.061
1467.498
1467.935
1468.372
1468.81
1469.186
1469.562
1469.938
1470.314
1470.69
1471.066
1471.442
1471.818
1472.194
1472.57
1472.946
1473.322
1473.698
1474.074
1474.45
1474.826
1475.202
1475.58
1475.809
1476.038
1476.267
1476.496
1476.725
1476.954
1477.183
1477.412
1477.641
1477.87
1478.099
1478.328
1478.557
1478.786
1479.015
1479.244
1479.47
1479.892
1480.314
1480.736
1481.158
1481.58
1482.002
1482.424
1482.846
1483.268
1483.69
1484.112
1484.534
1484.956
1485.378
1485.8
1486.222
1486.64
1487.134
1487.628
1488.122
1488.616
1489.11
1489.604
1490.098
1490.592
1491.086
1491.58
1492.074
1492.568
1493.062
1493.556
1494.05
1494.544
1495.03
1495.251
1495.472
1495.693
1495.914
1496.135
1496.356
1496.577
1496.798
1497.019
1497.24
1497.461
1497.682
1497.903
1498.124
1498.345
1498.566
1498.787
1499.01
1499.215
1499.42
1499.625
1499.83
1500.035
1500.24
1500.445
1500.65
1500.855
1501.06
1501.265
1501.47
1501.675
1501.88
1502.085
1502.29
1502.495
1502.7
1503.036
1503.372
1503.708
1504.044
1504.38
1504.716
1505.052
1505.388
1505.724
1506.06
1506.396
1506.732
1507.068
1507.404
1507.74
1508.076
1508.412
1508.748
1509.084
1509.42
1509.741
1510.062
1510.383
1510.704
1511.025
1511.346
1511.667
1511.988
1512.309
1512.63
1512.951
1513.272
1513.593
1513.914
1514.235
1514.556
1514.877
1515.19
1515.377
1515.564
1515.751
1515.938
1516.125
1516.312
1516.499
1516.686
1516.873
1517.06
1517.247
1517.434
1517.621
1517.808
1517.995
1518.182
1518.369
1518.556
1518.743
1518.93
1519.11
1519.445
1519.78
1520.115
1520.45
1520.785
1521.12
1521.455
1521.79
1522.125
1522.46
1522.795
1523.13
1523.465
1523.8
1524.135
1524.47
1524.805
1525.14
1525.47
1525.846
1526.222
1526.598
1526.974
1527.35
1527.726
1528.102
1528.478
1528.854
1529.23
1529.606
1529.982
1530.358
1530.734
1531.11
1531.486
1531.87
1532.47
1533.07
1533.67
1534.035
1534.4
1534.765
1535.13
1535.495
1535.86
1536.225
1536.59
1536.955
1537.32
1537.685
1538.05
1538.415
1538.78
1539.145
1539.51
1539.88
1540.316
1540.752
1541.188
1541.624
1542.06
1542.496
1542.932
1543.368
1543.804
1544.24
1544.676
1545.112
1545.548
1545.984
1546.42
1546.856
1547.292
1547.728
1548.164
1548.6
1549.036
1549.47
1549.724
1549.978
1550.232
1550.486
1550.74
1550.994
1551.248
1551.502
1551.756
1552.01
1552.264
1552.518
1552.772
1553.026
1553.28
1553.534
1553.788
1554.05
1554.532
1555.014
1555.496
1555.978
1556.46
1556.942
1557.424
1557.906
1558.388
1558.87
1559.352
1559.834
1560.316
1560.798
1561.28
1561.762
1562.244
1562.726
1563.21
1563.489
1563.768
1564.047
1564.326
1564.605
1564.884
1565.163
1565.442
1565.721
1566.0
1566.279
1566.558
1566.837
1567.116
1567.395
1567.674
1567.953
1568.232
1568.511
1568.79
1569.07
1569.748
1570.426
1571.104
1571.782
1572.46
1573.138
1573.816
1574.494
1575.172
1575.85
1576.528
1577.206
1577.884
1578.562
1579.24
1579.918
1580.6
1581.459
1582.318
1583.177
1584.036
1584.895
1585.754
1586.613
1587.472
1588.331
1589.19
1590.049
1590.908
1591.767
1592.626
1593.485
1594.344
1595.203
1596.062
1596.92
1597.196
1597.472
1597.748
1598.024
1598.3
1598.576
1598.852
1599.128
1599.404
1599.68
1599.956
1600.232
1600.508
1600.784
1601.06
1601.336
1601.62
1602.083
1602.546
1603.009
1603.472
1603.935
1604.398
1604.861
1605.324
1605.787
1606.25
1606.713
1607.176
1607.639
1608.102
1608.565
1609.028
1609.491
1609.954
1610.42
1611.123
1611.826
1612.529
1613.232
1613.935
1614.638
1615.34
1615.611
1615.882
1616.153
1616.424
1616.695
1616.966
1617.237
1617.508
1617.779
1618.05
1618.321
1618.592
1618.863
1619.134
1619.405
1619.676
1619.947
1620.218
1620.481
1620.869
1621.257
1621.645
1622.033
1622.421
1622.809
1623.197
1623.585
1623.973
1624.361
1624.749
1625.137
1625.525
1625.913
1626.301
1626.689
1627.07
1627.804
1628.538
1629.272
1630.006
1630.74
1631.474
1632.208
1632.942
1633.676
1634.41
1635.144
1635.878
1636.612
1637.346
1638.08
1638.457
1638.834
1639.211
1639.588
1639.965
1640.342
1640.719
1641.096
1641.473
1641.85
1642.227
1642.604
1642.981
1643.358
1643.73
1644.236
1644.742
1645.248
1645.754
1646.26
1646.766
1647.272
1647.778
1648.284
1648.79
1649.296
1649.802
1650.308
1650.814
1651.32
1651.826
1652.332
1652.841
1653.096
1653.351
1653.606
1653.861
1654.116
1654.371
1654.626
1654.881
1655.136
1655.391
1655.65
1656.114
1656.578
1657.042
1657.506
1657.97
1658.434
1658.898
1659.362
1659.826
1660.29
1660.754
1661.218
1661.682
1662.146
1662.61
1663.074
1663.538
1664.0
1664.449
1664.898
1665.347
1665.796
1666.245
1666.694
1667.143
1667.592
1668.041
1668.49
1668.939
1669.388
1669.837
1670.286
1670.735
1671.184
1671.633
1672.082
1672.54
1672.819
1673.098
1673.377
1673.656
1673.935
1674.214
1674.493
1674.772
1675.051
1675.33
1675.609
1675.888
1676.167
1676.446
1676.725
1677.004
1677.283
1677.562
1677.841
1678.12
1678.399
1678.678
1678.957
1679.236
1679.51
1679.802
1680.094
1680.386
1680.678
1680.97
1681.262
1681.554
1681.846
1682.138
1682.43
1682.722
1683.014
1683.306
1683.598
1683.89
1684.182
1684.474
1684.76
1685.27
1685.78
1686.29
1686.8
1687.31
1687.82
1688.33
1688.84
1689.35
1689.86
1690.37
1690.88
1691.39
1691.9
1692.41
1692.92
1693.43
1693.851
1694.272
1694.693
1695.114
1695.535
1695.956
1696.377
1696.798
1697.219
1697.64
1698.061
1698.482
1698.903
1699.324
1699.745
1700.166
1700.587
1701.008
1701.429
1701.85
1702.271
1702.69
1703.068
1703.446
1703.824
1704.202
1704.58
1704.958
1705.336
1705.714
1706.092
1706.47
1706.848
1707.226
1707.604
1707.982
1708.36
1708.738
1709.116
1709.494
1709.872
1710.25
1710.625
1711.0
1711.375
1711.75
1712.125
1712.5
1712.806
1713.112
1713.418
1713.724
1714.03
1714.336
1714.642
1714.948
1715.254
1715.56
1715.866
1716.172
1716.478
1716.784
1717.09
1717.39
1717.707
1718.024
1718.341
1718.658
1718.975
1719.292
1719.609
1719.926
1720.243
1720.56
1720.877
1721.194
1721.511
1721.828
1722.145
1722.462
1722.779
1723.096
1723.41
1723.709
1724.008
1724.307
1724.606
1724.905
1725.204
1725.503
1725.802
1726.101
1726.4
1726.699
1726.998
1727.297
1727.596
1727.895
1728.194
1728.493
1728.792
1729.091
1729.39
1729.63
1729.87
1730.11
1730.35
1730.59
1730.83
1731.07
1731.31
1731.55
1731.79
1732.03
1732.27
1732.51
1732.75
1732.99
1733.23
1733.47
1733.71
1733.95
1734.19
1734.44
1734.716
1734.992
1735.268
1735.544
1735.82
1736.096
1736.372
1736.648
1736.924
1737.2
1737.476
1737.752
1738.028
1738.304
1738.58
1738.856
1739.132
1739.408
1739.69
1739.978
1740.266
1740.554
1740.842
1741.13
1741.418
1741.706
1741.994
1742.282
1742.57
1742.858
1743.146
1743.434
1743.722
1744.01
1744.423
1744.836
1745.249
1745.662
1746.075
1746.488
1746.901
1747.314
1747.727
1748.14
1748.553
1748.966
1749.38
1749.794
1750.207
1750.62
1751.034
1751.448
1751.861
1752.28
1752.575
1752.87
1753.165
1753.46
1753.755
1754.05
1754.345
1754.64
1754.935
1755.23
1755.525
1755.82
1756.115
1756.41
1756.705
1757.0
1757.3
1757.568
1757.836
1758.104
1758.372
1758.64
1758.908
1759.176
1759.444
1759.712
1759.98
1760.248
1760.516
1760.784
1761.052
1761.32
1761.59
1761.809
1762.028
1762.247
1762.466
1762.685
1762.904
1763.123
1763.342
1763.561
1763.78
1763.999
1764.218
1764.437
1764.656
1764.875
1765.094
1765.313
1765.53
1765.855
1766.18
1766.505
1766.831
1767.156
1767.481
1767.806
1768.131
1768.457
1768.783
1769.108
1769.433
1769.758
1770.083
1770.409
1770.735
1771.06
1771.385
1771.71
1772.04
1772.277
1772.514
1772.751
1772.988
1773.225
1773.462
1773.699
1773.936
1774.173
1774.41
1774.647
1774.884
1775.121
1775.358
1775.595
1775.832
1776.069
1776.3
1776.63
1776.961
1777.292
1777.622
1777.953
1778.284
1778.615
1778.946
1779.276
1779.607
1779.938
1780.269
1780.6
1780.93
1781.261
1781.591
1781.921
1782.252
1782.582
1782.91
1783.41
1783.91
1784.41
1784.91
1785.41
1785.91
1786.41
1786.91
1787.41
1787.91
1788.41
1788.91
1789.41
1789.91
1790.41
1790.91
1791.41
1791.602
1791.794
1791.986
1792.178
1792.37
1792.562
1792.754
1792.946
1793.138
1793.33
1793.522
1793.714
1793.906
1794.098
1794.29
1794.482
1794.68
1795.068
1795.456
1795.844
1796.232
1796.62
1797.008
1797.396
1797.784
1798.172
1798.56
1798.948
1799.336
1799.724
1800.112
1800.5
1800.888
1801.27
1801.55
1801.83
1802.11
1802.389
1802.668
1802.947
1803.226
1803.506
1803.786
1804.066
1804.346
1804.626
1804.906
1805.186
1805.466
1805.745
1806.024
1806.303
1806.583
1806.86
1807.332
1807.804
1808.276
1808.748
1809.22
1809.692
1810.164
1810.636
1811.108
1811.58
1812.052
1812.524
1812.996
1813.468
1813.94
1814.412
1814.884
1815.356
1815.83
1816.366
1816.902
1817.438
1817.974
1818.51
1819.046
1819.582
1820.118
1820.654
1821.19
1821.726
1822.262
1822.798
1823.33
1823.729
1824.128
1824.527
1824.926
1825.325
1825.724
1826.123
1826.522
1826.921
1827.32
1827.719
1828.118
1828.517
1828.916
1829.315
1829.714
1830.113
1830.512
1830.91
1831.166
1831.422
1831.678
1831.934
1832.19
1832.446
1832.702
1832.958
1833.214
1833.47
1833.726
1833.982
1834.238
1834.494
1834.75
1835.006
1835.262
1835.518
1835.78
1836.048
1836.316
1836.584
1836.852
1837.12
1837.388
1837.656
1837.924
1838.192
1838.46
1838.728
1838.996
1839.264
1839.532
1839.8
1840.068
1840.336
1840.604
1840.872
1841.14
1841.44
1841.74
1842.04
1842.34
1842.64
1842.94
1843.24
1843.54
1843.84
1844.14
1844.44
1844.74
1845.04
1845.34
1845.64
1845.94
1846.24
1846.54
1846.84
1847.269
1847.698
1848.127
1848.556
1848.985
1849.414
1849.843
1850.272
1850.701
1851.13
1851.559
1851.988
1852.417
1852.846
1853.275
1853.71
1853.947
1854.183
1854.419
1854.656
1854.892
1855.129
1855.365
1855.601
1855.838
1856.074
1856.311
1856.547
1856.784
1857.021
1857.257
1857.494
1857.73
1857.966
1858.202
1858.44
1858.686
1858.932
1859.178
1859.424
1859.67
1859.916
1860.162
1860.408
1860.654
1860.9
1861.146
1861.392
1861.638
1861.884
1862.13
1862.376
1862.622
1862.868
1863.12
1863.575
1864.03
1864.485
1864.94
1865.395
1865.85
1866.305
1866.76
1867.215
1867.67
1868.125
1868.58
1869.035
1869.49
1869.945
1870.4
1870.855
1871.31
1871.77
1872.016
1872.262
1872.508
1872.754
1873.0
1873.246
1873.492
1873.738
1873.984
1874.23
1874.476
1874.722
1874.968
1875.214
1875.46
1875.706
1875.952
1876.19
1876.446
1876.702
1876.958
1877.214
1877.47
1877.726
1877.982
1878.238
1878.494
1878.75
1879.006
1879.262
1879.518
1879.774
1880.03
1880.28
1880.991
1881.702
1882.413
1883.124
1883.835
1884.546
1885.257
1885.968
1886.679
1887.39
1887.844
1888.298
1888.752
1889.206
1889.66
1890.114
1890.568
1891.022
1891.476
1891.93
1892.384
1892.838
1893.292
1893.746
1894.2
1894.65
1895.096
1895.542
1895.988
1896.434
1896.88
1897.326
1897.772
1898.218
1898.664
1899.11
1899.556
1900.002
1900.448
1900.894
1901.34
1901.786
1902.24
1902.848
1903.456
1904.064
1904.672
1905.28
1905.888
1906.496
1907.104
1907.712
1908.32
1908.928
1909.536
1910.144
1910.752
1911.36
1911.968
1912.576
1913.184
1913.8
1914.395
1914.99
1915.585
1916.18
1916.775
1917.37
1917.965
1918.56
1919.155
1919.75
1920.345
1920.94
1921.535
1922.13
1922.725
1923.32
1923.915
1924.51
1924.852
1925.194
1925.536
1925.878
1926.22
1926.562
1926.904
1927.246
1927.588
1927.93
1928.272
1928.614
1928.956
1929.298
1929.64
1929.982
1930.324
1930.67
1931.18
1931.69
1932.2
1932.71
1933.22
1933.73
1934.24
1934.75
1935.26
1935.77
1936.28
1936.79
1937.3
1937.81
1938.32
1938.83
1939.34
1939.85
1940.38
1940.91
1941.44
1941.97
1942.5
1943.03
1943.56
1944.09
1944.62
1945.15
1945.68
1946.21
1946.445
1946.68
1946.915
1947.15
1947.385
1947.62
1947.855
1948.09
1948.325
1948.56
1948.795
1949.03
1949.265
1949.5
1949.735
1949.97
1950.478
1950.986
1951.494
1952.002
1952.51
1953.018
1953.526
1954.034
1954.542
1955.05
1955.558
1956.066
1956.574
1957.082
1957.59
1958.098
1958.6
1959.271
1959.942
1960.613
1961.284
1961.955
1962.626
1963.297
1963.968
1964.639
1965.31
1965.981
1966.652
1967.323
1967.994
1968.66
1969.049
1969.438
1969.827
1970.216
1970.605
1970.994
1971.383
1971.772
1972.161
1972.55
1972.939
1973.328
1973.717
1974.106
1974.495
1974.884
1975.273
1975.67
1975.877
1976.084
1976.291
1976.498
1976.705
1976.912
1977.119
1977.326
1977.533
1977.74
1977.947
1978.154
1978.361
1978.568
1978.775
1978.982
1979.189
1979.396
1979.603
1979.81
1980.479
1981.148
1981.817
1982.486
1983.155
1983.824
1984.493
1985.162
1985.831
1986.5
1987.169
1987.838
1988.507
1989.176
1989.85
1990.314
1990.778
1991.242
1991.706
1992.17
1992.634
1993.098
1993.562
1994.026
1994.49
1994.954
1995.418
1995.882
1996.346
1996.81
1997.274
1997.738
1998.202
1998.666
1999.121
1999.339
1999.557
1999.775
1999.993
2000.211
2000.429
2000.647
2000.865
2001.083
2001.301
2001.519
2001.737
2001.955
2002.173
2002.391
2002.609
2002.827
2003.04
2004.243
2005.446
2006.649
2007.852
2009.055
2010.258
2011.461
2012.664
2013.867
2015.07
2016.273
2017.476
2018.679
2019.882
2021.085
2022.288
2023.491
2024.694
2025.89
2026.071
2026.252
2026.433
2026.614
2026.795
2026.976
2027.157
2027.338
2027.519
2027.7
2027.881
2028.062
2028.243
2028.424
2028.605
2028.786
2028.96
2029.242
2029.524
2029.806
2030.088
2030.37
2030.652
2030.934
2031.216
2031.498
2031.78
2032.062
2032.344
2032.626
2032.908
2033.19
2033.472
2033.754
2034.03
2035.295
2036.56
2037.825
2039.09
2040.355
2041.62
2042.885
2044.15
2045.415
2046.68
2047.945
2049.21
2050.475
2051.74
2053.005
2054.27
2055.535
2056.8
2058.07
2058.811
2059.552
2060.293
2061.034
2061.775
2062.516
2063.257
2063.998
2064.739
2065.48
2066.221
2066.962
2067.703
2068.45
2068.721
2068.992
2069.263
2069.534
2069.805
2070.076
2070.347
2070.618
2070.889
2071.16
2071.431
2071.702
2071.973
2072.244
2072.515
2072.786
2073.06
2073.434
2073.808
2074.182
2074.556
2074.93
2075.304
2075.678
2076.052
2076.426
2076.8
2077.174
2077.548
2077.922
2078.296
2078.67
2079.044
2079.418
2079.79
2080.641
2081.492
2082.343
2083.194
2084.045
2084.896
2085.747
2086.598
2087.449
2088.3
2089.151
2090.002
2090.853
2091.7
2092.331
2092.962
2093.593
2094.224
2094.855
2095.486
2096.117
2096.748
2097.379
2098.01
2098.641
2099.272
2099.903
2100.534
2101.165
2101.796
2102.427
2103.05
2103.517
2103.984
2104.451
2104.918
2105.385
2105.852
2106.319
2106.786
2107.253
2107.72
2108.187
2108.654
2109.121
2109.588
2110.055
2110.52
2110.893
2111.266
2111.639
2112.012
2112.385
2112.758
2113.131
2113.504
2113.877
2114.25
2114.623
2114.996
2115.369
2115.742
2116.115
2116.488
2116.861
2117.234
2117.607
2117.98
2118.353
2118.73
2118.99
2119.25
2119.51
2119.77
2120.03
2120.29
2120.55
2120.81
2121.07
2121.33
2121.59
2121.85
2122.11
2122.37
2122.63
2122.89
2123.15
2123.41
2123.67
2123.93
2124.19
2124.46
2125.303
2126.146
2126.989
2127.832
2128.675
2129.518
2130.361
2131.204
2132.047
2132.89
2133.733
2134.576
2135.419
2136.262
2137.109
2137.357
2137.605
2137.853
2138.101
2138.349
2138.597
2138.845
2139.093
2139.341
2139.589
2139.837
2140.085
2140.333
2140.581
2140.829
2141.077
2141.325
2141.573
2141.821
2142.069
2142.309
2142.676
2143.043
2143.41
2143.777
2144.144
2144.511
2144.878
2145.245
2145.612
2145.979
2146.346
2146.713
2147.08
2147.447
2147.814
2148.181
2148.548
2148.915
2149.282
2149.649
2150.019
2150.621
2151.223
2151.825
2152.427
2153.029
2153.631
2154.233
2154.835
2155.437
2156.039
2156.641
2157.24
2157.682
2158.124
2158.566
2159.008
2159.45
2159.892
2160.334
2160.776
2161.218
2161.66
2162.102
2162.544
2162.986
2163.428
2163.87
2164.312
2164.754
2165.196
2165.638
2166.089
2166.763
2167.437
2168.111
2168.785
2169.459
2170.133
2170.807
2171.481
2172.155
2172.829
2173.503
2174.177
2174.851
2175.525
2176.2
2176.533
2176.866
2177.2
2177.461
2177.722
2177.983
2178.244
2178.505
2178.766
2179.027
2179.288
2179.549
2179.81
2180.071
2180.332
2180.593
2180.854
2181.115
2181.376
2181.637
2181.898
2182.159
2182.411
2182.763
2183.115
2183.467
2183.819
2184.171
2184.523
2184.875
2185.227
2185.579
2185.931
2186.283
2186.635
2186.987
2187.339
2187.691
2188.043
2188.395
2188.747
2189.099
2189.537
2189.975
2190.413
2190.851
2191.289
2191.727
2192.165
2192.603
2193.041
2193.479
2193.917
2194.355
2194.793
2195.231
2195.669
2196.107
2196.545
2196.983
2197.42
2197.685
2197.95
2198.215
2198.48
2198.745
2199.01
2199.275
2199.54
2199.805
2200.07
2200.335
2200.6
2200.865
2201.13
2201.395
2201.66
2201.925
2202.19
2202.46
2202.737
2203.014
2203.291
2203.568
2203.845
2204.122
2204.399
2204.676
2204.953
2205.23
2205.507
2205.784
2206.061
2206.338
2206.615
2206.892
2207.161
2207.434
2207.707
2207.98
2208.253
2208.526
2208.799
2209.072
2209.345
2209.618
2209.891
2210.164
2210.437
2210.71
2210.983
2211.256
2211.529
2211.802
2212.075
2212.348
2212.619
2212.995
2213.371
2213.747
2214.123
2214.499
2214.875
2215.251
2215.627
2216.003
2216.379
2216.755
2217.131
2217.507
2217.883
2218.259
2218.635
2219.011
2219.387
2219.77
2220.02
2220.27
2220.52
2220.77
2221.02
2221.27
2221.52
2221.77
2222.02
2222.27
2222.52
2222.77
2223.02
2223.27
2223.52
2223.77
2224.02
2224.27
2224.52
2224.77
2225.029
2225.223
2225.417
2225.611
2225.805
2225.999
2226.193
2226.387
2226.581
2226.775
2226.969
2227.163
2227.357
2227.551
2227.745
2227.939
2228.133
2228.327
2228.521
2228.715
2228.909
2229.099
2229.356
2229.613
2229.87
2230.127
2230.384
2230.641
2230.898
2231.155
2231.412
2231.669
2231.926
2232.183
2232.44
2232.697
2232.954
2233.211
2233.468
2233.725
2233.982
2234.239
2234.49
2234.756
2235.022
2235.288
2235.554
2235.82
2236.086
2236.352
2236.618
2236.884
2237.15
2237.416
2237.682
2237.948
2238.214
2238.48
2238.746
2239.012
2239.278
2239.544
2239.81
2240.079
2240.404
2240.729
2241.054
2241.379
2241.704
2242.029
2242.354
2242.679
2243.004
2243.329
2243.654
2243.979
2244.304
2244.629
2244.954
2245.279
2245.604
2245.929
2246.25
2246.615
2246.98
2247.345
2247.71
2248.075
2248.44
2248.805
2249.17
2249.535
2249.9
2250.265
2250.63
2250.995
2251.36
2251.726
2252.091
2252.456
2252.822
2253.188
2253.56
2253.873
2254.186
2254.499
2254.812
2255.125
2255.438
2255.751
2256.064
2256.377
2256.69
2257.003
2257.316
2257.629
2257.942
2258.255
2258.569
2258.865
2259.161
2259.457
2259.753
2260.049
2260.345
2260.641
2260.937
2261.233
2261.529
2261.825
2262.121
2262.417
2262.713
2263.009
2263.305
2263.601
2263.897
2264.19
2264.533
2264.876
2265.219
2265.562
2265.905
2266.248
2266.591
2266.934
2267.277
2267.62
2267.963
2268.306
2268.649
2268.992
2269.335
2269.678
2270.021
2270.369
2270.886
2271.403
2271.92
2272.437
2272.954
2273.471
2273.988
2274.505
2275.022
2275.539
2276.056
2276.573
2277.09
2281.75
2286.41
2291.069
2291.337
2291.605
2291.873
2292.141
2292.409
2292.677
2292.945
2293.213
2293.481
2293.749
2294.017
2294.285
2294.553
2294.821
2295.089
2295.35
2295.627
2295.904
2296.181
2296.458
2296.735
2297.012
2297.289
2297.566
2297.843
2298.12
2298.397
2298.674
2298.951
2299.228
2299.505
2299.782
2300.059
2300.268
2300.477
2300.686
2300.895
2301.104
2301.313
2301.522
2301.731
2301.94
2302.149
2302.358
2302.567
2302.776
2302.985
2303.194
2303.403
2303.612
2303.821
2304.03
2304.23
2304.827
2305.424
2306.021
2306.618
2307.215
2307.812
2308.409
2309.006
2309.603
2310.2
2310.797
2311.394
2311.991
2312.588
2313.185
2313.782
2314.379
2314.98
2315.329
2315.678
2316.027
2316.376
2316.725
2317.074
2317.423
2317.772
2318.121
2318.47
2318.819
2319.168
2319.517
2319.866
2320.215
2320.564
2320.913
2321.262
2321.611
2321.96
2322.203
2322.446
2322.689
2322.932
2323.175
2323.418
2323.661
2323.904
2324.147
2324.39
2324.633
2324.876
2325.119
2325.362
2325.605
2325.848
2326.091
2326.334
2326.569
2327.15
2327.731
2328.312
2328.893
2329.474
2330.055
2330.636
2331.217
2331.798
2332.379
2332.96
2333.541
2334.122
2334.703
2335.284
2335.865
2336.446
2337.027
2337.609
2338.607
2339.605
2340.603
2341.601
2342.599
2343.597
2344.595
2345.593
2346.591
2347.589
2348.587
2349.585
2350.579
2351.298
2352.017
2352.736
2353.455
2354.174
2354.893
2355.612
2356.331
2357.05
2357.769
2358.488
2359.207
2359.926
2360.645
2361.37
2361.834
2362.298
2362.762
2363.226
2363.69
2364.154
2364.618
2365.082
2365.546
2366.01
2366.474
2366.938
2367.402
2367.866
2368.33
2368.794
2369.258
2369.72
2370.135
2370.55
2370.965
2371.38
2371.795
2372.21
2372.625
2373.04
2373.455
2373.87
2374.285
2374.7
2375.115
2375.53
2375.945
2376.36
2376.775
2377.19
2377.448
2377.706
2377.964
2378.222
2378.48
2378.738
2378.996
2379.254
2379.512
2379.77
2380.028
2380.286
2380.544
2380.802
2381.06
2381.318
2381.576
2381.834
2382.099
2382.573
2383.047
2383.521
2383.995
2384.469
2384.943
2385.417
2385.891
2386.365
2386.839
2387.313
2387.787
2388.261
2388.735
2389.209
2389.683
2390.157
2390.631
2391.099
2391.487
2391.875
2392.263
2392.651
2393.039
2393.427
2393.815
2394.203
2394.591
2394.979
2395.367
2395.755
2396.143
2396.531
2396.919
2397.307
2397.7
2398.016
2398.332
2398.648
2398.964
2399.28
2399.596
2399.912
2400.228
2400.544
2400.86
2401.176
2401.492
2401.808
2402.124
2402.44
2402.756
2403.072
2403.388
2403.704
2404.02
2404.339
2404.754
2405.169
2405.584
2405.999
2406.414
2406.829
2407.244
2407.659
2408.074
2408.489
2408.904
2409.319
2409.734
2410.149
2410.564
2410.98
2411.37
2411.76
2412.15
2412.54
2412.93
2413.32
2413.71
2414.1
2414.49
2414.88
2415.27
2415.66
2416.05
2416.44
2416.83
2417.22
2417.61
2418.0
2418.376
2418.752
2419.128
2419.504
2419.88
2420.256
2420.632
2421.008
2421.384
2421.76
2422.136
2422.512
2422.888
2423.264
2423.64
2424.016
2424.392
2424.768
2425.14
2425.45
2425.76
2426.07
2426.38
2426.69
2427.0
2427.31
2427.62
2427.93
2428.24
2428.55
2428.86
2429.17
2429.48
2429.79
2430.099
2430.696
2431.293
2431.89
2432.487
2433.084
2433.681
2434.278
2434.875
2435.472
2436.069
2436.666
2437.263
2437.86
2438.457
2439.054
2439.65
2440.369
2441.088
2441.807
2442.526
2443.245
2443.964
2444.683
2445.402
2446.121
2446.84
2447.559
2448.278
2448.997
2449.716
2450.435
2451.154
2451.869
2452.322
2452.775
2453.228
2453.681
2454.134
2454.587
2455.04
2455.493
2455.946
2456.399
2456.852
2457.305
2457.758
2458.211
2458.664
2459.117
2459.57
2460.03
2460.473
2460.916
2461.359
2461.802
2462.245
2462.688
2463.131
2463.574
2464.017
2464.46
2464.903
2465.346
2465.789
2466.232
2466.675
2467.118
2467.561
2468.004
2468.44
2469.24
2470.04
2470.392
2470.744
2471.096
2471.448
2471.8
2472.152
2472.504
2472.856
2473.208
2473.56
2473.912
2474.264
2474.616
2474.968
2475.32
2475.672
2476.029
2476.478
2476.927
2477.376
2477.825
2478.274
2478.723
2479.172
2479.621
2480.07
2480.519
2480.968
2481.417
2481.866
2482.315
2482.764
2483.213
2483.67
2483.926
2484.182
2484.438
2484.694
2484.95
2485.206
2485.462
2485.718
2485.974
2486.23
2486.486
2486.742
2486.998
2487.254
2487.51
2487.766
2488.022
2488.279
2488.489
2488.699
2488.909
2489.119
2489.329
2489.539
2489.749
2489.959
2490.169
2490.379
2490.589
2490.799
2491.009
2491.219
2491.429
2491.639
2491.849
2492.059
2492.27
2492.82
2493.37
2493.92
2494.47
2495.02
2495.57
2496.12
2496.67
2497.22
2497.77
2498.32
2498.87
2499.42
2499.97
2500.52
2501.07
2501.619
2501.862
2502.105
2502.348
2502.591
2502.834
2503.077
2503.32
2503.563
2503.806
2504.049
2504.292
2504.535
2504.778
2505.021
2505.264
2505.507
2505.75
2505.999
2506.628
2507.257
2507.886
2508.515
2509.144
2509.773
2510.402
2511.031
2511.66
2512.289
2512.918
2513.547
2514.176
2514.805
2515.434
2516.06
2516.347
2516.635
2516.923
2517.21
2517.497
2517.784
2518.072
2518.36
2518.648
2518.936
2519.224
2519.512
2519.8
2520.088
2520.376
2520.66
2520.979
2521.298
2521.617
2521.936
2522.255
2522.574
2522.893
2523.212
2523.531
2523.85
2524.169
2524.488
2524.807
2525.126
2525.445
2525.764
2526.079
2530.734
2535.389
2540.044
2544.7
2544.929
2545.158
2545.387
2545.616
2545.845
2546.074
2546.303
2546.532
2546.761
2546.99
2547.219
2547.448
2547.677
2547.906
2548.135
2548.364
2548.593
2548.822
2549.059
2549.549
2550.039
2550.529
2551.019
2551.509
2551.999
2552.489
2552.979
2553.469
2553.959
2554.449
2554.939
2555.429
2555.919
2556.409
2556.899
2557.39
2557.681
2557.972
2558.263
2558.554
2558.845
2559.136
2559.427
2559.718
2560.009
2560.3
2560.591
2560.882
2561.173
2561.464
2561.755
2562.046
2562.337
2562.628
2562.91
2563.235
2563.56
2563.885
2564.21
2564.535
2564.86
2565.185
2565.51
2565.835
2566.16
2566.485
2566.81
2567.135
2567.46
2567.785
2568.11
2568.44
2568.812
2569.184
2569.557
2569.929
2570.302
2570.675
2571.048
2571.42
2571.793
2572.166
2572.539
2572.912
2573.284
2573.657
2574.03
2574.4
2574.813
2575.226
2575.639
2576.052
2576.465
2576.878
2577.289
2577.557
2577.825
2578.093
2578.361
2578.629
2578.897
2579.165
2579.433
2579.701
2579.969
2580.237
2580.505
2580.773
2581.041
2581.309
2581.577
2581.849
2582.258
2582.667
2583.076
2583.485
2583.894
2584.303
2584.712
2585.121
2585.53
2585.939
2586.348
2586.757
2587.166
2587.575
2587.984
2588.39
2588.721
2589.052
2589.383
2589.714
2590.045
2590.376
2590.707
2591.038
2591.369
2591.7
2592.031
2592.362
2592.693
2593.024
2593.355
2593.686
2594.019
2594.239
2594.459
2594.679
2594.899
2595.119
2595.339
2595.559
2595.779
2595.999
2596.219
2596.439
2596.659
2596.879
2597.099
2597.319
2597.539
2597.759
2597.98
2599.359
2600.738
2602.117
2603.496
2604.875
2606.254
2607.633
2609.012
2610.391
2611.77
2613.149
2614.529
2615.201
2615.873
2616.545
2617.217
2617.889
2618.561
2619.233
2619.905
2620.577
2621.249
2621.921
2622.593
2623.265
2623.937
2624.609
2625.281
2625.953
2626.625
2627.297
2627.969
2628.64
2629.126
2629.612
2630.098
2630.584
2631.07
2631.556
2632.042
2632.528
2633.014
2633.5
2633.986
2634.472
2634.958
2635.444
2635.93
2636.416
2636.902
2637.388
2637.874
2638.369
2638.694
2639.019
2639.344
2639.669
2639.994
2640.319
2640.644
2640.969
2641.294
2641.619
2641.944
2642.269
2642.594
2642.919
2643.244
2643.569
2643.89
2644.501
2645.112
2645.723
2646.334
2646.945
2647.556
2648.167
2648.778
2649.389
2650.0
2650.611
2651.222
2651.833
2652.444
2653.055
2653.67
2654.104
2654.538
2654.972
2655.406
2655.84
2656.274
2656.708
2657.142
2657.576
2658.01
2658.444
2658.878
2659.312
2659.746
2660.18
2660.614
2661.048
2661.48
2661.987
2662.494
2663.001
2663.508
2664.015
2664.522
2665.029
2665.536
2666.043
2666.55
2667.057
2667.564
2668.071
2668.578
2669.079
2669.509
2669.939
2670.369
2670.799
2671.229
2671.659
2672.089
2672.519
2672.949
2673.379
2673.809
2674.239
2674.669
2675.099
2675.529
2675.959
2676.389
2676.819
2677.249
2677.679
2678.109
2678.539
2678.969
2679.39
2679.843
2680.296
2680.749
2681.202
2681.655
2682.108
2682.561
2683.014
2683.467
2683.92
2684.373
2684.826
2685.279
2685.732
2686.185
2686.638
2687.089
2687.457
2687.825
2688.193
2688.561
2688.929
2689.297
2689.665
2690.033
2690.401
2690.769
2691.137
2691.505
2691.873
2692.241
2692.609
2693.028
2693.447
2693.866
2694.285
2694.704
2695.123
2695.542
2695.961
2696.38
2696.799
2697.218
2697.637
2698.056
2698.475
2698.894
2699.313
2699.732
2700.15
2700.449
2700.748
2701.047
2701.346
2701.645
2701.944
2702.243
2702.542
2702.841
2703.14
2703.439
2703.738
2704.037
2704.336
2704.635
2704.94
2705.357
2705.774
2706.191
2706.608
2707.025
2707.442
2707.859
2708.276
2708.693
2709.11
2709.527
2709.944
2710.361
2710.778
2711.19
2711.866
2712.542
2713.218
2713.894
2714.57
2715.246
2715.922
2716.598
2717.274
2717.95
2718.626
2719.302
2719.978
2720.654
2721.33
2722.006
2722.68
2723.056
2723.432
2723.808
2724.184
2724.56
2724.936
2725.312
2725.688
2726.064
2726.44
2726.816
2727.192
2727.568
2727.944
2728.32
2728.696
2729.072
2729.44
2729.811
2730.182
2730.553
2730.924
2731.295
2731.666
2732.037
2732.408
2732.779
2733.15
2733.521
2733.892
2734.263
2734.634
2735.009
2735.695
2736.38
2736.651
2736.922
2737.193
2737.464
2737.735
2738.006
2738.277
2738.548
2738.819
2739.09
2739.361
2739.632
2739.903
2740.174
2740.445
2740.716
2740.981
2741.254
2741.527
2741.8
2742.073
2742.346
2742.619
2742.892
2743.165
2743.438
2743.711
2743.984
2744.257
2744.53
2744.803
2745.076
2745.349
2745.622
2745.895
2746.161
2746.53
2746.899
2747.268
2747.637
2748.006
2748.375
2748.744
2749.113
2749.482
2749.851
2750.22
2750.589
2750.958
2751.327
2751.696
2752.065
2752.434
2752.803
2753.17
2753.518
2753.866
2754.214
2754.562
2754.91
2755.258
2755.606
2755.954
2756.302
2756.65
2756.998
2757.346
2757.694
2758.042
2758.39
2758.738
2759.079
2759.705
2760.331
2760.957
2761.583
2762.209
2762.835
2763.461
2764.087
2764.713
2765.339
2765.965
2766.591
2767.217
2767.843
2768.469
2769.095
2769.72
2770.116
2770.512
2770.908
2771.304
2771.7
2772.096
2772.492
2772.888
2773.284
2773.68
2774.076
2774.472
2774.868
2775.264
2775.66
2776.056
2776.46
2776.704
2776.948
2777.192
2777.436
2777.68
2777.924
2778.168
2778.412
2778.656
2778.9
2779.144
2779.388
2779.632
2779.876
2780.12
2780.369
2780.669
2780.969
2781.269
2781.569
2781.869
2782.169
2782.469
2782.769
2783.069
2783.369
2783.669
2783.969
2784.269
2784.569
2784.869
2785.169
2785.469
2785.769
2786.069
2786.369
2786.813
2787.257
2787.701
2788.145
2788.589
2789.033
2789.477
2789.921
2790.365
2790.809
2791.253
2791.697
2792.141
2792.585
2793.029
2793.473
2793.917
2794.361
2794.805
2795.24
2795.642
2796.044
2796.446
2796.848
2797.25
2797.652
2798.054
2798.456
2798.858
2799.26
2799.662
2800.064
2800.466
2800.868
2801.27
2801.672
2802.074
2802.476
2802.878
2803.28
2803.735
2804.19
2804.645
2805.1
2805.555
2806.01
2806.465
2806.92
2807.375
2807.83
2808.285
2808.74
2809.195
2809.65
2810.105
2810.56
2811.015
2811.47
2811.92
2812.151
2812.381
2812.611
2812.841
2813.072
2813.303
2813.534
2813.765
2813.995
2814.226
2814.457
2814.688
2814.919
2815.149
2815.38
2815.611
2815.841
2816.072
2816.303
2816.53
2816.973
2817.416
2817.859
2818.302
2818.745
2819.188
2819.631
2820.074
2820.517
2820.96
2821.403
2821.846
2822.289
2822.732
2823.175
2823.618
2824.059
2824.585
2825.111
2825.637
2826.163
2826.689
2827.215
2827.741
2828.267
2828.793
2829.319
2829.845
2830.371
2830.897
2831.423
2831.949
2832.47
2832.738
2833.006
2833.274
2833.542
2833.81
2834.078
2834.346
2834.614
2834.882
2835.15
2835.418
2835.686
2835.954
2836.222
2836.49
2836.758
2837.03
2837.125
2837.22
2837.315
2837.41
2837.505
2837.6
2837.695
2837.79
2837.885
2837.98
2838.075
2838.17
2838.265
2838.36
2838.455
2838.55
2838.64
2839.259
2839.878
2840.497
2841.116
2841.735
2842.354
2842.973
2843.592
2844.211
2844.83
2845.449
2846.068
2846.687
2847.306
2847.93
2848.304
2848.678
2849.052
2849.426
2849.8
2850.174
2850.548
2850.922
2851.296
2851.67
2852.044
2852.418
2852.792
2853.166
2853.539
2854.254
2854.969
2855.684
2856.399
2857.114
2857.829
2858.544
2859.259
2859.974
2860.689
2861.404
2862.119
2862.834
2863.549
2864.264
2864.979
2865.69
2865.943
2866.196
2866.449
2866.702
2866.955
2867.208
2867.461
2867.714
2867.967
2868.22
2868.473
2868.726
2868.979
2869.232
2869.48
2869.989
2870.498
2871.007
2871.516
2872.025
2872.534
2873.043
2873.552
2874.061
2874.57
2875.079
2875.588
2876.097
2876.606
2877.109
2877.518
2877.927
2878.336
2878.745
2879.154
2879.563
2879.972
2880.381
2880.79
2881.199
2881.608
2882.017
2882.426
2882.835
2883.244
2883.653
2884.062
2884.47
2885.069
2885.668
2886.267
2886.866
2887.465
2888.064
2888.663
2889.262
2889.861
2890.46
2891.059
2891.658
2892.257
2892.856
2893.46
2893.811
2894.162
2894.513
2894.864
2895.215
2895.566
2895.917
2896.268
2896.619
2896.97
2897.321
2897.672
2898.023
2898.374
2898.725
2899.07
2899.387
2899.704
2900.021
2900.338
2900.655
2900.972
2901.289
2901.606
2901.923
2902.24
2902.557
2902.874
2903.191
2903.508
2903.825
2904.14
2904.672
2905.204
2905.736
2906.268
2906.8
2907.332
2907.864
2908.396
2908.928
2909.46
2909.992
2910.524
2911.056
2911.588
2912.12
2912.652
2913.184
2913.716
2914.239
2914.546
2914.853
2915.16
2915.467
2915.774
2916.081
2916.388
2916.695
2917.002
2917.309
2917.616
2917.923
2918.23
2918.537
2918.844
2919.151
2919.458
2919.765
2920.069
2920.286
2920.503
2920.72
2920.937
2921.154
2921.371
2921.588
2921.805
2922.022
2922.239
2922.456
2922.673
2922.89
2923.107
2923.324
2923.541
2923.758
2923.975
2924.19
2924.527
2924.864
2925.201
2925.538
2925.875
2926.212
2926.549
2926.886
2927.223
2927.56
2927.897
2928.234
2928.571
2928.908
2929.245
2929.582
2929.919
2930.249
2930.561
2930.873
2931.185
2931.497
2931.809
2932.121
2932.433
2932.745
2933.057
2933.369
2933.681
2933.993
2934.305
2934.617
2934.929
2935.241
2935.549
2935.828
2936.107
2936.386
2936.665
2936.944
2937.223
2937.502
2937.781
2938.06
2938.339
2938.618
2938.897
2939.176
2939.455
2939.734
2940.013
2940.292
2940.569
2940.96
2941.351
2941.742
2942.133
2942.524
2942.915
2943.306
2943.697
2944.088
2944.479
2944.87
2945.261
2945.652
2946.043
2946.434
2946.825
2947.216
2947.599
2948.07
2948.541
2949.012
2949.483
2949.954
2950.425
2950.896
2951.367
2951.838
2952.309
2952.78
2953.251
2953.722
2954.193
2954.664
2955.135
2955.606
2956.077
2956.548
2957.009
2957.405
2957.801
2958.197
2958.593
2958.989
2959.385
2959.781
2960.177
2960.573
2960.969
2961.365
2961.761
2962.157
2962.553
2962.949
2963.345
2963.741
2964.137
2964.533
2964.929
2965.325
2965.73
2966.225
2966.72
2967.215
2967.71
2968.205
2968.7
2969.195
2969.69
2970.185
2970.68
2971.175
2971.67
2972.165
2972.66
2973.16
2973.403
2973.646
2973.889
2974.132
2974.375
2974.618
2974.861
2975.104
2975.347
2975.59
2975.833
2976.076
2976.319
2976.562
2976.805
2977.048
2977.289
2977.613
2977.937
2978.261
2978.585
2978.909
2979.233
2979.557
2979.881
2980.205
2980.529
2980.853
2981.177
2981.501
2981.825
2982.149
2982.473
2982.789
2983.391
2983.993
2984.595
2985.197
2985.799
2986.401
2987.003
2987.605
2988.207
2988.809
2989.411
2990.013
2990.615
2991.217
2991.819
2992.421
2993.029
2993.319
2993.609
2993.899
2994.189
2994.479
2994.769
2995.059
2995.349
2995.639
2995.929
2996.219
2996.509
2996.799
2997.089
2997.379
2997.669
2997.959
2998.249
2998.556
2998.863
2999.17
2999.477
2999.784
3000.091
3000.398
3000.705
3001.012
3001.319
3001.626
3001.933
3002.24
3002.549
3002.806
3003.063
3003.32
3003.577
3003.834
3004.091
3004.348
3004.605
3004.862
3005.119
3005.376
3005.633
3005.89
3006.147
3006.404
3006.661
3006.92
3007.155
3007.39
3007.625
3007.86
3008.095
3008.33
3008.565
3008.8
3009.035
3009.27
3009.505
3009.74
3009.975
3010.21
3010.445
3010.68
3010.915
3011.15
3012.159
3013.168
3014.177
3015.186
3016.195
3017.204
3018.213
3019.222
3020.23
3021.137
3022.044
3022.951
3023.858
3024.765
3025.672
3026.579
3027.486
3028.393
3029.3
3030.207
3031.114
3032.021
3032.928
3033.835
3034.742
3035.649
3036.556
3037.47
3038.128
3038.786
3039.444
3040.102
3040.76
3041.418
3042.076
3042.734
3043.392
3044.05
3044.708
3045.366
3046.024
3046.682
3047.34
3047.998
3048.66
3049.046
3049.432
3049.818
3050.204
3050.59
3050.976
3051.362
3051.748
3052.134
3052.52
3052.906
3053.292
3053.678
3054.064
3054.45
3054.836
3055.222
3055.608
3056.0
3056.696
3057.392
3058.088
3058.784
3059.48
3060.176
3060.872
3061.568
3062.264
3062.96
3063.656
3064.352
3065.048
3065.744
3066.44
3067.136
3067.832
3068.53
3068.949
3069.368
3069.787
3070.206
3070.625
3071.044
3071.463
3071.882
3072.301
3072.72
3073.139
3073.558
3073.977
3074.396
3074.815
3075.234
3075.653
3076.079
3076.553
3077.027
3077.501
3077.975
3078.449
3078.923
3079.397
3079.871
3080.345
3080.819
3081.293
3081.767
3082.241
3082.715
3083.189
3083.663
3084.137
3084.611
3085.085
3085.559
3085.857
3086.155
3086.453
3086.751
3087.049
3087.347
3087.645
3087.943
3088.241
3088.539
3088.837
3089.135
3089.433
3089.731
3090.029
3090.327
3090.625
3090.923
3091.221
3091.51
3091.942
3092.374
3092.806
3093.238
3093.67
3094.102
3094.534
3094.966
3095.398
3095.83
3096.262
3096.694
3097.126
3097.558
3097.99
3098.422
3098.849
3099.287
3099.725
3100.163
3100.601
3101.039
3101.788
3102.537
3103.286
3104.035
3104.784
3105.533
3106.282
3107.031
3107.78
3108.529
3109.278
3110.027
3110.776
3111.525
3112.274
3113.02
3113.322
3113.624
3113.926
3114.228
3114.53
3114.832
3115.134
3115.436
3115.738
3116.04
3116.342
3116.644
3116.946
3117.248
3117.55
3117.849
3118.345
3118.841
3119.337
3119.833
3120.329
3120.825
3121.321
3121.817
3122.313
3122.809
3123.305
3123.801
3124.297
3124.793
3125.289
3125.785
3126.281
3126.779
3126.986
3127.193
3127.4
3127.607
3127.814
3128.021
3128.228
3128.435
3128.642
3128.849
3129.056
3129.263
3129.47
3129.677
3129.884
3130.091
3130.298
3130.5
3131.143
3131.786
3132.429
3133.072
3133.715
3134.358
3135.001
3135.644
3136.287
3136.93
3137.573
3138.216
3138.859
3139.502
3140.145
3140.788
3141.43
3141.888
3142.346
3142.804
3143.262
3143.72
3144.178
3144.636
3145.094
3145.552
3146.01
3146.468
3146.926
3147.384
3147.842
3148.3
3148.758
3149.216
3149.68
3150.135
3150.59
3151.045
3151.5
3151.955
3152.41
3152.865
3153.32
3153.775
3154.23
3154.685
3155.14
3155.595
3156.05
3156.505
3156.96
3157.361
3157.762
3158.163
3158.564
3158.965
3159.366
3159.767
3160.168
3160.569
3160.97
3161.371
3161.772
3162.173
3162.574
3162.975
3163.369
3164.445
3165.521
3166.597
3167.673
3168.749
3169.825
3170.901
3171.977
3173.053
3174.129
3175.205
3176.281
3177.357
3178.43
3178.679
3178.928
3179.177
3179.426
3179.675
3179.924
3180.173
3180.422
3180.671
3180.92
3181.169
3181.418
3181.667
3181.916
3182.17
3182.553
3182.936
3183.319
3183.702
3184.085
3184.468
3184.851
3185.234
3185.617
3186.0
3186.383
3186.766
3187.149
3187.532
3187.915
3188.298
3188.68
3189.051
3189.422
3189.793
3190.164
3190.535
3190.906
3191.277
3191.648
3192.019
3192.39
3192.761
3193.132
3193.503
3193.874
3194.245
3194.616
3194.98
3195.322
3195.664
3196.006
3196.348
3196.69
3197.032
3197.374
3197.716
3198.058
3198.4
3198.742
3199.084
3199.426
3199.768
3200.11
3200.452
3200.794
3201.13
3201.407
3201.684
3201.961
3202.238
3202.515
3202.792
3203.069
3203.346
3203.619
3203.887
3204.155
3204.423
3204.691
3204.959
3205.227
3205.495
3205.763
3206.031
3206.299
3206.567
3206.835
3207.103
3207.371
3207.639
3207.907
3208.175
3208.443
3208.711
3208.98
3209.311
3209.642
3209.973
3210.304
3210.635
3210.966
3211.297
3211.628
3211.959
3212.29
3212.621
3212.952
3213.283
3213.614
3213.945
3214.269
3214.514
3214.759
3215.004
3215.249
3215.494
3215.739
3215.984
3216.229
3216.474
3216.719
3216.964
3217.209
3217.454
3217.699
3217.944
3218.189
3218.43
3218.524
3218.618
3218.712
3218.806
3218.9
3218.994
3219.088
3219.182
3219.276
3219.37
3219.464
3219.558
3219.652
3219.746
3219.84
3219.934
3220.028
3220.122
3220.21
3221.039
3221.868
3222.697
3223.526
3224.355
3225.184
3226.013
3226.842
3227.671
3228.5
3229.329
3230.158
3230.987
3231.816
3232.645
3233.474
3234.303
3235.132
3235.96
3236.282
3236.604
3236.926
3237.248
3237.57
3237.892
3238.214
3238.536
3238.858
3239.18
3239.502
3239.824
3240.146
3240.468
3240.79
3241.112
3241.434
3241.76
3242.158
3242.556
3242.954
3243.352
3243.75
3244.148
3244.546
3244.944
3245.342
3245.74
3246.138
3246.536
3246.934
3247.332
3247.73
3248.128
3248.526
3248.924
3249.329
3249.642
3249.955
3250.268
3250.581
3250.894
3251.207
3251.52
3251.833
3252.146
3252.459
3252.772
3253.085
3253.398
3253.711
3254.024
3254.337
3254.65
3254.97
3255.197
3255.424
3255.651
3255.878
3256.105
3256.332
3256.559
3256.786
3257.013
3257.24
3257.467
3257.694
3257.921
3258.148
3258.375
3258.602
3258.829
3259.059
3260.144
3261.229
3262.314
3263.399
3264.484
3265.569
3266.654
3267.739
3268.824
3269.909
3270.994
3272.079
3273.164
3274.249
3275.334
3276.419
3277.504
3278.589
3279.67
3279.955
3280.24
3280.525
3280.81
3281.095
3281.38
3281.665
3281.95
3282.235
3282.52
3282.805
3283.09
3283.375
3283.66
3283.945
3284.23
3284.515
3284.8
3285.079
3285.391
3285.703
3286.015
3286.327
3286.639
3286.951
3287.263
3287.575
3287.887
3288.199
3288.511
3288.823
3289.135
3289.447
3289.759
3290.071
3290.39
3290.788
3291.186
3291.584
3291.982
3292.38
3292.778
3293.176
3293.574
3293.972
3294.37
3294.768
3295.166
3295.564
3295.962
3296.36
3296.758
3297.156
3297.559
3298.05
3298.541
3299.032
3299.523
3300.014
3300.505
3300.996
3301.487
3301.978
3302.469
3302.96
3303.451
3303.942
3304.433
3304.924
3305.42
3305.739
3306.058
3306.377
3306.696
3307.015
3307.334
3307.653
3307.972
3308.291
3308.61
3308.929
3309.248
3309.567
3309.886
3310.205
3310.524
3310.843
3311.17
3311.643
3312.116
3312.589
3313.062
3313.535
3314.008
3314.481
3314.954
3315.427
3315.9
3316.373
3316.846
3317.319
3317.792
3318.265
3318.739
3319.117
3319.495
3319.873
3320.251
3320.629
3321.007
3321.385
3321.763
3322.141
3322.519
3322.897
3323.275
3323.653
3324.031
3324.409
3324.787
3325.165
3325.55
3326.404
3327.258
3328.112
3328.966
3329.82
3330.674
3331.528
3332.382
3333.236
3334.09
3334.944
3335.798
3336.652
3337.506
3338.36
3339.214
3340.069
3340.608
3341.147
3341.686
3342.225
3342.764
3343.303
3343.842
3344.381
3344.92
3345.459
3345.998
3346.537
3347.076
3347.615
3348.154
3348.693
3349.232
3349.771
3350.319
3350.822
3351.325
3351.827
3352.33
3352.832
3353.334
3353.836
3354.338
3354.841
3355.343
3355.845
3356.347
3356.85
3357.352
3357.854
3358.356
3358.859
3359.361
3359.863
3360.369
3360.651
3360.933
3361.215
3361.497
3361.779
3362.061
3362.343
3362.625
3362.907
3363.189
3363.471
3363.753
3364.035
3364.317
3364.599
3364.881
3365.163
3365.445
3365.727
3366.019
3366.257
3366.495
3366.733
3366.971
3367.209
3367.447
3367.685
3367.923
3368.161
3368.399
3368.637
3368.875
3369.113
3369.351
3369.589
3369.827
3370.065
3370.31
3370.665
3371.02
3371.375
3371.73
3372.085
3372.44
3372.795
3373.15
3373.436
3373.722
3374.008
3374.294
3374.58
3374.866
3375.152
3375.438
3375.724
3376.01
3376.296
3376.582
3376.868
3377.154
3377.44
3377.726
3378.009
3378.25
3378.491
3378.732
3378.973
3379.214
3379.455
3379.696
3379.937
3380.178
3380.419
3380.66
3380.901
3381.142
3381.383
3381.624
3381.865
3382.106
3382.347
3382.588
3382.829
3383.125
3383.421
3383.717
3384.013
3384.309
3384.605
3384.901
3385.197
3385.493
3385.789
3386.085
3386.381
3386.677
3386.973
3387.269
3387.565
3387.861
3388.16
3388.502
3388.844
3389.186
3389.528
3389.87
3390.212
3390.554
3390.896
3391.238
3391.58
3391.922
3392.264
3392.606
3392.948
3393.29
3393.632
3393.974
3394.32
3395.134
3395.948
3396.762
3397.576
3398.39
3399.204
3400.018
3400.832
3401.646
3402.46
3403.274
3404.088
3404.902
3405.716
3406.53
3407.339
3407.739
3408.139
3408.539
3408.939
3409.339
3409.739
3410.139
3410.539
3410.939
3411.339
3411.739
3412.139
3412.539
3412.939
3413.339
3413.739
3414.398
3415.057
3415.716
3416.375
3417.034
3417.693
3418.352
3419.011
3419.67
3420.329
3420.988
3421.647
3422.306
3422.965
3423.624
3424.283
3424.942
3425.601
3426.269
3426.726
3427.183
3427.64
3428.097
3428.554
3429.011
3429.468
3429.925
3430.382
3430.839
3431.296
3431.753
3432.21
3432.667
3433.119
3434.264
3435.409
3436.554
3437.699
3438.844
3439.989
3441.134
3442.279
3443.424
3444.569
3445.714
3446.859
3446.859
3446.859
3446.859
