73.049
73.294
73.538
73.782
74.026
74.27
74.514
74.758
75.002
75.246
75.49
75.734
75.978
76.222
76.466
76.71
76.954
77.198
77.45
77.907
78.364
78.821
79.278
79.735
80.192
80.649
81.106
81.563
82.02
82.477
82.934
83.391
83.848
84.299
84.739
85.179
85.619
86.059
86.499
86.939
87.379
87.819
88.259
88.699
89.139
89.579
90.019
90.459
90.899
91.246
91.593
91.94
92.287
92.634
92.981
93.328
93.675
94.022
94.369
94.716
95.063
95.41
95.757
96.104
96.45
97.098
97.746
98.394
99.042
99.69
100.338
100.986
101.634
102.282
102.93
103.578
104.226
104.874
105.522
106.17
106.818
107.466
108.114
108.769
109.972
111.175
112.378
113.581
114.784
115.987
117.19
118.393
119.596
120.799
122.002
123.205
124.408
125.609
126.15
126.691
127.232
127.773
128.314
128.855
129.396
129.937
130.478
131.019
131.56
132.101
132.642
133.183
133.724
134.26
134.692
135.125
135.558
135.99
136.423
136.856
137.288
137.721
138.154
138.587
139.019
139.452
139.885
140.317
140.75
141.18
141.658
142.136
142.614
143.092
143.57
144.048
144.526
145.004
145.482
145.96
146.438
146.916
147.394
147.872
148.35
148.829
149.34
149.851
150.362
150.873
151.384
151.895
152.406
152.917
153.428
153.939
154.45
154.961
155.472
155.983
156.494
157.005
157.516
158.019
158.387
158.755
159.123
159.491
159.859
160.227
160.595
160.963
161.331
161.699
162.067
162.435
162.803
163.171
163.539
163.907
164.28
164.721
165.161
165.601
166.041
166.481
166.921
167.361
167.801
168.241
168.682
169.123
169.563
170.003
170.443
170.884
171.325
171.765
172.209
172.447
172.685
172.923
173.161
173.399
173.637
173.875
174.113
174.351
174.589
174.827
175.065
175.303
175.541
175.779
176.017
176.255
176.493
176.739
177.063
177.387
177.711
178.035
178.359
178.683
179.007
179.331
179.655
179.979
180.303
180.627
180.951
181.275
181.599
181.93
182.229
182.528
182.827
183.126
183.425
183.724
184.023
184.322
184.621
184.92
185.219
185.518
185.817
186.116
186.415
186.72
186.918
187.116
187.314
187.512
187.71
187.908
188.106
188.304
188.502
188.7
188.898
189.096
189.294
189.492
189.69
189.888
190.09
190.471
190.852
191.233
191.614
191.995
192.376
192.757
193.138
193.519
193.9
194.281
194.662
195.04
195.233
195.426
195.619
195.812
196.005
196.198
196.391
196.584
196.777
196.97
197.163
197.356
197.549
197.742
197.935
198.128
198.321
198.514
198.709
199.12
199.531
199.942
200.353
200.764
201.175
201.586
201.997
202.408
202.819
203.23
203.641
204.052
204.463
204.874
205.285
205.7
206.309
206.918
207.527
208.136
208.745
209.354
209.963
210.572
211.181
211.79
212.399
213.008
213.617
214.226
214.835
215.45
216.22
216.99
217.76
218.53
219.3
220.07
220.341
220.612
220.883
221.154
221.425
221.696
221.967
222.238
222.509
222.78
223.051
223.322
223.593
223.864
224.135
224.406
224.677
224.949
225.433
225.917
226.401
226.885
227.369
227.853
228.337
228.821
229.305
229.789
230.273
230.757
231.241
231.725
232.209
232.693
233.177
233.66
233.92
234.18
234.44
234.7
234.96
235.22
235.48
235.74
236.0
236.26
236.52
236.78
237.04
237.3
237.56
237.82
238.08
238.34
238.615
238.89
239.165
239.44
239.715
239.99
240.265
240.54
240.815
241.09
241.365
241.64
241.915
242.19
242.459
242.809
243.159
243.509
243.859
244.209
244.559
244.909
245.259
245.609
245.959
246.309
246.659
247.009
247.359
247.709
248.059
248.409
248.759
249.115
249.471
249.827
250.183
250.539
250.895
251.251
251.607
251.963
252.319
252.675
253.031
253.387
253.743
254.099
254.455
254.811
255.16
256.486
257.812
259.138
260.464
261.79
263.116
264.442
265.768
267.094
268.42
269.75
269.982
270.214
270.446
270.678
270.91
271.142
271.374
271.606
271.838
272.07
272.302
272.534
272.766
272.998
273.23
273.462
273.694
273.926
274.158
274.39
274.62
274.972
275.324
275.676
276.028
276.38
276.732
277.084
277.436
277.788
278.14
278.492
278.844
279.196
279.548
279.9
280.25
280.671
281.092
281.513
281.934
282.355
282.776
283.197
283.618
284.039
284.46
284.881
285.302
285.723
286.144
286.565
286.986
287.41
287.601
287.792
287.983
288.174
288.365
288.556
288.747
288.938
289.129
289.32
289.511
289.702
289.893
290.084
290.275
290.466
290.657
290.848
291.039
291.229
291.575
291.921
292.267
292.613
292.959
293.305
293.651
293.997
294.343
294.689
295.035
295.381
295.727
296.073
296.419
296.765
297.111
297.449
297.622
297.795
297.968
298.141
298.314
298.487
298.66
298.833
299.006
299.179
299.352
299.525
299.698
299.871
300.044
300.217
300.39
300.563
300.74
301.005
301.27
301.535
301.8
302.065
302.33
302.595
302.86
303.125
303.39
303.655
303.92
304.185
304.45
304.715
304.98
305.25
305.718
306.186
306.654
307.122
307.59
308.058
308.526
308.994
309.462
309.93
310.398
310.866
311.334
311.802
312.27
312.738
313.2
313.924
314.648
315.372
316.096
316.82
317.544
318.268
318.992
319.716
320.44
321.164
321.888
322.612
323.336
324.06
324.79
325.159
325.528
325.897
326.266
326.635
327.004
327.373
327.742
328.111
328.48
328.849
329.218
329.587
329.956
330.325
330.694
331.063
331.432
331.8
332.172
332.544
332.916
333.288
333.66
334.032
334.404
334.776
335.148
335.52
335.892
336.264
336.636
337.008
337.38
337.752
338.124
338.49
338.992
339.494
339.996
340.498
341.0
341.502
342.004
342.506
343.008
343.51
344.012
344.514
345.016
345.518
346.02
346.529
346.952
347.375
347.798
348.221
348.644
349.067
349.49
349.913
350.336
350.759
351.182
351.605
352.028
352.451
352.874
353.297
353.72
354.139
354.468
354.797
355.126
355.455
355.784
356.113
356.442
356.771
357.1
357.429
357.758
358.087
358.416
358.74
359.153
359.566
359.979
360.392
360.805
361.218
361.631
362.044
362.457
362.87
363.283
363.696
364.109
364.522
364.93
365.206
365.482
365.758
366.034
366.31
366.586
366.862
367.138
367.414
367.69
367.966
368.242
368.518
368.789
369.327
369.865
370.403
370.941
371.479
372.017
372.555
373.093
373.631
374.169
374.707
375.245
375.783
376.321
376.859
377.397
377.935
378.473
379.02
379.56
380.1
380.64
381.18
381.72
382.26
382.8
383.34
383.88
384.42
384.96
385.5
386.04
386.58
387.12
387.66
388.199
388.548
388.897
389.246
389.595
389.944
390.293
390.642
390.991
391.34
391.689
392.038
392.387
392.736
393.085
393.434
393.783
394.13
394.557
394.984
395.411
395.838
396.265
396.692
397.119
397.546
397.973
398.4
398.827
399.254
399.681
400.108
400.535
400.962
401.389
401.816
402.243
402.67
403.099
404.366
405.633
406.9
408.167
409.434
410.701
411.968
413.235
414.502
415.769
417.036
418.303
419.57
420.837
422.104
423.371
424.638
425.905
427.172
428.439
429.71
429.992
430.274
430.556
430.838
431.12
431.402
431.684
431.966
432.248
432.53
432.812
433.094
433.376
433.658
433.94
434.222
434.504
434.789
435.781
436.773
437.765
438.757
439.749
440.741
441.733
442.725
443.717
444.709
445.701
446.693
447.685
448.677
449.669
450.661
451.653
452.639
453.168
453.697
454.226
454.755
455.284
455.813
456.342
456.871
457.4
457.929
458.458
458.987
459.516
460.045
460.574
461.103
461.629
461.987
462.345
462.703
463.06
463.418
463.776
464.134
464.492
464.85
465.208
465.566
465.923
466.281
466.639
466.997
467.349
467.714
468.079
468.444
468.809
469.174
469.539
469.904
470.269
470.634
470.999
471.364
471.729
472.094
472.459
472.824
473.189
473.554
473.919
474.435
474.951
475.467
475.983
476.499
477.015
477.531
478.047
478.563
479.079
479.599
479.987
480.375
480.763
481.151
481.539
481.927
482.315
482.703
483.091
483.479
483.867
484.255
484.643
485.031
485.419
485.807
486.195
486.583
486.971
487.359
487.749
488.294
488.839
489.384
489.929
490.474
491.019
491.564
492.109
492.654
493.199
493.744
494.289
494.834
495.379
495.924
496.469
497.014
497.56
497.949
498.338
498.727
499.116
499.505
499.894
500.283
500.672
501.061
501.45
501.839
502.228
502.617
503.006
503.395
503.789
504.157
504.525
504.893
505.261
505.629
505.997
506.365
506.733
507.101
507.469
507.837
508.205
508.573
508.941
509.309
509.677
510.045
510.413
510.78
511.159
511.538
511.917
512.296
512.675
513.054
513.433
513.812
514.191
514.57
514.949
515.328
515.707
516.086
516.465
516.844
517.219
518.755
520.291
521.827
523.363
524.899
526.435
527.971
529.507
531.043
532.579
534.115
535.651
537.187
538.723
540.259
541.795
543.331
544.86
545.664
546.468
547.272
548.076
548.88
549.684
550.488
551.292
552.096
552.9
553.704
554.508
555.312
556.116
556.92
557.73
558.032
558.334
558.636
558.938
559.24
559.542
559.844
560.146
560.448
560.75
561.052
561.354
561.66
562.055
562.45
562.845
563.24
563.635
564.03
564.425
564.82
565.215
565.61
566.005
566.4
566.795
567.19
567.585
567.98
568.322
568.664
569.006
569.348
569.69
570.032
570.374
570.716
571.058
571.4
571.742
572.084
572.426
572.768
573.11
573.45
573.838
574.226
574.614
575.002
575.39
575.778
576.166
576.554
576.942
577.33
577.718
578.106
578.494
578.882
579.27
579.66
579.925
580.19
580.455
580.72
580.985
581.25
581.515
581.78
582.045
582.31
582.575
582.84
583.105
583.37
583.635
583.9
584.17
585.495
586.82
588.145
589.47
590.795
592.12
593.445
594.77
596.095
597.42
598.745
600.07
601.395
602.72
604.045
605.37
605.728
606.086
606.444
606.802
607.16
607.518
607.876
608.234
608.592
608.95
609.308
609.666
610.024
610.382
610.74
611.098
611.456
611.81
612.265
612.72
613.175
613.63
614.085
614.54
614.995
615.45
615.905
616.36
616.815
617.27
617.725
618.18
618.635
619.09
619.545
620.0
620.45
620.666
620.882
621.098
621.314
621.53
621.746
621.962
622.178
622.394
622.61
622.826
623.042
623.258
623.474
623.69
623.906
624.122
624.338
624.554
624.77
624.98
625.226
625.472
625.718
625.964
626.21
626.456
626.702
626.948
627.194
627.44
627.686
627.932
628.178
628.424
628.67
628.916
629.162
629.408
629.654
629.9
630.15
630.524
630.898
631.272
631.646
632.02
632.394
632.768
633.142
633.516
633.89
634.264
634.638
635.012
635.386
635.76
636.134
636.508
636.88
637.201
637.522
637.843
638.164
638.485
638.806
639.127
639.448
639.769
640.09
640.411
640.732
641.053
641.374
641.695
642.016
642.337
642.658
642.979
643.3
644.299
645.298
646.297
647.296
648.295
649.294
650.293
651.292
652.291
653.29
654.289
655.288
656.287
657.286
658.285
659.284
660.279
660.688
661.097
661.506
661.915
662.324
662.733
663.142
663.551
663.96
664.369
664.778
665.187
665.596
666.005
666.414
666.823
667.24
667.427
667.614
667.801
667.988
668.175
668.362
668.549
668.736
668.923
669.11
669.297
669.484
669.671
669.858
670.045
670.232
670.419
670.61
670.959
671.308
671.657
672.006
672.355
672.704
673.053
673.402
673.751
674.1
674.449
674.798
675.147
675.496
675.845
676.194
676.55
676.925
677.3
677.675
678.05
678.425
678.8
679.175
679.55
679.925
680.3
680.675
681.05
681.425
681.8
682.175
682.55
682.925
683.3
683.559
683.818
684.077
684.337
684.596
684.856
685.115
685.375
685.635
685.894
686.154
686.413
686.673
686.933
687.192
687.452
687.712
687.971
688.231
688.49
688.803
689.116
689.429
689.742
690.055
690.368
690.681
690.994
691.307
691.62
691.933
692.246
692.559
692.872
693.185
693.5
693.947
694.394
694.841
695.288
695.735
696.182
696.629
697.076
697.519
697.841
698.163
698.485
698.807
699.129
699.451
699.773
700.095
700.417
700.739
701.061
701.383
701.705
702.027
702.349
702.671
702.993
703.32
703.601
703.882
704.163
704.444
704.725
705.006
705.287
705.568
705.849
706.13
706.411
706.692
706.973
707.254
707.535
707.819
708.107
708.395
708.683
708.971
709.259
709.547
709.835
710.123
710.41
710.743
711.076
711.409
711.742
712.075
712.408
712.741
713.074
713.407
713.74
714.073
714.406
714.739
715.072
715.405
715.738
716.071
716.399
716.708
717.017
717.326
717.635
717.944
718.253
718.562
718.871
719.18
719.489
719.798
720.107
720.416
720.725
721.034
721.343
721.652
721.959
722.372
722.785
723.198
723.611
724.024
724.437
724.85
725.263
725.676
726.089
726.502
726.915
727.328
727.741
728.154
728.567
728.98
729.393
729.81
730.181
730.552
730.923
731.294
731.665
732.036
732.407
732.778
733.149
733.52
733.891
734.262
734.633
735.004
735.375
735.746
736.117
736.48
736.779
737.078
737.377
737.676
737.975
738.274
738.573
738.872
739.171
739.47
739.769
740.068
740.367
740.666
740.965
741.269
741.508
741.747
741.986
742.225
742.464
742.703
742.942
743.181
743.42
743.659
743.898
744.137
744.376
744.615
744.854
745.093
745.332
745.579
745.937
746.295
746.653
747.011
747.369
747.727
748.085
748.443
748.801
749.159
749.517
749.875
750.233
750.591
750.949
751.307
751.67
752.462
753.255
754.048
754.841
755.634
756.427
757.22
758.013
758.806
759.599
760.392
761.185
761.977
762.769
763.562
764.35
764.618
764.886
765.154
765.422
765.69
765.958
766.226
766.494
766.762
767.03
767.3
767.573
767.846
768.119
768.392
768.665
768.938
769.211
769.484
769.757
770.03
770.303
770.576
770.849
771.122
771.395
771.668
771.941
772.214
772.487
772.76
773.033
773.306
773.579
773.85
774.153
774.456
774.759
775.062
775.365
775.668
775.971
776.274
776.577
776.88
777.183
777.486
777.789
778.092
778.395
778.698
779.001
779.304
779.6
779.964
780.328
780.692
781.056
781.42
781.784
782.148
782.512
782.876
783.24
783.604
783.968
784.332
784.696
785.06
785.424
785.788
786.152
786.509
786.75
786.991
787.232
787.473
787.714
787.955
788.196
788.437
788.678
788.919
789.16
789.401
789.642
789.883
790.124
790.365
790.606
790.847
791.089
791.597
792.105
792.613
793.121
793.629
794.137
794.645
795.153
795.661
796.169
796.677
797.185
797.693
798.201
798.709
799.217
799.72
800.322
800.924
801.526
802.128
802.73
803.332
803.934
804.536
805.138
805.74
806.342
806.944
807.546
808.148
808.75
809.352
809.949
810.322
810.695
811.068
811.441
811.814
812.187
812.56
812.933
813.306
813.679
814.052
814.425
814.798
815.171
815.544
815.91
816.656
817.402
818.148
818.894
819.64
820.386
821.132
821.878
822.624
823.37
824.116
824.862
825.608
826.354
827.1
827.846
828.589
829.002
829.414
829.827
830.24
830.653
831.066
831.479
831.892
832.305
832.717
833.13
833.543
833.956
834.369
834.782
835.189
835.987
836.785
837.583
838.381
839.179
839.977
840.775
841.573
842.371
843.169
843.97
844.501
845.032
845.563
846.094
846.625
847.156
847.687
848.218
848.749
849.28
849.811
850.342
850.873
851.404
851.935
852.466
852.997
853.528
854.059
854.589
855.697
856.805
857.913
859.021
860.129
861.237
862.345
863.453
864.561
865.669
866.777
867.885
868.993
870.101
871.209
872.203
873.197
874.191
875.185
876.179
877.173
878.167
879.161
880.155
881.149
882.143
883.137
884.131
885.125
886.119
887.113
888.1
888.901
889.702
890.503
891.304
892.105
892.906
893.707
894.508
895.309
896.11
896.911
897.712
898.513
899.314
900.115
900.916
901.717
902.519
903.968
905.417
906.866
908.315
909.764
911.213
912.662
914.111
915.56
917.009
918.458
919.907
921.36
922.8
924.24
925.68
927.12
928.56
930.136
931.712
933.288
934.864
936.44
938.016
939.592
941.168
942.744
944.32
945.896
947.472
949.048
950.624
952.2
953.776
955.352
956.92
957.267
957.614
957.961
958.308
958.655
959.002
959.349
959.696
960.043
960.39
960.737
961.084
961.431
961.778
962.125
962.472
962.819
963.166
963.513
963.86
964.538
965.216
965.894
966.572
967.25
967.928
968.606
969.284
969.962
970.64
971.318
971.996
972.674
973.352
974.03
974.708
975.386
976.069
976.77
977.471
978.172
978.873
979.574
980.275
980.976
981.677
982.378
983.079
983.78
984.481
985.182
985.883
986.589
986.917
987.245
987.573
987.901
988.229
988.557
988.885
989.213
989.541
989.869
990.197
990.525
990.853
991.181
991.509
991.83
992.274
992.718
993.162
993.606
994.05
994.494
994.938
995.382
995.826
996.27
996.714
997.158
997.602
998.046
998.49
998.934
999.37
999.709
1000.048
1000.387
1000.726
1001.065
1001.404
1001.743
1002.082
1002.421
1002.76
1003.099
1003.438
1003.777
1004.116
1004.455
1004.794
1005.139
1005.852
1006.565
1007.278
1007.991
1008.704
1009.417
1010.13
1010.843
1011.556
1012.269
1012.982
1013.695
1014.408
1015.121
1015.834
1016.547
1017.26
1017.97
1018.441
1018.912
1019.383
1019.854
1020.325
1020.796
1021.267
1021.738
1022.209
1022.68
1023.151
1023.622
1024.093
1024.564
1025.035
1025.506
1025.98
1026.302
1026.624
1026.946
1027.268
1027.59
1027.912
1028.234
1028.556
1028.878
1029.2
1029.522
1029.844
1030.166
1030.488
1030.81
1031.132
1031.449
1032.134
1032.819
1033.504
1034.189
1034.874
1035.559
1036.244
1036.929
1037.61
1038.763
1039.916
1041.069
1042.222
1043.375
1044.528
1045.681
1046.834
1047.987
1049.14
1050.293
1051.446
1052.599
1053.75
1055.217
1056.684
1058.151
1059.618
1061.085
1062.552
1064.019
1065.486
1066.953
1068.42
1069.887
1071.354
1072.821
1074.288
1075.755
1077.222
1078.689
1080.16
1080.942
1081.724
1082.506
1083.288
1084.07
1084.852
1085.634
1086.416
1087.198
1087.98
1088.762
1089.544
1090.326
1091.108
1091.89
1092.672
1093.45
1093.688
1093.926
1094.164
1094.402
1094.64
1094.878
1095.116
1095.354
1095.592
1095.83
1096.068
1096.306
1096.544
1096.782
1097.02
1097.258
1097.49
1097.921
1098.352
1098.783
1099.214
1099.645
1100.076
1100.507
1100.938
1101.369
1101.8
1102.231
1102.662
1103.093
1103.524
1103.955
1104.386
1104.81
1105.913
1107.016
1108.119
1109.222
1110.325
1111.428
1112.531
1113.634
1114.737
1115.84
1116.943
1118.046
1119.149
1120.252
1121.355
1122.458
1123.561
1124.66
1124.923
1125.186
1125.449
1125.712
1125.975
1126.238
1126.501
1126.764
1127.027
1127.29
1127.553
1127.816
1128.08
1128.926
1129.772
1130.618
1131.464
1132.31
1133.156
1134.002
1134.848
1135.694
1136.54
1137.386
1138.232
1139.078
1139.924
1140.77
1141.62
1142.07
1142.52
1142.97
1143.42
1143.87
1144.32
1144.77
1145.22
1145.67
1146.12
1146.57
1147.02
1147.47
1147.92
1148.37
1148.82
1149.27
1149.72
1150.17
1150.505
1150.84
1151.175
1151.51
1151.845
1152.18
1152.515
1152.85
1153.185
1153.52
1153.855
1154.19
1154.525
1154.86
1155.2
1155.607
1156.014
1156.421
1156.828
1157.235
1157.642
1158.049
1158.456
1158.863
1159.27
1159.677
1160.084
1160.491
1160.898
1161.305
1161.712
1162.12
1162.475
1162.83
1163.185
1163.54
1163.895
1164.25
1164.605
1164.96
1165.315
1165.67
1166.025
1166.38
1166.735
1167.09
1167.445
1167.8
1168.309
1168.818
1169.327
1169.836
1170.345
1170.854
1171.363
1171.872
1172.381
1172.89
1173.399
1173.908
1174.417
1174.926
1175.435
1175.94
1176.543
1177.145
1177.747
1178.35
1178.952
1179.554
1180.157
1180.759
1181.361
1181.964
1182.566
1183.168
1183.77
1184.372
1184.975
1185.58
1186.499
1187.418
1188.337
1189.256
1190.175
1191.094
1192.013
1192.932
1193.851
1194.77
1195.689
1196.608
1197.527
1198.446
1199.365
1200.284
1201.2
1202.227
1203.254
1204.281
1205.308
1206.335
1207.362
1208.389
1209.416
1210.443
1211.47
1212.497
1213.524
1214.551
1215.58
1215.78
1215.98
1216.18
1216.38
1216.58
1216.922
1217.264
1217.606
1217.948
1218.29
1218.632
1218.974
1219.316
1219.658
1220.0
1220.342
1220.684
1221.026
1221.368
1221.71
1222.05
1222.614
1223.178
1223.742
1224.306
1224.87
1225.434
1225.998
1226.562
1227.126
1227.69
1228.254
1228.818
1229.382
1229.946
1230.51
1231.074
1231.64
1232.109
1232.578
1233.047
1233.516
1233.985
1234.454
1234.923
1235.392
1235.861
1236.33
1236.799
1237.268
1237.737
1238.206
1238.675
1239.144
1239.613
1240.082
1240.56
1242.277
1243.994
1245.711
1247.428
1249.145
1250.862
1252.579
1254.296
1256.013
1257.73
1259.447
1261.164
1262.881
1264.598
1266.315
1268.032
1269.749
1271.47
1272.151
1272.832
1273.513
1274.194
1274.875
1275.556
1276.237
1276.918
1277.599
1278.28
1278.961
1279.642
1280.323
1281.004
1281.685
1282.366
1283.04
1284.484
1285.928
1287.372
1288.816
1290.26
1291.704
1293.15
1293.415
1293.68
1293.945
1294.21
1294.475
1294.74
1295.005
1295.27
1295.535
1295.8
1296.065
1296.33
1296.595
1296.86
1297.125
1297.39
1297.66
1298.512
1299.364
1300.216
1301.068
1301.92
1302.772
1303.624
1304.476
1305.328
1306.18
1307.032
1307.884
1308.736
1309.588
1310.44
1311.292
1312.144
1312.996
1313.848
1314.7
1315.022
1315.344
1315.666
1315.988
1316.31
1316.632
1316.954
1317.276
1317.598
1317.92
1318.242
1318.564
1318.891
1319.331
1319.771
1320.211
1320.651
1321.091
1321.531
1321.971
1322.411
1322.851
1323.291
1323.731
1324.171
1324.611
1325.051
1325.491
1325.93
1326.213
1326.496
1326.779
1327.062
1327.345
1327.628
1327.91
1328.107
1328.303
1328.5
1328.697
1328.893
1329.09
1329.286
1329.483
1329.679
1329.876
1330.072
1330.268
1330.465
1330.661
1330.858
1331.054
1331.251
1331.447
1331.643
1331.84
1332.554
1333.268
1333.982
1334.696
1335.41
1336.124
1336.838
1337.552
1338.266
1338.98
1339.694
1340.408
1341.122
1341.836
1342.55
1343.264
1343.97
1344.488
1345.006
1345.524
1346.042
1346.56
1347.078
1347.596
1348.114
1348.632
1349.15
1349.668
1350.186
1350.704
1351.222
1351.74
1352.258
1352.776
1353.29
1354.251
1355.212
1356.173
1357.134
1358.095
1359.056
1360.017
1360.978
1361.939
1362.9
1363.861
1364.822
1365.783
1366.744
1367.705
1368.666
1369.627
1370.59
1371.018
1371.446
1371.874
1372.302
1372.73
1373.158
1373.586
1374.014
1374.442
1374.87
1375.298
1375.726
1376.154
1376.582
1377.01
1377.438
1377.866
1378.294
1378.72
1379.134
1379.548
1379.962
1380.376
1380.79
1381.204
1381.618
1382.032
1382.446
1382.86
1383.274
1383.688
1384.1
1384.529
1384.958
1385.388
1385.817
1386.246
1386.676
1387.105
1387.534
1387.964
1388.393
1388.822
1389.251
1389.68
1390.11
1390.539
1390.968
1391.398
1391.827
1392.256
1392.69
1393.067
1393.444
1393.821
1394.198
1394.575
1394.952
1395.329
1395.706
1396.083
1396.46
1396.837
1397.214
1397.591
1397.968
1398.345
1398.722
1399.099
1399.476
1399.853
1400.23
1400.579
1400.928
1401.277
1401.626
1401.975
1402.324
1402.673
1403.022
1403.371
1403.72
1404.069
1404.418
1404.767
1405.116
1405.465
1405.814
1406.163
1406.51
1406.819
1407.128
1407.437
1407.746
1408.055
1408.364
1408.673
1408.982
1409.291
1409.6
1409.909
1410.218
1410.527
1410.836
1411.145
1411.454
1411.763
1412.072
1412.39
1412.769
1413.148
1413.527
1413.906
1414.285
1414.664
1415.043
1415.422
1415.801
1416.18
1416.559
1416.938
1417.317
1417.696
1418.075
1418.45
1419.209
1419.968
1420.727
1421.486
1422.245
1423.004
1423.763
1424.522
1425.281
1426.04
1426.799
1427.558
1428.317
1429.076
1429.835
1430.594
1431.35
1431.819
1432.288
1432.757
1433.226
1433.695
1434.164
1434.633
1435.102
1435.571
1436.04
1436.51
1437.054
1437.598
1438.142
1438.686
1439.23
1439.774
1440.318
1440.862
1441.406
1441.95
1442.494
1443.038
1443.582
1444.126
1444.67
1445.21
1448.934
1452.658
1456.382
1460.106
1463.83
1465.552
1467.274
1468.996
1470.718
1472.44
1474.162
1475.884
1477.606
1479.328
1481.05
1482.77
1494.75
1495.48
1496.21
1496.94
1497.67
1498.4
1499.13
1499.86
1500.59
1501.32
1502.05
1502.78
1503.51
1504.24
1504.97
1505.7
1506.43
1507.16
1507.89
1508.519
1509.148
1509.777
1510.406
1511.035
1511.664
1512.293
1512.922
1513.551
1514.18
1514.809
1515.438
1516.067
1516.696
1517.325
1517.954
1518.58
1519.311
1520.042
1520.773
1521.504
1522.235
1522.966
1523.697
1524.428
1525.159
1525.89
1526.621
1527.352
1528.083
1528.814
1529.545
1530.276
1531.007
1531.73
1532.09
1532.45
1532.81
1533.17
1533.53
1533.89
1534.25
1534.61
1534.97
1535.33
1535.69
1536.05
1536.41
1536.77
1537.13
1537.49
1537.822
1538.154
1538.486
1538.818
1539.15
1539.482
1539.814
1540.146
1540.478
1540.81
1541.142
1541.474
1541.806
1542.138
1542.47
1542.802
1543.14
1543.4
1543.66
1543.92
1544.18
1544.44
1544.7
1544.96
1545.22
1545.48
1545.74
1546.0
1546.26
1546.52
1546.78
1547.04
1547.3
1548.102
1548.904
1549.706
1550.508
1551.31
1552.269
1553.228
1554.188
1555.148
1556.107
1557.066
1558.025
1558.985
1559.944
1560.903
1561.862
1562.822
1563.781
1564.74
1565.699
1566.659
1567.619
1568.578
1569.537
1570.5
1571.053
1571.606
1572.159
1572.712
1573.265
1573.818
1574.371
1574.924
1575.477
1576.03
1576.583
1577.136
1577.689
1578.242
1578.795
1579.348
1579.901
1580.454
1581.0
1581.404
1581.808
1582.212
1582.616
1583.02
1583.424
1583.828
1584.232
1584.636
1585.04
1585.444
1585.848
1586.252
1586.656
1587.06
1587.46
1588.069
1588.678
1589.287
1589.896
1590.505
1591.114
1591.723
1592.332
1592.941
1593.55
1594.159
1594.768
1595.377
1595.986
1596.595
1597.21
1603.68
1610.15
1616.62
1623.09
1629.56
1636.03
1642.5
1648.97
1652.077
1655.184
1658.291
1661.398
1664.505
1667.61
1668.908
1670.206
1671.504
1672.802
1674.1
1675.398
1676.696
1677.994
1679.292
1680.59
1681.888
1683.186
1684.484
1685.782
1687.08
1688.378
1689.676
1690.974
1692.27
1693.686
1695.102
1696.518
1697.934
1699.35
1700.766
1702.182
1703.598
1705.014
1706.43
1707.846
1709.262
1710.678
1712.094
1713.51
1714.926
1716.35
1726.09
1735.83
1736.214
1736.598
1736.982
1737.366
1737.75
1738.134
1738.518
1738.902
1739.286
1739.67
1740.054
1740.438
1740.822
1741.2
1741.473
1741.746
1742.019
1742.292
1742.565
1742.838
1743.111
1743.384
1743.657
1743.93
1744.203
1744.476
1744.749
1745.022
1745.295
1745.568
1745.841
1746.114
1746.387
1746.66
1746.933
1747.206
1747.48
1747.82
1748.16
1748.5
1748.84
1749.18
1749.52
1749.86
1750.2
1750.54
1750.88
1751.22
1751.56
1751.9
1752.24
1752.58
1752.92
1753.26
1753.6
1753.94
1754.28
1754.62
1754.97
1755.899
1756.828
1757.757
1758.686
1759.615
1760.544
1761.473
1762.402
1763.331
1764.26
1765.189
1766.118
1767.047
1767.976
1768.905
1769.834
1770.763
1771.692
1772.621
1773.55
1774.479
1775.408
1776.33
1776.778
1777.226
1777.674
1778.122
1778.57
1779.018
1779.466
1779.914
1780.362
1780.81
1781.258
1781.71
1782.324
1782.938
1783.552
1784.166
1784.78
1785.394
1786.008
1786.622
1787.236
1787.85
1788.464
1789.078
1789.692
1790.306
1790.92
1791.54
1791.951
1792.362
1792.773
1793.184
1793.595
1794.006
1794.417
1794.828
1795.239
1795.65
1796.061
1796.472
1796.883
1797.294
1797.705
1798.116
1798.527
1798.938
1799.35
1799.653
1799.957
1800.261
1800.564
1800.868
1801.171
1801.475
1801.778
1802.082
1802.386
1802.689
1802.993
1803.296
1803.6
1803.903
1804.207
1804.511
1804.814
1805.118
1805.42
1806.008
1806.596
1807.184
1807.772
1808.36
1808.948
1809.536
1810.124
1810.712
1811.3
1811.888
1812.476
1813.064
1813.652
1814.24
1814.83
1815.843
1816.856
1817.869
1818.882
1819.895
1820.908
1821.921
1822.934
1823.947
1824.96
1825.973
1826.986
1827.999
1829.012
1830.025
1831.038
1832.051
1833.06
1833.337
1833.614
1833.891
1834.168
1834.445
1834.722
1834.999
1835.276
1835.553
1835.831
1836.108
1836.385
1836.662
1836.939
1837.216
1837.5
1837.98
1838.46
1838.94
1839.42
1839.9
1840.38
1840.86
1841.34
1841.82
1842.3
1842.78
1843.26
1843.74
1844.22
1844.7
1845.18
1845.66
1846.14
1846.62
1847.348
1848.076
1848.804
1849.532
1850.26
1850.988
1851.716
1852.444
1853.172
1853.9
1854.628
1855.356
1856.084
1856.812
1857.54
1858.268
1858.996
1859.72
1861.804
1863.888
1865.972
1868.056
1870.14
1872.224
1874.308
1876.392
1878.476
1880.56
1882.644
1884.728
1886.812
1888.896
1890.98
1893.07
1894.131
1895.192
1896.253
1897.314
1898.375
1899.436
1900.497
1901.558
1902.619
1903.68
1904.741
1905.802
1906.863
1907.924
1908.985
1910.046
1911.107
1912.168
1913.221
1913.866
1914.511
1915.156
1915.801
1916.446
1917.091
1917.736
1918.381
1919.026
1919.671
1920.316
1920.961
1921.606
1922.251
1922.896
1923.541
1924.19
1925.501
1926.812
1928.123
1929.434
1930.745
1932.056
1933.367
1934.678
1935.989
1937.3
1938.611
1939.922
1941.233
1942.544
1943.855
1945.166
1946.48
1946.842
1947.205
1947.567
1947.929
1948.292
1948.654
1949.016
1949.379
1949.741
1950.103
1950.466
1950.828
1951.19
1951.553
1951.916
1952.28
1953.013
1953.746
1954.479
1955.212
1955.945
1956.678
1957.411
1958.144
1958.877
1959.61
1960.343
1961.076
1961.809
1962.542
1963.275
1964.008
1964.741
1965.474
1966.2
1967.283
1968.366
1969.449
1970.532
1971.615
1972.698
1973.781
1974.864
1975.947
1977.03
1978.113
1979.196
1980.279
1981.362
1982.445
1983.528
1984.611
1985.694
1986.777
1987.86
1988.304
1988.748
1989.192
1989.636
1990.08
1990.524
1990.968
1991.412
1991.856
1992.3
1992.744
1993.188
1993.632
1994.076
1994.52
1994.964
1995.4
1995.786
1996.172
1996.558
1996.944
1997.33
1997.716
1998.102
1998.488
1998.874
1999.26
1999.646
2000.032
2000.418
2000.804
2001.19
2001.576
2001.962
2002.348
2002.73
2003.007
2003.284
2003.561
2003.838
2004.115
2004.392
2004.669
2004.946
2005.223
2005.5
2005.777
2006.054
2006.331
2006.608
2006.885
2007.162
2007.439
2007.71
2008.166
2008.622
2009.078
2009.534
2009.99
2010.446
2010.902
2011.358
2011.814
2012.27
2012.726
2013.182
2013.638
2014.094
2014.55
2015.006
2015.462
2015.92
2016.388
2016.856
2017.324
2017.792
2018.26
2018.728
2019.196
2019.664
2020.132
2020.6
2021.068
2021.536
2022.004
2022.472
2022.94
2023.408
2023.876
2024.344
2024.82
2027.167
2029.514
2031.861
2034.208
2036.555
2038.902
2041.249
2043.596
2045.943
2048.29
2050.59
2052.89
2055.19
2057.49
2059.79
2060.954
2062.118
2063.282
2064.446
2065.61
2066.774
2067.938
2069.102
2070.266
2071.43
2072.594
2073.758
2074.922
2076.086
2077.25
2078.414
2079.578
2080.742
2081.906
2083.07
2084.23
2084.966
2085.702
2086.438
2087.174
2087.91
2088.646
2089.382
2090.118
2090.854
2091.59
2092.326
2093.062
2093.798
2094.534
2095.27
2096.006
2096.742
2097.478
2098.22
2098.622
2099.024
2099.426
2099.828
2100.23
2100.632
2101.034
2101.436
2101.838
2102.24
2102.642
2103.044
2103.446
2103.848
2104.25
2104.652
2105.054
2105.456
2105.859
2106.173
2106.487
2106.801
2107.115
2107.429
2107.743
2108.057
2108.371
2108.685
2108.999
2109.313
2109.627
2109.941
2110.255
2110.569
2110.883
2111.19
2111.389
2111.588
2111.787
2111.986
2112.185
2112.384
2112.583
2112.782
2112.981
2113.18
2113.379
2113.578
2113.78
2114.571
2115.362
2116.153
2116.944
2117.735
2118.526
2119.317
2120.108
2120.899
2121.69
2122.481
2123.272
2124.063
2124.854
2125.645
2126.43
2126.794
2127.158
2127.522
2127.886
2128.25
2128.614
2128.978
2129.342
2129.706
2130.07
2130.434
2130.798
2131.162
2131.526
2131.89
2132.254
2132.618
2132.99
2133.441
2133.892
2134.343
2134.794
2135.245
2135.696
2136.147
2136.598
2137.049
2137.5
2137.951
2138.402
2138.853
2139.304
2139.75
2140.254
2140.758
2141.262
2141.766
2142.27
2142.774
2143.278
2143.782
2144.286
2144.79
2145.294
2145.798
2146.302
2146.806
2147.31
2147.814
2148.318
2148.82
2149.167
2149.514
2149.861
2150.208
2150.555
2150.902
2151.249
2151.596
2151.943
2152.29
2152.637
2152.984
2153.331
2153.678
2154.025
2154.372
2154.719
2155.066
2155.41
2155.823
2156.236
2156.649
2157.062
2157.475
2157.89
2158.259
2158.628
2158.997
2159.366
2159.735
2160.104
2160.473
2160.842
2161.211
2161.58
2161.949
2162.318
2162.687
2163.056
2163.425
2163.794
2164.163
2164.532
2164.91
2165.459
2166.008
2166.557
2167.106
2167.655
2168.204
2168.753
2169.302
2169.851
2170.4
2170.949
2171.498
2172.047
2172.596
2173.145
2173.694
2174.25
2174.694
2175.138
2175.582
2176.026
2176.47
2176.914
2177.358
2177.802
2178.246
2178.69
2179.134
2179.578
2180.022
2180.466
2180.91
2181.36
2181.667
2181.974
2182.281
2182.588
2182.895
2183.202
2183.509
2183.816
2184.123
2184.43
2184.737
2185.044
2185.351
2185.658
2185.965
2186.272
2186.579
2186.88
2189.187
2191.494
2193.801
2196.108
2198.415
2200.722
2203.029
2205.336
2207.643
2209.95
2212.257
2214.564
2216.871
2219.178
2221.485
2223.792
2226.1
2227.391
2228.682
2229.973
2231.264
2232.555
2233.846
2235.137
2236.428
2237.719
2239.01
2240.301
2241.592
2242.883
2244.174
2245.465
2246.76
2253.1
2259.44
2259.741
2260.042
2260.343
2260.644
2260.945
2261.246
2261.547
2261.848
2262.149
2262.45
2262.751
2263.052
2263.353
2263.654
2263.955
2264.256
2264.557
2264.86
2265.206
2265.552
2265.898
2266.244
2266.59
2266.936
2267.282
2267.628
2267.974
2268.32
2268.666
2269.012
2269.358
2269.704
2270.05
2270.39
2270.697
2271.004
2271.311
2271.618
2271.925
2272.232
2272.539
2272.846
2273.153
2273.46
2273.767
2274.074
2274.381
2274.688
2274.995
2275.302
2275.609
2275.916
2276.22
2276.436
2276.652
2276.868
2277.084
2277.3
2277.516
2277.732
2277.948
2278.164
2278.38
2278.596
2278.812
2279.028
2279.244
2279.46
2279.676
2279.892
2280.108
2280.33
2280.97
2281.61
2282.251
2282.892
2283.532
2284.173
2284.813
2285.454
2286.095
2286.735
2287.376
2288.017
2288.657
2289.298
2289.938
2290.579
2291.22
2291.86
2292.501
2293.14
2293.844
2294.548
2295.252
2295.956
2296.66
2297.364
2298.068
2298.772
2299.476
2300.18
2300.884
2301.588
2302.292
2302.996
2303.7
2304.404
2305.108
2305.812
2306.51
2307.589
2308.668
2309.747
2310.826
2311.905
2312.984
2314.063
2315.142
2316.221
2317.3
2318.379
2319.458
2320.537
2321.62
2322.243
2322.866
2323.489
2324.112
2324.735
2325.358
2325.981
2326.604
2327.227
2327.85
2328.473
2329.096
2329.719
2330.34
2330.692
2331.044
2331.396
2331.748
2332.1
2332.452
2332.804
2333.156
2333.508
2333.86
2334.212
2334.564
2334.916
2335.268
2335.62
2336.856
2338.092
2339.328
2340.564
2341.8
2343.036
2344.272
2345.508
2346.744
2347.98
2349.216
2350.452
2351.688
2352.924
2354.16
2355.396
2356.64
2357.498
2358.356
2359.214
2360.072
2360.93
2361.788
2362.646
2363.504
2364.362
2365.22
2366.078
2366.936
2367.794
2368.652
2369.51
2370.368
2371.226
2372.09
2372.471
2372.852
2373.233
2373.614
2373.995
2374.376
2374.757
2375.138
2375.519
2375.9
2376.281
2376.662
2377.043
2377.424
2377.805
2378.186
2378.567
2378.95
2379.327
2379.704
2380.081
2380.458
2380.835
2381.212
2381.589
2381.966
2382.343
2382.72
2383.097
2383.474
2383.851
2384.228
2384.61
2384.926
2385.242
2385.558
2385.874
2386.19
2386.506
2386.822
2387.138
2387.45
2387.749
2388.048
2388.347
2388.646
2388.945
2389.244
2389.543
2389.842
2390.141
2390.44
2390.739
2391.038
2391.337
2391.636
2391.935
2392.234
2392.533
2392.832
2393.131
2394.1
2395.069
2396.038
2397.007
2397.976
2398.945
2399.914
2400.883
2401.852
2402.821
2403.79
2404.759
2405.728
2406.697
2407.666
2408.635
2409.6
2411.374
2413.148
2414.922
2416.696
2418.47
2420.244
2422.018
2423.792
2425.566
2427.34
2429.11
2429.597
2430.084
2430.571
2431.058
2431.545
2432.032
2432.519
2433.006
2433.493
2433.98
2434.467
2434.954
2435.441
2435.928
2436.415
2436.902
2437.389
2437.876
2438.37
2438.938
2439.506
2440.074
2440.642
2441.21
2441.778
2442.346
2442.914
2443.482
2444.05
2444.618
2445.186
2445.754
2446.322
2446.89
2447.458
2448.026
2448.594
2449.162
2449.73
2450.327
2450.924
2451.521
2452.118
2452.715
2453.312
2453.909
2454.506
2455.103
2455.7
2456.297
2456.894
2457.491
2458.088
2458.685
2459.282
2459.879
2460.47
2460.888
2461.306
2461.724
2462.142
2462.56
2462.978
2463.396
2463.814
2464.232
2464.65
2465.068
2465.486
2465.904
2466.322
2466.74
2467.158
2467.57
2468.912
2470.254
2471.596
2472.938
2474.28
2475.622
2476.964
2478.306
2479.648
2480.99
2482.332
2483.674
2485.016
2486.358
2487.7
2489.042
2490.39
2490.639
2490.888
2491.137
2491.386
2491.635
2491.884
2492.133
2492.382
2492.631
2492.88
2493.129
2493.378
2493.627
2493.876
2494.125
2494.374
2494.623
2494.872
2495.12
2495.4
2495.68
2495.96
2496.24
2496.491
2496.742
2496.993
2497.244
2497.495
2497.746
2497.997
2498.248
2498.499
2498.75
2499.001
2499.252
2499.503
2499.754
2500.005
2500.256
2500.507
2500.75
2501.187
2501.624
2502.061
2502.498
2502.935
2503.372
2503.809
2504.246
2504.683
2505.12
2505.557
2505.994
2506.431
2506.868
2507.305
2507.742
2508.179
2508.616
2509.053
2509.49
2509.927
2510.364
2510.8
2511.155
2511.51
2511.865
2512.22
2512.575
2512.93
2513.285
2513.64
2513.995
2514.35
2514.705
2515.06
2515.415
2515.77
2516.125
2516.48
2516.835
2517.19
2517.545
2517.9
2518.26
2518.62
2518.98
2519.34
2519.7
2520.06
2520.42
2520.78
2521.14
2521.5
2521.86
2522.22
2522.58
2522.94
2523.3
2523.66
2524.02
2524.38
2524.74
2525.1
2525.46
2525.83
2526.258
2526.686
2527.115
2527.543
2527.972
2528.401
2528.829
2529.258
2529.686
2530.115
2530.543
2530.972
2531.401
2531.829
2532.258
2532.686
2533.115
2533.543
2533.972
2534.4
2534.737
2535.074
2535.411
2535.748
2536.085
2536.422
2536.759
2537.096
2537.433
2537.77
2538.107
2538.444
2538.781
2539.118
2539.45
2539.812
2540.174
2540.536
2540.898
2541.26
2541.622
2541.984
2542.346
2542.708
2543.07
2543.432
2543.794
2544.156
2544.52
2544.784
2545.048
2545.312
2545.576
2545.84
2546.104
2546.368
2546.632
2546.896
2547.16
2547.424
2547.688
2547.952
2548.216
2548.48
2548.74
2548.975
2549.21
2549.445
2549.68
2549.915
2550.15
2550.385
2550.62
2550.855
2551.09
2551.325
2551.56
2551.795
2552.03
2552.265
2552.5
2552.74
2552.998
2553.256
2553.514
2553.772
2554.03
2554.288
2554.546
2554.804
2555.062
2555.32
2555.578
2555.836
2556.094
2556.352
2556.61
2556.868
2557.119
2557.412
2557.705
2557.998
2558.291
2558.584
2558.877
2559.17
2559.463
2559.756
2560.049
2560.342
2560.635
2560.928
2561.221
2561.514
2561.807
2562.1
2562.393
2562.68
2563.024
2563.368
2563.712
2564.056
2564.4
2564.744
2565.088
2565.432
2565.776
2566.12
2566.464
2566.808
2567.152
2567.496
2567.84
2568.184
2568.528
2568.869
2569.101
2569.333
2569.565
2569.797
2570.029
2570.261
2570.493
2570.725
2570.957
2571.189
2571.421
2571.653
2571.885
2572.117
2572.349
2572.581
2572.82
2573.083
2573.346
2573.609
2573.872
2574.135
2574.398
2574.661
2574.924
2575.187
2575.45
2575.713
2575.976
2576.239
2576.502
2576.765
2577.028
2577.291
2577.56
2577.861
2578.162
2578.463
2578.764
2579.065
2579.366
2579.667
2579.968
2580.269
2580.57
2580.871
2581.172
2581.473
2581.774
2582.075
2582.376
2582.68
2583.035
2583.39
2583.745
2584.1
2584.455
2584.81
2585.165
2585.52
2585.875
2586.23
2586.585
2586.94
2587.295
2587.65
2588.005
2588.36
2588.715
2589.07
2589.297
2589.524
2589.751
2589.978
2590.205
2590.432
2590.659
2590.886
2591.113
2591.34
2591.567
2591.794
2592.021
2592.248
2592.475
2592.702
2592.929
2593.15
2593.665
2594.18
2594.695
2595.21
2595.725
2596.24
2596.755
2597.27
2597.785
2598.3
2598.815
2599.33
2599.85
2600.175
2600.5
2600.825
2601.15
2601.475
2601.8
2602.125
2602.45
2602.775
2603.1
2603.425
2603.75
2604.075
2604.4
2604.725
2605.05
2605.375
2605.7
2606.025
2606.35
2606.68
2607.095
2607.51
2607.925
2608.34
2608.755
2609.17
2609.585
2610.0
2610.415
2610.83
2611.245
2611.66
2612.075
2612.49
2612.905
2613.32
2613.735
2614.15
2614.565
2614.98
2615.4
2615.866
2616.332
2616.798
2617.264
2617.73
2618.196
2618.662
2619.128
2619.594
2620.06
2620.526
2620.992
2621.458
2621.924
2622.39
2622.856
2623.33
2623.683
2624.036
2624.389
2624.742
2625.095
2625.448
2625.801
2626.154
2626.507
2626.86
2627.213
2627.566
2627.919
2628.272
2628.63
2629.104
2629.578
2630.052
2630.526
2631.0
2631.474
2631.948
2632.422
2632.896
2633.37
2633.844
2634.318
2634.792
2635.26
2635.704
2636.148
2636.592
2637.036
2637.48
2637.924
2638.368
2638.812
2639.256
2639.7
2640.144
2640.588
2641.03
2641.331
2641.632
2641.933
2642.234
2642.535
2642.836
2643.137
2643.438
2643.739
2644.04
2644.341
2644.642
2644.943
2645.244
2645.545
2645.846
2646.15
2646.398
2646.646
2646.894
2647.142
2647.39
2647.638
2647.886
2648.134
2648.382
2648.63
2648.878
2649.126
2649.374
2649.622
2649.87
2650.119
2650.377
2650.635
2650.893
2651.151
2651.409
2651.667
2651.925
2652.183
2652.441
2652.699
2652.957
2653.215
2653.473
2653.731
2653.989
2654.247
2654.505
2654.763
2655.03
2655.6
2656.17
2656.74
2657.31
2657.88
2658.45
2659.02
2659.59
2660.16
2660.73
2661.3
2661.87
2662.44
2663.01
2663.58
2664.15
2664.72
2665.29
2665.86
2666.43
2666.723
2667.016
2667.309
2667.602
2667.895
2668.188
2668.481
2668.774
2669.067
2669.36
2669.653
2669.946
2670.239
2670.532
2670.825
2671.118
2671.411
2671.704
2672.0
2672.564
2673.128
2673.692
2674.256
2674.82
2675.384
2675.948
2676.512
2677.076
2677.64
2678.204
2678.768
2679.332
2679.896
2680.46
2681.02
2681.412
2681.804
2682.196
2682.588
2682.98
2683.372
2683.764
2684.156
2684.548
2684.94
2685.332
2685.724
2686.116
2686.508
2686.9
2687.292
2687.68
2687.894
2688.108
2688.322
2688.536
2688.75
2688.964
2689.178
2689.392
2689.606
2689.82
2690.034
2690.248
2690.462
2690.676
2690.89
2691.104
2691.318
2691.532
2691.74
2692.052
2692.365
2692.677
2692.99
2693.302
2693.615
2693.927
2694.24
2694.552
2694.865
2695.177
2695.49
2695.802
2696.115
2696.427
2696.74
2697.052
2697.365
2697.677
2697.99
2698.636
2699.282
2699.928
2700.574
2701.22
2701.866
2702.512
2703.158
2703.804
2704.45
2705.096
2705.742
2706.388
2707.03
2707.608
2708.186
2708.764
2709.341
2709.918
2710.495
2711.072
2711.649
2712.226
2712.803
2713.38
2713.957
2714.534
2715.111
2715.688
2716.27
2716.593
2716.916
2717.239
2717.562
2717.885
2718.208
2718.531
2718.854
2719.177
2719.5
2719.823
2720.146
2720.469
2720.792
2721.115
2721.438
2721.76
2722.05
2722.34
2722.63
2722.92
2723.21
2723.5
2723.79
2724.08
2724.37
2724.66
2724.95
2725.24
2725.53
2725.82
2726.11
2726.4
2726.69
2726.98
2729.75
2732.52
2735.29
2738.06
2738.494
2738.928
2739.362
2739.796
2740.23
2740.664
2741.098
2741.532
2741.966
2742.4
2742.834
2743.268
2743.702
2744.136
2744.57
2745.004
2745.43
2745.831
2746.232
2746.633
2747.034
2747.435
2747.836
2748.237
2748.638
2749.039
2749.44
2749.841
2750.242
2750.643
2751.044
2751.445
2751.846
2752.24
2752.769
2753.298
2753.827
2754.356
2754.885
2755.414
2755.943
2756.472
2757.001
2757.53
2758.059
2758.588
2759.117
2759.646
2760.175
2760.704
2761.233
2761.76
2763.081
2764.402
2765.723
2767.044
2768.365
2769.686
2771.007
2772.328
2773.649
2774.97
2776.291
2777.612
2778.933
2780.26
2781.354
2782.448
2783.542
2784.636
2785.73
2786.824
2787.918
2789.012
2790.106
2791.2
2792.294
2793.388
2794.482
2795.576
2796.67
2797.76
2799.098
2800.436
2801.774
2803.112
2804.45
2805.788
2807.126
2808.464
2809.802
2811.14
2812.478
2813.816
2815.16
2815.795
2816.43
2817.065
2817.7
2818.335
2818.97
2819.605
2820.24
2820.875
2821.51
2822.145
2822.78
2823.415
2824.05
2824.685
2825.32
2825.96
2826.744
2827.528
2828.312
2829.096
2829.88
2830.664
2831.448
2832.232
2833.016
2833.8
2834.584
2835.368
2836.152
2836.936
2837.72
2838.504
2839.288
2840.08
2840.496
2840.912
2841.328
2841.744
2842.16
2842.576
2842.992
2843.408
2843.824
2844.24
2844.656
2845.072
2845.488
2845.9
2846.132
2846.364
2846.596
2846.828
2847.06
2847.292
2847.524
2847.756
2847.988
2848.22
2848.452
2848.684
2848.91
2849.724
2850.538
2851.352
2852.166
2852.98
2853.794
2854.608
2855.422
2856.236
2857.05
2857.864
2858.678
2859.492
2860.306
2861.12
2861.934
2862.748
2863.562
2864.369
2865.001
2865.633
2866.265
2866.897
2867.529
2868.161
2868.793
2869.425
2870.057
2870.689
2871.321
2871.953
2872.585
2873.217
2873.849
2874.481
2875.113
2875.745
2876.377
2877.0
2877.662
2878.324
2878.986
2879.648
2880.31
2880.972
2881.634
2882.296
2882.958
2883.62
2884.282
2884.944
2885.606
2886.268
2886.93
2887.592
2888.254
2888.916
2889.581
2889.924
2890.267
2890.61
2890.953
2891.296
2891.639
2891.982
2892.325
2892.668
2893.011
2893.354
2893.697
2894.04
2894.383
2894.72
2895.408
2896.096
2896.784
2897.472
2898.16
2898.848
2899.536
2900.224
2900.912
2901.6
2902.288
2902.976
2903.664
2904.352
2905.04
2905.728
2906.42
2906.677
2906.934
2907.191
2907.448
2907.705
2907.962
2908.219
2908.476
2908.733
2908.99
2909.247
2909.504
2909.761
2910.018
2910.275
2910.532
2910.789
2911.046
2911.31
2911.975
2912.64
2913.305
2913.97
2914.635
2915.3
2915.965
2916.63
2917.295
2917.96
2918.625
2919.29
2919.955
2920.62
2921.285
2921.95
2922.615
2923.28
2923.95
2924.286
2924.622
2924.958
2925.294
2925.63
2925.966
2926.302
2926.638
2926.974
2927.31
2927.646
2927.982
2928.318
2928.654
2928.99
2929.326
2929.662
2929.99
2930.361
2930.732
2931.103
2931.474
2931.845
2932.216
2932.587
2932.958
2933.329
2933.7
2934.071
2934.442
2934.813
2935.184
2935.555
2935.926
2936.297
2936.66
2936.959
2937.258
2937.557
2937.856
2938.155
2938.454
2938.753
2939.052
2939.351
2939.65
2939.949
2940.248
2940.547
2940.846
2941.145
2941.444
2941.75
2941.962
2942.174
2942.386
2942.598
2942.81
2943.022
2943.234
2943.446
2943.658
2943.87
2944.082
2944.294
2944.506
2944.718
2944.93
2945.142
2945.354
2945.56
2946.097
2946.635
2947.173
2947.71
2948.247
2948.784
2949.322
2949.86
2950.398
2950.936
2951.474
2952.012
2952.55
2953.088
2953.626
2954.16
2955.311
2956.462
2957.613
2958.764
2959.915
2961.066
2962.217
2963.37
2963.641
2963.912
2964.183
2964.454
2964.725
2964.996
2965.267
2965.538
2965.809
2966.08
2966.351
2966.622
2966.893
2967.164
2967.435
2967.706
2967.97
2968.439
2968.908
2969.377
2969.846
2970.315
2970.784
2971.253
2971.722
2972.191
2972.66
2973.129
2973.598
2974.067
2974.536
2975.005
2975.474
2975.943
2976.42
2976.739
2977.058
2977.377
2977.696
2978.015
2978.334
2978.653
2978.972
2979.291
2979.61
2979.929
2980.248
2980.567
2980.886
2981.205
2981.524
2981.84
2982.141
2982.442
2982.743
2983.044
2983.345
2983.646
2983.947
2984.248
2984.549
2984.85
2985.151
2985.452
2985.753
2986.054
2986.355
2986.656
2986.957
2987.25
2987.676
2988.102
2988.528
2988.954
2989.38
2989.806
2990.232
2990.658
2991.084
2991.51
2991.936
2992.362
2992.788
2993.214
2993.64
2994.066
2994.492
2994.918
2995.34
2996.059
2996.778
2997.497
2998.216
2998.935
2999.654
3000.373
3001.092
3001.811
3002.53
3003.249
3003.968
3004.687
3005.406
3006.13
3007.139
3008.148
3009.157
3010.166
3011.175
3012.184
3013.193
3014.202
3015.211
3016.22
3017.229
3018.238
3019.247
3020.256
3021.26
3021.748
3022.236
3022.724
3023.212
3023.7
3024.188
3024.676
3025.164
3025.652
3026.14
3026.628
3027.116
3027.604
3028.092
3028.58
3029.068
3029.556
3030.05
3032.547
3035.044
3037.541
3040.038
3042.535
3045.032
3047.529
3050.026
3052.52
3052.75
3052.98
3053.21
3053.44
3053.67
3053.9
3054.13
3054.36
3054.59
3054.82
3055.05
3055.28
3055.51
3055.74
3055.97
3056.2
3056.43
3056.66
3059.682
3062.704
3065.726
3068.748
3071.77
3074.792
3077.814
3080.836
3083.858
3086.88
3089.902
3092.924
3095.946
3098.968
3101.99
3105.012
3108.03
3108.363
3108.696
3109.029
3109.362
3109.695
3110.028
3110.361
3110.694
3111.027
3111.36
3111.693
3112.026
3112.359
3112.692
3113.025
3113.358
3113.691
3114.02
3114.681
3115.342
3116.003
3116.664
3117.325
3117.986
3118.647
3119.308
3119.969
3120.63
3121.291
3121.952
3122.613
3123.271
3123.943
3124.615
3125.287
3125.959
3126.631
3127.303
3127.975
3128.647
3129.319
3129.991
3130.663
3131.335
3132.007
3132.679
3133.351
3134.023
3134.7
3135.508
3136.316
3137.124
3137.932
3138.74
3139.548
3140.356
3141.164
3141.972
3142.78
3143.588
3144.396
3145.204
3146.012
3146.82
3147.63
3148.017
3148.404
3148.791
3149.178
3149.565
3149.952
3150.339
3150.726
3151.113
3151.5
3151.887
3152.27
3153.134
3153.998
3154.862
3155.726
3156.59
3157.454
3158.318
3159.182
3160.046
3160.91
3161.774
3162.638
3163.502
3164.366
3165.23
3166.094
3166.958
3167.83
3167.83
3167.83
3167.83
3167.83
3167.83
3167.83
3167.83
3167.83
3167.83
3167.83
3167.83
3167.83
