73.369
73.601
73.833
74.065
74.297
74.529
74.761
74.993
75.225
75.457
75.689
75.921
76.153
76.385
76.617
76.849
77.081
77.31
77.69
78.07
78.45
78.83
79.21
79.59
79.97
80.35
80.73
81.11
81.49
81.87
82.25
82.63
83.01
83.39
83.552
83.714
83.876
84.038
84.2
84.362
84.524
84.686
84.848
85.01
85.172
85.334
85.496
85.658
85.819
86.584
87.349
88.114
88.879
89.644
90.409
91.174
91.939
92.704
93.469
94.234
94.999
95.764
96.529
97.294
98.059
98.829
99.623
100.417
101.211
102.005
102.799
103.593
104.387
105.181
105.975
106.769
107.563
108.357
109.151
109.945
110.739
111.533
112.327
113.129
113.622
114.115
114.608
115.101
115.594
116.087
116.58
117.073
117.566
118.059
118.552
119.045
119.538
120.031
120.524
121.017
121.51
122.003
122.496
122.979
123.511
124.043
124.575
125.107
125.639
126.171
126.703
127.235
127.767
128.299
128.629
128.959
129.289
129.619
129.949
130.279
130.609
130.939
131.269
131.599
131.929
132.259
132.589
132.919
133.249
133.579
133.909
134.239
134.569
134.9
135.178
135.456
135.733
136.011
136.288
136.566
136.844
137.121
137.399
137.677
137.954
138.232
138.51
138.787
139.065
139.343
139.62
139.898
140.175
140.45
140.655
140.86
141.065
141.27
141.475
141.68
141.885
142.09
142.295
142.5
142.705
142.91
143.115
143.32
143.525
143.73
143.935
144.14
144.34
144.659
144.978
145.297
145.616
145.935
146.254
146.573
146.892
147.211
147.53
147.849
148.168
148.487
148.806
149.125
149.444
149.761
150.085
150.409
150.733
151.057
151.381
151.705
152.029
152.353
152.677
153.001
153.325
153.649
153.973
154.297
154.621
154.945
155.269
155.593
155.917
156.241
156.56
157.214
157.868
158.522
159.176
159.83
160.484
161.138
161.792
162.446
163.1
163.754
164.408
165.062
165.716
166.37
167.024
167.68
168.079
168.478
168.877
169.276
169.675
170.074
170.473
170.872
171.271
171.67
172.069
172.468
172.867
173.266
173.665
174.064
174.463
174.859
175.211
175.563
175.915
176.267
176.619
176.971
177.323
177.675
178.027
178.379
178.731
179.083
179.435
179.787
180.139
180.489
180.883
181.278
181.672
182.066
182.46
182.855
183.249
183.643
184.037
184.431
184.826
185.22
185.614
186.008
186.403
186.797
187.191
187.585
187.98
188.379
188.719
189.059
189.399
189.739
190.079
190.419
190.759
191.099
191.439
191.779
192.119
192.459
192.799
193.139
193.479
193.819
194.16
194.437
194.714
194.991
195.268
195.545
195.822
196.099
196.376
196.653
196.93
197.207
197.484
197.761
198.038
198.315
198.592
198.869
199.146
199.423
199.709
200.05
200.391
200.732
201.073
201.414
201.755
202.096
202.437
202.778
203.119
203.46
203.801
204.142
204.483
204.824
205.165
205.506
205.847
206.189
206.489
206.789
207.089
207.389
207.689
207.989
208.289
208.589
208.889
209.189
209.489
209.789
210.089
210.389
210.689
210.989
211.289
211.589
211.889
212.19
212.518
212.846
213.174
213.502
213.83
214.158
214.486
214.814
215.142
215.47
215.798
216.126
216.454
216.782
217.11
217.438
217.766
218.094
218.422
218.75
219.079
219.431
219.783
220.135
220.487
220.839
221.191
221.543
221.895
222.247
222.599
222.951
223.303
223.655
224.007
224.359
224.711
225.063
225.415
225.76
228.566
231.373
234.179
236.986
239.792
242.599
243.272
243.945
244.618
245.291
245.964
246.637
247.31
247.983
248.656
249.329
250.002
250.675
251.348
252.021
252.694
253.367
254.04
254.719
255.458
256.197
256.936
257.675
258.414
259.153
259.892
260.631
261.37
262.109
262.848
263.587
264.326
265.065
265.804
266.543
267.289
267.586
267.883
268.18
268.477
268.774
269.071
269.368
269.665
269.962
270.259
270.556
270.853
271.15
271.447
271.744
272.041
272.338
272.635
272.932
273.229
273.53
273.885
274.24
274.595
274.95
275.305
275.66
276.015
276.37
276.725
277.08
277.435
277.79
278.145
278.5
278.855
279.21
279.57
279.922
280.274
280.626
280.978
281.33
281.682
282.034
282.386
282.738
283.09
283.442
283.794
284.146
284.498
284.85
285.202
285.561
286.104
286.647
287.19
287.733
288.276
288.819
289.362
289.905
290.448
290.991
291.534
292.077
292.62
293.163
293.706
294.249
294.792
295.335
295.87
296.14
296.41
296.681
296.952
297.222
297.492
297.763
298.034
298.304
298.574
298.845
299.115
299.385
299.655
299.925
300.196
300.466
300.736
301.006
301.28
301.577
301.875
302.173
302.471
302.769
303.067
303.365
303.663
303.961
304.259
304.557
304.855
305.153
305.451
305.749
306.047
306.345
306.643
306.94
307.23
307.727
308.224
308.721
309.218
309.715
310.21
310.519
310.828
311.137
311.446
311.755
312.064
312.373
312.682
312.991
313.3
313.609
313.918
314.227
314.536
314.845
315.154
315.463
315.779
316.262
316.745
317.228
317.711
318.194
318.677
319.16
319.643
320.126
320.609
321.092
321.575
322.058
322.541
323.024
323.507
323.99
324.469
324.7
324.931
325.162
325.393
325.624
325.855
326.086
326.317
326.548
326.779
327.01
327.241
327.472
327.703
327.934
328.165
328.396
328.627
328.86
329.549
330.238
330.927
331.616
332.305
332.994
333.683
334.372
335.061
335.75
336.439
337.128
337.817
338.506
339.195
339.884
340.569
340.837
341.105
341.373
341.641
341.909
342.177
342.445
342.713
342.981
343.249
343.517
343.785
344.053
344.321
344.589
344.857
345.125
345.393
345.669
346.113
346.557
347.001
347.445
347.889
348.333
348.777
349.221
349.665
350.109
350.553
350.997
351.441
351.885
352.329
352.773
353.217
353.661
354.105
354.55
354.878
355.206
355.534
355.862
356.19
356.518
356.846
357.174
357.502
357.83
358.158
358.486
358.814
359.139
359.51
359.881
360.252
360.624
360.995
361.366
361.737
362.109
362.481
362.852
363.223
363.595
363.966
364.34
364.539
364.738
364.937
365.136
365.335
365.534
365.733
365.932
366.131
366.33
366.529
366.728
366.927
367.126
367.325
367.524
367.723
367.922
368.129
368.491
368.853
369.215
369.577
369.939
370.301
370.663
371.025
371.387
371.749
372.111
372.473
372.835
373.197
373.559
373.921
374.283
374.645
375.007
375.36
375.849
376.338
376.827
377.316
377.805
378.294
378.783
379.272
379.761
380.25
380.739
381.228
381.717
382.206
382.695
383.184
383.673
384.159
384.598
385.037
385.476
385.915
386.354
386.793
387.232
387.671
388.11
388.549
388.988
389.427
389.866
390.305
390.744
391.183
391.622
392.06
392.427
392.794
393.161
393.528
393.895
394.262
394.629
394.996
395.363
395.73
396.097
396.464
396.831
397.198
397.565
397.932
398.299
398.669
399.237
399.805
400.373
400.941
401.509
402.077
402.645
403.21
403.526
403.842
404.158
404.474
404.79
405.106
405.422
405.738
406.054
406.37
406.686
407.002
407.318
407.634
407.95
408.266
408.582
408.898
409.214
409.53
409.766
410.002
410.238
410.474
410.71
410.946
411.182
411.418
411.654
411.89
412.126
412.362
412.598
412.834
413.07
413.306
413.542
413.778
414.02
414.257
414.494
414.731
414.968
415.205
415.442
415.679
415.916
416.153
416.39
416.627
416.864
417.101
417.338
417.575
417.812
418.049
418.28
418.559
418.838
419.117
419.396
419.675
419.954
420.233
420.512
420.791
421.07
421.349
421.628
421.907
422.186
422.465
422.744
423.023
423.3
423.649
423.998
424.347
424.696
425.045
425.394
425.743
426.092
426.441
426.79
427.139
427.488
427.837
428.186
428.535
428.889
429.36
429.831
430.302
430.773
431.244
431.715
432.186
432.657
433.128
433.599
434.07
434.541
435.012
435.483
435.954
436.425
436.896
437.36
437.801
438.242
438.683
439.124
439.565
440.006
440.447
440.888
441.329
441.77
442.211
442.652
443.093
443.534
443.975
444.409
445.032
445.655
446.278
446.901
447.524
448.147
448.77
449.393
450.016
450.639
451.262
451.885
452.508
453.131
453.754
454.379
455.216
456.053
456.89
457.727
458.564
459.401
460.238
461.075
461.912
462.749
463.586
464.423
465.26
466.097
466.934
467.771
468.608
469.439
469.874
470.309
470.744
471.179
471.614
472.049
472.484
472.919
473.354
473.789
474.224
474.659
475.094
475.529
475.964
476.399
476.834
477.27
477.758
478.246
478.734
479.222
479.71
480.198
480.686
481.174
481.662
482.15
482.638
483.126
483.614
484.102
484.59
485.078
485.569
485.815
486.061
486.307
486.553
486.799
487.045
487.291
487.537
487.783
488.029
488.275
488.521
488.767
489.013
489.259
489.505
489.751
489.997
490.24
490.695
491.15
491.605
492.06
492.515
492.97
493.425
493.88
494.335
494.79
495.245
495.7
496.155
496.61
497.06
497.322
497.584
497.846
498.108
498.37
498.632
498.894
499.156
499.418
499.68
499.942
500.204
500.466
500.728
500.99
501.26
501.769
502.278
502.787
503.296
503.805
504.314
504.823
505.332
505.841
506.35
506.859
507.368
507.877
508.386
508.895
509.404
509.919
510.262
510.605
510.948
511.291
511.634
511.977
512.32
512.663
513.006
513.349
513.692
514.035
514.378
514.721
515.06
515.301
515.542
515.783
516.024
516.265
516.506
516.747
516.988
517.229
517.47
517.711
517.952
518.193
518.434
518.675
518.916
519.157
519.39
519.699
520.008
520.317
520.626
520.935
521.244
521.553
521.862
522.171
522.48
522.789
523.098
523.407
523.716
524.025
524.334
524.64
524.912
525.184
525.456
525.728
526.0
526.272
526.544
526.816
527.088
527.36
527.632
527.904
528.176
528.448
528.72
529.206
529.692
530.178
530.664
531.15
531.636
532.122
532.608
533.094
533.58
534.066
534.552
535.038
535.524
536.01
536.496
536.982
537.468
537.96
538.276
538.592
538.908
539.224
539.54
540.021
540.502
540.983
541.464
541.945
542.426
542.907
543.388
543.869
544.35
544.831
545.312
545.793
546.274
546.755
547.236
547.72
548.582
549.444
550.306
551.168
552.03
552.892
553.754
554.616
555.478
556.34
557.202
558.064
558.926
559.788
560.65
561.512
562.374
563.236
564.1
564.612
565.124
565.636
566.148
566.66
567.172
567.684
568.196
568.708
569.22
569.732
570.244
570.756
571.268
571.78
572.421
573.062
573.703
574.344
574.985
575.626
576.267
576.908
577.549
578.19
578.831
579.472
580.113
580.754
581.395
582.04
582.346
582.652
582.958
583.264
583.57
583.876
584.182
584.488
584.794
585.1
585.406
585.712
586.018
586.324
586.63
586.936
587.242
587.54
587.915
588.29
588.665
589.04
589.415
589.79
590.165
590.54
590.915
591.29
591.665
592.04
592.415
592.79
593.165
593.54
593.92
594.246
594.572
594.898
595.224
595.55
595.876
596.202
596.528
596.854
597.18
597.506
597.832
598.158
598.484
598.81
599.136
599.462
599.788
600.114
600.44
600.769
601.145
601.521
601.897
602.273
602.649
603.025
603.401
603.777
604.153
604.529
604.905
605.281
605.657
606.033
606.409
606.779
607.223
607.667
608.111
608.555
608.999
609.443
609.887
610.331
610.775
611.219
611.663
612.107
612.551
612.995
613.439
613.889
614.413
614.937
615.461
615.985
616.509
617.033
617.557
618.081
618.605
619.129
619.653
620.177
620.701
621.225
621.75
622.111
622.472
622.833
623.194
623.555
623.916
624.277
624.638
624.999
625.36
625.721
626.082
626.443
626.804
627.16
627.498
627.836
628.174
628.512
628.85
629.188
629.526
629.864
630.202
630.54
630.878
631.216
631.554
631.892
632.23
632.568
632.91
633.282
633.654
634.026
634.398
634.77
635.142
635.514
635.886
636.258
636.63
637.002
637.374
637.746
638.118
638.49
638.862
639.234
639.61
639.944
640.278
640.612
640.946
641.28
641.614
641.948
642.282
642.616
642.95
643.284
643.618
643.952
644.286
644.62
644.954
645.288
645.63
645.921
646.212
646.503
646.794
647.085
647.376
647.667
647.958
648.249
648.54
648.831
649.122
649.413
649.704
649.995
650.286
650.577
650.868
651.159
651.45
652.064
652.678
653.292
653.906
654.52
655.134
655.748
656.362
656.976
657.59
658.204
658.818
659.432
660.046
660.66
661.274
661.88
662.236
662.592
662.948
663.304
663.66
664.016
664.372
664.728
665.084
665.44
665.796
666.152
666.508
666.864
667.22
667.576
667.932
668.288
668.644
669.0
669.346
669.692
670.038
670.384
670.73
671.076
671.422
671.768
672.114
672.46
672.806
673.152
673.498
673.844
674.19
674.536
674.882
675.23
675.728
676.226
676.724
677.222
677.72
678.218
678.716
679.214
679.712
680.21
680.708
681.206
681.704
682.202
682.7
683.198
683.696
684.194
684.692
685.19
685.69
686.196
686.702
687.208
687.714
688.22
688.726
689.232
689.738
690.244
690.75
691.256
691.762
692.268
692.774
693.28
693.786
694.3
694.678
695.056
695.434
695.812
696.19
696.568
696.946
697.324
697.702
698.08
698.458
698.836
699.214
699.592
699.97
700.348
700.726
701.104
701.482
701.85
702.77
703.69
704.071
704.452
704.832
705.212
705.592
705.972
706.352
706.732
707.112
707.492
707.872
708.252
708.632
709.012
709.392
709.773
710.154
710.534
710.914
711.3
711.842
712.384
712.926
713.468
714.01
714.552
715.094
715.636
716.178
716.72
717.262
717.804
718.346
718.888
719.43
719.972
720.514
721.056
721.598
722.139
722.923
723.707
724.491
725.275
726.059
726.843
727.627
728.411
729.195
729.98
730.764
731.548
732.332
733.116
733.9
734.684
735.468
736.26
736.644
737.028
737.412
737.796
738.18
738.564
738.948
739.332
739.716
740.1
740.484
740.868
741.252
741.636
742.02
742.404
742.788
743.172
743.56
743.784
744.008
744.232
744.456
744.68
744.904
745.128
745.352
745.576
745.8
746.024
746.248
746.472
746.696
746.92
747.144
747.368
747.592
747.82
748.104
748.388
748.672
748.956
749.24
749.524
749.808
750.092
750.376
750.66
750.944
751.228
751.512
751.796
752.08
752.364
752.648
752.932
753.216
753.5
753.79
754.09
754.39
754.69
754.99
755.29
755.59
755.89
756.19
756.49
756.79
757.09
757.39
757.69
757.99
758.29
758.59
758.889
759.158
759.427
759.696
759.965
760.234
760.503
760.772
761.041
761.31
761.579
761.848
762.117
762.386
762.655
762.924
763.191
763.477
763.763
764.049
764.335
764.621
764.907
765.193
765.479
765.765
766.051
766.337
766.623
766.909
767.195
767.481
767.767
768.053
768.339
768.577
768.815
769.053
769.291
769.529
769.767
770.005
770.243
770.481
770.719
770.957
771.195
771.433
771.671
771.909
772.147
772.385
772.62
773.364
774.108
774.852
775.596
776.34
777.084
777.828
778.572
779.316
780.06
780.804
781.548
782.292
783.036
783.78
784.524
785.268
786.01
786.306
786.602
786.898
787.194
787.49
787.786
788.082
788.378
788.674
788.97
789.27
789.706
790.142
790.578
791.014
791.45
791.886
792.322
792.758
793.194
793.63
794.066
794.502
794.938
795.374
795.81
796.246
796.682
797.118
797.554
797.99
798.426
798.862
799.298
799.74
800.609
801.478
802.346
803.215
804.084
804.952
805.821
806.69
807.559
808.428
809.297
810.166
811.035
811.904
812.773
813.642
814.511
815.38
816.249
817.11
817.596
818.082
818.568
819.054
819.54
820.026
820.512
820.998
821.484
821.97
822.456
822.942
823.428
823.914
824.399
824.624
824.849
825.074
825.299
825.524
825.749
825.974
826.199
826.424
826.649
826.874
827.099
827.324
827.549
827.774
827.999
828.224
828.449
828.68
829.009
829.338
829.667
829.996
830.325
830.654
830.983
831.312
831.641
831.97
832.299
832.628
832.957
833.286
833.615
833.944
834.273
834.602
834.93
835.172
835.414
835.656
835.898
836.14
836.382
836.624
836.866
837.108
837.35
837.592
837.834
838.076
838.318
838.56
838.802
839.04
839.407
839.774
840.141
840.508
840.875
841.242
841.609
841.976
842.343
842.71
843.077
843.444
843.811
844.178
844.545
844.912
845.279
845.646
846.013
846.38
846.585
846.79
846.995
847.2
847.405
847.61
847.815
848.02
848.225
848.43
848.635
848.84
849.045
849.25
849.459
849.78
850.101
850.422
850.743
851.064
851.385
851.706
852.027
852.348
852.669
852.99
853.311
853.632
853.953
854.274
854.595
854.916
855.237
855.558
855.88
856.297
856.714
857.131
857.548
857.965
858.382
858.799
859.216
859.633
860.05
860.467
860.884
861.301
861.718
862.135
862.552
862.969
863.386
863.81
864.217
864.624
865.031
865.438
865.845
866.252
866.659
867.066
867.473
867.88
868.287
868.694
869.101
869.508
869.915
870.322
870.729
871.139
871.407
871.675
871.943
872.211
872.479
872.747
873.015
873.283
873.551
873.819
874.087
874.355
874.623
874.891
875.159
875.427
875.69
876.096
876.502
876.908
877.314
877.72
878.126
878.532
878.938
879.344
879.75
880.156
880.562
880.968
881.374
881.78
882.186
882.592
882.998
883.41
883.65
883.89
884.13
884.37
884.611
884.851
885.091
885.332
885.572
885.812
886.053
886.293
886.534
886.774
887.014
887.255
887.495
887.736
887.976
888.22
888.615
889.01
889.405
889.8
890.195
890.59
890.985
891.38
891.775
892.17
892.565
892.96
893.355
893.75
894.145
894.54
894.935
895.33
895.72
896.116
896.512
896.908
897.304
897.7
898.096
898.492
898.888
899.284
899.68
900.076
900.472
900.868
901.264
901.66
902.056
902.452
902.848
903.25
903.527
903.804
904.081
904.358
904.635
904.912
905.189
905.466
905.743
906.02
906.297
906.574
906.851
907.13
907.435
907.74
908.045
908.35
908.655
908.96
909.265
909.57
909.875
910.18
910.485
910.79
911.095
911.4
911.705
912.01
912.315
912.62
912.986
913.351
913.716
914.082
914.447
914.812
915.178
915.543
915.909
916.274
916.639
917.005
917.37
917.736
918.101
918.466
918.832
919.197
919.562
919.93
920.207
920.484
920.761
921.038
921.315
921.592
921.869
922.146
922.423
922.7
922.977
923.254
923.531
923.808
924.085
924.362
924.639
925.003
925.367
925.731
926.095
926.459
926.823
927.187
927.551
927.915
928.279
928.643
929.007
929.371
929.735
930.099
930.463
930.827
931.199
931.525
931.851
932.177
932.503
932.829
933.155
933.481
933.807
934.133
934.459
934.785
935.111
935.437
935.763
936.089
936.415
936.741
937.067
937.399
937.812
938.225
938.638
939.051
939.464
939.877
940.29
940.703
941.116
941.529
941.942
942.355
942.768
943.181
943.594
944.007
944.421
944.742
945.063
945.384
945.705
946.026
946.347
946.668
946.989
947.31
947.631
947.952
948.273
948.594
948.915
949.236
949.557
949.878
950.199
950.529
950.895
951.261
951.627
951.993
952.359
952.725
953.091
953.457
953.823
954.189
954.555
954.921
955.287
955.653
956.019
956.332
956.645
956.958
957.271
957.584
957.897
958.21
958.523
958.836
959.149
959.462
959.775
960.088
960.401
960.72
961.111
961.502
961.893
962.284
962.675
963.066
963.457
963.848
964.239
964.63
965.021
965.412
965.803
966.194
966.585
966.97
967.405
967.84
968.275
968.71
969.145
969.58
970.015
970.45
970.885
971.32
971.755
972.19
972.625
973.06
973.495
973.93
974.365
974.8
975.235
975.67
976.184
976.698
977.212
977.726
978.24
978.754
979.269
979.456
979.643
979.83
980.017
980.204
980.391
980.578
980.765
980.952
981.139
981.326
981.513
981.7
981.887
982.074
982.261
982.448
982.635
982.829
983.086
983.343
983.6
983.857
984.114
984.371
984.628
984.885
985.142
985.399
985.656
985.913
986.17
986.427
986.684
986.941
987.198
987.46
987.702
987.944
988.186
988.428
988.67
988.912
989.154
989.396
989.638
989.88
990.122
990.364
990.606
990.848
991.09
991.332
991.574
991.81
992.376
992.942
993.508
994.074
994.64
995.206
995.772
996.338
996.904
997.47
998.036
998.602
999.168
999.734
1000.3
1000.866
1001.432
1001.99
1002.222
1002.454
1002.686
1002.918
1003.15
1003.382
1003.614
1003.846
1004.078
1004.31
1004.542
1004.774
1005.006
1005.238
1005.47
1005.702
1005.934
1006.17
1006.562
1006.954
1007.346
1007.738
1008.129
1008.812
1009.495
1010.178
1010.861
1011.544
1012.227
1012.91
1013.593
1014.276
1014.959
1015.642
1016.325
1017.008
1017.691
1018.374
1019.057
1019.74
1020.43
1021.173
1021.916
1022.659
1023.402
1024.145
1024.888
1025.631
1026.374
1027.117
1027.86
1028.603
1029.346
1030.089
1030.832
1031.575
1032.318
1033.061
1033.8
1034.165
1034.53
1034.895
1035.26
1035.625
1035.99
1036.355
1036.72
1037.085
1037.45
1037.815
1038.18
1038.545
1038.91
1039.275
1039.64
1040.01
1040.419
1040.828
1041.237
1041.646
1042.055
1042.464
1042.873
1043.282
1043.691
1044.1
1044.509
1044.918
1045.327
1045.736
1046.145
1046.56
1046.943
1047.326
1047.709
1048.092
1048.475
1048.858
1049.241
1049.624
1050.007
1050.39
1050.773
1051.156
1051.539
1051.922
1052.305
1052.688
1053.071
1053.46
1053.891
1054.322
1054.753
1055.184
1055.615
1056.046
1056.477
1056.908
1057.339
1057.77
1058.201
1058.632
1059.063
1059.494
1059.925
1060.356
1060.787
1061.22
1061.626
1062.032
1062.438
1062.844
1063.25
1063.656
1064.062
1064.468
1064.874
1065.28
1065.686
1066.092
1066.498
1066.904
1067.31
1067.716
1068.129
1068.567
1069.005
1069.443
1069.881
1070.319
1070.757
1071.195
1071.633
1072.071
1072.509
1072.947
1073.385
1073.823
1074.261
1074.699
1075.137
1075.58
1075.956
1076.332
1076.708
1077.084
1077.46
1077.836
1078.212
1078.588
1078.964
1079.34
1079.716
1080.092
1080.468
1080.844
1081.22
1081.596
1081.972
1082.348
1082.72
1083.143
1083.566
1083.989
1084.412
1084.835
1085.258
1085.681
1086.104
1086.527
1086.95
1087.373
1087.796
1088.219
1088.642
1089.065
1089.488
1089.91
1090.382
1090.854
1091.326
1091.798
1092.27
1092.742
1093.214
1093.686
1094.158
1094.63
1095.102
1095.574
1096.046
1096.518
1096.99
1097.462
1097.94
1098.543
1099.146
1099.749
1100.352
1100.955
1101.558
1102.161
1102.764
1103.367
1103.97
1104.573
1105.176
1105.779
1106.382
1106.985
1107.588
1108.191
1108.794
1109.397
1109.991
1111.49
1111.947
1112.404
1112.861
1113.318
1113.775
1114.232
1114.689
1115.146
1115.603
1116.06
1116.517
1116.974
1117.431
1117.888
1118.34
1118.727
1119.114
1119.501
1119.888
1120.275
1120.662
1121.049
1121.436
1121.823
1122.21
1122.597
1122.984
1123.371
1123.758
1124.145
1124.532
1124.92
1125.174
1125.428
1125.682
1125.936
1126.19
1126.444
1126.698
1126.952
1127.206
1127.46
1127.714
1127.968
1128.222
1128.476
1128.73
1128.984
1129.238
1129.492
1129.746
1130.0
1130.254
1130.5
1131.165
1131.83
1132.495
1133.16
1133.825
1134.49
1135.155
1135.82
1136.485
1137.15
1137.815
1138.48
1139.145
1139.81
1140.475
1141.14
1141.805
1142.47
1143.135
1143.8
1144.46
1145.473
1146.486
1147.499
1148.512
1149.525
1150.538
1151.551
1152.564
1153.577
1154.59
1155.603
1156.616
1157.629
1158.642
1159.655
1160.668
1161.681
1162.69
1162.996
1163.302
1163.608
1163.914
1164.22
1164.526
1164.832
1165.138
1165.444
1165.75
1166.056
1166.362
1166.668
1166.974
1167.28
1167.586
1167.892
1168.19
1168.674
1169.158
1169.642
1170.126
1170.61
1171.094
1171.578
1172.062
1172.546
1173.03
1173.514
1173.998
1174.482
1174.966
1175.45
1175.934
1176.419
1176.811
1177.203
1177.595
1177.987
1178.379
1178.771
1179.163
1179.555
1179.947
1180.339
1180.731
1181.123
1181.515
1181.907
1182.299
1182.691
1183.083
1183.475
1183.86
1184.344
1184.828
1185.312
1185.796
1186.28
1186.764
1187.248
1187.732
1188.216
1188.7
1189.184
1189.668
1190.152
1190.636
1191.12
1191.604
1192.088
1192.57
1193.276
1193.982
1194.688
1195.394
1196.1
1196.806
1197.512
1198.218
1198.924
1199.63
1200.336
1201.042
1201.748
1202.454
1203.16
1204.046
1204.932
1205.818
1206.704
1207.59
1208.476
1209.362
1210.248
1211.134
1212.02
1212.906
1213.792
1214.678
1215.559
1216.013
1216.467
1216.921
1217.375
1217.83
1218.206
1218.582
1218.958
1219.334
1219.71
1220.086
1220.462
1220.838
1221.214
1221.59
1221.966
1222.342
1222.718
1223.094
1223.47
1223.846
1224.23
1224.711
1225.192
1225.673
1226.154
1226.635
1227.116
1227.597
1228.078
1228.559
1229.04
1229.521
1230.002
1230.483
1230.964
1231.445
1231.926
1232.407
1232.888
1233.36
1234.0
1234.64
1235.28
1235.92
1236.56
1237.2
1237.84
1238.48
1239.12
1239.76
1240.4
1241.04
1241.68
1242.32
1242.96
1243.6
1244.24
1244.88
1245.52
1246.16
1246.809
1247.511
1248.213
1248.915
1249.617
1250.319
1251.021
1251.723
1252.425
1253.127
1253.829
1254.531
1255.233
1255.94
1256.283
1256.626
1256.969
1257.312
1257.655
1257.998
1258.341
1258.684
1259.027
1259.37
1259.713
1260.056
1260.399
1260.742
1261.085
1261.428
1261.771
1262.114
1262.46
1262.85
1263.24
1263.63
1264.02
1264.41
1264.8
1265.19
1265.58
1265.97
1266.36
1266.75
1267.14
1267.53
1267.92
1268.31
1268.7
1269.09
1269.592
1270.094
1270.596
1271.098
1271.6
1272.102
1272.604
1273.106
1273.608
1274.11
1274.612
1275.114
1275.616
1276.118
1276.62
1277.122
1277.624
1278.12
1278.798
1279.476
1280.154
1280.832
1281.51
1282.188
1282.866
1283.544
1284.222
1284.9
1285.578
1286.256
1286.934
1287.612
1288.29
1288.968
1289.646
1290.33
1291.005
1291.681
1292.357
1293.033
1293.708
1294.384
1295.06
1295.736
1296.412
1297.088
1297.764
1298.439
1299.115
1299.791
1300.466
1301.141
1301.817
1302.493
1303.168
1303.84
1304.324
1304.808
1305.292
1305.776
1306.26
1306.744
1307.228
1307.712
1308.196
1308.68
1309.164
1309.648
1310.132
1310.616
1311.1
1311.58
1311.915
1312.25
1312.585
1312.92
1313.255
1313.59
1313.925
1314.26
1314.595
1314.93
1315.265
1315.6
1315.935
1316.27
1316.605
1316.94
1317.275
1317.61
1317.945
1318.28
1318.62
1319.022
1319.424
1319.826
1320.228
1320.63
1321.032
1321.434
1321.836
1322.238
1322.64
1323.042
1323.444
1323.846
1324.248
1324.65
1325.05
1327.0
1328.95
1330.9
1332.85
1334.8
1336.75
1338.7
1340.65
1341.049
1341.448
1341.847
1342.246
1342.645
1343.044
1343.443
1343.842
1344.241
1344.64
1345.039
1345.438
1345.837
1346.236
1346.635
1347.034
1347.433
1347.84
1348.077
1348.314
1348.551
1348.788
1349.025
1349.262
1349.499
1349.736
1349.973
1350.21
1350.447
1350.684
1350.921
1351.158
1351.395
1351.632
1351.869
1352.106
1352.35
1353.171
1353.992
1354.813
1355.634
1356.455
1357.276
1358.097
1358.918
1359.739
1360.56
1361.381
1362.202
1363.023
1363.844
1364.665
1365.486
1366.307
1367.128
1367.949
1368.77
1369.6
1370.671
1371.742
1372.813
1373.884
1374.955
1376.026
1377.097
1378.168
1379.239
1380.31
1381.381
1382.452
1383.523
1384.594
1385.665
1386.736
1387.807
1388.87
1389.403
1389.936
1390.469
1391.002
1391.535
1392.068
1392.601
1393.134
1393.667
1394.2
1394.733
1395.266
1395.799
1396.332
1396.87
1397.298
1397.726
1398.154
1398.582
1399.01
1399.438
1399.866
1400.294
1400.722
1401.15
1401.578
1402.006
1402.434
1402.862
1403.29
1403.718
1404.14
1404.513
1404.885
1405.257
1405.63
1406.003
1406.375
1406.747
1407.12
1407.492
1407.864
1408.236
1408.609
1408.981
1409.353
1409.726
1410.1
1410.493
1410.886
1411.279
1411.672
1412.065
1412.458
1412.851
1413.244
1413.637
1414.03
1414.423
1414.816
1415.209
1415.602
1415.995
1416.39
1417.079
1417.768
1418.457
1419.146
1419.835
1420.524
1421.21
1421.478
1421.746
1422.014
1422.282
1422.55
1422.818
1423.086
1423.354
1423.622
1423.89
1424.158
1424.426
1424.694
1424.962
1425.23
1425.498
1425.766
1426.029
1426.802
1427.575
1428.348
1429.121
1429.894
1430.667
1431.44
1432.213
1432.986
1433.759
1434.532
1435.305
1436.078
1436.85
1437.282
1437.714
1438.146
1438.578
1439.01
1439.442
1439.874
1440.306
1440.738
1441.17
1441.602
1442.034
1442.466
1442.898
1443.33
1443.762
1444.194
1444.626
1445.058
1445.49
1445.921
1446.463
1447.005
1447.547
1448.089
1448.631
1449.173
1449.715
1450.257
1450.799
1451.341
1451.883
1452.425
1452.967
1453.509
1454.051
1454.593
1455.135
1455.677
1456.219
1456.76
1457.509
1458.258
1459.007
1459.756
1460.505
1461.254
1462.003
1462.752
1463.501
1464.25
1464.999
1465.748
1466.497
1467.246
1467.995
1468.744
1469.493
1470.242
1471.0
1471.365
1471.73
1472.095
1472.46
1472.825
1473.19
1473.555
1473.92
1474.285
1474.65
1475.015
1475.38
1475.745
1476.11
1476.475
1476.84
1477.205
1477.57
1477.94
1478.692
1479.444
1480.196
1480.948
1481.7
1482.452
1483.204
1483.956
1484.708
1485.46
1486.212
1486.964
1487.716
1488.468
1489.22
1489.972
1490.72
1491.128
1491.536
1491.944
1492.352
1492.76
1493.168
1493.576
1493.984
1494.392
1494.8
1495.208
1495.616
1496.024
1496.432
1496.84
1497.248
1497.65
1498.339
1499.028
1499.717
1500.406
1501.095
1501.784
1502.473
1503.162
1503.851
1504.54
1505.229
1505.918
1506.607
1507.296
1507.985
1508.674
1509.363
1510.052
1510.741
1511.43
1512.119
1512.808
1513.5
1513.986
1514.473
1514.959
1515.446
1515.932
1516.418
1516.904
1517.39
1517.877
1518.363
1518.85
1519.336
1519.822
1520.308
1520.794
1521.281
1521.767
1522.254
1522.74
1523.23
1523.539
1523.848
1524.157
1524.466
1524.775
1525.084
1525.393
1525.702
1526.011
1526.32
1526.629
1526.938
1527.247
1527.556
1527.865
1528.17
1528.402
1528.634
1528.866
1529.098
1529.33
1529.562
1529.794
1530.026
1530.258
1530.49
1530.722
1530.954
1531.186
1531.418
1531.65
1531.882
1532.114
1532.346
1532.57
1533.224
1533.878
1534.532
1535.186
1535.84
1536.494
1537.148
1537.802
1538.456
1539.11
1539.764
1540.418
1541.072
1541.726
1542.38
1543.034
1543.688
1544.342
1544.996
1545.65
1546.156
1546.662
1547.168
1547.674
1548.18
1548.686
1549.192
1549.698
1550.204
1550.71
1551.216
1551.722
1552.228
1552.734
1553.24
1553.746
1554.252
1554.758
1555.264
1555.779
1556.472
1557.165
1557.858
1558.551
1559.244
1559.937
1560.63
1561.323
1562.016
1562.709
1563.402
1564.095
1564.788
1565.481
1566.174
1566.867
1567.56
1568.253
1568.94
1569.32
1569.7
1570.08
1570.46
1570.84
1571.22
1571.6
1571.98
1572.36
1572.74
1573.12
1573.5
1573.88
1574.26
1574.64
1575.02
1575.4
1575.78
1576.16
1576.543
1576.926
1577.309
1577.692
1578.075
1578.458
1578.841
1579.224
1579.607
1579.99
1580.373
1580.756
1581.139
1581.522
1581.905
1582.288
1582.671
1583.054
1583.429
1583.86
1584.291
1584.722
1585.153
1585.584
1586.015
1586.446
1586.877
1587.308
1587.739
1588.17
1588.601
1589.032
1589.463
1589.894
1590.325
1590.756
1591.187
1591.61
1592.61
1592.853
1593.096
1593.339
1593.582
1593.825
1594.068
1594.311
1594.554
1594.797
1595.04
1595.283
1595.526
1595.769
1596.012
1596.255
1596.5
1597.074
1597.648
1598.222
1598.796
1599.37
1599.944
1600.518
1601.092
1601.666
1602.24
1602.814
1603.388
1603.962
1604.536
1605.11
1605.684
1606.258
1606.84
1607.207
1607.575
1607.943
1608.311
1608.678
1609.046
1609.414
1609.782
1610.149
1610.516
1610.884
1611.252
1611.62
1611.987
1612.355
1612.723
1613.091
1613.458
1613.826
1614.19
1614.418
1614.646
1614.874
1615.102
1615.33
1615.558
1615.786
1616.014
1616.242
1616.47
1616.698
1616.926
1617.154
1617.382
1617.61
1617.838
1618.066
1618.289
1618.564
1618.839
1619.114
1619.389
1619.664
1619.939
1620.214
1620.489
1620.764
1621.039
1621.314
1621.589
1621.864
1622.139
1622.419
1623.333
1624.247
1625.161
1626.075
1626.989
1627.903
1628.817
1629.73
1630.658
1631.586
1632.514
1633.442
1634.37
1635.298
1636.226
1637.154
1638.082
1639.01
1639.938
1640.866
1641.794
1642.722
1643.65
1644.578
1645.51
1646.597
1647.684
1648.771
1649.858
1650.945
1652.032
1653.119
1654.206
1655.293
1656.38
1657.467
1658.554
1659.641
1660.728
1661.815
1662.902
1663.981
1664.286
1664.591
1664.896
1665.201
1665.506
1665.812
1666.117
1666.422
1666.727
1667.033
1667.338
1667.643
1667.948
1668.254
1668.559
1668.864
1669.169
1669.48
1669.909
1670.338
1670.767
1671.196
1671.625
1672.054
1672.483
1672.912
1673.341
1673.77
1674.199
1674.628
1675.057
1675.486
1675.915
1676.344
1676.773
1677.202
1677.63
1678.06
1678.49
1678.92
1679.35
1679.78
1680.21
1680.64
1681.07
1681.5
1681.93
1682.36
1682.79
1683.22
1683.65
1684.08
1684.51
1684.94
1685.489
1686.038
1686.587
1687.136
1687.685
1688.234
1688.783
1689.332
1689.881
1690.43
1690.979
1691.528
1692.077
1692.626
1693.175
1693.724
1694.273
1694.822
1695.371
1695.919
1696.477
1697.035
1697.593
1698.151
1698.709
1699.267
1699.825
1700.383
1700.941
1701.499
1702.057
1702.615
1703.173
1703.731
1704.289
1704.847
1705.405
1705.97
1706.532
1707.094
1707.656
1708.218
1708.78
1709.342
1709.904
1710.466
1711.028
1711.59
1712.152
1712.714
1713.27
1713.5
1713.73
1713.96
1714.19
1714.42
1714.65
1714.88
1715.11
1715.34
1715.57
1715.8
1716.03
1716.26
1716.49
1716.72
1716.95
1717.18
1717.41
1717.64
1717.995
1718.35
1718.705
1719.06
1719.415
1719.77
1720.125
1720.48
1720.835
1721.19
1721.545
1721.9
1722.255
1722.61
1722.965
1723.32
1723.675
1724.03
1724.38
1724.664
1724.948
1725.232
1725.516
1725.8
1726.084
1726.368
1726.652
1726.936
1727.22
1727.504
1727.788
1728.072
1728.356
1728.64
1728.924
1729.208
1729.492
1729.77
1730.068
1730.366
1730.664
1730.962
1731.26
1731.558
1731.856
1732.154
1732.452
1732.75
1733.048
1733.346
1733.644
1733.942
1734.24
1734.538
1734.836
1735.13
1735.571
1736.012
1736.453
1736.894
1737.335
1737.776
1738.217
1738.658
1739.099
1739.54
1739.981
1740.422
1740.863
1741.304
1741.745
1742.186
1742.62
1743.099
1743.578
1744.057
1744.536
1745.015
1745.494
1745.973
1746.452
1746.931
1747.41
1747.889
1748.368
1748.847
1749.326
1749.805
1750.284
1750.763
1751.24
1751.528
1751.816
1752.104
1752.392
1752.68
1752.968
1753.256
1753.544
1753.832
1754.12
1754.408
1754.696
1754.984
1755.272
1755.56
1755.848
1756.13
1756.612
1757.094
1757.576
1758.058
1758.54
1759.022
1759.504
1759.986
1760.468
1760.95
1761.43
1761.684
1761.938
1762.192
1762.446
1762.7
1762.954
1763.208
1763.462
1763.716
1763.97
1764.224
1764.478
1764.732
1764.986
1765.24
1765.494
1765.748
1766.002
1766.26
1766.514
1766.768
1767.022
1767.276
1767.53
1767.784
1768.038
1768.292
1768.546
1768.8
1769.054
1769.308
1769.562
1769.816
1770.07
1770.324
1770.57
1770.875
1771.18
1771.485
1771.79
1772.095
1772.4
1772.705
1773.01
1773.315
1773.62
1773.925
1774.23
1774.535
1774.84
1775.145
1775.45
1775.755
1776.06
1776.37
1776.818
1777.266
1777.714
1778.162
1778.61
1779.058
1779.506
1779.954
1780.402
1780.85
1781.298
1781.746
1782.194
1782.642
1783.09
1783.538
1783.98
1784.666
1785.352
1786.038
1786.724
1787.41
1788.096
1788.782
1789.468
1790.154
1790.84
1791.526
1792.212
1792.898
1793.584
1794.27
1794.956
1795.642
1796.328
1797.014
1797.7
1798.39
1798.869
1799.348
1799.827
1800.306
1800.785
1801.264
1801.743
1802.222
1802.701
1803.18
1803.659
1804.138
1804.617
1805.096
1805.575
1806.054
1806.529
1806.886
1807.243
1807.6
1807.957
1808.314
1808.671
1809.028
1809.385
1809.742
1810.099
1810.456
1810.813
1811.17
1811.527
1811.884
1812.241
1812.598
1812.96
1813.725
1814.489
1815.254
1816.018
1816.783
1817.547
1818.312
1819.076
1819.841
1820.605
1821.37
1822.134
1822.899
1823.663
1824.428
1825.193
1825.957
1826.722
1827.486
1828.25
1828.587
1828.924
1829.261
1829.598
1829.935
1830.272
1830.609
1830.946
1831.283
1831.62
1831.957
1832.294
1832.631
1832.968
1833.299
1833.682
1834.065
1834.448
1834.831
1835.214
1835.597
1835.98
1836.363
1836.746
1837.129
1837.512
1837.895
1838.278
1838.661
1839.044
1839.427
1839.81
1840.2
1840.629
1841.058
1841.487
1841.916
1842.345
1842.774
1843.203
1843.632
1844.061
1844.49
1844.919
1845.348
1845.777
1846.206
1846.635
1847.064
1847.493
1847.929
1848.271
1848.613
1848.955
1849.297
1849.639
1849.981
1850.323
1850.665
1851.007
1851.349
1851.691
1852.033
1852.375
1852.717
1853.059
1853.401
1853.743
1854.085
1854.419
1854.878
1855.337
1855.796
1856.255
1856.714
1857.173
1857.632
1858.091
1858.55
1859.009
1859.468
1859.927
1860.386
1860.845
1861.304
1861.763
1862.222
1862.681
1863.149
1863.593
1864.037
1864.481
1864.925
1865.369
1865.813
1866.257
1866.701
1867.145
1867.589
1868.033
1868.477
1868.921
1869.365
1869.809
1870.253
1870.697
1871.14
1871.59
1872.04
1872.49
1872.94
1873.39
1873.84
1874.29
1874.74
1875.19
1875.64
1876.09
1876.54
1876.99
1877.44
1877.89
1878.34
1878.789
1879.061
1879.333
1879.605
1879.877
1880.149
1880.421
1880.693
1880.965
1881.237
1881.509
1881.781
1882.053
1882.325
1882.597
1882.869
1883.141
1883.409
1883.733
1884.057
1884.381
1884.705
1885.029
1885.353
1885.677
1886.001
1886.325
1886.649
1886.973
1887.297
1887.621
1887.945
1888.269
1888.593
1888.919
1889.147
1889.375
1889.603
1889.831
1890.059
1890.287
1890.515
1890.743
1890.971
1891.199
1891.427
1891.655
1891.883
1892.111
1892.339
1892.567
1892.79
1892.992
1893.194
1893.396
1893.598
1893.8
1894.002
1894.204
1894.406
1894.608
1894.81
1895.012
1895.214
1895.416
1895.618
1895.82
1896.268
1896.716
1897.164
1897.612
1898.06
1898.508
1898.956
1899.404
1899.852
1900.3
1900.748
1901.196
1901.644
1902.092
1902.54
1902.988
1903.436
1903.88
1904.953
1906.026
1907.099
1908.172
1909.245
1910.318
1911.391
1912.464
1913.539
1913.956
1914.373
1914.79
1915.207
1915.624
1916.041
1916.458
1916.875
1917.292
1917.709
1918.126
1918.543
1918.96
1919.377
1919.794
1920.211
1920.62
1921.479
1922.338
1923.197
1924.056
1924.915
1925.774
1926.633
1927.492
1928.351
1929.21
1930.069
1930.928
1931.787
1932.646
1933.505
1934.364
1935.22
1935.675
1936.13
1936.585
1937.04
1937.495
1937.95
1938.405
1938.86
1939.315
1939.77
1940.225
1940.68
1941.135
1941.59
1942.045
1942.5
1943.001
1943.502
1944.003
1944.504
1945.005
1945.506
1946.007
1946.508
1947.009
1947.51
1948.011
1948.512
1949.013
1949.514
1950.015
1950.516
1951.017
1951.519
1952.075
1952.631
1953.187
1953.743
1954.299
1954.855
1955.411
1955.967
1956.523
1957.079
1957.635
1958.191
1958.747
1959.303
1959.859
1960.419
1960.678
1960.937
1961.196
1961.455
1961.714
1961.973
1962.232
1962.491
1962.75
1963.009
1963.268
1963.527
1963.786
1964.045
1964.304
1964.563
1964.822
1965.08
1965.447
1965.814
1966.181
1966.548
1966.915
1967.282
1967.649
1968.016
1968.383
1968.75
1969.117
1969.484
1969.851
1970.218
1970.585
1970.952
1971.319
1971.69
1972.167
1972.644
1973.121
1973.598
1974.075
1974.552
1975.029
1975.506
1975.983
1976.46
1976.937
1977.414
1977.891
1978.368
1978.84
1979.568
1980.296
1981.024
1981.752
1982.48
1983.208
1983.936
1984.664
1985.392
1986.12
1986.848
1987.576
1988.304
1989.032
1989.76
1990.336
1990.912
1991.488
1992.064
1992.64
1993.216
1993.792
1994.368
1994.944
1995.52
1996.096
1996.672
1997.248
1997.824
1998.4
1998.976
1999.55
2000.147
2000.744
2001.341
2001.938
2002.535
2003.132
2003.729
2004.326
2004.923
2005.52
2006.117
2006.714
2007.311
2007.908
2008.505
2009.1
2009.583
2010.066
2010.549
2011.032
2011.515
2011.998
2012.481
2012.964
2013.447
2013.93
2014.413
2014.896
2015.379
2015.862
2016.345
2016.828
2017.311
2017.789
2018.174
2018.559
2018.944
2019.329
2019.714
2020.099
2020.484
2020.869
2021.254
2021.639
2021.882
2022.125
2022.368
2022.611
2022.854
2023.097
2023.34
2023.583
2023.826
2024.069
2024.312
2024.555
2024.798
2025.041
2025.284
2025.527
2025.77
2026.013
2026.256
2026.49
2026.786
2027.082
2027.378
2027.674
2027.97
2028.266
2028.562
2028.858
2029.154
2029.45
2029.746
2030.042
2030.338
2030.634
2030.93
2031.226
2031.53
2032.193
2032.856
2033.519
2034.182
2034.845
2035.508
2036.171
2036.834
2037.497
2038.16
2038.823
2039.486
2040.149
2040.812
2041.475
2042.14
2042.675
2043.21
2043.745
2044.28
2044.815
2045.35
2045.885
2046.42
2046.955
2047.49
2048.025
2048.56
2049.095
2049.63
2050.165
2050.7
2051.24
2051.77
2052.3
2052.83
2053.36
2053.89
2054.42
2054.95
2055.48
2056.01
2056.54
2057.07
2057.6
2058.13
2058.66
2059.19
2059.72
2060.25
2060.78
2061.297
2061.814
2062.331
2062.848
2063.365
2063.882
2064.399
2064.916
2065.433
2065.95
2066.467
2066.984
2067.501
2068.018
2068.535
2069.052
2069.569
2070.089
2070.451
2070.813
2071.175
2071.537
2071.899
2072.261
2072.623
2072.985
2073.347
2073.709
2074.071
2074.433
2074.795
2075.157
2075.519
2075.881
2076.243
2076.605
2076.97
2077.79
2078.61
2079.43
2080.25
2081.07
2081.89
2082.71
2083.53
2084.35
2085.17
2085.99
2086.81
2087.63
2088.45
2089.27
2090.09
2090.91
2091.73
2092.55
2093.026
2093.502
2093.978
2094.454
2094.93
2095.406
2095.882
2096.358
2096.834
2097.31
2097.786
2098.262
2098.738
2099.214
2099.69
2100.16
2100.572
2100.984
2101.396
2101.808
2102.22
2102.632
2103.044
2103.456
2103.868
2104.28
2104.692
2105.104
2105.516
2105.928
2106.34
2106.752
2107.17
2107.602
2108.034
2108.466
2108.898
2109.331
2109.764
2110.197
2110.63
2111.062
2111.494
2111.927
2112.36
2112.793
2113.226
2113.659
2114.091
2114.523
2114.956
2115.389
2115.82
2116.119
2116.418
2116.717
2117.016
2117.315
2117.614
2117.913
2118.212
2118.511
2118.81
2119.109
2119.408
2119.707
2120.006
2120.305
2120.604
2120.903
2121.2
2121.671
2122.142
2122.613
2123.084
2123.555
2124.026
2124.497
2124.968
2125.439
2125.91
2126.381
2126.852
2127.323
2127.794
2128.265
2128.736
2129.207
2129.678
2130.14
2130.469
2130.798
2131.127
2131.456
2131.785
2132.114
2132.443
2132.772
2133.101
2133.43
2133.759
2134.088
2134.417
2134.746
2135.075
2135.404
2135.739
2136.047
2136.355
2136.663
2136.971
2137.279
2137.587
2137.895
2138.203
2138.511
2138.819
2139.127
2139.435
2139.743
2140.051
2140.359
2140.667
2140.975
2141.283
2141.589
2142.069
2142.549
2143.029
2143.509
2143.989
2144.469
2144.949
2145.429
2145.909
2146.389
2146.869
2147.349
2147.83
2148.19
2148.55
2148.91
2149.27
2149.63
2149.99
2150.35
2150.71
2151.07
2151.43
2151.79
2152.15
2152.51
2152.87
2153.23
2153.59
2153.95
2154.308
2154.666
2155.024
2155.382
2155.74
2156.098
2156.456
2156.814
2157.172
2157.53
2157.888
2158.246
2158.604
2158.962
2159.32
2159.678
2160.036
2160.39
2160.765
2161.14
2161.515
2161.89
2162.265
2162.64
2163.015
2163.39
2163.765
2164.14
2164.515
2164.89
2165.265
2165.64
2166.015
2166.39
2166.77
2167.843
2168.916
2169.989
2171.062
2172.135
2173.208
2174.281
2175.354
2176.427
2177.5
2178.573
2179.646
2180.719
2181.792
2182.865
2183.938
2185.011
2186.084
2187.15
2187.826
2188.502
2189.178
2189.854
2190.53
2191.206
2191.882
2192.558
2193.234
2193.91
2194.586
2195.262
2195.938
2196.614
2197.29
2197.966
2198.642
2199.318
2199.994
2200.67
2201.346
2202.022
2202.698
2203.374
2204.05
2204.726
2205.402
2206.078
2206.754
2207.43
2208.106
2208.79
2210.449
2211.156
2211.863
2212.57
2213.277
2213.984
2214.691
2215.398
2216.105
2216.812
2217.519
2218.226
2218.933
2219.64
2220.347
2221.054
2221.761
2222.469
2222.774
2223.079
2223.384
2223.689
2223.994
2224.299
2224.604
2224.909
2225.214
2225.519
2225.824
2226.129
2226.434
2226.739
2227.04
2227.525
2228.01
2228.495
2228.98
2229.465
2229.95
2230.435
2230.92
2231.405
2231.89
2232.375
2232.86
2233.345
2233.83
2234.315
2234.8
2235.397
2235.994
2236.591
2237.188
2237.785
2238.382
2238.979
2239.576
2240.173
2240.77
2241.367
2241.964
2242.561
2243.158
2243.755
2244.35
2244.786
2245.222
2245.658
2246.094
2246.53
2246.966
2247.402
2247.838
2248.274
2248.71
2249.146
2249.582
2250.018
2250.454
2250.89
2251.326
2251.762
2252.198
2252.634
2253.069
2253.306
2253.543
2253.78
2254.017
2254.254
2254.491
2254.728
2254.965
2255.202
2255.439
2255.676
2255.913
2256.15
2256.387
2256.624
2256.861
2257.1
2257.556
2258.012
2258.469
2258.836
2259.203
2259.57
2259.937
2260.304
2260.671
2261.038
2261.405
2261.772
2262.139
2262.506
2262.873
2263.24
2263.607
2263.97
2264.286
2264.602
2264.918
2265.234
2265.55
2265.866
2266.182
2266.498
2266.814
2267.13
2267.446
2267.762
2268.078
2268.394
2268.71
2269.026
2269.342
2269.658
2269.98
2270.536
2271.092
2271.648
2272.204
2272.76
2273.316
2273.872
2274.428
2274.984
2275.54
2276.096
2276.652
2277.208
2277.764
2278.32
2278.87
2279.121
2279.372
2279.623
2279.874
2280.125
2280.376
2280.627
2280.878
2281.129
2281.38
2281.631
2281.882
2282.133
2282.384
2282.635
2282.886
2283.137
2283.388
2283.639
2283.89
2284.141
2284.392
2284.64
2285.244
2285.849
2286.454
2287.059
2287.664
2288.269
2288.873
2289.477
2290.081
2290.686
2291.291
2291.896
2292.501
2293.106
2293.711
2294.315
2294.919
2295.521
2297.197
2298.873
2300.549
2302.225
2303.901
2305.577
2307.253
2308.93
2309.53
2310.13
2310.73
2311.33
2311.93
2312.53
2313.13
2313.73
2314.33
2314.93
2315.53
2316.13
2316.73
2317.33
2317.93
2318.53
2319.13
2319.73
2320.339
2320.935
2321.531
2322.127
2322.723
2323.319
2323.915
2324.511
2325.107
2325.703
2326.299
2326.895
2327.491
2328.087
2328.683
2329.279
2329.875
2330.471
2331.067
2331.661
2331.936
2332.211
2332.486
2332.761
2333.036
2333.311
2333.586
2333.861
2334.136
2334.411
2334.686
2334.961
2335.236
2335.511
2335.786
2336.061
2336.336
2336.611
2336.89
2337.347
2337.804
2338.261
2338.718
2339.175
2339.632
2340.089
2340.546
2341.003
2341.46
2341.917
2342.374
2342.831
2343.288
2343.745
2344.202
2344.66
2345.548
2346.436
2347.324
2348.212
2349.1
2349.988
2350.876
2351.764
2352.652
2353.54
2354.428
2355.316
2356.204
2357.092
2357.98
2358.868
2359.756
2360.64
2360.97
2361.3
2361.63
2361.96
2362.29
2362.62
2362.95
2363.28
2363.61
2363.94
2364.27
2364.6
2364.93
2365.26
2365.59
2365.92
2366.25
2366.58
2367.308
2368.036
2368.764
2369.492
2370.22
2370.948
2371.676
2372.404
2373.13
2373.966
2374.802
2375.638
2376.474
2377.31
2378.146
2378.982
2379.818
2380.654
2381.49
2382.326
2383.162
2383.998
2384.834
2385.67
2386.506
2387.342
2388.178
2389.014
2389.85
2390.087
2390.324
2390.561
2390.798
2391.035
2391.272
2391.509
2391.746
2391.983
2392.22
2392.457
2392.694
2392.931
2393.168
2393.405
2393.642
2393.879
2394.116
2394.35
2395.02
2395.69
2396.36
2397.03
2397.7
2398.37
2399.04
2399.71
2400.38
2401.05
2401.72
2402.39
2403.06
2403.73
2404.4
2405.07
2405.74
2406.41
2407.089
2407.939
2408.789
2409.639
2410.489
2411.339
2412.189
2413.039
2413.889
2414.739
2415.589
2416.439
2417.289
2418.139
2418.989
2419.839
2420.689
2421.539
2422.389
2423.239
2424.08
2425.55
2427.02
2428.49
2429.96
2431.43
2432.9
2434.37
2435.84
2437.31
2438.78
2440.25
2441.72
2443.19
2444.66
2446.13
2447.6
2449.07
2450.54
2452.009
2452.982
2453.955
2454.928
2455.901
2456.874
2457.847
2458.82
2459.793
2460.766
2461.739
2462.712
2463.685
2464.658
2465.631
2466.604
2467.577
2468.55
2469.52
2469.919
2470.318
2470.717
2471.116
2471.515
2471.914
2472.313
2472.712
2473.111
2473.51
2473.909
2474.308
2474.71
2477.255
2479.8
2482.345
2484.89
2487.435
2489.98
2492.525
2495.07
2497.615
2500.16
2502.705
2505.25
2507.795
2510.34
2512.885
2515.43
2517.969
2518.857
2519.745
2520.633
2521.521
2522.409
2523.297
2524.185
2525.073
2525.961
2526.849
2527.737
2528.625
2529.513
2530.401
2531.29
2531.621
2531.952
2532.283
2532.614
2532.945
2533.276
2533.607
2533.938
2534.269
2534.6
2534.931
2535.262
2535.593
2535.924
2536.26
2537.405
2538.55
2539.695
2540.84
2541.985
2543.13
2544.275
2545.42
2546.565
2547.71
2548.855
2550.0
2551.145
2552.29
2553.435
2554.58
2555.719
2557.172
2558.625
2560.078
2561.531
2562.984
2564.437
2565.89
2567.343
2568.796
2570.249
2571.702
2573.155
2574.608
2576.061
2577.514
2578.969
2579.507
2580.045
2580.583
2581.121
2581.659
2582.197
2582.735
2583.273
2583.811
2584.349
2584.887
2585.425
2585.963
2586.501
2587.039
2587.577
2588.115
2588.66
2589.029
2589.398
2589.767
2590.136
2590.505
2590.874
2591.243
2591.612
2591.981
2592.35
2592.719
2593.088
2593.457
2593.826
2594.2
2595.158
2596.116
2597.074
2598.032
2598.99
2599.949
2600.291
2600.633
2600.975
2601.317
2601.659
2602.001
2602.343
2602.685
2603.027
2603.369
2603.711
2604.053
2604.395
2604.737
2605.079
2605.421
2605.763
2606.105
2606.449
2607.991
2609.533
2611.075
2612.617
2614.159
2615.701
2617.243
2618.785
2620.327
2621.869
2623.411
2624.953
2626.495
2628.037
2629.579
2631.121
2632.663
2634.205
2635.75
2636.166
2636.582
2636.998
2637.414
2637.83
2638.246
2638.662
2639.078
2639.494
2639.91
2640.326
2640.742
2641.158
2641.574
2641.99
2642.406
2642.822
2643.239
2643.794
2644.349
2644.904
2645.459
2646.014
2646.569
2647.124
2647.679
2648.234
2648.789
2649.344
2649.899
2650.454
2651.009
2651.564
2652.119
2652.674
2653.229
2653.79
2654.11
2654.43
2654.75
2655.07
2655.39
2655.71
2656.03
2656.35
2656.67
2656.99
2657.31
2657.63
2657.95
2658.27
2658.59
2658.91
2659.23
2659.627
2660.024
2660.421
2660.818
2661.215
2661.612
2662.009
2662.406
2662.803
2663.2
2663.597
2663.994
2664.391
2664.788
2665.185
2665.582
2665.979
2666.376
2666.78
2667.1
2667.42
2667.74
2668.06
2668.38
2668.7
2669.02
2669.34
2669.66
2670.069
2670.478
2670.887
2671.296
2671.705
2672.114
2672.523
2672.932
2673.341
2673.75
2674.159
2674.568
2674.977
2675.386
2675.795
2676.204
2676.613
2677.02
2677.448
2677.876
2678.304
2678.732
2679.16
2679.588
2680.016
2680.444
2680.872
2681.3
2681.728
2682.156
2682.584
2683.012
2683.44
2683.87
2684.407
2684.944
2685.481
2686.018
2686.555
2687.092
2687.629
2688.166
2688.703
2689.24
2689.777
2690.314
2690.851
2691.388
2691.925
2692.462
2692.999
2693.54
2693.943
2694.346
2694.749
2695.152
2695.555
2695.958
2696.361
2696.764
2697.167
2697.57
2697.973
2698.376
2698.779
2699.182
2699.585
2699.988
2700.391
2700.794
2701.19
2701.586
2701.982
2702.378
2702.774
2703.17
2703.566
2703.962
2704.358
2704.754
2705.15
2705.546
2705.942
2706.338
2706.734
2707.13
2707.526
2707.92
2708.613
2709.305
2709.997
2710.689
2711.381
2712.073
2712.765
2713.457
2714.149
2714.841
2715.534
2716.227
2716.919
2717.611
2718.303
2719.0
2719.582
2720.164
2720.746
2721.328
2721.91
2722.492
2723.074
2723.656
2724.238
2724.82
2725.402
2725.984
2726.566
2727.148
2727.73
2728.312
2728.894
2729.47
2729.842
2730.214
2730.586
2730.958
2731.33
2731.702
2732.074
2732.446
2732.818
2733.19
2733.562
2733.934
2734.306
2734.678
2735.05
2735.422
2735.79
2736.326
2736.862
2737.398
2737.934
2738.47
2739.006
2739.542
2740.078
2740.614
2741.15
2741.686
2742.222
2742.758
2743.294
2743.83
2744.366
2744.9
2745.276
2745.652
2746.028
2746.404
2746.78
2747.156
2747.532
2747.908
2748.284
2748.66
2749.036
2749.412
2749.788
2750.164
2750.54
2750.916
2751.292
2751.668
2752.044
2752.42
2752.796
2753.17
2753.497
2753.824
2754.151
2754.478
2754.805
2755.132
2755.459
2755.786
2756.113
2756.44
2756.767
2757.094
2757.421
2757.748
2758.075
2758.402
2758.729
2759.06
2759.887
2760.714
2761.541
2762.368
2763.195
2764.02
2764.359
2764.698
2765.037
2765.376
2765.715
2766.054
2766.393
2766.732
2767.071
2767.41
2767.749
2768.088
2768.427
2768.766
2769.105
2769.444
2769.783
2770.122
2770.461
2770.8
2771.14
2771.886
2772.632
2773.378
2774.124
2774.87
2775.616
2776.362
2777.108
2777.854
2778.6
2779.346
2780.092
2780.838
2781.584
2782.33
2782.785
2783.24
2783.695
2784.15
2784.605
2785.06
2785.515
2785.97
2786.425
2786.88
2787.335
2787.79
2788.245
2788.7
2789.155
2789.61
2790.06
2790.641
2791.222
2791.803
2792.384
2792.965
2793.546
2794.127
2794.708
2795.289
2795.87
2796.451
2797.032
2797.613
2798.194
2798.775
2799.35
2799.602
2799.854
2800.106
2800.358
2800.61
2800.862
2801.114
2801.366
2801.618
2801.87
2802.122
2802.374
2802.626
2802.878
2803.13
2803.382
2803.634
2803.886
2804.138
2804.39
2804.642
2804.894
2805.15
2805.636
2806.122
2806.608
2807.094
2807.58
2808.066
2808.552
2809.038
2809.524
2810.01
2810.496
2810.982
2811.468
2811.954
2812.44
2812.926
2813.412
2813.9
2814.181
2814.462
2814.743
2815.024
2815.305
2815.586
2815.867
2816.148
2816.429
2816.71
2816.991
2817.272
2817.553
2817.834
2818.115
2818.396
2818.677
2818.96
2819.391
2819.822
2820.253
2820.684
2821.115
2821.546
2821.977
2822.408
2822.839
2823.27
2823.701
2824.132
2824.563
2824.994
2825.43
2826.096
2826.762
2827.428
2828.094
2828.76
2829.426
2830.092
2830.758
2831.424
2832.09
2832.756
2833.422
2834.088
2834.754
2835.42
2836.086
2836.75
2837.136
2837.522
2837.908
2838.294
2838.68
2839.066
2839.452
2839.838
2840.224
2840.61
2840.996
2841.382
2841.768
2842.154
2842.54
2842.926
2843.319
2843.586
2843.853
2844.12
2844.387
2844.654
2844.921
2845.188
2845.455
2845.722
2845.989
2846.256
2846.523
2846.79
2847.057
2847.324
2847.591
2847.858
2848.125
2848.392
2848.65
2848.927
2849.204
2849.481
2849.758
2850.035
2850.312
2850.589
2850.866
2851.143
2851.42
2851.697
2851.974
2852.251
2852.528
2852.805
2853.082
2853.359
2853.636
2853.91
2854.264
2854.618
2854.972
2855.326
2855.68
2856.034
2856.388
2856.742
2857.096
2857.45
2857.804
2858.158
2858.512
2858.866
2859.22
2859.574
2859.928
2860.29
2860.733
2861.176
2861.619
2862.062
2862.505
2862.948
2863.391
2863.834
2864.277
2864.72
2865.163
2865.606
2866.049
2866.492
2866.935
2867.378
2867.821
2868.264
2868.71
2868.962
2869.214
2869.466
2869.718
2869.97
2870.222
2870.474
2870.726
2870.978
2871.23
2871.482
2871.734
2871.986
2872.238
2872.49
2872.742
2872.994
2873.246
2873.498
2873.75
2874.123
2874.496
2874.869
2875.242
2875.615
2875.988
2876.361
2876.734
2877.107
2877.48
2877.853
2878.226
2878.599
2878.972
2879.345
2879.719
2880.27
2880.821
2881.372
2881.923
2882.474
2883.025
2883.576
2884.127
2884.678
2885.229
2885.78
2886.331
2886.882
2887.433
2887.984
2888.535
2889.08
2890.326
2891.572
2892.818
2894.064
2895.31
2896.458
2897.606
2898.754
2899.902
2901.05
2902.198
2903.346
2904.494
2905.642
2906.79
2907.938
2909.086
2910.234
2911.382
2912.53
2913.678
2914.826
2915.974
2917.122
2918.27
2919.044
2919.818
2920.592
2921.366
2922.14
2922.914
2923.688
2924.462
2925.236
2926.01
2926.784
2927.558
2928.332
2929.106
2929.88
2930.327
2930.774
2931.22
2931.666
2932.113
2932.559
2933.006
2933.452
2933.899
2934.345
2934.791
2935.238
2935.684
2936.131
2936.577
2937.024
2937.47
2937.916
2938.363
2938.81
2939.189
2939.568
2939.947
2940.326
2940.705
2941.084
2941.463
2941.842
2942.221
2942.6
2942.979
2943.358
2943.737
2944.116
2944.495
2944.874
2945.253
2945.632
2946.011
2946.39
2946.759
2947.102
2947.445
2947.788
2948.131
2948.474
2948.817
2949.16
2949.503
2949.846
2950.189
2950.532
2950.875
2951.218
2951.561
2951.904
2952.247
2952.59
2952.933
2953.276
2953.619
2953.962
2954.31
2954.839
2955.368
2955.897
2956.426
2956.955
2957.484
2958.013
2958.542
2959.071
2959.6
2960.129
2960.658
2961.187
2961.716
2962.245
2962.774
2963.303
2963.832
2964.37
2964.836
2965.302
2965.768
2966.234
2966.7
2967.166
2967.632
2968.098
2968.564
2969.03
2969.496
2969.962
2970.428
2970.894
2971.36
2971.826
2972.292
2972.75
2977.896
2983.042
2988.188
2993.334
2998.48
3003.626
3008.77
3009.392
3010.014
3010.636
3011.258
3011.88
3012.502
3013.124
3013.746
3014.368
3014.99
3015.612
3016.234
3016.856
3017.478
3018.1
3018.722
3019.344
3019.966
3020.588
3021.21
3021.83
3022.821
3023.812
3024.803
3025.794
3026.785
3027.776
3028.767
3029.758
3030.749
3031.74
3032.731
3033.722
3034.713
3035.704
3036.69
3037.139
3037.588
3038.037
3038.486
3038.935
3039.384
3039.833
3040.282
3040.731
3041.18
3041.629
3042.078
3042.527
3042.976
3043.425
3043.874
3044.323
3044.772
3045.23
3045.798
3046.366
3046.934
3047.502
3048.07
3048.638
3049.206
3049.774
3050.342
3050.91
3051.478
3052.046
3052.614
3053.182
3053.75
3054.318
3054.886
3055.46
3058.049
3060.638
3063.227
3065.816
3068.405
3070.994
3073.583
3076.172
3078.761
3081.35
3083.939
3086.528
3089.117
3091.706
3094.29
3094.567
3094.844
3095.121
3095.398
3095.675
3095.952
3096.229
3096.506
3096.783
3097.06
3097.337
3097.614
3097.891
3098.168
3098.445
3098.722
3098.999
3099.27
3100.023
3100.776
3101.529
3102.282
3103.035
3103.788
3104.541
3105.294
3106.047
3106.8
3107.553
3108.306
3109.059
3109.812
3110.565
3111.318
3112.071
3112.824
3113.577
3114.33
3114.848
3115.366
3115.884
3116.402
3116.92
3117.438
3117.956
3118.474
3118.992
3119.51
3120.028
3120.546
3121.064
3121.582
3122.1
3122.618
3123.136
3123.66
3124.025
3124.39
3124.755
3125.12
3125.485
3125.85
3126.215
3126.58
3126.945
3127.31
3127.675
3128.04
3128.405
3128.77
3129.135
3129.5
3129.865
3130.23
3130.6
3131.22
3131.84
3132.46
3133.08
3133.7
3134.32
3134.94
3135.56
3136.18
3136.8
3137.42
3138.04
3138.66
3139.28
3139.9
3140.52
3141.14
3141.76
3142.38
3143.0
3143.62
3144.23
3145.358
3146.486
3147.613
3148.74
3149.867
3150.995
3152.122
3153.25
3154.072
3154.894
3155.716
3156.538
3157.36
3158.182
3159.004
3159.826
3160.648
3161.47
3162.292
3163.114
3163.936
3164.758
3165.58
3166.402
3167.224
3168.04
3168.808
3169.576
3170.344
3171.112
3171.88
3172.648
3173.416
3174.184
3174.952
3175.72
3176.488
3177.256
3178.024
3178.792
3179.56
3180.328
3181.096
3181.864
3182.64
3182.939
3183.238
3183.537
3183.836
3184.135
3184.434
3184.733
3185.032
3185.331
3185.63
3185.929
3186.228
3186.527
3186.826
3187.125
3187.424
3187.723
3188.022
3188.33
3188.597
3188.864
3189.131
3189.398
3189.665
3189.932
3190.199
3190.466
3190.733
3191.0
3191.267
3191.534
3191.801
3192.068
3192.335
3192.6
3192.6
3192.6
3192.6
