72.78
73.013
73.246
73.479
73.712
73.945
74.178
74.411
74.644
74.877
75.11
75.343
75.576
75.809
76.042
76.275
76.508
76.741
76.97
77.229
77.488
77.747
78.006
78.265
78.524
78.783
79.042
79.301
79.56
79.819
80.078
80.337
80.596
80.85
81.103
81.356
81.609
81.862
82.115
82.368
82.621
82.874
83.127
83.38
83.633
83.886
84.139
84.392
84.645
84.9
85.47
86.04
86.61
87.18
87.75
88.32
88.89
89.46
90.03
90.6
91.17
91.74
92.31
92.88
93.45
94.02
94.59
95.16
95.729
96.3
96.871
97.442
98.013
98.584
99.155
99.726
100.297
100.868
101.439
102.01
102.581
103.152
103.723
104.294
104.865
105.436
106.009
106.552
107.095
107.638
108.181
108.724
109.267
109.81
110.353
110.896
111.439
111.982
112.525
113.068
113.611
114.154
114.697
115.24
115.783
116.326
116.86
117.751
118.642
119.533
120.424
121.315
122.206
123.097
123.988
124.879
125.77
126.661
127.552
128.443
129.334
130.225
131.116
132.007
132.89
133.603
134.316
135.029
135.742
136.455
137.168
137.881
138.594
139.307
140.02
140.733
141.446
142.159
142.872
143.585
144.298
145.011
145.724
146.437
147.15
147.87
148.665
149.459
150.254
151.048
151.843
152.637
153.431
154.226
155.02
155.815
156.609
157.404
158.198
158.993
159.787
160.582
161.376
162.171
162.965
163.76
164.059
164.358
164.657
164.956
165.255
165.554
165.853
166.152
166.451
166.75
167.049
167.348
167.647
167.946
168.245
168.544
168.84
169.329
169.818
170.307
170.796
171.285
171.774
172.263
172.752
173.241
173.73
174.219
174.708
175.197
175.686
176.175
176.664
177.16
177.654
178.148
178.642
179.136
179.63
180.124
180.618
181.112
181.606
182.1
182.594
183.088
183.582
184.076
184.57
185.061
185.958
186.855
187.752
188.649
189.546
190.443
191.34
192.237
193.134
194.03
195.043
196.056
197.069
198.082
199.095
200.108
201.121
202.134
203.147
204.16
205.173
206.186
207.199
208.212
209.225
210.238
211.25
211.417
211.584
211.751
211.918
212.085
212.25
212.96
213.67
214.38
215.09
215.8
216.51
217.22
217.93
218.64
219.35
220.06
220.77
221.48
222.19
222.9
223.61
224.32
225.03
225.739
226.103
226.467
226.831
227.195
227.559
227.923
228.287
228.651
229.015
229.379
229.743
230.107
230.471
230.835
231.199
231.563
231.927
232.299
232.6
232.901
233.202
233.503
233.804
234.105
234.406
234.707
235.008
235.309
235.61
235.911
236.212
236.513
236.814
237.115
237.416
237.717
238.01
238.735
239.46
240.185
240.91
241.635
242.36
243.085
243.81
244.535
245.26
245.985
246.71
247.435
248.16
248.885
249.61
250.335
251.06
251.785
252.51
253.239
253.713
254.187
254.661
255.135
255.609
256.083
256.557
257.031
257.505
257.979
258.453
258.927
259.401
259.875
260.349
260.823
261.297
261.771
262.245
262.72
263.078
263.436
263.794
264.152
264.51
264.868
265.226
265.584
265.942
266.3
266.658
267.016
267.374
267.732
268.09
268.404
268.718
269.032
269.346
269.66
269.974
270.288
270.602
270.916
271.23
271.544
271.858
272.172
272.486
272.8
273.41
274.02
274.63
275.24
275.85
276.46
277.07
277.68
278.29
278.9
279.51
280.12
280.73
281.34
281.95
282.56
283.17
283.78
284.381
284.843
285.305
285.767
286.229
286.691
287.153
287.615
288.077
288.539
289.001
289.463
289.925
290.387
290.849
291.311
291.773
292.235
292.697
293.159
293.63
299.565
305.5
305.757
306.014
306.271
306.528
306.785
307.042
307.299
307.556
307.813
308.07
308.327
308.584
308.841
309.098
309.355
309.612
309.869
310.126
310.39
310.685
310.98
311.275
311.57
311.865
312.16
312.455
312.75
313.045
313.34
313.635
313.93
314.225
314.52
314.815
315.11
315.41
315.913
316.416
316.919
317.422
317.925
318.428
318.931
319.434
319.937
320.44
320.943
321.446
321.949
322.452
322.955
323.458
323.96
324.316
324.672
325.028
325.384
325.74
326.096
326.452
326.808
327.164
327.52
327.876
328.232
328.588
328.944
329.3
329.656
330.012
330.368
330.729
330.94
331.151
331.362
331.573
331.784
331.995
332.206
332.417
332.628
332.839
333.05
333.261
333.472
333.683
333.894
334.105
334.316
334.527
334.738
334.94
335.251
335.562
335.873
336.184
336.495
336.806
337.117
337.428
337.739
338.05
338.361
338.672
338.983
339.3
339.688
340.076
340.464
340.852
341.24
341.628
342.016
342.404
342.792
343.18
343.568
343.956
344.344
344.732
345.12
345.508
345.889
346.464
347.039
347.614
348.189
348.764
349.339
349.914
350.489
351.064
351.639
352.214
352.789
353.364
353.939
354.514
355.09
355.349
355.608
355.867
356.126
356.385
356.644
356.903
357.162
357.421
357.68
357.939
358.198
358.457
358.716
358.975
359.234
359.493
359.752
360.011
360.27
360.53
361.086
361.642
362.198
362.754
363.31
363.866
364.422
364.978
365.534
366.09
366.646
367.202
367.758
368.314
368.87
369.43
369.749
370.068
370.387
370.706
371.025
371.344
371.663
371.982
372.301
372.62
372.939
373.258
373.577
373.896
374.215
374.534
374.853
375.172
375.5
376.55
376.831
377.112
377.393
377.674
377.955
378.236
378.517
378.798
379.079
379.36
379.641
379.922
380.203
380.49
380.912
381.334
381.756
382.178
382.6
383.022
383.444
383.866
384.288
384.71
385.132
385.554
385.976
386.398
386.82
387.242
387.664
388.086
388.5
388.836
389.172
389.508
389.844
390.18
390.516
390.852
391.188
391.524
391.86
392.196
392.532
392.868
393.204
393.54
393.876
394.22
394.598
394.976
395.353
395.731
396.108
396.486
396.863
397.24
397.618
397.995
398.373
398.75
399.127
399.505
399.882
400.26
400.637
401.014
401.392
401.77
402.134
402.498
402.862
403.226
403.59
403.954
404.318
404.682
405.046
405.41
405.774
406.138
406.502
406.866
407.23
407.594
407.958
408.322
408.686
409.05
409.414
409.77
410.123
410.476
410.829
411.182
411.535
411.888
412.241
412.594
412.947
413.3
413.653
414.006
414.359
414.712
415.065
415.418
415.771
416.124
416.48
416.877
417.274
417.671
418.068
418.465
418.862
419.259
419.656
420.053
420.45
420.847
421.244
421.641
422.038
422.435
422.832
423.229
423.62
424.101
424.582
425.063
425.544
426.025
426.506
426.987
427.468
427.949
428.43
428.911
429.392
429.873
430.354
430.83
432.015
433.2
434.385
435.57
436.755
437.94
439.125
440.31
441.495
442.68
443.865
445.05
446.24
446.502
446.764
447.026
447.288
447.55
447.812
448.074
448.336
448.598
448.86
449.122
449.384
449.646
449.908
450.17
450.432
450.694
450.96
451.672
452.384
453.096
453.808
454.52
455.232
455.944
456.656
457.368
458.08
458.792
459.504
460.216
460.928
461.64
462.352
463.064
463.776
464.488
465.199
465.568
465.937
466.306
466.675
467.044
467.413
467.782
468.151
468.52
468.889
469.258
469.627
469.996
470.365
470.734
471.103
471.472
471.841
472.21
472.58
473.018
473.456
473.894
474.332
474.77
475.208
475.646
476.084
476.522
476.96
477.398
477.836
478.274
478.712
479.15
479.588
480.02
480.516
481.012
481.508
482.004
482.5
482.996
483.492
483.988
484.484
484.98
485.476
485.972
486.468
486.964
487.46
487.956
488.452
488.949
489.462
489.975
490.488
491.001
491.514
492.027
492.54
493.053
493.566
494.079
494.592
495.105
495.618
496.131
496.644
497.157
497.67
498.183
498.691
499.031
499.371
499.711
500.051
500.391
500.731
501.071
501.411
501.751
502.091
502.431
502.771
503.111
503.451
503.791
504.131
504.471
504.811
505.151
505.491
505.84
506.154
506.468
506.782
507.096
507.41
507.724
508.038
508.352
508.666
508.98
509.294
509.608
509.922
510.236
510.55
510.864
511.178
511.492
511.806
512.12
512.44
512.93
513.42
513.91
514.4
514.89
515.38
515.87
516.36
516.85
517.34
517.83
518.32
518.81
519.3
519.79
520.28
520.77
521.26
521.803
522.346
522.889
523.432
523.975
524.518
525.061
525.604
526.147
526.69
527.011
527.332
527.653
527.974
528.295
528.616
528.937
529.258
529.579
529.9
530.221
530.542
530.863
531.184
531.505
531.826
532.147
532.468
532.789
533.11
533.43
533.899
534.368
534.837
535.306
535.775
536.244
536.713
537.182
537.651
538.12
538.589
539.058
539.527
539.996
540.465
540.934
541.403
541.87
542.282
542.694
543.106
543.518
543.93
544.342
544.754
545.166
545.578
545.99
546.402
546.814
547.226
547.638
548.05
548.462
548.874
549.29
549.724
550.158
550.592
551.026
551.46
551.894
552.328
552.762
553.196
553.63
554.064
554.498
554.932
555.366
555.8
556.24
556.721
557.202
557.683
558.164
558.645
559.126
559.607
560.088
560.569
561.05
561.531
562.012
562.493
562.975
563.457
563.938
564.419
564.9
565.381
565.87
566.28
566.69
567.1
567.51
567.92
568.33
568.74
569.15
569.56
569.97
570.38
570.79
571.2
571.61
572.02
572.43
572.84
573.25
573.66
574.07
574.47
574.799
575.128
575.457
575.786
576.115
576.444
576.773
577.102
577.431
577.76
578.089
578.418
578.747
579.076
579.405
579.734
580.063
580.392
580.721
581.05
581.447
581.844
582.241
582.638
583.035
583.432
583.829
584.226
584.623
585.02
585.417
585.814
586.211
586.608
587.005
587.402
587.799
588.189
588.483
588.777
589.071
589.365
589.659
589.953
590.247
590.541
590.835
591.129
591.423
591.717
592.011
592.305
592.599
592.893
593.187
593.481
593.775
594.069
594.36
594.649
594.938
595.227
595.516
595.805
596.094
596.383
596.672
596.961
597.25
597.539
597.828
598.117
598.406
598.695
598.984
599.28
599.541
599.802
600.063
600.324
600.585
600.846
601.107
601.368
601.629
601.89
602.151
602.412
602.673
602.934
603.195
603.459
603.82
604.181
604.542
604.903
605.264
605.625
605.986
606.347
606.708
607.069
607.43
607.791
608.152
608.513
608.874
609.235
609.596
609.957
610.318
610.68
612.363
614.046
615.729
617.412
619.095
620.778
622.461
624.144
625.829
626.698
627.567
628.436
629.305
630.174
631.043
631.912
632.781
633.65
634.519
635.388
636.257
637.126
637.995
638.864
639.733
640.602
641.47
641.89
642.31
642.73
643.15
643.57
643.99
644.41
644.83
645.25
645.67
646.09
646.51
646.93
647.35
647.77
648.19
648.61
648.997
649.384
649.771
650.158
650.545
650.932
651.319
651.706
652.093
652.48
652.867
653.254
653.641
654.028
654.415
654.802
655.189
655.418
655.647
655.876
656.105
656.334
656.563
656.792
657.021
657.25
657.479
657.708
657.937
658.166
658.395
658.624
658.853
659.082
659.311
659.54
659.76
660.583
661.406
662.229
663.052
663.875
664.698
665.521
666.344
667.167
667.99
668.813
669.636
670.459
671.282
672.105
672.928
673.751
674.58
674.92
675.26
675.6
675.94
676.28
676.62
676.96
677.3
677.64
677.98
678.32
678.66
679.0
679.34
679.68
680.02
680.36
680.7
681.04
681.38
681.72
682.06
682.333
682.606
682.879
683.152
683.425
683.698
683.971
684.244
684.517
684.79
685.063
685.336
685.609
685.882
686.155
686.428
686.701
686.974
687.247
687.52
687.79
688.14
688.49
688.84
689.19
689.54
689.89
690.24
690.59
690.94
691.29
691.64
691.99
692.34
692.69
693.04
693.39
693.74
694.09
694.679
695.268
695.857
696.446
697.035
697.624
698.213
698.802
699.391
699.98
700.569
701.158
701.747
702.336
702.925
703.52
703.969
704.418
704.867
705.316
705.765
706.214
706.663
707.112
707.561
708.01
708.459
708.908
709.357
709.806
710.255
710.71
711.074
711.438
711.802
712.166
712.53
712.894
713.258
713.622
713.986
714.35
714.714
715.078
715.442
715.81
716.4
716.99
717.58
718.17
718.76
719.35
719.94
720.53
721.12
721.71
722.3
722.89
723.48
724.07
724.66
725.25
725.839
726.315
726.791
727.267
727.743
728.219
728.695
729.171
729.647
730.12
730.442
730.764
731.086
731.408
731.73
732.052
732.374
732.696
733.018
733.34
733.662
733.984
734.306
734.628
734.95
735.27
735.599
735.928
736.257
736.586
736.915
737.244
737.573
737.902
738.231
738.56
738.889
739.218
739.547
739.876
740.205
740.54
741.087
741.634
742.181
742.728
743.275
743.822
744.369
744.916
745.463
746.01
746.557
747.104
747.651
748.198
748.745
749.299
749.967
750.635
751.303
751.971
752.639
753.307
753.975
754.643
755.311
755.979
756.647
757.315
757.983
758.651
759.319
759.987
760.655
761.323
762.0
762.421
762.842
763.263
763.684
764.105
764.526
764.947
765.368
765.789
766.21
766.631
767.052
767.473
767.894
768.32
768.608
768.896
769.184
769.472
769.76
770.048
770.336
770.624
770.912
771.2
771.488
771.776
772.064
772.352
772.64
772.928
773.216
773.504
773.79
774.099
774.408
774.717
775.026
775.335
775.644
775.953
776.262
776.571
776.88
777.189
777.498
777.807
778.116
778.425
778.74
779.303
779.866
780.429
780.992
781.555
782.118
782.681
783.244
783.807
784.37
784.933
785.496
786.059
786.622
787.185
787.75
787.934
788.118
788.302
788.486
788.67
788.854
789.038
789.222
789.406
789.59
789.774
789.958
790.142
790.326
790.51
790.694
790.878
791.07
791.833
792.596
793.359
794.122
794.885
795.648
796.411
797.174
797.937
798.7
799.314
799.928
800.542
801.156
801.77
802.384
802.998
803.612
804.226
804.84
805.454
806.068
806.682
807.296
807.91
808.524
809.14
809.542
809.944
810.346
810.748
811.15
811.552
811.954
812.356
812.758
813.16
813.562
813.964
814.366
814.768
815.17
815.572
815.97
816.361
816.752
817.143
817.534
817.925
818.316
818.707
819.098
819.489
819.88
820.271
820.662
821.053
821.444
821.835
822.22
822.924
823.628
824.332
825.036
825.74
826.444
827.148
827.852
828.556
829.26
829.964
830.668
831.372
832.076
832.78
833.484
834.188
834.892
835.596
836.3
837.0
837.857
838.714
839.571
840.428
841.285
842.142
842.999
843.856
844.713
845.57
846.427
847.284
848.141
848.998
849.85
850.236
850.622
851.008
851.394
851.78
852.166
852.552
852.938
853.324
853.71
854.096
854.482
854.868
855.254
855.64
856.03
856.379
856.728
857.077
857.426
857.775
858.124
858.473
858.822
859.171
859.52
859.869
860.218
860.567
860.916
861.265
861.614
861.963
862.319
863.27
864.221
865.172
866.123
867.074
868.025
868.976
869.927
870.878
871.829
872.78
873.731
874.682
875.633
876.584
877.535
878.486
879.437
880.38
880.915
881.45
881.985
882.52
883.055
883.59
884.125
884.66
885.195
885.73
886.265
886.8
887.335
887.87
888.405
888.939
889.211
889.483
889.755
890.027
890.299
890.571
890.843
891.115
891.387
891.659
891.931
892.203
892.475
892.747
893.019
893.291
893.563
893.835
894.1
894.657
895.214
895.771
896.328
896.885
897.442
897.999
898.556
899.113
899.67
900.227
900.784
901.341
901.898
902.455
903.012
903.569
904.13
904.583
905.036
905.489
905.942
906.395
906.848
907.301
907.754
908.207
908.66
909.113
909.566
910.019
910.472
910.925
911.378
911.831
912.29
912.755
913.22
913.685
914.15
914.615
915.08
915.545
916.01
916.475
916.94
917.405
917.87
918.335
918.8
919.265
919.73
920.195
920.66
921.125
921.59
922.05
922.451
922.852
923.253
923.654
924.055
924.456
924.857
925.258
925.659
926.06
926.461
926.862
927.263
927.664
928.065
928.466
928.867
929.268
929.669
930.079
930.505
930.931
931.357
931.783
932.209
932.635
933.061
933.487
933.913
934.339
934.765
935.191
935.617
936.043
936.469
936.895
937.321
937.747
938.173
938.599
939.025
939.449
939.743
940.037
940.331
940.625
940.919
941.213
941.507
941.801
942.095
942.389
942.683
942.977
943.271
943.565
943.859
944.16
944.528
944.896
945.264
945.632
946.0
946.368
946.736
947.104
947.472
947.84
948.208
948.576
948.944
949.312
949.68
949.918
950.156
950.394
950.632
950.87
951.108
951.346
951.584
951.822
952.06
952.298
952.536
952.774
953.012
953.25
953.488
953.726
953.964
954.202
954.439
954.755
955.071
955.387
955.703
956.019
956.335
956.651
956.967
957.283
957.599
957.915
958.231
958.547
958.863
959.179
959.495
959.811
960.127
960.443
960.75
961.09
961.43
961.77
962.11
962.45
962.79
963.13
963.47
963.81
964.15
964.49
964.83
965.17
965.51
965.85
966.19
966.53
966.87
967.21
967.55
967.882
968.244
968.606
968.968
969.33
969.692
970.054
970.416
970.778
971.14
971.502
971.864
972.226
972.588
972.95
973.312
973.674
974.036
974.4
975.249
976.098
976.947
977.796
978.645
979.494
980.343
981.192
982.041
982.89
983.105
983.32
983.535
983.75
983.965
984.18
984.394
984.609
984.824
985.038
985.253
985.468
985.683
985.898
986.113
986.328
986.543
986.758
986.973
987.18
987.576
987.972
988.368
988.764
989.16
989.556
989.952
990.348
990.744
991.14
991.536
991.932
992.328
992.724
993.12
993.516
993.919
994.157
994.395
994.633
994.871
995.109
995.347
995.585
995.823
996.061
996.299
996.537
996.775
997.013
997.251
997.489
997.727
997.965
998.2
998.504
998.808
999.112
999.416
999.72
1000.024
1000.328
1000.632
1000.936
1001.24
1001.544
1001.848
1002.152
1002.456
1002.76
1003.064
1003.368
1003.672
1003.981
1004.315
1004.649
1004.983
1005.317
1005.651
1005.985
1006.319
1006.653
1006.987
1007.321
1007.655
1007.989
1008.323
1008.657
1008.991
1009.325
1009.659
1009.993
1010.329
1010.708
1011.087
1011.466
1011.845
1012.224
1012.603
1012.982
1013.361
1013.74
1014.119
1014.498
1014.877
1015.256
1015.635
1016.014
1016.393
1016.772
1017.151
1017.53
1018.024
1018.518
1019.012
1019.506
1020.0
1020.494
1020.988
1021.482
1021.976
1022.47
1022.964
1023.458
1023.952
1024.446
1024.94
1025.434
1025.928
1026.422
1026.91
1027.453
1027.996
1028.539
1029.082
1029.625
1030.168
1030.711
1031.254
1031.797
1032.34
1032.883
1033.426
1033.969
1034.512
1035.055
1035.598
1036.141
1036.684
1037.227
1037.77
1038.31
1038.725
1039.14
1039.555
1039.97
1040.385
1040.8
1041.215
1041.63
1042.045
1042.46
1042.875
1043.29
1043.705
1044.12
1044.535
1044.95
1045.365
1045.78
1046.195
1046.61
1047.025
1047.44
1047.85
1048.359
1048.868
1049.377
1049.886
1050.395
1050.904
1051.413
1051.922
1052.431
1052.94
1053.449
1053.958
1054.467
1054.976
1055.485
1055.994
1056.503
1057.012
1057.521
1058.03
1058.481
1058.932
1059.383
1059.834
1060.285
1060.736
1061.187
1061.638
1062.089
1062.54
1062.991
1063.442
1063.893
1064.344
1064.795
1065.246
1065.697
1066.15
1066.503
1066.856
1067.209
1067.562
1067.915
1068.268
1068.621
1068.974
1069.327
1069.68
1070.033
1070.386
1070.739
1071.092
1071.445
1071.799
1072.027
1072.255
1072.483
1072.711
1072.939
1073.167
1073.395
1073.623
1073.851
1074.079
1074.307
1074.535
1074.763
1074.991
1075.219
1075.447
1075.675
1075.903
1076.13
1076.672
1077.214
1077.756
1078.298
1078.84
1079.38
1079.781
1080.182
1080.583
1080.984
1081.385
1081.786
1082.187
1082.588
1082.989
1083.39
1083.791
1084.192
1084.593
1084.994
1085.4
1085.981
1086.562
1087.143
1087.724
1088.305
1088.886
1089.467
1090.048
1090.629
1091.21
1091.791
1092.372
1092.953
1093.534
1094.11
1095.106
1096.102
1097.098
1098.094
1099.09
1100.086
1101.082
1102.078
1103.074
1104.07
1105.066
1106.062
1107.058
1108.054
1109.05
1110.046
1111.042
1112.04
1112.732
1113.424
1114.116
1114.808
1115.5
1116.192
1116.884
1117.576
1118.268
1118.96
1119.652
1120.344
1121.036
1121.728
1122.42
1123.112
1123.804
1124.49
1125.633
1126.776
1127.919
1129.062
1130.205
1131.348
1132.491
1133.634
1134.777
1135.92
1137.063
1138.206
1139.349
1140.492
1141.635
1142.778
1143.921
1145.064
1146.2
1146.451
1146.702
1146.953
1147.204
1147.455
1147.706
1147.957
1148.208
1148.459
1148.71
1148.961
1149.212
1149.463
1149.714
1149.965
1150.216
1150.467
1150.718
1150.969
1151.22
1151.47
1151.93
1152.39
1152.85
1153.31
1153.77
1154.23
1154.69
1155.15
1155.61
1156.07
1156.53
1156.99
1157.45
1157.91
1158.37
1158.83
1159.29
1159.75
1160.21
1160.67
1161.12
1161.335
1161.55
1161.765
1161.98
1162.195
1162.41
1162.625
1162.84
1163.055
1163.27
1163.485
1163.7
1163.915
1164.13
1164.345
1164.56
1164.775
1164.99
1165.2
1165.855
1166.51
1167.165
1167.82
1168.475
1169.13
1169.785
1170.44
1171.095
1171.75
1172.405
1173.06
1173.715
1174.37
1175.025
1175.68
1176.34
1177.212
1178.084
1178.956
1179.828
1180.7
1181.572
1182.444
1183.316
1184.188
1185.06
1185.932
1186.8
1187.845
1188.89
1189.935
1190.98
1192.025
1193.07
1194.115
1195.16
1196.205
1197.25
1198.295
1199.34
1200.385
1201.43
1202.475
1203.52
1205.16
1206.8
1208.44
1210.08
1211.72
1213.36
1215.0
1216.64
1218.28
1219.92
1221.56
1223.2
1224.84
1226.48
1228.12
1229.76
1231.4
1233.04
1233.446
1233.852
1234.258
1234.664
1235.07
1235.476
1235.882
1236.288
1236.694
1237.1
1237.506
1237.912
1238.318
1238.73
1239.872
1241.014
1242.156
1243.298
1244.44
1245.582
1246.724
1247.866
1249.008
1250.15
1251.292
1252.434
1253.576
1254.718
1255.86
1257.002
1258.144
1259.29
1259.694
1260.098
1260.502
1260.906
1261.31
1261.714
1262.118
1262.522
1262.926
1263.33
1263.734
1264.138
1264.542
1264.946
1265.35
1265.75
1266.025
1266.3
1266.575
1266.85
1267.125
1267.4
1267.675
1267.95
1268.225
1268.5
1268.775
1269.05
1269.325
1269.6
1269.875
1270.15
1270.42
1273.11
1273.893
1274.676
1275.459
1276.242
1277.025
1277.808
1278.591
1279.374
1280.157
1280.94
1281.723
1282.506
1283.289
1284.072
1284.855
1285.638
1286.421
1287.204
1287.99
1288.395
1288.8
1289.205
1289.61
1290.015
1290.42
1290.825
1291.23
1291.635
1292.04
1292.445
1292.85
1293.255
1293.66
1294.07
1294.492
1294.914
1295.336
1295.758
1296.18
1296.602
1297.024
1297.446
1297.868
1298.29
1298.712
1299.134
1299.556
1299.978
1300.4
1300.822
1301.244
1301.67
1302.001
1302.332
1302.663
1302.994
1303.325
1303.656
1303.987
1304.318
1304.649
1304.98
1305.311
1305.642
1305.973
1306.304
1306.63
1306.884
1307.138
1307.392
1307.646
1307.9
1308.154
1308.408
1308.662
1308.916
1309.17
1309.424
1309.678
1309.932
1310.186
1310.44
1310.694
1310.948
1311.2
1311.649
1312.098
1312.547
1312.996
1313.445
1313.894
1314.343
1314.792
1315.241
1315.69
1316.139
1316.588
1317.037
1317.486
1317.93
1318.946
1319.962
1320.978
1321.994
1323.01
1323.486
1323.962
1324.438
1324.914
1325.39
1325.866
1326.342
1326.818
1327.294
1327.77
1328.246
1328.722
1329.198
1329.67
1329.9
1330.13
1330.36
1330.59
1330.82
1331.05
1331.28
1331.51
1331.74
1331.97
1332.2
1332.43
1332.66
1332.89
1333.12
1333.35
1333.58
1333.81
1334.04
1334.27
1334.5
1337.716
1340.932
1344.148
1347.364
1350.58
1353.796
1357.012
1360.228
1363.444
1366.66
1369.876
1373.092
1376.308
1379.524
1382.74
1385.956
1389.172
1392.39
1392.52
1392.65
1392.78
1392.91
1393.04
1393.17
1393.3
1393.43
1393.56
1393.69
1393.82
1393.95
1394.08
1394.21
1394.34
1394.47
1394.6
1394.73
1394.855
1395.205
1395.555
1395.905
1396.255
1396.605
1396.955
1397.305
1397.655
1398.005
1398.355
1398.705
1399.055
1399.405
1399.755
1400.105
1400.455
1400.805
1401.151
1401.529
1401.907
1402.285
1402.663
1403.041
1403.419
1403.797
1404.175
1404.553
1404.931
1405.309
1405.687
1406.065
1406.443
1406.821
1407.199
1407.58
1408.079
1408.578
1409.077
1409.576
1410.075
1410.574
1411.073
1411.572
1412.071
1412.57
1413.069
1413.568
1414.067
1414.566
1415.065
1415.564
1416.063
1416.562
1417.06
1418.27
1419.48
1420.69
1421.9
1423.11
1424.32
1425.53
1426.74
1427.95
1429.16
1430.37
1431.58
1432.79
1434.0
1435.21
1436.42
1437.63
1438.84
1439.378
1439.916
1440.454
1440.992
1441.53
1442.068
1442.606
1443.144
1443.682
1444.22
1444.758
1445.296
1445.834
1446.372
1446.91
1447.448
1447.986
1448.52
1448.822
1449.124
1449.427
1449.729
1450.032
1450.334
1450.637
1450.939
1451.242
1451.544
1451.847
1452.15
1452.656
1453.162
1453.668
1454.174
1454.68
1455.186
1455.692
1456.198
1456.704
1457.21
1457.716
1458.222
1458.728
1459.234
1459.74
1460.25
1460.87
1461.49
1462.11
1462.73
1463.35
1463.97
1464.59
1465.21
1465.83
1466.45
1467.07
1467.69
1468.31
1468.93
1469.55
1470.17
1470.79
1471.41
1472.03
1472.313
1472.596
1472.879
1473.162
1473.445
1473.728
1474.011
1474.294
1474.577
1474.86
1475.143
1475.426
1475.709
1475.992
1476.275
1476.558
1476.841
1477.12
1477.917
1478.714
1479.511
1480.308
1481.105
1481.902
1482.699
1483.496
1484.293
1485.09
1485.887
1486.684
1487.481
1488.278
1489.07
1490.572
1492.074
1493.576
1495.078
1496.58
1498.082
1499.584
1501.086
1502.588
1504.09
1505.592
1507.094
1508.596
1510.098
1511.6
1513.102
1514.604
1516.106
1517.6
1519.149
1520.698
1522.247
1523.796
1525.345
1526.894
1528.443
1529.992
1531.541
1533.09
1534.639
1536.188
1537.737
1539.286
1540.835
1542.39
1542.731
1543.072
1543.413
1543.754
1544.095
1544.436
1544.777
1545.118
1545.459
1545.8
1546.141
1546.482
1546.823
1547.164
1547.505
1547.846
1548.187
1548.528
1548.87
1549.513
1550.156
1550.799
1551.442
1552.085
1552.728
1553.371
1554.014
1554.657
1555.3
1555.943
1556.586
1557.229
1557.872
1558.515
1559.158
1559.801
1560.44
1562.168
1563.896
1565.624
1567.352
1569.08
1570.808
1572.536
1574.264
1575.992
1577.72
1579.448
1581.176
1582.904
1584.632
1586.36
1588.088
1589.82
1590.603
1591.387
1592.17
1592.954
1593.737
1594.521
1595.304
1596.088
1596.871
1597.655
1598.438
1599.222
1600.005
1600.789
1601.572
1602.355
1603.139
1603.922
1604.706
1605.49
1606.49
1606.868
1607.246
1607.624
1608.002
1608.38
1608.758
1609.136
1609.514
1609.892
1610.27
1610.648
1611.026
1611.404
1611.782
1612.16
1612.538
1612.916
1613.294
1613.68
1614.934
1616.188
1617.442
1618.696
1619.95
1621.204
1622.458
1623.712
1624.966
1626.22
1627.474
1628.728
1629.982
1631.236
1632.49
1633.744
1634.99
1635.976
1636.962
1637.948
1638.934
1639.92
1640.906
1641.892
1642.878
1643.864
1644.85
1645.836
1646.822
1647.808
1648.794
1649.78
1650.766
1651.75
1652.144
1652.538
1652.932
1653.326
1653.72
1654.114
1654.508
1654.902
1655.296
1655.69
1656.08
1656.554
1657.028
1657.502
1657.976
1658.45
1658.924
1659.398
1659.872
1660.346
1660.82
1661.294
1661.768
1662.242
1662.716
1663.19
1663.664
1664.138
1664.612
1665.08
1665.959
1666.838
1667.717
1668.596
1669.475
1670.354
1671.233
1672.112
1672.991
1673.87
1674.749
1675.628
1676.507
1677.386
1678.265
1679.144
1680.023
1680.9
1681.352
1681.804
1682.256
1682.708
1683.16
1683.612
1684.064
1684.516
1684.968
1685.42
1685.872
1686.324
1686.776
1687.228
1687.68
1688.132
1688.58
1688.955
1689.33
1689.705
1690.08
1690.455
1690.83
1691.205
1691.58
1691.955
1692.33
1692.705
1693.08
1693.455
1693.83
1694.205
1694.58
1694.96
1695.382
1695.804
1696.226
1696.648
1697.07
1697.492
1697.914
1698.336
1698.758
1699.18
1699.602
1700.024
1700.446
1700.868
1701.29
1701.71
1701.931
1702.152
1702.373
1702.594
1702.815
1703.036
1703.257
1703.478
1703.699
1703.92
1704.141
1704.362
1704.583
1704.804
1705.025
1705.246
1705.467
1705.688
1705.909
1706.13
1706.33
1706.53
1706.73
1706.93
1707.13
1707.623
1708.116
1708.609
1709.102
1709.595
1710.088
1710.581
1711.074
1711.567
1712.06
1712.553
1713.046
1713.539
1714.032
1714.525
1715.018
1715.511
1716.0
1716.644
1717.288
1717.932
1718.576
1719.22
1719.864
1720.508
1721.152
1721.796
1722.44
1723.084
1723.728
1724.372
1725.016
1725.66
1726.304
1726.948
1727.592
1728.23
1728.488
1728.746
1729.004
1729.262
1729.52
1729.778
1730.036
1730.294
1730.552
1730.81
1731.068
1731.326
1731.584
1731.842
1732.1
1732.358
1732.616
1732.88
1733.311
1733.742
1734.173
1734.604
1735.035
1735.466
1735.897
1736.328
1736.759
1737.19
1737.621
1738.052
1738.483
1738.914
1739.345
1739.776
1740.207
1740.638
1741.07
1745.678
1750.286
1754.894
1759.502
1764.11
1768.718
1773.326
1777.934
1782.542
1787.15
1791.758
1796.366
1800.974
1805.582
1810.19
1814.8
1816.017
1817.234
1818.451
1819.668
1820.885
1822.102
1823.319
1824.536
1825.753
1826.97
1828.19
1828.732
1829.274
1829.816
1830.358
1830.9
1831.442
1831.984
1832.526
1833.068
1833.61
1834.152
1834.694
1835.236
1835.778
1836.32
1836.862
1837.404
1837.946
1838.48
1838.756
1839.032
1839.308
1839.584
1839.86
1840.136
1840.412
1840.688
1840.964
1841.24
1841.516
1841.792
1842.068
1842.344
1842.62
1842.896
1843.18
1843.502
1843.824
1844.146
1844.468
1844.79
1845.112
1845.434
1845.756
1846.078
1846.4
1846.722
1847.044
1847.366
1847.688
1848.01
1848.332
1848.66
1849.151
1849.642
1850.133
1850.624
1851.115
1851.606
1852.097
1852.588
1853.079
1853.57
1853.805
1854.04
1854.275
1854.51
1854.745
1854.98
1855.215
1855.45
1855.685
1855.92
1856.155
1856.39
1856.625
1856.86
1857.095
1857.33
1857.565
1857.8
1858.035
1858.27
1858.5
1858.921
1859.342
1859.763
1860.184
1860.605
1861.026
1861.447
1861.868
1862.289
1862.71
1863.131
1863.552
1863.973
1864.394
1864.815
1865.236
1865.657
1866.07
1866.381
1866.692
1867.003
1867.314
1867.625
1867.936
1868.247
1868.558
1868.869
1869.18
1869.491
1869.802
1870.113
1870.424
1870.735
1871.046
1871.36
1871.651
1871.942
1872.233
1872.524
1872.815
1873.106
1873.397
1873.688
1873.979
1874.27
1874.561
1874.852
1875.143
1875.434
1875.725
1876.016
1876.31
1876.715
1877.12
1877.525
1877.93
1878.335
1878.74
1879.145
1879.55
1879.955
1880.36
1880.765
1881.17
1881.575
1881.98
1882.385
1882.79
1883.195
1883.6
1884.0
1886.409
1888.819
1891.228
1893.638
1896.047
1898.457
1900.867
1903.276
1905.686
1908.095
1910.505
1912.915
1915.324
1917.734
1920.143
1922.553
1924.963
1927.372
1929.782
1932.19
1932.508
1932.825
1933.142
1933.459
1933.776
1934.093
1934.41
1934.727
1935.044
1935.361
1935.678
1935.995
1936.312
1936.63
1936.948
1937.27
1939.738
1942.206
1944.674
1947.142
1949.61
1952.078
1954.546
1957.014
1959.482
1961.95
1964.418
1966.886
1969.354
1971.822
1974.29
1976.758
1979.23
1979.863
1980.496
1981.129
1981.762
1982.395
1983.028
1983.661
1984.294
1984.927
1985.56
1986.193
1986.826
1987.459
1988.092
1988.72
1989.344
1989.968
1990.592
1991.216
1991.84
1992.464
1993.088
1993.712
1994.336
1994.96
1995.584
1996.208
1996.832
1997.456
1998.08
1998.704
1999.328
1999.96
2003.889
2007.818
2011.747
2015.676
2019.605
2023.534
2027.463
2031.392
2035.321
2039.25
2043.179
2043.647
2044.115
2044.583
2045.051
2045.519
2045.987
2046.455
2046.923
2047.391
2047.859
2048.327
2048.795
2049.263
2049.731
2050.199
2050.667
2051.139
2051.507
2051.875
2052.243
2052.611
2052.98
2054.123
2055.266
2056.409
2057.552
2058.695
2059.838
2060.981
2062.124
2063.267
2064.41
2065.553
2066.696
2067.839
2068.982
2070.125
2071.268
2072.411
2073.554
2074.69
2076.617
2078.544
2080.471
2082.398
2084.325
2086.252
2088.179
2090.106
2092.033
2093.96
2095.887
2097.814
2099.74
2106.6
2113.46
2120.319
2120.972
2121.625
2122.278
2122.931
2123.584
2124.237
2124.89
2125.543
2126.196
2126.849
2127.502
2128.155
2128.81
2129.822
2130.834
2131.846
2132.858
2133.87
2134.882
2135.894
2136.906
2137.918
2138.93
2139.942
2140.954
2141.966
2142.978
2143.99
2145.002
2146.01
2146.279
2146.548
2146.817
2147.086
2147.355
2147.624
2147.893
2148.162
2148.431
2148.7
2148.969
2149.238
2149.507
2149.776
2150.05
2151.094
2152.138
2153.182
2154.226
2155.27
2156.314
2157.358
2158.402
2159.446
2160.49
2161.534
2162.578
2163.622
2164.666
2165.71
2166.754
2167.798
2168.84
2168.907
2168.974
2169.041
2169.108
2169.175
2169.242
2169.309
2169.376
2169.443
2169.51
2169.577
2169.644
2169.711
2169.778
2169.84
2170.49
2171.14
2171.79
2172.44
2173.09
2173.74
2174.39
2175.04
2175.69
2176.34
2176.99
2177.64
2178.29
2178.94
2179.59
2180.24
2180.89
2181.54
2182.19
2182.583
2182.976
2183.369
2183.762
2184.155
2184.548
2184.941
2185.334
2185.727
2186.12
2186.513
2186.906
2187.299
2187.692
2188.085
2188.478
2188.871
2189.264
2189.65
2189.909
2190.168
2190.427
2190.686
2190.945
2191.204
2191.463
2191.722
2191.981
2192.24
2192.499
2192.758
2193.017
2193.276
2193.535
2193.794
2194.053
2194.312
2194.58
2194.826
2195.072
2195.318
2195.564
2195.81
2196.056
2196.302
2196.548
2196.794
2197.04
2197.286
2197.532
2197.778
2198.024
2198.27
2198.516
2198.762
2199.008
2199.26
2199.714
2200.168
2200.622
2201.076
2201.53
2201.984
2202.438
2202.892
2203.346
2203.8
2204.254
2204.708
2205.162
2205.616
2206.07
2206.524
2206.978
2207.432
2207.88
2209.672
2211.464
2213.256
2215.048
2216.84
2218.632
2220.424
2222.216
2224.008
2225.8
2227.592
2229.384
2231.176
2232.968
2234.76
2236.552
2238.344
2240.136
2241.92
2242.184
2242.448
2242.712
2242.976
2243.24
2243.504
2243.768
2244.032
2244.296
2244.56
2244.824
2245.088
2245.352
2245.616
2245.88
2246.144
2246.408
2246.68
2247.38
2248.08
2248.78
2249.48
2250.18
2250.88
2251.58
2252.28
2252.98
2253.68
2254.38
2255.08
2255.78
2256.48
2257.18
2257.88
2258.58
2259.28
2259.98
2261.47
2262.96
2264.45
2265.03
2265.61
2266.19
2266.77
2267.35
2267.93
2268.51
2269.09
2269.67
2270.25
2270.83
2271.41
2271.99
2272.57
2273.15
2273.73
2274.31
2274.674
2275.038
2275.402
2275.766
2276.13
2276.494
2276.858
2277.222
2277.586
2277.95
2278.314
2278.678
2279.042
2279.406
2279.77
2280.134
2280.5
2280.742
2280.984
2281.226
2281.468
2281.709
2281.95
2282.191
2282.432
2282.673
2282.914
2283.156
2283.398
2283.64
2283.881
2284.122
2284.363
2284.604
2284.845
2285.086
2285.33
2285.634
2285.938
2286.242
2286.546
2286.85
2287.154
2287.458
2287.762
2288.066
2288.37
2288.674
2288.978
2289.282
2289.586
2289.89
2290.2
2290.512
2290.824
2291.136
2291.448
2291.76
2292.072
2292.384
2292.696
2293.008
2293.32
2293.632
2293.944
2294.256
2294.568
2294.88
2295.19
2295.565
2295.94
2296.315
2296.69
2297.065
2297.44
2297.815
2298.19
2298.565
2298.94
2299.315
2299.69
2300.065
2300.44
2300.815
2301.19
2301.565
2301.94
2302.566
2303.192
2303.818
2304.444
2305.07
2305.696
2306.322
2306.948
2307.574
2308.2
2308.826
2309.452
2310.078
2310.704
2311.33
2311.956
2312.582
2313.21
2313.489
2313.768
2314.047
2314.326
2314.605
2314.884
2315.163
2315.442
2315.721
2316.0
2316.279
2316.558
2316.837
2317.116
2317.395
2317.674
2317.953
2318.232
2318.51
2319.053
2319.596
2320.139
2320.682
2321.225
2321.77
2322.236
2322.702
2323.168
2323.634
2324.1
2324.566
2325.032
2325.498
2325.964
2326.43
2326.896
2327.362
2327.828
2328.294
2328.76
2329.222
2329.687
2330.152
2330.617
2331.082
2331.547
2332.012
2332.477
2332.942
2333.407
2333.872
2334.337
2334.802
2335.267
2335.732
2336.197
2336.662
2337.12
2337.617
2338.115
2338.612
2339.11
2339.608
2340.106
2340.604
2341.101
2341.599
2342.097
2342.595
2343.092
2343.59
2344.088
2344.586
2345.08
2345.342
2345.604
2345.866
2346.128
2346.39
2346.652
2346.914
2347.177
2347.439
2347.701
2347.963
2348.226
2348.488
2348.75
2349.012
2349.28
2349.508
2349.736
2349.964
2350.192
2350.42
2350.648
2350.876
2351.104
2351.332
2351.56
2351.788
2352.016
2352.244
2352.472
2352.7
2352.93
2353.188
2353.446
2353.704
2353.962
2354.22
2354.478
2354.736
2354.994
2355.252
2355.51
2355.768
2356.026
2356.284
2356.542
2356.8
2357.058
2357.316
2357.57
2357.902
2358.234
2358.566
2358.898
2359.23
2359.562
2359.894
2360.226
2360.558
2360.89
2361.222
2361.554
2361.886
2362.218
2362.55
2362.881
2363.125
2363.369
2363.613
2363.857
2364.101
2364.345
2364.589
2364.833
2365.077
2365.321
2365.565
2365.809
2366.053
2366.297
2366.541
2366.785
2367.029
2367.273
2367.52
2367.79
2368.06
2368.33
2368.6
2368.87
2369.14
2369.41
2369.68
2369.95
2370.22
2370.49
2370.76
2371.03
2371.3
2371.57
2371.84
2372.11
2372.38
2372.704
2373.028
2373.352
2373.676
2374.0
2374.324
2374.648
2374.972
2375.296
2375.62
2375.944
2376.268
2376.592
2376.916
2377.24
2377.57
2378.035
2378.5
2378.965
2379.43
2379.895
2380.36
2380.825
2381.29
2381.755
2382.22
2382.685
2383.15
2383.615
2384.08
2384.545
2385.01
2385.475
2385.94
2386.405
2386.87
2387.33
2387.562
2387.794
2388.026
2388.258
2388.49
2388.72
2389.056
2389.392
2389.728
2390.064
2390.4
2390.736
2391.072
2391.408
2391.744
2392.08
2392.416
2392.752
2393.088
2393.424
2393.76
2394.096
2394.43
2394.843
2395.256
2395.669
2396.082
2396.495
2396.908
2397.321
2397.734
2398.147
2398.56
2398.973
2399.386
2399.799
2400.212
2400.625
2401.038
2401.451
2401.864
2402.27
2402.792
2403.314
2403.836
2404.358
2404.88
2405.402
2405.924
2406.446
2406.968
2407.49
2408.012
2408.534
2409.056
2409.578
2410.1
2410.622
2411.144
2411.67
2412.415
2413.16
2413.905
2414.65
2415.395
2416.14
2416.885
2417.63
2418.375
2419.12
2419.865
2420.61
2421.355
2422.1
2422.845
2423.59
2424.335
2425.08
2425.82
2426.035
2426.25
2426.465
2426.68
2426.895
2427.11
2427.325
2427.54
2427.755
2427.97
2428.185
2428.4
2428.615
2428.83
2429.045
2429.26
2429.475
2429.69
2429.91
2430.315
2430.72
2431.125
2431.53
2431.935
2432.34
2432.745
2433.15
2433.555
2433.96
2434.365
2434.77
2435.175
2435.58
2435.985
2436.39
2436.795
2437.2
2437.605
2438.01
2438.284
2438.558
2438.832
2439.106
2439.38
2439.654
2439.928
2440.202
2440.476
2440.75
2441.024
2441.298
2441.572
2441.846
2442.12
2442.394
2442.668
2442.942
2443.216
2443.49
2443.77
2443.946
2444.122
2444.298
2444.474
2444.65
2444.826
2445.002
2445.178
2445.354
2445.53
2445.706
2445.882
2446.058
2446.234
2446.41
2446.586
2446.762
2446.94
2447.323
2447.706
2448.089
2448.472
2448.855
2449.238
2449.621
2450.004
2450.387
2450.77
2451.153
2451.536
2451.919
2452.302
2452.685
2453.068
2453.451
2453.834
2454.22
2454.605
2454.99
2455.375
2455.76
2456.145
2456.53
2456.915
2457.3
2457.685
2458.07
2458.455
2458.84
2459.225
2459.61
2459.995
2460.38
2460.765
2461.15
2461.54
2462.422
2463.304
2464.186
2465.068
2465.95
2466.832
2467.714
2468.596
2469.478
2470.36
2471.242
2472.124
2473.006
2473.888
2474.77
2475.652
2476.53
2477.674
2478.818
2479.962
2481.106
2482.25
2483.394
2484.538
2485.682
2486.826
2487.97
2489.114
2490.258
2491.402
2492.546
2493.69
2494.834
2495.978
2497.122
2498.266
2499.41
2500.112
2500.814
2501.516
2502.218
2502.92
2503.622
2504.324
2505.026
2505.728
2506.43
2507.132
2507.834
2508.536
2509.238
2509.94
2510.642
2511.344
2512.046
2512.748
2513.45
2514.15
2514.699
2515.248
2515.797
2516.346
2516.895
2517.444
2517.993
2518.542
2519.091
2519.64
2520.189
2520.738
2521.287
2521.836
2522.385
2522.934
2523.483
2524.03
2524.611
2525.192
2525.773
2526.354
2526.935
2527.516
2528.097
2528.678
2529.259
2529.84
2530.421
2531.002
2531.583
2532.164
2532.745
2533.33
2533.932
2534.534
2535.137
2535.74
2536.342
2536.945
2537.548
2538.15
2538.753
2539.356
2539.959
2540.561
2541.164
2541.767
2542.369
2542.97
2543.483
2543.996
2544.509
2545.022
2545.535
2546.048
2546.561
2547.074
2547.587
2548.1
2548.613
2549.126
2549.639
2550.152
2550.66
2551.062
2551.464
2551.866
2552.268
2552.67
2553.072
2553.474
2553.876
2554.278
2554.68
2555.082
2555.484
2555.886
2556.288
2556.69
2557.092
2557.494
2557.9
2558.593
2559.286
2559.979
2560.672
2561.365
2562.058
2562.751
2563.444
2564.137
2564.83
2565.523
2566.216
2566.909
2567.602
2568.295
2568.988
2569.681
2570.38
2571.397
2572.414
2573.431
2574.448
2575.465
2576.482
2577.499
2578.515
2579.532
2580.549
2581.566
2582.582
2583.599
2584.616
2585.633
2586.649
2587.666
2588.683
2589.7
2590.71
2591.466
2592.222
2592.978
2593.734
2594.49
2595.246
2596.002
2596.758
2597.514
2598.27
2599.026
2599.782
2600.538
2601.294
2602.05
2602.806
2603.57
2604.041
2604.512
2604.983
2605.454
2605.925
2606.396
2606.867
2607.338
2607.809
2608.28
2608.751
2609.222
2609.693
2610.164
2610.635
2611.106
2611.577
2612.048
2612.519
2612.99
2613.47
2613.876
2614.282
2614.688
2615.094
2615.5
2615.906
2616.312
2616.718
2617.124
2617.53
2617.852
2618.174
2618.496
2618.818
2619.14
2619.462
2619.784
2620.106
2620.428
2620.75
2621.072
2621.394
2621.716
2622.038
2622.36
2622.682
2623.004
2623.33
2623.809
2624.288
2624.767
2625.246
2625.725
2626.204
2626.683
2627.162
2627.641
2628.12
2628.599
2629.078
2629.557
2630.036
2630.515
2630.994
2631.473
2631.952
2632.44
2633.129
2633.818
2634.507
2635.196
2635.885
2636.574
2637.263
2637.952
2638.641
2639.33
2640.019
2640.708
2641.397
2642.086
2642.775
2643.464
2644.153
2644.842
2645.53
2645.732
2645.934
2646.136
2646.338
2646.54
2646.742
2646.944
2647.146
2647.348
2647.55
2647.752
2647.954
2648.156
2648.358
2648.56
2648.762
2648.97
2649.548
2650.126
2650.704
2651.282
2651.86
2652.438
2653.016
2653.594
2654.172
2654.75
2655.328
2655.906
2656.484
2657.062
2657.64
2658.218
2658.79
2659.455
2660.12
2660.785
2661.45
2662.115
2662.78
2663.445
2664.11
2664.775
2665.44
2666.105
2666.77
2667.435
2668.1
2668.765
2669.43
2670.09
2671.507
2672.924
2674.341
2675.758
2677.175
2678.592
2680.009
2681.426
2682.843
2684.26
2685.677
2687.094
2688.511
2689.928
2691.345
2692.762
2694.179
2695.59
2696.692
2697.794
2698.896
2699.998
2701.1
2702.202
2703.304
2704.406
2705.508
2706.61
2707.712
2708.814
2709.92
2710.555
2711.19
2711.825
2712.46
2713.095
2713.73
2714.365
2715.0
2715.635
2716.27
2716.905
2717.54
2718.175
2718.81
2719.445
2720.08
2720.715
2721.35
2721.98
2722.554
2723.128
2723.702
2724.276
2724.85
2725.424
2725.998
2726.572
2727.146
2727.72
2728.294
2728.868
2729.442
2730.016
2730.59
2731.17
2732.746
2734.322
2735.898
2737.474
2739.05
2740.626
2742.202
2743.778
2745.354
2746.93
2748.506
2750.082
2751.658
2753.234
2754.81
2756.38
2757.894
2759.408
2760.922
2762.436
2763.95
2765.464
2766.978
2768.492
2770.006
2771.52
2773.034
2774.548
2776.062
2777.576
2779.09
2780.604
2782.119
2782.62
2783.121
2783.622
2784.123
2784.624
2785.125
2785.626
2786.127
2786.628
2787.129
2787.63
2788.131
2788.632
2789.133
2789.634
2790.135
2790.636
2791.14
2791.618
2792.096
2792.574
2793.052
2793.53
2794.008
2794.486
2794.964
2795.442
2795.92
2796.398
2796.876
2797.354
2797.832
2798.31
2798.788
2799.266
2799.744
2800.22
2800.577
2800.934
2801.291
2801.648
2802.005
2802.362
2802.719
2803.076
2803.433
2803.79
2804.147
2804.504
2804.861
2805.218
2805.575
2805.932
2806.289
2806.64
2806.837
2807.034
2807.231
2807.428
2807.625
2807.822
2808.019
2808.216
2808.413
2808.61
2808.807
2809.004
2809.201
2809.398
2809.595
2809.791
2810.058
2810.325
2810.592
2810.859
2811.126
2811.393
2811.66
2811.927
2812.194
2812.461
2812.728
2812.995
2813.262
2813.529
2813.796
2814.07
2814.461
2814.852
2815.243
2815.634
2816.025
2816.416
2816.807
2817.2
2817.836
2818.472
2819.108
2819.744
2820.38
2821.016
2821.652
2822.288
2822.924
2823.56
2824.196
2824.832
2825.468
2826.104
2826.74
2827.369
2828.004
2828.639
2829.274
2829.909
2830.544
2831.179
2831.814
2832.449
2833.084
2833.719
2834.354
2834.989
2835.624
2836.259
2836.89
2837.137
2837.384
2837.631
2837.878
2838.125
2838.372
2838.619
2838.866
2839.113
2839.36
2839.607
2839.854
2840.101
2840.348
2840.595
2840.842
2841.089
2841.33
2841.767
2842.204
2842.641
2843.078
2843.515
2843.952
2844.389
2844.826
2845.263
2845.7
2846.137
2846.574
2847.011
2847.448
2847.885
2848.322
2848.759
2849.2
2849.599
2849.998
2850.397
2850.796
2851.195
2851.594
2851.993
2852.392
2852.791
2853.19
2853.589
2853.988
2854.387
2854.786
2855.185
2855.584
2855.983
2856.38
2856.771
2857.162
2857.553
2857.944
2858.335
2858.726
2859.117
2859.508
2859.899
2860.29
2860.681
2861.072
2861.463
2861.854
2862.245
2862.636
2863.027
2863.418
2863.8
2864.276
2864.752
2865.228
2865.704
2866.18
2866.656
2867.132
2867.608
2868.084
2868.56
2869.036
2869.512
2869.988
2870.464
2870.94
2871.416
2871.892
2872.368
2872.844
2873.32
2873.777
2874.234
2874.691
2875.148
2875.605
2876.062
2876.519
2876.976
2877.43
2877.972
2878.514
2879.056
2879.598
2880.14
2880.682
2881.224
2881.766
2882.308
2882.85
2883.392
2883.934
2884.476
2885.018
2885.56
2886.1
2886.457
2886.814
2887.171
2887.528
2887.885
2888.242
2888.599
2888.956
2889.313
2889.67
2890.027
2890.384
2890.741
2891.098
2891.455
2891.81
2892.286
2892.762
2893.238
2893.714
2894.19
2894.666
2895.142
2895.618
2896.094
2896.57
2897.046
2897.522
2897.998
2898.474
2898.95
2899.426
2899.9
2900.807
2901.714
2902.621
2903.528
2904.435
2905.342
2906.249
2907.156
2908.063
2908.97
2909.877
2910.784
2911.691
2912.598
2913.505
2914.412
2915.319
2916.226
2917.133
2918.04
2918.947
2919.854
2920.77
2921.25
2921.73
2922.21
2922.69
2923.17
2923.65
2924.13
2924.61
2925.09
2925.57
2926.05
2926.53
2927.01
2927.49
2927.97
2928.45
2928.93
2929.447
2929.964
2930.481
2930.998
2931.515
2932.032
2932.549
2933.066
2933.583
2934.1
2934.617
2935.134
2935.651
2936.168
2936.685
2937.202
2937.719
2938.236
2938.753
2939.27
2940.008
2940.746
2941.485
2942.224
2942.963
2943.702
2944.441
2945.179
2945.918
2946.657
2947.396
2948.135
2948.874
2949.612
2950.351
2951.09
2951.829
2952.568
2953.307
2954.04
2954.347
2954.654
2954.961
2955.268
2955.575
2955.882
2956.189
2956.496
2956.803
2957.11
2957.417
2957.724
2958.031
2958.338
2958.645
2958.952
2959.259
2959.56
2960.028
2960.495
2960.963
2961.431
2961.899
2962.367
2962.835
2963.303
2963.771
2964.239
2964.707
2965.175
2965.643
2966.111
2966.579
2967.047
2967.515
2967.983
2968.451
2968.91
2969.405
2969.9
2970.395
2970.89
2971.385
2971.88
2972.375
2972.87
2973.365
2973.86
2974.355
2974.85
2975.345
2975.84
2976.335
2976.83
2977.33
2978.552
2979.774
2980.996
2982.218
2983.44
2984.662
2985.884
2987.106
2988.328
2989.55
2990.772
2991.994
2993.216
2994.438
2995.66
2996.882
2998.104
2999.33
3002.916
3006.503
3010.09
3013.677
3017.264
3020.849
3021.107
3021.365
3021.623
3021.88
3023.067
3024.254
3025.441
3026.628
3027.815
3029.002
3030.189
3031.376
3032.563
3033.75
3034.937
3036.124
3037.311
3038.498
3039.685
3040.872
3042.059
3043.246
3044.43
3045.081
3045.732
3046.383
3047.034
3047.685
3048.336
3048.987
3049.638
3050.289
3050.94
3051.591
3052.242
3052.893
3053.544
3054.195
3054.846
3055.5
3056.136
3056.772
3057.408
3058.044
3058.68
3059.316
3059.952
3060.588
3061.224
3061.86
3062.496
3063.132
3063.768
3064.404
3065.04
3065.676
3066.312
3066.95
3067.569
3068.188
3068.807
3069.426
3070.045
3070.664
3071.283
3071.902
3072.521
3073.14
3073.759
3074.378
3074.997
3075.616
3076.235
3076.854
3077.473
3078.092
3078.72
3079.095
3079.47
3079.845
3080.22
3080.595
3080.97
3081.345
3081.72
3082.095
3082.47
3082.845
3083.22
3083.595
3083.97
3085.324
3086.678
3088.032
3089.386
3090.74
3092.094
3093.448
3094.802
3096.156
3097.51
3098.864
3100.218
3101.572
3102.926
3104.28
3105.634
3106.988
3108.349
3109.584
3110.819
3112.054
3113.289
3114.524
3115.76
3116.486
3117.212
3117.938
3118.664
3119.39
3120.116
3120.842
3121.568
3122.294
3123.02
3123.746
3124.472
3125.198
3125.924
3126.65
3128.166
3129.682
3131.198
3132.714
3134.23
3135.746
3137.262
3138.778
3140.294
3141.81
3143.326
3144.842
3146.358
3147.874
3149.39
3150.91
3151.506
3152.102
3152.698
3153.294
3153.89
3154.486
3155.082
3155.678
3156.274
3156.87
3157.466
3158.062
3158.658
3159.254
3159.85
3160.45
3164.075
3167.7
3171.325
3174.95
3178.575
3182.2
3185.043
3187.886
3190.729
3193.572
3196.415
3199.258
3202.101
3204.94
3205.132
3205.324
3205.516
3205.708
3205.9
3206.092
3206.284
3206.476
3206.668
3206.86
3207.052
3207.244
3207.436
3207.628
3207.82
3208.01
3209.88
3211.75
3213.62
3215.49
3217.36
3219.23
3221.1
3222.97
3224.84
3226.71
3228.58
3230.45
3232.32
3258.984
3285.648
3312.312
3338.976
3365.64
3392.304
3418.97
3423.777
3428.584
3433.391
3438.198
3443.005
3447.812
3452.619
3457.426
3462.233
3467.04
3471.847
3476.654
3481.461
3486.268
3491.075
3495.88
3496.322
3496.764
3497.206
3497.648
3498.09
3498.532
3498.974
3499.416
3499.858
3500.3
3500.742
3501.184
3501.626
3502.068
3502.51
3502.952
3503.4
3504.48
3505.56
3506.64
3507.72
3508.8
3509.88
3510.96
3512.04
3513.119
3513.666
3514.213
3514.76
3515.307
3515.854
3516.401
3516.948
3517.495
3518.042
3518.589
3519.136
3519.683
3520.23
3520.777
3521.324
3521.871
3522.418
3522.97
3523.229
3523.488
3523.747
3524.006
3524.265
3524.524
3524.783
3525.042
3525.301
3525.56
3525.819
3526.078
3526.337
3526.599
3526.831
3527.063
3527.295
3527.527
3527.759
3527.991
3528.223
3528.455
3528.687
3528.919
3529.151
3529.383
3529.615
3529.847
3530.079
3530.311
3530.54
3530.761
3530.982
3531.203
3531.424
3531.645
3531.866
3532.087
3532.308
3532.529
3532.75
3532.971
3533.192
3533.413
3533.634
3533.855
3534.076
3534.29
3534.587
3534.884
3535.181
3535.478
3535.775
3536.072
3536.369
3536.666
3536.963
3537.26
3537.557
3537.854
3538.151
3538.448
3538.745
3539.042
3539.339
3539.63
3539.63
3539.63
3539.63
3539.63
3539.63
3539.63
