33.77
36.37
38.97
41.57
44.17
46.77
49.37
51.97
54.57
57.17
59.77
62.37
64.97
67.57
70.17
72.77
75.37
77.97
78.188
78.406
78.624
78.842
79.06
79.278
79.496
79.714
79.932
80.15
80.368
80.586
80.804
81.022
81.24
81.567
81.894
82.221
82.548
82.875
83.202
83.529
83.856
84.183
84.51
84.837
85.164
85.491
85.818
86.15
87.835
89.52
91.205
92.89
94.575
96.26
97.945
99.63
101.315
103.0
104.685
106.37
108.055
109.74
111.425
113.11
114.8
115.364
115.928
116.492
117.056
117.62
118.184
118.748
119.312
119.876
120.44
121.004
121.568
122.132
122.69
123.152
123.614
124.076
124.538
125.0
125.462
125.924
126.386
126.848
127.31
127.772
128.234
128.696
129.158
129.62
130.082
130.544
131.0
131.382
131.764
132.146
132.528
132.91
133.292
133.674
134.056
134.438
134.82
135.202
135.584
135.966
136.348
136.73
137.112
137.5
137.734
137.968
138.202
138.436
138.67
138.904
139.138
139.372
139.606
139.84
140.074
140.308
140.542
140.776
141.01
141.244
141.47
142.198
142.926
143.654
144.382
145.11
145.838
146.566
147.294
148.022
148.75
149.478
150.206
150.934
151.662
152.39
153.118
153.846
154.574
155.302
156.03
156.76
157.625
158.49
159.355
160.22
161.085
161.95
162.815
163.68
164.545
165.41
166.275
167.14
168.005
168.87
169.735
170.6
171.465
172.33
173.195
174.06
174.92
175.237
175.554
175.871
176.19
176.47
176.75
177.03
177.31
177.59
177.87
178.15
178.43
178.71
178.99
179.27
179.55
179.83
180.11
180.39
180.67
180.95
181.435
181.92
182.405
182.89
183.375
183.86
184.345
184.83
185.315
185.8
186.285
186.77
187.255
187.74
188.225
188.71
189.175
189.64
190.105
190.57
191.035
191.5
191.965
192.43
192.895
193.36
193.825
194.29
194.755
195.22
195.685
196.15
196.615
197.08
197.545
198.01
198.475
198.93
199.376
199.822
200.268
200.714
201.16
201.606
202.052
202.498
202.944
203.39
203.836
204.282
204.728
205.174
205.62
206.066
206.512
206.95
207.534
208.118
208.702
209.286
209.87
210.454
211.038
211.622
212.206
212.79
213.374
213.958
214.542
215.126
215.71
216.294
216.88
217.783
218.686
219.589
220.492
221.395
222.298
223.201
224.104
225.007
225.91
226.813
227.716
228.619
229.522
230.425
231.328
232.231
233.14
233.597
234.054
234.511
234.968
235.425
235.882
236.339
236.796
237.253
237.71
238.167
238.624
239.081
239.538
239.995
240.452
240.909
241.36
241.826
242.292
242.758
243.224
243.69
244.156
244.622
245.088
245.554
246.02
246.486
246.952
247.418
247.884
248.35
248.816
249.282
249.748
250.214
250.68
251.17
251.66
252.15
252.64
253.13
253.62
254.11
254.6
255.09
255.58
256.07
256.56
257.05
257.54
258.03
258.52
259.01
259.5
259.99
260.489
260.787
261.085
261.383
261.681
261.979
262.277
262.575
262.873
263.171
263.469
263.767
264.065
264.363
264.661
264.959
265.257
265.555
265.853
266.16
266.66
267.16
267.363
267.566
267.769
267.972
268.175
268.378
268.581
268.784
268.987
269.19
269.393
269.596
269.799
270.002
270.205
270.408
270.611
270.81
271.153
271.496
271.839
272.182
272.525
272.868
273.211
273.554
273.897
274.24
274.583
274.926
275.269
275.612
275.955
276.298
276.641
276.99
277.306
277.622
277.938
278.254
278.57
278.886
279.202
279.518
279.834
280.15
280.466
280.782
281.098
281.414
281.73
282.046
282.362
282.68
282.838
282.996
283.154
283.312
283.47
283.628
283.786
283.944
284.102
284.26
284.418
284.576
284.734
284.892
285.05
285.208
285.366
285.524
285.69
285.964
286.238
286.512
286.786
287.06
287.334
287.608
287.882
288.156
288.43
288.704
288.978
289.252
289.526
289.8
290.074
290.348
290.622
290.896
291.169
291.379
291.589
291.799
292.009
292.219
292.429
292.639
292.849
293.059
293.269
293.479
293.689
293.899
294.109
294.319
294.529
294.739
294.949
295.16
295.746
296.332
296.918
297.504
298.09
298.676
299.259
299.434
299.609
299.784
299.959
300.134
300.309
300.484
300.659
300.834
301.009
301.184
301.359
301.534
301.709
301.884
302.059
302.234
302.409
302.59
302.804
303.018
303.232
303.446
303.66
303.874
304.088
304.302
304.516
304.73
304.944
305.158
305.372
305.586
305.8
306.014
306.228
306.439
306.919
307.399
307.879
308.359
308.839
309.319
309.799
310.279
310.759
311.239
311.719
312.199
312.679
313.159
313.639
314.12
314.343
314.566
314.789
315.012
315.235
315.458
315.681
315.904
316.127
316.35
316.573
316.796
317.019
317.242
317.465
317.688
317.911
318.14
318.467
318.794
319.121
319.448
319.775
320.102
320.429
320.756
321.083
321.41
321.737
322.064
322.391
322.718
323.045
323.372
323.699
324.026
324.349
324.66
324.971
325.282
325.593
325.904
326.215
326.526
326.837
327.148
327.459
327.77
328.081
328.392
328.703
329.014
329.325
329.636
329.947
330.258
330.569
331.172
331.775
332.378
332.981
333.584
334.187
334.79
335.393
335.996
336.599
337.202
337.805
338.408
339.011
339.614
340.217
340.82
341.43
341.613
341.796
341.978
342.161
342.344
342.526
342.709
342.892
343.075
343.257
343.44
343.623
343.805
343.988
344.171
344.353
344.536
344.719
344.901
345.08
345.534
345.988
346.442
346.896
347.35
347.804
348.258
348.712
349.166
349.62
350.074
350.528
350.982
351.436
351.89
352.344
352.8
353.128
353.456
353.784
354.112
354.44
354.768
355.096
355.424
355.752
356.08
356.408
356.736
357.064
357.392
357.72
358.048
358.379
358.865
359.351
359.837
360.323
360.809
361.295
361.781
362.267
362.753
363.239
363.725
364.211
364.699
365.017
365.335
365.653
365.971
366.289
366.607
366.925
367.243
367.561
367.879
368.197
368.515
368.833
369.151
369.469
369.79
370.055
370.32
370.585
370.85
371.115
371.38
371.645
371.91
372.175
372.44
372.705
372.97
373.235
373.5
373.765
374.03
374.289
374.805
375.321
375.837
376.353
376.869
377.385
377.901
378.417
378.933
379.449
379.965
380.481
380.997
381.513
382.029
382.545
383.061
383.577
384.093
384.609
385.125
385.641
386.16
386.862
387.564
388.266
388.968
389.67
390.372
391.074
391.776
392.478
393.18
393.882
394.584
395.286
395.988
396.69
397.392
398.094
398.796
399.498
400.2
400.91
401.673
402.436
403.199
403.962
404.725
405.488
406.251
407.014
407.777
408.54
409.303
410.066
410.829
411.592
412.355
413.118
413.881
414.639
415.047
415.455
415.863
416.271
416.679
417.087
417.495
417.903
418.311
418.719
419.127
419.535
419.943
420.351
420.759
421.167
421.575
421.983
422.4
423.114
423.828
424.542
425.256
425.97
426.684
427.398
428.112
428.826
429.539
429.927
430.315
430.703
431.091
431.479
431.867
432.255
432.643
433.031
433.419
433.807
434.195
434.583
434.971
435.359
435.747
436.135
436.523
436.909
437.139
437.369
437.599
437.829
438.059
438.289
438.519
438.749
438.979
439.209
439.439
439.669
439.899
440.129
440.359
440.589
440.819
441.049
441.279
441.71
442.141
442.572
443.003
443.434
443.865
444.296
444.727
445.158
445.589
446.02
446.451
446.882
447.313
447.744
448.175
448.61
449.028
449.446
449.864
450.282
450.7
451.118
451.536
451.954
452.372
452.79
453.208
453.626
454.044
454.462
454.88
455.298
455.716
456.129
456.488
456.847
457.206
457.565
457.924
458.283
458.642
459.001
459.36
459.719
460.078
460.437
460.796
461.155
461.514
461.873
462.229
462.558
462.887
463.216
463.545
463.874
464.203
464.532
464.861
465.19
465.519
465.848
466.177
466.506
466.835
467.164
467.493
467.822
468.15
468.433
468.716
468.999
469.282
469.565
469.848
470.131
470.413
470.696
470.979
471.262
471.545
471.828
472.111
472.394
472.67
472.882
473.094
473.306
473.518
473.73
473.942
474.154
474.366
474.578
474.79
475.002
475.214
475.426
475.638
475.85
476.069
476.569
477.069
477.354
477.639
477.924
478.209
478.494
478.779
479.064
479.349
479.634
479.919
480.204
480.489
480.774
481.059
481.349
481.643
481.937
482.231
482.525
482.819
483.113
483.407
483.701
483.995
484.289
484.583
484.877
485.171
485.46
485.908
486.356
486.804
487.252
487.7
488.148
488.596
489.044
489.492
489.94
490.388
490.836
491.284
491.732
492.18
492.628
493.08
493.61
494.14
494.67
495.2
495.73
496.26
496.79
497.32
497.85
498.38
498.91
499.44
499.97
500.5
501.03
501.56
502.089
502.321
502.553
502.785
503.017
503.249
503.481
503.713
503.945
504.177
504.409
504.641
504.873
505.105
505.337
505.569
505.801
506.033
506.265
506.499
506.716
506.933
507.15
507.367
507.584
507.801
508.018
508.235
508.452
508.669
508.886
509.103
509.32
509.537
509.754
509.971
510.188
510.405
510.622
510.839
511.168
511.497
511.826
512.155
512.484
512.813
513.142
513.471
513.8
514.129
514.458
514.787
515.116
515.445
515.774
516.103
516.43
516.667
516.904
517.141
517.378
517.615
517.852
518.089
518.326
518.563
518.8
519.037
519.274
519.511
519.748
519.985
520.222
520.459
520.7
520.961
521.222
521.483
521.744
522.005
522.266
522.527
522.788
523.049
523.31
523.571
523.832
524.093
524.354
524.615
524.876
525.14
525.422
525.704
525.986
526.268
526.55
526.839
527.128
527.417
527.706
527.995
528.284
528.573
528.862
529.151
529.44
529.729
530.018
530.307
530.596
530.885
531.174
531.46
531.699
531.938
532.177
532.416
532.655
532.894
533.133
533.372
533.611
533.85
534.089
534.328
534.567
534.806
535.045
535.284
535.529
535.831
536.133
536.435
536.737
537.039
537.341
537.643
537.945
538.247
538.549
538.851
539.153
539.455
539.757
540.059
540.361
540.67
540.928
541.186
541.444
541.702
541.96
542.218
542.476
542.734
542.992
543.25
543.508
543.766
544.024
544.282
544.54
544.798
545.056
545.314
545.57
545.857
546.144
546.431
546.718
547.005
547.292
547.579
547.866
548.153
548.44
548.727
549.014
549.301
549.588
549.875
550.16
550.63
551.1
551.57
552.04
552.51
552.98
553.45
553.92
554.39
554.86
555.33
555.8
556.27
556.74
557.21
557.68
558.15
558.708
559.266
559.824
560.382
560.94
561.498
562.056
562.614
563.172
563.73
564.288
564.846
565.404
565.962
566.52
567.078
567.636
568.19
568.665
569.14
569.615
570.09
570.565
571.04
571.515
571.99
572.465
572.94
573.415
573.89
574.365
574.84
575.31
575.61
575.91
576.21
576.51
576.81
577.11
577.41
577.71
578.01
578.31
578.61
578.91
579.21
579.51
579.81
580.11
580.41
580.71
581.01
581.31
581.587
581.864
582.141
582.418
582.695
582.972
583.249
583.526
583.803
584.08
584.357
584.634
584.911
585.188
585.46
585.704
585.948
586.192
586.436
586.68
586.924
587.168
587.412
587.656
587.9
588.144
588.388
588.632
588.876
589.12
589.37
589.709
590.048
590.387
590.726
591.065
591.404
591.743
592.082
592.421
592.76
593.099
593.438
593.777
594.116
594.46
594.751
595.042
595.333
595.624
595.915
596.206
596.497
596.788
597.079
597.37
597.661
597.952
598.243
598.534
598.825
599.116
599.41
599.668
599.926
600.184
600.442
600.7
600.958
601.216
601.474
601.732
601.99
602.248
602.506
602.764
603.022
603.28
603.53
603.771
604.012
604.253
604.494
604.735
604.976
605.217
605.458
605.699
605.94
606.181
606.422
606.663
606.904
607.145
607.386
607.62
607.992
608.364
608.736
609.108
609.48
609.852
610.224
610.596
610.968
611.34
611.712
612.084
612.456
612.828
613.2
613.572
613.944
614.316
614.69
614.932
615.174
615.416
615.658
615.9
616.142
616.384
616.626
616.868
617.11
617.352
617.594
617.836
618.078
618.32
618.562
618.81
619.119
619.428
619.737
620.046
620.355
620.664
620.973
621.282
621.591
621.9
622.209
622.518
622.827
623.136
623.445
623.76
624.082
624.404
624.726
625.048
625.37
625.692
626.014
626.336
626.658
626.98
627.302
627.624
627.946
628.268
628.59
628.912
629.234
629.556
629.87
630.379
630.888
631.397
631.906
632.415
632.924
633.433
633.942
634.451
634.96
635.469
635.978
636.49
637.808
639.126
640.444
641.762
643.08
644.398
645.716
647.034
648.352
649.67
650.988
652.306
653.624
654.942
656.26
657.578
658.896
660.214
661.53
664.102
666.674
669.246
671.818
674.39
676.962
679.534
682.106
684.678
687.25
689.822
692.394
694.966
697.538
700.11
702.682
705.26
706.315
707.37
708.425
709.48
710.535
711.59
712.645
713.7
714.755
715.81
716.865
717.92
718.975
720.03
721.085
722.14
723.195
724.25
725.305
726.36
727.42
728.388
729.356
730.324
731.292
732.26
733.228
734.196
735.164
736.132
737.1
738.068
739.036
740.004
740.972
741.94
742.909
743.877
744.845
745.813
746.79
747.439
748.088
748.737
749.386
750.035
750.684
751.333
751.982
752.631
753.28
753.929
754.578
755.227
755.876
756.525
757.174
757.823
758.472
759.12
759.719
760.318
760.917
761.516
762.115
762.714
763.313
763.912
764.511
765.11
765.709
766.308
766.907
767.506
768.105
768.704
769.303
769.902
770.51
771.523
772.536
773.549
774.562
775.575
776.588
777.601
778.614
779.627
780.64
781.653
782.666
783.68
784.045
784.41
784.775
785.14
785.505
785.87
786.235
786.6
786.965
787.33
787.695
788.06
788.425
788.79
789.155
789.52
789.88
790.762
791.644
792.526
793.408
794.29
795.172
796.054
796.936
797.818
798.7
799.582
800.464
801.346
802.228
803.11
803.992
804.874
805.756
806.64
807.413
808.186
808.959
809.732
810.505
811.278
812.051
812.824
813.597
814.37
815.143
815.916
816.689
817.462
818.235
819.008
819.781
820.554
821.33
821.534
821.738
821.942
822.146
822.35
822.554
822.758
822.962
823.166
823.37
823.574
823.778
823.982
824.186
824.39
824.59
825.737
826.884
828.031
829.178
830.325
831.472
832.619
833.766
834.913
836.06
837.207
838.354
839.501
840.65
840.869
841.088
841.307
841.526
841.745
841.964
842.183
842.402
842.621
842.84
843.059
843.278
843.497
843.716
843.935
844.154
844.373
844.59
844.778
844.966
845.154
845.342
845.53
845.718
845.906
846.094
846.282
846.47
846.658
846.846
847.034
847.222
847.41
847.598
847.786
847.97
848.194
848.418
848.642
848.866
849.09
849.314
849.538
849.762
849.986
850.21
850.434
850.658
850.882
851.106
851.33
851.554
851.778
852.01
852.288
852.566
852.844
853.122
853.4
853.678
853.956
854.234
854.512
854.79
855.068
855.346
855.624
855.902
856.18
856.458
856.736
857.014
857.29
858.131
858.972
859.813
860.654
861.495
862.336
863.177
864.018
864.859
865.7
866.541
867.382
868.223
869.064
869.905
870.75
871.069
871.388
871.707
872.026
872.345
872.664
872.983
873.302
873.621
873.94
874.259
874.578
874.897
875.216
875.535
875.854
876.173
876.491
876.778
877.065
877.352
877.639
877.926
878.213
878.5
878.787
879.074
879.361
879.648
879.935
880.222
880.509
880.796
881.083
881.37
881.66
882.068
882.476
882.884
883.292
883.7
884.108
884.516
884.924
885.332
885.74
886.148
886.556
886.964
887.372
887.78
888.188
888.6
889.312
890.024
890.736
891.448
892.16
892.872
893.584
894.296
895.008
895.72
896.432
897.144
897.856
898.568
899.28
899.992
900.7
900.966
901.232
901.498
901.764
902.03
902.296
902.562
902.828
903.094
903.36
903.626
903.892
904.158
904.424
904.69
904.956
905.222
905.488
905.75
906.308
906.866
907.424
907.982
908.54
909.098
909.656
910.214
910.772
911.33
911.888
912.446
913.004
913.562
914.12
914.678
915.236
915.79
917.116
918.442
919.768
921.094
922.42
923.746
925.072
926.398
927.724
929.05
930.376
931.702
933.028
934.354
935.68
937.006
938.33
938.83
939.33
939.83
940.33
940.83
941.33
941.83
942.33
942.83
943.33
943.83
944.33
944.83
945.33
945.83
946.33
946.83
947.33
947.83
948.33
948.82
949.538
950.256
950.974
951.692
952.41
953.128
953.846
954.564
955.282
956.0
956.718
957.436
958.154
958.872
959.59
960.308
961.026
961.744
962.471
962.96
963.449
963.938
964.427
964.916
965.405
965.894
966.383
966.872
967.361
967.85
968.339
968.828
969.317
969.806
970.295
970.784
971.28
971.825
972.37
972.915
973.46
974.005
974.55
975.095
975.64
976.185
976.73
977.275
977.82
978.365
978.91
979.455
980.0
980.55
980.731
980.912
981.093
981.274
981.455
981.636
981.817
981.998
982.179
982.36
982.541
982.722
982.903
983.084
983.265
983.446
983.621
984.016
984.411
984.806
985.201
985.596
985.991
986.386
986.781
987.176
987.571
987.966
988.361
988.756
989.151
989.546
989.941
990.336
990.73
991.256
991.782
992.308
992.834
993.36
993.886
994.412
994.938
995.464
995.99
996.516
997.042
997.568
998.094
998.62
999.15
999.456
999.762
1000.068
1000.374
1000.68
1000.986
1001.292
1001.598
1001.904
1002.21
1002.516
1002.822
1003.128
1003.434
1003.74
1004.04
1004.433
1004.826
1005.219
1005.612
1006.005
1006.398
1006.791
1007.184
1007.577
1007.97
1008.363
1008.756
1009.149
1009.542
1009.93
1010.317
1010.704
1011.091
1011.478
1011.865
1012.25
1012.518
1012.786
1013.054
1013.322
1013.59
1013.858
1014.126
1014.394
1014.662
1014.93
1015.198
1015.466
1015.734
1016.002
1016.27
1016.538
1016.806
1017.07
1017.34
1017.61
1017.88
1018.15
1018.42
1018.69
1018.96
1019.23
1019.5
1019.77
1020.04
1020.31
1020.58
1020.85
1021.12
1021.39
1021.66
1021.93
1022.2
1022.986
1023.772
1024.558
1025.344
1026.13
1026.916
1027.702
1028.488
1029.274
1030.06
1030.846
1031.632
1032.418
1033.204
1033.99
1034.776
1035.569
1036.218
1036.867
1037.516
1038.165
1038.814
1039.463
1040.112
1040.761
1041.41
1042.059
1042.708
1043.357
1044.006
1044.655
1045.304
1045.953
1046.61
1047.279
1047.948
1048.617
1049.286
1049.955
1050.624
1051.293
1051.962
1052.631
1053.3
1053.969
1054.638
1055.307
1055.976
1056.645
1057.309
1057.519
1057.729
1057.939
1058.149
1058.359
1058.569
1058.779
1058.989
1059.199
1059.409
1059.619
1059.829
1060.039
1060.249
1060.459
1060.669
1060.879
1061.09
1061.482
1061.874
1062.266
1062.658
1063.05
1063.442
1063.834
1064.226
1064.618
1065.01
1065.402
1065.794
1066.186
1066.578
1066.97
1067.362
1067.75
1068.182
1068.614
1069.046
1069.478
1069.91
1070.342
1070.774
1071.206
1071.638
1072.07
1072.502
1072.934
1073.366
1073.798
1074.23
1074.662
1075.094
1075.526
1075.96
1076.32
1076.68
1077.04
1077.4
1077.76
1078.12
1078.48
1078.84
1079.2
1079.56
1079.92
1080.28
1080.64
1081.0
1081.36
1081.72
1082.08
1082.44
1082.967
1083.494
1084.021
1084.548
1085.075
1085.602
1086.129
1086.656
1087.183
1087.71
1088.237
1088.76
1088.988
1089.216
1089.444
1089.672
1089.9
1090.128
1090.356
1090.584
1090.812
1091.04
1091.268
1091.496
1091.724
1091.952
1092.18
1092.408
1092.636
1092.864
1093.092
1093.32
1094.128
1094.936
1095.744
1096.552
1097.36
1098.168
1098.976
1099.784
1100.591
1101.398
1102.206
1103.014
1103.822
1104.63
1105.438
1106.24
1106.467
1106.694
1106.921
1107.148
1107.375
1107.602
1107.829
1108.056
1108.283
1108.51
1108.737
1108.964
1109.191
1109.418
1109.645
1109.872
1110.099
1110.326
1110.553
1110.78
1111.007
1111.23
1111.688
1112.146
1112.604
1113.062
1113.52
1113.978
1114.436
1114.894
1115.352
1115.81
1116.268
1116.726
1117.184
1117.642
1118.1
1118.558
1119.016
1119.48
1119.984
1120.487
1120.991
1121.495
1121.998
1122.502
1123.005
1123.509
1124.013
1124.516
1125.02
1125.524
1126.027
1126.531
1127.034
1127.538
1128.042
1128.545
1129.049
1129.55
1129.838
1130.126
1130.414
1130.702
1130.99
1131.278
1131.566
1131.854
1132.142
1132.43
1132.718
1133.006
1133.294
1133.582
1133.87
1134.158
1134.446
1134.74
1135.128
1135.516
1135.904
1136.292
1136.68
1137.068
1137.456
1137.844
1138.232
1138.62
1139.008
1139.396
1139.784
1140.172
1140.56
1140.948
1141.33
1141.753
1142.176
1142.599
1143.022
1143.445
1143.868
1144.291
1144.714
1145.137
1145.56
1145.983
1146.406
1146.829
1147.252
1147.675
1148.098
1148.521
1148.944
1149.367
1149.79
1150.22
1151.0
1151.78
1152.56
1153.34
1154.12
1154.9
1155.68
1156.46
1157.24
1158.02
1158.8
1159.58
1160.36
1161.14
1161.92
1162.7
1163.48
1164.26
1165.04
1165.82
1166.6
1167.38
1168.17
1168.53
1168.89
1169.25
1169.61
1169.97
1170.33
1170.69
1171.05
1171.41
1171.77
1172.13
1172.49
1172.85
1173.21
1173.57
1173.93
1174.29
1174.65
1175.155
1175.659
1176.164
1176.668
1177.172
1177.677
1178.181
1178.686
1179.19
1179.695
1180.199
1180.704
1181.208
1181.713
1182.217
1182.722
1183.226
1183.731
1184.236
1184.74
1185.051
1185.362
1185.673
1185.984
1186.295
1186.606
1186.917
1187.228
1187.539
1187.85
1188.161
1188.472
1188.783
1189.094
1189.405
1189.716
1190.027
1190.338
1190.65
1190.916
1191.182
1191.448
1191.714
1191.98
1192.246
1192.512
1192.778
1193.044
1193.31
1193.576
1193.842
1194.108
1194.374
1194.64
1194.9
1195.48
1196.06
1196.64
1197.22
1197.8
1198.38
1198.96
1199.54
1200.12
1200.7
1201.28
1201.86
1202.44
1203.02
1203.6
1204.18
1204.76
1205.34
1205.92
1206.5
1207.08
1207.443
1207.806
1208.169
1208.532
1208.895
1209.258
1209.621
1209.984
1210.347
1210.71
1211.073
1211.436
1211.799
1212.162
1212.525
1212.888
1213.251
1213.614
1213.98
1214.526
1215.072
1215.618
1216.164
1216.71
1217.256
1217.802
1218.348
1218.894
1219.44
1219.986
1220.532
1221.078
1221.624
1222.17
1222.716
1223.262
1223.808
1224.36
1224.851
1225.343
1225.835
1226.327
1226.819
1227.311
1227.803
1228.295
1228.787
1229.279
1229.771
1230.263
1230.755
1231.247
1231.739
1232.231
1232.723
1233.215
1233.707
1234.19
1234.806
1235.422
1236.038
1236.654
1237.27
1237.886
1238.502
1239.118
1239.734
1240.35
1240.966
1241.582
1242.198
1242.814
1243.43
1244.046
1244.662
1245.278
1245.89
1246.152
1246.414
1246.676
1246.938
1247.2
1247.462
1247.724
1247.986
1248.248
1248.51
1248.772
1249.034
1249.296
1249.558
1249.82
1250.082
1250.344
1250.6
1251.186
1251.772
1252.358
1252.944
1253.53
1254.116
1254.702
1255.288
1255.874
1256.46
1257.046
1257.632
1258.218
1258.804
1259.39
1259.976
1260.562
1261.148
1261.73
1262.181
1262.632
1263.083
1263.534
1263.985
1264.436
1264.887
1265.338
1265.789
1266.24
1266.691
1267.142
1267.593
1268.044
1268.495
1268.946
1269.397
1269.84
1270.359
1270.878
1271.397
1271.916
1272.435
1272.954
1273.473
1273.992
1274.511
1275.03
1275.549
1276.068
1276.587
1277.106
1277.625
1278.144
1278.663
1279.182
1279.701
1280.22
1280.935
1281.65
1282.365
1283.08
1283.795
1284.51
1284.884
1285.258
1285.632
1286.006
1286.38
1286.754
1287.128
1287.502
1287.876
1288.25
1288.624
1288.998
1289.372
1289.746
1290.12
1290.494
1290.868
1291.242
1291.61
1292.095
1292.58
1293.065
1293.55
1294.035
1294.52
1295.005
1295.49
1295.975
1296.46
1296.945
1297.43
1297.915
1298.4
1298.885
1299.37
1299.85
1300.358
1300.866
1301.374
1301.882
1302.39
1302.898
1303.406
1303.914
1304.422
1304.93
1305.438
1305.946
1306.454
1306.962
1307.47
1307.978
1308.486
1308.994
1309.502
1310.01
1310.518
1311.03
1311.937
1312.844
1313.751
1314.658
1315.565
1316.472
1317.379
1318.286
1319.193
1320.1
1321.007
1321.914
1322.821
1323.728
1324.635
1325.542
1326.449
1327.356
1328.26
1329.921
1331.582
1333.243
1334.904
1336.565
1338.226
1339.887
1341.548
1343.209
1344.87
1346.608
1348.346
1350.084
1351.822
1353.56
1355.298
1357.036
1358.774
1360.512
1362.25
1363.988
1365.726
1367.464
1369.202
1370.94
1372.678
1374.42
1374.943
1375.466
1375.989
1376.512
1377.035
1377.558
1378.081
1378.604
1379.127
1379.65
1380.173
1380.696
1381.219
1381.742
1382.27
1382.668
1383.066
1383.464
1383.862
1384.26
1384.658
1385.056
1385.454
1385.852
1386.25
1386.648
1387.046
1387.444
1387.842
1388.24
1388.638
1389.04
1389.246
1389.452
1389.658
1389.864
1390.07
1390.276
1390.482
1390.688
1390.894
1391.1
1391.306
1391.512
1391.718
1391.924
1392.13
1392.336
1392.542
1392.75
1393.008
1393.266
1393.524
1393.782
1394.04
1394.298
1394.556
1394.814
1395.072
1395.33
1395.588
1395.846
1396.104
1396.362
1396.62
1396.88
1397.2
1397.52
1397.84
1398.16
1398.48
1398.8
1399.12
1399.44
1399.76
1400.08
1400.4
1400.72
1401.04
1401.272
1401.504
1401.736
1401.968
1402.2
1402.432
1402.664
1402.896
1403.128
1403.36
1403.592
1403.824
1404.056
1404.288
1404.52
1404.752
1404.984
1405.216
1405.448
1405.68
1405.92
1406.166
1406.412
1406.658
1406.904
1407.15
1407.396
1407.642
1407.888
1408.134
1408.38
1408.626
1408.872
1409.118
1409.364
1409.61
1409.856
1410.1
1410.391
1410.682
1410.973
1411.264
1411.555
1411.846
1412.137
1412.428
1412.719
1413.01
1413.301
1413.592
1413.883
1414.174
1414.465
1414.756
1415.047
1415.338
1415.629
1415.92
1416.21
1416.472
1416.734
1416.996
1417.258
1417.52
1417.782
1418.044
1418.306
1418.568
1418.83
1419.092
1419.354
1419.616
1419.878
1420.14
1420.402
1420.664
1420.926
1421.188
1421.45
1421.712
1421.98
1422.244
1422.508
1422.772
1423.036
1423.3
1423.564
1423.828
1424.092
1424.356
1424.62
1424.884
1425.148
1425.412
1425.676
1425.94
1426.204
1426.468
1426.732
1427.0
1427.445
1427.89
1428.335
1428.78
1429.225
1429.67
1430.115
1430.56
1431.005
1431.45
1431.895
1432.34
1432.785
1433.23
1433.675
1434.12
1434.56
1435.038
1435.516
1435.994
1436.472
1436.95
1437.428
1437.906
1438.384
1438.862
1439.34
1439.818
1440.3
1440.82
1441.34
1441.86
1442.38
1442.9
1443.42
1443.94
1444.46
1444.98
1445.5
1446.02
1446.54
1447.06
1447.58
1448.1
1448.62
1449.139
1449.659
1450.179
1450.69
1451.049
1451.408
1451.767
1452.126
1452.485
1452.844
1453.203
1453.562
1453.921
1454.28
1454.639
1454.998
1455.357
1455.716
1456.075
1456.434
1456.793
1457.152
1457.511
1457.87
1458.23
1459.564
1460.898
1462.232
1463.566
1464.9
1466.234
1467.568
1468.902
1470.236
1471.57
1472.904
1474.238
1475.572
1476.906
1478.24
1479.574
1480.908
1482.242
1483.58
1484.044
1484.508
1484.972
1485.436
1485.9
1486.364
1486.828
1487.292
1487.756
1488.22
1488.684
1489.148
1489.612
1490.076
1490.54
1491.004
1491.468
1491.94
1492.86
1493.78
1494.139
1494.498
1494.857
1495.216
1495.575
1495.934
1496.293
1496.652
1497.011
1497.37
1497.729
1498.088
1498.447
1498.806
1499.165
1499.524
1499.883
1500.242
1500.6
1501.985
1503.37
1504.755
1506.14
1507.525
1508.91
1510.295
1511.68
1513.065
1514.45
1515.835
1517.22
1518.605
1519.99
1521.375
1522.76
1524.14
1524.398
1524.656
1524.914
1525.172
1525.43
1525.688
1525.946
1526.204
1526.462
1526.72
1526.978
1527.236
1527.494
1527.752
1528.01
1528.268
1528.526
1528.784
1529.04
1529.402
1529.764
1530.126
1530.488
1530.85
1531.212
1531.574
1531.936
1532.298
1532.66
1533.022
1533.384
1533.746
1534.108
1534.47
1534.832
1535.19
1535.519
1535.848
1536.177
1536.506
1536.835
1537.164
1537.493
1537.822
1538.151
1538.48
1538.809
1539.138
1539.467
1539.796
1540.125
1540.454
1540.783
1541.112
1541.441
1541.77
1542.1
1542.481
1542.862
1543.243
1543.624
1544.005
1544.386
1544.767
1545.148
1545.529
1545.91
1546.291
1546.672
1547.053
1547.434
1547.815
1548.196
1548.577
1548.95
1549.458
1549.966
1550.474
1550.982
1551.49
1551.998
1552.506
1553.014
1553.522
1554.03
1554.538
1555.05
1555.356
1555.662
1555.968
1556.274
1556.58
1556.886
1557.192
1557.498
1557.804
1558.11
1558.416
1558.722
1559.028
1559.334
1559.64
1559.946
1560.252
1560.56
1560.874
1561.188
1561.502
1561.816
1562.13
1562.444
1562.758
1563.072
1563.386
1563.7
1564.014
1564.328
1564.642
1564.956
1565.27
1565.584
1565.898
1566.22
1566.489
1566.758
1567.027
1567.296
1567.565
1567.834
1568.103
1568.372
1568.641
1568.91
1569.179
1569.448
1569.717
1569.986
1570.255
1570.524
1570.793
1571.062
1571.34
1572.466
1573.592
1574.718
1575.844
1576.97
1578.096
1579.222
1580.348
1581.474
1582.6
1583.726
1584.852
1585.978
1587.104
1588.23
1589.356
1590.482
1591.608
1592.74
1593.121
1593.502
1593.883
1594.264
1594.645
1595.026
1595.407
1595.788
1596.169
1596.55
1596.931
1597.312
1597.693
1598.074
1598.455
1598.836
1599.217
1599.59
1599.926
1600.262
1600.598
1600.934
1601.27
1601.606
1601.942
1602.278
1602.61
1602.895
1603.18
1603.466
1603.751
1604.036
1604.322
1604.607
1604.892
1605.178
1605.464
1605.749
1606.034
1606.32
1606.605
1606.89
1607.176
1607.461
1607.746
1608.032
1608.32
1608.762
1609.204
1609.646
1610.088
1610.53
1610.972
1611.414
1611.856
1612.298
1612.74
1613.182
1613.624
1614.066
1614.508
1614.95
1615.392
1615.834
1616.276
1616.718
1617.16
1617.6
1617.861
1618.122
1618.383
1618.644
1618.905
1619.166
1619.427
1619.688
1619.949
1620.21
1620.471
1620.732
1620.993
1621.254
1621.515
1621.776
1622.037
1622.298
1622.559
1622.82
1623.247
1623.674
1624.101
1624.528
1624.955
1625.382
1625.809
1626.236
1626.663
1627.09
1627.517
1627.944
1628.371
1628.798
1629.225
1629.652
1630.079
1630.506
1630.933
1631.36
1632.042
1632.724
1633.406
1634.088
1634.77
1635.452
1636.134
1636.816
1637.498
1638.18
1638.862
1639.544
1640.226
1640.908
1641.59
1642.272
1642.954
1643.636
1644.31
1644.671
1645.032
1645.393
1645.754
1646.115
1646.476
1646.837
1647.198
1647.559
1647.92
1648.281
1648.642
1649.003
1649.364
1649.725
1650.086
1650.447
1650.809
1651.47
1652.131
1652.792
1653.453
1654.114
1654.775
1655.436
1656.097
1656.758
1657.419
1658.08
1658.741
1659.402
1660.063
1660.724
1661.385
1662.046
1662.707
1663.368
1664.03
1664.292
1664.554
1664.816
1665.078
1665.34
1665.602
1665.864
1666.126
1666.388
1666.65
1666.912
1667.174
1667.436
1667.698
1667.96
1668.222
1668.484
1668.746
1669.01
1669.404
1669.798
1670.192
1670.586
1670.98
1671.374
1671.768
1672.162
1672.556
1672.95
1673.344
1673.738
1674.132
1674.526
1674.92
1675.314
1675.708
1676.102
1676.5
1676.842
1677.184
1677.526
1677.868
1678.21
1678.552
1678.894
1679.236
1679.578
1679.92
1680.262
1680.604
1680.946
1681.288
1681.63
1681.972
1682.314
1682.656
1682.99
1683.423
1683.856
1684.289
1684.72
1684.985
1685.25
1685.515
1685.78
1686.045
1686.31
1686.575
1686.84
1687.105
1687.37
1687.635
1687.9
1688.165
1688.43
1688.695
1688.96
1689.225
1689.49
1689.755
1690.02
1690.285
1690.559
1690.854
1691.149
1691.444
1691.739
1692.034
1692.329
1692.624
1692.919
1693.214
1693.509
1693.804
1694.099
1694.394
1694.689
1694.984
1695.279
1695.574
1695.87
1696.168
1696.466
1696.764
1697.062
1697.36
1697.658
1697.956
1698.254
1698.552
1698.85
1699.148
1699.446
1699.744
1700.042
1700.34
1700.638
1700.936
1701.234
1701.53
1701.765
1702.0
1702.235
1702.47
1702.705
1702.94
1703.175
1703.41
1703.645
1703.88
1704.115
1704.35
1704.585
1704.82
1705.055
1705.29
1705.525
1705.76
1705.995
1706.23
1706.689
1707.148
1707.607
1708.066
1708.525
1708.984
1709.443
1709.902
1710.361
1710.82
1711.279
1711.738
1712.197
1712.656
1713.115
1713.574
1714.033
1714.492
1714.951
1715.419
1716.313
1717.207
1718.101
1718.995
1719.889
1720.783
1721.677
1722.571
1723.465
1724.359
1725.253
1726.147
1727.041
1727.935
1728.829
1729.723
1730.617
1731.51
1732.169
1732.828
1733.487
1734.146
1734.805
1735.464
1736.123
1736.782
1737.441
1738.1
1738.759
1739.418
1740.077
1740.736
1741.395
1742.06
1742.881
1743.702
1744.523
1745.344
1746.165
1746.986
1747.807
1748.628
1749.449
1750.27
1751.091
1751.912
1752.733
1753.554
1754.375
1755.196
1756.01
1756.442
1756.874
1757.306
1757.738
1758.17
1758.602
1759.034
1759.466
1759.898
1760.33
1760.762
1761.194
1761.626
1762.058
1762.49
1762.922
1763.36
1764.213
1765.066
1765.919
1766.772
1767.625
1768.478
1769.331
1770.184
1771.037
1771.89
1772.743
1773.596
1774.449
1775.302
1776.155
1777.008
1777.861
1778.714
1779.567
1780.429
1780.889
1781.349
1781.809
1782.269
1782.729
1783.189
1783.649
1784.109
1784.569
1785.029
1785.489
1785.949
1786.409
1786.869
1787.329
1787.789
1788.25
1788.551
1788.852
1789.153
1789.454
1789.755
1790.056
1790.357
1790.658
1790.959
1791.26
1791.561
1791.862
1792.163
1792.464
1792.765
1793.066
1793.367
1793.66
1794.012
1794.364
1794.716
1795.068
1795.42
1795.772
1796.124
1796.476
1796.828
1797.18
1797.532
1797.884
1798.236
1798.588
1798.94
1799.292
1799.644
1799.99
1800.285
1800.58
1800.875
1801.17
1801.465
1801.76
1802.055
1802.35
1802.645
1802.94
1803.235
1803.53
1803.83
1804.165
1804.5
1804.835
1805.17
1805.505
1805.84
1806.175
1806.51
1806.845
1807.18
1807.515
1807.85
1808.185
1808.52
1808.855
1809.19
1809.525
1809.86
1810.195
1810.53
1811.161
1811.792
1812.423
1813.054
1813.685
1814.316
1814.947
1815.578
1816.209
1816.84
1817.471
1818.102
1818.733
1819.364
1819.995
1820.626
1821.257
1821.88
1823.313
1824.746
1826.179
1827.612
1829.045
1830.478
1831.911
1833.344
1834.777
1836.21
1837.643
1839.076
1840.509
1841.942
1843.375
1844.81
1845.904
1846.998
1848.092
1849.186
1850.28
1851.374
1852.468
1853.562
1854.656
1855.75
1856.844
1857.938
1859.032
1860.126
1861.22
1862.309
1862.854
1863.399
1863.944
1864.489
1865.034
1865.579
1866.124
1866.669
1867.214
1867.759
1868.304
1868.849
1869.394
1869.939
1870.48
1871.319
1872.158
1872.997
1873.836
1874.675
1875.514
1876.353
1877.192
1878.031
1878.87
1879.709
1880.548
1881.387
1882.226
1883.065
1883.9
1884.185
1884.47
1884.755
1885.04
1885.325
1885.61
1885.895
1886.18
1886.465
1886.75
1887.035
1887.32
1887.605
1887.89
1888.175
1888.46
1888.693
1888.926
1889.159
1889.392
1889.625
1889.858
1890.091
1890.324
1890.557
1890.79
1891.023
1891.256
1891.489
1891.722
1891.955
1892.188
1892.42
1893.288
1894.156
1895.024
1895.892
1896.76
1897.628
1898.496
1899.364
1900.23
1900.83
1901.43
1902.03
1902.63
1903.23
1903.83
1904.43
1905.03
1905.63
1906.23
1906.83
1907.43
1908.03
1908.63
1909.23
1909.83
1910.43
1911.03
1911.63
1912.23
1912.84
1913.371
1913.902
1914.433
1914.964
1915.495
1916.026
1916.557
1917.088
1917.619
1918.15
1918.681
1919.212
1919.743
1920.274
1920.805
1921.336
1921.867
1922.398
1922.929
1923.46
1924.111
1924.762
1925.413
1926.064
1926.715
1927.366
1928.017
1928.668
1929.319
1929.97
1930.621
1931.272
1931.923
1932.574
1933.225
1933.876
1934.527
1935.178
1935.83
1936.177
1936.524
1936.871
1937.218
1937.565
1937.912
1938.259
1938.606
1938.953
1939.3
1939.647
1939.994
1940.341
1940.688
1941.035
1941.382
1941.729
1942.076
1942.423
1942.77
1943.117
1943.464
1943.82
1944.134
1944.448
1944.762
1945.076
1945.39
1945.704
1946.018
1946.332
1946.646
1946.96
1947.274
1947.588
1947.902
1948.216
1948.53
1948.844
1949.158
1949.472
1949.789
1950.132
1950.475
1950.818
1951.161
1951.504
1951.847
1952.19
1952.533
1952.876
1953.219
1953.562
1953.905
1954.248
1954.591
1954.934
1955.277
1955.62
1955.963
1956.306
1956.649
1957.0
1957.41
1957.82
1958.23
1958.64
1959.05
1959.46
1959.87
1960.28
1960.69
1961.1
1961.51
1961.92
1962.33
1962.74
1963.15
1963.56
1963.97
1965.447
1966.924
1968.401
1969.878
1971.355
1972.832
1974.309
1974.789
1975.269
1975.749
1976.229
1976.709
1977.189
1977.669
1978.149
1978.629
1979.109
1979.589
1980.069
1980.549
1981.029
1981.509
1981.989
1982.469
1982.949
1983.429
1983.909
1984.38
1984.907
1985.434
1985.961
1986.488
1987.015
1987.542
1988.069
1988.596
1989.123
1989.65
1990.177
1990.704
1991.231
1991.758
1992.285
1992.812
1993.339
1993.86
1995.04
1996.22
1997.4
1998.58
1999.76
2000.94
2002.12
2003.3
2004.48
2005.66
2006.84
2008.02
2009.2
2010.38
2011.56
2012.74
2013.92
2015.1
2016.289
2016.687
2017.085
2017.483
2017.881
2018.279
2018.677
2019.075
2019.473
2019.871
2020.269
2020.667
2021.065
2021.463
2021.861
2022.259
2022.657
2023.055
2023.453
2023.85
2024.256
2024.662
2025.068
2025.474
2025.88
2026.286
2026.692
2027.098
2027.504
2027.91
2028.316
2028.722
2029.128
2029.534
2029.94
2030.346
2030.752
2031.158
2031.564
2031.97
2032.603
2033.236
2033.869
2034.502
2035.135
2035.768
2036.401
2037.034
2037.667
2038.3
2038.933
2039.566
2040.199
2040.832
2041.465
2042.098
2042.731
2043.364
2043.997
2044.63
2045.081
2045.532
2045.983
2046.434
2046.885
2047.336
2047.787
2048.238
2048.689
2049.14
2049.591
2050.042
2050.493
2050.944
2051.395
2051.846
2052.297
2052.748
2053.19
2053.532
2053.874
2054.216
2054.558
2054.9
2055.242
2055.584
2055.926
2056.268
2056.61
2056.952
2057.294
2057.636
2057.978
2058.32
2058.662
2059.004
2059.339
2059.556
2059.773
2059.99
2060.207
2060.424
2060.641
2060.858
2061.075
2061.292
2061.509
2061.726
2061.943
2062.16
2062.377
2062.594
2062.811
2063.028
2063.245
2063.47
2063.767
2064.064
2064.361
2064.658
2064.955
2065.252
2065.549
2065.846
2066.143
2066.44
2066.737
2067.034
2067.331
2067.628
2067.925
2068.222
2068.519
2068.816
2069.109
2071.818
2074.527
2077.236
2079.945
2082.654
2085.363
2088.07
2088.437
2088.804
2089.171
2089.538
2089.905
2090.272
2090.639
2091.006
2091.373
2091.74
2092.107
2092.474
2092.841
2093.208
2093.575
2093.942
2094.309
2094.669
2095.022
2095.375
2095.728
2096.081
2096.434
2096.787
2097.14
2097.493
2097.846
2098.199
2098.552
2098.905
2099.258
2099.611
2099.964
2100.319
2100.798
2101.277
2101.756
2102.235
2102.714
2103.193
2103.672
2104.151
2104.63
2105.109
2105.588
2106.067
2106.546
2107.025
2107.504
2107.983
2108.462
2108.941
2109.42
2109.751
2110.082
2110.413
2110.744
2111.075
2111.406
2111.737
2112.068
2112.399
2112.73
2113.061
2113.392
2113.723
2114.054
2114.385
2114.716
2115.047
2115.378
2115.71
2115.99
2116.27
2116.55
2116.83
2117.11
2117.39
2117.67
2117.95
2118.23
2118.51
2118.79
2119.07
2119.35
2119.63
2119.91
2120.19
2120.47
2120.75
2121.03
2121.31
2121.59
2121.87
2122.15
2122.43
2122.778
2123.126
2123.474
2123.822
2124.17
2124.518
2124.866
2125.214
2125.562
2125.91
2126.258
2126.606
2126.954
2127.302
2127.65
2127.998
2128.346
2128.7
2129.075
2129.45
2129.825
2130.2
2130.575
2130.95
2131.325
2131.7
2132.075
2132.45
2132.825
2133.2
2133.575
2133.95
2134.33
2134.824
2135.318
2135.812
2136.306
2136.8
2137.294
2137.788
2138.282
2138.776
2139.27
2139.764
2140.258
2140.752
2141.246
2141.74
2142.234
2142.728
2143.23
2144.913
2146.596
2148.28
2148.724
2149.168
2149.612
2150.056
2150.5
2150.944
2151.388
2151.832
2152.276
2152.72
2153.164
2153.608
2154.052
2154.496
2154.94
2155.384
2155.83
2156.736
2157.642
2158.548
2159.454
2160.36
2161.266
2162.172
2163.078
2163.984
2164.89
2165.796
2166.702
2167.608
2168.514
2169.42
2170.326
2171.232
2172.138
2173.05
2174.401
2175.752
2177.103
2178.454
2179.805
2181.156
2182.507
2183.858
2185.209
2186.56
2187.911
2189.26
2190.126
2190.992
2191.858
2192.724
2193.59
2194.456
2195.322
2196.188
2197.054
2197.92
2198.786
2199.652
2200.518
2201.384
2202.25
2203.116
2203.982
2204.848
2205.71
2205.999
2206.288
2206.577
2206.866
2207.155
2207.444
2207.733
2208.022
2208.311
2208.6
2208.889
2209.178
2209.467
2209.75
2209.948
2210.146
2210.344
2210.542
2210.74
2210.938
2211.136
2211.334
2211.532
2211.73
2211.928
2212.126
2212.324
2212.522
2212.72
2212.918
2213.116
2213.314
2213.51
2213.876
2214.242
2214.608
2214.974
2215.34
2215.706
2216.072
2216.438
2216.804
2217.17
2217.536
2217.902
2218.268
2218.634
2219.0
2219.366
2219.73
2220.1
2220.47
2220.84
2221.21
2221.58
2221.95
2222.32
2222.69
2223.06
2223.43
2223.8
2224.17
2224.54
2224.91
2225.28
2225.65
2226.02
2228.351
2230.682
2233.013
2235.344
2237.675
2240.006
2242.337
2244.668
2246.999
2249.33
2251.661
2253.992
2256.32
2256.779
2257.238
2257.697
2258.156
2258.615
2259.074
2259.533
2259.992
2260.451
2260.91
2261.369
2261.828
2262.287
2262.746
2263.205
2263.664
2264.123
2264.58
2264.934
2265.288
2265.642
2265.996
2266.35
2266.704
2267.058
2267.412
2267.766
2268.12
2268.474
2268.828
2269.182
2269.536
2269.89
2270.244
2270.599
2271.292
2271.985
2272.678
2273.371
2274.064
2274.757
2275.45
2276.143
2276.836
2277.529
2278.222
2278.915
2279.608
2280.301
2280.994
2281.687
2282.38
2283.073
2283.766
2284.45
2285.394
2286.338
2287.282
2288.226
2289.17
2290.114
2291.058
2292.002
2292.946
2293.89
2294.834
2295.778
2296.722
2297.666
2298.61
2299.554
2300.498
2301.44
2302.054
2302.668
2303.282
2303.896
2304.51
2305.124
2305.738
2306.352
2306.966
2307.58
2308.194
2308.808
2309.422
2310.036
2310.65
2311.264
2311.878
2312.491
2313.044
2313.597
2314.15
2314.703
2315.256
2315.809
2316.362
2316.915
2317.468
2318.021
2318.574
2319.127
2319.68
2320.233
2320.786
2321.339
2321.892
2322.445
2322.998
2323.551
2324.109
2324.598
2325.087
2325.576
2326.065
2326.554
2327.043
2327.53
2327.783
2328.036
2328.289
2328.542
2328.795
2329.048
2329.301
2329.554
2329.807
2330.06
2330.313
2330.566
2330.819
2331.072
2331.325
2331.578
2331.83
2332.215
2332.6
2332.985
2333.37
2333.755
2334.14
2334.525
2334.91
2335.295
2335.68
2336.065
2336.45
2336.835
2337.22
2337.605
2337.99
2338.375
2338.76
2339.145
2339.53
2339.91
2340.17
2340.43
2340.69
2340.95
2341.21
2341.47
2341.73
2341.99
2342.25
2342.51
2342.77
2343.03
2343.29
2343.55
2343.81
2344.07
2344.33
2344.59
2344.85
2345.11
2345.37
2345.63
2345.89
2346.15
2346.384
2346.618
2346.852
2347.086
2347.32
2347.554
2347.788
2348.022
2348.256
2348.49
2348.724
2348.958
2349.192
2349.426
2349.66
2349.894
2350.128
2350.362
2350.59
2351.032
2351.474
2351.916
2352.358
2352.8
2353.242
2353.684
2354.126
2354.568
2355.01
2355.452
2355.894
2356.336
2356.778
2357.22
2357.662
2358.104
2358.546
2358.99
2359.313
2359.637
2359.961
2360.284
2360.608
2360.932
2361.255
2361.579
2361.903
2362.226
2362.55
2362.874
2363.197
2363.521
2363.845
2364.168
2364.492
2364.816
2365.139
2365.46
2365.821
2366.182
2366.543
2366.904
2367.265
2367.626
2367.987
2368.348
2368.709
2369.07
2369.431
2369.792
2370.153
2370.514
2370.875
2371.236
2371.597
2371.96
2372.671
2373.382
2374.093
2374.804
2375.515
2376.226
2376.937
2377.648
2378.359
2379.07
2379.781
2380.492
2381.203
2381.914
2382.625
2383.336
2384.047
2384.75
2385.664
2386.578
2387.492
2388.406
2389.32
2390.234
2391.148
2392.062
2392.976
2393.89
2394.804
2395.718
2396.632
2397.546
2398.46
2399.374
2400.288
2401.202
2402.109
2402.577
2403.045
2403.513
2403.981
2404.449
2404.917
2405.385
2405.853
2406.321
2406.789
2407.257
2407.725
2408.193
2408.661
2409.129
2409.6
2411.153
2412.706
2414.259
2415.812
2417.365
2418.918
2420.471
2422.024
2423.58
2425.892
2428.204
2430.516
2432.828
2435.14
2435.905
2436.67
2437.435
2438.2
2438.965
2439.73
2440.495
2441.26
2442.025
2442.79
2443.555
2444.32
2445.085
2445.85
2446.62
2446.859
2447.098
2447.337
2447.576
2447.815
2448.054
2448.293
2448.532
2448.771
2449.01
2449.249
2449.488
2449.727
2449.966
2450.205
2450.44
2450.915
2451.39
2451.865
2452.34
2452.815
2453.29
2453.765
2454.24
2454.715
2455.19
2455.665
2456.14
2456.615
2457.09
2457.565
2458.04
2458.515
2458.99
2459.465
2459.94
2460.343
2460.746
2461.149
2461.552
2461.955
2462.358
2462.761
2463.164
2463.567
2463.97
2464.373
2464.776
2465.179
2465.582
2465.985
2466.39
2467.235
2468.08
2468.925
2469.77
2470.615
2471.46
2472.305
2473.15
2473.995
2474.84
2475.685
2476.53
2477.375
2478.22
2479.065
2479.91
2480.755
2481.6
2482.445
2483.29
2483.782
2484.274
2484.766
2485.258
2485.75
2486.242
2486.734
2487.226
2487.718
2488.21
2488.702
2489.194
2489.686
2490.178
2490.67
2491.162
2491.654
2492.15
2492.347
2492.544
2492.741
2492.938
2493.135
2493.332
2493.529
2493.726
2493.923
2494.12
2494.317
2494.514
2494.711
2494.908
2495.105
2495.302
2495.499
2495.7
2496.36
2497.02
2497.68
2498.34
2499.0
2499.66
2500.32
2500.98
2501.64
2502.3
2502.96
2503.62
2504.28
2504.94
2505.6
2506.26
2506.92
2507.307
2507.694
2508.081
2508.468
2508.855
2509.242
2509.629
2510.016
2510.403
2510.79
2511.177
2511.564
2511.951
2512.338
2512.725
2513.112
2513.499
2513.89
2514.773
2515.656
2516.539
2517.422
2518.305
2519.188
2520.071
2520.954
2521.837
2522.72
2523.603
2524.486
2525.369
2526.252
2527.135
2528.02
2528.208
2528.396
2528.584
2528.772
2528.96
2529.148
2529.336
2529.524
2529.712
2529.9
2530.088
2530.276
2530.464
2530.652
2530.84
2531.028
2531.22
2532.547
2533.874
2535.201
2536.528
2537.855
2539.182
2540.509
2541.836
2543.163
2544.49
2545.817
2547.144
2548.471
2549.798
2551.119
2552.428
2553.737
2555.046
2556.355
2557.664
2558.973
2560.282
2561.591
2562.9
2564.209
2565.518
2566.83
2567.802
2568.774
2569.746
2570.718
2571.69
2572.662
2573.634
2574.606
2575.579
2576.552
2577.524
2578.496
2579.468
2580.44
2581.412
2582.39
2583.869
2585.349
2585.869
2586.389
2586.909
2587.428
2587.947
2588.466
2588.985
2589.505
2590.024
2590.543
2591.062
2591.581
2592.101
2592.62
2593.139
2593.659
2594.178
2594.7
2594.92
2595.14
2595.36
2595.58
2595.8
2596.02
2596.24
2596.46
2596.68
2596.9
2597.12
2597.34
2597.56
2597.78
2598.0
2598.22
2598.44
2598.66
2598.88
2599.1
2599.32
2599.55
2600.883
2602.216
2603.549
2604.882
2606.215
2607.548
2608.881
2610.214
2611.547
2612.88
2614.213
2615.546
2616.879
2618.212
2619.545
2620.878
2622.211
2623.55
2623.946
2624.342
2624.738
2625.134
2625.53
2625.926
2626.322
2626.718
2627.114
2627.51
2627.906
2628.302
2628.698
2629.094
2629.49
2629.886
2630.282
2630.678
2631.074
2631.47
2631.866
2632.27
2632.566
2632.862
2633.158
2633.454
2633.75
2634.046
2634.342
2634.638
2634.934
2635.23
2635.526
2635.822
2636.118
2636.414
2636.71
2637.006
2637.302
2637.598
2637.894
2638.19
2638.486
2638.782
2639.078
2639.374
2639.67
2640.297
2640.924
2641.551
2642.178
2642.805
2643.432
2644.059
2644.686
2645.313
2645.94
2646.567
2647.194
2647.821
2648.448
2649.075
2649.702
2650.329
2650.956
2651.583
2652.21
2652.837
2653.461
2654.232
2655.003
2655.774
2656.545
2657.316
2658.087
2658.858
2659.629
2660.4
2661.171
2661.942
2662.713
2663.484
2664.255
2665.026
2665.797
2666.568
2667.339
2668.11
2668.89
2669.096
2669.302
2669.508
2669.714
2669.92
2670.126
2670.332
2670.538
2670.744
2670.95
2671.156
2671.362
2671.568
2671.774
2671.98
2672.186
2672.392
2672.598
2672.804
2673.01
2673.216
2673.43
2673.909
2674.388
2674.867
2675.346
2675.825
2676.304
2676.783
2677.262
2677.741
2678.22
2678.699
2679.178
2679.657
2680.136
2680.615
2681.094
2681.573
2682.052
2682.531
2683.01
2683.489
2683.96
2684.257
2684.554
2684.851
2685.148
2685.445
2685.742
2686.039
2686.336
2686.633
2686.93
2687.227
2687.524
2687.821
2688.118
2688.415
2688.712
2689.009
2689.3
2689.803
2690.306
2690.809
2691.312
2691.815
2692.318
2692.821
2693.324
2693.827
2694.33
2694.83
2696.575
2698.32
2700.065
2701.81
2703.555
2705.3
2707.045
2708.79
2710.535
2712.28
2714.02
2714.826
2715.632
2716.438
2717.244
2718.05
2718.856
2719.662
2720.468
2721.274
2722.08
2722.886
2723.692
2724.498
2725.304
2726.11
2726.916
2727.722
2728.528
2729.334
2730.14
2730.488
2730.836
2731.184
2731.532
2731.88
2732.228
2732.576
2732.924
2733.272
2733.62
2733.968
2734.316
2734.664
2735.012
2735.36
2735.708
2736.056
2736.404
2736.752
2737.109
2738.916
2740.723
2742.53
2744.337
2746.144
2747.951
2749.758
2751.565
2753.372
2755.179
2756.986
2758.793
2760.6
2762.407
2764.22
2764.519
2764.818
2765.117
2765.416
2765.715
2766.014
2766.313
2766.612
2766.911
2767.21
2767.509
2767.808
2768.107
2768.406
2768.705
2769.004
2769.303
2769.602
2769.901
2770.2
2770.499
2770.798
2771.097
2771.39
2771.772
2772.154
2772.536
2772.918
2773.3
2773.682
2774.064
2774.446
2774.828
2775.21
2775.592
2775.974
2776.356
2776.738
2777.12
2777.502
2777.89
2778.254
2778.618
2778.982
2779.346
2779.71
2780.074
2780.438
2780.802
2781.166
2781.53
2781.894
2782.258
2782.622
2782.986
2783.35
2783.714
2784.078
2784.442
2784.8
2785.217
2785.634
2786.051
2786.468
2786.885
2787.302
2787.719
2788.136
2788.553
2788.97
2789.387
2789.804
2790.221
2790.638
2791.055
2791.472
2791.889
2792.306
2792.72
2793.239
2793.758
2794.277
2794.796
2795.315
2795.834
2796.353
2796.872
2797.391
2797.91
2798.429
2798.948
2799.467
2799.98
2800.502
2801.024
2801.546
2802.068
2802.59
2803.112
2803.634
2804.156
2804.678
2805.2
2805.722
2806.244
2806.766
2807.288
2807.81
2808.362
2808.914
2809.466
2810.018
2810.57
2811.122
2811.674
2812.226
2812.778
2813.33
2813.882
2814.434
2814.986
2815.538
2816.09
2816.642
2817.194
2817.74
2818.299
2818.858
2819.417
2819.976
2820.535
2821.094
2821.653
2822.212
2822.771
2823.33
2823.889
2824.448
2825.007
2825.566
2826.125
2826.69
2827.471
2828.252
2829.033
2829.814
2830.595
2831.376
2832.157
2832.938
2833.719
2834.5
2835.281
2836.062
2836.843
2837.624
2838.405
2839.186
2839.97
2840.456
2840.942
2841.428
2841.914
2842.4
2842.886
2843.372
2843.858
2844.344
2844.83
2845.316
2845.802
2846.288
2846.774
2847.26
2847.746
2848.232
2848.72
2849.519
2850.318
2851.117
2851.916
2852.715
2853.514
2854.313
2855.112
2855.911
2856.71
2857.509
2858.308
2859.107
2859.906
2860.705
2861.504
2862.303
2863.102
2863.901
2864.7
2865.32
2865.94
2866.56
2867.18
2867.8
2868.42
2869.04
2869.66
2870.28
2870.9
2871.52
2872.14
2872.76
2873.38
2874.0
2874.62
2875.24
2875.86
2876.48
2877.1
2877.72
2878.34
2878.971
2879.498
2880.025
2880.552
2881.079
2881.606
2882.133
2882.66
2883.187
2883.714
2884.241
2884.768
2885.295
2885.822
2886.349
2886.876
2887.403
2887.93
2888.457
2888.984
2889.511
2890.038
2890.565
2891.099
2891.55
2892.001
2892.452
2892.903
2893.354
2893.805
2894.256
2894.707
2895.16
2895.681
2896.202
2896.723
2897.244
2897.765
2898.286
2898.807
2899.328
2899.849
2900.37
2900.891
2901.412
2901.933
2902.454
2902.975
2903.496
2904.017
2904.538
2905.05
2905.293
2905.536
2905.779
2906.022
2906.265
2906.508
2906.751
2906.994
2907.237
2907.48
2907.723
2907.966
2908.209
2908.452
2908.695
2908.938
2909.181
2909.424
2909.667
2909.91
2910.837
2911.765
2912.693
2913.62
2914.547
2915.475
2916.403
2917.331
2918.258
2919.185
2920.113
2921.041
2921.968
2922.895
2923.823
2924.75
2925.794
2926.838
2927.882
2928.926
2929.97
2931.014
2932.058
2933.102
2934.146
2935.19
2936.234
2937.278
2938.322
2939.366
2940.41
2941.454
2942.498
2943.542
2944.586
2945.63
2946.674
2947.718
2948.762
2949.8
2950.182
2950.564
2950.946
2951.328
2951.71
2952.092
2952.474
2952.856
2953.238
2953.62
2954.002
2954.384
2954.766
2955.148
2955.53
2955.912
2956.294
2956.676
2957.05
2960.44
2963.83
2967.22
2970.61
2974.0
2977.39
2980.78
2984.17
2984.408
2984.646
2984.884
2985.122
2985.36
2985.598
2985.836
2986.074
2986.312
2986.55
2986.788
2987.026
2987.26
2988.241
2989.222
2990.203
2991.184
2992.165
2993.146
2994.127
2995.108
2996.089
2997.07
2998.051
2999.032
3000.013
3000.994
3001.975
3002.956
3003.94
3004.864
3005.788
3006.712
3007.636
3008.56
3009.484
3010.408
3011.332
3012.256
3013.18
3014.104
3015.028
3015.952
3016.876
3017.8
3018.042
3018.284
3018.526
3018.768
3019.01
3019.252
3019.494
3019.736
3019.978
3020.22
3020.462
3020.704
3020.946
3021.188
3021.43
3021.672
3021.92
3022.179
3022.438
3022.697
3022.956
3023.215
3023.474
3023.733
3023.992
3024.251
3024.51
3024.769
3025.028
3025.287
3025.546
3025.805
3026.064
3026.323
3026.582
3026.849
3027.042
3027.235
3027.428
3027.621
3027.814
3028.007
3028.2
3028.393
3028.586
3028.779
3028.972
3029.165
3029.358
3029.551
3029.744
3029.937
3030.13
3030.323
3030.516
3030.71
3031.049
3031.388
3031.727
3032.066
3032.405
3032.744
3033.083
3033.422
3033.761
3034.1
3034.439
3034.778
3035.117
3035.456
3035.795
3036.134
3036.473
3036.82
3037.134
3037.448
3037.762
3038.076
3038.39
3038.704
3039.018
3039.332
3039.646
3039.96
3040.274
3040.588
3040.902
3041.216
3041.53
3041.844
3042.15
3042.476
3042.802
3043.128
3043.454
3043.78
3044.106
3044.432
3044.758
3045.084
3045.41
3045.736
3046.062
3046.388
3046.714
3047.04
3047.366
3047.692
3048.018
3048.349
3048.702
3049.055
3049.408
3049.761
3050.114
3050.467
3050.82
3051.173
3051.526
3051.879
3052.232
3052.585
3052.938
3053.291
3053.644
3053.997
3054.349
3054.835
3055.321
3055.807
3056.293
3056.779
3057.265
3057.751
3058.237
3058.723
3059.209
3059.695
3060.181
3060.667
3061.153
3061.64
3061.921
3062.202
3062.483
3062.764
3063.045
3063.326
3063.607
3063.888
3064.169
3064.45
3064.731
3065.012
3065.293
3065.574
3065.855
3066.14
3066.715
3067.291
3067.867
3068.443
3069.019
3069.594
3070.169
3070.744
3071.32
3071.896
3072.472
3073.048
3073.623
3074.198
3074.773
3075.349
3075.925
3076.501
3077.077
3077.65
3079.274
3080.898
3082.522
3084.146
3085.77
3087.394
3089.018
3090.642
3092.266
3093.89
3095.514
3097.138
3098.762
3100.386
3102.01
3103.634
3105.26
3106.188
3107.116
3108.044
3108.972
3109.9
3110.828
3111.756
3112.684
3113.612
3114.54
3115.468
3116.396
3117.324
3118.252
3119.18
3120.108
3121.04
3121.585
3122.13
3122.675
3123.22
3123.765
3124.31
3124.855
3125.4
3125.945
3126.49
3127.035
3127.58
3128.125
3128.67
3129.215
3129.76
3130.113
3130.466
3130.819
3131.172
3131.525
3131.878
3132.231
3132.584
3132.937
3133.29
3133.643
3133.996
3134.349
3134.702
3135.055
3135.41
3135.721
3136.032
3136.343
3136.654
3136.965
3137.276
3137.587
3137.898
3138.209
3138.52
3138.831
3139.142
3139.453
3139.764
3140.075
3140.386
3140.697
3141.008
3141.32
3141.881
3142.442
3143.003
3143.564
3144.125
3144.686
3145.247
3145.808
3146.369
3146.93
3147.491
3148.052
3148.613
3149.174
3149.735
3150.296
3150.85
3150.85
3150.85
3150.85
3150.85
3150.85
3150.85
3150.85
3150.85
3150.85
3150.85
3150.85
3150.85
3150.85
3150.85
3150.85
3150.85
