73.679
73.992
74.305
74.618
74.93
75.243
75.555
75.868
76.18
76.493
76.805
77.118
77.43
77.743
78.055
78.368
78.679
78.917
79.155
79.393
79.631
79.869
80.107
80.345
80.583
80.821
81.059
81.297
81.535
81.773
82.011
82.249
82.49
82.846
83.202
83.558
83.914
84.27
84.626
84.982
85.338
85.694
86.05
86.406
86.762
87.118
87.474
87.83
88.186
88.55
89.089
89.628
90.167
90.706
91.245
91.784
92.323
92.862
93.401
93.94
94.479
95.018
95.557
96.096
96.64
96.948
97.256
97.564
97.872
98.18
98.488
98.796
99.104
99.412
99.72
100.028
100.336
100.644
100.952
101.26
101.568
101.876
102.189
102.476
102.763
103.05
103.337
103.624
103.911
104.198
104.485
104.772
105.059
105.346
105.633
105.92
106.207
106.494
106.781
107.068
107.355
107.642
107.929
108.216
108.503
108.789
109.096
109.403
109.71
110.017
110.324
110.631
110.938
111.245
111.552
111.859
112.166
112.473
112.78
113.087
113.394
113.7
114.061
114.422
114.783
115.144
115.505
115.866
116.227
116.588
116.949
117.31
117.671
118.032
118.393
118.754
119.115
119.476
119.829
120.067
120.305
120.543
120.781
121.019
121.257
121.495
121.733
121.971
122.209
122.447
122.685
122.923
123.161
123.399
123.637
123.875
124.113
124.359
124.889
125.42
125.762
126.104
126.446
126.788
127.13
127.472
127.814
128.156
128.498
128.84
129.182
129.524
129.866
130.208
130.55
130.892
131.234
131.576
131.92
132.269
132.618
132.967
133.316
133.665
134.014
134.363
134.712
135.061
135.41
135.759
136.108
136.457
136.806
137.155
137.504
137.85
138.193
138.536
138.879
139.222
139.565
139.908
140.251
140.594
140.937
141.28
141.623
141.966
142.309
142.652
142.995
143.338
143.681
144.024
144.37
144.873
145.376
145.879
146.382
146.885
147.388
147.891
148.394
148.897
149.4
149.903
150.406
150.909
151.412
151.915
152.418
152.921
153.424
153.927
154.43
154.933
155.436
155.94
156.262
156.584
156.906
157.228
157.55
157.872
158.194
158.516
158.838
159.16
159.482
159.804
160.126
160.448
160.77
161.092
161.414
161.736
162.05
162.304
162.558
162.812
163.066
163.32
163.574
163.828
164.082
164.336
164.59
164.844
165.098
165.352
165.606
165.86
166.114
166.368
166.622
166.88
167.154
167.428
167.702
167.976
168.25
168.524
168.798
169.072
169.346
169.62
169.894
170.168
170.442
170.716
170.99
171.264
171.538
171.812
172.09
173.15
174.21
175.27
176.33
177.39
178.45
179.51
180.57
181.63
182.69
183.75
184.81
185.87
186.93
187.99
189.05
190.11
191.17
192.23
193.29
194.35
195.734
197.118
198.502
199.886
201.27
202.654
204.038
205.422
206.806
208.19
209.579
210.029
210.479
210.929
211.379
211.829
212.279
212.729
213.179
213.629
214.079
214.529
214.979
215.429
215.879
216.329
216.78
217.65
218.52
219.39
220.26
221.13
222.0
222.87
223.74
224.61
225.48
226.35
227.22
228.09
228.96
229.83
230.7
231.57
232.44
233.31
234.18
235.133
236.086
237.039
237.992
238.945
239.898
240.851
241.804
242.757
243.71
244.663
245.616
246.569
247.522
248.475
249.428
250.381
251.33
252.968
254.606
256.244
257.882
259.52
261.158
262.796
264.434
266.072
267.71
269.348
270.986
272.624
274.262
275.9
277.538
279.169
279.666
280.163
280.66
281.157
281.654
282.151
282.648
283.145
283.642
284.139
284.636
285.133
285.63
286.127
286.624
287.121
287.618
288.115
288.612
289.109
289.606
290.099
290.586
291.073
291.56
292.047
292.534
293.021
293.508
293.995
294.482
294.969
295.456
295.943
296.43
296.917
297.404
297.891
298.378
298.865
299.352
299.839
300.321
300.759
301.197
301.635
302.073
302.511
302.949
303.387
303.825
304.263
304.701
305.139
305.577
306.015
306.453
306.891
307.329
307.767
308.205
308.643
309.09
309.489
309.888
310.287
310.686
311.085
311.484
311.883
312.28
312.63
312.98
313.33
313.68
314.03
314.38
314.73
315.08
315.43
315.78
316.13
316.48
316.83
317.18
317.53
317.88
318.23
318.58
318.93
319.289
319.753
320.217
320.681
321.145
321.609
322.073
322.537
323.001
323.465
323.929
324.393
324.857
325.321
325.785
326.249
326.713
327.177
327.641
328.105
328.569
329.576
330.583
331.59
332.596
333.603
334.61
335.617
336.624
337.631
338.637
339.644
340.651
341.658
342.665
343.672
344.679
345.685
346.692
347.699
348.699
349.051
349.403
349.755
350.107
350.459
350.811
351.163
351.515
351.867
352.219
352.571
352.923
353.275
353.627
353.979
354.331
354.689
355.622
356.555
357.488
358.421
359.354
360.287
361.22
362.153
363.086
364.019
364.952
365.885
366.818
367.751
368.684
369.617
370.55
371.483
372.42
373.22
374.02
374.82
375.62
376.42
377.22
378.02
378.82
379.62
380.42
381.22
382.02
382.82
383.62
384.42
385.22
386.02
386.82
387.62
387.808
387.996
388.184
388.372
388.56
388.748
388.936
389.124
389.312
389.5
389.688
389.876
390.064
390.252
390.44
390.628
390.816
391.004
391.199
391.975
392.751
393.527
394.303
395.079
395.855
396.631
397.407
398.183
398.959
399.735
400.511
401.287
402.063
402.839
403.615
404.391
405.167
405.943
406.719
407.49
408.608
409.726
410.844
411.962
413.08
414.198
415.316
416.434
417.552
418.67
419.788
420.906
422.024
423.142
424.26
425.378
426.496
427.614
428.732
429.85
430.968
432.08
437.402
442.724
448.046
453.368
458.69
464.012
469.334
474.659
475.42
476.181
476.942
477.703
478.464
479.225
479.986
480.747
481.508
482.269
483.03
483.791
484.552
485.313
486.074
486.835
487.596
488.361
489.278
490.195
491.112
492.029
492.946
493.863
494.78
495.697
496.614
497.531
498.448
499.365
500.282
501.199
502.116
503.033
503.95
504.867
505.784
506.699
507.144
507.589
508.034
508.479
509.96
511.441
512.922
514.403
515.884
517.365
518.846
520.327
521.808
523.289
524.77
526.251
527.732
529.213
530.694
532.175
533.656
535.137
536.62
536.822
537.024
537.226
537.428
537.63
537.832
538.034
538.236
538.438
538.64
538.842
539.044
539.246
539.448
539.65
539.85
540.991
542.132
543.273
544.414
545.555
546.696
547.837
548.978
550.119
551.26
552.401
553.542
554.683
555.824
556.959
558.03
559.101
560.172
561.243
562.314
563.385
564.456
565.527
566.598
567.669
568.74
569.811
570.88
572.147
573.414
574.681
575.948
577.215
578.482
579.749
581.016
582.283
583.55
584.817
586.084
587.351
588.618
589.885
591.152
592.419
593.68
593.995
594.31
594.625
594.94
595.255
595.57
595.885
596.2
596.515
596.83
597.145
597.46
597.775
598.09
598.405
598.72
599.03
599.719
600.408
601.097
601.786
602.475
603.164
603.853
604.542
605.231
605.92
606.609
607.298
607.987
608.676
609.365
610.06
611.825
613.59
615.355
617.12
618.885
620.65
622.415
624.18
625.945
627.71
629.475
631.24
633.005
634.77
636.535
638.3
640.065
641.83
643.589
646.334
649.079
651.824
654.569
657.314
660.059
662.804
665.549
668.294
671.039
673.784
676.529
679.274
682.019
684.764
687.51
687.961
688.412
688.863
689.314
689.765
690.216
690.667
691.118
691.569
692.02
692.471
692.922
693.373
693.824
694.275
694.726
695.177
695.628
696.07
696.523
696.976
697.429
697.882
698.335
698.788
699.241
699.694
700.147
700.6
701.053
701.506
701.959
702.412
702.865
703.319
703.72
704.121
704.522
704.923
705.324
705.725
706.126
706.527
706.928
707.329
707.73
708.131
708.532
708.933
709.334
709.735
710.136
710.537
710.938
711.339
711.75
712.135
712.52
712.905
713.29
713.675
714.06
714.445
714.83
715.215
715.6
715.985
716.37
716.755
717.14
717.525
717.91
718.434
718.958
719.482
720.006
720.53
721.054
721.578
722.102
722.626
723.15
723.674
724.198
724.722
725.246
725.77
726.294
726.818
727.342
727.86
728.65
729.44
730.23
731.02
731.81
732.6
733.39
734.18
734.97
735.76
736.55
737.34
738.13
738.92
739.71
740.5
741.29
742.079
743.131
744.183
745.235
746.287
747.339
748.391
749.443
750.495
751.547
752.599
753.651
754.703
755.75
756.118
756.486
756.854
757.222
757.59
757.958
758.326
758.694
759.062
759.43
759.798
760.166
760.534
760.902
761.27
761.638
762.006
762.374
762.75
763.28
763.81
764.34
764.87
765.4
765.93
766.46
766.99
767.52
768.05
768.58
769.11
769.64
770.17
770.7
771.23
771.759
772.158
772.557
772.956
773.355
773.754
774.153
774.552
774.951
775.35
775.749
776.148
776.547
776.946
777.345
777.744
778.143
778.55
779.066
779.582
780.098
780.614
781.13
781.646
782.162
782.678
783.194
783.71
784.226
784.742
785.258
785.774
786.29
786.806
787.322
787.839
788.156
788.473
788.79
789.107
789.424
789.741
790.058
790.375
790.692
791.009
791.326
791.643
791.96
792.277
792.594
792.911
793.228
793.545
793.86
794.115
794.37
794.625
794.88
795.135
795.39
795.645
795.9
796.155
796.41
796.665
796.92
797.175
797.43
797.685
797.94
798.195
798.45
798.705
798.96
799.215
799.48
800.024
800.568
801.112
801.656
802.2
802.744
803.288
803.832
804.376
804.92
805.464
806.008
806.55
806.935
807.32
807.705
808.09
808.475
808.86
809.245
809.63
810.015
810.4
810.785
811.17
811.555
811.94
812.325
812.71
813.315
813.92
814.525
815.13
815.735
816.34
816.945
817.55
818.155
818.76
819.365
819.97
820.575
821.18
821.785
822.39
822.995
823.6
824.199
824.787
825.375
825.963
826.551
827.139
827.727
828.315
828.903
829.491
830.079
830.667
831.255
831.843
832.431
833.019
833.607
834.19
834.53
834.87
835.21
835.55
835.89
836.23
836.57
836.91
837.25
837.59
837.93
838.27
838.61
838.95
839.29
839.63
839.97
840.31
840.65
840.99
841.329
841.85
842.371
842.892
843.413
843.934
844.455
844.976
845.497
846.018
846.539
847.06
847.581
848.102
848.623
849.144
849.665
850.186
850.707
851.23
851.432
851.634
851.836
852.038
852.24
852.442
852.644
852.846
853.048
853.25
853.452
853.654
853.856
854.058
854.26
854.462
854.664
854.866
855.068
855.279
856.251
857.223
858.195
859.167
860.139
861.111
862.083
863.055
864.027
864.999
865.971
866.943
867.915
868.887
869.859
870.831
871.81
872.274
872.738
873.202
873.666
874.13
874.594
875.058
875.522
875.986
876.45
876.914
877.378
877.842
878.306
878.77
879.234
879.699
879.909
880.119
880.329
880.539
880.749
880.959
881.169
881.379
881.589
881.799
882.009
882.219
882.429
882.639
882.849
883.059
883.269
883.48
883.747
884.014
884.281
884.548
884.815
885.082
885.349
885.616
885.883
886.15
886.417
886.684
886.951
887.218
887.485
887.752
888.019
888.286
888.553
888.82
889.089
889.369
889.649
889.929
890.209
890.489
890.769
891.049
891.329
891.609
891.889
892.169
892.449
892.729
893.009
893.289
893.569
893.849
894.129
894.41
894.702
894.994
895.286
895.578
895.87
896.162
896.454
896.746
897.038
897.33
897.622
897.91
898.147
898.384
898.621
898.858
899.095
899.332
899.569
899.806
900.043
900.28
900.517
900.754
900.991
901.228
901.465
901.702
901.939
902.17
902.736
903.302
903.868
904.434
905.0
905.566
906.132
906.698
907.264
907.83
908.396
908.962
909.528
910.094
910.66
911.226
911.792
912.358
912.924
913.49
914.056
914.629
914.916
915.203
915.49
915.777
916.064
916.351
916.638
916.925
917.212
917.499
917.786
918.073
918.36
918.647
918.934
919.221
919.508
919.8
920.164
920.528
920.892
921.256
921.62
921.984
922.348
922.712
923.076
923.44
923.804
924.168
924.532
924.896
925.26
925.629
926.672
927.715
928.758
929.801
930.844
931.887
932.93
933.973
935.016
936.059
937.102
938.145
939.188
940.231
941.279
941.641
942.003
942.365
942.727
943.089
943.451
943.813
944.175
944.537
944.899
945.261
945.623
945.985
946.347
946.709
947.071
947.433
947.79
948.05
948.31
948.57
948.83
949.09
949.35
949.61
949.87
950.13
950.39
950.65
950.91
951.17
951.43
951.69
951.95
952.21
952.47
952.731
953.077
953.423
953.769
954.115
954.461
954.807
955.153
955.499
955.845
956.191
956.537
956.883
957.229
957.575
957.921
958.267
958.613
958.959
959.715
960.471
961.227
961.983
962.739
963.495
964.251
965.007
965.763
966.519
967.275
968.031
968.787
969.543
970.299
971.055
971.811
972.56
972.773
972.986
973.199
973.412
973.625
973.838
974.051
974.264
974.477
974.69
974.903
975.116
975.329
975.542
975.755
975.968
976.181
976.394
976.61
977.244
977.878
978.512
979.146
979.78
980.414
981.048
981.682
982.32
982.98
983.64
984.3
984.96
985.62
986.28
986.94
987.6
988.26
988.92
989.58
990.24
990.9
991.56
992.22
992.88
993.54
994.2
994.86
995.143
995.426
995.709
995.992
996.275
996.558
996.841
997.124
997.407
997.69
997.973
998.256
998.539
998.822
999.105
999.388
999.671
999.954
1000.24
1000.446
1000.652
1000.858
1001.064
1001.27
1001.476
1001.682
1001.888
1002.094
1002.3
1002.506
1002.712
1002.918
1003.124
1003.33
1003.536
1003.742
1003.948
1004.149
1004.587
1005.024
1005.462
1005.899
1006.337
1006.774
1007.212
1007.649
1008.087
1008.524
1008.962
1009.399
1009.837
1010.274
1010.712
1011.149
1011.351
1011.553
1011.755
1011.957
1012.159
1012.361
1012.563
1012.765
1012.967
1013.169
1013.371
1013.573
1013.775
1013.977
1014.179
1014.38
1014.699
1015.018
1015.337
1015.656
1015.975
1016.294
1016.613
1016.933
1017.252
1017.571
1017.89
1018.209
1018.528
1018.847
1019.166
1019.486
1019.805
1020.131
1021.178
1022.225
1023.272
1024.319
1025.366
1026.413
1027.46
1028.507
1029.554
1030.601
1031.648
1032.695
1033.742
1034.789
1035.836
1036.883
1037.93
1038.367
1038.804
1039.241
1039.678
1040.115
1040.552
1040.989
1041.426
1041.863
1042.3
1042.737
1043.174
1043.611
1044.048
1044.485
1044.922
1045.359
1045.79
1046.261
1046.732
1047.203
1047.674
1048.145
1048.616
1049.087
1049.558
1050.029
1050.5
1050.971
1051.442
1051.913
1052.384
1052.86
1053.141
1053.422
1053.703
1053.984
1054.265
1054.546
1054.827
1055.108
1055.389
1055.67
1055.951
1056.232
1056.513
1056.794
1057.075
1057.356
1057.637
1057.918
1058.19
1058.525
1058.86
1059.195
1059.53
1059.865
1060.2
1060.535
1060.87
1061.205
1061.54
1061.87
1062.13
1062.39
1062.65
1062.91
1063.17
1063.43
1063.69
1063.95
1064.21
1064.47
1064.73
1064.99
1065.25
1065.51
1065.77
1066.03
1066.29
1066.55
1066.81
1067.07
1067.33
1067.6
1067.89
1068.18
1068.47
1068.76
1069.05
1069.34
1069.63
1069.92
1070.21
1070.5
1070.79
1071.08
1071.37
1071.66
1071.95
1072.24
1072.53
1072.82
1073.11
1073.4
1073.69
1073.99
1075.141
1076.292
1077.443
1078.594
1079.745
1080.896
1082.047
1083.198
1084.349
1085.5
1086.651
1087.802
1088.953
1090.104
1091.255
1092.406
1093.557
1094.708
1095.859
1097.01
1097.366
1097.722
1098.078
1098.434
1098.79
1099.146
1099.502
1099.858
1100.214
1100.57
1100.926
1101.282
1101.638
1101.994
1102.35
1102.706
1103.062
1103.418
1103.774
1104.13
1104.486
1104.842
1105.198
1105.56
1106.152
1106.744
1107.336
1107.928
1108.52
1109.112
1109.704
1110.296
1110.888
1111.48
1112.072
1112.664
1113.256
1113.848
1114.44
1115.032
1115.624
1116.22
1118.525
1120.83
1123.135
1125.44
1127.745
1130.05
1132.355
1134.66
1136.965
1139.27
1141.575
1143.88
1146.185
1148.49
1150.795
1153.1
1155.405
1157.71
1160.01
1160.31
1160.61
1160.91
1161.21
1161.888
1162.566
1163.244
1163.922
1164.6
1165.278
1165.956
1166.634
1167.312
1167.99
1168.668
1169.346
1170.024
1170.702
1171.38
1172.058
1172.736
1173.409
1173.726
1174.043
1174.36
1174.677
1174.994
1175.311
1175.628
1175.945
1176.262
1176.579
1176.896
1177.213
1177.53
1177.847
1178.164
1178.481
1178.798
1179.115
1179.432
1179.749
1180.066
1180.383
1180.69
1181.299
1181.908
1182.517
1183.126
1183.735
1184.344
1184.953
1185.562
1186.171
1186.78
1187.389
1187.998
1188.607
1189.216
1189.825
1190.434
1191.043
1191.652
1192.27
1192.519
1192.768
1193.017
1193.266
1193.515
1193.764
1194.013
1194.262
1194.511
1194.76
1195.009
1195.258
1195.507
1195.756
1196.005
1196.255
1196.505
1196.755
1197.005
1197.26
1197.644
1198.028
1198.412
1198.796
1199.18
1199.564
1199.948
1200.332
1200.716
1201.1
1201.484
1201.868
1202.252
1202.636
1203.02
1203.404
1203.788
1204.172
1204.556
1204.94
1205.324
1205.708
1206.09
1206.667
1207.244
1207.821
1208.398
1208.975
1209.552
1210.129
1210.706
1211.283
1211.86
1212.437
1213.014
1213.591
1214.168
1214.745
1215.322
1215.899
1216.48
1216.851
1217.222
1217.593
1217.964
1218.335
1218.706
1219.077
1219.448
1219.819
1220.19
1220.561
1220.932
1221.303
1221.674
1222.045
1222.416
1222.787
1223.158
1223.529
1223.909
1234.505
1245.1
1245.443
1245.786
1246.129
1246.472
1246.815
1247.158
1247.501
1247.844
1248.187
1248.53
1248.873
1249.216
1249.559
1249.902
1250.245
1250.588
1250.931
1251.274
1251.62
1251.878
1252.136
1252.394
1252.652
1252.91
1253.168
1253.426
1253.684
1253.942
1254.2
1254.458
1254.716
1254.974
1255.232
1255.49
1255.748
1256.0
1256.425
1256.85
1257.275
1257.7
1258.125
1258.55
1258.975
1259.4
1259.825
1260.25
1260.675
1261.1
1261.525
1261.95
1262.375
1262.8
1263.225
1263.65
1264.07
1264.677
1265.284
1265.891
1266.498
1267.105
1267.712
1268.319
1268.926
1269.533
1270.14
1270.747
1271.354
1271.961
1272.568
1273.175
1273.782
1274.389
1274.996
1275.61
1276.965
1278.32
1279.675
1281.03
1282.385
1283.74
1285.095
1286.45
1287.805
1289.16
1290.515
1291.87
1293.225
1294.58
1295.935
1297.29
1298.645
1300.0
1300.435
1300.87
1301.305
1301.74
1302.175
1302.61
1303.045
1303.48
1303.915
1304.35
1304.785
1305.22
1305.655
1306.09
1306.525
1306.96
1307.4
1311.675
1315.95
1317.635
1319.32
1321.005
1322.69
1324.375
1326.06
1327.745
1329.43
1331.115
1332.8
1334.485
1336.17
1337.855
1339.54
1341.225
1342.91
1344.595
1346.28
1347.97
1348.678
1349.386
1350.094
1350.802
1351.51
1352.218
1352.926
1353.634
1354.342
1355.05
1355.758
1356.466
1357.174
1357.882
1358.59
1359.298
1360.006
1360.714
1361.422
1362.13
1362.83
1363.401
1363.972
1364.543
1365.114
1365.685
1366.256
1366.827
1367.398
1367.969
1368.54
1369.111
1369.682
1370.253
1370.824
1371.395
1371.966
1372.537
1373.11
1373.546
1373.982
1374.418
1374.854
1375.29
1375.726
1376.162
1376.598
1377.034
1377.47
1377.906
1378.342
1378.778
1379.214
1379.65
1380.086
1380.52
1381.021
1381.522
1382.023
1382.524
1383.024
1383.524
1384.024
1384.524
1385.024
1385.524
1386.024
1386.524
1387.024
1387.524
1388.024
1388.524
1389.024
1389.529
1390.046
1390.563
1391.08
1391.597
1392.114
1392.631
1393.148
1393.665
1394.182
1394.699
1395.216
1395.733
1396.25
1396.767
1397.284
1397.801
1398.318
1398.835
1399.36
1400.004
1400.648
1401.292
1401.936
1402.58
1403.224
1403.868
1404.512
1405.156
1405.8
1406.444
1407.088
1407.732
1408.376
1409.02
1409.664
1410.309
1411.123
1411.938
1412.753
1413.567
1414.381
1415.196
1416.01
1416.824
1417.639
1418.453
1419.267
1420.082
1420.897
1421.711
1422.525
1423.34
1424.154
1424.97
1425.217
1425.464
1425.711
1425.958
1426.205
1426.452
1426.699
1426.946
1427.193
1427.44
1427.687
1427.934
1428.181
1428.428
1428.675
1428.922
1429.169
1429.56
1429.951
1430.342
1430.733
1431.124
1431.515
1431.906
1432.297
1432.688
1433.079
1433.47
1433.861
1434.252
1434.643
1435.034
1435.425
1435.816
1436.2
1437.659
1438.182
1438.705
1439.228
1439.751
1440.274
1440.797
1441.32
1441.843
1442.366
1442.889
1443.412
1443.935
1444.458
1444.981
1445.504
1446.027
1446.55
1447.073
1447.591
1448.221
1448.851
1449.481
1450.111
1450.741
1451.371
1452.001
1452.631
1453.261
1453.891
1454.521
1455.151
1455.781
1456.411
1457.041
1457.671
1458.309
1460.559
1462.809
1465.059
1467.309
1469.559
1471.809
1474.059
1476.309
1481.773
1487.237
1492.7
1495.776
1498.852
1501.928
1505.005
1508.082
1511.159
1512.11
1513.061
1514.012
1514.963
1515.914
1516.865
1517.816
1518.767
1519.718
1520.669
1521.62
1522.571
1523.522
1524.473
1525.424
1526.375
1527.326
1528.277
1529.228
1530.179
1531.14
1531.469
1531.798
1532.127
1532.456
1532.785
1533.114
1533.443
1533.772
1534.101
1534.43
1534.759
1535.088
1535.417
1535.746
1536.075
1536.404
1536.733
1537.062
1537.391
1537.72
1538.189
1538.658
1539.127
1539.596
1540.065
1540.534
1541.003
1541.472
1541.941
1542.41
1542.879
1543.348
1543.817
1544.286
1544.755
1545.224
1545.693
1546.162
1546.64
1546.989
1547.338
1547.687
1548.036
1548.385
1548.734
1549.083
1549.432
1549.781
1550.13
1550.479
1550.828
1551.177
1551.526
1551.875
1552.224
1552.573
1552.922
1553.271
1553.62
1553.817
1554.014
1554.211
1554.408
1554.605
1554.802
1554.999
1555.196
1555.393
1555.59
1555.787
1555.984
1556.181
1556.378
1556.575
1556.772
1556.969
1557.166
1557.363
1557.56
1557.76
1558.082
1558.404
1558.726
1559.048
1559.37
1559.692
1560.014
1560.336
1560.658
1560.98
1561.302
1561.624
1561.946
1562.268
1562.59
1562.912
1563.234
1563.559
1563.981
1564.403
1564.825
1565.247
1565.669
1566.091
1566.513
1566.935
1567.357
1567.779
1568.201
1568.623
1569.045
1569.467
1569.889
1570.311
1570.733
1571.149
1571.613
1572.077
1572.541
1573.005
1573.469
1573.933
1574.397
1574.861
1575.325
1575.789
1576.253
1576.717
1577.181
1577.645
1578.109
1578.573
1579.037
1579.501
1579.97
1580.831
1581.692
1582.553
1583.414
1584.275
1585.136
1585.997
1586.858
1587.719
1588.58
1589.441
1590.302
1591.163
1592.024
1592.885
1593.746
1594.607
1595.468
1596.329
1597.19
1598.051
1598.92
1600.287
1601.654
1603.021
1604.388
1605.755
1607.12
1607.482
1607.844
1608.206
1608.568
1608.93
1609.292
1609.654
1610.016
1610.378
1610.74
1611.102
1611.464
1611.826
1612.188
1612.55
1612.912
1613.274
1613.636
1614.0
1614.438
1614.876
1615.313
1615.751
1616.188
1616.626
1617.063
1617.501
1617.938
1618.376
1618.813
1619.251
1619.688
1620.126
1620.563
1621.001
1621.438
1621.876
1622.313
1622.75
1623.365
1623.98
1624.595
1625.21
1625.825
1626.44
1627.055
1627.67
1628.285
1628.9
1629.515
1630.13
1630.745
1631.36
1631.97
1632.191
1632.412
1632.633
1632.854
1633.075
1633.296
1633.517
1633.738
1633.959
1634.18
1634.401
1634.622
1634.843
1635.064
1635.285
1635.506
1635.727
1635.948
1636.169
1636.39
1636.611
1636.832
1637.059
1637.612
1638.165
1638.718
1639.271
1639.824
1640.377
1640.93
1641.483
1642.036
1642.589
1643.142
1643.695
1644.248
1644.801
1645.354
1645.907
1646.46
1647.013
1647.566
1648.119
1648.679
1648.973
1649.267
1649.561
1649.855
1650.149
1650.443
1650.737
1651.031
1651.325
1651.619
1651.913
1652.207
1652.501
1652.795
1653.089
1653.383
1653.677
1653.971
1654.265
1654.559
1654.86
1655.141
1655.422
1655.703
1655.984
1656.265
1656.546
1656.827
1657.108
1657.389
1657.67
1657.951
1658.232
1658.513
1658.794
1659.08
1659.466
1659.852
1660.238
1660.624
1661.01
1661.396
1661.782
1662.168
1662.554
1662.94
1663.326
1663.712
1664.098
1664.484
1664.87
1665.25
1665.622
1665.994
1666.366
1666.738
1667.11
1667.482
1667.854
1668.226
1668.598
1668.97
1669.342
1669.714
1670.086
1670.458
1670.83
1671.202
1671.574
1671.946
1672.318
1672.69
1673.06
1673.529
1673.998
1674.467
1674.936
1675.405
1675.874
1676.343
1676.812
1677.281
1677.75
1678.219
1678.688
1679.157
1679.626
1680.095
1680.564
1681.033
1681.502
1681.971
1682.44
1682.805
1683.17
1683.535
1683.9
1684.265
1684.63
1684.995
1685.36
1685.725
1686.09
1686.455
1686.82
1687.185
1687.55
1687.915
1688.28
1688.645
1689.01
1689.375
1689.74
1690.105
1690.48
1690.789
1691.098
1691.407
1691.716
1692.025
1692.334
1692.643
1692.952
1693.261
1693.57
1693.879
1694.188
1694.497
1694.806
1695.115
1695.424
1695.733
1696.042
1696.351
1696.66
1697.167
1697.674
1698.181
1698.688
1699.195
1699.702
1700.209
1700.716
1701.223
1701.73
1702.237
1702.744
1703.251
1703.758
1704.265
1704.772
1705.279
1705.786
1706.299
1706.575
1706.851
1707.127
1707.403
1707.679
1707.955
1708.231
1708.507
1708.783
1709.059
1709.335
1709.611
1709.887
1710.163
1710.439
1710.715
1710.991
1711.267
1711.549
1711.708
1711.867
1712.026
1712.185
1712.344
1712.503
1712.662
1712.821
1712.98
1713.139
1713.298
1713.457
1713.616
1713.775
1713.934
1714.093
1714.252
1714.409
1714.675
1714.941
1715.207
1715.473
1715.739
1716.005
1716.271
1716.537
1716.803
1717.069
1717.335
1717.601
1717.867
1718.133
1718.399
1718.665
1718.931
1719.197
1719.463
1719.72
1720.417
1721.114
1721.811
1722.508
1723.205
1723.902
1724.599
1725.296
1725.993
1726.69
1727.387
1728.084
1728.781
1729.478
1730.175
1730.872
1731.571
1733.026
1734.481
1735.936
1737.391
1738.846
1740.301
1741.756
1743.211
1744.666
1746.121
1747.576
1749.031
1750.486
1751.941
1753.396
1754.851
1756.306
1757.761
1759.22
1759.823
1760.426
1761.029
1761.632
1762.235
1762.838
1763.441
1764.044
1764.647
1765.25
1765.853
1766.456
1767.059
1767.662
1768.265
1768.868
1769.471
1770.074
1770.669
1770.847
1771.025
1771.203
1771.381
1771.559
1771.737
1771.915
1772.093
1772.271
1772.449
1772.627
1772.805
1772.983
1773.161
1773.339
1773.517
1773.695
1773.873
1774.049
1774.324
1774.6
1774.875
1775.15
1775.426
1775.701
1775.976
1776.252
1776.527
1776.803
1777.079
1777.354
1777.63
1777.906
1778.181
1778.457
1778.733
1779.008
1779.284
1779.56
1779.835
1780.11
1780.534
1780.958
1781.382
1781.806
1782.23
1782.654
1783.078
1783.502
1783.926
1784.35
1784.779
1785.124
1785.469
1785.814
1786.159
1786.504
1786.849
1787.194
1787.539
1787.884
1788.229
1788.574
1788.919
1789.264
1789.609
1789.954
1790.299
1790.644
1790.989
1791.334
1791.679
1792.024
1792.37
1792.832
1793.294
1793.756
1794.218
1794.68
1795.142
1795.604
1796.066
1796.528
1796.99
1797.452
1797.914
1798.376
1798.838
1799.3
1799.762
1800.23
1800.889
1801.548
1802.207
1802.866
1803.525
1804.184
1804.843
1805.502
1806.161
1806.82
1807.479
1808.138
1808.797
1809.456
1810.115
1810.774
1811.433
1812.092
1812.751
1813.41
1813.996
1814.582
1815.168
1815.754
1816.34
1816.926
1817.512
1818.098
1818.684
1819.27
1819.856
1820.442
1821.028
1821.614
1822.2
1822.786
1823.38
1824.004
1824.628
1825.252
1825.876
1826.5
1827.124
1827.748
1828.372
1828.996
1829.62
1830.244
1830.868
1831.492
1832.116
1832.74
1833.364
1833.988
1834.612
1835.236
1835.86
1836.49
1837.051
1837.612
1838.173
1838.734
1839.295
1839.856
1840.417
1840.978
1841.539
1842.1
1842.661
1843.222
1843.783
1844.344
1844.905
1845.466
1846.027
1846.588
1847.149
1847.71
1848.269
1848.874
1849.479
1850.084
1850.689
1851.294
1851.899
1852.504
1853.109
1853.714
1854.319
1854.924
1855.529
1856.134
1856.739
1857.344
1857.949
1858.554
1859.159
1859.76
1860.421
1861.082
1861.743
1862.404
1863.065
1863.726
1864.387
1865.048
1865.709
1866.37
1867.031
1867.692
1868.353
1869.014
1869.675
1870.336
1870.997
1871.658
1872.319
1872.98
1873.493
1874.006
1874.519
1875.032
1875.545
1876.058
1876.571
1877.084
1877.597
1878.11
1878.623
1879.136
1879.649
1880.162
1880.675
1881.188
1881.7
1882.591
1883.482
1884.373
1885.264
1886.155
1887.046
1887.937
1888.828
1889.719
1890.61
1891.501
1892.392
1893.283
1894.174
1895.065
1895.956
1896.847
1897.73
1898.1
1898.47
1898.84
1899.21
1899.58
1900.193
1900.806
1901.419
1902.032
1902.645
1903.258
1903.871
1904.484
1905.097
1905.71
1906.323
1906.936
1907.549
1908.162
1908.775
1909.388
1910.001
1910.614
1911.23
1911.487
1911.744
1912.001
1912.258
1912.515
1912.772
1913.029
1913.286
1913.543
1913.8
1914.057
1914.314
1914.571
1914.828
1915.085
1915.342
1915.599
1915.86
1917.414
1918.968
1920.522
1922.076
1923.63
1925.184
1926.738
1928.292
1929.846
1931.4
1932.954
1934.508
1936.062
1937.616
1939.17
1940.724
1942.279
1942.522
1942.765
1943.008
1943.251
1943.494
1943.737
1943.98
1944.223
1944.466
1944.709
1944.952
1945.195
1945.438
1945.681
1945.924
1946.167
1946.41
1946.653
1946.899
1947.84
1948.781
1949.722
1950.663
1951.604
1952.545
1953.486
1954.427
1955.368
1956.309
1957.25
1958.191
1959.132
1960.073
1961.014
1961.955
1962.896
1963.837
1964.769
1965.163
1965.557
1965.951
1966.345
1966.739
1967.133
1967.527
1967.921
1968.315
1968.709
1969.103
1969.497
1969.891
1970.285
1970.679
1971.073
1971.47
1971.862
1972.254
1972.646
1973.038
1973.43
1973.822
1974.214
1974.606
1974.998
1975.39
1975.782
1976.174
1976.566
1976.958
1977.35
1977.742
1978.134
1978.529
1980.56
1982.591
1984.622
1986.653
1988.684
1990.715
1992.746
1994.777
1996.808
1998.839
2000.87
2002.901
2004.932
2006.963
2008.994
2011.025
2013.056
2015.08
2017.378
2019.676
2021.974
2024.272
2026.57
2028.868
2031.169
2031.492
2031.815
2032.138
2032.461
2032.784
2033.107
2033.43
2033.753
2034.076
2034.399
2034.722
2035.045
2035.368
2035.691
2036.014
2036.337
2036.659
2037.064
2037.469
2037.874
2038.279
2038.684
2039.089
2039.494
2039.899
2040.304
2040.709
2041.114
2041.519
2041.924
2042.329
2042.734
2043.139
2043.544
2043.949
2044.36
2044.949
2045.538
2046.127
2046.716
2047.305
2047.894
2048.483
2049.072
2049.661
2050.25
2050.839
2051.428
2052.017
2052.606
2053.195
2053.784
2054.373
2054.962
2055.55
2059.91
2064.27
2068.63
2072.99
2077.35
2081.71
2086.07
2090.429
2091.037
2091.645
2092.253
2092.861
2093.469
2094.077
2094.685
2095.293
2095.901
2096.509
2097.117
2097.725
2098.333
2098.941
2099.549
2100.157
2100.765
2101.369
2101.575
2101.781
2101.987
2102.193
2102.399
2102.605
2102.811
2103.017
2103.223
2103.429
2103.635
2103.841
2104.047
2104.253
2104.455
2105.366
2106.277
2107.188
2108.099
2109.01
2109.921
2110.832
2111.743
2112.654
2113.565
2114.476
2115.387
2116.298
2117.209
2118.12
2119.031
2119.94
2121.035
2122.13
2123.225
2124.32
2125.415
2126.51
2127.605
2128.7
2129.795
2130.89
2131.985
2133.08
2134.175
2135.27
2136.365
2137.46
2137.918
2138.376
2138.834
2139.291
2139.749
2140.206
2140.664
2141.122
2141.579
2142.037
2142.494
2142.952
2143.41
2143.867
2144.325
2144.78
2145.917
2147.054
2148.191
2149.328
2150.465
2151.602
2152.739
2153.876
2155.013
2156.15
2157.287
2158.424
2159.561
2160.698
2161.829
2162.564
2163.299
2164.034
2164.769
2165.504
2166.239
2166.974
2167.709
2168.444
2169.179
2169.914
2170.649
2171.384
2172.119
2172.854
2173.589
2174.324
2175.059
2175.8
2176.701
2177.602
2178.503
2179.404
2180.305
2181.206
2182.107
2183.008
2183.909
2184.81
2185.711
2186.612
2187.513
2188.414
2189.315
2190.216
2191.117
2192.02
2192.395
2192.77
2193.145
2193.52
2193.895
2194.27
2194.645
2195.02
2195.395
2195.77
2196.145
2196.52
2196.895
2197.27
2197.645
2198.02
2198.395
2198.77
2199.15
2200.015
2200.88
2201.745
2202.61
2203.475
2204.34
2205.205
2206.07
2206.935
2207.8
2208.665
2209.53
2210.395
2211.26
2212.125
2212.99
2213.508
2214.026
2214.544
2215.062
2215.58
2216.098
2216.616
2217.134
2217.652
2218.17
2218.688
2219.206
2219.724
2220.242
2220.76
2221.28
2221.696
2222.112
2222.528
2222.944
2223.36
2223.776
2224.192
2224.608
2225.024
2225.44
2225.856
2226.272
2226.688
2227.104
2227.52
2227.936
2228.352
2228.768
2229.184
2229.6
2230.01
2230.617
2231.224
2231.831
2232.438
2233.045
2233.652
2234.259
2234.866
2235.473
2236.08
2236.687
2237.294
2237.901
2238.508
2239.119
2240.59
2242.061
2243.532
2245.003
2246.474
2247.945
2249.416
2250.887
2252.358
2253.829
2255.3
2256.771
2258.242
2259.713
2261.19
2262.207
2263.224
2264.241
2265.258
2266.275
2267.292
2268.309
2269.326
2270.343
2271.36
2272.377
2273.394
2274.411
2275.428
2276.445
2277.46
2277.961
2278.462
2278.963
2279.464
2279.965
2280.466
2280.967
2281.468
2281.969
2282.47
2282.971
2283.472
2283.973
2284.474
2284.975
2285.47
2285.47
2285.47
2285.47
