23.69
40.323
56.956
73.59
73.834
74.078
74.322
74.566
74.81
75.054
75.298
75.542
75.786
76.03
76.274
76.518
76.762
77.006
77.25
77.5
77.812
78.124
78.436
78.749
79.061
79.374
79.686
79.999
80.311
80.624
80.936
81.249
81.561
81.874
82.186
82.5
82.731
82.962
83.193
83.424
83.655
83.886
84.117
84.348
84.579
84.81
85.041
85.272
85.503
85.734
85.965
86.196
86.427
86.659
87.397
88.135
88.873
89.611
90.349
91.087
91.825
92.563
93.301
94.039
94.777
95.515
96.253
96.991
97.729
98.467
99.205
99.943
100.681
101.41
103.617
105.824
108.03
108.416
108.802
109.188
109.574
109.96
110.346
110.732
111.118
111.504
111.89
112.276
112.662
113.048
113.434
113.82
114.2
114.754
115.308
115.862
116.416
116.97
117.524
118.078
118.632
119.186
119.74
120.294
120.848
121.402
121.956
122.51
123.064
123.61
124.429
125.248
126.067
126.886
127.705
128.524
129.343
130.162
130.981
131.8
132.619
133.438
134.257
135.076
135.891
136.694
137.497
138.3
139.103
139.906
140.709
141.512
142.315
143.118
143.921
144.724
145.527
146.33
147.129
147.905
148.681
149.457
150.233
151.009
151.785
152.561
153.337
154.113
154.889
155.67
156.332
156.994
157.656
158.318
158.98
159.642
160.304
160.966
161.628
162.29
162.952
163.614
164.276
164.938
165.6
166.262
166.924
167.586
168.25
168.628
169.006
169.384
169.762
170.14
170.518
170.896
171.274
171.652
172.03
172.408
172.786
173.164
173.542
173.92
174.298
174.676
175.054
175.432
175.819
176.549
177.279
178.009
178.739
179.469
180.199
180.929
181.659
182.389
183.119
183.849
184.579
185.309
186.039
186.769
187.499
188.229
188.959
189.69
190.005
190.32
190.635
190.95
191.265
191.58
191.895
192.21
192.525
192.84
193.155
193.47
193.785
194.1
194.415
194.73
195.045
195.36
195.675
195.99
196.241
196.492
196.743
196.994
197.245
197.496
197.747
197.998
198.249
198.5
198.751
199.002
199.253
199.504
199.755
200.006
200.25
200.777
201.304
201.831
202.358
202.885
203.412
203.939
204.466
204.993
205.52
206.047
206.574
207.101
207.628
208.155
208.682
209.209
209.74
211.102
212.464
213.826
215.188
216.55
217.912
219.274
220.636
221.998
223.36
224.722
226.084
227.45
228.884
230.318
231.752
233.186
234.62
236.054
237.488
238.922
240.356
241.79
243.224
244.658
246.092
247.526
248.96
250.4
250.811
251.222
251.633
252.044
252.455
252.866
253.277
253.688
254.099
254.51
254.921
255.332
255.743
256.154
256.565
256.976
257.387
257.799
258.477
259.155
259.833
260.511
261.189
261.867
262.545
263.223
263.901
264.579
265.257
265.935
266.613
267.291
267.969
268.647
269.325
270.0
270.974
271.948
272.922
273.896
274.87
275.844
276.818
277.792
278.766
279.74
280.714
281.688
282.662
283.636
284.61
285.584
286.55
287.092
287.634
288.176
288.718
289.26
289.802
290.344
290.886
291.428
291.97
292.512
293.054
293.596
294.138
294.68
295.222
295.764
296.306
296.84
297.128
297.416
297.704
297.992
298.28
298.568
298.856
299.144
299.432
299.72
300.008
300.296
300.584
300.872
301.16
301.448
301.736
302.024
302.31
302.535
302.76
302.985
303.21
303.435
303.66
303.885
304.11
304.335
304.56
304.785
305.01
305.235
305.46
305.685
305.91
306.135
306.36
306.59
307.111
307.632
308.153
308.674
309.195
309.716
310.237
310.758
311.279
311.8
312.321
312.842
313.363
313.884
314.405
314.926
315.44
316.259
317.078
317.897
318.716
319.535
320.354
321.173
321.992
322.811
323.63
324.449
325.268
326.087
326.906
327.725
328.544
329.363
330.18
330.529
330.878
331.227
331.576
331.925
332.274
332.623
332.972
333.321
333.67
334.019
334.368
334.717
335.066
335.415
335.764
336.113
336.46
336.846
337.232
337.618
338.004
338.39
338.776
339.162
339.548
339.934
340.32
340.706
341.092
341.478
341.864
342.25
342.636
343.022
343.408
343.794
344.18
344.561
344.86
345.159
345.458
345.757
346.056
346.355
346.654
346.953
347.252
347.551
347.85
348.149
348.448
348.747
349.046
349.345
349.644
349.94
350.329
350.718
351.107
351.496
351.885
352.274
352.663
353.052
353.44
353.838
354.236
354.634
355.032
355.43
355.828
356.226
356.624
357.022
357.42
357.818
358.216
358.614
359.012
359.41
359.808
360.21
360.516
360.822
361.128
361.434
361.74
362.046
362.352
362.658
362.964
363.27
363.576
363.882
364.188
364.494
364.8
365.106
365.412
365.71
366.049
366.388
366.727
367.066
367.405
367.744
368.083
368.422
368.761
369.1
369.439
369.778
370.117
370.456
370.795
371.139
371.402
371.665
371.928
372.191
372.454
372.717
372.98
373.243
373.506
373.769
374.032
374.295
374.558
374.821
375.084
375.347
375.61
375.87
376.243
376.616
376.989
377.362
377.735
378.108
378.481
378.854
379.227
379.6
379.973
380.346
380.719
381.092
381.465
381.838
382.211
382.584
382.949
383.492
384.035
384.578
385.121
385.664
386.207
386.75
387.293
387.836
388.379
388.922
389.465
390.008
390.551
391.094
391.639
392.949
394.259
395.569
396.879
398.189
399.499
400.809
402.12
402.61
403.1
403.59
404.08
404.57
405.06
405.55
406.04
406.53
407.02
407.51
408.0
408.49
408.98
409.47
409.96
410.45
410.94
411.554
412.168
412.782
413.396
414.01
414.624
415.238
415.852
416.466
417.08
417.694
418.308
418.922
419.536
420.15
420.764
421.378
421.992
422.61
423.331
424.052
424.773
425.494
426.215
426.936
427.657
428.378
429.099
429.82
430.541
431.262
431.983
432.704
433.425
434.146
434.867
435.588
436.31
436.481
436.652
436.823
436.994
437.166
437.337
437.508
437.679
437.85
438.022
438.193
438.364
438.535
438.707
438.878
439.049
439.22
439.392
439.563
439.74
440.781
441.822
442.863
443.904
444.945
445.986
447.027
448.068
449.109
450.15
451.191
452.232
453.273
454.314
455.355
456.396
457.437
458.478
459.519
460.56
461.601
462.639
462.976
463.313
463.65
463.987
464.324
464.661
464.998
465.335
465.672
466.009
466.346
466.683
467.02
467.357
467.694
468.031
468.36
468.877
469.394
469.911
470.428
470.945
471.462
471.979
472.496
473.009
473.377
473.745
474.113
474.481
474.849
475.217
475.585
475.953
476.321
476.689
477.057
477.425
477.793
478.161
478.529
478.897
479.27
479.499
479.728
479.957
480.186
480.415
480.644
480.873
481.102
481.331
481.56
481.789
482.018
482.247
482.476
482.705
482.934
483.163
483.392
483.63
484.025
484.42
484.815
485.21
485.605
486.0
486.395
486.79
487.185
487.58
487.975
488.37
488.765
489.16
489.555
489.95
490.35
494.075
497.8
501.525
505.25
508.975
512.7
516.425
520.15
523.875
527.6
531.325
535.05
538.775
542.5
546.225
549.95
553.675
557.4
561.125
564.85
568.571
569.673
570.775
571.877
572.979
574.081
575.183
576.285
577.387
578.489
579.591
580.693
581.795
582.897
583.999
585.101
586.21
586.412
586.614
586.816
587.018
587.22
587.694
588.168
588.641
589.114
589.588
590.062
590.535
591.008
591.482
591.956
592.429
592.902
593.376
593.85
594.323
594.796
595.27
595.744
596.217
596.69
597.51
598.33
599.15
599.97
600.79
601.61
602.43
603.25
604.07
604.89
605.71
606.53
607.35
608.17
608.99
609.81
610.63
611.45
613.057
614.664
616.271
617.878
619.485
621.092
622.699
624.306
625.91
626.611
627.312
628.013
628.714
629.415
630.116
630.817
631.518
632.219
632.92
633.621
634.322
635.023
635.724
636.425
637.126
637.827
638.528
639.229
639.93
640.631
641.339
641.624
641.909
642.193
642.477
642.761
643.045
643.329
643.613
643.898
644.183
644.467
644.751
645.035
645.319
645.603
645.887
646.171
646.46
646.874
647.288
647.702
648.116
648.53
648.944
649.358
649.772
650.186
650.6
651.01
651.352
651.694
652.036
652.378
652.72
653.062
653.404
653.746
654.088
654.43
654.772
655.114
655.456
655.798
656.14
656.482
656.824
657.166
657.508
657.85
658.895
659.94
660.985
662.03
663.075
664.12
665.165
666.21
667.255
668.3
669.345
670.39
671.435
672.48
673.525
674.57
675.615
676.66
677.709
678.398
679.087
679.776
680.465
681.154
681.843
682.532
683.221
683.91
684.599
685.288
685.977
686.666
687.355
688.044
688.733
689.422
690.111
690.8
691.413
692.026
692.639
693.252
693.865
694.478
695.091
695.704
696.317
696.93
697.543
698.156
698.769
699.382
699.995
700.611
701.144
701.677
702.21
702.743
703.276
703.809
704.342
704.875
705.408
705.941
706.474
707.007
707.54
708.073
708.606
709.14
709.671
710.202
710.733
711.264
711.795
712.326
712.857
713.388
713.919
714.45
714.981
715.512
716.043
716.574
717.105
717.636
718.167
718.698
719.23
720.317
721.404
722.491
723.578
724.665
725.752
726.839
727.926
729.013
730.1
731.187
732.274
733.361
734.448
735.54
735.905
736.27
736.635
737.0
737.365
737.73
738.095
738.46
738.825
739.19
739.555
739.92
740.285
740.65
741.015
741.38
741.74
742.432
743.124
743.816
744.508
745.2
745.892
746.584
747.276
747.968
748.66
749.352
750.044
750.736
751.428
752.12
752.812
753.5
753.857
754.214
754.571
754.928
755.285
755.642
755.999
756.356
756.713
757.07
757.427
757.784
758.141
758.5
758.825
759.15
759.475
759.8
760.125
760.45
760.775
761.1
761.425
761.75
762.075
762.4
762.725
763.05
763.375
763.7
764.025
764.35
764.675
765.0
765.329
765.74
766.151
766.562
766.973
767.384
767.795
768.206
768.617
769.028
769.439
769.85
770.261
770.672
771.083
771.494
771.905
772.316
772.727
773.138
773.55
774.009
774.468
774.927
775.386
775.845
776.304
776.763
777.222
777.681
778.14
778.599
779.058
779.517
779.976
780.435
780.894
781.353
781.81
782.131
782.452
782.773
783.094
783.415
783.736
784.057
784.378
784.699
785.02
785.341
785.662
785.983
786.304
786.625
786.946
787.267
787.588
787.909
788.231
788.828
789.425
790.022
790.619
791.216
791.813
792.41
793.098
793.786
794.474
795.162
795.85
796.538
797.226
797.914
798.602
799.29
799.978
800.666
801.354
802.042
802.73
803.418
804.106
804.794
805.482
806.17
806.85
807.403
807.956
808.509
809.062
809.615
810.168
810.721
811.274
811.827
812.38
812.933
813.486
814.039
814.592
815.145
815.698
816.251
816.804
817.357
817.91
818.459
819.587
820.715
821.843
822.971
824.099
825.227
826.355
827.483
828.611
829.739
830.867
831.995
833.123
834.251
835.379
836.507
837.635
838.763
839.891
841.019
842.14
842.367
842.594
842.821
843.048
843.275
843.502
843.729
843.956
844.183
844.41
844.637
844.864
845.091
845.318
845.545
845.772
845.999
846.22
846.921
847.622
848.323
849.024
849.725
850.426
851.127
851.828
852.529
852.798
853.067
853.336
853.605
853.874
854.143
854.412
854.681
854.95
855.219
855.488
855.757
856.026
856.295
856.564
856.833
857.102
857.371
857.64
857.909
858.17
858.946
859.722
860.498
861.274
862.05
862.826
863.602
864.378
865.154
865.93
866.706
867.482
868.258
869.034
869.81
870.586
871.362
872.138
872.914
873.69
874.433
875.176
875.919
876.662
877.405
878.148
878.891
879.634
880.377
881.12
881.863
882.606
883.349
884.092
884.835
885.578
886.321
887.064
887.807
888.55
889.011
889.472
889.933
890.394
890.855
891.316
891.777
892.238
892.699
893.16
893.621
894.082
894.543
895.004
895.47
895.94
896.41
896.88
897.35
897.82
898.29
898.76
899.23
899.7
900.17
900.64
901.11
901.58
902.05
902.52
902.99
903.459
903.74
904.021
904.302
904.583
904.864
905.145
905.426
905.707
905.988
906.269
906.55
906.831
907.112
907.393
907.674
907.955
908.236
908.517
908.8
909.759
910.718
911.677
912.636
913.595
914.554
915.513
916.472
917.431
918.39
919.349
920.308
921.267
922.226
923.185
924.149
924.518
924.887
925.256
925.625
925.994
926.363
926.732
927.101
927.47
927.839
928.208
928.577
928.946
929.315
929.684
930.053
930.422
930.791
931.16
931.529
931.806
932.083
932.36
932.637
932.914
933.191
933.468
933.745
934.022
934.299
934.576
934.853
935.13
935.407
935.684
935.961
936.238
936.519
936.85
937.181
937.512
937.843
938.174
938.505
938.836
939.167
939.498
939.829
940.16
940.491
940.822
941.153
941.484
941.815
942.146
942.477
942.81
943.16
943.51
943.86
944.21
944.56
944.843
945.126
945.409
945.692
945.975
946.258
946.541
946.824
947.107
947.39
947.673
947.956
948.239
948.522
948.805
949.088
949.371
949.65
949.988
950.327
950.665
951.003
951.341
951.679
952.017
952.356
952.694
953.032
953.37
953.708
954.046
954.385
954.723
955.061
955.399
955.737
956.075
956.42
956.939
957.458
957.977
958.496
959.015
959.534
960.053
960.572
961.091
961.61
962.129
962.648
963.167
963.686
964.205
964.724
965.25
965.606
965.962
966.317
966.673
967.029
967.385
967.74
968.096
968.452
968.808
969.163
969.519
969.875
970.231
970.587
970.942
971.298
971.649
971.964
972.279
972.594
972.909
973.224
973.539
973.854
974.169
974.484
974.799
975.114
975.429
975.744
976.059
976.38
977.349
978.318
979.287
980.256
981.225
982.194
983.163
984.132
985.101
986.07
987.039
988.008
988.977
989.946
990.915
991.884
992.851
993.582
994.313
995.044
995.775
996.506
997.237
997.97
998.347
998.724
999.101
999.478
999.855
1000.232
1000.609
1000.986
1001.363
1001.74
1002.117
1002.494
1002.871
1003.248
1003.62
1003.926
1004.232
1004.538
1004.844
1005.15
1005.456
1005.762
1006.068
1006.374
1006.68
1006.986
1007.292
1007.598
1007.904
1008.21
1008.516
1008.822
1009.12
1009.609
1010.098
1010.587
1011.076
1011.565
1012.054
1012.543
1013.032
1013.521
1014.01
1014.499
1014.988
1015.477
1015.966
1016.455
1016.944
1017.433
1017.92
1018.199
1018.478
1018.757
1019.036
1019.315
1019.594
1019.873
1020.152
1020.431
1020.71
1020.989
1021.268
1021.547
1021.826
1022.105
1022.384
1022.663
1022.95
1023.217
1023.484
1023.751
1024.018
1024.285
1024.55
1024.776
1025.002
1025.228
1025.454
1025.68
1025.906
1026.132
1026.358
1026.584
1026.81
1027.036
1027.262
1027.488
1027.714
1027.94
1028.166
1028.392
1028.61
1028.967
1029.324
1029.681
1030.038
1030.395
1030.752
1031.109
1031.466
1031.823
1032.18
1032.537
1032.894
1033.251
1033.608
1033.965
1034.322
1034.68
1035.025
1035.37
1035.715
1036.06
1036.405
1036.75
1037.095
1037.44
1037.785
1038.13
1038.475
1038.82
1039.165
1039.51
1039.855
1040.2
1040.539
1040.876
1041.213
1041.55
1041.887
1042.224
1042.561
1042.898
1043.235
1043.572
1043.909
1044.245
1044.581
1044.918
1045.25
1045.474
1045.698
1045.922
1046.146
1046.37
1046.594
1046.818
1047.042
1047.266
1047.49
1047.714
1047.938
1048.162
1048.386
1048.61
1048.834
1049.056
1051.006
1052.956
1054.906
1056.856
1058.806
1060.756
1062.706
1064.656
1066.606
1068.556
1070.506
1072.456
1074.406
1076.359
1077.846
1079.333
1080.82
1082.307
1083.794
1085.281
1086.768
1088.255
1089.742
1091.229
1092.716
1094.203
1095.69
1097.177
1098.664
1100.151
1101.639
1102.891
1104.143
1105.395
1106.647
1107.899
1109.151
1110.403
1111.655
1112.907
1114.159
1115.411
1116.663
1117.915
1119.167
1120.419
1121.671
1122.919
1123.353
1123.787
1124.221
1124.655
1125.089
1125.523
1125.957
1126.391
1126.825
1127.259
1127.693
1128.127
1128.561
1128.995
1129.429
1129.863
1130.289
1130.95
1131.611
1132.272
1132.933
1133.594
1134.255
1134.916
1135.577
1136.238
1136.899
1137.56
1138.221
1138.882
1139.543
1140.204
1140.869
1141.552
1142.235
1142.918
1143.601
1144.284
1144.967
1145.65
1146.333
1147.016
1147.699
1148.382
1149.065
1149.748
1150.431
1151.114
1151.797
1152.48
1153.159
1154.118
1155.077
1156.036
1156.995
1157.954
1158.913
1159.872
1160.831
1161.79
1162.749
1163.708
1164.667
1165.626
1166.585
1167.544
1168.509
1168.948
1169.387
1169.826
1170.265
1170.704
1171.143
1171.582
1172.021
1172.46
1172.899
1173.338
1173.777
1174.216
1174.655
1175.094
1175.539
1176.063
1176.587
1177.111
1177.635
1178.159
1178.683
1179.207
1179.731
1180.255
1180.779
1181.303
1181.827
1182.351
1182.875
1183.399
1183.929
1184.205
1184.481
1184.757
1185.033
1185.309
1185.585
1185.861
1186.137
1186.413
1186.689
1186.965
1187.239
1187.677
1188.115
1188.553
1188.991
1189.429
1189.867
1190.305
1190.743
1191.181
1191.619
1192.057
1192.495
1192.933
1193.371
1193.809
1194.247
1194.685
1195.129
1195.579
1196.029
1196.479
1196.929
1197.379
1197.829
1198.279
1198.729
1199.179
1199.629
1200.079
1200.529
1200.979
1201.429
1201.879
1202.329
1202.779
1203.229
1203.679
1204.02
1204.361
1204.702
1205.043
1205.384
1205.725
1206.066
1206.407
1206.748
1207.089
1207.43
1207.771
1208.112
1208.453
1208.789
1209.279
1209.769
1210.259
1210.749
1211.239
1211.729
1212.219
1212.709
1213.199
1213.689
1214.179
1214.669
1215.159
1215.649
1216.139
1216.629
1217.119
1217.609
1218.249
1218.889
1219.529
1220.169
1220.81
1221.45
1222.091
1222.731
1223.371
1224.012
1224.652
1225.293
1225.933
1226.573
1227.214
1227.854
1228.495
1229.135
1229.775
1230.419
1230.917
1231.415
1231.913
1232.411
1232.909
1233.407
1233.905
1234.403
1234.901
1235.399
1235.897
1236.395
1236.893
1237.391
1237.889
1238.387
1238.885
1239.379
1240.072
1240.764
1241.457
1242.15
1242.843
1243.536
1244.229
1244.919
1246.988
1249.057
1251.126
1253.195
1255.264
1257.333
1259.402
1261.471
1263.54
1265.609
1267.678
1269.747
1271.816
1273.885
1275.954
1278.023
1280.092
1282.169
1282.956
1283.743
1284.53
1285.317
1286.104
1286.891
1287.678
1288.465
1289.252
1290.039
1290.826
1291.613
1292.4
1293.187
1293.974
1294.761
1295.548
1296.335
1297.122
1297.909
1300.032
1302.155
1304.278
1306.401
1308.524
1310.647
1312.77
1314.893
1317.019
1317.454
1317.889
1318.324
1318.759
1319.194
1319.629
1320.064
1320.499
1320.934
1321.369
1321.804
1322.239
1322.674
1323.109
1323.544
1323.979
1324.419
1325.059
1325.699
1326.339
1326.979
1327.619
1328.259
1328.899
1329.539
1330.179
1330.819
1331.459
1332.099
1332.739
1333.379
1334.019
1334.659
1335.299
1335.939
1336.579
1337.21
1337.423
1337.636
1337.849
1338.062
1338.275
1338.488
1338.701
1338.914
1339.127
1339.34
1339.553
1339.766
1339.979
1340.192
1340.405
1340.618
1340.83
1341.249
1341.668
1342.087
1342.506
1342.925
1343.344
1343.763
1344.182
1344.601
1345.02
1345.439
1345.858
1346.277
1346.696
1347.115
1347.534
1347.953
1348.372
1348.791
1349.21
1349.975
1350.74
1351.505
1352.27
1353.035
1353.8
1354.565
1355.33
1356.095
1356.86
1357.625
1358.39
1359.155
1359.92
1360.685
1361.45
1362.215
1362.98
1363.745
1364.519
1364.981
1365.443
1365.905
1366.367
1366.829
1367.291
1367.753
1368.215
1368.677
1369.139
1369.601
1370.063
1370.525
1370.987
1371.449
1371.911
1372.379
1372.66
1372.941
1373.222
1373.503
1373.784
1374.065
1374.346
1374.627
1374.908
1375.189
1375.47
1375.751
1376.032
1376.313
1376.594
1376.875
1377.156
1377.437
1377.718
1377.999
1378.238
1378.477
1378.716
1378.955
1379.194
1379.433
1379.672
1379.911
1380.15
1380.389
1380.628
1380.867
1381.106
1381.345
1381.584
1381.83
1382.276
1382.722
1383.168
1383.614
1384.06
1384.506
1384.952
1385.398
1385.844
1386.29
1386.736
1387.182
1387.628
1388.074
1388.52
1388.966
1389.412
1389.86
1390.202
1390.544
1390.886
1391.228
1391.57
1391.912
1392.254
1392.596
1392.938
1393.28
1393.622
1393.964
1394.306
1394.648
1394.99
1395.332
1395.669
1396.516
1397.363
1398.21
1399.057
1399.904
1400.751
1401.598
1402.445
1403.292
1404.139
1404.986
1405.833
1406.68
1407.529
1410.139
1410.974
1411.809
1412.644
1413.479
1414.314
1415.149
1415.984
1416.819
1417.654
1418.489
1419.324
1420.159
1420.994
1421.829
1422.664
1423.499
1424.33
1425.156
1425.982
1426.808
1427.634
1428.46
1429.286
1430.112
1430.938
1431.764
1432.59
1433.416
1434.242
1435.068
1435.894
1436.72
1437.546
1438.379
1439.274
1440.169
1441.064
1441.959
1442.854
1443.749
1444.644
1445.539
1446.434
1447.329
1448.224
1449.119
1450.014
1450.909
1451.804
1452.699
1453.594
1454.489
1455.384
1456.279
1456.728
1457.177
1457.626
1458.075
1458.524
1458.973
1459.422
1459.871
1460.32
1460.769
1461.218
1461.667
1462.116
1462.565
1463.014
1463.463
1463.912
1464.361
1464.809
1465.563
1466.317
1467.071
1467.825
1468.579
1469.333
1470.087
1470.841
1471.595
1472.349
1473.103
1473.857
1474.611
1475.365
1476.119
1476.873
1477.627
1478.381
1479.135
1479.889
1480.729
1481.569
1482.409
1483.249
1484.089
1484.929
1485.769
1486.609
1487.449
1488.289
1489.129
1489.969
1490.809
1491.649
1492.489
1493.329
1494.169
1495.009
1495.849
1496.69
1497.417
1498.143
1498.87
1499.596
1500.322
1501.049
1501.492
1501.935
1502.378
1502.821
1503.264
1503.707
1504.15
1504.593
1505.036
1505.479
1505.922
1506.365
1506.808
1507.251
1507.694
1508.137
1508.58
1509.029
1510.054
1511.08
1512.105
1513.13
1514.156
1515.181
1516.207
1517.233
1518.258
1519.284
1520.31
1521.335
1522.361
1523.387
1524.412
1525.438
1526.464
1527.489
1528.514
1529.539
1530.564
1531.59
1532.926
1534.262
1535.598
1536.934
1538.27
1539.606
1540.942
1542.278
1543.614
1544.95
1546.286
1547.622
1548.958
1550.294
1551.63
1552.966
1554.302
1555.638
1556.974
1558.31
1559.649
1560.721
1561.793
1562.865
1563.938
1565.011
1566.083
1567.156
1568.228
1569.301
1570.373
1571.446
1572.518
1573.591
1574.663
1575.736
1576.809
1577.881
1578.954
1580.026
1581.099
1581.893
1582.687
1583.481
1584.275
1585.069
1585.863
1586.657
1587.451
1588.245
1589.039
1589.833
1590.627
1591.419
1592.751
1594.083
1595.415
1596.747
1598.079
1599.411
1600.743
1602.075
1603.407
1604.739
1606.071
1607.403
1608.735
1610.067
1611.399
1612.731
1614.063
1615.39
1616.473
1617.555
1618.638
1619.72
1620.803
1621.886
1622.968
1624.051
1625.133
1626.216
1627.298
1628.38
1629.463
1630.545
1631.628
1632.71
1632.988
1633.266
1633.544
1633.822
1634.1
1634.378
1634.656
1634.934
1635.212
1635.49
1635.768
1636.046
1636.324
1636.602
1636.88
1637.158
1637.44
1637.854
1638.268
1638.682
1639.096
1639.51
1639.924
1640.338
1640.752
1641.166
1641.58
1641.994
1642.408
1642.822
1643.236
1643.65
1644.064
1644.47
1645.499
1651.689
1657.879
1660.096
1662.313
1664.53
1666.747
1668.964
1671.181
1673.398
1675.615
1677.832
1680.049
1682.266
1684.483
1686.7
1688.917
1691.134
1693.351
1695.568
1697.785
1700.002
1702.22
1703.155
1704.09
1705.025
1705.96
1706.895
1707.83
1708.765
1709.7
1710.635
1711.57
1712.505
1713.44
1714.375
1715.31
1716.245
1717.18
1718.115
1719.049
1720.103
1721.157
1722.211
1723.265
1724.319
1725.373
1726.427
1727.481
1728.535
1729.589
1730.643
1731.697
1732.751
1733.805
1734.859
1735.909
1736.461
1737.013
1737.565
1738.117
1738.669
1739.221
1739.773
1740.325
1740.877
1741.429
1741.981
1742.533
1743.085
1743.64
1744.243
1744.846
1745.449
1746.052
1746.655
1747.258
1747.861
1748.464
1749.067
1749.67
1750.273
1750.876
1751.479
1752.082
1752.685
1753.288
1753.891
1754.494
1755.089
1755.446
1755.803
1756.16
1756.517
1756.874
1757.231
1757.588
1757.945
1758.302
1758.659
1759.016
1759.373
1759.73
1760.087
1760.444
1760.801
1761.158
1761.519
1761.838
1762.157
1762.476
1762.795
1763.114
1763.433
1763.752
1764.071
1764.39
1764.709
1765.028
1765.347
1765.666
1765.985
1766.304
1766.623
1766.95
1768.589
1770.228
1771.867
1773.506
1775.145
1776.784
1778.423
1780.062
1781.701
1783.34
1784.979
1786.618
1788.257
1789.896
1791.539
1791.822
1792.105
1792.388
1792.671
1792.954
1793.237
1793.52
1793.803
1794.086
1794.369
1794.652
1794.935
1795.218
1795.501
1795.784
1796.071
1799.362
1802.653
1805.944
1809.235
1812.526
1815.817
1819.108
1822.399
1825.69
1828.981
1832.269
1832.795
1833.321
1833.847
1834.373
1834.899
1835.425
1835.951
1836.477
1837.003
1837.529
1838.055
1838.581
1839.107
1839.633
1840.159
1840.69
1841.808
1842.926
1844.043
1845.16
1846.278
1847.396
1848.514
1849.631
1850.749
1851.867
1852.985
1854.102
1855.22
1856.338
1857.456
1858.57
1858.819
1859.068
1859.317
1859.566
1859.815
1860.064
1860.313
1860.562
1860.811
1861.06
1861.309
1861.558
1861.807
1862.056
1862.305
1862.554
1862.803
1863.052
1863.299
1863.731
1864.163
1864.595
1865.027
1865.459
1865.891
1866.323
1866.755
1867.187
1867.619
1868.051
1868.483
1868.915
1869.347
1869.779
1870.211
1870.643
1871.07
1871.512
1871.954
1872.396
1872.838
1873.28
1873.722
1874.164
1874.606
1875.048
1875.49
1875.932
1876.374
1876.816
1877.258
1877.7
1878.142
1878.584
1879.026
1879.468
1879.919
1880.528
1881.137
1881.746
1882.355
1882.964
1883.573
1884.182
1884.791
1885.4
1886.009
1886.618
1887.227
1887.836
1888.445
1889.059
1889.433
1889.807
1890.181
1890.555
1890.929
1891.303
1891.677
1892.051
1892.425
1892.799
1893.173
1893.547
1893.921
1894.295
1894.669
1895.043
1895.409
1895.899
1896.389
1896.879
1897.369
1897.859
1898.349
1898.839
1899.329
1899.819
1900.309
1900.799
1901.289
1901.779
1902.269
1902.759
1903.249
1903.739
1904.229
1904.72
1905.154
1905.588
1906.022
1906.456
1906.89
1907.324
1907.758
1908.192
1908.626
1909.06
1909.494
1909.928
1910.362
1910.796
1911.23
1911.664
1912.098
1912.532
1912.966
1913.409
1915.705
1918.001
1920.297
1922.593
1924.889
1927.185
1929.481
1931.777
1934.073
1936.369
1938.669
1939.785
1940.901
1942.017
1943.133
1944.249
1945.365
1946.481
1947.597
1948.713
1949.829
1950.94
1951.426
1951.912
1952.398
1952.884
1953.37
1953.856
1954.342
1954.828
1955.314
1955.799
1956.278
1956.757
1957.236
1957.715
1958.194
1958.673
1959.152
1959.631
1960.11
1960.589
1961.068
1961.547
1962.026
1962.505
1962.984
1963.463
1963.942
1964.421
1964.899
1965.298
1965.697
1966.096
1966.495
1966.894
1967.293
1967.692
1968.091
1968.49
1968.889
1969.288
1969.688
1970.088
1970.487
1970.887
1971.286
1971.686
1972.09
1973.596
1975.102
1976.608
1978.114
1979.62
1981.126
1982.632
1984.138
1985.644
1987.15
1988.656
1990.162
1991.668
1993.174
1994.68
1996.186
1997.692
1999.2
1999.809
2000.418
2001.027
2001.636
2002.245
2002.854
2003.463
2004.072
2004.681
2005.29
2005.899
2006.508
2007.117
2007.726
2008.335
2008.944
2009.553
2010.162
2010.771
2011.379
2012.161
2012.943
2013.725
2014.507
2015.289
2016.071
2016.853
2017.635
2018.417
2019.199
2019.981
2020.763
2021.545
2022.327
2023.109
2023.891
2024.669
2025.085
2025.501
2025.917
2026.333
2026.749
2027.105
2027.461
2027.817
2028.173
2028.529
2028.885
2029.241
2029.597
2029.953
2030.309
2030.665
2031.021
2031.377
2031.733
2032.089
2032.445
2032.801
2033.157
2033.519
2033.836
2034.153
2034.47
2034.787
2035.104
2035.421
2035.738
2036.055
2036.372
2036.689
2037.006
2037.323
2037.64
2037.957
2038.274
2038.591
2038.908
2039.219
2040.257
2041.295
2042.333
2043.371
2044.409
2045.447
2046.485
2047.523
2048.561
2049.599
2050.637
2051.675
2052.71
2053.529
2054.348
2055.167
2055.986
2056.805
2057.624
2058.443
2059.262
2060.081
2060.9
2061.719
2062.538
2063.357
2064.176
2064.995
2065.814
2066.64
2066.765
2066.89
2067.015
2067.14
2067.265
2067.39
2067.515
2067.64
2067.784
2067.928
2068.072
2068.216
2068.36
2068.504
2068.648
2068.792
2068.936
2069.08
2069.224
2069.368
2069.512
2069.656
2069.8
2069.944
2070.09
2070.297
2070.504
2070.711
2070.918
2071.125
2071.332
2071.539
2071.746
2071.953
2072.16
2072.367
2072.574
2072.781
2072.988
2073.195
2073.402
2073.609
2073.816
2074.023
2074.23
2075.131
2076.032
2076.933
2077.834
2078.735
2079.636
2080.537
2081.438
2082.339
2083.24
2084.141
2085.042
2085.943
2086.844
2087.745
2088.646
2089.549
2089.753
2089.957
2090.161
2090.365
2090.569
2090.773
2090.977
2091.181
2091.385
2091.589
2091.793
2091.997
2092.201
2092.405
2092.609
2092.813
2093.017
2093.221
2093.425
2093.629
2093.979
2094.329
2094.679
2095.019
2095.359
2095.699
2096.039
2096.379
2096.719
2097.059
2097.399
2097.739
2098.079
2098.419
2098.759
2099.099
2099.439
2099.779
2100.119
2100.459
2100.799
2101.139
2101.48
2101.974
2102.468
2102.962
2103.456
2103.95
2104.444
2104.938
2105.432
2105.926
2106.42
2106.914
2107.408
2107.902
2108.396
2108.89
2109.384
2109.878
2110.372
2110.869
2111.297
2111.725
2112.153
2112.581
2113.009
2113.437
2113.865
2114.293
2114.721
2115.149
2115.577
2116.005
2116.433
2116.861
2117.289
2117.717
2118.145
2118.573
2119.001
2119.43
2119.815
2120.2
2120.585
2120.97
2121.355
2121.74
2122.125
2122.51
2122.895
2123.28
2123.665
2124.05
2124.435
2124.82
2125.205
2125.59
2125.975
2126.36
2126.745
2127.13
2127.623
2128.116
2128.609
2129.102
2129.595
2130.088
2130.581
2131.074
2131.567
2132.06
2132.553
2133.046
2133.539
2134.032
2134.529
2135.37
2136.211
2137.052
2137.893
2138.734
2139.575
2140.416
2141.257
2142.098
2142.939
2143.78
2144.621
2145.462
2146.303
2147.144
2147.985
2148.82
2149.309
2149.798
2150.287
2150.776
2151.265
2151.754
2152.243
2152.732
2153.221
2153.71
2154.199
2154.688
2155.177
2155.666
2156.155
2156.644
2157.133
2157.622
2158.111
2158.6
2159.079
2159.608
2160.137
2160.666
2161.195
2161.724
2162.253
2162.782
2163.311
2163.84
2164.369
2164.898
2165.427
2165.956
2166.485
2167.014
2167.543
2168.072
2168.6
2169.193
2169.786
2170.38
2170.928
2171.476
2172.024
2172.572
2173.12
2173.668
2174.216
2174.764
2175.312
2175.86
2176.408
2176.956
2177.504
2178.052
2178.6
2179.148
2179.696
2180.244
2180.792
2181.349
2182.34
2183.331
2184.322
2185.313
2186.304
2187.295
2188.286
2189.277
2190.268
2191.259
2192.25
2193.241
2194.232
2195.223
2196.214
2197.205
2198.196
2199.187
2200.178
2201.17
2202.583
2203.996
2205.409
2206.822
2208.235
2209.65
2210.011
2210.372
2210.733
2211.094
2211.455
2211.816
2212.177
2212.538
2212.899
2213.26
2213.621
2213.982
2214.343
2214.704
2215.065
2215.426
2215.787
2216.14
2216.493
2216.846
2217.199
2217.552
2217.905
2218.258
2218.611
2218.964
2219.317
2219.67
2220.023
2220.376
2220.729
2221.082
2221.435
2221.788
2222.14
2222.315
2222.49
2222.665
2222.84
2223.015
2223.19
2223.365
2223.54
2223.715
2223.89
2224.065
2224.24
2224.415
2224.59
2224.765
2224.94
2225.109
2225.467
2225.825
2226.183
2226.541
2226.899
2227.257
2227.615
2227.973
2228.331
2228.689
2229.047
2229.405
2229.763
2230.121
2230.479
2230.837
2231.195
2231.553
2231.911
2232.269
2232.63
2233.014
2233.398
2233.782
2234.166
2234.55
2234.934
2235.318
2235.702
2236.086
2236.47
2236.854
2237.24
2237.427
2237.614
2237.801
2237.988
2238.175
2238.362
2238.549
2238.736
2238.923
2239.11
2239.297
2239.484
2239.671
2239.858
2240.045
2240.232
2240.419
2240.606
2240.793
2240.98
2241.568
2242.156
2242.744
2243.332
2243.92
2244.508
2245.096
2245.684
2246.272
2246.86
2247.448
2248.036
2248.624
2249.212
2249.8
2250.388
2250.976
2251.564
2252.152
2252.74
2253.329
2253.629
2253.929
2254.229
2254.529
2254.829
2255.129
2255.429
2255.729
2256.029
2256.329
2256.629
2256.929
2257.229
2257.529
2257.829
2258.129
2258.429
2258.729
2259.03
2259.33
2259.63
2259.93
2260.23
2260.53
2260.83
2261.13
2261.43
2261.73
2262.03
2262.33
2262.63
2262.93
2263.23
2263.53
2263.83
2264.13
2264.38
2264.63
2264.88
2265.13
2265.371
2265.612
2265.853
2266.094
2266.335
2266.576
2266.817
2267.058
2267.299
2267.54
2267.781
2268.022
2268.263
2268.504
2268.745
2268.986
2269.227
2269.47
2269.98
2270.49
2271.0
2271.51
2272.02
2272.53
2273.04
2273.55
2274.06
2274.57
2275.08
2275.59
2276.1
2276.61
2277.12
2277.63
2278.14
2278.65
2279.16
2279.67
2279.939
2280.208
2280.477
2280.746
2281.015
2281.284
2281.553
2281.822
2282.091
2282.36
2282.629
2282.898
2283.167
2283.436
2283.705
2283.974
2284.243
2284.512
2284.781
2285.059
2285.728
2286.397
2287.066
2287.735
2288.404
2289.073
2289.742
2290.411
2291.08
2291.749
2292.418
2293.087
2293.756
2294.425
2295.094
2295.763
2296.44
2297.363
2298.286
2299.209
2300.132
2301.055
2301.978
2302.901
2303.824
2304.747
2305.67
2306.593
2307.516
2308.439
2309.362
2310.285
2311.208
2312.131
2313.06
2314.48
2315.9
2317.32
2318.74
2320.16
2321.58
2323.0
2324.42
2325.84
2327.26
2328.68
2330.1
2331.52
2332.94
2334.36
2335.78
2337.2
2338.304
2339.408
2340.512
2341.616
2342.72
2343.824
2344.928
2346.032
2347.136
2348.24
2349.344
2350.448
2351.552
2352.656
2353.76
2354.864
2355.968
2357.08
2358.08
2358.396
2358.712
2359.028
2359.344
2359.66
2359.976
2360.292
2360.608
2360.924
2361.24
2361.556
2361.872
2362.188
2362.504
2362.82
2363.136
2363.452
2363.768
2364.084
2364.4
2366.348
2368.296
2370.244
2372.192
2374.14
2376.088
2378.036
2379.984
2381.932
2383.88
2385.828
2387.776
2389.724
2391.672
2393.62
2395.568
2397.516
2399.46
2400.437
2401.414
2402.391
2403.368
2404.345
2405.322
2406.299
2407.276
2408.253
2409.23
2410.207
2411.184
2412.161
2413.138
2414.109
2414.692
2415.275
2415.858
2416.441
2417.024
2417.607
2418.19
2418.773
2419.356
2419.939
2420.522
2421.105
2421.688
2422.271
2422.854
2423.43
2424.079
2424.728
2425.377
2426.026
2426.675
2427.324
2427.973
2428.622
2429.271
2429.92
2430.569
2431.218
2431.867
2432.519
2433.115
2433.711
2434.307
2434.903
2435.499
2436.095
2436.691
2437.287
2437.883
2438.479
2439.075
2439.671
2440.267
2440.863
2441.459
2442.055
2442.65
2443.335
2444.02
2444.705
2445.39
2446.075
2446.76
2447.445
2448.13
2448.815
2449.5
2450.185
2450.87
2451.555
2452.24
2452.925
2453.61
2454.3
2455.3
2455.609
2455.918
2456.227
2456.536
2456.845
2457.154
2457.463
2457.772
2458.081
2458.39
2458.699
2459.008
2459.317
2459.626
2459.935
2460.244
2460.553
2460.862
2461.17
2461.787
2462.404
2463.021
2463.638
2464.255
2464.872
2465.489
2466.106
2466.723
2467.34
2467.957
2468.574
2469.191
2469.808
2470.425
2471.042
2471.659
2472.269
2472.823
2473.377
2473.931
2474.485
2475.039
2475.593
2476.147
2476.701
2477.255
2477.809
2478.363
2478.917
2479.471
2480.025
2480.579
2481.133
2481.687
2482.24
2482.743
2483.246
2483.749
2484.252
2484.755
2485.258
2485.761
2486.264
2486.767
2487.27
2487.773
2488.276
2488.779
2489.282
2489.785
2490.288
2490.791
2491.294
2491.797
2492.309
2493.143
2493.977
2494.811
2495.645
2496.479
2497.313
2498.147
2498.981
2499.815
2500.649
2501.483
2502.317
2503.151
2503.985
2504.819
2505.653
2506.487
2507.329
2507.697
2508.065
2508.433
2508.801
2509.169
2509.537
2509.905
2510.273
2510.641
2511.009
2511.377
2511.745
2512.113
2512.48
2513.163
2513.846
2514.529
2515.333
2516.137
2516.941
2517.745
2518.549
2519.353
2520.157
2520.961
2521.765
2522.569
2523.373
2524.177
2524.981
2525.785
2526.589
2527.393
2528.197
2529.001
2529.809
2530.277
2530.745
2531.213
2531.681
2532.149
2532.617
2533.085
2533.553
2534.021
2534.489
2534.957
2535.425
2535.893
2536.361
2536.829
2537.299
2537.749
2538.199
2538.649
2539.099
2539.549
2539.999
2540.449
2540.899
2541.349
2541.799
2542.249
2542.699
2543.149
2543.599
2544.049
2544.499
2544.949
2545.399
2545.849
2546.837
2547.825
2548.813
2549.801
2550.789
2551.777
2552.765
2553.753
2554.741
2555.729
2556.717
2557.705
2558.693
2559.681
2560.669
2561.657
2562.65
2563.083
2563.516
2563.949
2564.382
2564.815
2565.248
2565.681
2566.114
2566.547
2566.98
2567.413
2567.846
2568.279
2568.712
2569.145
2569.578
2570.009
2570.434
2570.859
2571.284
2571.709
2572.134
2572.559
2572.984
2573.409
2573.834
2574.259
2574.684
2575.11
2575.816
2576.522
2577.228
2577.934
2578.64
2579.346
2580.052
2580.758
2581.464
2582.17
2582.876
2583.582
2584.288
2585.0
2585.721
2586.442
2587.163
2587.884
2588.605
2589.326
2590.047
2590.768
2591.489
2592.21
2592.931
2593.652
2594.373
2595.094
2595.81
2596.038
2596.266
2596.494
2596.722
2596.95
2597.178
2597.406
2597.634
2597.862
2598.09
2598.318
2598.546
2598.774
2599.002
2599.23
2599.458
2599.69
2601.492
2603.294
2605.096
2606.898
2608.7
2610.502
2612.304
2614.106
2615.908
2617.71
2619.512
2621.314
2623.116
2624.918
2626.72
2628.522
2630.324
2632.119
2634.681
2637.243
2639.805
2642.367
2644.929
2647.491
2650.053
2652.615
2655.177
2657.739
2660.301
2662.859
2665.932
2669.005
2672.078
2675.15
2677.629
2680.108
2682.587
2685.066
2687.545
2690.024
2692.503
2694.982
2697.461
2699.94
2702.419
2704.898
2707.377
2709.856
2712.335
2714.814
2717.293
2719.772
2722.251
2724.73
2727.21
2730.14
2733.07
2736.0
2738.93
2741.86
2744.79
2747.72
2750.65
2753.58
2756.51
2759.44
2762.37
2765.3
2768.23
2771.16
2774.09
2777.02
2779.95
2782.88
2785.81
2788.74
2791.67
2794.589
2796.691
2798.793
2800.895
2802.997
2805.099
2807.201
2809.303
2811.405
2813.507
2815.609
2817.711
2819.813
2821.915
2824.017
2826.119
2828.221
2830.329
2837.059
2843.789
2844.256
2844.723
2845.19
2845.611
2846.032
2846.453
2846.874
2847.295
2847.716
2848.137
2848.558
2848.979
2849.4
2849.821
2850.242
2850.663
2851.084
2851.505
2851.926
2852.339
2854.035
2855.731
2857.427
2859.123
2860.819
2862.515
2864.211
2865.907
2867.603
2869.299
2870.995
2872.691
2874.387
2876.083
2877.779
2879.475
2881.171
2882.867
2884.559
2886.389
2888.219
2890.049
2891.879
2893.709
2895.539
2897.369
2899.199
2901.029
2902.859
2904.69
2906.879
2909.068
2911.257
2913.446
2915.635
2917.824
2920.013
2922.202
2924.391
2926.58
2928.769
2930.957
2933.146
2935.329
2936.055
2936.781
2937.507
2938.233
2938.959
2939.685
2940.411
2941.137
2941.863
2942.589
2943.315
2944.041
2944.767
2945.493
2946.22
2949.45
2952.68
2955.91
2959.14
2962.37
2965.6
2968.83
2972.06
2975.29
2978.52
2981.75
2984.98
2988.21
2991.44
2994.67
2997.9
3001.13
3004.359
3052.9
3243.855
3434.809
3443.812
3452.815
3461.819
3476.45
3490.349
3490.654
3490.959
3491.264
3491.569
3491.874
3492.179
3492.484
3492.789
3493.094
3493.399
3493.704
3494.009
3494.314
3494.619
3494.924
3495.23
3495.426
3495.622
3495.818
3496.014
3496.21
3496.406
3496.602
3496.798
3496.994
3497.19
3497.386
3497.582
3497.778
3497.974
3498.17
3498.366
3498.569
3498.569
3498.569
3498.569
3498.569
