72.39
72.712
73.034
73.356
73.678
74.0
74.322
74.644
74.966
75.288
75.61
75.932
76.254
76.576
76.898
77.22
77.54
77.778
78.016
78.254
78.492
78.73
78.968
79.206
79.444
79.681
79.918
80.156
80.394
80.632
80.87
81.108
81.34
81.586
81.832
82.078
82.324
82.57
82.816
83.062
83.308
83.554
83.8
84.046
84.292
84.538
84.784
85.03
85.276
85.522
85.768
86.01
86.262
86.514
86.766
87.018
87.27
87.522
87.774
88.026
88.278
88.53
88.782
89.034
89.29
89.593
89.896
90.199
90.502
90.805
91.108
91.411
91.714
92.017
92.32
92.623
92.926
93.229
93.532
93.835
94.138
94.441
94.74
95.02
95.3
95.58
95.86
96.14
96.42
96.7
96.98
97.26
97.54
97.82
98.1
98.38
98.66
98.94
99.22
99.5
99.781
100.01
100.239
100.468
100.697
100.926
101.155
101.384
101.613
101.842
102.071
102.3
102.529
102.758
102.987
103.216
103.445
103.68
104.019
104.358
104.697
105.036
105.375
105.714
106.053
106.392
106.731
107.07
107.409
107.748
108.087
108.426
108.765
109.104
109.443
109.78
110.41
111.04
111.67
112.3
112.93
113.56
113.899
114.238
114.577
114.916
115.255
115.594
115.933
116.272
116.611
116.95
117.289
117.628
117.967
118.306
118.645
118.984
119.32
119.577
119.834
120.091
120.348
120.605
120.862
121.119
121.376
121.633
121.89
122.147
122.404
122.661
122.918
123.175
123.432
123.689
123.95
124.346
124.742
125.138
125.534
125.93
126.326
126.722
127.118
127.514
127.91
128.306
128.702
129.098
129.494
129.89
130.286
130.682
131.078
131.48
131.688
131.896
132.104
132.312
132.52
132.728
132.936
133.144
133.352
133.56
133.896
134.232
134.568
134.904
135.24
135.576
135.912
136.248
136.584
136.92
137.256
137.592
137.928
138.264
138.6
138.936
139.27
139.629
139.987
140.345
140.703
141.061
141.419
141.778
142.136
142.494
142.852
143.21
143.569
143.927
144.285
144.643
145.001
145.359
145.718
146.076
146.44
146.845
147.25
147.655
148.06
148.465
148.87
149.275
149.68
150.085
150.49
150.895
151.3
151.705
152.11
152.515
152.92
153.32
153.576
153.832
154.088
154.344
154.6
154.856
155.112
155.368
155.624
155.88
156.136
156.392
156.648
156.904
157.16
157.416
157.67
158.021
158.372
158.723
159.074
159.425
159.776
160.127
160.478
160.829
161.18
161.729
162.278
162.827
163.376
163.925
164.474
165.023
165.572
166.121
166.67
167.219
167.768
168.317
168.866
169.42
169.67
169.92
170.17
170.42
170.67
170.92
171.17
171.42
171.67
171.92
172.17
172.42
172.67
172.92
173.17
173.42
173.67
174.07
174.47
174.87
175.27
175.67
176.323
176.976
177.629
178.282
178.935
179.588
180.241
180.894
181.547
182.2
182.853
183.506
184.16
185.372
186.584
187.796
189.008
190.22
191.432
192.644
193.856
195.068
196.28
197.492
198.704
199.91
200.571
201.232
201.893
202.554
203.215
203.876
204.537
205.198
205.859
206.52
207.181
207.842
208.503
209.164
209.825
210.486
211.15
211.793
212.436
213.079
213.722
214.365
215.008
215.651
216.294
216.937
217.58
218.223
218.866
219.51
219.96
220.41
220.86
221.31
221.76
222.21
222.66
223.11
223.56
224.01
224.46
224.91
225.36
225.81
226.26
226.71
227.16
227.61
228.06
228.519
229.099
229.679
230.259
230.839
231.419
231.999
232.579
233.159
233.739
234.319
234.899
235.479
236.059
236.639
237.219
237.799
238.379
239.271
240.163
241.055
241.947
242.839
243.731
244.623
245.515
246.407
247.299
248.191
249.083
249.975
250.867
251.76
252.024
252.288
252.552
252.816
253.08
253.344
253.608
253.872
254.136
254.4
254.664
254.928
255.192
255.456
255.72
255.984
256.25
256.728
257.206
257.684
258.162
258.64
259.511
260.382
261.253
262.124
262.995
263.866
264.737
265.608
266.479
267.35
268.221
269.092
269.963
270.834
271.705
272.576
273.447
274.32
274.739
275.158
275.577
275.996
276.415
276.834
277.253
277.672
278.091
278.51
278.929
279.348
279.767
280.186
280.605
281.024
281.443
281.86
282.656
283.452
284.248
285.044
285.84
286.636
287.432
288.228
289.024
289.82
290.616
291.412
292.208
293.004
293.8
294.59
294.901
295.212
295.523
295.834
296.145
296.456
296.767
297.078
297.389
297.7
298.011
298.322
298.633
298.944
299.255
299.56
300.495
301.43
302.365
303.3
303.609
303.918
304.227
304.536
304.845
305.154
305.463
305.772
306.081
306.39
306.699
307.008
307.317
307.626
307.935
308.24
308.652
309.064
309.476
309.888
310.3
310.712
311.124
311.536
311.948
312.36
312.772
313.184
313.596
314.008
314.42
314.832
315.244
315.65
315.918
316.186
316.454
316.722
316.99
317.258
317.526
317.794
318.062
318.33
318.598
318.866
319.134
319.402
319.67
319.94
320.294
320.648
321.002
321.356
321.71
322.064
322.418
322.772
323.126
323.48
323.834
324.188
324.542
324.9
325.517
326.134
326.751
327.368
327.985
328.602
329.219
329.836
330.453
331.07
331.687
332.304
332.921
333.538
334.159
334.41
334.661
334.912
335.163
335.414
335.665
335.916
336.167
336.418
336.669
336.92
337.171
337.422
337.673
337.924
338.175
338.426
338.677
338.92
339.176
339.432
339.688
339.944
340.2
340.456
340.712
340.968
341.224
341.48
341.736
341.992
342.248
342.504
342.76
343.129
343.498
343.867
344.236
344.605
344.974
345.343
345.712
346.081
346.45
346.819
347.188
347.557
347.926
348.295
348.664
349.033
349.402
349.771
350.14
350.509
350.87
351.167
351.464
351.761
352.058
352.355
352.652
352.949
353.246
353.543
353.84
354.137
354.434
354.731
355.028
355.325
355.622
355.919
356.21
356.833
357.456
358.079
358.702
359.325
359.948
360.571
361.194
361.817
362.44
363.063
363.686
364.309
364.932
365.555
366.178
366.801
367.424
368.047
368.669
369.033
369.397
369.761
370.125
370.489
370.853
371.217
371.581
371.945
372.309
372.673
373.037
373.401
373.765
374.129
374.493
374.857
375.221
375.585
375.94
376.369
376.798
377.227
377.656
378.085
378.514
378.943
379.372
379.801
380.23
380.659
381.088
381.517
381.946
382.375
382.81
383.159
383.508
383.857
384.206
384.555
384.904
385.253
385.602
385.951
386.3
386.649
386.998
387.347
387.696
388.045
388.394
388.743
389.092
389.45
389.847
390.244
390.641
391.038
391.435
391.832
392.229
392.626
393.023
393.42
393.817
394.214
394.611
395.008
395.405
395.802
396.199
396.589
397.89
398.458
399.026
399.594
400.162
400.73
401.298
401.866
402.434
403.002
403.57
404.138
404.706
405.274
405.842
406.41
406.978
407.546
408.12
409.115
410.111
411.106
412.101
413.096
414.091
415.087
416.082
417.077
418.072
419.067
420.062
421.058
422.053
423.048
424.043
425.038
426.034
427.029
428.03
428.613
429.196
429.779
430.362
430.945
431.528
432.111
432.694
433.277
433.86
434.443
435.026
435.609
436.192
436.775
437.358
437.941
438.52
438.887
439.254
439.621
439.988
440.355
440.722
441.089
441.456
441.823
442.19
442.557
442.924
443.291
443.658
444.025
444.392
444.76
445.098
445.436
445.774
446.112
446.45
446.788
447.126
447.464
447.802
448.14
448.478
448.816
449.154
449.492
449.83
450.168
450.506
450.839
451.328
451.817
452.306
452.795
453.284
453.773
454.262
454.751
455.24
455.729
456.218
456.707
457.196
457.685
458.174
458.663
459.152
459.649
459.938
460.226
460.514
460.803
461.091
461.38
461.654
461.928
462.202
462.476
462.75
463.024
463.298
463.572
463.846
464.12
464.394
464.668
464.942
465.216
465.49
465.764
466.038
466.31
466.734
467.158
467.582
468.006
468.43
468.854
469.278
469.702
470.126
470.55
470.974
471.398
471.822
472.246
472.67
473.094
473.518
473.94
474.802
475.664
476.526
477.388
478.25
479.112
479.974
480.836
481.698
482.56
483.422
484.284
485.146
486.008
486.87
487.732
488.594
489.45
489.766
490.082
490.398
490.714
491.03
491.346
491.662
491.978
492.294
492.61
492.926
493.242
493.558
493.874
494.19
494.506
494.822
495.13
495.385
495.64
495.895
496.15
496.405
496.66
496.915
497.17
497.425
497.68
497.935
498.19
498.445
498.7
498.96
499.204
499.448
499.692
499.936
500.18
500.424
500.668
500.912
501.156
501.4
501.644
501.888
502.132
502.376
502.62
502.864
503.108
503.352
503.589
503.868
504.147
504.426
504.705
504.984
505.263
505.542
505.821
506.101
506.38
506.659
506.938
507.217
507.496
507.775
508.054
508.333
508.62
509.446
510.272
511.098
511.924
512.75
513.576
514.402
515.228
516.054
516.88
517.706
518.532
519.358
520.184
521.01
521.83
522.199
522.568
522.937
523.306
523.675
524.044
524.413
524.782
525.151
525.52
525.889
526.258
526.627
526.996
527.365
527.734
528.103
528.472
528.839
529.265
529.691
530.117
530.543
530.969
531.395
531.821
532.247
532.673
533.099
533.525
533.95
534.539
535.128
535.717
536.306
536.895
537.484
538.073
538.662
539.251
539.84
540.429
541.018
541.607
542.196
542.785
543.374
543.959
544.606
545.253
545.9
546.547
547.194
547.841
548.488
549.135
549.782
550.429
551.076
551.723
552.37
553.017
553.664
554.311
554.95
555.228
555.506
555.784
556.062
556.34
556.618
556.896
557.174
557.452
557.73
558.008
558.286
558.564
558.842
559.12
559.398
559.676
559.95
560.421
560.892
561.363
561.834
562.305
562.776
563.247
563.718
564.189
564.66
565.131
565.602
566.073
566.544
567.015
567.486
567.957
568.43
568.97
569.51
570.05
570.59
571.13
571.818
572.506
573.194
573.882
574.57
575.258
575.946
576.634
577.322
578.01
578.698
579.386
580.074
580.762
581.45
582.138
582.826
583.514
584.202
584.89
585.149
585.408
585.667
585.926
586.185
586.444
586.703
586.962
587.221
587.48
587.739
587.998
588.257
588.516
588.775
589.034
589.293
589.552
589.811
590.07
590.329
590.588
590.84
591.821
592.802
593.783
594.764
595.745
596.726
597.707
598.688
599.669
600.65
601.631
602.612
603.593
604.574
605.555
606.536
607.517
608.498
609.479
610.46
611.45
611.922
612.394
612.866
613.338
613.81
614.282
614.754
615.226
615.698
616.17
616.642
617.114
617.586
618.058
618.53
619.002
619.474
619.946
620.418
620.89
621.649
622.408
623.167
623.926
624.685
625.444
626.203
626.962
627.721
628.48
629.239
629.998
630.757
631.516
632.275
633.034
633.793
634.56
640.063
645.566
651.07
651.372
651.674
651.976
652.278
652.58
652.882
653.184
653.486
653.788
654.09
654.392
654.694
654.996
655.298
655.6
655.902
656.2
656.571
656.942
657.313
657.684
658.055
658.426
658.797
659.168
659.539
659.91
660.281
660.652
661.023
661.394
661.76
662.284
662.808
663.332
663.856
664.38
664.904
665.428
665.952
666.476
667.0
667.524
668.048
668.57
668.946
669.322
669.698
670.074
670.45
670.826
671.202
671.578
671.954
672.33
672.706
673.082
673.458
673.834
674.21
674.58
675.036
675.492
675.948
676.404
676.86
677.316
677.772
678.228
678.684
679.14
679.596
680.052
680.508
680.964
681.42
681.876
682.332
682.78
683.106
683.432
683.758
684.084
684.41
684.736
685.062
685.388
685.714
686.04
686.366
686.692
687.018
687.34
687.84
688.34
689.002
689.664
690.326
690.988
691.65
692.312
692.974
693.636
694.298
694.96
695.622
696.284
696.946
697.608
698.27
698.932
699.594
700.25
700.682
701.114
701.546
701.978
702.41
702.842
703.274
703.706
704.138
704.57
705.002
705.434
705.866
706.298
706.73
707.162
707.59
707.961
708.332
708.702
709.072
709.442
709.812
710.183
710.553
710.923
711.293
711.663
712.034
712.404
712.774
713.144
713.514
713.885
714.255
714.625
715.0
715.535
716.07
716.605
717.14
717.675
718.21
718.745
719.28
719.815
720.35
720.885
721.42
721.955
722.49
723.025
723.56
724.095
724.63
725.165
725.7
726.24
726.785
727.33
727.875
728.42
728.965
729.51
730.055
730.6
731.145
731.69
732.235
732.78
733.325
733.87
734.415
734.96
735.51
736.413
737.316
738.219
739.122
740.025
740.928
741.831
742.734
743.637
744.54
745.443
746.346
747.249
748.152
749.055
749.96
750.282
750.604
750.926
751.248
751.57
751.892
752.214
752.536
752.857
753.178
753.5
753.822
754.144
754.466
754.788
755.11
755.432
755.754
756.076
756.39
756.692
756.994
757.296
757.598
757.9
758.202
758.504
758.806
759.108
759.41
759.712
760.014
760.316
760.618
760.92
761.222
761.524
761.826
762.128
762.431
762.765
763.099
763.433
763.767
764.101
764.435
764.769
765.103
765.437
765.771
766.105
766.439
766.773
767.107
767.441
767.775
768.109
768.443
768.777
769.111
769.44
769.846
770.252
770.658
771.064
771.47
771.876
772.282
772.688
773.094
773.5
773.906
774.312
774.718
775.124
775.53
775.94
776.724
777.508
778.292
779.076
779.86
780.644
781.428
782.212
782.996
783.78
784.564
785.348
786.132
786.916
787.7
788.49
789.139
789.788
790.437
791.086
791.735
792.384
793.033
793.682
794.331
794.98
795.629
796.278
796.927
797.576
798.225
798.874
799.523
800.172
800.821
801.47
802.119
802.77
803.105
803.44
803.775
804.11
804.445
804.78
805.115
805.45
805.785
806.12
806.455
806.79
807.125
807.46
807.795
808.13
808.465
808.8
809.879
810.958
812.037
813.116
814.195
815.274
816.35
817.296
818.242
819.188
820.134
821.08
822.026
822.972
823.918
824.864
825.81
826.756
827.702
828.648
829.594
830.54
831.481
832.027
832.573
833.119
833.665
834.211
834.757
835.303
835.849
836.395
836.941
837.487
838.033
838.579
839.125
839.67
839.964
840.258
840.552
840.846
841.14
841.434
841.728
842.022
842.316
842.61
842.904
843.198
843.492
843.786
844.08
844.374
844.668
844.962
845.25
845.622
845.995
846.368
846.741
847.113
847.486
847.859
848.232
848.604
848.976
849.349
849.722
850.094
850.466
850.839
851.212
851.584
851.957
852.33
852.7
855.25
857.8
858.537
859.274
860.011
860.748
861.485
862.222
862.959
863.696
864.433
865.17
865.907
866.644
867.381
868.118
868.855
869.592
870.329
871.06
871.681
872.302
872.923
873.544
874.165
874.786
875.407
876.028
876.649
877.27
877.891
878.512
879.133
879.754
880.375
880.996
881.617
882.238
882.85
883.397
883.944
884.491
885.038
885.585
886.132
886.679
887.226
887.773
888.32
888.867
889.414
889.961
890.508
891.055
891.602
892.149
892.69
893.182
893.674
894.166
894.658
895.15
895.642
896.134
896.626
897.118
897.61
898.102
898.594
899.086
899.578
900.07
900.562
901.054
901.55
902.042
902.534
903.026
903.518
904.01
904.502
904.994
905.486
905.978
906.47
906.962
907.454
907.946
908.438
908.93
909.422
909.914
910.406
910.89
911.286
911.682
912.078
912.474
912.87
913.266
913.662
914.058
914.454
914.85
915.384
915.918
916.452
916.986
917.52
918.054
918.588
919.122
919.656
920.19
920.724
921.258
921.792
922.326
922.86
923.394
923.93
924.582
925.234
925.886
926.538
927.19
927.842
928.494
929.146
929.798
930.45
931.102
931.754
932.406
933.058
933.71
934.362
935.014
935.66
936.08
936.5
936.92
937.34
937.76
938.18
938.6
939.02
939.44
939.86
940.28
940.7
941.12
941.54
941.96
942.38
942.8
943.22
943.64
944.06
944.48
944.9
945.368
945.836
946.304
946.772
947.24
947.708
948.176
948.644
949.112
949.58
950.048
950.516
950.984
951.452
951.92
952.388
952.86
953.788
954.716
955.644
956.572
957.5
958.428
959.356
960.284
961.212
962.14
963.068
963.996
964.924
965.852
966.78
967.708
968.64
972.825
977.01
977.463
977.916
978.369
978.822
979.275
979.728
980.181
980.634
981.087
981.54
981.993
982.446
982.899
983.352
983.805
984.258
984.711
985.164
985.62
986.715
987.81
988.905
990.0
991.095
992.19
993.285
994.38
995.475
996.57
997.665
998.76
999.855
1000.95
1002.045
1003.14
1004.235
1005.33
1006.42
1006.884
1007.348
1007.812
1008.276
1008.74
1009.204
1009.668
1010.132
1010.596
1011.06
1011.524
1011.988
1012.452
1012.916
1013.38
1013.844
1014.308
1014.772
1015.241
1016.601
1017.961
1019.321
1020.681
1022.041
1023.401
1024.761
1026.121
1027.48
1027.725
1027.97
1028.215
1028.46
1028.705
1028.95
1029.195
1029.44
1029.685
1029.93
1030.175
1030.42
1030.665
1030.91
1031.155
1031.4
1031.645
1031.89
1032.14
1032.35
1032.56
1032.77
1032.98
1033.19
1033.4
1033.61
1034.227
1034.844
1035.461
1036.078
1036.695
1037.312
1037.929
1038.546
1039.163
1039.78
1040.397
1041.014
1041.631
1042.248
1042.865
1043.482
1044.1
1044.382
1044.664
1044.946
1045.228
1045.51
1045.792
1046.074
1046.356
1046.638
1046.92
1047.202
1047.484
1047.766
1048.048
1048.33
1048.612
1048.894
1049.176
1049.458
1049.74
1050.36
1050.98
1051.6
1052.22
1052.84
1053.46
1054.08
1054.7
1055.32
1055.94
1056.56
1057.18
1057.8
1058.42
1059.04
1059.66
1060.28
1060.9
1061.52
1062.14
1062.76
1063.421
1064.082
1064.743
1065.404
1066.065
1066.726
1067.387
1068.048
1068.709
1069.37
1070.031
1070.692
1071.353
1072.014
1072.675
1073.336
1073.99
1074.367
1074.744
1075.121
1075.498
1075.875
1076.252
1076.629
1077.006
1077.383
1077.76
1078.137
1078.514
1078.891
1079.268
1079.645
1080.022
1080.399
1080.776
1081.153
1081.53
1081.9
1082.269
1082.638
1083.007
1083.376
1083.745
1084.114
1084.483
1084.852
1085.221
1085.59
1085.959
1086.328
1086.697
1087.066
1087.435
1087.804
1088.173
1088.542
1088.911
1089.289
1089.843
1090.397
1090.951
1091.505
1092.059
1092.613
1093.167
1093.721
1094.275
1094.829
1095.383
1095.937
1096.491
1097.045
1097.599
1098.153
1098.707
1099.261
1099.815
1100.369
1100.92
1101.385
1101.85
1102.315
1102.78
1103.245
1103.71
1104.175
1104.64
1105.105
1105.57
1106.035
1106.5
1106.965
1107.43
1107.895
1108.36
1108.83
1109.818
1110.806
1111.794
1112.782
1113.77
1114.758
1115.746
1116.734
1117.722
1118.71
1119.698
1120.686
1121.674
1122.662
1123.65
1124.638
1125.626
1126.61
1127.006
1127.402
1127.798
1128.194
1128.59
1128.986
1129.382
1129.778
1130.174
1130.57
1130.966
1131.362
1131.758
1132.154
1132.55
1132.946
1133.342
1133.738
1134.134
1134.53
1134.93
1135.43
1135.93
1136.332
1136.734
1137.136
1137.538
1137.94
1138.342
1138.744
1139.146
1139.548
1139.95
1140.352
1140.754
1141.156
1141.558
1141.96
1142.362
1142.764
1143.166
1143.559
1144.063
1144.567
1145.071
1145.575
1146.079
1146.583
1147.087
1147.591
1148.095
1148.599
1149.103
1149.607
1150.111
1150.615
1151.119
1151.623
1152.13
1152.372
1152.614
1152.856
1153.098
1153.34
1153.582
1153.824
1154.066
1154.308
1154.55
1154.792
1155.034
1155.276
1155.518
1155.76
1156.002
1156.244
1156.486
1156.73
1156.976
1157.223
1157.469
1157.716
1157.962
1158.208
1158.455
1158.701
1158.947
1159.193
1159.439
1159.686
1159.932
1160.178
1160.425
1160.671
1160.918
1161.164
1161.41
1161.66
1162.105
1162.55
1162.995
1163.44
1163.885
1164.33
1164.775
1165.22
1165.665
1166.11
1166.555
1167.0
1167.445
1167.89
1168.335
1168.78
1169.225
1169.67
1170.11
1170.394
1170.678
1170.962
1171.246
1171.53
1171.814
1172.098
1172.382
1172.666
1172.95
1173.234
1173.518
1173.802
1174.086
1174.37
1174.654
1174.938
1175.222
1175.5
1175.759
1176.018
1176.277
1176.536
1176.795
1177.054
1177.313
1177.572
1177.831
1178.09
1178.349
1178.608
1178.867
1179.13
1179.691
1180.252
1180.813
1181.374
1181.935
1182.496
1183.057
1183.618
1184.179
1184.74
1185.301
1185.862
1186.423
1186.984
1187.545
1188.106
1188.667
1189.228
1189.789
1190.35
1190.91
1191.332
1191.755
1192.178
1192.601
1193.024
1193.446
1193.868
1194.29
1194.712
1195.134
1195.556
1195.978
1196.4
1196.822
1197.244
1197.666
1198.088
1198.51
1198.932
1199.36
1199.671
1199.982
1200.293
1200.604
1200.915
1201.226
1201.537
1201.848
1202.159
1202.47
1202.781
1203.092
1203.403
1203.714
1204.025
1204.336
1204.647
1204.958
1205.27
1205.976
1206.682
1207.388
1208.094
1208.8
1209.506
1210.212
1210.918
1211.624
1212.33
1213.036
1213.742
1214.45
1214.736
1215.022
1215.308
1215.594
1215.881
1216.147
1216.413
1216.679
1216.945
1217.211
1217.477
1217.743
1218.009
1218.275
1218.541
1218.807
1219.073
1219.339
1219.605
1219.871
1220.137
1220.403
1220.669
1220.935
1221.21
1221.466
1221.722
1221.978
1222.234
1222.49
1222.746
1223.002
1223.258
1223.514
1223.77
1224.026
1224.282
1224.538
1224.794
1225.05
1225.306
1225.562
1225.818
1226.074
1226.33
1226.586
1226.84
1227.249
1227.658
1228.067
1228.476
1228.885
1229.294
1229.703
1230.112
1230.521
1230.93
1231.339
1231.748
1232.157
1232.566
1232.975
1233.384
1233.793
1234.202
1234.62
1234.882
1235.144
1235.406
1235.668
1235.93
1236.192
1236.454
1236.716
1236.978
1237.24
1237.502
1237.764
1238.026
1238.288
1238.55
1238.812
1239.074
1239.336
1239.6
1239.854
1240.108
1240.362
1240.616
1240.87
1241.124
1241.378
1241.632
1241.886
1242.14
1242.394
1242.648
1242.902
1243.156
1243.41
1243.664
1243.918
1244.172
1244.43
1244.999
1245.568
1246.137
1246.706
1247.275
1247.844
1248.413
1248.982
1249.551
1250.12
1250.689
1251.258
1251.827
1252.396
1252.965
1253.534
1254.1
1254.428
1254.756
1255.084
1255.412
1255.74
1256.063
1256.386
1256.709
1257.032
1257.355
1257.678
1258.001
1258.324
1258.647
1258.97
1259.293
1259.616
1259.939
1260.262
1260.585
1260.908
1261.231
1261.554
1261.877
1262.201
1262.59
1262.979
1263.368
1263.757
1264.146
1264.535
1264.924
1265.313
1265.702
1266.091
1266.48
1266.869
1267.258
1267.647
1268.036
1268.425
1268.814
1269.203
1269.592
1269.98
1271.219
1272.458
1273.697
1274.936
1276.175
1277.414
1278.653
1279.892
1281.131
1282.37
1283.609
1284.848
1286.087
1287.326
1288.565
1289.804
1291.043
1292.29
1292.592
1292.894
1293.196
1293.498
1293.8
1294.102
1294.404
1294.706
1295.008
1295.31
1295.612
1295.914
1296.216
1296.518
1296.82
1297.122
1297.424
1297.726
1298.028
1298.33
1298.64
1298.992
1299.344
1299.696
1300.048
1300.4
1300.752
1301.104
1301.456
1301.808
1302.16
1302.512
1302.864
1303.216
1303.568
1303.92
1304.272
1304.624
1304.976
1305.33
1305.536
1305.742
1305.948
1306.154
1306.36
1306.566
1306.772
1306.978
1307.184
1307.39
1307.596
1307.802
1308.008
1308.214
1308.42
1308.626
1308.83
1309.109
1309.388
1309.667
1309.946
1310.225
1310.504
1310.783
1311.059
1311.444
1311.829
1312.214
1312.599
1312.984
1313.369
1313.754
1314.139
1314.524
1314.909
1315.294
1315.679
1316.064
1316.449
1316.834
1317.219
1317.604
1317.989
1318.371
1318.879
1319.387
1319.895
1320.403
1320.911
1321.419
1321.927
1322.435
1322.943
1323.451
1323.959
1324.467
1324.975
1325.483
1325.991
1326.499
1327.007
1327.515
1328.023
1328.53
1328.865
1329.2
1329.535
1329.87
1330.205
1330.54
1330.875
1331.21
1331.545
1331.88
1332.215
1332.55
1332.885
1333.22
1333.555
1333.89
1334.389
1334.888
1335.387
1335.886
1336.385
1336.884
1337.383
1337.882
1338.381
1338.88
1339.379
1339.878
1340.377
1340.876
1341.375
1341.874
1342.373
1342.872
1343.371
1343.871
1344.404
1344.937
1345.47
1346.003
1346.536
1347.069
1347.602
1348.135
1348.668
1349.201
1349.734
1350.267
1350.8
1351.333
1351.866
1352.399
1352.932
1353.465
1353.998
1354.531
1355.064
1355.6
1356.209
1356.819
1357.428
1358.038
1358.648
1359.257
1359.867
1360.476
1361.086
1361.696
1362.305
1362.915
1363.524
1364.133
1364.743
1365.352
1365.962
1366.572
1367.181
1367.79
1368.499
1369.208
1369.917
1370.626
1371.335
1372.044
1372.753
1373.462
1374.171
1374.88
1375.589
1376.298
1377.007
1377.716
1378.425
1379.134
1379.843
1380.552
1381.27
1381.582
1381.895
1382.207
1382.52
1382.832
1383.145
1383.457
1383.77
1384.082
1384.395
1384.707
1385.02
1385.332
1385.645
1385.957
1386.27
1386.582
1386.895
1387.207
1387.52
1387.766
1388.012
1388.258
1388.504
1388.75
1388.996
1389.242
1389.488
1389.734
1389.98
1390.226
1390.472
1390.718
1390.964
1391.21
1391.456
1391.702
1391.948
1392.194
1392.44
1393.417
1394.394
1395.371
1396.348
1397.325
1398.302
1399.279
1400.256
1401.233
1402.21
1403.187
1404.164
1405.141
1406.118
1407.09
1407.74
1408.39
1409.04
1409.69
1410.34
1410.99
1411.64
1412.29
1412.94
1413.59
1414.24
1414.89
1415.54
1416.19
1416.84
1417.49
1420.09
1420.649
1421.208
1421.767
1422.326
1422.885
1423.444
1424.003
1424.562
1425.121
1425.68
1426.239
1426.798
1427.357
1427.916
1428.47
1429.336
1430.202
1431.068
1431.934
1432.8
1433.666
1434.532
1435.398
1436.264
1437.13
1437.996
1438.862
1439.728
1440.594
1441.46
1442.33
1442.624
1442.918
1443.212
1443.506
1443.8
1444.094
1444.388
1444.682
1444.976
1445.27
1445.564
1445.858
1446.152
1446.446
1446.74
1447.034
1447.328
1447.622
1447.916
1448.21
1448.683
1449.156
1449.629
1450.102
1450.575
1451.048
1451.521
1451.994
1452.467
1452.94
1453.413
1453.886
1454.359
1454.832
1455.305
1455.778
1456.25
1456.555
1456.86
1457.165
1457.47
1457.775
1458.08
1458.385
1458.69
1458.995
1459.3
1459.61
1460.074
1460.538
1461.002
1461.466
1461.93
1462.394
1462.858
1463.322
1463.786
1464.25
1464.714
1465.178
1465.642
1466.106
1466.57
1467.034
1467.5
1467.968
1468.436
1468.904
1469.372
1469.84
1470.308
1470.776
1471.244
1471.712
1472.18
1472.648
1473.116
1473.584
1474.052
1474.52
1474.988
1475.46
1475.962
1476.464
1476.966
1477.468
1477.97
1478.472
1478.974
1479.476
1479.978
1480.48
1480.982
1481.484
1481.986
1482.488
1482.99
1483.492
1483.994
1484.5
1485.164
1485.828
1486.492
1487.156
1487.82
1488.484
1489.148
1489.812
1490.476
1491.14
1491.804
1492.468
1493.132
1493.796
1494.46
1495.12
1495.691
1496.262
1496.833
1497.404
1497.975
1498.546
1499.117
1499.688
1500.259
1500.83
1501.401
1501.972
1502.543
1503.11
1503.556
1504.002
1504.448
1504.894
1505.34
1505.786
1506.232
1506.678
1507.124
1507.57
1508.016
1508.462
1508.908
1509.354
1509.8
1510.246
1510.692
1511.138
1511.59
1511.924
1512.258
1512.592
1512.926
1513.26
1513.594
1513.928
1514.262
1514.596
1514.93
1515.264
1515.598
1515.932
1516.266
1516.6
1516.934
1517.26
1517.806
1518.352
1518.898
1519.444
1519.99
1520.536
1521.082
1521.628
1522.174
1522.72
1523.266
1523.812
1524.358
1524.904
1525.45
1525.996
1526.542
1527.08
1527.598
1528.116
1528.634
1529.152
1529.67
1530.188
1530.706
1531.224
1531.742
1532.26
1532.778
1533.296
1533.814
1534.332
1534.85
1535.368
1535.886
1536.41
1536.696
1536.982
1537.268
1537.554
1537.84
1538.126
1538.412
1538.698
1538.984
1539.27
1539.556
1539.842
1540.128
1540.414
1540.7
1540.98
1541.234
1541.488
1541.742
1541.996
1542.25
1542.504
1542.758
1543.012
1543.266
1543.52
1543.774
1544.028
1544.282
1544.536
1544.79
1545.044
1545.298
1545.552
1545.806
1546.06
1546.314
1546.568
1546.822
1547.07
1547.679
1548.288
1548.897
1549.506
1550.115
1550.724
1551.333
1551.94
1552.605
1553.27
1553.935
1554.6
1555.265
1555.93
1556.595
1557.26
1557.925
1558.59
1559.255
1559.92
1560.585
1561.25
1561.915
1562.58
1563.245
1563.91
1564.58
1564.849
1565.118
1565.387
1565.656
1565.925
1566.194
1566.463
1566.732
1567.001
1567.27
1567.539
1567.808
1568.077
1568.346
1568.615
1568.88
1569.252
1569.624
1569.996
1570.368
1570.74
1571.112
1571.484
1571.856
1572.228
1572.6
1572.972
1573.344
1573.716
1574.088
1574.46
1574.832
1575.204
1575.576
1575.948
1576.32
1576.82
1577.32
1578.344
1579.368
1580.392
1581.416
1582.44
1583.464
1584.488
1585.512
1586.536
1587.56
1588.584
1589.608
1590.632
1591.656
1592.68
1593.704
1594.728
1595.752
1596.776
1597.8
1598.83
1599.271
1599.712
1600.153
1600.594
1601.035
1601.476
1601.918
1602.359
1602.8
1603.241
1603.682
1604.123
1604.564
1605.005
1605.447
1605.888
1606.329
1606.77
1607.211
1607.66
1608.124
1608.588
1609.052
1609.516
1609.98
1610.444
1610.908
1611.372
1611.836
1612.3
1612.764
1613.228
1613.692
1614.156
1614.62
1615.09
1615.817
1616.544
1617.271
1617.998
1618.725
1619.452
1620.179
1620.906
1621.633
1622.36
1623.087
1623.814
1624.541
1625.268
1625.995
1626.722
1627.449
1628.17
1628.471
1628.772
1629.073
1629.374
1629.675
1629.976
1630.277
1630.578
1630.879
1631.18
1631.481
1631.782
1632.083
1632.384
1632.685
1632.986
1633.287
1633.588
1633.889
1634.19
1634.49
1634.921
1635.352
1635.783
1636.214
1636.645
1637.076
1637.507
1637.938
1638.369
1638.8
1639.231
1639.662
1640.093
1640.524
1640.955
1641.386
1641.817
1642.25
1642.724
1643.198
1643.672
1644.146
1644.62
1645.094
1645.568
1646.042
1646.516
1646.99
1647.46
1647.731
1648.002
1648.273
1648.544
1648.815
1649.086
1649.357
1649.628
1649.899
1650.17
1650.441
1650.712
1650.983
1651.254
1651.525
1651.796
1652.067
1652.338
1652.61
1653.057
1653.504
1653.951
1654.398
1654.845
1655.292
1655.739
1656.186
1656.633
1657.08
1657.527
1657.974
1658.421
1658.868
1659.315
1659.762
1660.209
1660.65
1661.111
1661.572
1662.033
1662.494
1662.955
1663.416
1663.877
1664.338
1664.799
1665.26
1665.721
1666.182
1666.643
1667.104
1667.565
1668.026
1668.487
1668.948
1669.41
1670.063
1670.716
1671.369
1672.022
1672.675
1673.328
1673.981
1674.634
1675.287
1675.94
1676.593
1677.246
1677.899
1678.552
1679.205
1679.858
1680.511
1681.164
1681.817
1682.48
1683.428
1684.376
1685.324
1686.272
1687.22
1688.168
1689.116
1690.064
1691.012
1691.96
1692.908
1693.856
1694.804
1695.752
1696.7
1697.648
1698.596
1699.54
1700.295
1701.05
1701.805
1702.56
1703.315
1704.07
1704.825
1705.58
1706.335
1707.09
1707.85
1708.941
1710.032
1711.123
1712.214
1713.305
1714.396
1715.487
1716.578
1717.669
1718.76
1719.851
1720.942
1722.033
1723.124
1724.215
1725.306
1726.397
1727.48
1727.751
1728.022
1728.293
1728.564
1728.835
1729.106
1729.377
1729.648
1729.919
1730.19
1730.461
1730.732
1731.003
1731.274
1731.545
1731.816
1732.087
1732.358
1732.63
1733.107
1733.584
1734.061
1734.538
1735.015
1735.492
1735.969
1736.446
1736.919
1737.636
1738.353
1739.07
1739.787
1740.504
1741.221
1741.938
1742.655
1743.372
1744.089
1744.806
1745.523
1746.24
1746.957
1747.674
1748.391
1749.108
1749.825
1750.54
1751.649
1752.758
1753.867
1754.976
1756.085
1757.194
1758.303
1759.412
1760.521
1761.63
1762.739
1763.848
1764.957
1766.066
1767.175
1768.284
1769.393
1770.502
1771.611
1772.72
1773.034
1773.349
1773.663
1773.977
1774.292
1774.606
1774.92
1775.235
1775.549
1775.863
1776.178
1776.493
1776.807
1777.121
1777.436
1777.75
1778.064
1778.379
1778.693
1779.01
1779.893
1780.776
1781.659
1782.542
1783.425
1784.308
1785.191
1786.074
1786.957
1787.84
1788.723
1789.61
1790.395
1791.18
1791.965
1792.75
1793.535
1794.32
1795.105
1795.89
1796.675
1797.46
1798.245
1799.03
1799.815
1800.6
1801.385
1802.17
1802.955
1803.74
1804.53
1804.986
1805.442
1805.898
1806.354
1806.81
1807.266
1807.722
1808.178
1808.634
1809.09
1809.546
1810.002
1810.458
1810.914
1811.37
1811.826
1812.282
1812.738
1813.19
1813.514
1813.838
1814.162
1814.486
1814.81
1815.134
1815.458
1815.782
1816.106
1816.43
1816.754
1817.078
1817.402
1817.726
1818.05
1818.374
1818.698
1819.03
1819.438
1819.846
1820.254
1820.662
1821.07
1821.478
1821.886
1822.294
1822.702
1823.11
1823.518
1823.926
1824.334
1824.742
1825.15
1825.737
1826.324
1826.911
1827.498
1828.085
1828.672
1829.259
1829.846
1830.433
1831.02
1831.607
1832.194
1832.781
1833.368
1833.955
1834.542
1835.129
1835.716
1836.303
1836.89
1837.47
1838.71
1839.185
1839.66
1840.135
1840.61
1841.085
1841.56
1842.035
1842.51
1842.985
1843.46
1843.935
1844.41
1844.885
1845.36
1845.835
1846.31
1846.785
1847.26
1847.735
1848.21
1848.678
1849.146
1849.614
1850.082
1850.55
1851.018
1851.486
1851.954
1852.422
1852.89
1853.358
1853.826
1854.294
1854.762
1855.23
1855.698
1856.166
1856.634
1857.102
1857.57
1858.039
1858.62
1859.201
1859.782
1860.363
1860.944
1861.525
1862.106
1862.687
1863.268
1863.849
1864.43
1865.011
1865.592
1866.173
1866.754
1867.335
1867.91
1869.708
1871.506
1873.304
1875.102
1876.9
1878.698
1880.496
1882.294
1884.092
1885.89
1887.688
1889.486
1891.284
1893.082
1894.88
1896.678
1898.476
1900.28
1901.162
1902.044
1902.926
1903.808
1904.69
1905.572
1906.454
1907.336
1908.218
1909.1
1909.982
1910.864
1911.746
1912.628
1913.51
1914.392
1915.28
1915.613
1915.947
1916.28
1916.613
1916.947
1917.28
1917.613
1917.947
1918.28
1918.613
1918.947
1919.28
1919.613
1919.947
1920.28
1920.613
1920.947
1921.28
1921.613
1921.95
1922.419
1922.888
1923.357
1923.826
1924.295
1924.764
1925.23
1926.368
1927.506
1928.644
1929.782
1930.92
1932.058
1933.196
1934.334
1935.472
1936.61
1937.748
1938.886
1940.024
1941.162
1942.3
1943.438
1944.576
1945.714
1946.85
1948.235
1949.62
1951.005
1952.39
1953.775
1955.16
1956.545
1957.93
1959.315
1960.7
1962.085
1963.47
1964.855
1966.24
1967.625
1969.01
1970.395
1971.78
1973.169
1974.209
1975.249
1976.289
1977.329
1978.369
1979.409
1980.449
1981.489
1982.529
1983.569
1984.609
1985.649
1986.688
1987.728
1988.768
1989.808
1990.848
1991.88
1992.293
1992.705
1993.117
1993.529
1993.941
1994.353
1994.765
1995.178
1995.591
1996.003
1996.415
1996.827
1997.239
1997.651
1998.063
1998.48
1999.059
1999.638
2000.217
2000.796
2001.375
2001.954
2002.533
2003.112
2003.691
2004.27
2004.849
2005.428
2006.007
2006.586
2007.165
2007.744
2008.323
2008.902
2009.48
2010.369
2011.258
2012.147
2013.036
2013.925
2014.814
2015.703
2016.592
2017.481
2018.37
2019.259
2020.148
2021.037
2021.926
2022.815
2023.704
2024.593
2025.482
2026.371
2027.26
2028.15
2028.898
2029.646
2030.394
2031.142
2031.89
2032.638
2033.386
2034.134
2034.882
2035.63
2036.378
2037.126
2037.874
2038.622
2039.37
2040.118
2040.866
2041.614
2042.362
2043.11
2043.332
2043.554
2043.776
2043.998
2044.22
2044.442
2044.664
2044.886
2045.108
2045.33
2045.552
2045.774
2045.996
2046.218
2046.44
2046.662
2046.884
2047.1
2047.965
2048.83
2049.695
2050.56
2051.425
2052.29
2053.155
2054.02
2054.885
2055.75
2056.615
2057.48
2058.345
2059.21
2060.075
2060.94
2061.805
2062.67
2063.535
2064.409
2065.124
2065.839
2066.084
2066.329
2066.574
2066.819
2067.064
2067.309
2067.554
2067.799
2068.044
2068.289
2068.534
2068.779
2069.024
2069.269
2069.514
2069.759
2070.004
2070.249
2070.491
2070.767
2071.043
2071.319
2071.595
2071.87
2072.146
2072.422
2072.698
2072.974
2073.25
2073.526
2073.802
2074.078
2074.354
2074.63
2074.906
2075.182
2075.45
2075.806
2076.162
2076.518
2076.874
2077.23
2077.586
2077.942
2078.298
2078.654
2079.01
2079.366
2079.722
2080.078
2080.434
2080.79
2081.146
2081.51
2082.887
2084.264
2085.641
2087.018
2088.395
2089.77
2089.987
2090.204
2090.421
2090.638
2090.855
2091.072
2091.289
2091.506
2091.723
2091.94
2092.157
2092.374
2092.591
2092.808
2093.025
2093.242
2093.459
2093.669
2093.91
2094.151
2094.392
2094.633
2094.874
2095.115
2095.356
2095.597
2095.838
2096.079
2096.32
2096.561
2096.802
2097.043
2097.284
2097.525
2097.766
2098.007
2098.248
2098.489
2098.74
2098.972
2099.204
2099.436
2099.668
2099.9
2100.132
2100.364
2100.596
2100.828
2101.06
2101.292
2101.524
2101.756
2101.988
2102.22
2102.452
2102.684
2102.916
2103.148
2103.38
2103.609
2104.035
2104.461
2104.887
2105.313
2105.739
2106.165
2106.591
2107.017
2107.443
2107.869
2108.295
2108.721
2109.147
2109.573
2109.999
2110.425
2110.851
2111.277
2111.703
2112.129
2112.555
2112.99
2113.322
2113.654
2113.986
2114.318
2114.65
2114.982
2115.314
2115.646
2115.978
2116.31
2116.642
2116.974
2117.306
2117.638
2117.97
2118.302
2118.634
2118.966
2119.298
2119.63
2121.0
2121.644
2122.288
2122.932
2123.576
2124.22
2124.864
2125.508
2126.152
2126.796
2127.44
2128.084
2128.728
2129.372
2130.016
2130.66
2131.304
2131.948
2132.592
2133.229
2133.716
2134.203
2134.69
2135.177
2135.664
2136.151
2136.638
2137.125
2137.612
2138.099
2138.586
2139.073
2139.56
2140.047
2140.534
2141.021
2141.508
2141.995
2142.482
2142.969
2143.367
2143.765
2144.163
2144.561
2144.959
2145.357
2145.755
2146.153
2146.551
2146.949
2147.347
2147.745
2148.143
2148.541
2148.939
2149.337
2149.735
2150.133
2150.529
2150.772
2151.015
2151.258
2151.501
2151.744
2151.987
2152.23
2152.473
2152.716
2152.959
2153.202
2153.445
2153.688
2153.931
2154.174
2154.417
2154.66
2154.903
2155.146
2155.389
2155.63
2155.996
2156.362
2156.728
2157.094
2157.46
2157.826
2158.192
2158.558
2158.924
2159.29
2159.656
2160.022
2160.388
2160.754
2161.12
2161.486
2161.852
2162.218
2162.589
2162.862
2163.135
2163.408
2163.681
2163.954
2164.227
2164.5
2164.773
2165.046
2165.319
2165.592
2165.865
2166.138
2166.411
2166.684
2166.957
2167.23
2167.509
2167.862
2168.215
2168.568
2168.92
2169.402
2169.884
2170.366
2170.848
2171.33
2171.812
2172.294
2172.776
2173.258
2173.74
2174.222
2174.704
2175.186
2175.668
2176.15
2176.632
2177.119
2177.587
2178.055
2178.523
2178.991
2179.459
2179.927
2180.395
2180.863
2181.331
2181.799
2182.267
2182.735
2183.203
2183.671
2184.139
2184.607
2185.075
2185.539
2185.815
2186.091
2186.367
2186.643
2186.919
2187.195
2187.471
2187.747
2188.023
2188.299
2188.575
2188.851
2189.127
2189.403
2189.679
2189.955
2190.231
2190.507
2190.789
2191.041
2191.293
2191.545
2191.797
2192.049
2192.301
2192.553
2192.805
2193.057
2193.309
2193.561
2193.813
2194.065
2194.317
2194.569
2194.821
2195.073
2195.325
2195.569
2199.709
2203.849
2204.402
2204.955
2205.508
2206.061
2206.614
2207.167
2207.72
2208.273
2208.826
2209.379
2209.932
2210.485
2211.038
2211.591
2212.144
2212.697
2213.249
2213.761
2214.273
2214.785
2215.297
2215.809
2216.321
2216.833
2217.345
2217.857
2218.369
2218.881
2219.393
2219.905
2220.417
2220.929
2221.441
2221.953
2222.465
2222.969
2223.737
2224.505
2225.273
2226.041
2226.809
2227.577
2228.345
2229.113
2229.881
2230.649
2231.417
2232.185
2232.953
2233.721
2234.489
2234.958
2235.427
2235.896
2236.365
2236.834
2237.303
2237.772
2238.241
2238.71
2239.179
2239.648
2240.117
2240.586
2241.055
2241.524
2241.993
2242.462
2242.931
2243.4
2243.869
2244.339
2244.935
2245.531
2246.127
2246.723
2247.319
2247.915
2248.511
2249.107
2249.703
2250.299
2250.895
2251.491
2252.087
2252.683
2253.279
2253.875
2254.471
2255.067
2255.663
2256.259
2256.855
2257.45
2258.247
2259.044
2259.841
2260.639
2261.437
2262.235
2263.033
2263.831
2264.629
2265.427
2266.225
2267.023
2267.821
2268.619
2269.417
2270.21
2270.602
2270.994
2271.386
2271.778
2272.17
2272.562
2272.954
2273.346
2273.738
2274.13
2274.522
2274.914
2275.306
2275.698
2276.09
2276.482
2276.88
2277.312
2277.744
2278.176
2278.608
2279.04
2279.472
2279.904
2280.336
2280.768
2281.2
2281.632
2282.064
2282.496
2282.928
2283.36
2283.792
2284.224
2284.656
2285.088
2285.519
2286.064
2286.609
2287.154
2287.699
2288.244
2288.789
2289.334
2289.879
2290.424
2290.969
2291.514
2292.059
2292.604
2293.149
2293.694
2294.239
2294.784
2295.329
2295.88
2296.129
2296.378
2296.627
2296.876
2297.125
2297.374
2297.623
2297.872
2298.121
2298.369
2298.709
2299.049
2299.389
2299.729
2300.069
2300.409
2300.749
2301.089
2301.429
2301.769
2302.109
2302.449
2302.789
2303.129
2303.469
2303.809
2304.149
2304.489
2304.829
2305.169
2305.509
2305.859
2306.119
2306.379
2306.639
2306.899
2307.159
2307.419
2307.679
2307.939
2308.199
2308.459
2308.719
2308.979
2309.239
2309.499
2309.759
2310.019
2310.279
2310.539
2310.799
2311.059
2311.57
2312.081
2312.592
2313.103
2313.614
2314.125
2314.636
2315.147
2315.658
2316.169
2316.68
2317.191
2317.702
2318.213
2318.724
2319.235
2319.746
2320.257
2320.768
2321.279
2321.789
2322.044
2322.299
2322.554
2322.809
2323.064
2323.319
2323.574
2323.829
2324.084
2324.339
2324.594
2324.849
2325.104
2325.359
2325.614
2325.869
2326.124
2326.379
2326.634
2326.89
2327.089
2327.288
2327.487
2327.686
2327.885
2328.084
2328.283
2328.482
2328.681
2328.88
2329.079
2329.278
2329.477
2329.676
2329.875
2330.074
2330.273
2330.472
2330.68
2331.051
2331.422
2331.793
2332.164
2332.535
2332.906
2333.277
2333.648
2334.019
2334.39
2334.761
2335.132
2335.503
2335.874
2336.245
2336.616
2336.987
2337.358
2337.729
2338.404
2339.079
2339.546
2340.013
2340.48
2340.947
2341.414
2341.881
2342.348
2342.815
2343.282
2343.749
2344.216
2344.683
2345.15
2345.617
2346.084
2346.551
2347.018
2347.489
2347.949
2348.409
2348.869
2349.329
2349.789
2350.249
2350.709
2351.169
2351.629
2352.089
2352.549
2353.009
2353.469
2353.929
2354.389
2354.849
2355.309
2355.769
2356.625
2357.481
2358.337
2359.193
2360.049
2360.905
2361.761
2362.617
2363.473
2364.329
2365.185
2366.041
2366.897
2367.753
2368.609
2369.465
2370.321
2371.177
2372.029
2372.25
2372.471
2372.692
2372.913
2373.134
2373.355
2373.576
2373.797
2374.018
2374.239
2374.46
2374.681
2374.902
2375.123
2375.344
2375.565
2375.786
2376.007
2376.228
2376.45
2376.876
2377.302
2377.728
2378.154
2378.58
2379.006
2379.432
2379.858
2380.284
2380.71
2381.136
2381.562
2381.988
2382.414
2382.84
2383.266
2383.692
2384.118
2384.54
2385.032
2385.524
2386.016
2386.508
2387.0
2387.492
2387.984
2388.476
2388.968
2389.46
2389.952
2390.444
2390.936
2391.428
2391.92
2392.412
2392.904
2393.396
2393.88
2394.213
2394.546
2394.88
2395.693
2396.506
2397.319
2398.132
2398.945
2399.758
2400.571
2401.384
2402.197
2403.01
2403.823
2404.636
2405.449
2406.262
2407.075
2407.888
2408.701
2409.514
2410.327
2411.14
2411.42
2411.7
2411.98
2412.26
2412.54
2412.82
2413.1
2413.38
2413.66
2413.94
2414.22
2414.5
2414.78
2415.06
2415.34
2415.62
2415.9
2416.18
2416.46
2416.879
2417.298
2417.717
2418.136
2418.555
2418.974
2419.393
2419.812
2420.231
2420.65
2421.069
2421.488
2421.907
2422.326
2422.745
2423.164
2423.583
2424.002
2424.421
2424.849
2425.466
2426.083
2426.7
2427.317
2427.934
2428.551
2429.168
2429.785
2430.402
2431.019
2431.636
2432.253
2432.87
2433.487
2434.104
2434.721
2435.338
2435.955
2436.572
2437.189
2437.806
2438.42
2439.144
2439.868
2440.592
2441.316
2442.04
2442.764
2443.488
2444.212
2444.936
2445.66
2446.384
2447.108
2447.832
2448.556
2449.28
2450.0
2450.477
2450.954
2451.431
2451.908
2452.385
2452.862
2453.339
2453.816
2454.293
2454.77
2455.247
2455.724
2456.201
2456.678
2457.155
2457.632
2458.109
2458.586
2459.063
2459.54
2460.017
2460.494
2460.97
2461.934
2462.898
2463.862
2464.826
2465.79
2466.754
2467.718
2468.682
2469.646
2470.61
2471.574
2472.538
2473.502
2474.466
2475.43
2476.394
2477.358
2478.329
2478.778
2479.227
2479.676
2480.125
2480.574
2481.023
2481.472
2481.921
2482.37
2482.819
2483.268
2483.717
2484.17
2484.351
2484.532
2484.713
2484.894
2485.075
2485.256
2485.437
2485.618
2485.799
2485.98
2486.161
2486.342
2486.523
2486.704
2486.885
2487.066
2487.247
2487.43
2487.775
2488.12
2488.465
2488.81
2489.155
2489.5
2489.845
2490.19
2490.535
2490.88
2491.225
2491.57
2491.915
2492.26
2492.605
2492.95
2493.295
2493.64
2493.985
2494.33
2494.68
2494.902
2495.124
2495.346
2495.568
2495.79
2496.012
2496.234
2496.456
2496.678
2496.9
2497.122
2497.344
2497.566
2497.788
2498.01
2498.232
2498.454
2498.676
2498.898
2499.12
2499.339
2499.566
2499.793
2500.02
2500.247
2500.474
2500.701
2500.928
2501.155
2501.382
2501.609
2501.836
2502.063
2502.29
2502.52
2502.826
2503.132
2503.438
2503.744
2504.05
2504.356
2504.662
2504.968
2505.274
2505.58
2505.886
2506.192
2506.498
2506.804
2507.11
2507.41
2507.738
2508.066
2508.394
2508.722
2509.05
2509.378
2509.706
2510.034
2510.362
2510.69
2511.018
2511.346
2511.674
2512.002
2512.33
2512.658
2512.986
2513.319
2513.604
2513.889
2514.174
2514.459
2514.744
2515.029
2515.314
2515.599
2515.884
2516.169
2516.454
2516.739
2517.024
2517.309
2517.594
2517.879
2518.164
2518.449
2518.734
2519.019
2519.875
2520.731
2521.587
2522.443
2523.299
2524.155
2525.011
2525.867
2526.723
2527.579
2528.435
2529.291
2530.147
2531.003
2531.859
2532.72
2533.28
2533.84
2534.4
2534.96
2535.52
2536.08
2536.64
2537.2
2537.76
2538.32
2538.88
2539.44
2540.0
2540.56
2541.12
2541.68
2542.24
2542.8
2543.359
2543.647
2543.935
2544.223
2544.511
2544.799
2545.087
2545.375
2545.663
2545.951
2546.239
2546.527
2546.815
2547.103
2547.391
2547.679
2547.967
2548.255
2548.543
2548.839
2549.365
2549.891
2550.417
2550.943
2551.469
2551.995
2552.521
2553.047
2553.573
2554.099
2554.625
2555.151
2555.677
2556.203
2556.73
2557.458
2558.186
2558.914
2559.642
2560.37
2561.098
2561.826
2562.554
2563.282
2564.01
2564.738
2565.466
2566.194
2566.922
2567.65
2568.378
2569.109
2569.356
2569.603
2569.85
2570.097
2570.344
2570.591
2570.838
2571.085
2571.332
2571.579
2571.826
2572.073
2572.32
2572.567
2572.814
2573.061
2573.308
2573.555
2573.799
2575.579
2576.011
2576.443
2576.875
2577.307
2577.739
2578.171
2578.603
2579.035
2579.467
2579.899
2580.331
2580.763
2581.195
2581.627
2582.059
2582.491
2582.93
2583.728
2584.526
2585.324
2586.122
2586.92
2587.718
2588.516
2589.314
2590.112
2590.91
2591.708
2592.506
2593.304
2594.102
2594.9
2595.7
2595.979
2596.258
2596.537
2596.816
2597.095
2597.374
2597.653
2597.932
2598.211
2598.49
2598.769
2599.048
2599.327
2599.606
2599.885
2600.164
2600.443
2600.729
2602.01
2603.291
2604.572
2605.853
2607.134
2608.415
2609.696
2610.977
2612.258
2613.539
2614.455
2615.371
2616.287
2617.203
2618.119
2619.035
2619.951
2620.867
2621.783
2622.699
2623.615
2624.531
2625.447
2626.363
2627.279
2628.195
2629.119
2629.44
2629.761
2630.082
2630.403
2630.724
2631.045
2631.366
2631.687
2632.008
2632.329
2632.65
2632.971
2633.292
2633.613
2633.934
2634.255
2634.576
2634.897
2635.22
2635.595
2635.97
2636.345
2636.72
2637.095
2637.47
2637.845
2638.22
2638.595
2638.97
2639.345
2639.72
2640.095
2640.47
2640.845
2641.22
2641.565
2641.91
2642.255
2642.6
2642.945
2643.29
2643.635
2643.98
2644.325
2644.67
2645.015
2645.36
2645.705
2646.049
2648.424
2650.799
2653.174
2655.549
2657.924
2660.299
2662.674
2665.049
2667.424
2669.799
2672.533
2675.267
2678.001
2680.735
2683.469
2686.203
2688.937
2691.671
2694.405
2697.139
2699.873
2702.609
2703.125
2703.641
2704.157
2704.673
2705.189
2705.705
2706.221
2706.737
2707.253
2707.769
2708.285
2708.801
2709.317
2709.833
2710.349
2710.865
2711.381
2711.897
2712.41
2712.825
2713.24
2713.655
2714.07
2714.485
2714.9
2715.315
2715.73
2716.145
2716.56
2716.975
2717.39
2717.805
2718.22
2718.635
2719.05
2719.465
2719.88
2720.747
2721.614
2722.481
2723.348
2724.215
2725.082
2725.949
2726.816
2727.683
2728.55
2729.417
2730.284
2731.15
2731.799
2732.448
2733.097
2733.746
2734.395
2735.044
2735.693
2736.342
2736.991
2737.64
2738.289
2738.938
2739.587
2740.236
2740.885
2741.534
2742.183
2742.832
2743.481
2744.13
2744.77
2745.234
2745.698
2746.162
2746.626
2747.09
2747.554
2748.018
2748.482
2748.946
2749.41
2749.874
2750.338
2750.802
2751.266
2751.73
2752.194
2752.65
2753.379
2754.108
2754.837
2755.566
2756.295
2757.024
2757.753
2758.482
2759.211
2759.94
2760.669
2761.398
2762.127
2762.856
2763.585
2764.314
2765.039
2765.522
2766.005
2766.488
2766.971
2767.454
2767.937
2768.42
2768.903
2769.386
2769.869
2770.352
2770.835
2771.318
2771.799
2772.235
2772.671
2773.107
2773.543
2773.979
2774.415
2774.851
2775.287
2775.723
2776.159
2776.595
2777.031
2777.467
2777.903
2778.339
2778.775
2779.211
2779.65
2781.935
2784.219
2784.691
2785.163
2785.635
2786.107
2786.579
2787.051
2787.523
2787.995
2788.467
2788.939
2789.411
2789.883
2790.355
2790.827
2791.299
2791.771
2792.241
2793.427
2794.613
2795.799
2796.985
2798.171
2799.357
2800.543
2801.729
2802.915
2804.101
2805.287
2806.473
2807.659
2808.845
2810.031
2811.217
2812.403
2813.589
2814.779
2815.221
2815.663
2816.105
2816.547
2816.989
2817.431
2817.873
2818.315
2818.757
2819.199
2819.641
2820.083
2820.525
2820.967
2821.409
2821.851
2822.293
2822.74
2824.089
2824.664
2825.239
2825.814
2826.389
2826.964
2827.539
2828.114
2828.689
2829.264
2829.839
2830.414
2830.989
2831.564
2832.139
2832.714
2833.289
2833.859
2834.423
2834.987
2835.551
2836.115
2836.679
2837.243
2837.807
2838.371
2838.935
2839.499
2840.063
2840.627
2841.191
2841.755
2842.319
2842.88
2844.154
2845.428
2846.702
2847.976
2849.25
2850.524
2851.798
2853.072
2854.346
2855.62
2856.894
2858.168
2859.442
2860.716
2861.99
2863.269
2863.602
2863.935
2864.268
2864.601
2864.934
2865.267
2865.6
2865.933
2866.266
2866.599
2866.932
2867.265
2867.598
2867.931
2868.264
2868.597
2868.93
2869.263
2869.596
2869.92
2870.345
2870.77
2871.195
2871.62
2872.045
2872.47
2872.895
2873.32
2873.745
2874.17
2874.595
2875.02
2875.445
2875.87
2876.295
2876.72
2877.145
2877.57
2877.995
2878.42
2878.845
2879.279
2880.434
2881.589
2882.744
2883.899
2885.054
2886.209
2887.364
2888.519
2889.67
2890.276
2890.882
2891.488
2892.094
2892.7
2893.306
2893.912
2894.518
2895.124
2895.73
2896.336
2896.942
2897.548
2898.154
2898.76
2899.369
2899.933
2900.497
2901.061
2901.625
2902.189
2902.753
2903.317
2903.881
2904.445
2905.009
2905.573
2906.137
2906.701
2907.265
2907.829
2908.077
2908.325
2908.573
2908.821
2909.069
2909.317
2909.565
2909.813
2910.061
2910.309
2910.557
2910.805
2911.053
2911.301
2911.549
2911.797
2912.045
2912.293
2912.54
2913.099
2913.658
2914.217
2914.776
2915.335
2915.894
2916.453
2917.012
2917.571
2918.13
2918.689
2919.248
2919.807
2920.366
2920.925
2921.49
2922.129
2922.768
2923.407
2924.046
2924.685
2925.324
2925.963
2926.602
2927.241
2927.88
2928.519
2929.158
2929.797
2930.436
2931.075
2931.714
2932.353
2932.992
2933.63
2934.282
2934.934
2935.586
2936.238
2936.89
2937.542
2938.194
2938.846
2939.498
2940.15
2940.802
2941.454
2942.106
2942.758
2943.41
2944.069
2959.469
2960.163
2960.857
2961.551
2962.245
2962.939
2963.633
2964.327
2965.021
2965.715
2966.409
2967.099
2967.668
2968.237
2968.806
2969.375
2969.944
2970.513
2971.082
2971.651
2972.22
2972.789
2973.358
2973.927
2974.496
2975.065
2975.634
2976.203
2976.769
2977.29
2977.811
2978.332
2978.853
2979.374
2979.895
2980.416
2980.937
2981.458
2981.979
2982.5
2983.021
2983.542
2984.063
2984.584
2985.105
2985.626
2986.147
2986.66
2987.36
2988.06
2988.76
2989.46
2990.16
2990.86
2991.56
2992.26
2992.96
2993.66
2994.36
2995.06
2995.76
2996.46
2997.042
2997.624
2998.206
2998.788
2999.37
2999.952
3000.534
3001.116
3001.698
3002.28
3002.862
3003.444
3004.026
3004.608
3005.19
3005.779
3006.022
3006.265
3006.508
3006.751
3006.994
3007.237
3007.48
3007.723
3007.966
3008.209
3008.452
3008.695
3008.938
3009.181
3009.424
3009.66
3010.515
3011.369
3011.816
3012.263
3012.71
3013.157
3013.604
3014.051
3014.498
3014.945
3015.392
3015.839
3016.286
3016.733
3017.18
3017.627
3018.074
3018.521
3018.968
3019.42
3019.889
3020.358
3020.827
3021.296
3021.765
3022.234
3022.703
3023.172
3023.641
3024.11
3024.579
3025.048
3025.517
3025.986
3026.455
3026.92
3027.248
3027.576
3027.904
3028.232
3028.56
3028.888
3029.216
3029.544
3029.872
3030.2
3030.528
3030.856
3031.184
3031.512
3031.84
3032.168
3032.496
3032.819
3033.125
3033.431
3033.737
3034.043
3034.349
3034.655
3034.961
3035.269
3035.83
3036.391
3036.952
3037.513
3038.074
3038.635
3039.196
3039.757
3040.318
3040.879
3041.44
3042.001
3042.562
3043.123
3043.684
3044.245
3044.806
3045.359
3045.745
3046.131
3046.517
3046.903
3047.289
3047.675
3048.061
3048.447
3048.833
3049.219
3049.605
3049.991
3050.377
3050.763
3051.149
3051.535
3051.92
3052.453
3052.986
3053.519
3054.052
3054.585
3055.118
3055.651
3056.184
3056.717
3057.25
3057.783
3058.316
3058.849
3059.382
3059.915
3060.448
3060.981
3061.509
3061.723
3061.937
3062.151
3062.365
3062.579
3062.793
3063.007
3063.221
3063.435
3063.649
3063.863
3064.077
3064.291
3064.505
3064.719
3064.933
3065.147
3065.361
3065.569
3066.628
3067.687
3068.746
3069.805
3070.864
3071.923
3072.982
3074.041
3075.1
3076.159
3077.218
3078.277
3079.336
3080.39
3080.811
3081.232
3081.653
3082.073
3082.494
3082.915
3083.336
3083.756
3084.177
3084.598
3085.019
3085.439
3085.86
3086.281
3086.702
3087.123
3087.544
3087.959
3088.164
3088.369
3088.574
3088.779
3088.984
3089.189
3089.394
3089.599
3089.804
3090.009
3090.214
3090.419
3090.624
3090.829
3091.034
3091.239
3091.444
3091.649
3091.859
3092.205
3092.551
3092.897
3093.243
3093.589
3093.935
3094.281
3094.627
3094.973
3095.319
3095.665
3096.011
3096.357
3096.703
3097.049
3097.395
3097.741
3098.087
3098.433
3098.779
3098.981
3099.183
3099.385
3099.587
3099.789
3099.991
3100.193
3100.395
3100.597
3100.799
3101.001
3101.203
3101.405
3101.609
3102.138
3102.667
3103.196
3103.725
3104.254
3104.783
3105.312
3105.841
3106.37
3106.899
3107.428
3107.957
3108.486
3109.015
3109.544
3110.073
3110.609
3110.956
3111.303
3111.65
3111.997
3112.344
3112.691
3113.038
3113.385
3113.732
3114.079
3114.426
3114.773
3115.12
3115.467
3115.814
3116.161
3116.508
3116.855
3117.202
3117.549
3118.09
3118.631
3119.172
3119.713
3120.254
3120.795
3121.336
3121.877
3122.418
3122.959
3123.5
3124.041
3124.582
3125.123
3125.664
3126.205
3126.746
3127.279
3127.646
3128.013
3128.38
3128.747
3129.114
3129.481
3129.848
3130.215
3130.582
3130.949
3131.316
3131.683
3132.05
3132.417
3132.784
3133.151
3133.518
3133.885
3134.252
3134.619
3134.825
3135.031
3135.237
3135.443
3135.649
3135.855
3136.061
3136.267
3136.473
3136.679
3136.885
3137.091
3137.297
3137.503
3137.709
3137.915
3138.121
3138.327
3138.533
3138.739
3138.94
3139.211
3139.482
3139.753
3140.024
3140.295
3140.566
3140.837
3141.108
3141.379
3141.65
3141.921
3142.192
3142.463
3142.734
3143.005
3143.276
3143.549
3144.614
3145.679
3146.744
3147.809
3148.874
3149.939
3151.004
3152.069
3153.134
3154.199
3155.269
3156.723
3158.177
3159.631
3161.085
3162.539
3163.993
3165.447
3166.901
3168.355
3169.809
3171.263
3172.717
3174.171
3175.625
3177.079
3178.533
3179.987
3181.441
3182.9
3183.185
3183.47
3183.755
3184.04
3184.325
3184.61
3184.895
3185.18
3185.465
3185.75
3186.035
3186.32
3186.605
3186.89
3187.175
3187.46
3187.745
3188.03
3188.588
3189.146
3189.704
3190.262
3190.82
3191.378
3191.936
3192.494
3193.052
3193.61
3194.168
3194.726
3195.284
3195.842
3196.4
3196.958
3197.509
3197.773
3198.037
3198.301
3198.565
3198.829
3199.093
3199.357
3199.621
3199.885
3200.149
3200.413
3200.677
3200.941
3201.205
3201.469
3201.733
3201.99
3202.249
3202.508
3202.767
3203.026
3203.285
3203.544
3203.803
3204.062
3204.321
3204.58
3204.839
3205.098
3205.357
3205.616
3205.875
3206.134
3206.393
3206.65
3207.045
3207.44
3207.835
3208.23
3208.625
3209.02
3209.415
3209.81
3210.205
3210.6
3210.995
3211.39
3211.785
3212.18
3212.575
3212.97
3213.365
3213.76
3214.16
3214.622
3215.084
3215.546
3216.008
3216.47
3216.932
3217.394
3217.856
3218.319
3218.782
3219.245
3219.71
3220.124
3220.538
3220.952
3221.366
3221.78
3222.194
3222.608
3223.022
3223.436
3223.85
3224.264
3224.678
3225.092
3225.506
3225.92
3226.334
3226.75
3227.088
3227.426
3227.764
3228.102
3228.44
3228.778
3229.116
3229.454
3229.792
3230.13
3230.468
3230.806
3231.144
3231.482
3231.82
3232.158
3232.49
3232.79
3233.09
3233.39
3233.69
3233.99
3234.29
3234.59
3234.89
3235.19
3235.49
3235.79
3236.09
3236.39
3236.69
3236.99
3237.29
3237.589
3237.965
3238.341
3238.717
3239.093
3239.469
3239.845
3240.221
3240.597
3240.973
3241.349
3241.725
3242.101
3242.477
3242.853
3243.229
3243.605
3243.981
3244.357
3244.73
3245.135
3245.54
3245.945
3246.35
3246.755
3247.16
3247.565
3247.97
3248.375
3248.78
3249.185
3249.59
3249.995
3250.4
3250.805
3251.209
3251.606
3252.003
3252.4
3252.797
3253.194
3253.591
3253.988
3254.385
3254.782
3255.179
3255.576
3255.973
3256.37
3256.767
3257.164
3257.56
3257.831
3258.102
3258.373
3258.644
3258.915
3259.186
3259.457
3259.728
3259.999
3260.27
3260.541
3260.812
3261.083
3261.354
3261.625
3261.896
3262.167
3262.43
3263.013
3263.596
3264.179
3264.762
3265.345
3265.928
3266.511
3267.094
3267.677
3268.26
3268.843
3269.426
3270.009
3270.592
3271.175
3271.759
3272.36
3272.961
3273.562
3274.163
3274.764
3275.365
3275.966
3276.567
3277.168
3277.769
3278.37
3278.971
3279.572
3280.173
3280.769
3280.769
3280.769
3280.769
3280.769
3280.769
3280.769
3280.769
3280.769
