22.08
22.725
23.37
24.015
24.66
27.35
27.603
27.856
28.109
28.362
28.615
28.868
29.121
29.374
29.627
29.88
30.21
30.54
30.87
31.081
31.292
31.503
31.714
31.925
32.136
32.347
32.558
32.769
32.98
33.191
33.4
33.787
34.174
34.561
34.948
35.335
35.722
36.11
36.536
36.962
37.388
37.814
38.24
38.666
39.092
39.518
39.944
40.37
41.163
41.956
42.749
43.542
44.335
45.128
45.92
46.165
46.41
46.655
46.9
47.145
47.39
47.635
47.88
48.125
48.37
48.736
49.102
49.468
49.834
50.2
50.566
50.932
51.298
51.664
52.03
52.396
52.762
53.128
53.49
53.702
53.914
54.126
54.338
54.55
54.762
54.974
55.186
55.398
55.61
55.822
56.034
56.246
56.46
57.35
58.24
59.13
60.02
60.277
60.534
60.791
61.048
61.305
61.562
61.819
62.076
62.333
62.59
62.983
63.375
63.767
64.16
64.55
64.94
65.33
65.72
66.11
66.5
66.89
67.114
67.338
67.562
67.786
68.01
68.234
68.458
68.682
68.906
69.13
69.354
69.578
69.8
70.12
70.44
70.76
71.08
71.4
71.72
72.04
72.36
72.68
73.0
73.507
74.014
74.522
75.03
75.221
75.412
75.603
75.794
75.985
76.176
76.367
76.558
76.75
77.026
77.302
77.578
77.854
78.13
78.406
78.68
78.894
79.108
79.322
79.536
79.75
79.964
80.177
80.385
80.593
80.801
81.009
81.217
81.425
81.633
81.841
82.049
82.26
82.583
82.906
83.229
83.552
83.875
84.198
84.52
84.84
85.183
85.526
85.869
86.212
86.555
86.898
87.24
87.439
87.638
87.837
88.036
88.235
88.434
88.633
88.832
89.031
89.23
89.43
89.79
90.15
90.51
90.87
91.23
91.59
91.95
92.186
92.422
92.658
92.894
93.13
93.366
93.602
93.838
94.074
94.31
94.55
94.791
95.032
95.273
95.514
95.755
95.996
96.237
96.478
96.719
96.96
97.419
97.878
98.337
98.796
99.255
99.714
100.173
100.632
101.09
101.356
101.622
101.888
102.154
102.42
103.024
103.628
104.232
104.836
105.44
107.004
108.568
110.132
111.696
113.26
114.824
116.39
116.701
117.012
117.323
117.634
117.945
118.256
118.57
118.874
119.178
119.482
119.786
120.09
120.394
120.7
121.195
121.69
122.185
122.68
123.175
123.67
124.275
124.88
125.485
126.09
127.2
128.31
129.42
130.53
131.64
132.75
133.86
134.97
136.082
136.466
136.85
137.234
137.618
138.002
138.386
138.77
139.154
139.538
139.92
140.252
140.584
140.916
141.248
141.58
141.912
142.246
142.478
142.71
142.942
143.174
143.406
143.638
143.87
144.225
144.579
144.934
145.288
145.643
145.997
146.173
146.349
146.525
146.701
146.877
147.053
147.229
147.405
147.58
147.908
148.236
148.564
148.892
149.22
149.548
149.876
150.204
150.532
150.86
151.214
151.568
151.922
152.276
152.63
152.907
153.185
153.463
153.74
154.018
154.296
154.573
154.85
155.517
156.184
156.851
157.518
158.185
158.85
160.207
161.564
162.921
164.278
165.635
166.992
168.349
169.706
171.063
172.42
174.705
176.99
177.244
177.498
177.752
178.006
178.26
178.514
178.768
179.022
179.276
179.53
179.784
180.038
180.292
180.546
180.8
181.06
181.632
182.204
182.776
183.348
183.92
184.49
184.71
184.93
185.15
185.37
185.59
185.81
186.03
186.323
186.616
186.909
187.202
187.495
187.788
188.081
188.374
188.667
188.96
189.253
189.55
189.828
190.106
190.383
190.661
190.939
191.216
191.494
191.77
192.001
192.232
192.463
192.694
192.925
193.156
193.387
193.62
194.248
194.875
195.502
196.13
196.757
197.385
198.012
198.64
199.247
199.854
200.461
201.068
201.675
202.28
202.59
202.9
203.21
203.52
203.83
204.14
204.45
204.76
205.164
205.568
205.972
206.376
206.78
207.184
207.59
207.91
208.23
208.55
208.87
209.19
209.51
209.83
210.15
210.47
210.79
211.322
211.854
212.386
212.918
213.45
213.98
214.424
214.868
215.312
215.756
216.2
216.644
217.09
217.583
218.076
218.569
219.062
219.555
220.048
220.54
220.905
221.27
221.635
222.0
222.366
222.886
223.406
223.926
224.446
224.966
225.486
226.006
226.526
227.046
227.57
227.759
227.948
228.137
228.326
228.515
228.704
228.893
229.082
229.271
229.46
229.649
229.838
230.027
230.21
230.437
230.664
230.891
231.118
231.345
231.572
231.799
232.026
232.253
232.48
232.707
232.934
233.16
233.755
234.35
234.945
235.54
235.92
236.3
236.68
237.06
237.44
237.82
238.2
238.58
238.96
239.219
239.478
239.737
239.996
240.255
240.514
240.773
241.032
241.291
241.55
241.81
242.311
242.812
243.313
243.814
244.315
244.816
245.317
245.818
246.319
246.82
247.121
247.422
247.723
248.024
248.325
248.626
248.927
249.228
249.529
249.83
250.131
250.432
250.733
251.03
251.57
252.11
252.65
253.19
253.73
254.27
254.595
254.92
255.245
255.57
255.895
256.22
256.545
256.87
257.195
257.519
257.794
258.069
258.344
258.619
258.894
259.169
259.444
259.719
259.994
260.269
260.544
260.819
261.089
261.485
261.881
262.277
262.673
263.069
263.465
263.861
264.257
264.65
264.862
265.074
265.286
265.498
265.71
265.922
266.134
266.346
266.558
266.774
267.045
267.316
267.587
267.858
268.129
268.4
268.671
268.94
269.148
269.356
269.564
269.772
269.98
270.188
270.396
270.604
270.812
271.02
271.228
271.439
271.702
271.965
272.228
272.491
272.754
273.017
273.28
273.543
273.81
273.994
274.178
274.362
274.546
274.73
274.914
275.1
275.489
275.878
276.267
276.656
277.045
277.434
277.823
278.21
280.4
282.59
284.78
286.97
289.16
289.7
290.24
290.78
291.32
291.86
292.4
292.94
293.48
294.02
296.552
299.084
301.616
304.148
306.68
309.21
309.445
309.68
309.915
310.15
310.385
310.62
310.855
311.09
311.325
311.56
311.795
312.03
312.26
312.861
313.462
314.063
314.664
315.265
315.866
316.467
317.068
317.67
318.21
318.75
319.29
319.83
320.37
320.91
321.45
321.99
322.53
324.692
326.855
329.018
331.18
331.563
331.946
332.329
332.712
333.095
333.48
336.775
340.07
343.365
346.66
349.955
353.25
356.545
359.84
363.135
366.43
369.73
372.465
375.2
377.935
380.67
383.405
386.14
387.666
389.192
390.718
392.242
392.413
392.584
392.755
392.926
393.097
393.268
393.439
393.61
393.781
393.95
395.375
396.8
398.225
399.65
401.075
402.5
402.816
403.132
403.448
403.764
404.08
404.394
404.586
404.778
404.97
405.162
405.354
405.546
405.738
405.93
406.122
406.31
406.821
407.332
407.843
408.354
408.865
409.376
409.89
410.771
411.652
412.533
413.414
414.295
415.176
416.057
416.938
417.82
418.313
418.806
419.299
419.792
420.285
420.778
421.271
421.764
422.26
422.534
422.808
423.082
423.356
423.63
423.904
424.178
424.452
424.726
425.0
425.519
426.038
426.557
427.076
427.595
428.114
428.633
429.152
429.67
430.202
430.734
431.266
431.798
432.33
432.862
433.394
433.926
434.458
434.99
435.52
436.039
436.558
437.077
437.596
438.115
438.634
439.153
439.672
440.191
440.71
441.229
441.748
442.267
442.79
443.458
444.126
444.794
445.462
446.13
446.798
447.466
448.134
448.8
449.33
449.86
450.39
450.92
451.45
451.98
452.51
453.04
453.57
453.892
454.214
454.536
454.858
455.18
455.502
455.825
456.15
456.411
456.672
456.933
457.194
457.455
457.716
457.977
458.238
458.499
458.76
459.021
459.28
459.866
460.452
461.038
461.624
462.21
462.796
463.382
463.968
464.554
465.14
465.726
466.312
466.898
467.49
467.678
467.866
468.054
468.242
468.43
468.618
468.806
468.996
469.176
469.356
469.536
469.716
469.896
470.076
470.256
470.436
470.62
470.899
471.178
471.457
471.736
472.015
472.294
472.57
473.341
474.112
474.883
475.654
476.425
477.196
477.97
478.363
478.755
479.147
479.539
479.931
480.323
480.715
481.107
481.5
481.892
482.284
482.676
483.068
483.46
483.852
484.25
484.487
484.724
484.961
485.198
485.435
485.67
485.957
486.244
486.531
486.818
487.105
487.392
487.68
488.37
489.06
489.75
490.44
491.13
491.82
492.585
493.35
494.115
494.88
495.645
496.41
496.686
496.962
497.238
497.514
497.79
498.066
498.342
498.618
498.894
499.17
499.38
499.59
499.8
500.01
500.22
500.43
500.64
500.85
501.06
501.27
501.48
501.936
502.392
502.848
503.304
503.76
504.217
504.393
504.569
504.745
504.921
505.097
505.273
505.449
505.625
505.8
506.012
506.224
506.436
506.648
506.86
507.072
507.284
507.496
507.708
507.92
508.121
508.322
508.523
508.724
508.925
509.126
509.33
509.576
509.822
510.068
510.314
510.56
510.806
511.052
511.298
511.544
511.79
512.036
512.282
512.528
512.774
513.02
513.266
513.51
513.656
513.802
513.948
514.094
514.24
514.386
514.532
514.678
514.824
514.97
515.116
515.262
515.409
515.836
516.263
516.69
517.117
517.544
517.97
518.929
519.259
519.589
519.919
520.249
520.579
520.909
521.239
521.569
521.899
522.229
522.559
522.89
523.228
523.566
523.904
524.242
524.58
524.918
525.256
525.594
525.932
526.27
526.608
526.95
527.306
527.662
528.018
528.374
528.73
529.086
529.44
529.882
530.324
530.766
531.208
531.65
532.092
532.534
532.976
533.418
533.86
534.302
534.744
535.186
535.628
536.07
536.302
536.534
536.766
536.998
537.23
537.462
537.694
537.926
538.158
538.39
538.622
538.854
539.086
539.318
539.55
539.78
540.096
540.412
540.728
541.044
541.36
541.676
541.992
542.31
542.521
542.732
542.943
543.154
543.365
543.576
543.79
544.072
544.354
544.636
544.918
545.201
545.759
546.317
546.875
547.433
547.991
548.549
549.107
549.665
550.22
550.553
550.886
551.219
551.552
551.885
552.218
552.551
552.884
553.217
553.55
553.883
554.216
554.549
554.882
555.22
556.093
556.966
557.839
558.712
559.585
560.458
561.331
562.204
563.077
563.95
564.823
565.696
566.569
567.442
568.32
568.731
569.142
569.553
569.964
570.375
570.786
571.197
571.608
572.019
572.43
572.841
573.25
573.556
573.862
574.168
574.474
574.78
575.086
575.392
575.698
576.004
576.31
576.616
576.922
577.228
577.54
577.937
578.334
578.731
579.128
579.525
579.92
580.276
580.632
580.988
581.344
581.7
582.303
582.905
583.507
584.11
585.86
588.56
589.099
589.638
590.177
590.716
591.255
591.794
592.333
592.872
593.411
593.95
594.489
595.028
595.567
596.106
596.64
596.905
597.17
597.435
597.7
597.965
598.23
598.495
598.76
599.025
599.29
599.555
599.82
600.236
600.652
601.068
601.484
601.9
602.316
602.732
603.148
603.564
603.98
604.396
604.812
605.23
605.49
605.75
606.01
606.27
606.53
606.79
607.05
607.31
607.56
607.81
608.06
608.31
608.56
608.81
609.06
609.31
609.56
609.923
610.286
610.649
611.012
611.375
611.738
612.101
612.464
612.827
613.19
613.491
613.792
614.093
614.394
614.695
614.996
615.297
615.6
615.847
616.094
616.341
616.588
616.835
617.082
617.329
617.576
617.823
618.07
618.393
618.716
619.039
619.362
619.685
620.008
620.331
620.654
620.977
621.3
621.489
621.678
621.867
622.056
622.245
622.434
622.623
622.812
623.001
623.19
623.38
624.386
625.392
626.398
627.404
628.41
629.416
630.422
631.428
632.43
632.701
632.972
633.243
633.514
633.785
634.056
634.327
634.598
634.87
635.717
636.564
637.41
638.945
640.48
642.015
643.55
645.084
646.121
647.158
648.195
649.232
650.269
651.306
652.34
653.128
653.916
654.704
655.491
656.279
657.067
657.855
658.64
659.376
660.112
660.848
661.584
662.32
663.056
663.79
664.297
664.804
665.311
665.818
666.325
666.832
667.339
667.846
668.353
668.86
669.367
669.87
670.522
671.174
671.826
672.478
673.13
673.782
674.434
675.086
675.74
676.49
677.24
677.99
678.74
679.49
680.24
680.99
681.74
682.49
682.856
683.222
683.588
683.954
684.32
684.724
685.128
685.532
685.936
686.34
686.744
687.15
687.409
687.668
687.927
688.186
688.445
688.704
688.963
689.222
689.481
689.74
690.119
690.498
690.877
691.256
691.635
692.014
692.393
692.772
693.154
693.367
693.58
693.793
694.006
694.219
694.432
694.645
694.858
695.07
695.566
696.062
696.558
697.054
697.55
698.046
698.542
699.04
699.965
700.89
701.815
702.74
703.665
704.59
705.515
706.44
707.365
708.29
709.22
709.832
710.444
711.056
711.668
712.28
712.892
713.504
714.116
714.73
716.076
717.422
718.768
720.114
721.46
721.876
722.292
722.708
723.124
723.54
723.956
724.37
724.738
725.106
725.474
725.842
726.21
726.578
726.946
727.314
727.682
728.05
728.709
729.368
730.027
730.686
731.345
732.004
732.663
733.322
733.981
734.64
735.299
735.958
736.616
737.317
738.018
738.719
739.42
740.12
741.012
741.904
742.796
743.688
744.58
745.47
745.717
745.964
746.211
746.458
746.705
746.952
747.199
747.446
747.693
747.94
748.664
749.388
750.112
750.836
751.56
752.284
753.008
753.732
754.456
755.18
755.901
756.4
756.606
756.812
757.018
757.224
757.43
757.636
757.842
758.048
758.254
758.46
758.67
758.909
759.149
759.389
759.629
759.869
760.109
760.349
760.586
760.864
761.142
761.42
761.698
761.976
762.254
762.532
762.81
763.088
763.366
763.644
763.92
764.613
765.306
765.999
766.692
767.385
768.08
768.645
769.21
769.775
770.34
770.905
771.47
772.035
772.6
773.41
774.22
775.03
775.84
776.65
777.082
777.515
778.122
778.73
779.233
779.736
780.239
780.742
781.245
781.748
782.251
782.754
783.037
783.32
783.603
783.886
784.17
784.368
784.566
784.764
784.962
785.16
791.365
791.54
791.715
791.89
792.065
792.24
792.415
792.59
792.765
792.94
793.115
793.29
793.465
793.64
793.815
793.99
794.377
794.764
795.151
795.538
795.925
796.312
796.699
797.086
797.473
797.86
798.247
798.63
798.899
799.168
799.437
799.706
799.975
800.244
800.513
800.782
801.051
801.32
801.589
801.858
802.13
802.428
802.726
803.024
803.322
803.62
803.918
804.216
804.514
804.81
805.06
805.31
805.56
805.81
806.06
806.31
806.56
806.81
807.06
807.31
807.56
807.81
808.06
808.31
808.871
809.432
809.993
810.554
811.115
811.676
812.237
812.798
813.36
813.873
814.386
814.899
815.412
815.925
816.438
816.95
817.243
817.536
817.829
818.122
818.415
818.708
819.001
819.294
819.587
819.88
820.518
821.156
821.794
822.432
823.07
823.348
823.625
823.903
824.181
824.459
824.736
825.014
825.29
825.697
826.104
826.511
826.918
827.325
827.732
828.139
828.546
828.953
829.36
829.767
830.175
830.675
830.912
831.149
831.386
831.623
831.86
832.097
832.334
832.571
832.808
833.049
833.332
833.615
833.898
834.181
834.464
834.747
835.03
835.174
835.318
835.462
835.606
835.75
843.23
843.538
843.846
844.154
844.462
844.769
845.077
845.385
845.69
845.888
846.086
846.284
846.482
846.68
846.878
847.076
847.274
847.472
847.67
847.87
848.172
848.474
848.776
849.078
849.38
849.682
849.984
850.286
850.59
850.938
851.285
851.632
851.979
852.327
852.674
853.021
853.37
853.678
853.986
854.294
854.602
854.91
855.218
855.526
855.834
856.14
856.562
856.984
857.406
857.828
858.25
858.672
859.094
859.516
859.94
860.308
860.676
861.044
861.412
861.78
862.095
862.41
862.725
863.04
863.435
863.83
864.225
864.62
865.015
865.41
865.805
866.2
866.595
866.99
867.38
867.655
867.93
868.205
868.48
868.755
869.03
869.176
869.322
869.468
869.614
869.76
869.906
870.052
870.198
870.344
870.49
870.636
870.78
870.977
871.174
871.371
871.568
871.765
871.962
872.159
872.356
872.553
872.75
872.946
873.267
873.588
873.909
874.23
874.551
874.872
875.192
875.51
875.872
876.234
876.596
876.958
877.32
877.683
878.045
878.407
878.769
879.131
879.493
879.86
880.101
880.342
880.583
880.824
881.065
881.306
881.547
881.788
882.029
882.27
882.511
882.752
882.993
883.24
883.523
883.806
884.089
884.372
884.655
884.938
885.221
885.504
885.787
886.07
886.353
886.64
887.015
887.39
887.765
888.14
888.515
888.89
889.265
889.64
890.015
890.39
890.625
890.86
891.095
891.33
891.565
891.8
892.035
892.27
892.505
892.74
892.975
893.21
893.483
893.755
894.027
894.3
894.702
895.105
895.508
895.91
896.593
897.276
897.959
898.642
899.325
900.008
900.691
901.374
902.057
902.74
903.42
906.549
909.678
912.807
915.936
919.065
922.194
925.32
925.908
926.495
927.082
927.669
928.256
928.843
929.43
930.02
930.293
930.566
930.839
931.112
931.385
931.658
931.931
932.2
932.511
932.822
933.133
933.444
933.755
934.066
934.377
934.688
935.0
936.276
937.552
938.828
940.104
941.38
942.656
943.932
945.208
946.484
947.76
949.04
950.523
952.006
953.489
954.972
956.455
957.938
959.421
960.904
962.387
963.87
965.355
965.718
966.081
966.444
966.807
967.17
967.533
967.896
968.259
968.622
968.985
969.348
969.711
970.079
970.27
970.461
970.652
970.843
971.034
971.225
971.416
971.607
971.798
971.989
972.18
972.37
974.307
976.244
978.18
978.971
979.762
980.553
981.344
982.135
982.926
983.717
984.508
985.297
985.505
985.713
985.921
986.129
986.337
986.545
986.753
986.961
987.169
987.38
987.683
987.986
988.289
988.592
988.895
989.198
989.5
990.248
990.996
991.744
992.492
993.24
993.99
994.378
994.766
995.154
995.542
995.93
996.318
996.706
997.091
997.295
997.499
997.703
997.907
998.111
998.315
998.519
998.723
998.927
999.131
999.34
999.623
999.906
1000.189
1000.472
1000.755
1001.04
1001.276
1001.512
1001.748
1001.984
1002.22
1002.456
1002.69
1002.942
1003.194
1003.446
1003.698
1003.95
1004.2
1004.491
1004.782
1005.073
1005.364
1005.655
1005.946
1006.237
1006.528
1006.819
1007.11
1007.401
1007.692
1007.98
1008.685
1009.39
1010.095
1010.8
1011.505
1012.21
1012.915
1013.62
1014.325
1015.03
1015.735
1016.44
1017.145
1017.851
1018.706
1019.561
1020.416
1021.271
1022.125
1022.333
1022.541
1022.749
1022.957
1023.165
1023.373
1023.581
1023.789
1023.997
1024.205
1024.416
1025.145
1025.874
1026.603
1027.332
1028.06
1028.816
1029.572
1030.328
1031.084
1031.841
1032.599
1032.885
1033.171
1033.457
1033.743
1034.029
1034.315
1034.601
1034.887
1035.173
1035.46
1036.009
1036.558
1037.107
1037.656
1038.205
1038.754
1039.303
1039.852
1040.401
1040.95
1041.83
1042.33
1043.038
1043.746
1044.454
1045.162
1045.87
1046.579
1046.746
1046.913
1047.079
1047.787
1048.12
1048.452
1048.784
1049.117
1049.7
1049.886
1050.072
1050.258
1050.444
1050.63
1050.816
1051.002
1051.188
1051.374
1051.56
1052.31
1053.06
1053.81
1054.56
1055.31
1055.533
1055.756
1055.979
1056.202
1056.425
1056.648
1056.87
1057.159
1057.448
1057.737
1058.026
1058.315
1058.604
1058.893
1059.179
1059.561
1059.943
1060.325
1060.707
1061.089
1061.47
1061.758
1062.046
1062.334
1062.622
1062.91
1063.198
1063.486
1063.774
1064.062
1064.35
1064.638
1064.93
1065.339
1065.748
1066.157
1066.566
1066.975
1067.384
1067.79
1067.963
1068.136
1068.309
1068.482
1068.655
1068.828
1069.001
1069.174
1069.347
1069.52
1069.693
1069.866
1070.04
1070.239
1070.438
1070.637
1070.836
1071.035
1071.234
1071.43
1071.608
1071.786
1071.964
1072.142
1072.32
1072.498
1072.676
1072.854
1073.032
1073.531
1073.902
1074.273
1074.644
1075.015
1075.386
1075.757
1076.13
1076.422
1076.714
1077.005
1077.297
1077.589
1077.879
1078.251
1078.623
1078.995
1079.367
1079.739
1080.11
1081.375
1082.64
1083.059
1083.478
1083.897
1084.316
1084.735
1085.154
1085.57
1086.043
1086.516
1086.989
1087.462
1087.935
1088.408
1088.88
1090.01
1090.241
1090.472
1090.703
1090.934
1091.165
1091.396
1091.627
1091.858
1092.09
1094.19
1094.685
1095.18
1095.675
1096.17
1096.665
1100.627
1101.197
1101.767
1102.337
1102.907
1103.477
1104.047
1104.617
1105.187
1105.757
1106.33
1107.439
1108.548
1109.657
1110.766
1111.875
1112.984
1114.09
1114.581
1115.072
1115.563
1116.054
1116.545
1117.036
1117.53
1119.21
1120.89
1122.57
1124.25
1125.93
1127.61
1129.29
1130.97
1132.65
1134.33
1134.82
1135.31
1135.61
1135.91
1136.21
1136.51
1136.81
1137.11
1137.41
1137.71
1138.01
1138.31
1138.61
1138.91
1139.15
1139.39
1139.63
1139.87
1140.11
1140.35
1140.59
1140.83
1141.07
1141.31
1141.55
1142.177
1142.804
1143.43
1143.697
1143.964
1144.231
1144.498
1144.765
1145.032
1145.299
1145.566
1145.83
1146.43
1147.03
1147.63
1148.0
1148.37
1148.74
1149.11
1149.48
1149.85
1150.22
1150.59
1150.96
1151.339
1151.718
1152.097
1152.476
1152.855
1153.234
1153.613
1153.99
1154.273
1154.556
1154.839
1155.122
1155.405
1155.688
1155.971
1156.254
1156.537
1156.82
1157.103
1157.386
1157.67
1158.032
1158.394
1158.756
1159.118
1159.48
1159.842
1160.204
1160.566
1160.928
1161.29
1161.649
1161.803
1161.957
1162.111
1162.265
1162.419
1162.573
1162.727
1162.881
1163.035
1163.19
1163.479
1163.768
1164.057
1164.346
1164.635
1164.924
1165.213
1165.502
1165.791
1166.08
1166.37
1166.619
1166.868
1167.117
1167.366
1167.615
1167.864
1168.113
1168.362
1168.611
1168.86
1169.193
1169.526
1169.859
1170.192
1170.525
1170.86
1171.319
1171.778
1172.237
1172.696
1173.155
1173.614
1174.073
1174.532
1174.99
1175.245
1175.5
1175.755
1176.01
1176.265
1176.52
1176.775
1177.03
1177.456
1177.882
1178.308
1178.734
1179.16
1179.586
1180.012
1180.438
1180.86
1181.123
1181.386
1181.649
1181.912
1182.175
1182.438
1182.7
1182.941
1183.182
1183.423
1183.664
1183.905
1184.146
1184.387
1184.628
1184.869
1185.11
1185.351
1185.59
1186.676
1187.762
1188.848
1189.934
1191.02
1192.106
1193.192
1194.278
1195.36
1195.627
1195.894
1196.16
1196.614
1197.068
1197.522
1197.976
1198.43
1198.884
1199.338
1199.79
1200.977
1202.165
1203.352
1204.54
1204.852
1205.164
1205.476
1205.788
1206.1
1206.412
1206.724
1207.036
1207.348
1207.66
1207.882
1208.104
1208.326
1208.548
1208.77
1208.992
1209.214
1209.436
1209.658
1209.88
1210.102
1210.324
1210.546
1210.765
1211.457
1212.15
1212.73
1213.31
1213.89
1214.47
1215.05
1215.63
1216.007
1216.384
1216.761
1217.138
1217.515
1217.892
1218.269
1218.646
1219.023
1219.4
1219.777
1220.154
1220.531
1220.908
1221.28
1222.318
1223.356
1224.394
1225.432
1226.47
1227.51
1227.932
1228.354
1228.776
1229.198
1229.62
1230.042
1230.464
1230.886
1231.308
1231.73
1232.045
1232.36
1232.675
1232.99
1233.305
1233.62
1233.935
1234.25
1234.565
1234.88
1235.2
1235.481
1235.762
1236.043
1236.324
1236.605
1236.886
1237.167
1237.448
1237.729
1238.01
1238.291
1238.57
1238.957
1239.345
1239.733
1240.12
1240.299
1240.478
1240.657
1240.836
1241.015
1241.194
1241.373
1241.552
1241.731
1241.91
1242.089
1242.268
1242.447
1242.62
1243.076
1243.532
1243.988
1244.444
1244.9
1245.356
1245.812
1246.27
1246.703
1247.136
1247.569
1248.002
1248.435
1248.868
1249.301
1249.734
1250.167
1250.6
1251.03
1251.418
1251.806
1252.194
1252.582
1252.97
1253.332
1253.695
1254.057
1254.419
1254.782
1255.144
1255.506
1255.87
1256.107
1256.344
1256.581
1256.818
1257.055
1257.292
1257.529
1257.766
1258.003
1258.24
1258.477
1258.714
1258.951
1259.19
1259.541
1259.892
1260.243
1260.594
1260.945
1261.296
1261.647
1261.998
1262.35
1262.609
1262.868
1263.127
1263.386
1263.645
1263.904
1264.16
1264.673
1265.186
1265.699
1266.212
1266.725
1267.238
1267.75
1268.08
1268.41
1268.74
1269.07
1269.425
1269.78
1270.135
1270.49
1270.845
1271.2
1271.555
1271.91
1272.265
1272.622
1272.843
1273.064
1273.285
1273.506
1273.727
1273.948
1274.169
1274.39
1274.611
1274.83
1275.125
1275.42
1275.715
1276.01
1276.305
1276.6
1277.02
1277.44
1277.86
1278.28
1278.7
1279.12
1279.532
1279.944
1280.356
1280.768
1281.18
1281.592
1282.005
1282.374
1282.743
1283.112
1283.481
1283.85
1284.219
1284.588
1284.96
1285.296
1285.632
1285.968
1286.304
1286.64
1286.976
1287.312
1287.648
1287.984
1288.32
1288.656
1288.988
1289.256
1289.524
1289.792
1290.06
1290.328
1290.596
1290.864
1291.132
1291.401
1291.595
1291.789
1291.983
1292.177
1292.371
1292.565
1292.759
1292.953
1293.15
1293.559
1293.968
1294.377
1294.786
1295.195
1295.604
1296.013
1296.42
1296.803
1297.186
1297.569
1297.952
1298.335
1298.718
1299.1
1299.562
1300.024
1300.486
1300.95
1301.34
1301.73
1302.12
1302.51
1302.9
1303.29
1303.68
1304.07
1304.46
1304.85
1305.24
1305.807
1306.374
1306.941
1307.508
1308.075
1308.642
1309.209
1309.776
1310.343
1310.909
1311.088
1311.267
1311.446
1311.625
1311.804
1311.983
1312.162
1312.341
1312.52
1312.7
1313.178
1313.656
1314.134
1314.612
1315.09
1315.59
1316.02
1316.45
1316.88
1317.31
1317.74
1318.17
1318.6
1319.03
1319.46
1319.89
1320.32
1320.75
1321.18
1321.61
1322.095
1322.58
1323.065
1323.55
1324.035
1324.52
1324.868
1325.216
1325.564
1325.912
1326.26
1326.61
1327.037
1327.465
1327.892
1328.32
1328.747
1329.175
1329.602
1330.03
1330.341
1330.652
1330.963
1331.274
1331.585
1331.896
1332.207
1332.518
1332.829
1333.14
1333.331
1333.522
1333.713
1333.904
1334.095
1334.286
1334.477
1334.668
1334.859
1335.05
1335.237
1335.383
1335.529
1335.675
1335.82
1336.387
1336.954
1337.521
1338.09
1338.276
1338.462
1338.648
1338.834
1339.02
1339.543
1340.066
1340.59
1340.976
1341.362
1341.748
1342.134
1342.52
1342.906
1343.292
1343.68
1344.025
1344.37
1344.715
1345.06
1345.405
1345.75
1346.095
1346.44
1346.853
1347.266
1347.679
1348.092
1348.505
1348.918
1349.331
1349.744
1350.16
1350.552
1350.944
1351.336
1351.728
1352.12
1352.512
1352.904
1353.296
1353.688
1354.08
1354.283
1354.486
1354.689
1354.892
1355.095
1355.298
1355.501
1355.704
1355.907
1356.11
1356.356
1356.602
1356.848
1357.094
1357.34
1357.586
1357.832
1358.078
1358.32
1358.73
1359.14
1359.55
1359.96
1360.37
1360.78
1361.19
1361.6
1362.01
1362.45
1362.89
1363.33
1363.77
1364.062
1364.354
1364.646
1364.938
1365.23
1365.522
1365.814
1366.106
1366.398
1366.69
1366.98
1367.658
1368.336
1369.014
1369.692
1370.37
1371.048
1371.726
1372.404
1373.082
1373.76
1374.44
1374.735
1375.03
1375.325
1375.62
1375.915
1376.21
1376.505
1376.8
1377.095
1377.39
1377.69
1377.992
1378.294
1378.596
1378.898
1379.2
1379.534
1379.868
1380.202
1380.536
1380.87
1381.204
1381.538
1381.87
1382.189
1382.508
1382.827
1383.146
1383.465
1383.784
1384.103
1384.422
1384.741
1385.06
1385.379
1385.698
1386.02
1386.895
1387.77
1388.645
1389.52
1390.395
1391.27
1392.145
1393.02
1393.346
1393.672
1393.998
1394.324
1394.65
1394.976
1395.302
1395.628
1395.954
1396.28
1396.61
1396.831
1397.052
1397.273
1397.494
1397.715
1397.936
1398.154
1398.348
1398.542
1398.736
1398.93
1399.124
1399.32
1399.57
1399.82
1400.07
1400.32
1400.57
1400.819
1401.235
1401.651
1402.067
1402.483
1402.899
1403.315
1403.73
1403.95
1404.17
1404.39
1404.61
1404.83
1405.05
1405.27
1405.49
1405.71
1405.93
1406.276
1406.622
1406.968
1407.314
1407.66
1408.006
1408.35
1408.578
1408.806
1409.034
1409.262
1409.49
1409.718
1409.946
1410.174
1410.402
1410.63
1410.858
1411.09
1411.388
1411.686
1411.984
1412.282
1412.58
1412.895
1413.21
1413.525
1413.84
1414.155
1414.47
1414.908
1415.346
1415.784
1416.222
1416.66
1417.098
1417.536
1417.974
1418.41
1418.81
1419.21
1420.432
1421.654
1422.876
1424.098
1425.32
1426.542
1427.764
1428.986
1430.208
1431.43
1432.65
1433.092
1433.534
1433.976
1434.418
1434.86
1435.302
1435.744
1436.186
1436.628
1437.07
1437.31
1437.55
1437.79
1438.03
1438.27
1438.51
1438.75
1438.99
1439.341
1439.692
1440.043
1440.394
1440.745
1441.096
1441.45
1441.92
1442.39
1442.86
1443.33
1443.8
1444.457
1445.114
1445.771
1446.428
1447.085
1447.742
1448.4
1448.9
1449.358
1449.816
1450.429
1451.042
1451.655
1452.268
1452.88
1453.211
1453.542
1453.873
1454.204
1454.535
1454.866
1455.197
1455.53
1455.797
1456.064
1456.331
1456.598
1456.865
1457.132
1457.399
1457.666
1457.933
1458.2
1458.661
1459.122
1459.583
1460.044
1460.505
1460.966
1461.427
1461.89
1462.467
1463.044
1463.621
1464.198
1464.775
1465.35
1465.9
1466.45
1467.0
1467.839
1468.678
1469.517
1470.356
1471.195
1472.034
1472.87
1473.154
1473.438
1473.722
1474.006
1474.29
1474.574
1474.858
1475.142
1475.43
1475.689
1475.948
1476.207
1476.466
1476.725
1476.984
1477.243
1477.502
1477.76
1478.378
1478.996
1479.614
1480.232
1480.85
1481.469
1481.668
1481.867
1482.066
1482.265
1482.464
1482.663
1482.862
1483.061
1483.26
1484.072
1484.884
1485.697
1486.51
1486.757
1487.005
1487.253
1487.5
1487.747
1487.995
1488.242
1488.489
1488.736
1488.984
1489.231
1489.48
1490.204
1490.928
1491.652
1492.376
1493.1
1493.827
1494.554
1495.282
1496.01
1496.51
1496.819
1497.128
1497.437
1497.746
1498.055
1498.364
1498.676
1499.258
1499.84
1500.422
1501.004
1501.586
1502.168
1502.75
1503.332
1503.91
1504.53
1505.15
1505.447
1505.744
1506.041
1506.338
1506.635
1506.932
1507.229
1507.526
1507.819
1507.968
1508.117
1508.266
1508.415
1508.564
1508.713
1508.86
1509.021
1509.182
1509.343
1509.504
1509.665
1509.826
1509.987
1510.151
1510.522
1510.893
1511.264
1511.635
1512.006
1512.377
1512.748
1513.12
1513.96
1514.8
1515.046
1515.292
1515.538
1515.784
1516.03
1516.276
1516.522
1516.768
1517.014
1517.26
1517.507
1517.701
1517.895
1518.089
1518.283
1518.477
1518.671
1518.865
1519.059
1519.253
1519.447
1519.641
1519.84
1520.106
1520.372
1520.638
1520.904
1521.17
1521.436
1521.7
1521.944
1522.188
1522.432
1522.676
1522.92
1523.164
1523.408
1523.65
1523.834
1524.018
1524.202
1524.386
1524.57
1524.754
1524.94
1525.141
1525.342
1525.543
1525.744
1525.945
1526.148
1526.552
1526.956
1527.36
1527.764
1528.168
1528.572
1528.976
1529.38
1529.784
1530.188
1530.591
1530.99
1531.291
1531.592
1531.893
1532.194
1532.495
1532.796
1533.097
1533.398
1533.699
1534.0
1534.301
1534.602
1534.903
1535.204
1535.505
1535.8
1536.506
1537.212
1537.918
1538.624
1539.33
1540.036
1540.742
1541.448
1542.154
1542.86
1543.566
1544.272
1544.978
1545.684
1546.39
1547.096
1547.8
1547.979
1548.158
1548.337
1548.516
1548.695
1548.874
1549.053
1549.23
1549.593
1549.956
1550.319
1550.682
1551.045
1551.408
1551.771
1552.134
1552.5
1552.863
1553.226
1553.589
1553.952
1554.315
1554.678
1555.041
1555.404
1555.767
1556.13
1556.493
1556.856
1557.219
1557.582
1557.95
1558.153
1558.356
1558.559
1558.762
1558.965
1559.168
1559.371
1559.574
1559.777
1559.98
1560.183
1560.386
1560.59
1561.66
1562.73
1563.009
1563.288
1563.567
1563.846
1564.125
1564.404
1564.683
1564.962
1565.241
1565.52
1565.799
1566.078
1566.357
1566.63
1566.87
1567.11
1567.35
1567.59
1567.83
1568.07
1568.31
1568.55
1568.79
1569.03
1569.27
1569.51
1569.75
1570.086
1570.422
1570.758
1571.094
1571.43
1571.974
1572.518
1573.062
1573.606
1574.15
1574.694
1575.24
1575.479
1575.718
1575.957
1576.196
1576.435
1576.674
1576.913
1577.152
1577.391
1577.63
1578.203
1578.776
1579.349
1579.922
1580.495
1581.068
1581.641
1582.214
1582.787
1583.36
1583.643
1583.926
1584.209
1584.492
1584.775
1585.058
1585.341
1585.624
1585.906
1586.138
1586.37
1586.602
1586.834
1587.066
1587.298
1587.53
1587.763
1587.996
1588.229
1588.462
1588.696
1589.473
1590.25
1590.837
1591.424
1592.01
1592.453
1592.896
1593.339
1593.782
1594.225
1594.668
1595.111
1595.555
1595.763
1595.971
1596.179
1596.387
1596.595
1596.803
1597.011
1597.219
1597.43
1597.689
1597.948
1598.207
1598.466
1598.725
1598.984
1599.243
1599.502
1599.761
1600.02
1600.279
1600.538
1600.797
1601.06
1601.507
1601.955
1602.402
1602.85
1603.153
1603.456
1603.759
1604.062
1604.365
1604.668
1604.971
1605.274
1605.58
1605.787
1605.994
1606.201
1606.408
1606.615
1606.822
1607.03
1607.433
1607.836
1608.239
1608.642
1609.045
1609.448
1609.851
1610.254
1610.657
1611.06
1611.46
1612.021
1612.582
1613.143
1613.704
1614.265
1614.826
1615.387
1615.95
1616.18
1616.41
1616.64
1616.87
1617.1
1617.33
1617.56
1617.79
1618.02
1618.25
1618.48
1619.015
1619.55
1620.085
1620.62
1621.155
1621.69
1621.95
1622.21
1622.47
1622.73
1622.99
1623.25
1623.51
1623.725
1623.94
1624.155
1624.37
1624.585
1624.8
1625.015
1625.23
1625.445
1625.66
1626.097
1626.534
1626.971
1627.408
1627.845
1628.28
1628.57
1628.86
1629.15
1629.44
1629.73
1630.02
1630.31
1630.6
1630.89
1631.214
1631.538
1631.862
1632.185
1632.452
1632.719
1632.986
1633.253
1633.52
1633.787
1634.054
1634.321
1634.588
1634.855
1635.12
1635.834
1636.548
1637.262
1637.976
1638.69
1639.404
1640.118
1640.832
1641.55
1641.813
1642.076
1642.339
1642.602
1642.865
1643.128
1643.391
1643.654
1643.917
1644.18
1644.443
1644.71
1644.992
1645.274
1645.556
1645.838
1646.12
1646.402
1646.684
1646.966
1647.248
1647.53
1647.812
1648.094
1648.376
1648.66
1649.409
1650.158
1650.907
1651.656
1652.405
1653.154
1653.903
1654.65
1654.84
1655.03
1655.22
1655.41
1655.6
1655.79
1655.98
1656.17
1656.36
1656.55
1656.74
1656.95
1657.16
1657.37
1657.58
1657.79
1658.0
1658.21
1658.42
1658.63
1658.84
1659.05
1659.26
1659.47
1659.68
1659.89
1660.2
1660.51
1660.82
1661.13
1661.44
1661.75
1662.06
1662.539
1663.018
1663.497
1663.976
1664.455
1664.934
1665.413
1665.892
1666.371
1666.85
1667.329
1667.808
1668.287
1668.76
1668.967
1669.174
1669.38
1669.663
1669.946
1670.229
1670.512
1670.795
1671.078
1671.361
1671.644
1671.93
1672.419
1672.908
1673.397
1673.886
1674.375
1674.864
1675.353
1675.842
1676.331
1676.82
1677.309
1677.798
1678.287
1678.77
1679.206
1679.642
1680.078
1680.514
1680.95
1681.325
1681.7
1682.075
1682.45
1682.825
1683.2
1683.575
1683.95
1684.325
1684.7
1685.07
1685.41
1685.75
1686.09
1686.43
1686.77
1688.557
1690.344
1690.521
1690.698
1690.875
1691.052
1691.229
1691.406
1691.583
1691.76
1692.324
1692.888
1693.452
1694.016
1694.58
1694.953
1695.326
1695.699
1696.072
1696.445
1696.818
1697.191
1697.564
1697.937
1698.31
1698.748
1699.186
1699.624
1700.062
1700.5
1700.938
1701.376
1701.814
1702.252
1702.69
1703.028
1703.366
1703.704
1704.042
1704.38
1704.72
1705.045
1705.37
1705.695
1706.02
1706.314
1706.608
1706.902
1707.196
1707.49
1707.784
1708.078
1708.372
1708.666
1708.96
1709.254
1709.55
1709.812
1710.074
1710.336
1710.598
1710.86
1711.12
1711.303
1711.486
1711.67
1712.04
1712.41
1712.78
1713.15
1713.52
1713.89
1714.165
1714.44
1715.323
1716.206
1717.09
1717.375
1717.66
1717.848
1718.035
1718.223
1718.41
1718.598
1718.785
1718.973
1719.16
1719.379
1719.598
1719.817
1720.036
1720.255
1720.474
1720.693
1720.91
1722.51
1723.44
1723.609
1723.778
1723.947
1724.116
1724.285
1724.454
1724.62
1724.802
1724.984
1725.166
1725.348
1725.53
1725.712
1725.894
1726.078
1726.524
1726.97
1727.416
1727.862
1728.308
1728.754
1729.2
1729.646
1730.092
1730.54
1730.941
1731.342
1731.743
1732.144
1732.545
1732.946
1733.347
1733.748
1734.149
1734.55
1734.951
1735.352
1735.753
1736.154
1736.56
1737.74
1738.139
1738.538
1738.937
1739.336
1739.735
1740.134
1740.533
1740.932
1741.33
1741.573
1741.816
1742.059
1742.302
1742.545
1742.788
1743.031
1743.274
1743.517
1743.76
1744.0
1744.334
1744.668
1745.002
1745.336
1745.67
1745.918
1746.166
1746.414
1746.662
1746.91
1747.158
1747.406
1747.654
1747.902
1748.15
1748.398
1748.646
1748.894
1749.142
1749.39
1749.952
1750.514
1751.076
1751.638
1752.2
1752.767
1753.334
1753.901
1754.468
1755.035
1755.6
1755.806
1756.012
1756.218
1756.424
1756.63
1756.836
1757.042
1757.248
1757.454
1757.66
1757.866
1758.072
1758.278
1758.49
1758.717
1758.944
1759.171
1759.398
1759.625
1759.852
1760.079
1760.306
1760.533
1760.76
1760.987
1761.214
1761.44
1761.999
1762.558
1763.117
1763.676
1764.235
1764.794
1765.353
1765.912
1766.471
1767.03
1767.589
1768.15
1768.533
1768.916
1769.299
1769.682
1770.065
1770.448
1770.831
1771.214
1771.597
1771.98
1772.453
1772.926
1773.399
1773.872
1774.345
1774.82
1775.05
1775.28
1775.51
1775.74
1775.97
1776.2
1776.43
1776.66
1776.89
1777.12
1777.35
1777.58
1777.81
1778.042
1778.243
1778.444
1778.645
1778.846
1779.047
1779.248
1779.449
1779.65
1779.851
1780.052
1780.25
1780.529
1780.808
1781.087
1781.366
1781.645
1781.924
1782.203
1782.482
1782.761
1783.04
1783.477
1783.914
1784.35
1784.685
1785.02
1785.355
1785.69
1786.025
1786.36
1786.632
1786.904
1787.176
1787.448
1787.72
1787.992
1788.264
1788.536
1788.808
1789.08
1789.352
1789.62
1789.955
1790.29
1790.625
1790.96
1791.295
1791.63
1791.965
1792.3
1792.635
1792.97
1793.3
1793.528
1793.756
1793.984
1794.212
1794.44
1794.668
1794.896
1795.124
1795.352
1795.58
1796.065
1796.55
1797.035
1797.52
1797.932
1798.344
1798.756
1799.168
1799.58
1800.126
1800.672
1801.218
1801.764
1802.31
1802.856
1803.402
1803.948
1804.494
1805.04
1805.59
1805.816
1806.042
1806.268
1806.494
1806.72
1806.946
1807.172
1807.398
1807.624
1807.85
1808.08
1809.81
1810.152
1810.495
1810.837
1811.18
1811.376
1811.572
1811.768
1811.964
1812.16
1812.356
1812.552
1812.748
1812.944
1813.14
1813.426
1813.712
1813.998
1814.284
1814.57
1814.856
1815.142
1815.428
1815.714
1816.0
1816.286
1816.576
1817.285
1817.994
1818.703
1819.412
1820.121
1820.83
1821.54
1822.165
1822.79
1823.055
1823.32
1823.585
1823.85
1824.115
1824.38
1824.645
1824.91
1825.175
1825.44
1825.71
1826.083
1826.456
1826.829
1827.202
1827.575
1827.95
1829.9
1830.161
1830.422
1830.683
1830.944
1831.205
1831.466
1831.727
1831.988
1832.249
1832.51
1832.788
1833.066
1833.344
1833.622
1833.9
1834.098
1834.296
1834.494
1834.692
1834.89
1835.249
1835.608
1835.967
1836.326
1836.685
1837.044
1837.403
1837.762
1838.12
1838.426
1838.732
1839.038
1839.344
1839.65
1839.956
1840.262
1840.568
1840.874
1841.18
1841.477
1841.774
1842.071
1842.368
1842.665
1842.962
1843.26
1843.483
1843.706
1843.929
1844.152
1844.375
1844.598
1844.821
1845.044
1845.27
1845.823
1846.376
1846.929
1847.482
1848.035
1848.588
1849.141
1849.694
1850.247
1850.8
1851.153
1851.506
1851.859
1852.212
1852.565
1852.918
1853.273
1853.873
1854.474
1855.074
1855.675
1856.029
1856.383
1856.737
1857.091
1857.445
1857.8
1858.031
1858.262
1858.493
1858.724
1858.955
1859.186
1859.42
1859.67
1859.92
1860.17
1860.42
1860.67
1860.92
1861.17
1861.42
1861.67
1861.974
1862.278
1862.582
1862.886
1863.19
1863.425
1863.66
1863.895
1864.13
1864.347
1864.564
1864.781
1864.998
1865.215
1865.432
1865.65
1866.645
1867.64
1868.078
1868.516
1868.954
1869.392
1869.83
1870.268
1870.706
1871.144
1871.58
1871.913
1872.246
1872.579
1872.912
1873.245
1873.578
1873.911
1874.244
1874.598
1874.952
1875.306
1875.66
1875.883
1876.106
1876.329
1876.552
1876.775
1876.998
1877.221
1877.444
1877.67
1878.048
1878.426
1878.804
1879.182
1879.56
1879.938
1880.316
1880.694
1881.07
1881.361
1881.652
1881.943
1882.234
1882.525
1882.816
1883.104
1883.296
1883.488
1883.68
1883.872
1884.064
1884.256
1884.448
1884.64
1884.832
1885.02
1885.432
1885.845
1886.258
1886.67
1886.943
1887.216
1887.489
1887.762
1888.035
1888.308
1888.581
1888.854
1889.127
1889.4
1889.673
1889.95
1890.317
1890.684
1891.051
1891.418
1891.785
1892.152
1892.52
1892.739
1892.958
1893.177
1893.396
1893.615
1893.834
1894.053
1894.27
1894.541
1894.812
1895.083
1895.354
1895.625
1895.896
1896.17
1896.5
1896.83
1897.16
1897.49
1897.82
1898.15
1898.48
1898.81
1899.14
1899.47
1899.8
1900.079
1900.358
1900.637
1900.916
1901.195
1901.474
1901.753
1902.032
1902.311
1902.59
1902.87
1903.181
1903.492
1903.803
1904.114
1904.425
1904.736
1905.047
1905.358
1905.669
1905.98
1906.364
1906.748
1907.132
1907.516
1907.9
1908.284
1908.668
1909.05
1909.383
1909.716
1910.049
1910.382
1910.715
1911.05
1912.66
1913.51
1913.722
1913.934
1914.146
1914.358
1914.57
1914.782
1914.994
1915.206
1915.418
1915.63
1915.843
1916.112
1916.381
1916.65
1916.947
1917.244
1917.541
1917.838
1918.135
1918.432
1918.73
1919.774
1920.818
1921.862
1922.906
1923.95
1924.332
1924.714
1925.096
1925.478
1925.86
1926.242
1926.624
1927.006
1927.388
1927.77
1928.096
1928.422
1928.748
1929.074
1929.4
1929.726
1930.052
1930.38
1930.768
1931.156
1931.543
1931.93
1932.318
1932.706
1933.093
1933.48
1933.949
1934.418
1934.887
1935.356
1935.825
1936.294
1936.76
1937.098
1937.436
1937.774
1938.112
1938.45
1938.788
1939.126
1939.464
1939.802
1940.14
1940.48
1940.766
1941.052
1941.338
1941.624
1941.91
1942.196
1942.482
1942.77
1943.128
1943.486
1943.844
1944.202
1944.56
1944.918
1945.276
1945.634
1945.992
1946.35
1947.045
1947.74
1948.435
1949.13
1949.505
1949.88
1950.255
1950.63
1951.005
1951.38
1951.755
1952.13
1952.505
1952.88
1953.343
1953.806
1954.269
1954.732
1955.195
1955.66
1955.917
1956.174
1956.431
1956.688
1956.945
1957.202
1957.459
1957.716
1957.973
1958.23
1958.694
1959.158
1959.622
1960.086
1960.55
1961.014
1961.478
1961.942
1962.406
1962.87
1963.334
1963.798
1964.262
1964.726
1965.185
1972.49
1972.896
1973.302
1973.708
1974.114
1974.52
1974.926
1975.332
1975.738
1976.144
1976.55
1977.9
1979.25
1980.6
1981.95
1982.191
1982.432
1982.673
1982.914
1983.155
1983.396
1983.637
1983.878
1984.12
1984.395
1984.67
1984.945
1985.22
1985.495
1985.77
1986.045
1986.32
1986.595
1986.87
1987.14
1987.471
1987.802
1988.133
1988.464
1988.795
1989.126
1989.457
1989.788
1990.119
1990.45
1990.781
1991.11
1991.312
1991.514
1991.716
1991.918
1992.12
1992.322
1992.524
1992.726
1992.928
1993.13
1993.483
1993.836
1994.189
1994.542
1994.895
1995.248
1995.601
1995.954
1996.31
1996.637
1996.964
1997.291
1997.618
1997.945
1998.272
1998.599
1998.926
1999.253
1999.58
1999.907
2000.234
2000.56
2000.78
2001.0
2001.22
2001.428
2001.636
2001.844
2002.052
2002.26
2002.468
2002.676
2002.884
2003.092
2003.3
2003.508
2003.72
2004.1
2004.48
2004.86
2005.24
2005.62
2005.847
2006.074
2006.301
2006.528
2006.755
2006.982
2007.21
2007.451
2007.692
2007.933
2008.174
2008.415
2008.656
2008.897
2009.14
2009.495
2009.85
2010.205
2010.56
2010.915
2011.27
2011.625
2011.98
2012.335
2012.69
2013.05
2014.96
2016.87
2017.168
2017.465
2017.762
2018.06
2018.593
2019.126
2019.659
2020.192
2020.725
2021.258
2021.791
2022.324
2022.857
2023.39
2024.22
2025.05
2025.88
2026.71
2027.54
2028.37
2029.2
2029.41
2029.62
2029.83
2030.04
2030.25
2030.46
2030.67
2030.88
2031.09
2031.3
2031.51
2031.72
2032.996
2034.272
2035.548
2036.824
2038.1
2038.419
2038.738
2039.057
2039.376
2039.695
2040.014
2040.333
2040.652
2040.971
2041.29
2041.609
2041.926
2042.124
2042.322
2042.52
2042.718
2042.916
2043.114
2043.312
2043.51
2043.708
2043.906
2044.104
2044.3
2044.591
2044.882
2045.173
2045.464
2045.755
2046.046
2046.337
2046.628
2046.919
2047.21
2047.5
2047.817
2048.134
2048.451
2048.768
2049.085
2049.402
2049.719
2050.377
2051.035
2051.693
2052.35
2052.615
2052.88
2053.145
2053.41
2053.675
2053.94
2054.205
2054.47
2054.735
2055.0
2055.26
2055.454
2055.648
2055.842
2056.036
2056.23
2056.527
2056.824
2057.121
2057.418
2057.715
2058.012
2058.309
2058.606
2058.9
2059.125
2059.35
2059.575
2059.8
2060.01
2060.22
2060.43
2060.639
2060.827
2061.015
2061.202
2061.39
2061.577
2061.765
2061.952
2062.139
2062.649
2063.159
2063.669
2064.179
2064.689
2065.199
2065.709
2066.219
2066.729
2067.239
2067.75
2068.641
2069.532
2070.423
2071.314
2072.205
2073.096
2073.987
2074.878
2075.769
2076.659
2077.382
2078.105
2078.828
2079.551
2080.274
2080.997
2081.72
2082.442
2082.65
2082.858
2083.066
2083.274
2083.482
2083.69
2083.9
2084.218
2084.536
2084.854
2085.174
2085.412
2085.65
2085.888
2086.126
2086.364
2086.602
2086.84
2087.046
2087.252
2087.458
2087.664
2087.87
2088.076
2088.28
2088.733
2089.186
2089.639
2090.092
2090.545
2090.998
2091.451
2091.904
2092.357
2092.814
2093.016
2093.218
2093.42
2093.622
2093.824
2094.026
2094.23
2094.441
2094.652
2094.863
2095.074
2095.285
2095.496
2095.707
2095.918
2096.13
2096.362
2096.594
2096.826
2097.058
2097.29
2097.522
2097.755
2097.936
2098.117
2098.298
2098.479
2098.66
2098.841
2099.022
2099.203
2099.384
2099.565
2099.745
2099.917
2100.089
2100.261
2100.433
2100.605
2100.777
2100.949
2101.12
2101.287
2101.453
2101.619
2101.785
2101.952
2102.119
2102.437
2102.755
2103.073
2103.391
2103.709
2104.027
2104.345
2104.66
2105.033
2105.406
2105.779
2106.152
2106.525
2106.898
2107.271
2107.644
2108.017
2108.39
2108.763
2109.136
2109.51
2109.966
2110.422
2110.878
2111.334
2111.79
2112.246
2112.702
2113.16
2114.198
2115.236
2116.274
2117.312
2118.35
2119.388
2120.426
2121.464
2122.502
2123.54
2124.582
2126.628
2128.674
2130.72
2132.766
2134.812
2136.858
2138.904
2140.95
2141.119
2141.288
2141.457
2141.626
2141.795
2141.964
2142.133
2142.302
2142.471
2142.64
2142.809
2142.978
2143.15
2144.092
2145.034
2145.976
2146.918
2147.86
2148.802
2149.744
2150.686
2151.628
2152.57
2153.51
2153.884
2154.258
2154.632
2155.006
2155.38
2155.754
2156.128
2156.5
2156.754
2157.008
2157.262
2157.516
2157.77
2158.024
2158.28
2158.629
2158.978
2159.327
2159.676
2160.025
2160.374
2160.723
2161.07
2161.641
2162.212
2162.783
2163.354
2163.925
2164.496
2165.067
2165.64
2165.9
2166.16
2166.42
2166.68
2166.94
2167.2
2167.46
2167.801
2168.142
2168.483
2168.824
2169.165
2169.505
2169.936
2170.367
2170.798
2171.229
2171.66
2172.007
2172.354
2172.701
2173.048
2173.395
2173.742
2174.089
2174.436
2174.78
2175.538
2176.296
2177.053
2177.81
2178.245
2178.68
2179.115
2179.55
2179.985
2180.42
2180.656
2180.892
2181.128
2181.364
2181.6
2181.836
2182.072
2182.308
2182.54
2182.974
2183.408
2183.842
2184.276
2184.71
2185.144
2185.578
2186.012
2186.446
2186.88
2187.314
2187.748
2188.182
2188.62
2189.086
2189.552
2190.018
2190.484
2190.95
2191.416
2191.88
2192.118
2192.356
2192.594
2192.832
2193.07
2193.308
2193.546
2193.784
2194.022
2194.26
2194.5
2194.708
2194.916
2195.124
2195.332
2195.54
2195.748
2195.956
2196.166
2196.423
2196.68
2196.937
2197.194
2197.451
2197.71
2197.984
2198.258
2198.532
2198.806
2199.08
2199.354
2199.628
2199.902
2200.176
2200.45
2200.724
2200.998
2201.272
2201.546
2201.82
2202.094
2202.36
2202.56
2202.76
2202.96
2203.16
2203.36
2203.56
2203.76
2203.96
2204.16
2204.36
2204.56
2204.76
2204.96
2205.16
2205.444
2205.728
2206.012
2206.296
2206.58
2206.864
2207.148
2207.43
2207.958
2208.486
2209.014
2209.543
2210.072
2210.601
2210.851
2211.1
2212.09
2213.08
2214.07
2215.06
2216.05
2217.04
2218.03
2219.02
2220.01
2221.0
2221.383
2221.766
2222.149
2222.532
2222.915
2223.298
2223.68
2224.34
2225.0
2225.66
2226.32
2226.98
2227.327
2227.675
2228.023
2228.37
2228.717
2229.064
2229.411
2229.76
2229.924
2230.088
2230.252
2230.416
2230.58
2230.744
2230.91
2231.171
2231.432
2231.693
2231.954
2232.215
2232.476
2232.737
2232.998
2233.259
2233.52
2233.781
2234.042
2234.303
2234.564
2234.82
2235.155
2235.49
2235.825
2236.16
2236.495
2236.83
2237.165
2237.5
2238.107
2238.714
2239.321
2239.928
2240.535
2241.14
2241.695
2242.25
2242.805
2243.36
2243.915
2244.47
2245.025
2245.58
2246.135
2246.69
2247.245
2247.8
2248.355
2248.91
2249.465
2250.02
2250.57
2252.524
2252.701
2252.878
2253.055
2253.232
2253.409
2253.586
2253.763
2253.94
2254.232
2254.524
2254.816
2255.108
2255.4
2255.692
2255.984
2256.276
2256.568
2256.86
2257.152
2257.44
2257.842
2258.244
2258.646
2259.048
2259.45
2259.852
2260.254
2260.656
2261.058
2261.46
2261.862
2262.264
2262.666
2263.068
2263.47
2263.872
2264.274
2264.67
2264.896
2265.122
2265.348
2265.574
2265.8
2266.026
2266.252
2266.478
2266.704
2266.93
2267.086
2267.242
2267.398
2267.554
2267.71
2267.866
2268.022
2268.178
2268.334
2268.49
2268.646
2268.802
2268.958
2269.114
2269.27
2269.43
2269.654
2269.878
2270.102
2270.326
2270.55
2270.774
2270.998
2271.222
2271.446
2271.67
2271.894
2272.118
2272.342
2272.566
2272.79
2273.02
2273.276
2273.532
2273.788
2274.044
2274.3
2274.556
2274.81
2275.115
2275.42
2275.725
2276.03
2276.406
2276.782
2277.158
2277.534
2277.91
2278.286
2278.662
2279.038
2279.414
2279.79
2280.17
2282.7
2283.265
2290.87
2291.55
2291.797
2292.044
2292.291
2292.538
2292.785
2293.03
2293.317
2293.604
2293.891
2294.178
2294.465
2294.752
2295.039
2295.326
2295.613
2295.9
2296.116
2296.332
2296.548
2296.764
2296.98
2297.196
2297.412
2297.628
2297.84
2298.328
2298.815
2299.302
2299.79
2300.198
2300.606
2301.014
2301.422
2301.83
2302.238
2302.646
2303.054
2303.46
2303.689
2303.918
2304.147
2304.376
2304.605
2304.834
2305.063
2305.29
2305.476
2305.662
2305.848
2306.034
2306.22
2306.406
2306.592
2306.778
2306.964
2307.15
2307.34
2307.54
2307.74
2307.94
2308.14
2308.34
2308.54
2308.74
2308.94
2309.14
2309.34
2309.54
2309.74
2309.94
2310.14
2310.55
2310.96
2311.37
2311.78
2312.19
2312.6
2313.01
2313.42
2313.83
2314.24
2314.65
2315.06
2315.283
2315.506
2315.729
2315.952
2316.175
2316.398
2316.62
2316.839
2317.058
2317.277
2317.496
2317.715
2317.934
2318.153
2318.372
2318.591
2318.81
2319.029
2319.248
2319.47
2319.744
2320.018
2320.292
2320.566
2320.84
2321.114
2321.388
2321.662
2321.936
2322.21
2322.484
2322.758
2323.032
2323.306
2323.58
2323.859
2324.017
2324.175
2324.333
2324.491
2324.65
2325.256
2325.862
2326.468
2327.074
2327.68
2328.286
2328.89
2329.124
2329.358
2329.592
2329.826
2330.06
2336.3
2336.74
2337.18
2337.62
2338.06
2338.5
2339.179
2339.858
2340.537
2341.216
2341.895
2342.574
2343.25
2343.619
2343.988
2344.357
2344.726
2345.095
2345.464
2345.833
2346.202
2346.571
2346.94
2347.159
2347.378
2347.597
2347.816
2348.035
2348.254
2348.473
2348.692
2348.911
2349.13
2349.349
2349.568
2349.787
2350.006
2350.22
2350.437
2350.654
2350.87
2351.208
2351.546
2351.884
2352.222
2352.56
2352.898
2353.236
2353.574
2353.912
2354.25
2354.588
2354.926
2355.27
2355.463
2355.656
2355.849
2356.042
2356.235
2356.428
2356.621
2356.814
2357.007
2357.2
2357.393
2357.586
2357.779
2357.972
2358.165
2358.36
2358.863
2359.366
2359.87
2360.072
2360.274
2360.476
2360.678
2360.88
2361.082
2361.284
2361.49
2361.778
2362.066
2362.354
2362.642
2362.93
2363.218
2363.506
2363.794
2364.082
2364.37
2364.658
2364.946
2365.234
2365.522
2365.81
2366.096
2366.299
2366.502
2366.705
2366.908
2367.111
2367.314
2367.517
2367.72
2367.92
2368.159
2368.398
2368.637
2368.876
2369.115
2369.354
2369.593
2369.832
2370.071
2370.31
2370.549
2370.79
2371.523
2372.256
2372.989
2373.722
2374.455
2375.188
2375.92
2376.16
2376.4
2376.64
2376.88
2377.12
2377.36
2377.6
2377.793
2377.986
2378.179
2378.372
2378.565
2378.758
2378.951
2379.144
2379.337
2379.53
2379.723
2379.916
2380.109
2380.3
2380.708
2381.116
2381.524
2381.932
2382.34
2382.75
2382.983
2383.216
2383.449
2383.682
2383.915
2384.148
2384.381
2384.614
2384.847
2385.08
2385.313
2385.55
2385.799
2386.048
2386.297
2386.546
2386.795
2387.044
2387.293
2387.542
2387.791
2388.04
2388.29
2388.488
2388.686
2388.884
2389.082
2389.28
2389.478
2389.676
2389.874
2390.072
2390.27
2390.47
2390.787
2391.104
2391.421
2391.738
2392.055
2392.372
2392.69
2393.086
2393.482
2393.878
2394.274
2394.67
2395.066
2395.462
2395.858
2396.254
2396.65
2397.046
2397.44
2397.723
2398.006
2398.289
2398.572
2398.855
2399.138
2399.421
2399.704
2399.99
2400.194
2400.398
2400.602
2400.806
2401.01
2401.214
2401.418
2401.622
2401.826
2402.03
2402.234
2402.44
2403.04
2403.64
2404.24
2404.485
2404.73
2404.975
2405.22
2405.465
2405.71
2405.955
2406.202
2406.391
2406.58
2406.769
2406.958
2407.147
2407.336
2407.525
2407.714
2407.903
2408.092
2408.281
2408.47
2408.66
2408.985
2409.31
2409.635
2409.96
2410.285
2410.61
2410.935
2411.26
2411.585
2411.91
2412.264
2412.618
2412.972
2413.326
2413.68
2414.034
2414.388
2414.742
2415.096
2415.45
2415.814
2416.178
2416.542
2416.906
2417.27
2417.456
2417.642
2417.828
2418.014
2418.2
2418.386
2418.572
2418.758
2418.944
2419.13
2419.32
2419.6
2419.88
2420.16
2420.44
2420.72
2421.0
2421.28
2421.56
2421.84
2422.086
2422.332
2422.578
2422.824
2423.07
2423.316
2423.562
2423.808
2424.054
2424.3
2424.546
2424.792
2425.013
2425.234
2425.455
2425.676
2425.897
2426.118
2426.339
2426.56
2426.781
2427.0
2427.171
2427.342
2427.513
2427.684
2427.855
2428.026
2428.197
2428.368
2428.541
2428.92
2429.299
2429.678
2430.057
2430.436
2430.815
2431.194
2431.573
2431.952
2432.33
2432.775
2433.22
2433.665
2434.11
2434.329
2434.548
2434.767
2434.986
2435.205
2435.424
2435.643
2435.862
2436.084
2436.286
2436.488
2436.69
2436.892
2437.094
2437.296
2437.5
2437.745
2437.99
2438.235
2438.48
2438.725
2438.97
2439.254
2439.538
2439.822
2440.106
2440.39
2440.674
2440.958
2441.242
2441.526
2441.81
2442.09
2443.425
2444.76
2446.095
2447.43
2448.765
2450.1
2451.435
2452.77
2454.105
2455.44
2456.775
2458.11
2458.345
2458.58
2458.815
2459.05
2459.285
2459.52
2459.755
2459.99
2460.225
2460.46
2460.7
2460.995
2461.29
2461.523
2461.756
2461.989
2462.222
2462.455
2462.688
2462.921
2463.154
2463.387
2463.62
2463.993
2464.366
2464.739
2465.112
2465.485
2465.858
2466.23
2466.9
2467.57
2468.24
2468.91
2469.58
2470.25
2470.92
2471.59
2472.26
2472.93
2473.6
2474.27
2474.94
2475.325
2475.71
2476.095
2476.48
2476.865
2477.25
2477.635
2478.02
2478.405
2478.79
2479.175
2479.56
2479.94
2481.196
2482.452
2483.708
2484.964
2486.22
2487.476
2488.732
2489.988
2491.244
2492.5
2493.393
2494.286
2495.179
2496.072
2496.965
2497.858
2498.751
2499.644
2500.537
2501.43
2502.323
2503.22
2503.585
2503.95
2504.315
2504.68
2505.045
2505.41
2505.775
2506.14
2506.505
2506.87
2507.235
2507.6
2508.921
2510.242
2511.563
2512.884
2514.205
2515.526
2516.847
2518.17
2518.73
2518.972
2519.214
2519.456
2519.698
2519.94
2520.182
2520.424
2520.666
2520.908
2521.149
2521.378
2521.607
2521.836
2522.065
2522.294
2522.523
2522.752
2522.981
2523.21
2523.44
2523.697
2523.954
2524.211
2524.468
2524.725
2524.982
2525.239
2525.496
2525.753
2526.006
2526.274
2526.542
2526.81
2527.078
2527.346
2527.614
2527.88
2528.71
2529.54
2530.37
2530.563
2530.756
2530.949
2531.142
2531.335
2531.528
2531.721
2531.914
2532.11
2532.315
2532.52
2532.725
2532.93
2533.135
2533.34
2533.545
2533.75
2533.955
2534.16
2534.37
2534.939
2535.508
2536.077
2536.646
2537.215
2537.784
2538.353
2538.92
2539.139
2539.358
2539.577
2539.796
2540.015
2540.234
2540.453
2540.672
2540.89
2541.164
2541.438
2541.712
2541.986
2542.26
2542.534
2542.81
2543.01
2543.21
2543.41
2543.61
2543.81
2544.01
2544.21
2544.41
2544.639
2544.868
2545.097
2545.326
2545.555
2545.784
2546.013
2546.242
2546.471
2546.7
2546.95
2547.2
2547.45
2547.7
2547.95
2548.2
2548.45
2548.7
2548.95
2549.202
2549.416
2549.63
2549.843
2550.056
2550.269
2550.482
2550.695
2550.91
2551.333
2551.756
2552.179
2552.602
2553.025
2553.446
2553.633
2553.82
2554.007
2554.194
2554.381
2554.57
2554.776
2554.982
2555.188
2555.394
2555.6
2555.806
2556.012
2556.218
2556.424
2556.63
2556.985
2557.34
2557.695
2558.05
2558.405
2558.76
2559.115
2559.47
2559.825
2560.18
2560.535
2560.89
2561.24
2561.582
2561.924
2562.266
2562.608
2562.95
2563.292
2563.634
2563.976
2564.32
2564.82
2564.992
2565.164
2565.336
2565.508
2565.68
2565.852
2566.024
2566.195
2566.603
2567.011
2567.419
2567.827
2568.235
2568.643
2569.051
2569.46
2569.79
2570.12
2570.45
2570.78
2571.11
2571.44
2571.77
2572.1
2572.43
2572.76
2573.09
2573.42
2573.92
2574.632
2575.344
2576.056
2576.768
2577.48
2578.09
2578.7
2579.31
2579.92
2580.53
2581.14
2581.88
2583.99
2584.66
2586.11
2587.345
2587.545
2587.745
2587.945
2588.145
2588.345
2588.587
2588.829
2589.071
2589.313
2589.557
2589.786
2590.015
2590.244
2590.473
2590.702
2590.931
2591.16
2591.39
2591.632
2591.874
2592.116
2592.358
2592.6
2594.4
2595.059
2595.718
2596.377
2597.036
2597.695
2598.354
2599.013
2599.672
2600.33
2601.13
2602.07
2602.409
2602.748
2603.087
2603.426
2603.765
2604.104
2604.443
2604.782
2605.12
2605.63
2606.14
2606.65
2607.16
2607.67
2607.91
2608.15
2608.39
2608.63
2608.87
2609.11
2609.35
2609.59
2609.968
2610.346
2610.724
2611.102
2611.48
2611.858
2612.236
2612.614
2612.992
2613.37
2613.876
2614.382
2614.888
2615.394
2615.9
2616.434
2616.968
2617.502
2618.036
2618.57
2619.104
2619.64
2620.089
2620.538
2620.987
2621.436
2621.885
2622.334
2622.783
2623.232
2623.68
2624.573
2625.466
2626.36
2626.815
2627.27
2627.725
2628.18
2628.635
2629.09
2629.545
2630.0
2630.455
2630.91
2631.104
2631.298
2631.492
2631.686
2631.88
2632.074
2632.268
2632.462
2632.66
2632.889
2633.118
2633.347
2633.576
2633.805
2634.034
2634.263
2634.492
2634.721
2634.95
2635.358
2635.766
2636.174
2636.582
2636.99
2637.398
2637.806
2638.214
2638.622
2639.03
2639.438
2639.846
2640.254
2640.662
2640.833
2641.004
2641.175
2641.346
2641.517
2641.688
2641.859
2642.03
2642.201
2642.37
2642.621
2642.872
2643.123
2643.374
2643.625
2643.876
2644.127
2644.378
2644.629
2644.88
2645.131
2645.38
2646.048
2646.715
2647.383
2648.05
2648.827
2649.604
2650.38
2650.628
2650.876
2651.124
2651.372
2651.62
2651.868
2652.116
2652.364
2652.61
2652.965
2653.32
2653.675
2654.03
2654.385
2654.74
2655.095
2655.45
2655.805
2656.16
2656.515
2656.87
2657.086
2657.302
2657.518
2657.734
2657.95
2658.166
2658.382
2658.598
2658.814
2659.03
2659.246
2659.462
2659.678
2659.89
2660.075
2660.26
2660.445
2660.63
2660.815
2661.0
2661.185
2661.37
2662.581
2663.792
2665.003
2666.214
2667.425
2668.636
2669.847
2671.06
2672.661
2674.262
2675.863
2677.464
2679.065
2680.666
2682.267
2683.868
2685.467
2685.679
2685.891
2686.103
2686.315
2686.527
2686.739
2686.951
2687.163
2687.375
2687.587
2687.8
2688.235
2688.67
2689.105
2689.54
2689.975
2690.41
2690.845
2691.28
2691.715
2692.15
2692.537
2692.924
2693.311
2693.698
2694.085
2694.472
2694.86
2695.247
2695.634
2696.021
2696.409
2696.8
2697.363
2697.926
2698.489
2699.052
2699.615
2700.178
2700.74
2702.123
2703.506
2704.889
2706.272
2707.655
2709.04
2709.508
2709.976
2710.444
2710.912
2711.38
2711.85
2712.289
2712.728
2713.167
2713.606
2714.045
2714.484
2714.923
2715.362
2715.801
2716.24
2716.679
2717.118
2717.557
2718.0
2718.311
2718.622
2718.933
2719.244
2719.555
2719.866
2720.177
2720.488
2720.8
2721.124
2721.448
2721.772
2722.096
2722.42
2722.673
2722.926
2723.179
2723.432
2723.685
2723.938
2724.19
2724.442
2724.694
2724.946
2725.198
2725.45
2725.702
2725.954
2726.206
2726.458
2726.71
2726.962
2727.214
2727.47
2727.658
2727.846
2728.034
2728.222
2728.41
2728.598
2728.786
2728.974
2729.162
2729.35
2729.538
2729.726
2729.914
2730.102
2730.29
2730.48
2730.956
2731.432
2731.908
2732.384
2732.86
2733.336
2733.812
2734.288
2734.76
2735.152
2735.544
2735.936
2736.328
2736.72
2737.112
2737.504
2737.896
2738.29
2738.724
2739.158
2739.592
2740.026
2740.46
2740.894
2741.33
2741.718
2742.106
2742.494
2742.882
2743.27
2743.658
2744.046
2744.434
2744.82
2745.366
2745.912
2746.458
2747.004
2747.55
2748.096
2748.642
2749.188
2749.73
2751.701
2753.672
2755.643
2757.614
2759.585
2761.556
2763.53
2763.806
2764.082
2764.358
2764.634
2764.91
2765.177
2765.445
2765.713
2765.981
2766.249
2766.516
2766.784
2767.05
2767.382
2767.714
2768.046
2768.378
2768.71
2769.042
2769.374
2769.706
2770.04
2771.28
2771.467
2771.654
2771.841
2772.028
2772.215
2772.402
2772.589
2772.776
2772.96
2773.216
2773.472
2773.728
2773.984
2774.24
2774.496
2774.752
2775.01
2775.186
2775.362
2775.538
2775.714
2775.89
2776.066
2776.242
2776.418
2776.593
2776.859
2777.125
2777.391
2777.657
2777.923
2778.189
2778.455
2778.72
2779.104
2779.488
2779.872
2780.256
2780.64
2781.024
2781.408
2781.792
2782.176
2782.56
2782.979
2783.398
2783.817
2784.236
2784.655
2785.074
2785.49
2785.717
2785.944
2786.171
2786.398
2786.625
2786.852
2787.079
2787.306
2787.533
2787.76
2787.987
2788.21
2788.874
2789.538
2790.202
2790.866
2791.53
2792.194
2792.858
2793.522
2794.186
2794.85
2795.514
2796.178
2796.842
2797.511
2797.873
2798.235
2798.597
2798.959
2799.321
2799.683
2800.045
2800.41
2800.677
2800.944
2801.211
2801.478
2801.745
2802.012
2802.279
2802.546
2802.813
2803.08
2803.347
2803.614
2803.881
2804.146
2804.318
2804.49
2804.662
2804.834
2805.006
2805.178
2805.35
2805.52
2805.797
2806.074
2806.351
2806.628
2806.905
2807.182
2807.46
2807.958
2808.456
2808.954
2809.452
2809.95
2810.45
2810.762
2811.074
2811.386
2811.698
2812.01
2812.322
2812.634
2812.949
2813.148
2813.347
2813.546
2813.745
2813.944
2814.143
2814.342
2814.541
2814.74
2815.072
2815.404
2815.736
2816.068
2816.4
2816.732
2817.064
2817.396
2817.73
2818.042
2818.354
2818.666
2818.978
2819.29
2819.602
2819.914
2820.226
2820.538
2820.85
2821.162
2821.474
2821.78
2822.073
2822.366
2822.659
2822.952
2823.245
2823.538
2823.83
2824.276
2824.722
2825.168
2825.614
2826.06
2826.506
2826.95
2827.288
2827.626
2827.964
2828.302
2828.64
2828.98
2830.031
2831.082
2832.133
2833.184
2834.235
2835.286
2836.337
2837.388
2838.439
2839.49
2840.54
2840.806
2841.072
2841.338
2841.604
2841.87
2842.136
2842.4
2843.133
2843.866
2844.599
2845.332
2846.065
2846.798
2847.531
2848.264
2849.0
2849.496
2849.992
2850.488
2850.984
2851.48
2851.976
2852.472
2852.968
2853.46
2853.724
2853.988
2854.252
2854.516
2854.78
2855.044
2855.308
2855.57
2855.952
2856.334
2856.716
2857.098
2857.48
2857.862
2858.244
2858.626
2859.01
2859.232
2859.454
2859.676
2859.898
2860.12
2860.342
2860.564
2860.786
2861.008
2861.23
2861.452
2861.67
2861.929
2862.188
2862.447
2862.706
2862.965
2863.224
2863.483
2863.739
2863.968
2864.197
2864.426
2864.655
2864.884
2865.113
2865.342
2865.571
2865.8
2866.03
2866.524
2867.018
2867.512
2868.006
2868.5
2868.994
2869.488
2869.982
2870.48
2870.721
2870.962
2871.203
2871.444
2871.685
2871.926
2872.167
2872.408
2872.649
2872.89
2873.13
2873.372
2873.614
2873.856
2874.098
2874.34
2874.582
2874.824
2875.066
2875.308
2875.55
2876.17
2876.79
2877.41
2878.03
2878.65
2879.27
2879.89
2880.512
2880.741
2880.97
2881.199
2881.428
2881.657
2881.886
2882.115
2882.344
2882.573
2882.802
2883.03
2883.302
2883.574
2883.846
2884.118
2884.39
2884.66
2884.91
2885.16
2885.41
2885.66
2885.91
2886.16
2886.41
2886.66
2886.91
2887.16
2887.724
2888.288
2888.852
2889.416
2889.98
2890.544
2891.108
2891.672
2892.24
2893.623
2895.006
2896.389
2897.772
2899.155
2900.538
2901.921
2903.304
2904.687
2906.07
2907.45
2908.055
2908.66
2909.265
2909.87
2910.475
2911.08
2911.685
2912.29
2912.895
2913.5
2913.758
2914.016
2914.274
2914.532
2914.79
2915.048
2915.306
2915.564
2915.82
2917.318
2918.816
2920.314
2921.812
2923.31
2924.177
2925.044
2925.911
2926.778
2927.645
2928.51
2929.05
2929.59
2930.13
2930.67
2931.21
2931.75
2937.3
2937.627
2937.954
2938.281
2938.608
2938.935
2939.262
2939.589
2939.916
2940.243
2940.57
2940.897
2941.224
2941.55
2941.79
2942.03
2942.27
2942.51
2942.75
2942.99
2943.23
2943.497
2943.764
2944.031
2944.298
2944.565
2944.832
2945.099
2945.366
2945.633
2945.9
2946.167
2946.43
2946.715
2947.0
2947.285
2947.57
2947.855
2948.14
2948.425
2948.71
2949.072
2949.434
2949.796
2950.158
2950.52
2950.882
2951.244
2951.606
2951.968
2952.33
2952.632
2952.934
2953.236
2953.538
2953.84
2954.142
2954.444
2954.746
2955.048
2955.35
2955.622
2955.894
2956.166
2956.439
2956.711
2956.983
2957.256
2957.53
2957.884
2958.238
2958.592
2958.946
2959.3
2959.654
2960.008
2960.362
2960.716
2961.07
2961.522
2961.974
2962.426
2962.878
2963.33
2963.782
2964.234
2964.686
2965.138
2965.59
2966.042
2966.494
2966.94
2967.695
2968.45
2968.653
2968.856
2969.059
2969.262
2969.465
2969.67
2969.948
2970.226
2970.504
2970.782
2971.06
2971.338
2971.616
2971.894
2972.172
2972.45
2973.01
2973.57
2973.803
2974.035
2974.267
2974.499
2974.731
2974.964
2975.197
2975.43
2975.721
2976.012
2976.303
2976.594
2976.885
2977.176
2977.467
2977.758
2978.049
2978.34
2978.63
2978.888
2979.146
2979.404
2979.662
2979.92
2980.178
2980.436
2980.694
2980.952
2981.21
2981.741
2982.272
2982.803
2983.334
2983.865
2984.396
2984.93
2985.135
2985.34
2985.545
2985.75
2985.955
2986.16
2986.365
2986.57
2986.775
2986.98
2987.43
2987.88
2988.33
2988.78
2989.23
2989.68
2991.37
2991.674
2991.978
2992.282
2992.586
2992.89
2993.421
2993.952
2994.483
2995.014
2995.545
2996.076
2996.607
2997.14
2997.517
2997.894
2998.271
2998.648
2999.025
2999.4
2999.862
3000.324
3000.786
3001.248
3001.71
3002.172
3002.634
3003.094
3003.707
3004.32
3004.933
3005.546
3006.159
3006.772
3007.385
3007.998
3008.611
3009.224
3009.84
3010.138
3010.436
3010.734
3011.03
3011.983
3012.936
3013.889
3014.84
3015.24
3015.64
3016.04
3016.44
3016.84
3017.24
3017.719
3018.198
3018.677
3019.156
3019.635
3020.114
3020.593
3021.072
3021.551
3022.03
3022.51
3022.858
3023.206
3023.553
3023.9
3024.63
3025.36
3025.578
3025.796
3026.014
3026.232
3026.45
3026.67
3027.088
3027.506
3027.924
3028.342
3028.76
3029.024
3029.288
3029.552
3029.816
3030.08
3030.344
3030.608
3030.872
3031.136
3031.4
3031.664
3031.928
3032.192
3032.45
3032.789
3033.128
3033.467
3033.806
3034.145
3034.484
3034.823
3035.165
3035.546
3035.927
3036.308
3036.689
3037.07
3037.451
3037.83
3038.48
3039.13
3039.78
3040.43
3040.571
3040.712
3040.853
3040.994
3041.135
3041.276
3041.417
3041.558
3041.699
3041.84
3042.038
3042.236
3042.434
3042.632
3042.83
3043.028
3043.226
3043.424
3043.622
3043.82
3044.018
3044.216
3044.41
3044.587
3044.764
3044.941
3045.118
3045.295
3045.472
3045.649
3045.826
3046.003
3046.18
3046.357
3046.534
3046.711
3046.89
3047.71
3048.31
3048.91
3049.51
3049.744
3049.978
3050.212
3050.446
3050.68
3050.914
3051.148
3051.38
3051.578
3051.775
3051.972
3052.169
3052.367
3052.565
3052.762
3052.96
3053.284
3053.608
3053.932
3054.256
3054.58
3054.904
3055.23
3055.519
3055.808
3056.097
3056.386
3056.675
3056.964
3057.253
3057.542
3057.831
3058.12
3058.409
3058.7
3058.986
3059.272
3059.558
3059.844
3060.13
3060.416
3060.7
3061.604
3062.508
3063.412
3064.316
3065.22
3065.6
3065.98
3066.36
3066.74
3067.12
3067.5
3067.88
3068.26
3068.64
3068.899
3069.158
3069.417
3069.676
3069.935
3070.194
3070.453
3070.712
3070.97
3071.401
3071.832
3072.263
3072.694
3073.125
3073.556
3073.99
3074.614
3075.238
3075.862
3076.486
3077.11
3077.734
3078.358
3078.98
3079.481
3079.982
3080.483
3080.984
3081.485
3081.986
3082.487
3082.988
3083.489
3083.99
3084.491
3084.992
3085.493
3085.994
3086.495
3086.99
3087.428
3087.866
3088.304
3088.742
3089.18
3089.618
3090.056
3090.494
3090.932
3091.37
3091.875
3092.38
3092.885
3093.39
3093.895
3094.4
3094.905
3095.41
3095.915
3096.42
3096.92
3097.242
3097.564
3097.886
3098.208
3098.53
3099.039
3099.548
3100.057
3100.566
3101.075
3101.584
3102.093
3102.602
3103.111
3103.62
3104.129
3104.638
3105.147
3105.656
3106.165
3106.67
3107.069
3107.468
3107.867
3108.266
3108.665
3109.064
3109.463
3109.862
3110.261
3110.66
3111.004
3111.348
3111.692
3112.036
3112.38
3112.724
3113.07
3113.334
3113.598
3113.862
3114.126
3114.39
3114.654
3114.92
3115.434
3115.948
3116.462
3116.976
3117.49
3118.004
3118.518
3119.032
3119.55
3119.802
3120.054
3120.306
3120.558
3120.81
3121.064
3121.318
3121.572
3121.824
3121.977
3122.13
3122.283
3122.436
3122.589
3122.74
3122.942
3123.144
3123.346
3123.548
3123.75
3123.952
3124.156
3124.377
3124.598
3124.819
3125.04
3125.261
3125.482
3125.7
3125.7
3125.7
3125.7
3125.7
3125.7
3125.7
3125.7
