73.119
73.399
73.679
73.959
74.239
74.519
74.799
75.079
75.359
75.639
75.919
76.199
76.479
76.759
77.039
77.319
77.599
77.88
78.193
78.506
78.819
79.132
79.445
79.758
80.071
80.384
80.697
81.01
81.323
81.636
81.949
82.262
82.569
82.764
82.959
83.154
83.349
83.544
83.739
83.934
84.129
84.324
84.519
84.714
84.909
85.104
85.299
85.499
85.966
86.433
86.9
87.367
87.834
88.301
88.768
89.235
89.702
90.169
90.636
91.103
91.57
92.037
92.504
92.969
93.364
93.759
94.154
94.549
94.944
95.339
95.734
96.129
96.524
96.919
97.314
97.709
98.104
98.499
98.894
99.289
99.49
99.691
99.892
100.093
100.294
100.495
100.696
100.897
101.098
101.299
101.5
101.701
101.902
102.103
102.299
102.538
102.777
103.016
103.255
103.494
103.733
103.972
104.211
104.45
104.689
104.928
105.167
105.406
105.645
105.879
106.18
106.481
106.782
107.083
107.384
107.685
107.986
108.287
108.588
108.889
109.19
109.491
109.792
110.093
110.394
110.7
111.222
111.744
112.266
112.788
113.31
113.832
114.354
114.876
115.398
115.92
116.442
116.964
117.486
118.008
118.53
119.052
119.574
120.096
120.619
121.068
121.517
121.966
122.415
122.864
123.313
123.762
124.211
124.66
125.109
125.558
126.007
126.456
126.905
127.354
127.803
128.252
128.701
129.15
129.59
129.937
130.284
130.631
130.978
131.325
131.672
132.019
132.366
132.713
133.06
133.407
133.754
134.101
134.448
134.79
135.153
135.516
135.879
136.242
136.605
136.968
137.331
137.694
138.056
138.419
138.782
139.145
139.508
139.871
140.234
140.59
140.879
141.168
141.457
141.746
142.035
142.324
142.613
142.902
143.191
143.48
143.769
144.058
144.347
144.636
144.925
145.214
145.51
146.041
146.572
147.103
147.634
148.165
148.696
149.227
149.758
150.289
150.82
151.351
151.882
152.413
152.944
153.475
154.006
154.537
155.068
155.599
156.139
157.2
158.261
159.322
160.383
161.444
162.505
163.566
164.627
165.688
166.749
167.81
168.871
169.932
170.993
172.054
173.115
174.176
175.239
175.691
176.143
176.595
177.047
177.499
177.951
178.403
178.855
179.307
179.759
180.211
180.663
181.115
181.567
182.019
182.471
182.93
183.557
184.184
184.811
185.438
186.065
186.692
187.319
187.946
188.573
189.2
189.827
190.459
191.03
191.601
192.172
192.743
193.314
193.885
194.456
195.027
195.598
196.169
196.74
197.311
197.882
198.453
199.024
199.595
200.166
200.737
201.308
201.879
202.44
202.899
203.358
203.817
204.276
204.735
205.194
205.653
206.112
206.571
207.03
207.489
207.948
208.407
208.866
209.325
209.784
210.243
210.702
211.161
211.629
212.199
212.769
213.339
213.909
214.479
215.049
215.619
216.189
216.759
217.329
217.899
218.469
219.039
219.609
220.179
220.749
221.319
221.889
222.459
223.029
223.599
224.169
224.73
225.238
225.746
226.254
226.762
227.27
227.778
228.286
228.794
229.302
229.81
230.318
230.826
231.334
231.842
232.35
232.858
233.366
233.874
234.382
234.89
235.389
235.837
236.285
236.733
237.181
237.629
238.077
238.525
238.973
239.421
239.869
240.317
240.765
241.213
241.661
242.109
242.557
243.005
243.453
243.9
244.295
244.69
245.085
245.48
245.875
246.27
246.665
247.06
247.455
247.85
248.245
248.64
249.035
249.43
249.825
250.22
250.615
251.01
251.405
251.799
252.231
252.663
253.095
253.527
253.959
254.391
254.823
255.255
255.687
256.119
256.549
257.074
257.599
258.124
258.649
259.174
259.699
260.224
260.749
261.274
261.799
262.324
262.849
263.374
263.899
264.424
264.949
265.474
266.0
266.377
266.754
267.131
267.508
267.885
268.262
268.639
269.016
269.393
269.77
270.147
270.524
270.901
271.278
271.655
272.032
272.409
272.78
273.188
273.596
274.004
274.412
274.82
275.228
275.636
276.044
276.452
276.86
277.268
277.676
278.084
278.492
278.9
279.308
279.72
279.899
280.078
280.257
280.436
280.615
280.794
280.973
281.152
281.331
281.51
281.689
281.868
282.047
282.226
282.405
282.584
282.763
282.942
283.121
283.3
283.479
283.658
283.84
284.157
284.474
284.791
285.108
285.425
285.742
286.059
286.376
286.693
287.01
287.327
287.644
287.961
288.278
288.595
288.912
289.229
289.546
289.86
290.928
291.996
293.064
294.132
295.2
296.268
297.336
298.404
299.472
300.54
301.608
302.676
303.744
304.812
305.88
306.948
308.016
309.08
309.645
310.21
310.775
311.34
311.905
312.47
313.036
313.601
314.166
314.731
315.296
315.861
316.426
316.991
317.556
318.121
318.686
319.251
319.816
320.39
320.774
321.158
321.542
321.926
322.31
322.694
323.078
323.462
323.846
324.23
324.614
324.998
325.382
325.766
326.15
326.534
326.918
327.3
327.91
328.52
329.13
329.74
330.35
330.96
331.57
332.18
332.79
333.4
334.01
334.62
335.23
335.84
336.45
337.06
337.67
338.28
338.749
339.218
339.687
340.156
340.625
341.094
341.563
342.032
342.501
342.97
343.439
343.908
344.377
344.846
345.315
345.784
346.25
346.538
346.826
347.114
347.402
347.69
347.978
348.266
348.554
348.842
349.13
349.418
349.706
349.994
350.282
350.57
350.858
351.146
351.434
351.729
352.231
352.733
353.235
353.737
354.239
354.741
355.243
355.745
356.247
356.749
357.251
357.753
358.255
358.757
359.259
359.761
360.263
360.76
361.322
361.884
362.446
363.008
363.57
364.132
364.694
365.256
365.819
366.193
366.567
366.941
367.315
367.689
368.063
368.437
368.811
369.185
369.559
369.933
370.307
370.681
371.055
371.429
371.803
372.177
372.551
372.925
373.29
373.64
373.99
374.34
374.69
375.04
375.39
375.74
376.09
376.44
376.79
377.14
377.49
377.84
378.19
378.54
378.89
379.24
379.59
379.94
380.29
380.639
380.94
381.241
381.542
381.843
382.144
382.445
382.746
383.047
383.348
383.649
383.95
384.251
384.552
384.853
385.154
385.455
385.756
386.057
386.358
386.659
386.96
387.261
387.56
388.114
388.668
389.222
389.776
390.33
390.884
391.438
391.992
392.546
393.1
393.654
394.208
394.762
395.316
395.87
396.424
396.978
397.532
398.08
398.424
398.768
399.112
399.456
399.8
400.144
400.488
400.832
401.176
401.52
401.864
402.208
402.552
402.896
403.24
403.584
403.928
404.28
404.553
404.826
405.099
405.372
405.645
405.918
406.191
406.464
406.737
407.01
407.283
407.556
407.829
408.102
408.375
408.648
408.921
409.194
409.46
409.695
409.93
410.165
410.4
410.635
410.87
411.105
411.34
411.575
411.81
412.045
412.28
412.515
412.75
412.985
413.22
413.455
413.69
413.919
414.381
414.843
415.305
415.767
416.229
416.691
417.153
417.615
418.077
418.539
419.001
419.463
419.925
420.387
420.849
421.311
421.773
422.24
422.474
422.708
422.942
423.176
423.41
423.644
423.878
424.112
424.346
424.58
424.814
425.048
425.282
425.516
425.75
425.984
426.218
426.449
427.014
427.579
428.144
428.709
429.274
429.839
430.404
430.969
431.534
432.099
432.664
433.229
433.8
434.258
434.716
435.174
435.632
436.09
436.548
437.006
437.464
437.922
438.38
438.838
439.296
439.754
440.21
440.558
440.906
441.254
441.602
441.95
442.298
442.646
442.994
443.342
443.69
443.961
444.232
444.503
444.774
445.045
445.316
445.587
445.858
446.129
446.4
446.671
446.942
447.213
447.484
447.755
448.026
448.289
448.682
449.075
449.468
449.861
450.254
450.647
451.04
451.433
451.826
452.219
452.612
453.005
453.398
453.791
454.184
454.58
455.106
455.632
456.158
456.684
457.21
457.736
458.262
458.788
459.314
459.84
460.366
460.892
461.418
461.944
462.47
462.996
463.522
464.048
464.57
465.634
466.698
467.762
468.826
469.89
470.954
472.018
473.082
474.146
475.21
476.274
477.338
478.402
479.466
480.53
481.594
482.658
483.73
486.839
489.948
493.057
496.166
499.275
502.384
505.493
508.599
510.761
512.923
515.085
517.247
519.409
521.571
523.733
525.895
528.057
530.22
531.446
532.672
533.898
535.124
536.35
537.576
538.802
540.028
541.254
542.48
543.706
544.932
546.158
547.384
548.61
549.836
551.062
552.288
553.52
554.275
555.03
555.785
556.54
557.295
558.05
558.805
559.56
560.315
561.07
561.825
562.58
563.335
564.09
564.845
565.6
565.934
566.268
566.602
566.936
567.27
567.604
567.938
568.272
568.606
568.94
569.274
569.608
569.942
570.276
570.61
570.944
571.278
571.612
571.949
572.307
572.665
573.023
573.381
573.739
574.097
574.455
574.813
575.171
575.529
575.887
576.245
576.603
576.961
577.319
577.68
577.937
578.194
578.451
578.708
578.965
579.222
579.479
579.736
579.993
580.25
580.507
580.764
581.021
581.278
581.535
581.792
582.049
582.306
582.562
582.762
582.962
583.162
583.362
583.562
583.762
583.962
584.162
584.362
584.562
584.762
584.962
585.162
585.362
585.562
585.762
585.962
586.16
586.66
587.16
587.951
588.742
589.533
590.324
591.115
591.906
592.697
593.488
594.279
595.07
595.861
596.652
597.443
598.234
599.029
600.856
602.683
604.51
606.337
608.164
609.991
611.818
613.645
615.472
617.299
619.126
620.953
622.78
624.607
626.44
626.771
627.102
627.433
627.764
628.095
628.426
628.757
629.088
629.419
629.75
630.081
630.412
630.743
631.074
631.405
631.736
632.07
632.754
633.438
634.122
634.806
635.49
636.174
636.858
637.542
638.226
638.91
639.594
640.278
640.962
641.646
642.33
643.014
643.698
644.382
645.066
645.75
646.685
647.62
648.555
649.49
650.425
651.36
652.295
653.23
654.165
655.1
656.035
656.97
657.9
658.748
659.596
660.444
661.292
662.14
662.988
663.836
664.684
665.532
666.38
667.228
668.076
668.924
669.772
670.62
671.468
672.316
673.164
674.012
674.86
675.71
676.164
676.618
677.072
677.526
677.98
678.434
678.888
679.342
679.796
680.25
680.704
681.158
681.612
682.066
682.52
682.97
683.547
684.124
684.701
685.278
685.855
686.432
687.009
687.586
688.163
688.74
689.317
689.894
690.471
691.048
691.625
692.199
692.84
693.481
694.122
694.763
695.404
696.045
696.686
697.327
697.968
698.609
699.25
699.891
700.532
701.173
701.814
702.459
702.928
703.397
703.866
704.335
704.804
705.273
705.742
706.211
706.68
707.149
707.618
708.087
708.556
709.025
709.494
709.963
710.432
710.901
711.37
711.554
711.738
711.922
712.106
712.29
712.474
712.658
712.842
713.026
713.21
713.394
713.578
713.762
713.946
714.13
714.314
714.498
714.682
714.866
715.05
715.23
715.474
715.718
715.962
716.206
716.45
716.694
716.938
717.182
717.426
717.67
717.913
718.157
718.401
718.644
718.888
719.132
719.375
719.619
719.863
720.1
720.48
720.86
721.24
721.62
722.0
722.38
722.76
723.14
723.52
723.9
724.28
724.66
725.04
725.42
725.8
726.18
726.56
726.94
727.32
727.709
728.112
728.515
728.918
729.322
729.726
730.13
730.575
731.02
731.465
731.91
732.355
732.8
733.245
733.69
734.135
734.58
735.025
735.47
735.915
736.36
736.805
737.25
737.695
738.139
738.748
739.357
739.966
740.575
741.184
741.793
742.402
743.011
743.62
744.229
744.838
745.447
746.056
746.665
747.274
747.883
748.492
749.1
749.276
749.452
749.628
749.804
749.98
750.156
750.332
750.508
750.684
750.86
751.036
751.212
751.388
751.57
752.548
753.526
754.504
755.482
756.46
757.438
758.416
759.394
760.372
761.35
762.328
763.306
764.284
765.262
766.24
767.218
768.196
769.174
770.152
771.13
772.108
773.079
774.056
775.033
776.01
776.987
777.964
778.941
779.918
780.895
781.872
782.849
783.826
784.803
785.78
786.757
787.734
788.711
789.688
790.665
791.642
792.62
793.511
794.402
795.293
796.184
797.075
797.966
798.857
799.748
800.639
801.53
802.421
803.312
804.203
805.094
805.985
806.876
807.767
808.658
809.55
810.101
810.653
811.205
811.757
812.308
812.86
813.412
813.964
814.516
815.067
815.619
816.171
816.723
817.274
817.826
818.378
818.93
819.481
820.033
820.58
820.901
821.222
821.543
821.864
822.185
822.506
822.827
823.148
823.469
823.79
824.111
824.432
824.753
825.074
825.395
825.716
826.037
826.358
826.67
827.036
827.402
827.769
828.129
828.489
828.849
829.209
829.569
829.929
830.289
830.649
831.009
831.369
831.729
832.089
832.449
832.809
833.169
833.529
833.889
834.249
834.6
835.931
837.262
838.593
839.924
841.255
842.586
843.917
845.248
846.579
847.91
849.241
850.572
851.903
853.234
854.565
855.896
857.227
858.55
859.155
859.76
860.365
860.97
861.575
862.18
862.785
863.39
863.995
864.6
865.205
865.81
866.415
867.02
867.625
868.23
868.835
869.44
870.057
870.674
871.291
871.908
872.525
873.142
873.759
874.376
874.993
875.61
876.227
876.844
877.461
878.078
878.695
879.312
879.929
880.55
880.864
881.178
881.492
881.806
882.12
882.434
882.748
883.062
883.376
883.69
884.004
884.318
884.632
884.946
885.26
885.574
885.888
886.202
886.51
888.364
890.218
892.072
893.926
895.78
897.634
899.488
901.342
903.196
905.05
906.904
908.758
910.612
912.466
914.32
916.174
918.028
919.88
921.806
923.732
925.658
927.584
929.51
931.436
933.362
935.288
937.214
939.14
941.066
942.992
944.918
946.844
948.77
950.701
951.01
951.319
951.628
951.937
952.246
952.555
952.864
953.173
953.482
953.791
954.1
954.409
954.718
955.027
955.336
955.645
955.96
956.485
957.01
957.535
958.06
958.585
959.11
959.635
960.16
960.685
961.21
961.735
962.26
962.785
963.31
963.835
964.36
964.885
965.41
965.843
966.276
966.709
967.142
967.575
968.008
968.441
968.874
969.307
969.74
970.173
970.606
971.039
971.472
971.905
972.338
972.771
973.209
973.446
973.683
973.92
974.157
974.394
974.631
974.868
975.105
975.342
975.579
975.816
976.053
976.29
976.527
976.764
977.001
977.238
977.47
977.991
978.512
979.033
979.554
980.075
980.596
981.117
981.638
982.159
982.68
983.201
983.722
984.243
984.764
985.285
985.806
986.319
986.709
987.099
987.489
987.879
988.269
988.659
989.049
989.439
989.829
990.22
990.534
990.848
991.162
991.476
991.79
992.104
992.418
992.732
993.046
993.36
993.674
993.988
994.302
994.616
994.93
995.244
995.558
995.872
996.18
997.037
997.894
998.751
999.608
1000.465
1001.322
1002.179
1003.036
1003.893
1004.75
1005.607
1006.464
1007.321
1008.178
1009.035
1009.892
1010.749
1011.61
1012.009
1012.408
1012.807
1013.206
1013.605
1014.004
1014.403
1014.802
1015.201
1015.6
1015.999
1016.398
1016.797
1017.196
1017.595
1017.994
1018.393
1018.792
1019.19
1019.657
1020.124
1020.591
1021.058
1021.525
1021.992
1022.459
1022.926
1023.393
1023.86
1024.327
1024.794
1025.261
1025.728
1026.195
1026.662
1027.129
1027.596
1028.069
1028.643
1029.217
1029.79
1030.36
1030.93
1031.5
1032.07
1032.64
1033.21
1033.78
1034.35
1034.92
1035.49
1036.06
1036.63
1037.2
1037.77
1038.34
1038.909
1039.317
1039.725
1040.133
1040.541
1040.949
1041.357
1041.765
1042.173
1042.581
1042.989
1043.397
1043.805
1044.213
1044.621
1045.029
1045.437
1045.839
1046.38
1046.921
1047.462
1048.003
1048.544
1049.085
1049.626
1050.167
1050.708
1051.249
1051.79
1052.331
1052.872
1053.413
1053.95
1057.767
1061.584
1065.401
1069.22
1069.714
1070.208
1070.702
1071.196
1071.69
1072.184
1072.678
1073.172
1073.666
1074.16
1074.654
1075.148
1075.642
1076.136
1076.63
1077.124
1077.618
1078.12
1078.79
1079.46
1080.13
1080.8
1081.47
1082.14
1082.81
1083.48
1084.15
1084.82
1085.49
1086.16
1086.83
1087.5
1088.17
1088.84
1089.51
1090.18
1090.85
1091.52
1092.2
1092.856
1093.512
1094.168
1094.824
1095.48
1096.136
1096.792
1097.448
1098.104
1098.76
1099.416
1100.072
1100.728
1101.384
1102.04
1102.696
1103.36
1104.27
1105.18
1106.09
1107.0
1107.91
1108.82
1109.73
1110.64
1111.55
1112.46
1113.37
1114.28
1115.19
1116.1
1117.01
1117.919
1118.409
1118.899
1119.389
1119.879
1120.369
1120.859
1121.349
1121.839
1122.329
1122.819
1123.309
1123.799
1124.289
1124.779
1125.269
1125.759
1126.249
1126.74
1126.96
1127.18
1127.4
1127.62
1127.84
1128.193
1128.546
1128.899
1129.252
1129.605
1129.958
1130.312
1130.665
1131.018
1131.371
1131.725
1132.078
1132.431
1132.784
1133.138
1133.491
1133.844
1134.197
1134.55
1134.91
1135.264
1135.618
1135.972
1136.326
1136.68
1137.034
1137.389
1137.743
1138.097
1138.451
1138.805
1139.159
1139.514
1139.868
1140.222
1140.576
1140.93
1141.291
1141.822
1142.353
1142.884
1143.415
1143.946
1144.477
1145.008
1145.539
1146.07
1146.601
1147.132
1147.663
1148.194
1148.725
1149.256
1149.787
1150.318
1150.849
1151.38
1151.911
1152.45
1152.841
1153.232
1153.623
1154.014
1154.405
1154.796
1155.187
1155.578
1155.969
1156.36
1156.751
1157.142
1157.533
1157.924
1158.315
1158.706
1159.097
1159.488
1159.879
1160.27
1160.661
1161.059
1161.271
1161.483
1161.695
1161.907
1162.119
1162.331
1162.543
1162.755
1162.966
1163.177
1163.389
1163.601
1163.812
1164.023
1164.235
1164.447
1164.659
1164.87
1165.081
1165.289
1165.919
1166.549
1167.179
1167.809
1168.439
1169.069
1169.699
1170.329
1170.959
1171.589
1172.219
1172.849
1173.479
1174.109
1174.739
1175.369
1175.999
1176.629
1177.259
1177.889
1178.51
1179.014
1179.518
1180.022
1180.526
1181.03
1181.534
1182.038
1182.542
1183.046
1183.55
1184.054
1184.558
1185.062
1185.566
1186.07
1186.574
1187.078
1187.582
1188.09
1188.507
1188.924
1189.341
1189.758
1190.175
1190.592
1191.009
1191.426
1191.843
1192.26
1192.677
1193.094
1193.511
1193.928
1194.345
1194.762
1195.179
1195.596
1196.013
1196.429
1197.01
1197.591
1198.172
1198.753
1199.334
1199.915
1200.496
1201.077
1201.658
1202.239
1202.82
1203.401
1203.982
1204.563
1205.144
1205.725
1206.306
1206.887
1207.46
1207.684
1207.908
1208.132
1208.356
1208.58
1208.804
1209.028
1209.252
1209.476
1209.7
1209.924
1210.148
1210.372
1210.596
1210.82
1211.039
1211.656
1212.273
1212.89
1213.507
1214.124
1214.741
1215.358
1215.975
1216.592
1217.209
1217.826
1218.443
1219.06
1219.677
1220.294
1220.911
1221.528
1222.145
1222.762
1223.379
1223.996
1224.61
1225.218
1225.827
1226.436
1227.044
1227.653
1228.262
1228.87
1229.478
1230.087
1230.696
1231.304
1231.913
1232.522
1233.13
1233.739
1234.348
1234.957
1235.566
1236.175
1236.78
1237.167
1237.554
1237.941
1238.328
1238.715
1239.102
1239.489
1239.876
1240.263
1240.65
1241.037
1241.424
1241.811
1242.198
1242.585
1242.972
1243.359
1243.75
1244.413
1245.076
1245.739
1246.402
1247.065
1247.728
1248.391
1249.054
1249.717
1250.38
1251.043
1251.706
1252.369
1253.032
1253.695
1254.358
1255.021
1255.684
1256.347
1257.01
1257.917
1258.824
1259.731
1260.638
1261.545
1262.452
1263.359
1264.266
1265.173
1266.08
1266.987
1267.894
1268.801
1269.708
1270.615
1271.522
1272.429
1273.336
1274.243
1275.15
1276.049
1276.989
1277.929
1278.869
1279.809
1280.749
1281.689
1282.629
1283.569
1284.509
1285.449
1286.389
1287.329
1288.269
1289.209
1290.149
1291.089
1292.029
1292.969
1293.909
1294.849
1295.789
1296.412
1297.035
1297.658
1298.281
1298.904
1299.527
1300.15
1300.773
1301.396
1302.019
1302.642
1303.265
1303.888
1304.511
1305.134
1305.75
1306.189
1306.629
1307.068
1307.507
1307.947
1308.386
1308.825
1309.264
1309.703
1310.142
1310.582
1311.022
1311.461
1311.9
1312.34
1312.779
1313.218
1313.658
1314.097
1314.54
1314.91
1315.28
1315.65
1316.02
1316.39
1316.76
1317.13
1317.5
1317.87
1318.24
1318.61
1318.98
1319.35
1319.72
1320.09
1320.46
1320.83
1321.2
1321.57
1321.94
1322.309
1323.126
1323.943
1324.76
1325.577
1326.394
1327.211
1328.028
1328.845
1329.662
1330.479
1331.296
1332.113
1332.93
1333.747
1334.564
1335.38
1335.834
1336.288
1336.742
1337.196
1337.65
1338.104
1338.558
1339.012
1339.466
1339.92
1340.374
1340.828
1341.282
1341.736
1342.19
1342.644
1343.098
1343.552
1344.006
1344.46
1344.909
1345.518
1346.127
1346.736
1347.345
1347.954
1348.563
1349.172
1349.781
1350.39
1350.999
1351.608
1352.217
1352.826
1353.435
1354.044
1354.653
1355.26
1355.979
1356.698
1357.417
1358.136
1358.855
1359.574
1360.293
1361.012
1361.731
1362.45
1363.169
1363.888
1364.607
1365.33
1365.7
1366.07
1366.44
1366.81
1367.18
1367.55
1367.92
1368.29
1368.66
1369.03
1369.4
1369.77
1370.14
1370.51
1370.88
1371.25
1371.62
1371.826
1372.032
1372.238
1372.444
1372.65
1372.856
1373.062
1373.268
1373.474
1373.68
1373.886
1374.092
1374.298
1374.504
1374.71
1374.916
1375.12
1375.546
1375.972
1376.398
1376.824
1377.25
1377.676
1378.102
1378.528
1378.954
1379.38
1379.806
1380.232
1380.658
1381.084
1381.51
1381.93
1382.377
1382.824
1383.271
1383.718
1384.165
1384.612
1385.059
1385.506
1385.953
1386.4
1386.847
1387.294
1387.741
1388.188
1388.635
1389.08
1389.498
1389.916
1390.334
1390.752
1391.17
1391.588
1392.006
1392.424
1392.842
1393.26
1393.678
1394.096
1394.514
1394.932
1395.35
1395.768
1396.186
1396.6
1397.044
1397.488
1397.932
1398.376
1398.82
1399.264
1399.708
1400.152
1400.596
1401.04
1401.484
1401.928
1402.372
1402.816
1403.26
1403.704
1404.148
1404.6
1404.924
1405.248
1405.572
1405.896
1406.22
1406.544
1406.868
1407.192
1407.516
1407.84
1408.164
1408.488
1408.812
1409.136
1409.46
1409.784
1410.108
1410.432
1410.76
1411.082
1411.404
1411.726
1412.048
1412.37
1412.69
1412.918
1413.146
1413.374
1413.602
1413.83
1414.058
1414.286
1414.514
1414.742
1414.97
1415.198
1415.426
1415.654
1415.882
1416.11
1416.338
1416.566
1416.789
1417.672
1418.555
1419.438
1420.321
1421.204
1422.087
1422.97
1423.853
1424.736
1425.619
1426.502
1427.385
1428.268
1429.151
1430.034
1430.917
1431.8
1432.679
1433.178
1433.677
1434.176
1434.675
1435.174
1435.673
1436.172
1436.671
1437.17
1437.669
1438.168
1438.667
1439.166
1439.665
1440.164
1440.663
1441.162
1441.661
1442.16
1442.65
1442.961
1443.272
1443.583
1443.894
1444.205
1444.516
1444.827
1445.138
1445.449
1445.76
1446.071
1446.382
1446.693
1447.004
1447.315
1447.626
1447.937
1448.248
1448.559
1448.87
1449.179
1449.577
1449.975
1450.373
1450.771
1451.169
1451.567
1451.965
1452.363
1452.761
1453.159
1453.557
1453.955
1454.353
1454.751
1455.149
1455.547
1455.945
1456.343
1456.741
1457.14
1458.14
1458.505
1458.87
1459.235
1459.6
1459.965
1460.33
1460.695
1461.06
1461.425
1461.79
1462.155
1462.52
1462.885
1463.25
1463.615
1463.98
1464.34
1464.912
1465.484
1466.056
1466.628
1467.2
1467.772
1468.344
1468.916
1469.488
1470.06
1470.632
1471.204
1471.776
1472.348
1472.92
1473.492
1474.064
1474.636
1475.211
1475.471
1475.731
1475.991
1476.251
1476.511
1476.771
1477.031
1477.291
1477.551
1477.811
1478.071
1478.331
1478.591
1478.851
1479.111
1479.371
1479.631
1479.891
1480.15
1480.469
1480.788
1481.107
1481.426
1481.745
1482.064
1482.383
1482.702
1483.021
1483.34
1483.659
1483.978
1484.297
1484.616
1484.935
1485.254
1485.573
1485.892
1486.211
1486.53
1486.849
1487.16
1487.442
1487.724
1488.006
1488.288
1488.57
1488.852
1489.134
1489.416
1489.698
1489.98
1490.262
1490.544
1490.826
1491.108
1491.39
1491.672
1491.954
1492.236
1492.518
1492.8
1493.09
1496.277
1499.465
1502.652
1505.84
1509.027
1512.215
1515.402
1518.59
1521.777
1524.965
1528.152
1531.34
1531.647
1531.954
1532.261
1532.568
1532.875
1533.182
1533.489
1533.796
1534.103
1534.41
1534.717
1535.024
1535.331
1535.638
1535.945
1536.252
1536.559
1536.866
1537.18
1537.515
1537.85
1538.185
1538.52
1538.855
1539.19
1539.525
1539.86
1540.195
1540.53
1540.865
1541.2
1541.535
1541.87
1542.205
1542.54
1542.875
1543.21
1543.545
1543.88
1544.22
1544.601
1544.982
1545.363
1545.744
1546.125
1546.506
1546.887
1547.268
1547.649
1548.03
1548.411
1548.792
1549.173
1549.554
1549.935
1550.316
1550.697
1551.078
1551.46
1551.933
1552.406
1552.879
1553.352
1553.825
1554.298
1554.771
1555.244
1555.717
1556.19
1556.663
1557.136
1557.609
1558.082
1558.555
1559.028
1559.501
1559.98
1560.381
1560.782
1561.183
1561.584
1561.985
1562.386
1562.787
1563.188
1563.589
1563.99
1564.391
1564.792
1565.193
1565.594
1565.99
1566.274
1566.558
1566.842
1567.126
1567.41
1567.694
1567.978
1568.262
1568.546
1568.83
1569.114
1569.398
1569.682
1569.966
1570.25
1570.534
1570.818
1571.11
1571.613
1572.116
1572.619
1573.122
1573.625
1574.128
1574.631
1575.134
1575.637
1576.14
1576.643
1577.146
1577.649
1578.152
1578.655
1579.158
1579.661
1580.164
1580.667
1581.17
1581.68
1582.593
1583.506
1584.419
1585.332
1586.245
1587.158
1588.07
1588.623
1589.176
1589.729
1590.282
1590.835
1591.388
1591.941
1592.494
1593.047
1593.6
1594.153
1594.706
1595.259
1595.812
1596.365
1596.918
1597.47
1598.535
1599.6
1600.665
1601.73
1602.795
1603.86
1604.925
1605.99
1607.055
1608.12
1609.185
1610.25
1611.315
1612.38
1613.445
1614.51
1615.575
1616.64
1617.705
1618.779
1619.574
1620.369
1621.164
1621.959
1622.754
1623.549
1624.344
1625.139
1625.934
1626.73
1627.017
1627.304
1627.591
1627.878
1628.165
1628.452
1628.739
1629.026
1629.313
1629.6
1629.887
1630.174
1630.461
1630.748
1631.035
1631.322
1631.609
1631.896
1632.19
1632.758
1633.326
1633.894
1634.462
1635.03
1635.598
1636.166
1636.734
1637.302
1637.87
1638.438
1639.006
1639.574
1640.142
1640.71
1641.278
1641.84
1642.677
1643.514
1644.351
1645.188
1646.025
1646.862
1647.699
1648.536
1649.373
1650.21
1651.047
1651.884
1652.721
1653.558
1654.395
1655.232
1656.069
1656.906
1657.74
1658.97
1660.2
1660.686
1661.172
1661.658
1662.144
1662.63
1663.116
1663.602
1664.088
1664.574
1665.06
1665.546
1666.032
1666.518
1667.004
1667.49
1667.976
1668.462
1668.948
1669.434
1669.919
1670.542
1671.165
1671.788
1672.411
1673.034
1673.657
1674.28
1674.903
1675.526
1676.149
1676.772
1677.395
1678.018
1678.641
1679.264
1679.887
1680.51
1681.13
1681.647
1682.164
1682.681
1683.198
1683.715
1684.232
1684.749
1685.266
1685.783
1686.3
1686.817
1687.334
1687.851
1688.368
1688.885
1689.402
1689.919
1690.395
1690.871
1691.347
1691.823
1692.299
1692.775
1693.251
1693.727
1694.203
1694.679
1695.155
1695.631
1696.107
1696.583
1697.059
1697.535
1698.011
1698.487
1698.963
1699.439
1699.919
1700.772
1701.625
1702.478
1703.331
1704.184
1705.037
1705.89
1706.743
1707.596
1708.449
1709.302
1710.155
1711.008
1711.861
1712.714
1713.567
1714.42
1715.273
1716.13
1716.682
1717.234
1717.786
1718.338
1718.89
1719.442
1719.994
1720.546
1721.098
1721.65
1722.202
1722.754
1723.306
1723.858
1724.41
1724.962
1725.519
1725.78
1726.041
1726.302
1726.563
1726.824
1727.085
1727.346
1727.607
1727.868
1728.129
1728.39
1728.651
1728.912
1729.173
1729.434
1729.695
1729.956
1730.217
1730.47
1731.365
1732.26
1733.155
1734.05
1734.945
1735.84
1736.735
1737.63
1738.524
1739.418
1740.312
1741.206
1742.101
1742.995
1743.889
1744.784
1745.678
1746.573
1747.468
1748.36
1748.861
1749.362
1749.863
1750.364
1750.865
1751.366
1751.867
1752.368
1752.869
1753.37
1753.871
1754.372
1754.873
1755.374
1755.875
1756.376
1756.877
1757.378
1757.88
1758.151
1758.422
1758.693
1758.964
1759.235
1759.506
1759.777
1760.048
1760.319
1760.59
1760.861
1761.132
1761.403
1761.674
1761.945
1762.216
1762.487
1762.758
1763.029
1763.3
1764.254
1765.208
1766.162
1767.116
1768.07
1769.024
1769.978
1770.932
1771.886
1772.84
1773.794
1774.748
1775.702
1776.656
1777.61
1778.564
1779.518
1780.472
1781.42
1783.521
1785.622
1787.723
1789.824
1791.925
1794.026
1796.127
1798.228
1800.329
1802.43
1804.531
1806.632
1808.733
1810.834
1812.935
1815.036
1817.137
1819.23
1821.752
1824.274
1826.796
1829.318
1831.84
1834.362
1836.884
1839.406
1841.928
1844.45
1846.972
1849.494
1852.016
1854.538
1857.06
1859.582
1862.104
1864.626
1867.149
1867.554
1867.959
1868.364
1868.769
1869.174
1869.579
1869.984
1870.389
1870.794
1871.199
1871.604
1872.009
1872.414
1872.819
1873.22
1874.841
1876.462
1878.083
1879.704
1881.325
1882.946
1884.567
1886.188
1887.809
1889.43
1891.051
1892.672
1894.293
1895.914
1897.535
1899.156
1900.777
1902.398
1904.019
1905.649
1906.052
1906.455
1906.858
1907.261
1907.664
1908.067
1908.47
1908.873
1909.276
1909.679
1910.082
1910.485
1910.888
1911.291
1911.694
1912.097
1912.5
1912.909
1913.372
1913.835
1914.298
1914.761
1915.224
1915.687
1916.15
1916.613
1917.076
1917.539
1918.002
1918.465
1918.928
1919.391
1919.854
1920.317
1920.78
1921.24
1921.534
1921.828
1922.122
1922.416
1922.71
1923.004
1923.298
1923.592
1923.886
1924.18
1924.474
1924.768
1925.062
1925.356
1925.65
1925.944
1926.23
1926.555
1926.88
1927.205
1927.53
1927.855
1928.18
1928.505
1928.83
1929.155
1929.48
1929.805
1930.13
1930.455
1930.78
1931.105
1931.43
1931.755
1932.08
1932.409
1932.77
1933.131
1933.492
1933.853
1934.214
1934.575
1934.936
1935.297
1935.658
1936.019
1936.38
1936.741
1937.102
1937.463
1937.824
1938.185
1938.546
1938.899
1939.713
1940.527
1941.341
1942.155
1942.969
1943.783
1944.597
1945.411
1946.225
1947.039
1947.853
1948.667
1949.481
1950.295
1951.11
1951.735
1952.36
1952.985
1953.61
1954.235
1954.86
1955.485
1956.11
1956.735
1957.36
1957.985
1958.61
1959.235
1959.86
1960.485
1961.11
1961.735
1962.36
1962.74
1963.12
1963.5
1963.88
1964.26
1964.64
1965.02
1965.4
1965.78
1966.16
1966.54
1966.92
1967.3
1967.68
1968.06
1968.44
1968.82
1969.2
1969.422
1969.644
1969.866
1970.088
1970.31
1970.532
1970.754
1970.976
1971.198
1971.42
1971.642
1971.864
1972.086
1972.308
1972.53
1972.752
1972.974
1973.196
1973.418
1973.64
1973.985
1974.33
1974.675
1975.02
1975.365
1975.71
1976.055
1976.4
1976.745
1977.09
1977.435
1977.78
1978.125
1978.47
1978.815
1979.16
1979.505
1979.85
1980.19
1980.741
1981.292
1981.843
1982.394
1982.945
1983.496
1984.047
1984.598
1985.15
1985.487
1985.824
1986.161
1986.498
1986.835
1987.172
1987.509
1987.846
1988.183
1988.52
1988.857
1989.194
1989.531
1989.868
1990.205
1990.542
1990.879
1991.216
1991.55
1992.68
1993.81
1994.94
1996.07
1997.2
1998.33
1999.46
2000.59
2001.72
2002.85
2003.98
2005.11
2006.24
2007.37
2008.5
2009.63
2010.76
2011.89
2013.019
2013.575
2014.131
2014.687
2015.243
2015.799
2016.355
2016.911
2017.467
2018.023
2018.579
2019.135
2019.691
2020.247
2020.803
2021.359
2021.915
2022.471
2023.027
2023.58
2023.864
2024.148
2024.432
2024.716
2025.0
2025.284
2025.568
2025.852
2026.136
2026.42
2026.704
2026.988
2027.272
2027.556
2027.84
2028.124
2028.408
2028.7
2029.154
2029.608
2030.062
2030.516
2030.97
2031.424
2031.878
2032.332
2032.786
2033.24
2033.694
2034.148
2034.602
2035.056
2035.51
2035.964
2036.418
2036.88
2037.289
2037.698
2038.107
2038.516
2038.925
2039.334
2039.74
2040.104
2040.468
2040.832
2041.196
2041.56
2041.924
2042.288
2042.652
2043.016
2043.38
2043.744
2044.108
2044.472
2044.836
2045.2
2045.564
2045.928
2046.292
2046.659
2046.901
2047.143
2047.385
2047.627
2047.869
2048.111
2048.353
2048.595
2048.837
2049.079
2049.321
2049.563
2049.805
2050.047
2050.289
2050.531
2050.773
2051.02
2051.548
2052.076
2052.604
2053.132
2053.66
2054.188
2054.716
2055.244
2055.772
2056.3
2056.828
2057.356
2057.884
2058.412
2058.94
2059.468
2059.996
2060.524
2061.05
2062.497
2063.944
2065.391
2066.838
2068.285
2069.732
2071.179
2072.626
2074.073
2075.52
2076.967
2078.414
2079.861
2081.308
2082.755
2084.202
2085.649
2087.096
2088.54
2090.01
2091.48
2092.95
2094.42
2095.89
2097.36
2098.83
2099.173
2099.515
2099.858
2100.201
2100.544
2100.887
2101.23
2101.573
2101.916
2102.259
2102.602
2102.945
2103.288
2103.631
2103.974
2104.317
2104.66
2105.003
2105.346
2105.68
2105.953
2106.226
2106.499
2106.772
2107.045
2107.318
2107.591
2107.864
2108.137
2108.41
2108.683
2108.956
2109.229
2109.502
2109.775
2110.048
2110.321
2110.594
2110.87
2111.112
2111.354
2111.596
2111.838
2112.08
2112.322
2112.564
2112.806
2113.048
2113.29
2113.532
2113.774
2114.016
2114.258
2114.5
2114.742
2114.984
2115.22
2115.557
2115.894
2116.231
2116.568
2116.905
2117.242
2117.579
2117.916
2118.253
2118.59
2118.927
2119.264
2119.601
2119.938
2120.275
2120.612
2120.949
2121.29
2121.519
2121.748
2121.977
2122.206
2122.435
2122.664
2122.893
2123.122
2123.351
2123.58
2123.809
2124.038
2124.267
2124.496
2124.725
2124.949
2125.704
2126.459
2127.214
2127.969
2128.724
2129.48
2129.823
2130.166
2130.509
2130.852
2131.195
2131.538
2131.881
2132.224
2132.567
2132.91
2133.253
2133.596
2133.939
2134.282
2134.625
2134.968
2135.311
2135.654
2136.0
2136.492
2136.984
2137.476
2137.968
2138.46
2138.952
2139.444
2139.936
2140.428
2140.92
2141.412
2141.904
2142.396
2142.888
2143.38
2143.872
2144.364
2144.856
2145.348
2145.84
2146.332
2146.824
2147.319
2147.73
2148.141
2148.552
2148.963
2149.374
2149.785
2150.196
2150.607
2151.018
2151.429
2151.84
2152.251
2152.662
2153.073
2153.484
2153.895
2154.306
2154.717
2155.12
2155.713
2156.306
2156.899
2157.492
2158.085
2158.678
2159.271
2159.864
2160.457
2161.05
2161.643
2162.236
2162.829
2163.422
2164.015
2164.608
2165.199
2165.747
2166.295
2166.843
2167.391
2167.939
2168.487
2169.035
2169.583
2170.131
2170.679
2171.227
2171.775
2172.323
2172.871
2173.419
2173.967
2174.52
2175.132
2175.744
2176.356
2176.968
2177.58
2178.272
2178.964
2179.656
2180.348
2181.04
2181.732
2182.424
2183.116
2183.808
2184.5
2185.192
2185.884
2186.576
2187.268
2187.96
2188.652
2189.344
2190.04
2191.026
2192.012
2192.998
2193.984
2194.97
2195.956
2196.942
2197.928
2198.914
2199.9
2200.886
2201.872
2202.858
2203.844
2204.83
2205.816
2206.802
2207.79
2208.696
2209.602
2210.508
2211.414
2212.32
2213.226
2214.132
2215.038
2215.944
2216.85
2217.756
2218.662
2219.568
2220.474
2221.38
2222.286
2223.192
2224.098
2225.0
2225.519
2226.038
2226.557
2227.076
2227.595
2228.114
2228.633
2229.152
2229.67
2230.347
2231.024
2231.701
2232.378
2233.055
2233.732
2234.409
2235.086
2235.763
2236.44
2237.117
2237.794
2238.471
2239.148
2239.825
2240.502
2241.18
2242.295
2243.41
2244.525
2245.64
2246.755
2247.87
2248.985
2250.1
2251.215
2252.33
2253.445
2254.56
2255.675
2256.79
2257.91
2258.268
2258.626
2258.984
2259.342
2259.7
2260.058
2260.416
2260.774
2261.132
2261.49
2261.848
2262.206
2262.564
2262.922
2263.28
2263.638
2263.996
2264.354
2264.72
2264.961
2265.202
2265.443
2265.684
2265.925
2266.166
2266.407
2266.648
2266.889
2267.13
2267.371
2267.612
2267.853
2268.094
2268.335
2268.576
2268.817
2269.058
2269.299
2269.54
2269.966
2270.392
2270.818
2271.244
2271.67
2272.096
2272.522
2272.948
2273.374
2273.8
2274.226
2274.652
2275.078
2275.504
2275.93
2276.356
2276.78
2277.064
2277.348
2277.632
2277.916
2278.2
2278.484
2278.768
2279.052
2279.336
2279.62
2279.904
2280.188
2280.472
2280.756
2281.04
2281.319
2281.681
2282.043
2282.405
2282.767
2283.129
2283.491
2283.853
2284.215
2284.577
2284.939
2285.301
2285.663
2286.025
2286.387
2286.749
2287.111
2287.473
2287.83
2288.22
2288.609
2288.998
2289.387
2289.776
2290.166
2290.556
2290.945
2291.334
2291.724
2292.114
2292.503
2292.892
2293.282
2293.672
2294.061
2294.45
2294.841
2295.476
2296.111
2296.746
2297.381
2298.016
2298.651
2299.286
2299.921
2300.556
2301.191
2301.826
2302.461
2303.096
2303.731
2304.366
2305.001
2305.636
2306.271
2306.906
2307.54
2307.95
2308.36
2308.77
2309.18
2309.59
2310.0
2310.41
2310.82
2311.23
2311.64
2312.05
2312.46
2312.87
2313.076
2313.282
2313.488
2313.694
2313.9
2314.106
2314.312
2314.518
2314.724
2314.93
2315.136
2315.342
2315.548
2315.754
2315.96
2316.166
2316.372
2316.578
2316.79
2317.331
2317.872
2318.413
2318.954
2319.495
2320.036
2320.577
2321.118
2321.659
2322.2
2322.741
2323.282
2323.823
2324.37
2324.763
2325.156
2325.549
2325.942
2326.335
2326.728
2327.121
2327.514
2327.907
2328.3
2328.693
2329.086
2329.479
2329.872
2330.265
2330.66
2331.071
2331.482
2331.893
2332.304
2332.715
2333.126
2333.537
2333.948
2334.359
2334.77
2335.181
2335.592
2336.003
2336.414
2336.825
2337.236
2337.64
2338.194
2338.748
2339.302
2339.856
2340.41
2340.964
2341.518
2342.072
2342.626
2343.18
2343.734
2344.288
2344.842
2345.396
2345.95
2346.504
2347.058
2347.612
2348.16
2348.405
2348.65
2348.895
2349.14
2349.385
2349.63
2349.875
2350.12
2350.365
2350.61
2350.855
2351.1
2351.345
2351.59
2351.835
2352.08
2352.319
2353.772
2355.225
2356.678
2358.131
2359.584
2361.037
2362.49
2363.943
2365.396
2366.849
2368.302
2369.755
2371.208
2372.661
2374.114
2375.567
2377.02
2378.473
2379.926
2381.37
2382.38
2383.39
2384.4
2385.41
2386.42
2387.43
2388.44
2389.45
2390.46
2391.47
2392.48
2393.49
2394.5
2395.51
2396.52
2397.53
2398.54
2399.55
2400.56
2401.108
2401.656
2402.204
2402.752
2403.3
2403.848
2404.396
2404.944
2405.492
2406.04
2406.588
2407.136
2407.684
2408.232
2408.78
2409.328
2409.876
2410.424
2410.972
2411.52
2411.856
2412.192
2412.528
2412.864
2413.2
2413.536
2413.872
2414.208
2414.544
2414.88
2415.216
2415.552
2415.888
2416.224
2416.56
2416.896
2417.232
2417.56
2418.139
2418.718
2419.297
2419.876
2420.455
2421.034
2421.613
2422.192
2422.771
2423.35
2423.929
2424.508
2425.087
2425.666
2426.245
2426.824
2427.403
2427.982
2428.56
2429.217
2429.874
2430.531
2431.188
2431.845
2432.502
2433.159
2433.816
2434.473
2435.13
2435.787
2436.444
2437.101
2437.758
2438.415
2439.072
2439.729
2440.386
2441.05
2441.527
2442.004
2442.481
2442.958
2443.435
2443.912
2444.389
2444.866
2445.343
2445.82
2446.297
2446.774
2447.251
2447.728
2448.205
2448.682
2449.16
2449.419
2449.678
2449.937
2450.196
2450.455
2450.714
2450.973
2451.232
2451.49
2451.849
2452.208
2452.567
2452.926
2453.285
2453.644
2454.003
2454.362
2454.721
2455.08
2455.439
2455.798
2456.157
2456.516
2456.875
2457.234
2457.6
2458.906
2460.212
2461.518
2462.824
2464.13
2465.436
2466.742
2468.048
2469.354
2470.66
2471.966
2473.272
2474.578
2475.884
2477.19
2478.496
2479.802
2481.108
2482.414
2483.72
2485.029
2487.361
2489.693
2492.025
2494.357
2496.689
2499.021
2501.353
2503.685
2506.017
2508.349
2510.681
2513.013
2515.345
2517.68
2519.664
2521.648
2523.632
2525.616
2527.6
2529.584
2531.568
2533.552
2535.536
2537.52
2539.504
2541.488
2543.472
2545.45
2546.612
2547.774
2548.936
2550.098
2551.26
2552.422
2553.584
2554.746
2555.908
2557.07
2558.232
2559.394
2560.556
2561.718
2562.88
2564.042
2565.204
2566.366
2567.52
2568.993
2570.466
2571.939
2573.412
2574.885
2576.358
2577.831
2579.304
2580.777
2582.25
2583.723
2585.196
2586.669
2588.14
2590.435
2592.73
2595.025
2597.319
2598.011
2598.703
2599.395
2600.087
2600.779
2601.471
2602.163
2602.855
2603.547
2604.239
2604.931
2605.623
2606.315
2607.007
2607.699
2608.391
2609.083
2609.775
2610.467
2611.159
2611.851
2612.543
2613.24
2614.765
2616.29
2617.815
2619.34
2620.865
2622.39
2623.915
2625.44
2626.965
2628.49
2630.015
2631.54
2633.065
2634.59
2636.115
2637.64
2639.165
2640.69
2642.215
2643.74
2645.265
2646.79
2648.32
2651.298
2654.276
2657.254
2660.232
2663.21
2666.188
2669.166
2672.144
2675.122
2678.1
2681.078
2684.056
2687.029
2690.767
2694.505
2698.243
2701.981
2705.719
2709.457
2713.195
2716.933
2720.671
2724.409
2728.147
2731.885
2735.623
2739.361
2743.099
2746.837
2750.575
2754.31
2769.43
2770.262
2771.094
2771.926
2772.758
2773.59
2774.422
2775.254
2776.086
2776.918
2777.75
2778.582
2779.414
2780.246
2781.078
2781.91
2782.742
2783.574
2784.4
2784.976
2785.552
2786.128
2786.704
2787.28
2787.856
2788.432
2789.008
2789.584
2790.16
2790.736
2791.312
2791.888
2792.464
2793.04
2793.616
2794.192
2794.768
2795.35
2796.645
2797.94
2798.231
2798.522
2798.812
2799.102
2799.392
2799.682
2799.972
2800.263
2800.553
2800.843
2801.133
2801.423
2801.713
2802.004
2802.294
2802.584
2802.874
2803.164
2803.455
2803.75
2804.029
2804.308
2804.587
2804.866
2805.145
2805.424
2805.703
2805.982
2806.261
2806.54
2806.819
2807.098
2807.377
2807.656
2807.935
2808.214
2808.5
2809.067
2809.634
2810.201
2810.768
2811.335
2811.902
2812.469
2813.036
2813.603
2814.17
2814.737
2815.304
2815.871
2816.438
2817.005
2817.572
2818.139
2818.7
2819.164
2819.628
2820.092
2820.556
2821.02
2821.484
2821.948
2822.412
2822.876
2823.34
2823.804
2824.268
2824.732
2825.196
2825.66
2826.124
2826.588
2827.052
2827.516
2827.98
2828.294
2828.608
2828.923
2829.237
2829.552
2829.867
2830.182
2830.496
2830.811
2831.126
2831.441
2831.755
2832.07
2832.385
2832.7
2833.014
2833.329
2833.644
2833.958
2834.27
2834.872
2835.474
2836.076
2836.678
2837.28
2837.882
2838.484
2839.086
2839.688
2840.29
2840.892
2841.494
2842.096
2842.698
2843.3
2843.902
2844.5
2844.932
2845.364
2845.796
2846.228
2846.66
2847.092
2847.524
2847.956
2848.388
2848.82
2849.252
2849.684
2850.116
2850.548
2850.98
2851.412
2851.844
2852.27
2853.02
2853.77
2854.52
2855.27
2856.02
2856.77
2857.52
2858.27
2859.02
2859.77
2860.52
2861.27
2862.02
2862.77
2863.52
2864.27
2865.02
2865.421
2865.822
2866.223
2866.624
2867.025
2867.426
2867.83
2868.991
2870.152
2871.313
2872.474
2873.635
2874.796
2875.957
2877.118
2878.279
2879.44
2880.601
2881.762
2882.923
2884.084
2885.245
2886.406
2887.567
2888.73
2889.205
2889.68
2890.155
2890.63
2891.105
2891.58
2892.055
2892.53
2893.005
2893.48
2893.955
2894.43
2894.905
2895.38
2895.855
2896.33
2896.805
2897.28
2897.75
2898.078
2898.406
2898.734
2899.062
2899.39
2899.718
2900.046
2900.374
2900.702
2901.03
2901.358
2901.686
2902.014
2902.342
2902.67
2902.998
2903.326
2903.65
2904.13
2904.61
2905.09
2905.57
2906.05
2906.53
2907.01
2907.49
2907.97
2908.45
2908.93
2909.41
2909.89
2910.37
2910.85
2911.33
2911.81
2912.29
2912.779
2915.292
2917.805
2920.318
2922.831
2925.344
2927.857
2930.37
2930.797
2931.224
2931.651
2932.078
2932.505
2932.932
2933.359
2933.786
2934.213
2934.64
2935.067
2935.494
2935.921
2936.348
2936.775
2937.202
2937.629
2938.056
2938.48
2939.912
2941.344
2942.776
2944.208
2945.64
2947.072
2948.504
2949.936
2951.368
2952.8
2954.232
2955.664
2957.096
2958.528
2959.96
2961.392
2962.83
2964.081
2965.332
2966.583
2967.834
2969.085
2970.336
2971.587
2972.838
2974.089
2975.34
2976.591
2977.842
2979.093
2980.344
2981.595
2982.846
2984.097
2985.35
2985.725
2986.1
2986.475
2986.85
2987.225
2987.6
2987.975
2988.35
2988.725
2989.1
2989.475
2989.85
2990.225
2990.6
2990.975
2991.35
2991.725
2992.1
2993.579
2995.058
2996.537
2998.016
2999.495
3000.974
3002.453
3003.929
3004.176
3004.423
3004.67
3004.917
3005.164
3005.411
3005.658
3005.905
3006.152
3006.399
3006.646
3006.893
3007.14
3007.387
3007.634
3007.881
3008.128
3008.375
3008.62
3008.872
3009.124
3009.376
3009.628
3009.88
3010.132
3010.384
3010.636
3010.888
3011.14
3011.392
3011.644
3011.896
3012.148
3012.4
3012.65
3013.561
3014.472
3015.383
3016.294
3017.205
3018.116
3019.027
3019.938
3020.849
3021.76
3022.671
3023.582
3024.493
3025.404
3026.315
3027.226
3028.137
3029.041
3029.503
3029.965
3030.427
3030.889
3031.351
3031.813
3032.275
3032.737
3033.199
3033.661
3034.123
3034.585
3035.047
3035.509
3035.971
3036.429
3036.73
3037.031
3037.332
3037.633
3037.934
3038.235
3038.536
3038.837
3039.138
3039.439
3039.74
3040.041
3040.342
3040.643
3040.944
3041.245
3041.546
3041.847
3042.14
3043.323
3044.506
3045.689
3046.872
3048.055
3049.238
3050.421
3051.604
3052.787
3053.97
3055.153
3056.336
3057.519
3058.699
3059.039
3059.379
3059.719
3060.059
3060.399
3060.739
3061.079
3061.419
3061.759
3062.099
3062.439
3062.779
3063.119
3063.459
3063.799
3064.139
3064.479
3064.819
3065.15
3065.944
3066.738
3067.532
3068.326
3069.12
3069.914
3070.708
3071.502
3072.296
3073.09
3073.884
3074.678
3075.472
3076.266
3077.06
3077.854
3078.648
3079.442
3080.236
3081.03
3081.83
3082.616
3083.402
3084.188
3084.974
3085.76
3086.546
3087.332
3088.118
3088.904
3089.69
3090.476
3091.262
3092.048
3092.834
3093.62
3094.406
3095.199
3101.909
3108.62
3110.049
3111.478
3112.907
3114.336
3115.765
3117.194
3118.623
3120.052
3121.48
3121.813
3122.146
3122.479
3122.812
3123.145
3123.478
3123.811
3124.144
3124.477
3124.81
3125.143
3125.476
3125.809
3126.142
3126.475
3126.808
3127.141
3127.48
3130.912
3134.343
3137.774
3141.206
3144.638
3148.069
3149.326
3150.583
3151.84
3153.097
3154.354
3155.611
3156.868
3158.125
3159.382
3160.639
3161.896
3163.153
3164.41
3165.667
3166.924
3168.181
3169.438
3170.695
3171.952
3173.21
3174.215
3175.22
3176.225
3177.23
3178.235
3179.24
3180.245
3181.25
3182.255
3183.26
3184.265
3185.27
3186.275
3187.279
3188.596
3189.913
3191.23
3192.547
3193.864
3195.181
3196.498
3197.815
3199.132
3200.449
3201.766
3203.083
3204.4
3205.717
3207.04
3208.292
3209.544
3210.796
3212.048
3213.3
3214.552
3215.804
3217.056
3218.308
3219.56
3220.812
3222.064
3223.316
3224.568
3225.82
3227.072
3228.32
3229.311
3230.302
3231.293
3232.284
3233.275
3234.266
3235.257
3236.25
3236.847
3237.444
3238.041
3238.638
3239.235
3239.832
3240.428
3241.024
3241.62
3242.216
3242.812
3243.409
3244.006
3244.602
3245.198
3245.794
3246.39
3246.986
3247.582
3248.18
3248.709
3249.238
3249.767
3250.296
3250.825
3251.354
3251.883
3252.412
3252.941
3253.47
3253.999
3254.528
3255.057
3255.586
3256.115
3256.644
3257.173
3257.702
3258.23
3259.101
3259.972
3260.843
3261.714
3262.585
3263.456
3264.327
3265.198
3266.069
3266.94
3267.811
3268.682
3269.553
3270.424
3271.295
3272.17
3273.019
3273.868
3274.717
3275.566
3276.415
3277.264
3278.113
3278.962
3279.811
3280.66
3281.509
3282.358
3283.207
3284.056
3284.905
3285.754
3286.6
3287.908
3289.216
3290.524
3291.832
3293.14
3294.448
3295.756
3297.064
3298.372
3299.68
3300.988
3302.296
3303.604
3304.912
3306.22
3307.528
3308.839
3310.154
3311.469
3312.784
3314.099
3315.414
3316.729
3318.044
3319.359
3320.674
3321.989
3323.304
3324.619
3325.934
3327.249
3328.564
3329.879
3331.2
3345.52
3348.424
3351.328
3354.232
3357.136
3360.04
3362.944
3365.848
3368.752
3371.656
3374.56
3377.464
3380.368
3383.272
3386.176
3389.08
3391.984
3394.888
3397.792
3400.69
3402.576
3404.462
3406.348
3408.234
3410.12
3412.006
3413.892
3415.778
3417.664
3419.55
3421.436
3423.322
3425.208
3427.089
3428.389
3429.689
3430.989
3432.289
3433.589
3434.889
3436.189
3437.489
3438.789
3440.089
3441.389
3442.689
3443.989
3445.289
3446.589
3447.889
3449.189
3450.489
3451.789
3453.089
3454.39
3455.134
3455.878
3456.622
3457.366
3458.11
3458.854
3459.598
3460.342
3461.086
3461.83
3462.574
3463.318
3464.062
3464.806
3465.55
3466.294
3467.038
3467.782
3468.526
3469.27
3470.02
3470.894
3471.768
3472.642
3473.516
3474.39
3475.264
3476.138
3477.012
3477.886
3478.76
3479.634
3480.508
3481.382
3482.256
3483.13
3484.004
3484.878
3485.752
3486.62
3487.502
3488.384
3489.266
3490.148
3491.029
3492.442
3493.855
3495.268
3496.681
3498.094
3499.507
3500.92
3502.333
3503.746
3505.159
3506.572
3507.989
3508.798
3509.607
3510.416
3511.225
3512.034
3512.843
3513.652
3514.461
3515.27
3516.079
3516.888
3517.699
3518.823
3519.947
3521.071
3522.195
3523.319
3524.443
3525.567
3526.691
3527.815
3528.939
3530.063
3531.187
3532.311
3533.435
3534.559
3535.683
3536.81
3538.426
3540.042
3541.658
3543.274
3544.89
3546.506
3548.122
3549.738
3551.354
3552.97
3554.586
3556.202
3557.818
3559.434
3561.05
3562.666
3564.282
3565.898
3567.52
3572.552
3577.584
3582.616
3587.648
3592.68
3597.71
3598.799
3599.888
3600.977
3602.066
3603.155
3604.244
3605.333
3606.422
3607.511
3608.6
3609.689
3610.778
3611.867
3612.956
3614.045
3615.13
3615.499
3615.868
3616.237
3616.606
3616.975
3617.344
3617.713
3618.082
3618.451
3618.82
3619.189
3619.558
3619.927
3620.296
3620.665
3621.04
3621.4
3621.76
3622.12
3622.48
3622.84
3623.2
3623.56
3623.92
3624.28
3624.64
3625.0
3625.36
3625.72
3626.08
3626.44
3627.107
3627.774
3628.44
3628.658
3628.876
3629.094
3629.312
3629.53
3629.748
3629.966
3630.184
3630.402
3630.62
3630.838
3631.056
3631.274
3631.492
3631.71
3631.928
3632.146
3632.364
3632.58
3632.909
3633.238
3633.566
3633.894
3634.222
3634.551
3634.88
3635.209
3635.537
3635.865
3636.193
3636.522
3636.851
3637.18
3637.508
3637.836
3638.164
3638.493
3638.822
3639.15
3639.15
3639.15
3639.15
3639.15
3639.15
3639.15
3639.15
3639.15
3639.15
3639.15
3639.15
3639.15
