72.96
73.211
73.462
73.713
73.964
74.215
74.466
74.717
74.968
75.219
75.47
75.721
75.972
76.223
76.474
76.725
76.976
77.23
77.656
78.082
78.508
78.934
79.36
79.786
80.212
80.638
81.064
81.49
81.916
82.342
82.768
83.194
83.62
83.966
84.312
84.658
85.004
85.35
85.696
86.042
86.388
86.734
87.08
87.426
87.772
88.118
88.464
88.81
89.156
89.502
89.84
90.244
90.648
91.052
91.456
91.86
92.264
92.668
93.072
93.476
93.88
94.284
94.688
95.092
95.496
95.9
96.3
96.576
96.852
97.128
97.404
97.68
97.956
98.232
98.508
98.784
99.06
99.336
99.612
99.888
100.164
100.44
100.997
101.554
102.111
102.668
103.225
103.782
104.339
104.896
105.453
106.01
106.567
107.124
107.681
108.238
108.795
109.352
109.909
110.47
110.861
111.252
111.643
112.034
112.425
112.816
113.207
113.598
113.989
114.38
114.771
115.162
115.553
115.944
116.335
116.73
118.39
120.05
121.71
123.37
125.03
126.69
128.35
130.01
131.67
133.33
134.99
136.65
138.31
139.97
141.63
143.29
144.95
146.61
147.171
147.732
148.293
148.854
149.415
149.976
150.537
151.098
151.659
152.22
152.781
153.342
153.903
154.464
155.025
155.586
156.15
156.704
157.258
157.812
158.366
158.92
159.474
160.028
160.582
161.136
161.69
162.244
162.798
163.352
163.906
164.46
165.014
165.568
166.122
166.676
167.239
168.552
169.865
171.178
172.491
173.804
175.117
176.43
177.743
179.056
180.369
181.682
182.995
184.308
185.621
186.934
188.247
189.56
190.873
192.186
193.499
194.82
195.268
195.716
196.164
196.612
197.06
197.508
197.956
198.404
198.852
199.3
199.748
200.196
200.644
201.092
201.54
201.988
202.436
202.884
203.329
203.708
204.087
204.466
204.845
205.224
205.603
205.982
206.361
206.74
207.119
207.498
207.877
208.256
208.635
209.014
209.393
209.77
210.071
210.372
210.673
210.974
211.275
211.576
211.877
212.178
212.479
212.78
213.081
213.382
213.683
213.984
214.285
214.586
214.887
215.188
215.48
215.801
216.122
216.443
216.764
217.085
217.406
217.727
218.048
218.369
218.69
219.011
219.332
219.653
219.974
220.295
220.616
220.937
221.25
221.75
222.25
222.607
222.964
223.321
223.678
224.035
224.392
224.749
225.106
225.463
225.82
226.177
226.534
226.891
227.248
227.605
227.962
228.319
228.676
229.033
229.4
230.129
230.858
231.587
232.316
233.045
233.774
234.503
235.232
235.961
236.69
237.419
238.148
238.877
239.606
240.335
241.064
241.793
242.519
243.867
245.215
246.563
247.911
249.26
250.165
251.07
251.975
252.88
253.785
254.69
255.595
256.5
257.405
258.31
259.215
260.12
261.025
261.93
262.835
263.74
264.645
265.55
266.46
266.988
267.516
268.044
268.572
269.1
269.628
270.156
270.684
271.212
271.74
272.268
272.796
273.324
273.852
274.38
274.908
275.436
275.96
276.697
277.434
278.171
278.908
279.645
280.382
281.119
281.856
282.593
283.33
284.067
284.804
285.541
286.278
287.015
287.752
288.489
289.226
289.963
290.7
291.43
291.868
292.306
292.744
293.182
293.62
294.058
294.496
294.934
295.372
295.81
296.248
296.686
297.124
297.562
298.0
298.438
298.876
299.314
299.752
300.19
300.669
301.148
301.627
302.106
302.585
303.064
303.543
304.022
304.501
304.98
305.459
305.938
306.417
306.896
307.375
307.854
308.333
308.812
309.3
309.835
310.37
310.905
311.44
311.975
312.51
313.045
313.58
314.115
314.65
315.185
315.72
316.255
316.79
317.325
317.86
318.395
318.93
319.46
320.61
321.76
322.91
324.06
325.21
325.862
326.514
327.166
327.818
328.47
329.122
329.774
330.426
331.078
331.73
332.382
333.034
333.686
334.338
334.99
335.642
336.294
336.946
337.598
338.25
338.91
339.254
339.598
339.942
340.286
340.63
340.974
341.318
341.662
342.006
342.35
342.694
343.038
343.382
343.726
344.07
344.414
344.759
345.166
345.573
345.98
346.387
346.794
347.201
347.608
348.015
348.422
348.829
349.236
349.643
350.05
350.457
350.864
351.271
351.68
352.186
352.692
353.198
353.704
354.21
354.716
355.222
355.728
356.234
356.74
357.246
357.752
358.258
358.764
359.27
359.776
360.28
360.966
361.652
362.338
363.024
363.71
364.396
365.082
365.768
366.454
367.14
367.826
368.512
369.198
369.884
370.57
371.256
371.942
372.628
373.314
374.0
374.686
375.37
376.257
377.144
378.031
378.918
379.805
380.692
381.579
382.466
383.353
384.24
385.127
386.014
386.901
387.788
388.675
389.562
390.449
391.336
392.223
393.11
393.997
394.884
395.771
396.669
397.105
397.541
397.977
398.413
398.849
399.285
399.721
400.157
400.593
401.029
401.465
401.901
402.337
402.773
403.209
403.65
404.494
405.338
406.182
407.026
407.87
408.714
409.558
410.402
411.246
412.09
412.934
413.778
414.622
415.466
416.31
417.154
417.998
418.842
419.689
420.121
420.553
420.985
421.417
421.849
422.281
422.713
423.145
423.577
424.009
424.441
424.873
425.305
425.737
426.169
426.601
427.033
427.465
427.897
428.331
428.695
429.059
429.423
429.787
430.151
430.515
430.879
431.243
431.607
431.971
432.335
432.699
433.063
433.427
433.789
434.381
434.973
435.565
436.157
436.749
437.341
437.933
438.525
439.117
439.709
440.301
440.893
441.485
442.077
442.669
443.243
443.817
444.391
444.965
445.539
446.113
446.687
447.261
447.835
448.409
448.983
449.557
450.131
450.705
451.279
451.86
452.201
452.542
452.883
453.224
453.565
453.906
454.247
454.588
454.929
455.27
455.611
455.952
456.293
456.634
456.975
457.316
457.659
458.454
459.249
460.044
460.839
461.634
462.429
463.224
464.019
464.814
465.609
466.404
467.199
467.994
468.789
469.584
470.379
471.174
471.97
472.342
472.714
473.086
473.458
473.83
474.202
474.574
474.946
475.318
475.69
476.062
476.434
476.806
477.178
477.55
477.922
478.294
478.669
479.177
479.685
480.193
480.701
481.209
481.717
482.225
482.733
483.241
483.749
484.257
484.765
485.273
485.781
486.289
486.797
487.3
487.644
487.988
488.332
488.676
489.02
489.364
489.708
490.052
490.396
490.74
491.084
491.428
491.772
492.116
492.46
492.804
493.148
493.49
493.907
494.324
494.741
495.158
495.575
495.992
496.409
496.826
497.243
497.66
498.077
498.494
498.911
499.328
499.745
500.169
500.892
501.615
502.338
503.061
503.784
504.507
505.23
505.953
506.676
507.399
508.122
508.845
509.568
510.291
511.014
511.737
512.46
513.183
513.9
514.452
515.004
515.556
516.108
516.66
517.212
517.764
518.316
518.868
519.42
519.972
520.524
521.08
522.27
523.46
524.65
525.84
527.03
528.22
529.41
530.6
531.79
532.98
534.17
535.36
536.55
537.74
538.93
540.12
541.31
541.59
541.87
542.15
542.43
542.71
542.99
543.27
543.55
543.83
544.111
544.391
544.671
544.952
545.232
545.512
545.792
546.072
546.352
546.632
546.92
547.765
548.61
549.455
550.3
551.145
551.99
552.835
553.68
554.525
555.37
556.215
557.06
557.905
558.75
559.595
560.44
561.285
562.13
562.421
562.712
563.003
563.294
563.585
563.876
564.167
564.458
564.749
565.04
565.331
565.622
565.913
566.204
566.49
566.848
567.206
567.564
567.922
568.28
568.638
568.996
569.354
569.712
570.07
570.428
570.786
571.144
571.502
571.86
572.27
572.68
573.09
573.5
573.91
574.32
574.73
575.14
575.55
575.96
576.37
576.78
577.19
577.6
578.075
578.55
579.025
579.5
579.975
580.45
580.925
581.4
581.875
582.35
582.825
583.3
583.775
584.25
584.725
585.2
585.675
586.15
586.62
586.922
587.224
587.526
587.828
588.13
588.432
588.734
589.036
589.338
589.64
589.942
590.244
590.546
590.848
591.15
591.452
591.754
592.05
593.375
594.7
596.025
597.35
598.675
600.0
601.325
602.65
603.975
605.3
606.625
607.95
609.275
610.6
611.93
613.135
614.34
615.545
616.75
617.955
619.16
620.365
621.57
622.775
623.98
625.185
626.39
627.595
628.8
630.005
631.21
632.415
633.62
634.825
636.03
637.24
638.683
640.126
641.57
643.15
644.73
646.31
647.89
649.47
651.05
652.63
654.21
655.79
657.37
658.95
660.53
662.11
663.69
665.27
666.85
669.608
672.365
675.122
677.88
678.267
678.654
679.041
679.428
679.815
680.202
680.589
680.976
681.363
681.75
682.137
682.524
682.911
683.298
683.685
684.07
684.356
684.642
684.928
685.214
685.5
685.786
686.072
686.358
686.644
686.93
687.216
687.502
687.788
688.074
688.36
688.646
688.932
689.218
689.504
689.79
690.07
690.565
691.06
691.555
692.05
692.545
693.04
693.535
694.03
694.525
695.02
695.515
696.01
696.505
697.0
697.49
697.881
698.272
698.663
699.054
699.445
699.836
700.227
700.618
701.009
701.4
701.791
702.182
702.573
702.964
703.355
703.746
704.137
704.52
705.415
706.31
707.205
708.1
708.354
708.608
708.862
709.116
709.37
709.624
709.878
710.132
710.386
710.64
710.894
711.148
711.402
711.656
711.91
712.164
712.418
712.672
712.93
713.205
713.48
713.755
714.03
714.305
714.58
714.855
715.13
715.405
715.68
715.955
716.23
716.505
716.78
717.055
717.33
717.6
718.08
718.56
719.04
719.52
720.0
720.48
720.96
721.44
721.92
722.4
722.88
723.36
723.84
724.32
724.8
725.28
725.76
726.24
726.72
727.2
727.68
728.16
728.64
729.12
729.6
730.016
730.432
730.848
731.264
731.68
732.096
732.512
732.928
733.344
733.76
734.176
734.592
735.008
735.424
735.84
736.25
736.95
737.65
738.35
739.05
739.75
740.282
740.814
741.346
741.878
742.41
742.942
743.474
744.006
744.538
745.07
745.602
746.134
746.666
747.198
747.73
748.262
748.793
749.325
749.857
750.38
750.672
750.964
751.256
751.548
751.84
752.132
752.424
752.716
753.008
753.3
753.592
753.884
754.176
754.468
754.76
755.052
755.344
755.636
755.928
756.22
756.51
756.893
757.276
757.659
758.042
758.425
758.808
759.191
759.574
759.957
760.34
760.723
761.106
761.489
761.872
762.255
762.638
763.021
763.404
763.787
764.17
764.553
764.936
765.319
765.702
766.08
766.35
766.62
766.89
767.16
767.43
767.7
767.97
768.24
768.51
768.894
769.278
769.662
770.046
770.43
770.814
771.198
771.582
771.966
772.35
772.734
773.118
773.502
773.886
774.27
774.661
774.95
775.239
775.528
775.817
776.106
776.395
776.684
776.973
777.262
777.551
777.84
778.129
778.418
778.707
778.996
779.285
779.574
779.863
780.152
780.441
780.72
780.988
781.256
781.524
781.792
782.06
782.327
782.595
782.863
783.131
783.399
783.667
783.935
784.202
784.47
784.738
785.006
785.274
785.542
785.81
786.07
786.565
787.06
787.555
788.05
788.545
789.04
789.535
790.03
790.525
791.02
791.515
792.01
792.505
793.0
793.495
793.99
794.485
794.98
795.48
795.702
795.924
796.146
796.368
796.59
796.812
797.034
797.256
797.478
797.7
797.922
798.144
798.366
798.588
798.81
799.032
799.254
799.476
799.69
800.154
800.618
801.082
801.546
802.01
802.474
802.938
803.402
803.87
804.433
804.995
805.558
806.12
806.683
807.245
807.808
808.37
808.933
809.495
810.058
810.62
811.183
811.745
812.308
812.87
813.433
813.995
814.558
815.12
815.472
815.824
816.176
816.528
816.88
817.232
817.584
817.936
818.288
818.64
818.992
819.344
819.696
820.048
820.4
820.752
821.104
821.456
821.81
822.175
822.54
822.905
823.27
823.635
824.0
824.365
824.73
825.095
825.46
825.825
826.19
826.555
826.92
827.285
827.65
828.015
828.38
828.74
829.052
829.364
829.676
829.988
830.3
830.612
830.924
831.236
831.548
831.86
832.172
832.484
832.796
833.108
833.42
833.732
834.044
834.356
834.66
834.937
835.214
835.491
835.768
836.045
836.322
836.599
836.876
837.153
837.43
837.707
837.984
838.261
838.538
838.815
839.092
839.369
839.646
839.923
840.19
840.905
841.62
842.335
843.05
843.765
844.48
845.195
845.91
846.625
847.34
848.055
848.77
849.485
850.2
850.915
851.63
852.34
853.472
854.604
855.736
856.868
858.0
859.132
860.264
861.396
862.528
863.66
864.792
865.924
867.056
868.188
869.32
870.452
871.59
872.72
873.85
874.98
876.11
877.24
878.37
879.5
880.63
881.76
882.889
884.019
885.149
886.279
887.409
888.538
889.668
890.798
891.928
893.058
894.18
894.354
894.528
894.702
894.876
895.05
895.224
895.398
895.572
895.746
895.92
896.094
896.268
896.442
896.616
896.79
896.964
897.138
897.312
897.486
897.66
897.834
898.008
898.182
898.356
898.54
899.188
899.836
900.484
901.132
901.78
902.428
903.076
903.724
904.372
905.02
905.668
906.316
906.97
907.848
908.726
909.604
910.482
911.36
912.238
913.116
913.994
914.872
915.75
916.628
917.506
918.384
919.262
920.14
921.018
921.89
922.516
923.142
923.768
924.394
925.02
925.646
926.272
926.898
927.524
928.15
928.776
929.402
930.028
930.654
931.28
931.906
932.532
933.158
933.79
934.291
934.792
935.293
935.794
936.295
936.796
937.297
937.798
938.299
938.8
939.301
939.802
940.303
940.804
941.305
941.8
942.365
942.93
943.495
944.06
944.625
945.19
945.755
946.32
946.885
947.45
948.015
948.58
949.145
949.71
950.275
950.84
951.405
951.97
952.54
953.135
953.73
954.325
954.92
955.515
956.11
956.705
957.3
957.895
958.49
959.085
959.68
960.275
960.87
961.465
962.06
962.655
963.25
963.84
965.034
966.228
967.422
968.616
969.81
971.004
972.198
973.392
974.586
975.78
976.974
978.168
979.362
980.556
981.75
982.18
982.61
983.04
983.47
983.9
984.33
984.76
985.19
985.62
986.05
986.48
986.91
987.34
987.77
988.2
988.63
989.06
989.49
989.92
990.35
990.78
991.133
991.486
991.839
992.192
992.545
992.898
993.251
993.604
993.957
994.31
994.663
995.016
995.369
995.722
996.075
996.428
996.781
997.134
997.48
998.287
999.094
999.901
1000.708
1001.515
1002.322
1003.129
1003.936
1004.743
1005.55
1006.357
1007.164
1007.971
1008.778
1009.585
1010.392
1011.199
1012.01
1012.383
1012.756
1013.129
1013.502
1013.875
1014.248
1014.621
1014.994
1015.367
1015.74
1016.113
1016.486
1016.859
1017.232
1017.605
1017.978
1018.351
1018.724
1019.1
1019.737
1020.374
1021.011
1021.648
1022.285
1022.922
1023.559
1024.196
1024.833
1025.47
1026.107
1026.744
1027.381
1028.018
1028.655
1029.292
1029.929
1030.963
1031.997
1033.031
1034.065
1035.099
1036.133
1037.167
1038.201
1039.235
1040.269
1041.303
1042.337
1043.371
1044.405
1045.439
1046.473
1047.507
1048.549
1049.017
1049.485
1049.953
1050.421
1050.889
1051.357
1051.825
1052.293
1052.761
1053.229
1053.697
1054.165
1054.633
1055.101
1055.569
1056.037
1056.505
1056.973
1057.441
1057.9
1058.728
1059.556
1060.384
1061.212
1062.04
1062.868
1063.696
1064.524
1065.352
1066.18
1067.008
1067.836
1068.669
1068.919
1069.169
1069.419
1069.669
1070.221
1070.773
1071.325
1071.877
1072.429
1072.981
1073.533
1074.085
1074.637
1075.189
1075.741
1076.293
1076.845
1077.397
1077.949
1078.501
1079.049
1079.411
1079.773
1080.135
1080.497
1080.859
1081.221
1081.583
1081.945
1082.307
1082.669
1083.031
1083.393
1083.755
1084.117
1084.479
1084.841
1085.21
1085.63
1086.05
1086.47
1086.89
1087.31
1087.73
1088.15
1088.57
1088.99
1089.41
1089.83
1090.25
1090.67
1091.09
1091.51
1091.93
1092.35
1093.031
1093.712
1094.393
1095.074
1095.755
1096.436
1097.117
1097.798
1098.479
1099.16
1099.841
1100.522
1101.203
1101.884
1102.565
1103.246
1103.929
1104.203
1104.477
1104.751
1105.025
1105.299
1105.573
1105.847
1106.121
1106.395
1106.669
1106.943
1107.217
1107.491
1107.765
1108.039
1108.313
1108.587
1108.861
1109.129
1109.544
1109.959
1110.374
1110.789
1111.204
1111.619
1112.034
1112.449
1112.864
1113.279
1113.69
1113.949
1114.208
1114.467
1114.726
1114.985
1115.244
1115.503
1115.762
1116.021
1116.28
1116.539
1116.798
1117.057
1117.316
1117.575
1117.834
1118.1
1119.597
1121.094
1122.591
1124.088
1125.585
1127.082
1128.579
1130.076
1131.573
1133.07
1134.567
1136.064
1137.561
1139.058
1140.555
1142.052
1143.549
1145.05
1146.643
1148.236
1149.829
1151.422
1153.015
1154.608
1156.201
1157.794
1159.387
1160.98
1162.573
1164.166
1165.759
1167.352
1168.95
1169.227
1169.504
1169.781
1170.058
1170.335
1170.612
1170.889
1171.166
1171.443
1171.72
1171.997
1172.274
1172.551
1172.828
1173.105
1173.38
1173.819
1174.258
1174.697
1175.136
1175.575
1176.014
1176.453
1176.892
1177.331
1177.77
1178.209
1178.648
1179.087
1179.526
1179.965
1180.404
1180.843
1181.289
1182.737
1184.185
1185.633
1187.08
1187.519
1187.958
1188.397
1188.836
1189.275
1189.714
1190.153
1190.592
1191.031
1191.47
1191.909
1192.348
1192.787
1193.226
1193.665
1194.104
1194.543
1194.981
1195.323
1195.665
1196.007
1196.349
1196.691
1197.033
1197.375
1197.717
1198.059
1198.401
1198.743
1199.085
1199.427
1199.769
1200.111
1200.453
1200.795
1201.129
1201.89
1202.651
1203.412
1204.173
1204.934
1205.695
1206.456
1207.217
1207.978
1208.739
1209.5
1210.261
1211.022
1211.783
1212.544
1213.3
1213.806
1214.312
1214.818
1215.324
1215.83
1216.336
1216.842
1217.348
1217.854
1218.36
1218.866
1219.372
1219.878
1220.384
1220.89
1221.389
1222.296
1223.203
1224.11
1225.017
1225.924
1226.831
1227.738
1228.645
1229.552
1230.459
1231.366
1232.273
1233.18
1234.087
1235.0
1235.372
1235.745
1236.117
1236.489
1236.861
1237.234
1237.606
1237.978
1238.351
1238.724
1239.096
1239.468
1239.841
1240.213
1240.585
1240.957
1241.33
1241.702
1242.074
1242.45
1242.805
1243.16
1243.515
1243.87
1244.225
1244.58
1244.935
1245.29
1245.645
1246.0
1246.355
1246.71
1247.065
1247.42
1247.775
1248.13
1248.485
1248.84
1249.2
1249.573
1249.946
1250.319
1250.692
1251.065
1251.438
1251.811
1252.184
1252.557
1252.93
1253.303
1253.676
1254.049
1254.422
1254.795
1255.168
1255.541
1255.914
1256.289
1256.976
1257.663
1258.35
1259.037
1259.724
1260.411
1261.098
1261.785
1262.472
1263.159
1263.846
1264.533
1265.22
1265.907
1266.594
1267.281
1267.96
1268.675
1269.39
1270.105
1270.82
1271.535
1272.25
1272.965
1273.68
1274.395
1275.11
1275.825
1276.54
1277.255
1277.97
1278.685
1279.4
1280.115
1280.83
1281.545
1282.26
1282.98
1284.08
1285.18
1286.28
1287.38
1288.48
1289.58
1290.68
1291.78
1292.88
1293.98
1295.08
1296.18
1297.28
1298.38
1299.48
1300.58
1301.68
1302.779
1303.091
1303.403
1303.716
1304.028
1304.341
1304.653
1304.966
1305.278
1305.591
1305.903
1306.216
1306.528
1306.841
1307.153
1307.466
1307.778
1308.091
1308.403
1308.716
1309.029
1309.323
1309.618
1309.912
1310.207
1310.502
1310.796
1311.091
1311.385
1311.679
1311.974
1312.268
1312.562
1312.856
1313.15
1313.445
1313.739
1314.034
1314.329
1314.623
1314.919
1316.534
1318.149
1319.764
1321.379
1322.994
1324.609
1326.224
1327.839
1329.454
1331.069
1332.684
1334.299
1335.914
1337.529
1339.149
1339.595
1340.041
1340.487
1340.933
1341.379
1341.825
1342.271
1342.717
1343.163
1343.609
1344.055
1344.501
1344.947
1345.393
1345.839
1346.285
1346.731
1347.179
1347.83
1348.481
1349.132
1349.783
1350.434
1351.085
1351.736
1352.387
1353.038
1353.689
1354.34
1354.991
1355.642
1356.293
1356.944
1357.6
1358.304
1359.009
1359.714
1360.418
1361.122
1361.827
1362.532
1363.236
1363.941
1364.646
1365.351
1366.056
1366.761
1367.466
1368.17
1368.875
1369.58
1370.284
1370.989
1371.69
1372.314
1372.938
1373.562
1374.186
1374.81
1375.434
1376.058
1376.682
1377.306
1377.93
1378.554
1379.178
1379.802
1380.426
1381.05
1381.674
1382.298
1382.922
1383.549
1384.059
1384.569
1385.079
1385.589
1386.099
1386.609
1387.119
1387.629
1388.139
1388.649
1389.159
1389.669
1390.179
1390.689
1391.199
1391.709
1392.219
1392.729
1393.239
1393.749
1394.259
1394.759
1395.765
1396.771
1397.777
1398.783
1399.789
1400.795
1401.801
1402.807
1403.813
1404.819
1405.825
1406.831
1407.837
1408.843
1409.849
1410.855
1411.86
1413.11
1414.36
1415.61
1416.86
1418.11
1419.36
1420.61
1421.86
1423.11
1424.36
1425.61
1426.86
1428.11
1429.36
1430.604
1431.848
1433.092
1434.336
1435.58
1436.824
1438.068
1439.312
1440.556
1441.8
1443.044
1444.288
1445.532
1446.776
1448.02
1449.264
1450.508
1451.759
1452.413
1453.067
1453.721
1454.375
1455.029
1455.683
1456.337
1456.991
1457.645
1458.299
1458.953
1459.607
1460.261
1460.915
1461.569
1462.23
1463.248
1464.266
1465.284
1466.302
1467.32
1468.338
1469.356
1470.374
1471.392
1472.41
1473.428
1474.446
1475.464
1476.482
1477.5
1478.518
1479.536
1480.554
1481.57
1482.031
1482.492
1482.953
1483.414
1483.875
1484.336
1484.797
1485.258
1485.719
1486.18
1486.641
1487.102
1487.563
1488.024
1488.485
1488.946
1489.407
1489.868
1490.329
1490.789
1491.289
1491.789
1493.343
1494.897
1496.451
1498.005
1499.559
1501.113
1502.667
1504.221
1505.775
1507.329
1508.883
1510.437
1511.991
1513.539
1514.876
1516.213
1517.55
1518.887
1520.224
1521.561
1522.898
1524.235
1525.572
1526.909
1528.246
1529.583
1530.92
1532.257
1533.594
1534.929
1536.771
1538.612
1540.454
1542.295
1544.137
1545.978
1547.82
1549.661
1551.503
1553.344
1555.186
1557.027
1558.869
1560.71
1561.18
1561.65
1562.12
1562.59
1563.059
1563.398
1563.737
1564.076
1564.415
1564.754
1565.093
1565.432
1565.771
1566.11
1566.449
1566.788
1567.127
1567.466
1567.805
1568.144
1568.483
1568.82
1569.241
1569.662
1570.083
1570.504
1570.925
1571.346
1571.767
1572.188
1572.609
1573.03
1573.451
1573.872
1574.293
1574.714
1575.135
1575.556
1575.977
1576.398
1576.819
1577.239
1577.652
1578.065
1578.478
1578.891
1579.304
1579.717
1580.13
1580.543
1580.956
1581.369
1581.782
1582.195
1582.608
1583.021
1583.434
1583.84
1584.784
1585.728
1586.672
1587.616
1588.56
1589.504
1590.448
1591.392
1592.336
1593.28
1594.224
1595.168
1596.112
1597.056
1598.0
1598.944
1599.888
1600.832
1601.776
1602.72
1603.664
1604.608
1605.552
1606.496
1607.44
1608.384
1609.33
1612.566
1615.802
1619.038
1622.274
1625.51
1628.746
1631.982
1635.218
1638.454
1641.69
1644.926
1648.162
1651.398
1654.634
1657.87
1661.106
1664.342
1667.57
1667.913
1668.256
1668.599
1668.942
1669.285
1669.628
1669.971
1670.314
1670.657
1671.0
1671.343
1671.686
1672.029
1672.372
1672.715
1673.058
1673.409
1674.032
1674.655
1675.278
1675.901
1676.524
1677.147
1677.77
1678.393
1679.016
1679.639
1680.262
1680.885
1681.508
1682.131
1682.754
1683.377
1684.0
1684.623
1685.246
1685.869
1686.492
1687.115
1687.74
1688.114
1688.488
1688.862
1689.236
1689.61
1689.984
1690.358
1690.732
1691.106
1691.48
1691.854
1692.228
1692.602
1692.976
1693.35
1693.724
1694.09
1694.358
1694.626
1694.894
1695.162
1695.43
1695.698
1695.966
1696.234
1696.502
1696.77
1697.038
1697.306
1697.574
1697.842
1698.11
1698.378
1698.646
1698.914
1699.179
1699.512
1699.845
1700.179
1700.677
1701.175
1701.673
1702.171
1702.669
1703.167
1703.665
1704.163
1704.661
1705.159
1705.657
1706.155
1706.653
1707.151
1707.649
1708.147
1708.639
1708.854
1709.069
1709.284
1709.499
1709.714
1709.929
1710.144
1710.359
1710.574
1710.789
1711.004
1711.219
1711.434
1711.649
1711.864
1712.079
1712.294
1712.51
1714.423
1716.336
1718.249
1720.162
1722.075
1723.988
1725.901
1727.814
1729.727
1731.64
1733.553
1735.466
1737.379
1739.292
1741.205
1743.118
1745.031
1746.95
1747.523
1748.096
1748.669
1749.242
1749.815
1750.388
1750.961
1751.534
1752.107
1752.68
1753.253
1753.826
1754.399
1754.972
1755.545
1756.118
1756.691
1757.264
1757.837
1758.419
1758.818
1759.216
1759.614
1760.013
1760.411
1760.81
1761.208
1761.607
1762.005
1762.404
1762.803
1763.202
1763.601
1764.0
1764.399
1764.797
1765.196
1765.594
1765.993
1766.389
1766.808
1767.227
1767.646
1768.065
1768.484
1768.903
1769.322
1769.741
1770.16
1770.579
1770.998
1771.417
1771.836
1772.255
1772.674
1773.093
1773.512
1773.931
1774.35
1774.769
1775.188
1775.607
1776.026
1776.45
1777.072
1777.694
1778.316
1778.938
1779.56
1780.182
1780.804
1781.426
1782.048
1782.67
1783.292
1783.914
1784.536
1785.158
1785.78
1786.402
1787.024
1787.639
1787.966
1788.293
1788.62
1788.947
1789.274
1789.601
1789.928
1790.255
1790.582
1790.909
1791.236
1791.563
1791.89
1792.217
1792.544
1792.871
1793.198
1793.525
1793.852
1794.179
1794.506
1794.833
1795.16
1795.487
1795.814
1796.141
1796.468
1796.795
1797.109
1797.899
1798.689
1799.479
1800.269
1801.059
1801.849
1802.639
1803.429
1804.219
1805.009
1805.799
1806.589
1807.379
1808.169
1808.959
1809.749
1810.539
1811.329
1812.119
1812.909
1813.384
1813.859
1814.334
1814.809
1815.284
1815.759
1816.234
1816.709
1817.184
1817.659
1818.134
1818.609
1819.443
1820.277
1821.111
1821.945
1822.779
1823.613
1824.447
1825.281
1826.115
1826.949
1827.783
1828.617
1829.451
1830.285
1831.119
1831.953
1832.787
1833.621
1834.455
1835.289
1836.129
1836.527
1836.925
1837.323
1837.721
1838.119
1838.517
1838.915
1839.313
1839.711
1840.109
1840.507
1840.905
1841.303
1841.701
1842.099
1842.497
1842.895
1843.293
1843.691
1844.089
1844.487
1844.879
1845.218
1845.557
1845.896
1846.235
1846.574
1846.913
1847.252
1847.591
1847.93
1848.269
1848.608
1848.947
1849.286
1849.625
1849.964
1850.303
1850.642
1850.989
1851.194
1851.399
1851.604
1851.809
1852.014
1852.219
1852.424
1852.629
1852.834
1853.039
1853.244
1853.449
1853.654
1853.859
1854.064
1854.269
1854.474
1854.679
1854.884
1855.089
1855.294
1855.49
1855.947
1856.404
1856.861
1857.318
1857.775
1858.232
1858.689
1859.146
1859.603
1860.06
1860.517
1860.974
1861.431
1861.888
1862.345
1862.802
1863.259
1863.72
1864.182
1864.644
1865.106
1865.568
1866.03
1866.492
1866.954
1867.416
1867.878
1868.34
1868.802
1869.264
1869.726
1870.188
1870.65
1871.112
1871.574
1872.036
1872.498
1872.96
1873.357
1873.754
1874.151
1874.548
1874.945
1875.342
1875.739
1876.136
1876.533
1876.93
1877.327
1877.724
1878.121
1878.518
1878.915
1879.312
1879.709
1880.106
1880.503
1880.9
1881.297
1881.7
1882.023
1882.346
1882.669
1882.992
1883.315
1883.638
1883.961
1884.284
1884.607
1884.93
1885.253
1885.576
1885.899
1886.222
1886.545
1886.868
1887.191
1887.514
1887.837
1888.16
1888.483
1888.806
1889.13
1890.05
1890.97
1891.89
1892.809
1893.308
1893.807
1894.306
1894.805
1895.304
1895.803
1896.302
1896.801
1897.3
1897.799
1898.298
1898.797
1899.296
1899.795
1900.294
1900.793
1901.292
1901.791
1902.29
1902.789
1903.279
1903.708
1904.137
1904.566
1904.995
1905.424
1905.853
1906.282
1906.711
1907.14
1907.569
1907.998
1908.427
1908.856
1909.285
1909.714
1910.143
1910.572
1911.001
1911.43
1911.859
1912.289
1912.617
1912.945
1913.273
1913.601
1913.929
1914.257
1914.585
1914.913
1915.241
1915.569
1915.897
1916.225
1916.553
1916.881
1917.209
1917.537
1917.865
1918.193
1918.521
1918.849
1919.177
1919.505
1919.83
1920.516
1921.202
1921.888
1922.574
1923.26
1923.946
1924.632
1925.318
1926.004
1926.69
1927.376
1928.062
1928.748
1929.434
1930.12
1930.799
1931.363
1931.928
1932.493
1933.057
1933.621
1934.186
1934.75
1935.314
1935.879
1936.443
1937.007
1937.572
1938.136
1938.7
1939.264
1939.828
1940.392
1940.96
1941.371
1941.782
1942.193
1942.604
1943.015
1943.426
1943.837
1944.248
1944.659
1945.07
1945.481
1945.892
1946.303
1946.714
1947.119
1947.546
1947.973
1948.4
1948.827
1949.254
1949.681
1950.108
1950.535
1950.962
1951.389
1951.816
1952.243
1952.67
1953.097
1953.529
1954.031
1954.533
1955.035
1955.537
1956.039
1956.541
1957.043
1957.545
1958.047
1958.549
1959.051
1959.553
1960.055
1960.557
1961.059
1961.561
1962.063
1962.57
1962.955
1963.34
1963.725
1964.11
1964.495
1964.88
1965.265
1965.65
1966.035
1966.42
1966.805
1967.19
1967.575
1967.96
1968.345
1968.73
1969.179
1969.628
1970.077
1970.526
1970.975
1971.424
1971.873
1972.322
1972.771
1973.22
1973.669
1974.118
1974.567
1975.016
1975.465
1975.914
1976.363
1976.812
1977.261
1977.71
1978.169
1978.847
1979.525
1980.203
1980.881
1981.559
1982.237
1982.915
1983.593
1984.271
1984.949
1985.627
1986.305
1986.983
1987.661
1988.339
1989.017
1989.695
1990.373
1991.051
1991.729
1992.409
1994.867
1997.325
1999.783
2002.241
2004.699
2007.157
2009.615
2012.073
2014.531
2016.989
2019.447
2021.905
2024.363
2026.821
2029.279
2031.739
2033.047
2034.355
2035.663
2036.971
2038.279
2039.587
2040.895
2042.203
2043.511
2044.819
2046.127
2047.435
2048.743
2050.051
2051.359
2052.667
2053.98
2054.191
2054.402
2054.613
2054.824
2055.035
2055.246
2055.457
2055.668
2055.879
2056.09
2056.301
2056.512
2056.723
2056.934
2057.145
2057.35
2057.604
2057.858
2058.112
2058.366
2058.62
2058.874
2059.128
2059.382
2059.636
2059.89
2060.144
2060.398
2060.652
2060.906
2061.16
2061.414
2061.668
2061.929
2062.284
2062.639
2062.994
2063.349
2063.704
2064.059
2064.414
2064.769
2065.124
2065.479
2065.834
2066.189
2066.544
2066.899
2067.254
2067.609
2068.02
2068.431
2068.842
2069.253
2069.664
2070.075
2070.486
2070.897
2071.308
2071.719
2072.13
2072.541
2072.952
2073.363
2073.774
2074.185
2074.596
2075.007
2075.409
2077.186
2078.963
2080.74
2082.517
2084.294
2086.071
2087.848
2089.625
2091.399
2092.651
2093.903
2095.155
2096.407
2097.659
2098.911
2100.163
2101.415
2102.667
2103.919
2105.171
2106.423
2107.675
2108.927
2110.179
2111.431
2112.683
2113.93
2115.071
2116.212
2117.353
2118.494
2119.635
2120.776
2121.917
2123.058
2124.199
2125.34
2126.481
2127.622
2128.763
2129.904
2131.045
2132.186
2133.329
2133.683
2134.037
2134.391
2134.745
2135.099
2135.453
2135.807
2136.161
2136.515
2136.869
2137.223
2137.577
2137.931
2138.285
2138.639
2138.993
2139.339
2139.672
2140.005
2140.338
2140.671
2141.004
2141.337
2141.67
2142.003
2142.336
2142.669
2143.002
2143.335
2143.668
2144.001
2144.334
2144.667
2145.0
2145.33
2145.676
2146.022
2146.368
2146.714
2147.06
2147.406
2147.752
2148.098
2148.444
2148.79
2149.136
2149.482
2149.828
2150.174
2150.52
2150.86
2151.223
2151.586
2151.949
2152.312
2152.675
2153.038
2153.401
2153.764
2154.127
2154.49
2154.853
2155.216
2155.579
2155.942
2156.305
2156.668
2157.031
2157.4
2157.645
2157.89
2158.135
2158.38
2158.625
2158.87
2159.115
2159.36
2159.605
2159.85
2160.095
2160.34
2160.585
2160.83
2161.075
2161.32
2161.565
2161.809
2162.106
2162.403
2162.7
2162.997
2163.294
2163.591
2163.888
2164.185
2164.482
2164.779
2165.076
2165.373
2165.67
2165.967
2166.264
2166.561
2166.858
2167.155
2167.45
2167.699
2167.948
2168.197
2168.446
2168.695
2168.944
2169.193
2169.442
2169.691
2169.94
2170.189
2170.438
2170.687
2170.936
2171.185
2171.434
2171.683
2171.94
2172.215
2172.49
2172.765
2173.04
2173.315
2173.59
2173.865
2174.14
2174.415
2174.69
2174.965
2175.24
2175.515
2175.79
2176.065
2176.34
2176.619
2177.619
2177.99
2178.361
2178.732
2179.103
2179.474
2179.845
2180.216
2180.587
2180.958
2181.329
2181.7
2182.071
2182.442
2182.813
2183.184
2183.555
2183.926
2184.297
2184.668
2185.039
2185.933
2186.827
2187.721
2188.615
2189.509
2190.403
2191.297
2192.191
2193.085
2193.979
2194.873
2195.767
2196.661
2197.555
2198.449
2199.343
2200.237
2201.131
2202.025
2202.91
2203.687
2204.464
2205.241
2206.018
2206.795
2207.572
2208.349
2209.126
2209.903
2210.68
2211.457
2212.234
2213.011
2213.788
2214.565
2215.342
2216.119
2216.896
2217.67
2218.112
2218.554
2218.996
2219.438
2219.88
2220.322
2220.764
2221.206
2221.648
2222.09
2222.532
2222.974
2223.416
2223.858
2224.3
2224.742
2225.18
2225.84
2226.501
2227.162
2227.822
2228.483
2229.144
2229.804
2230.465
2231.126
2231.787
2232.447
2233.108
2233.769
2234.429
2235.09
2235.751
2236.412
2237.072
2237.733
2238.39
2239.544
2240.698
2241.852
2243.006
2244.16
2245.314
2246.468
2247.622
2248.776
2249.93
2251.084
2252.238
2253.392
2254.546
2255.7
2256.86
2257.16
2257.46
2257.76
2258.06
2258.36
2258.66
2258.96
2259.26
2259.56
2259.86
2260.16
2260.46
2260.76
2261.06
2261.36
2261.66
2261.96
2262.314
2262.668
2263.023
2263.378
2263.733
2264.088
2264.443
2264.798
2265.152
2265.506
2265.86
2266.215
2266.57
2266.925
2267.28
2267.635
2267.99
2268.344
2268.698
2269.05
2269.516
2269.982
2270.448
2270.914
2271.38
2271.846
2272.312
2272.778
2273.244
2273.71
2274.176
2274.642
2275.108
2275.574
2276.04
2276.506
2276.972
2277.44
2278.139
2278.838
2279.537
2280.236
2280.935
2281.634
2282.333
2283.03
2284.277
2285.524
2286.771
2288.018
2289.265
2290.512
2291.759
2293.006
2294.253
2295.5
2296.747
2297.994
2299.241
2300.488
2301.735
2302.982
2304.229
2305.476
2306.723
2307.97
2308.764
2309.558
2310.352
2311.146
2311.94
2312.734
2313.528
2314.322
2315.116
2315.91
2316.704
2317.498
2318.292
2319.086
2319.88
2320.674
2321.468
2322.26
2323.581
2324.902
2326.223
2327.544
2328.865
2330.186
2331.507
2332.828
2334.149
2335.47
2336.791
2338.112
2339.433
2340.754
2342.075
2343.396
2344.717
2346.04
2346.597
2347.154
2347.711
2348.268
2348.825
2349.382
2349.939
2350.496
2351.053
2351.61
2352.167
2352.724
2353.281
2353.838
2354.395
2354.952
2355.51
2357.083
2358.656
2360.229
2361.802
2363.375
2364.948
2366.521
2368.094
2369.667
2371.24
2372.813
2374.386
2375.959
2377.532
2379.105
2380.678
2382.251
2383.829
2395.694
2407.559
2409.345
2411.131
2412.917
2414.703
2416.489
2418.275
2420.061
2421.847
2423.633
2425.419
2427.205
2428.991
2430.777
2432.563
2434.349
2436.135
2437.92
2438.359
2438.798
2439.237
2439.676
2440.115
2440.554
2440.993
2441.432
2441.871
2442.31
2442.749
2443.19
2443.638
2444.086
2444.534
2444.982
2445.43
2445.878
2446.326
2446.774
2447.222
2447.67
2448.118
2448.566
2449.014
2449.462
2449.91
2450.358
2450.806
2451.254
2451.702
2452.15
2452.598
2453.05
2453.514
2453.978
2454.442
2454.906
2455.37
2455.834
2456.298
2456.762
2457.226
2457.69
2458.154
2458.618
2459.082
2459.546
2460.01
2460.474
2460.938
2461.402
2461.866
2462.33
2462.794
2463.26
2463.634
2464.008
2464.382
2464.756
2465.13
2465.504
2465.878
2466.252
2466.626
2467.0
2467.374
2467.748
2468.122
2468.496
2468.87
2469.244
2469.618
2469.992
2470.366
2470.74
2471.114
2471.48
2472.262
2473.044
2473.826
2474.608
2475.39
2476.172
2476.954
2477.736
2478.518
2479.3
2480.082
2480.864
2481.646
2482.428
2483.21
2483.992
2484.774
2485.559
2486.44
2487.321
2488.202
2489.083
2489.964
2490.845
2491.726
2492.607
2493.488
2494.369
2495.25
2496.131
2497.012
2497.893
2498.774
2499.655
2500.54
2500.865
2501.19
2501.515
2501.84
2502.165
2502.49
2502.815
2503.14
2503.465
2503.79
2504.115
2504.44
2504.765
2505.09
2505.415
2505.74
2506.065
2506.39
2506.72
2506.93
2507.14
2507.35
2507.56
2507.77
2507.98
2508.19
2508.4
2508.61
2508.82
2509.03
2509.24
2509.45
2509.66
2509.87
2510.08
2510.29
2510.5
2514.835
2519.17
2519.608
2520.046
2520.484
2520.922
2521.36
2521.798
2522.236
2522.674
2523.112
2523.55
2523.988
2524.426
2524.864
2525.302
2525.74
2526.18
2526.688
2527.196
2527.704
2528.212
2528.72
2529.228
2529.736
2530.244
2530.752
2531.26
2531.768
2532.276
2532.784
2533.292
2533.8
2534.308
2534.809
2535.172
2535.535
2535.898
2536.261
2536.624
2536.987
2537.35
2537.713
2538.076
2538.439
2538.802
2539.165
2539.528
2539.891
2540.254
2540.617
2540.98
2541.343
2541.71
2542.279
2542.848
2543.417
2543.986
2544.555
2545.124
2545.693
2546.262
2546.831
2547.4
2547.969
2548.538
2549.107
2549.676
2550.245
2550.809
2551.106
2551.403
2551.7
2551.997
2552.294
2552.591
2552.888
2553.185
2553.482
2553.779
2554.076
2554.373
2554.67
2554.967
2555.264
2555.561
2555.859
2556.661
2557.463
2558.265
2559.067
2559.869
2560.671
2561.473
2562.275
2563.077
2563.879
2564.681
2565.483
2566.285
2567.087
2567.889
2568.691
2569.49
2570.169
2570.848
2571.527
2572.206
2572.885
2573.564
2574.243
2574.922
2575.601
2576.28
2576.959
2577.638
2578.317
2578.996
2579.675
2580.354
2581.029
2581.663
2582.297
2582.931
2583.565
2584.199
2584.833
2585.467
2586.101
2586.735
2587.369
2588.003
2588.637
2589.271
2589.905
2590.539
2591.173
2591.807
2592.441
2593.075
2593.7
2594.109
2594.518
2594.927
2595.336
2595.745
2596.154
2596.563
2596.972
2597.381
2597.79
2598.199
2598.608
2599.017
2599.426
2599.835
2600.244
2600.65
2601.32
2601.99
2602.66
2603.33
2604.0
2604.67
2605.34
2606.01
2606.68
2607.35
2608.02
2608.69
2609.36
2610.03
2610.7
2611.37
2612.04
2612.71
2613.38
2614.049
2614.752
2615.455
2616.158
2616.861
2617.564
2618.267
2618.97
2619.673
2620.376
2621.079
2621.782
2622.485
2623.188
2623.891
2624.594
2625.297
2626.0
2626.71
2627.684
2628.658
2629.632
2630.606
2631.58
2632.554
2633.528
2634.502
2635.476
2636.45
2637.424
2638.398
2639.372
2640.346
2641.32
2642.294
2643.27
2644.97
2646.67
2648.37
2650.07
2651.77
2653.47
2654.656
2655.842
2657.028
2658.214
2659.4
2660.586
2661.772
2662.958
2664.144
2665.33
2666.516
2667.702
2668.888
2670.074
2671.26
2672.446
2673.632
2674.819
2675.42
2676.021
2676.622
2677.223
2677.824
2678.425
2679.026
2679.627
2680.228
2680.829
2681.43
2682.031
2682.632
2683.233
2683.834
2684.435
2685.039
2685.637
2686.235
2686.833
2687.431
2688.029
2688.627
2689.225
2689.823
2690.421
2691.019
2691.617
2692.215
2692.813
2693.411
2694.009
2694.607
2695.201
2695.454
2695.707
2695.96
2696.213
2696.466
2696.719
2696.972
2697.225
2697.478
2697.731
2697.984
2698.237
2698.49
2698.743
2698.996
2699.249
2699.502
2699.755
2700.008
2700.261
2700.51
2701.0
2701.49
2701.98
2702.47
2702.96
2703.45
2703.94
2704.43
2704.92
2705.41
2705.9
2706.39
2706.88
2707.37
2707.86
2708.349
2708.819
2709.289
2709.759
2710.229
2710.699
2711.169
2711.639
2712.109
2712.579
2713.049
2713.519
2713.989
2714.459
2714.929
2715.399
2715.869
2716.339
2716.809
2717.28
2717.645
2718.01
2718.375
2718.74
2719.105
2719.47
2720.222
2720.974
2721.726
2722.478
2723.23
2723.982
2724.734
2725.486
2726.238
2726.99
2727.742
2728.494
2729.246
2729.998
2730.75
2731.502
2732.26
2732.642
2733.024
2733.406
2733.788
2734.17
2734.552
2734.934
2735.316
2735.698
2736.08
2736.462
2736.844
2737.226
2737.608
2737.99
2738.372
2738.754
2739.14
2739.614
2740.088
2740.562
2741.036
2741.51
2741.984
2742.458
2742.932
2743.406
2743.88
2744.354
2744.828
2745.302
2745.776
2746.25
2746.724
2747.198
2747.672
2748.14
2748.632
2749.124
2749.616
2750.108
2750.6
2751.092
2751.584
2752.076
2752.568
2753.06
2753.552
2754.044
2754.536
2755.028
2755.52
2756.012
2756.504
2756.99
2757.558
2758.126
2758.694
2759.262
2759.83
2760.398
2760.966
2761.534
2762.102
2762.67
2763.238
2763.806
2764.38
2764.886
2765.392
2765.898
2766.404
2766.91
2767.416
2767.922
2768.428
2768.934
2769.44
2769.946
2770.452
2770.958
2771.464
2771.97
2772.476
2772.982
2773.488
2773.99
2774.557
2775.124
2775.691
2776.258
2776.825
2777.392
2777.959
2778.526
2779.093
2779.66
2780.227
2780.794
2781.361
2781.928
2782.495
2783.062
2783.629
2784.196
2784.76
2785.261
2785.762
2786.263
2786.764
2787.265
2787.765
2788.265
2788.765
2789.265
2789.765
2790.265
2790.765
2791.265
2791.765
2792.265
2792.765
2793.265
2793.765
2794.265
2794.77
2795.285
2795.8
2796.315
2796.83
2797.345
2797.86
2798.375
2798.89
2799.405
2799.92
2800.435
2800.95
2801.465
2801.98
2802.495
2803.01
2807.503
2811.996
2816.49
2817.722
2818.954
2820.186
2821.418
2822.65
2823.882
2825.114
2826.346
2827.578
2828.81
2830.042
2831.274
2832.506
2833.738
2834.97
2836.202
2837.434
2838.666
2839.9
2840.884
2841.868
2842.852
2843.836
2844.82
2845.804
2846.788
2847.77
2848.215
2848.66
2849.105
2849.55
2849.995
2850.44
2850.885
2851.33
2851.775
2852.22
2852.665
2853.11
2853.555
2854.0
2854.445
2854.89
2855.335
2855.78
2856.225
2856.67
2857.076
2857.482
2857.888
2858.294
2858.7
2859.106
2859.512
2859.918
2860.324
2860.73
2861.136
2861.542
2861.948
2862.354
2862.76
2863.166
2863.572
2863.978
2864.38
2864.694
2865.008
2865.322
2865.636
2865.95
2866.264
2866.578
2866.892
2867.206
2867.52
2867.834
2868.148
2868.462
2868.776
2869.09
2869.404
2869.718
2870.032
2870.349
2870.827
2871.305
2871.783
2872.261
2872.739
2873.217
2873.695
2874.173
2874.651
2875.129
2875.607
2876.085
2876.563
2877.041
2877.519
2877.99
2878.37
2878.75
2879.13
2879.51
2879.89
2880.27
2880.65
2881.03
2881.41
2882.041
2882.672
2883.303
2883.934
2884.565
2885.196
2885.827
2886.458
2887.089
2887.72
2888.351
2888.982
2889.613
2890.244
2890.875
2891.506
2892.137
2892.768
2893.399
2894.03
2894.66
2895.459
2896.258
2897.057
2897.856
2898.655
2899.454
2900.253
2901.052
2901.851
2902.65
2903.449
2904.248
2905.047
2905.846
2906.645
2907.444
2908.243
2909.042
2909.841
2910.64
2911.826
2913.012
2914.198
2915.384
2916.57
2917.756
2918.942
2920.128
2921.314
2922.5
2923.686
2924.872
2926.058
2927.244
2928.43
2929.609
2930.405
2931.201
2931.997
2932.793
2933.589
2934.385
2935.181
2935.977
2936.773
2937.569
2938.365
2939.161
2939.957
2940.753
2941.549
2942.339
2945.035
2947.731
2950.427
2953.123
2955.819
2958.515
2961.211
2963.907
2966.603
2969.299
2971.995
2974.691
2977.387
2980.079
2981.705
2983.331
2984.957
2986.583
2988.209
2989.835
2991.461
2993.087
2994.71
2995.639
2996.568
2997.497
2998.426
2999.355
3000.284
3001.213
3002.142
3003.071
3004.0
3004.929
3005.858
3006.787
3007.72
3008.405
3009.09
3009.775
3010.46
3011.145
3011.83
3012.515
3013.2
3013.885
3014.57
3015.255
3015.94
3016.625
3017.31
3017.995
3018.68
3019.365
3020.049
3020.789
3021.529
3022.269
3023.009
3023.749
3024.489
3025.229
3025.969
3026.709
3027.449
3028.189
3028.929
3029.669
3030.409
3031.149
3031.889
3032.629
3033.369
3034.109
3034.849
3035.579
3036.024
3036.469
3036.914
3037.359
3037.804
3038.249
3038.694
3039.139
3039.584
3040.029
3040.474
3040.919
3041.364
3041.809
3042.254
3042.699
3043.15
3043.37
3043.59
3043.81
3044.03
3044.25
3044.47
3044.69
3044.91
3045.13
3045.35
3045.569
3047.171
3048.773
3050.375
3051.977
3053.579
3055.181
3056.783
3058.385
3059.987
3061.589
3063.191
3064.793
3066.395
3067.997
3069.599
3071.201
3072.803
3074.405
3076.007
3077.599
3078.783
3079.967
3081.151
3082.335
3083.519
3084.703
3085.887
3087.071
3088.255
3089.439
3090.623
3091.807
3092.991
3094.175
3095.359
3096.543
3097.72
3098.388
3099.056
3099.724
3100.392
3101.06
3101.728
3102.396
3103.064
3103.732
3104.4
3105.068
3105.736
3106.404
3107.072
3107.74
3108.408
3109.076
3109.74
3110.196
3110.652
3111.109
3111.739
3112.369
3112.999
3113.629
3114.259
3114.889
3115.519
3116.149
3116.779
3117.409
3118.039
3118.669
3119.299
3119.929
3120.559
3121.189
3121.819
3122.28
3122.741
3123.202
3123.663
3124.124
3124.585
3125.046
3125.507
3125.968
3126.429
3126.89
3127.351
3127.812
3128.273
3128.734
3129.195
3129.656
3130.11
3130.748
3131.386
3132.024
3132.662
3133.3
3133.938
3134.576
3135.214
3135.852
3136.49
3137.128
3137.766
3138.404
3139.042
3139.68
3140.217
3140.754
3141.291
3141.828
3142.365
3142.902
3143.439
3143.976
3144.513
3145.05
3145.587
3146.124
3146.661
3147.2
3148.539
3149.878
3151.217
3152.556
3153.895
3155.234
3156.573
3157.912
3159.251
3160.59
3161.929
3163.268
3164.607
3165.946
3167.285
3168.624
3169.97
3170.241
3170.512
3170.783
3171.054
3171.325
3171.596
3171.867
3172.138
3172.409
3172.68
3172.951
3173.222
3173.493
3173.764
3174.035
3174.306
3174.58
3175.428
3176.276
3177.124
3177.972
3178.82
3179.668
3180.516
3181.364
3182.212
3183.06
3183.908
3184.756
3185.604
3186.452
3187.3
3188.148
3188.996
3189.844
3190.692
3191.54
3192.388
3193.23
3194.446
3195.662
3196.878
3198.094
3199.31
3200.526
3201.742
3202.958
3204.174
3205.39
3206.606
3207.822
3209.038
3210.25
3212.475
3214.7
3216.925
3219.15
3221.375
3223.6
3225.825
3228.05
3230.275
3232.5
3233.571
3234.642
3235.713
3236.784
3237.855
3238.926
3239.997
3241.068
3242.139
3243.21
3244.281
3245.352
3246.423
3247.494
3248.565
3249.636
3250.707
3251.778
3252.849
3253.92
3254.991
3256.062
3257.133
3258.21
3259.807
3261.404
3263.001
3264.598
3266.195
3267.792
3269.389
3270.986
3272.583
3274.18
3275.777
3277.374
3278.971
3280.568
3282.165
3283.762
3285.359
3286.96
3288.625
3290.29
3291.955
3293.62
3295.285
3296.95
3298.615
3300.279
3301.268
3302.257
3303.246
3304.235
3305.224
3306.213
3307.202
3308.191
3309.18
3310.169
3311.158
3312.147
3313.136
3314.125
3315.114
3316.103
3317.092
3318.081
3319.07
3320.05
3324.109
3324.786
3325.463
3326.14
3326.817
3327.494
3328.171
3328.848
3329.525
3330.202
3330.879
3331.556
3332.233
3332.91
3333.587
3334.264
3334.941
3335.618
3336.29
3337.82
3339.35
3340.88
3342.41
3343.94
3345.47
3347.0
3348.53
3350.06
3351.59
3353.119
3353.75
3354.381
3355.012
3355.643
3356.274
3356.905
3357.536
3358.167
3358.798
3359.429
3360.06
3360.691
3361.322
3361.953
3362.584
3363.215
3363.846
3364.48
3364.8
3365.12
3365.44
3365.76
3366.08
3366.4
3366.72
3367.04
3367.36
3367.68
3368.0
3368.32
3368.64
3368.96
3369.28
3369.599
3371.206
3372.813
3374.42
3376.027
3377.634
3379.241
3380.848
3382.455
3384.062
3385.669
3387.276
3388.883
3390.49
3391.829
3393.168
3394.507
3395.846
3397.185
3398.524
3399.863
3401.202
3402.541
3403.88
3405.219
3406.559
3406.863
3407.167
3407.471
3407.775
3408.079
3408.383
3408.687
3408.991
3409.295
3409.599
3409.903
3410.207
3410.511
3410.815
3411.119
3411.423
3411.72
3412.041
3412.362
3412.683
3413.004
3413.325
3413.646
3413.967
3414.288
3414.609
3414.93
3415.251
3415.572
3415.893
3416.214
3416.535
3416.856
3417.177
3417.49
3417.883
3418.276
3418.669
3419.062
3419.455
3419.848
3420.241
3420.634
3421.027
3421.42
3421.813
3422.206
3422.599
3422.992
3423.385
3423.778
3424.171
3424.564
3424.957
3425.359
3425.679
3425.999
3426.319
3426.639
3426.959
3427.279
3427.599
3427.919
3428.239
3428.559
3428.879
3429.199
3429.519
3429.839
3430.159
3430.479
3430.799
3431.119
3431.44
3431.769
3432.097
3432.426
3432.755
3433.084
3433.412
3433.74
3434.068
3434.397
3434.726
3435.055
3435.383
3435.711
3436.039
3436.368
3436.697
3437.026
3437.354
3437.682
3438.01
3439.271
3440.532
3441.793
3443.054
3444.315
3445.576
3446.837
3448.098
3449.359
3450.62
3451.881
3453.14
3454.131
3455.122
3456.113
3457.104
3458.095
3459.086
3460.077
3461.068
3462.059
3463.05
3464.041
3465.032
3466.023
3467.014
3468.005
3468.996
3469.987
3470.978
3471.969
3472.96
3473.96
3474.247
3474.534
3474.822
3475.11
3475.398
3475.686
3475.974
3476.262
3476.55
3476.838
3477.126
3477.414
3477.702
3477.99
3478.277
3478.56
3479.368
3480.176
3480.984
3481.792
3482.6
3483.408
3484.216
3485.024
3485.832
3486.64
3487.448
3488.256
3489.064
3489.872
3490.68
3491.488
3492.296
3493.104
3493.91
3494.201
3494.492
3494.783
3495.074
3495.365
3495.656
3495.947
3496.238
3496.529
3496.82
3497.111
3497.402
3497.693
3497.984
3498.275
3498.559
3498.984
3499.409
3499.834
3500.259
3500.684
3501.109
3501.534
3501.959
3502.384
3502.809
3503.234
3503.659
3504.084
3504.509
3504.93
3504.93
3504.93
3504.93
3504.93
3504.93
