61.869
67.804
73.74
74.032
74.324
74.616
74.908
75.2
75.492
75.784
76.076
76.368
76.66
76.952
77.244
77.536
77.828
78.12
78.412
78.709
79.0
79.291
79.582
79.873
80.164
80.455
80.746
81.037
81.328
81.619
81.91
82.201
82.492
82.783
83.074
83.365
83.656
83.939
84.275
84.611
84.947
85.283
85.619
85.955
86.291
86.627
86.963
87.299
87.635
87.971
88.307
88.643
88.979
89.31
89.559
89.808
90.057
90.306
90.555
90.804
91.053
91.302
91.551
91.8
92.049
92.298
92.547
92.796
93.045
93.294
93.543
93.792
94.041
94.289
95.102
95.915
96.728
97.541
98.354
99.167
99.98
100.793
101.61
102.252
102.894
103.536
104.178
104.82
105.462
106.104
106.746
107.388
108.03
108.672
109.314
109.956
110.598
111.24
111.882
112.524
113.166
113.808
114.45
114.999
115.548
116.097
116.646
117.195
117.744
118.293
118.842
119.391
119.94
120.489
121.038
121.587
122.136
122.685
123.234
123.783
124.332
124.88
125.531
126.182
126.833
127.484
128.135
128.786
129.437
130.088
130.739
131.39
132.041
132.692
133.343
133.994
134.645
135.29
136.107
136.924
137.741
138.558
139.375
140.192
141.009
141.826
142.643
143.46
144.277
145.094
145.911
146.728
147.545
148.362
149.179
149.996
150.813
151.63
152.449
153.09
153.731
154.372
155.013
155.654
156.295
156.936
157.577
158.218
158.859
159.5
160.141
160.782
161.423
162.064
162.705
163.34
163.963
164.586
165.209
165.832
166.455
167.078
167.701
168.324
168.947
169.57
170.193
170.816
171.439
172.062
172.685
173.308
173.931
174.549
174.981
175.413
175.845
176.277
176.709
177.141
177.573
178.005
178.437
178.869
179.301
179.733
180.165
180.597
181.029
181.461
181.893
182.325
182.757
183.189
183.62
183.898
184.176
184.454
184.732
185.01
186.089
187.168
188.247
189.326
190.405
191.484
192.563
193.642
194.721
195.8
196.879
197.958
199.037
200.116
201.195
202.274
203.353
204.432
205.511
206.59
207.659
209.697
211.735
213.773
215.811
217.849
219.887
221.925
223.963
226.001
228.039
230.079
230.516
230.953
231.39
231.827
232.264
232.701
233.138
233.575
234.012
234.449
234.886
235.323
235.76
236.197
236.634
237.071
237.508
237.945
238.389
239.675
240.961
242.247
243.533
244.819
246.105
247.389
247.657
247.925
248.193
248.461
248.729
248.997
249.265
249.533
249.801
250.069
250.337
250.605
250.873
251.141
251.409
251.677
251.945
252.213
252.481
252.749
253.017
253.285
253.553
253.821
254.089
254.357
254.625
254.893
255.161
255.429
255.697
255.965
256.233
256.501
256.769
257.037
257.305
257.573
257.85
258.141
258.432
258.723
259.014
259.305
259.596
259.887
260.178
260.469
260.76
261.051
261.342
261.633
261.924
262.215
262.506
262.797
263.09
263.387
263.684
263.981
264.278
264.575
264.872
265.169
265.466
265.763
266.06
266.357
266.654
266.951
267.248
267.545
267.842
268.139
268.436
268.74
269.516
270.292
271.068
271.844
272.62
273.396
274.172
274.948
275.724
276.5
277.276
278.05
278.585
279.12
279.655
280.19
280.725
281.26
281.795
282.33
282.865
283.4
283.935
284.47
285.005
285.54
286.075
286.61
287.145
287.68
289.126
290.572
292.018
293.464
294.91
296.356
297.802
299.248
300.694
302.14
303.586
305.032
306.478
307.93
309.116
310.302
311.488
312.674
313.86
315.046
316.232
317.418
318.604
319.79
320.976
322.162
323.348
324.534
325.72
326.906
328.092
329.278
330.464
331.65
332.836
334.02
334.714
335.408
336.102
336.796
337.49
338.184
338.878
339.572
340.266
340.96
341.654
342.348
343.042
343.736
344.43
345.124
345.819
346.2
346.581
346.962
347.343
347.724
348.105
348.486
348.867
349.248
349.629
350.01
350.391
350.772
351.153
351.534
351.919
352.318
352.717
353.116
353.515
353.914
354.313
354.712
355.111
355.51
355.909
356.308
356.707
357.106
357.505
357.904
358.303
358.702
359.101
359.5
359.899
360.3
361.048
361.796
362.544
363.292
364.04
364.788
365.536
366.284
367.032
367.78
368.528
369.276
370.024
370.772
371.52
372.268
373.02
373.324
373.628
373.932
374.236
374.54
374.844
375.148
375.452
375.756
376.06
376.364
376.668
376.972
377.276
377.58
377.884
378.188
378.492
378.796
379.1
379.4
380.138
380.876
381.614
382.352
383.09
383.828
384.566
385.304
386.042
386.78
387.518
388.256
388.994
389.732
390.47
391.208
391.946
392.69
393.038
393.386
393.734
394.082
394.43
394.778
395.126
395.474
395.822
396.17
396.518
396.866
397.214
397.562
397.91
398.258
398.6
399.234
399.868
400.502
401.136
401.77
402.404
403.038
403.672
404.306
404.94
405.574
406.208
406.842
407.476
408.11
408.744
409.379
409.75
410.121
410.492
410.863
411.234
411.605
411.976
412.347
412.718
413.089
413.46
413.831
414.202
414.573
414.944
415.319
415.775
416.231
416.687
417.143
417.599
418.055
418.511
418.967
419.423
419.879
420.335
420.791
421.247
421.703
422.159
422.615
423.071
423.527
423.983
424.439
424.889
425.235
425.581
425.927
426.273
426.619
426.965
427.31
427.638
427.966
428.294
428.622
428.95
429.278
429.606
429.934
430.262
430.59
430.918
431.246
431.574
431.902
432.23
432.558
432.886
433.21
433.711
434.212
434.713
435.214
435.715
436.216
436.717
437.218
437.719
438.22
438.721
439.222
439.723
440.224
440.725
441.226
441.729
442.358
442.987
443.616
444.245
444.874
445.503
446.132
446.761
447.39
448.019
448.648
449.277
449.906
450.53
450.955
451.38
451.805
452.23
452.655
453.08
453.505
453.93
454.355
454.78
455.205
455.63
456.055
456.48
456.905
457.33
457.755
458.18
458.61
459.012
459.414
459.816
460.218
460.62
461.022
461.424
461.826
462.228
462.63
463.032
463.434
463.836
464.238
464.64
465.042
465.444
465.846
466.25
466.985
467.72
468.455
469.19
469.925
470.66
471.395
472.13
472.865
473.6
474.335
475.07
475.805
476.54
477.275
478.01
478.75
479.7
480.65
481.6
482.55
483.5
484.45
485.4
486.35
487.3
488.25
489.2
490.15
491.1
492.05
493.0
493.95
494.9
495.85
496.8
497.75
498.7
499.65
500.59
500.976
501.362
501.748
502.134
502.52
502.906
503.292
503.678
504.064
504.45
504.836
505.222
505.608
505.994
506.38
506.766
507.152
507.538
507.93
508.928
509.926
510.924
511.922
512.92
513.918
514.916
515.914
516.912
517.91
518.908
519.906
520.904
521.902
522.9
523.898
524.89
525.391
525.892
526.393
526.894
527.395
527.896
528.397
528.898
529.399
529.9
530.401
530.902
531.403
531.904
532.41
533.052
533.694
534.336
534.978
535.62
536.262
536.904
537.546
538.188
538.83
539.472
540.114
540.75
541.314
541.878
542.442
543.006
543.57
544.134
544.698
545.26
545.758
546.256
546.754
547.252
547.75
548.248
548.746
549.244
549.742
550.24
550.738
551.236
551.734
552.232
552.73
553.228
553.726
554.22
554.594
554.968
555.342
555.716
556.09
556.464
556.838
557.212
557.586
557.96
558.334
558.708
559.082
559.456
559.83
560.209
560.694
561.179
561.664
562.149
562.634
563.119
563.604
564.089
564.574
565.059
565.544
566.029
566.514
566.999
567.484
567.969
568.454
568.939
569.42
569.924
570.428
570.933
571.438
571.942
572.447
572.952
573.457
573.962
574.466
574.971
575.476
575.981
576.486
576.99
577.495
578.0
578.505
579.01
579.51
579.948
580.386
580.824
581.262
581.7
582.138
582.576
583.014
583.452
583.89
584.328
584.766
585.204
585.642
586.08
586.518
586.95
587.307
587.664
588.021
588.378
588.735
589.092
589.449
589.806
590.163
590.52
590.877
591.234
591.591
591.948
592.305
592.662
593.019
593.376
593.73
594.129
594.528
594.927
595.326
595.725
596.124
596.523
596.922
597.321
597.72
598.119
598.518
598.917
599.316
599.715
600.114
600.513
600.912
601.311
601.7
601.954
602.208
602.462
602.716
602.97
603.224
603.478
603.732
603.986
604.24
604.494
604.748
605.002
605.256
605.51
605.76
606.044
606.328
606.612
606.896
607.18
607.464
607.748
608.032
608.32
609.009
609.698
610.387
611.076
611.765
612.454
613.143
613.832
614.521
615.21
615.899
616.588
617.277
617.966
618.655
619.35
619.698
620.046
620.394
620.742
621.09
621.438
621.786
622.134
622.482
622.83
623.178
623.526
623.874
624.222
624.57
624.918
625.266
625.61
626.33
627.05
627.77
628.49
629.21
629.93
630.65
631.37
632.09
632.81
633.53
634.25
634.97
635.69
636.41
637.142
637.874
638.606
639.338
640.07
640.802
641.534
642.266
642.998
643.73
644.462
645.194
645.926
646.658
647.39
648.122
648.854
649.589
650.066
650.543
651.02
651.497
651.974
652.451
652.928
653.405
653.882
654.359
654.836
655.313
655.79
656.267
656.744
657.221
657.698
658.18
658.906
659.632
660.358
661.084
661.81
662.536
663.262
663.988
664.714
665.44
666.166
666.892
667.618
668.344
669.07
669.796
670.522
671.24
672.041
672.842
673.643
674.444
675.245
676.046
676.847
677.648
678.449
679.25
680.051
680.852
681.653
682.459
682.704
682.949
683.194
683.439
683.684
683.929
684.174
684.419
684.664
684.909
685.154
685.399
685.644
685.889
686.134
686.379
686.63
686.838
687.046
687.254
687.462
687.67
687.878
688.086
688.294
688.502
688.71
688.92
689.185
689.45
689.715
689.98
690.245
690.51
690.775
691.04
691.305
691.57
691.835
692.1
692.365
692.63
692.895
693.16
693.541
693.922
694.303
694.684
695.065
695.446
695.827
696.208
696.589
696.97
697.351
697.732
698.113
698.494
698.875
699.256
699.63
700.279
700.928
701.577
702.226
702.875
703.524
704.173
704.822
705.471
706.12
706.769
707.418
708.067
708.716
709.365
710.014
710.67
711.177
711.684
712.191
712.698
713.205
713.712
714.219
714.726
715.233
715.74
716.247
716.754
717.261
717.768
718.275
718.782
719.289
719.79
719.983
720.176
720.369
720.562
720.755
720.948
721.141
721.334
721.527
721.72
721.913
722.106
722.299
722.492
722.685
722.878
723.071
723.26
723.52
723.78
724.04
724.3
724.56
724.82
725.08
725.34
725.6
725.86
726.12
726.38
726.64
726.9
727.16
727.42
727.68
727.94
728.199
728.801
729.403
730.005
730.607
731.209
731.811
732.413
733.015
733.617
734.219
734.821
735.423
736.025
736.627
737.229
737.831
738.433
739.04
739.624
740.208
740.792
741.376
741.96
742.544
743.128
743.712
744.296
744.88
745.464
746.048
746.632
747.216
747.8
748.384
748.968
749.552
750.136
750.72
751.253
751.786
752.319
752.852
753.385
753.918
754.451
754.984
755.517
756.05
756.583
757.116
757.649
758.182
758.715
759.248
759.78
760.03
760.28
760.53
760.78
761.46
762.14
762.82
763.5
764.18
764.86
765.54
766.22
766.9
767.58
768.26
768.94
769.62
770.3
770.98
771.66
772.34
773.019
773.297
773.575
773.853
774.131
774.409
774.687
774.965
775.243
775.521
775.799
776.077
776.355
776.633
776.911
777.189
777.467
777.745
778.023
778.3
778.752
779.204
779.656
780.108
780.56
781.012
781.464
781.916
782.368
782.82
783.272
783.724
784.176
784.628
785.08
785.532
785.98
786.313
786.646
786.979
787.312
787.645
787.978
788.311
788.644
788.977
789.31
789.643
789.976
790.309
790.642
790.975
791.308
791.64
792.828
794.016
795.204
796.392
797.581
798.769
799.957
801.145
802.333
803.521
804.709
805.897
807.086
808.279
808.475
808.671
808.867
809.063
809.259
809.455
809.651
809.847
810.043
810.239
810.435
810.631
810.827
811.023
811.219
811.415
811.611
811.81
812.223
812.636
813.049
813.462
813.875
814.288
814.701
815.114
815.527
815.94
816.353
816.766
817.179
817.592
818.005
818.418
818.831
819.244
819.657
820.072
820.735
821.398
822.061
822.724
823.387
824.05
824.713
825.376
826.039
826.699
827.143
827.587
828.031
828.475
828.919
829.363
829.807
830.251
830.695
831.139
831.583
832.027
832.471
832.915
833.359
833.803
834.247
834.691
835.13
835.385
835.64
835.895
836.15
836.405
836.66
836.915
837.17
837.425
837.68
837.935
838.19
838.445
838.7
838.955
839.21
839.465
839.72
839.98
840.513
841.046
841.579
842.112
842.645
843.178
843.711
844.244
844.777
845.31
845.843
846.376
846.909
847.442
847.975
848.508
849.041
849.574
850.11
850.477
850.844
851.211
851.578
851.945
852.312
852.679
853.046
853.413
853.78
854.147
854.514
854.881
855.248
855.615
855.982
856.349
856.709
856.984
857.259
857.534
857.809
858.084
858.359
858.634
858.909
859.184
859.459
859.734
860.009
860.284
860.559
860.834
861.109
861.38
861.764
862.148
862.532
862.916
863.3
863.684
864.068
864.452
864.836
865.22
865.604
865.988
866.372
866.756
867.14
867.524
867.9
868.194
868.488
868.782
869.076
869.37
869.664
869.958
870.252
870.546
870.84
871.134
871.428
871.722
872.016
872.31
872.61
873.11
873.61
874.985
876.36
877.735
879.11
880.485
881.86
883.235
884.61
885.985
887.36
888.735
890.11
891.485
892.86
894.235
895.61
896.98
897.367
897.754
898.141
898.528
898.915
899.302
899.689
900.076
900.463
900.85
901.237
901.624
902.011
902.398
902.785
903.172
903.559
903.94
904.503
905.066
905.629
906.192
906.755
907.318
907.881
908.444
909.007
909.57
910.133
910.696
911.259
911.822
912.389
912.833
913.277
913.721
914.165
914.609
915.053
915.497
915.941
916.385
916.829
917.273
917.717
918.161
918.605
919.049
919.49
919.945
920.4
920.855
921.31
921.765
922.22
922.675
923.13
923.585
924.04
924.495
924.95
925.405
925.86
926.31
926.539
926.768
926.997
927.226
927.455
927.684
927.913
928.142
928.371
928.6
928.829
929.058
929.287
929.516
929.745
929.974
930.203
930.432
930.66
930.999
931.338
931.677
932.016
932.355
932.694
933.033
933.372
933.711
934.05
934.389
934.728
935.067
935.406
935.745
936.084
936.423
936.77
937.088
937.406
937.724
938.042
938.36
938.678
938.996
939.314
939.632
939.95
940.268
940.586
940.899
941.152
941.405
941.658
941.911
942.164
942.417
942.67
942.923
943.176
943.429
943.682
943.935
944.188
944.441
944.694
944.947
945.2
945.45
945.94
946.43
946.92
947.41
947.9
948.39
948.88
949.37
949.86
950.35
950.84
951.33
951.82
952.31
952.8
953.29
953.78
954.27
954.76
955.25
955.699
956.148
956.597
957.046
957.495
957.944
958.393
958.842
959.291
959.74
960.189
960.638
961.087
961.536
961.985
962.434
962.883
963.332
963.79
964.188
964.586
964.984
965.382
965.78
966.178
966.576
966.974
967.372
967.77
968.168
968.566
968.964
969.362
969.76
970.158
970.556
970.949
971.192
971.435
971.678
971.921
972.164
972.407
972.65
972.893
973.136
973.379
973.622
973.865
974.108
974.351
974.594
974.839
975.118
975.397
975.676
975.955
976.234
976.513
976.792
977.071
977.35
977.629
977.908
978.187
978.466
978.745
979.024
979.303
979.582
979.861
980.149
980.376
980.603
980.83
981.057
981.284
981.511
981.74
981.94
982.14
982.34
982.54
982.74
982.94
983.14
983.34
983.54
983.74
983.94
984.14
984.34
984.54
984.74
984.94
985.262
985.584
985.906
986.228
986.55
986.872
987.194
987.516
987.838
988.16
988.482
988.804
989.126
989.448
989.77
990.092
990.414
990.74
991.268
991.796
992.324
992.852
993.38
993.908
994.436
994.964
995.492
996.02
996.548
997.076
997.604
998.132
998.66
999.188
999.709
1000.174
1000.639
1001.104
1001.569
1002.034
1002.499
1002.964
1003.429
1003.894
1004.359
1004.824
1005.289
1005.754
1006.219
1006.68
1007.111
1007.542
1007.973
1008.404
1008.835
1009.266
1009.697
1010.128
1010.559
1010.99
1011.421
1011.852
1012.283
1012.714
1013.145
1013.576
1014.007
1014.43
1014.688
1014.946
1015.204
1015.462
1015.72
1015.978
1016.236
1016.494
1016.752
1017.01
1017.268
1017.526
1017.784
1018.04
1018.428
1018.816
1019.204
1019.592
1019.98
1020.368
1020.756
1021.144
1021.532
1021.92
1022.308
1022.696
1023.084
1023.472
1023.86
1024.25
1024.699
1025.148
1025.597
1026.046
1026.495
1026.944
1027.393
1027.842
1028.291
1028.74
1029.189
1029.638
1030.087
1030.536
1030.985
1031.43
1031.97
1032.51
1033.05
1033.589
1034.016
1034.443
1034.87
1035.297
1035.724
1036.151
1036.578
1037.005
1037.432
1037.859
1038.286
1038.713
1039.14
1039.567
1039.994
1040.421
1040.848
1041.27
1041.672
1042.074
1042.476
1042.878
1043.28
1043.682
1044.084
1044.486
1044.888
1045.29
1045.692
1046.094
1046.496
1046.898
1047.3
1047.702
1048.104
1048.506
1048.899
1049.38
1049.861
1050.342
1050.823
1051.304
1051.785
1052.266
1052.747
1053.228
1053.709
1054.19
1054.671
1055.152
1055.633
1056.114
1056.595
1057.076
1057.557
1058.04
1058.302
1058.564
1058.826
1059.088
1059.35
1059.612
1059.874
1060.136
1060.398
1060.66
1060.922
1061.184
1061.446
1061.708
1061.97
1062.232
1062.494
1062.75
1063.244
1063.738
1064.232
1064.726
1065.22
1065.714
1066.208
1066.702
1067.196
1067.69
1068.184
1068.678
1069.172
1069.666
1070.16
1070.654
1071.148
1071.642
1072.136
1072.63
1073.24
1073.85
1074.46
1075.07
1075.68
1076.29
1076.9
1077.06
1077.22
1077.38
1077.54
1077.7
1077.86
1078.02
1078.18
1078.34
1078.5
1078.66
1078.82
1078.98
1079.14
1079.3
1079.46
1079.62
1079.78
1079.94
1080.1
1080.26
1080.41
1080.8
1081.19
1081.58
1081.97
1082.36
1082.75
1083.14
1083.53
1083.92
1084.31
1084.7
1085.09
1085.48
1085.87
1086.26
1086.65
1087.04
1087.43
1087.82
1088.21
1088.61
1088.94
1089.271
1089.601
1089.932
1090.263
1090.593
1090.924
1091.255
1091.586
1091.917
1092.247
1092.578
1092.909
1093.24
1093.571
1093.901
1094.232
1094.562
1094.892
1095.22
1095.41
1095.6
1095.79
1095.98
1096.17
1096.36
1096.55
1096.74
1096.93
1097.12
1097.31
1097.5
1097.69
1097.88
1098.07
1098.26
1098.45
1098.64
1098.83
1099.02
1099.22
1099.616
1100.012
1100.408
1100.804
1101.2
1101.596
1101.992
1102.388
1102.784
1103.18
1103.576
1103.972
1104.368
1104.764
1105.16
1105.559
1105.961
1106.363
1106.765
1107.167
1107.569
1107.971
1108.373
1108.775
1109.177
1109.579
1109.981
1110.383
1110.785
1111.187
1111.589
1111.991
1112.39
1112.677
1112.964
1113.251
1113.538
1113.825
1114.112
1114.399
1114.686
1114.973
1115.26
1115.547
1115.834
1116.121
1116.408
1116.695
1116.98
1117.528
1118.076
1118.624
1119.172
1119.72
1120.268
1120.816
1121.364
1121.912
1122.46
1123.008
1123.556
1124.104
1124.652
1125.2
1125.621
1126.042
1126.463
1126.884
1127.305
1127.726
1128.147
1128.568
1128.989
1129.41
1129.831
1130.252
1130.673
1131.094
1131.52
1132.186
1132.852
1133.518
1134.184
1134.85
1135.516
1136.182
1136.848
1137.514
1138.18
1138.846
1139.512
1140.178
1140.844
1141.51
1142.176
1142.842
1143.51
1143.891
1144.272
1144.653
1145.034
1145.415
1145.796
1146.177
1146.558
1146.939
1147.32
1147.701
1148.082
1148.463
1148.844
1149.22
1149.585
1149.95
1150.315
1150.68
1151.045
1151.41
1151.775
1152.14
1152.505
1152.87
1153.235
1153.6
1153.965
1154.33
1154.695
1155.059
1155.64
1156.221
1156.802
1157.383
1157.964
1158.545
1159.126
1159.707
1160.288
1160.869
1161.45
1162.031
1162.612
1163.193
1163.774
1164.35
1164.833
1165.316
1165.799
1166.282
1166.765
1167.248
1167.731
1168.214
1168.697
1169.18
1169.663
1170.146
1170.629
1171.112
1171.59
1172.007
1172.424
1172.841
1173.258
1173.675
1174.092
1174.509
1174.926
1175.343
1175.76
1176.177
1176.594
1177.011
1177.428
1177.845
1178.26
1178.63
1179.0
1179.37
1179.74
1180.11
1180.48
1180.851
1181.222
1181.593
1181.964
1182.335
1182.706
1183.077
1183.448
1183.819
1184.19
1184.561
1184.932
1185.303
1185.674
1186.045
1186.416
1186.78
1187.188
1187.596
1188.004
1188.412
1188.82
1189.228
1189.636
1190.044
1190.452
1190.86
1191.268
1191.676
1192.084
1192.492
1192.9
1193.308
1193.716
1194.124
1194.532
1194.94
1195.463
1195.986
1196.509
1197.032
1197.555
1198.078
1198.601
1199.124
1199.647
1200.17
1200.693
1201.216
1201.739
1202.262
1202.78
1203.446
1204.112
1204.778
1205.444
1206.11
1206.776
1207.442
1208.108
1208.774
1209.44
1210.106
1210.772
1211.438
1212.104
1212.77
1213.436
1214.11
1214.604
1215.098
1215.592
1216.086
1216.58
1217.074
1217.57
1217.972
1218.374
1218.776
1219.178
1219.58
1219.982
1220.384
1220.786
1221.188
1221.59
1221.992
1222.394
1222.796
1223.198
1223.6
1224.002
1224.4
1224.863
1225.326
1225.789
1226.252
1226.715
1227.178
1227.641
1228.104
1228.567
1229.03
1229.493
1229.956
1230.418
1230.88
1231.343
1231.8
1232.444
1233.088
1233.732
1234.376
1235.02
1235.664
1236.308
1236.952
1237.596
1238.24
1238.884
1239.528
1240.172
1240.816
1241.46
1242.104
1242.748
1243.392
1244.036
1244.679
1245.134
1245.589
1246.044
1246.499
1246.954
1247.409
1247.864
1248.319
1248.774
1249.229
1249.679
1250.02
1250.361
1250.702
1251.043
1251.384
1251.725
1252.066
1252.407
1252.748
1253.089
1253.43
1253.771
1254.112
1254.453
1254.794
1255.13
1255.478
1255.826
1256.174
1256.522
1256.87
1257.218
1257.566
1257.914
1258.262
1258.61
1258.958
1259.306
1259.654
1260.002
1260.35
1260.698
1261.046
1261.394
1261.74
1262.155
1262.57
1262.985
1263.4
1263.815
1264.23
1264.645
1265.06
1265.475
1265.89
1266.305
1266.72
1267.135
1267.55
1267.965
1268.38
1268.8
1269.159
1269.518
1269.877
1270.236
1270.595
1270.954
1271.313
1271.672
1272.031
1272.389
1272.806
1273.223
1273.64
1274.057
1274.474
1274.891
1275.308
1275.725
1276.142
1276.559
1276.976
1277.393
1277.81
1278.227
1278.644
1279.061
1279.478
1279.895
1280.312
1280.729
1281.15
1281.602
1282.054
1282.506
1282.958
1283.41
1283.862
1284.314
1284.766
1285.218
1285.67
1286.122
1286.574
1287.026
1287.478
1287.93
1288.382
1288.83
1289.324
1289.818
1290.312
1290.806
1291.3
1291.794
1292.288
1292.782
1293.276
1293.77
1294.264
1294.758
1295.252
1295.746
1296.24
1296.734
1297.22
1297.888
1298.556
1299.224
1299.892
1300.56
1301.228
1301.896
1302.564
1303.232
1303.9
1304.568
1305.236
1305.904
1306.572
1307.24
1307.908
1308.576
1309.244
1309.92
1310.92
1311.605
1312.29
1312.975
1313.66
1314.345
1315.03
1315.715
1316.4
1317.085
1317.77
1318.455
1319.14
1319.825
1320.51
1321.195
1321.88
1322.565
1323.25
1324.053
1324.856
1325.659
1326.462
1327.265
1328.068
1328.871
1329.674
1330.477
1331.28
1332.083
1332.886
1333.689
1334.492
1335.295
1336.098
1336.9
1337.676
1338.452
1339.228
1340.004
1340.78
1341.556
1342.332
1343.108
1343.884
1344.66
1345.436
1346.212
1346.988
1347.764
1348.54
1349.316
1350.1
1351.143
1352.186
1353.229
1354.272
1355.315
1356.358
1357.401
1358.444
1359.487
1360.53
1361.573
1362.616
1363.659
1364.702
1365.745
1366.79
1367.264
1367.738
1368.212
1368.686
1369.16
1369.634
1370.108
1370.582
1371.056
1371.53
1372.004
1372.478
1372.952
1373.426
1373.9
1374.374
1374.84
1375.573
1376.306
1377.039
1377.772
1378.505
1379.238
1379.971
1380.704
1381.437
1382.17
1382.9
1383.251
1383.602
1383.953
1384.304
1384.655
1385.006
1385.357
1385.708
1386.059
1386.41
1386.761
1387.112
1387.463
1387.814
1388.165
1388.516
1388.867
1389.218
1389.569
1389.92
1390.271
1390.63
1391.098
1391.566
1392.034
1392.502
1392.97
1393.438
1393.906
1394.374
1394.842
1395.31
1395.778
1396.246
1396.714
1397.182
1397.65
1398.118
1398.586
1399.054
1399.522
1399.99
1400.458
1400.926
1401.39
1401.84
1402.29
1402.74
1403.19
1403.64
1404.09
1404.54
1404.99
1405.44
1405.89
1406.34
1406.79
1407.24
1407.69
1408.14
1408.59
1409.04
1409.49
1409.94
1410.94
1411.417
1411.894
1412.371
1412.848
1413.325
1413.802
1414.279
1414.756
1415.233
1415.71
1416.187
1416.664
1417.141
1417.618
1418.095
1418.572
1419.049
1419.526
1420.003
1420.48
1420.957
1421.434
1421.92
1422.294
1422.668
1423.042
1423.416
1423.79
1424.164
1424.538
1424.912
1425.286
1425.66
1426.034
1426.408
1426.782
1427.156
1427.53
1427.904
1428.278
1428.652
1429.02
1429.464
1429.908
1430.352
1430.796
1431.24
1431.684
1432.128
1432.572
1433.016
1433.46
1433.904
1434.348
1434.792
1435.236
1435.68
1436.124
1436.568
1437.02
1437.383
1437.746
1438.109
1438.472
1438.835
1439.198
1439.561
1439.924
1440.287
1440.65
1441.013
1441.376
1441.739
1442.102
1442.465
1442.828
1443.191
1443.549
1443.823
1444.097
1444.371
1444.645
1444.919
1445.193
1445.467
1445.741
1446.015
1446.289
1446.563
1446.837
1447.111
1447.385
1447.659
1447.933
1448.207
1448.481
1448.76
1449.14
1449.52
1449.9
1450.28
1450.66
1451.04
1451.42
1451.8
1452.18
1452.56
1452.94
1453.32
1453.7
1454.08
1454.46
1454.84
1455.22
1455.6
1455.98
1456.25
1456.52
1456.79
1457.06
1457.33
1457.6
1457.87
1458.14
1458.41
1458.68
1458.95
1459.22
1459.49
1459.76
1460.03
1460.3
1460.57
1460.84
1461.118
1461.396
1461.674
1461.952
1462.23
1462.508
1462.789
1463.249
1463.709
1464.169
1464.629
1465.089
1465.549
1466.009
1466.469
1466.929
1467.389
1467.849
1468.309
1468.769
1469.229
1469.689
1470.149
1470.609
1471.069
1471.52
1471.93
1472.34
1472.75
1473.16
1473.57
1473.98
1474.39
1474.8
1475.21
1475.62
1476.03
1476.44
1476.85
1477.26
1477.67
1478.08
1478.49
1478.9
1479.609
1480.318
1481.027
1481.736
1482.445
1483.154
1483.863
1484.572
1485.281
1485.99
1486.699
1487.408
1488.117
1488.826
1489.535
1490.244
1490.95
1491.359
1491.768
1492.177
1492.586
1492.995
1493.404
1493.813
1494.222
1494.631
1495.04
1495.449
1495.858
1496.267
1496.676
1497.085
1497.494
1497.903
1498.312
1498.721
1499.13
1499.549
1500.273
1500.997
1501.721
1502.445
1503.169
1503.893
1504.617
1505.34
1505.735
1506.13
1506.525
1506.92
1507.315
1507.71
1508.105
1508.5
1508.895
1509.29
1509.685
1510.08
1510.475
1510.87
1511.265
1511.66
1512.055
1512.45
1512.84
1513.132
1513.424
1513.716
1514.008
1514.3
1514.592
1514.884
1515.176
1515.468
1515.76
1516.052
1516.344
1516.636
1516.928
1517.22
1517.512
1517.804
1518.1
1518.767
1519.434
1520.101
1520.768
1521.435
1522.102
1522.769
1523.436
1524.103
1524.77
1525.437
1526.104
1526.771
1527.438
1528.105
1528.772
1529.439
1530.1
1530.577
1531.054
1531.531
1532.008
1532.485
1532.962
1533.44
1533.927
1534.414
1534.901
1535.388
1535.875
1536.362
1536.849
1537.336
1537.823
1538.31
1538.797
1539.284
1539.771
1540.258
1540.745
1541.232
1541.72
1542.19
1542.66
1543.13
1543.6
1544.07
1544.54
1545.01
1545.48
1545.95
1546.42
1546.89
1547.36
1547.83
1548.3
1548.77
1549.24
1549.71
1550.179
1550.439
1550.699
1550.959
1551.219
1551.479
1551.739
1551.999
1552.259
1552.519
1552.779
1553.039
1553.299
1553.559
1553.819
1554.079
1554.339
1554.599
1554.86
1555.186
1555.512
1555.838
1556.164
1556.49
1556.816
1557.142
1557.468
1557.794
1558.12
1558.446
1558.772
1559.098
1559.424
1559.75
1560.076
1560.402
1560.73
1560.94
1561.15
1561.36
1561.57
1561.78
1561.99
1562.2
1562.41
1562.62
1562.83
1563.026
1563.222
1563.418
1563.614
1563.81
1564.006
1564.202
1564.398
1564.594
1564.79
1564.986
1565.182
1565.378
1565.574
1565.77
1565.966
1566.162
1566.358
1566.554
1566.75
1566.95
1567.165
1567.38
1567.595
1567.81
1568.024
1568.238
1568.453
1568.668
1568.882
1569.097
1569.312
1569.526
1569.741
1569.956
1570.17
1570.385
1570.6
1570.814
1571.029
1571.24
1571.625
1572.01
1572.395
1572.78
1573.165
1573.55
1573.935
1574.32
1574.705
1575.09
1575.475
1575.86
1576.245
1576.63
1577.015
1577.4
1577.785
1578.17
1578.549
1579.075
1579.601
1580.127
1580.653
1581.179
1581.705
1582.231
1582.757
1583.283
1583.809
1584.335
1584.861
1585.387
1585.913
1586.439
1586.965
1587.49
1587.954
1588.418
1588.882
1589.346
1589.81
1590.274
1590.738
1591.202
1591.666
1592.13
1592.594
1593.058
1593.522
1593.986
1594.45
1594.914
1595.37
1595.836
1596.302
1596.768
1597.234
1597.7
1598.166
1598.632
1599.098
1599.564
1600.03
1600.496
1600.962
1601.428
1601.894
1602.36
1602.826
1603.292
1603.758
1604.22
1604.981
1605.742
1606.503
1607.264
1608.025
1608.786
1609.547
1610.308
1611.069
1611.83
1612.591
1613.352
1614.113
1614.874
1615.635
1616.396
1617.16
1617.518
1617.876
1618.234
1618.592
1618.95
1619.308
1619.666
1620.024
1620.382
1620.74
1621.098
1621.456
1621.814
1622.172
1622.53
1622.888
1623.24
1623.978
1624.716
1625.454
1626.192
1626.93
1627.668
1628.406
1629.144
1629.882
1630.62
1631.358
1632.096
1632.834
1633.572
1634.31
1635.048
1635.78
1637.14
1638.5
1639.86
1641.22
1642.58
1643.94
1645.3
1646.66
1648.02
1649.38
1650.74
1651.205
1651.67
1652.135
1652.6
1653.065
1653.53
1653.995
1654.46
1654.925
1655.39
1655.855
1656.32
1656.785
1657.25
1657.715
1658.18
1658.649
1658.948
1659.247
1659.546
1659.845
1660.144
1660.443
1660.742
1661.041
1661.34
1661.639
1661.938
1662.237
1662.536
1662.835
1663.134
1663.429
1663.841
1664.253
1664.665
1665.077
1665.489
1665.901
1666.313
1666.725
1667.137
1667.549
1667.961
1668.373
1668.785
1669.197
1669.609
1670.021
1670.433
1670.85
1671.91
1672.97
1674.03
1675.09
1676.15
1677.21
1678.27
1679.33
1680.39
1681.45
1682.51
1683.57
1684.63
1685.69
1686.75
1687.81
1688.87
1689.93
1690.99
1691.775
1692.56
1693.345
1694.13
1694.915
1695.7
1696.485
1697.27
1698.055
1698.84
1699.625
1700.41
1701.195
1701.98
1702.765
1703.55
1704.335
1705.12
1705.905
1706.69
1707.475
1708.25
1708.714
1709.178
1709.642
1710.106
1710.57
1711.034
1711.498
1711.962
1712.426
1712.89
1713.354
1713.818
1714.282
1714.746
1715.21
1715.674
1716.138
1716.61
1717.045
1717.48
1717.915
1718.35
1718.785
1719.22
1719.655
1720.09
1720.525
1720.96
1721.395
1721.83
1722.265
1722.7
1723.135
1723.57
1724.005
1724.44
1724.875
1725.31
1725.745
1726.179
1726.773
1727.367
1727.961
1728.555
1729.149
1729.743
1730.337
1730.931
1731.525
1732.119
1732.713
1733.307
1733.901
1734.495
1735.089
1735.679
1737.691
1739.703
1741.715
1743.727
1745.739
1747.751
1749.763
1751.775
1753.787
1755.799
1757.811
1759.823
1761.835
1763.847
1765.859
1767.871
1769.883
1771.9
1777.101
1782.302
1787.503
1792.704
1797.905
1803.106
1808.307
1813.508
1818.709
1823.91
1829.111
1834.312
1839.513
1844.714
1849.915
1855.116
1860.317
1865.518
1870.72
1871.992
1873.264
1874.536
1875.808
1877.08
1878.352
1879.624
1880.896
1882.168
1883.44
1884.712
1885.984
1887.256
1888.528
1889.8
1891.072
1892.344
1893.62
1894.395
1895.17
1895.945
1896.72
1897.495
1898.27
1899.045
1899.82
1900.595
1901.37
1902.145
1902.92
1903.695
1904.47
1905.245
1906.02
1906.795
1907.57
1908.655
1909.74
1910.825
1911.91
1912.995
1914.08
1915.165
1916.25
1917.335
1918.42
1919.505
1920.59
1921.675
1922.76
1923.85
1925.297
1926.744
1928.191
1929.638
1931.085
1932.532
1933.979
1935.426
1936.873
1938.32
1939.767
1941.214
1942.661
1944.108
1945.555
1947.0
1947.849
1948.698
1949.547
1950.396
1951.245
1952.094
1952.943
1953.792
1954.641
1955.49
1956.339
1957.188
1958.037
1958.886
1959.735
1960.59
1960.992
1961.394
1961.796
1962.198
1962.601
1963.004
1963.406
1963.808
1964.21
1964.612
1965.014
1965.416
1965.818
1966.22
1966.622
1967.024
1967.426
1967.828
1968.23
1968.632
1969.034
1969.437
1969.839
1970.25
1974.39
1978.53
1982.67
1986.81
1990.95
1995.09
1999.23
2003.37
2007.51
2011.65
2015.79
2019.93
2024.07
2028.21
2030.718
2033.226
2035.734
2038.242
2040.75
2043.258
2045.766
2048.274
2050.782
2053.29
2055.798
2058.306
2060.814
2063.322
2065.83
2069.069
2072.308
2075.547
2078.786
2082.025
2085.264
2088.503
2091.742
2094.981
2098.22
2101.459
2104.698
2107.94
2113.089
2118.238
2123.387
2128.536
2133.685
2138.834
2143.983
2149.132
2154.281
2159.43
2164.579
2169.728
2174.877
2180.026
2185.18
2193.86
2202.54
2212.536
2222.532
2232.528
2242.524
2252.52
2262.516
2272.512
2282.508
2292.504
2302.5
2312.496
2322.492
2332.488
2342.484
2352.48
2362.476
2372.472
2382.468
2392.464
2402.46
2405.723
2408.986
2412.249
2415.512
2418.775
2422.038
2425.301
2428.564
2431.83
2446.279
2486.87
2495.113
2503.356
2511.599
2519.842
2528.085
2536.328
2544.571
2552.814
2561.057
2569.299
2572.617
2575.935
2579.253
2582.571
2585.889
2589.207
2592.525
2595.843
2599.16
2606.509
2613.858
2621.207
2628.556
2635.905
2643.254
2650.603
2657.949
2665.583
2673.217
2680.85
2686.323
2691.796
2697.27
2709.58
2728.435
2747.29
2766.145
2785.0
2807.938
2830.876
2853.814
2876.752
2899.69
2936.239
2955.509
3084.049
3112.56
3112.56
