21.835
22.273
22.71
23.277
23.845
24.412
24.98
25.286
25.592
25.898
26.204
26.51
26.816
27.122
27.428
27.73
28.36
28.99
29.62
29.89
30.16
30.43
30.81
31.19
31.57
31.95
32.33
32.71
33.09
33.47
33.85
34.23
34.554
34.878
35.202
35.526
35.85
36.174
36.495
36.942
37.389
37.836
38.283
38.73
39.177
39.624
40.071
40.518
40.965
41.412
41.86
42.197
42.534
42.871
43.208
43.545
43.882
44.22
44.431
44.642
44.853
45.064
45.275
45.486
45.697
45.908
46.119
46.326
46.753
47.18
47.607
48.034
48.461
48.888
49.315
49.74
50.127
50.514
50.901
51.288
51.675
52.062
52.449
52.836
53.223
53.61
54.515
55.42
56.325
57.23
58.018
58.806
59.594
60.382
61.17
61.96
62.25
62.54
62.83
63.12
63.41
63.7
63.99
64.28
65.38
66.48
67.58
68.68
69.78
70.88
71.98
73.08
73.295
73.51
73.725
73.94
74.155
74.37
74.585
74.8
75.015
75.23
75.45
75.863
76.276
76.689
77.102
77.515
77.928
78.34
78.991
79.642
80.293
80.944
81.595
82.246
82.9
83.344
83.788
84.232
84.676
85.12
85.564
86.008
86.452
86.9
87.653
88.406
89.159
89.912
90.665
91.418
92.171
92.924
93.677
94.43
95.18
95.601
96.022
96.443
96.864
97.285
97.706
98.127
98.548
98.969
99.39
99.811
100.23
101.728
103.226
104.724
106.222
107.72
108.48
109.24
110.0
110.76
111.52
112.28
113.04
113.8
114.56
115.32
116.08
116.898
117.716
118.534
119.352
120.17
120.988
121.806
122.624
123.442
124.26
125.078
125.896
126.72
127.066
127.412
127.758
128.104
128.45
128.796
129.143
130.389
131.635
132.881
134.127
135.373
136.619
137.865
139.111
140.36
140.626
140.892
141.157
141.423
141.689
141.954
142.22
142.486
142.751
143.015
143.297
143.579
143.861
144.143
144.425
144.707
144.989
145.27
145.568
145.866
146.164
146.462
146.76
147.058
147.356
147.654
147.952
148.25
148.548
148.846
149.144
149.44
150.83
152.22
153.61
155.0
156.39
157.78
159.17
160.56
161.95
162.45
162.693
162.936
163.179
163.422
163.665
163.908
164.149
164.369
164.589
164.809
165.029
165.249
165.469
165.69
165.89
166.09
166.29
166.49
166.69
166.89
167.09
167.29
167.49
167.69
168.011
168.332
168.653
168.974
169.295
169.616
169.937
170.258
170.579
170.9
171.487
172.074
172.661
172.883
173.105
173.327
173.549
173.771
173.993
174.215
174.437
174.66
174.846
175.032
175.218
175.404
175.59
175.776
175.962
176.15
176.369
176.588
176.807
177.026
177.245
177.464
177.683
177.9
178.157
178.415
178.672
178.93
179.246
179.562
179.878
180.194
180.51
180.826
181.142
181.458
181.774
182.09
182.354
182.618
182.882
183.146
183.41
183.674
183.938
184.202
184.466
184.73
184.99
185.329
185.668
186.007
186.346
186.685
187.024
187.362
187.544
187.726
187.908
188.09
188.272
188.454
188.636
188.82
189.146
189.472
189.798
190.124
190.45
190.776
191.102
191.43
191.715
192.0
192.285
192.57
192.855
193.14
193.526
193.912
194.298
194.684
195.07
195.766
196.462
197.158
197.854
198.55
201.845
205.14
208.435
211.73
212.036
212.342
212.648
212.954
213.26
213.566
213.872
214.178
214.48
214.684
214.888
215.093
215.297
215.501
215.706
215.91
216.116
216.288
216.46
216.632
216.804
216.976
217.148
217.32
217.49
217.961
218.432
218.903
219.374
219.845
220.316
220.787
221.26
221.76
222.61
223.46
224.31
225.16
226.01
226.86
227.71
228.054
228.398
228.742
229.086
229.43
229.774
230.118
230.462
230.806
231.15
231.963
232.776
233.589
234.402
235.215
236.028
236.841
237.654
238.467
239.28
240.093
240.906
241.72
241.928
242.136
242.344
242.552
242.76
242.968
243.176
243.384
243.592
243.8
244.008
244.22
244.503
244.786
245.069
245.352
245.635
245.918
246.2
246.668
247.136
247.604
248.072
248.54
248.859
249.178
249.497
249.816
250.135
250.454
250.773
251.092
251.411
251.73
252.049
252.368
252.69
253.001
253.312
253.623
253.934
254.245
254.556
254.867
255.178
255.489
255.8
256.11
256.377
256.644
256.911
257.178
257.445
257.712
257.979
258.246
258.513
258.78
259.047
259.314
259.581
259.848
260.12
260.603
261.086
261.57
261.858
262.146
262.434
262.722
263.01
263.298
263.586
263.87
264.209
264.548
264.887
265.226
265.565
265.904
266.243
266.582
266.921
267.26
267.6
267.863
268.126
268.389
268.652
268.915
269.178
269.44
269.768
270.096
270.424
270.752
271.08
271.408
271.736
272.064
272.392
272.72
273.048
273.376
273.71
274.107
274.504
274.901
275.298
275.695
276.092
276.489
276.886
277.283
277.68
278.237
278.794
279.351
279.908
280.465
281.02
281.438
281.856
282.274
282.692
283.11
283.344
283.578
283.812
284.046
284.28
284.514
284.748
284.982
285.216
285.449
286.596
287.743
288.89
289.128
289.366
289.604
289.842
290.08
290.318
290.556
290.794
291.03
291.254
291.478
291.702
291.926
292.15
292.374
292.598
292.822
293.046
293.27
293.49
293.721
293.952
294.183
294.414
294.645
294.876
295.107
295.338
295.569
295.8
296.031
296.26
296.601
296.942
297.283
297.624
297.965
298.306
298.647
298.988
299.332
300.124
300.916
301.708
302.5
303.29
303.532
303.774
304.016
304.258
304.5
304.742
304.984
305.226
305.47
306.263
307.055
307.848
308.641
309.434
310.227
311.019
311.81
312.159
312.508
312.857
313.206
313.555
313.904
314.253
314.6
314.916
315.232
315.548
315.864
316.18
316.496
316.812
317.128
317.444
317.76
318.553
319.346
320.139
320.932
321.725
322.518
323.31
324.1
324.584
325.068
325.552
326.036
326.52
327.004
327.488
327.97
328.397
328.824
329.251
329.678
330.105
330.532
330.96
331.402
331.844
332.286
332.728
333.17
333.383
333.596
333.81
334.61
335.682
336.754
337.826
338.898
339.97
341.042
342.114
342.76
342.964
343.168
343.372
343.576
343.78
343.984
344.188
344.392
344.593
345.03
345.467
345.904
346.34
346.575
346.81
347.045
347.28
347.515
347.75
347.985
348.22
348.455
348.69
349.316
349.942
350.568
351.194
351.82
352.446
353.07
353.54
354.01
354.48
354.95
355.42
355.89
356.36
356.998
357.636
358.274
358.912
359.55
360.188
360.826
361.465
361.954
362.443
362.932
363.421
363.91
364.399
364.888
365.38
365.606
365.832
366.058
366.284
366.51
366.736
366.962
367.188
367.41
367.708
368.006
368.304
368.602
368.9
369.198
369.496
369.794
370.092
370.39
370.688
370.986
371.28
371.456
371.632
371.808
371.984
372.16
372.336
372.512
372.688
372.864
373.04
373.22
373.606
373.992
374.378
374.764
375.152
376.129
377.106
378.083
379.06
380.035
383.07
384.08
385.09
386.1
387.11
388.12
388.75
389.38
390.01
390.64
391.27
391.9
392.53
392.938
393.346
393.754
394.162
394.57
394.98
395.247
395.514
395.781
396.048
396.315
396.582
396.849
397.116
397.38
397.87
398.36
398.85
399.34
399.83
400.236
400.642
401.048
401.454
401.86
402.266
402.672
403.078
403.484
403.89
404.309
404.728
405.147
405.566
405.985
406.404
406.823
407.242
407.661
408.08
408.457
408.834
409.211
409.588
409.965
410.342
410.719
411.096
411.47
411.923
412.376
412.829
413.282
413.735
414.188
414.64
414.84
415.04
415.24
415.44
415.64
415.84
416.04
416.24
416.44
416.64
416.84
417.035
417.347
417.659
417.971
418.283
418.595
418.907
419.219
419.531
419.843
420.155
420.467
420.726
420.985
421.244
421.503
421.762
422.021
422.28
422.539
422.8
423.397
423.994
424.591
425.188
425.785
426.382
426.98
427.206
427.432
427.658
427.884
428.11
428.428
428.746
429.064
429.382
429.7
430.018
430.336
430.654
430.97
431.323
431.675
432.028
432.381
432.733
433.086
433.439
433.79
434.025
434.26
434.495
434.73
434.965
435.2
435.435
435.67
435.905
436.14
436.375
436.615
440.13
440.52
440.91
441.3
442.099
442.898
443.697
444.496
445.295
446.094
446.894
447.136
447.378
447.62
447.862
448.104
448.346
448.588
448.83
449.072
449.31
449.539
449.768
449.997
450.226
450.455
450.684
450.949
451.214
451.478
451.743
452.007
452.272
452.536
452.8
453.04
453.28
453.52
453.76
454.027
454.294
454.561
454.828
455.095
455.311
455.527
455.743
455.959
456.175
456.391
456.607
456.823
457.039
457.255
457.47
458.276
459.082
459.264
459.446
459.628
459.81
459.992
460.174
460.356
460.54
461.029
461.518
462.007
462.496
462.985
463.474
463.963
464.45
464.851
465.252
465.653
466.054
466.455
466.856
467.257
467.658
468.059
468.46
468.764
469.068
469.372
469.676
469.98
470.284
470.588
470.892
471.2
471.643
472.086
472.529
472.972
473.415
473.86
474.213
474.566
474.918
475.271
475.624
475.977
476.329
476.682
477.035
477.388
477.74
478.09
478.536
478.982
479.428
479.874
480.32
480.766
481.212
481.658
482.1
482.326
482.552
482.778
483.004
483.23
483.456
483.682
483.908
484.134
484.36
484.565
484.77
484.975
485.18
485.385
485.59
485.794
485.996
486.198
486.4
486.602
486.804
487.006
487.21
487.749
488.288
488.827
489.366
489.905
490.444
490.983
491.52
491.749
491.978
492.207
492.436
492.665
492.895
493.065
493.235
493.405
493.575
493.745
493.915
494.085
494.255
494.425
494.595
494.765
494.935
495.103
495.33
495.557
495.784
496.011
496.238
496.465
496.692
496.919
497.146
497.373
497.6
497.958
498.316
498.674
499.032
499.39
499.748
500.106
500.464
500.822
501.18
501.538
501.899
502.119
502.339
502.559
502.779
502.999
503.219
503.44
503.774
504.108
504.442
504.776
505.11
505.446
505.983
506.52
507.057
507.594
508.131
508.668
509.205
509.742
510.279
510.82
511.429
512.039
512.38
512.721
513.062
513.403
513.744
514.085
514.426
514.77
515.236
515.702
516.168
516.634
517.1
517.566
518.03
518.434
518.838
519.242
519.646
520.05
520.454
520.858
521.26
521.578
521.896
522.214
522.532
522.85
523.168
523.486
523.804
524.12
524.507
524.894
525.281
525.668
526.055
526.442
526.829
527.216
527.603
527.99
528.377
528.76
529.182
529.604
530.026
530.448
530.87
531.131
531.392
531.653
531.914
532.175
532.436
532.697
532.96
533.356
533.752
534.148
534.544
534.94
535.254
535.568
535.882
536.196
536.51
536.824
537.138
537.452
537.762
538.054
538.346
538.638
538.93
539.22
539.51
539.799
540.088
540.377
540.666
540.957
541.165
541.373
541.581
541.789
541.997
542.205
542.413
542.621
542.829
543.04
543.44
543.84
544.24
544.64
545.04
545.44
545.737
546.034
546.331
546.628
546.925
547.222
547.52
547.822
548.124
548.426
548.728
549.03
549.33
549.801
550.272
550.743
551.212
551.455
551.698
551.941
552.184
552.427
552.67
553.014
553.358
553.702
554.046
554.39
554.734
555.076
556.207
557.338
558.469
559.6
560.731
561.86
562.224
562.588
562.952
563.316
563.68
564.044
564.408
564.772
565.136
565.497
565.761
566.025
566.289
566.553
566.817
567.08
567.349
567.618
567.887
568.156
568.425
568.694
568.963
569.232
569.5
569.732
569.964
570.196
570.428
570.66
570.892
571.124
571.356
571.588
571.82
572.231
572.642
573.053
573.464
573.875
574.286
574.697
575.108
575.519
575.93
576.34
576.701
577.062
577.423
577.784
578.145
578.506
578.867
579.228
579.589
579.95
580.2
580.45
580.7
580.95
581.2
581.45
581.7
581.95
582.31
582.67
583.03
583.39
583.75
584.11
584.47
584.83
585.19
585.55
585.905
586.26
586.615
586.97
587.325
587.68
588.035
588.39
588.728
589.066
589.404
589.742
590.08
590.418
590.759
590.979
591.199
591.419
591.639
591.859
592.079
592.3
592.603
592.906
593.209
593.512
593.815
594.118
594.42
595.029
595.638
596.247
596.856
597.465
598.074
598.686
598.918
599.15
599.382
599.614
599.846
600.078
600.31
600.527
600.744
600.961
601.178
601.393
601.748
602.103
602.457
602.812
603.167
603.52
603.75
603.98
604.21
604.44
604.67
604.9
605.13
605.36
605.59
605.82
606.05
606.418
606.785
607.152
607.52
607.72
607.92
608.12
608.32
608.52
608.72
608.92
609.12
609.32
609.52
609.72
609.92
610.182
610.444
610.706
610.968
611.23
611.492
611.754
612.019
612.227
612.435
612.643
612.851
613.059
613.267
613.475
613.683
613.891
614.099
614.31
614.75
615.19
615.63
616.07
616.475
616.88
617.285
617.69
618.095
618.5
618.905
619.31
619.715
620.12
621.273
622.426
623.58
623.903
624.226
624.549
624.872
625.195
625.518
625.841
626.164
626.49
627.05
627.61
628.17
628.73
628.949
629.168
629.387
629.606
629.825
630.044
630.263
630.48
630.688
630.896
631.104
631.313
631.51
631.707
631.904
632.101
632.298
632.495
632.692
632.889
633.086
633.283
633.48
633.677
633.875
634.091
634.308
634.524
634.74
634.957
635.173
635.389
635.606
635.822
636.04
636.242
636.444
636.646
636.848
637.05
637.252
637.454
637.656
637.858
638.06
638.296
638.532
638.768
639.004
639.24
639.476
639.771
640.066
640.361
640.656
640.949
641.119
641.289
641.459
641.629
641.799
641.969
642.139
642.309
642.479
642.649
642.819
642.99
643.216
643.442
643.668
643.894
644.12
644.346
644.573
644.885
645.197
645.509
645.82
646.169
646.518
646.867
647.216
647.565
647.914
648.263
648.612
648.961
649.31
649.572
649.834
650.096
650.358
650.62
650.882
651.144
651.406
651.668
651.93
652.37
652.81
653.25
653.69
654.13
654.57
655.01
655.45
655.918
656.385
656.852
657.319
657.786
658.253
658.721
659.19
659.496
659.802
660.108
660.414
660.72
661.026
661.332
661.638
661.94
662.216
662.492
662.768
663.044
663.32
663.596
663.872
664.148
664.424
664.7
664.98
665.217
665.454
665.691
665.928
666.165
666.402
666.639
666.88
667.172
667.464
667.756
668.048
668.34
668.63
668.838
669.046
669.254
669.462
669.67
669.878
670.088
670.46
670.832
671.204
671.576
671.948
672.32
672.69
672.986
673.282
673.578
673.874
674.17
674.466
674.762
675.06
675.328
675.596
675.864
676.132
676.4
676.668
676.935
677.131
677.327
677.523
677.719
677.915
678.111
678.307
678.503
678.699
678.893
679.113
679.333
679.553
679.773
679.993
680.213
680.433
680.65
680.876
681.102
681.328
681.554
681.78
682.006
682.23
683.854
685.478
687.102
688.726
690.35
690.722
691.094
691.466
691.838
692.21
692.582
692.954
693.326
693.698
694.07
694.442
694.81
695.037
695.264
695.491
695.718
695.945
696.172
696.399
696.626
696.85
697.119
697.388
697.657
697.926
698.195
698.464
698.733
699.0
699.422
699.844
700.266
700.688
701.11
701.53
701.873
702.216
702.559
702.902
703.245
703.588
703.93
704.189
704.448
704.707
704.966
705.225
705.484
705.743
706.002
706.26
706.699
707.138
707.577
708.016
708.455
708.894
709.333
709.77
710.079
710.388
710.697
711.006
711.315
711.624
711.933
712.242
712.551
712.86
713.169
713.478
713.787
714.096
714.41
714.671
714.932
715.193
715.454
715.715
715.976
716.24
716.622
717.004
717.386
717.768
718.15
718.382
718.614
718.846
719.078
719.31
719.512
719.714
719.916
720.118
720.32
720.522
720.724
720.926
721.128
721.33
721.637
721.944
722.251
722.558
722.865
723.172
723.479
723.786
724.09
724.602
725.114
725.626
726.138
726.65
726.937
727.224
727.511
727.798
728.085
728.372
728.66
729.15
729.64
730.13
730.62
731.11
731.6
732.09
732.58
733.07
733.56
734.05
734.54
734.962
735.384
735.62
735.856
736.092
736.328
736.564
736.8
737.135
737.47
737.805
738.14
738.475
738.81
739.145
739.48
739.815
740.15
740.48
740.738
740.996
741.254
741.512
741.77
742.028
742.286
742.544
742.802
743.06
743.318
743.576
743.83
744.464
745.098
745.732
746.366
747.0
748.484
749.968
751.452
752.936
754.42
755.904
757.388
758.87
759.225
759.58
759.935
760.29
760.645
761.0
761.355
761.71
762.065
762.42
762.77
763.432
764.094
764.756
765.418
766.08
766.74
767.095
767.45
767.805
768.16
768.515
768.87
769.225
769.58
769.818
770.056
770.294
770.532
770.77
771.01
771.235
771.46
771.685
771.91
772.135
772.36
772.585
772.81
773.035
773.26
773.92
774.524
775.128
775.732
776.336
776.94
777.94
778.94
779.94
780.318
780.696
781.074
781.452
781.83
782.21
782.869
783.528
784.187
784.846
785.505
786.164
786.823
787.48
787.735
787.99
788.245
788.5
788.755
789.01
789.265
789.52
789.803
790.086
790.369
790.652
790.935
791.218
791.501
791.784
792.07
792.37
792.67
792.97
793.27
793.57
793.87
794.17
794.47
794.77
795.07
795.37
795.672
795.851
796.03
796.209
796.388
796.567
796.746
796.925
797.104
797.283
797.462
797.641
797.82
798.005
798.493
798.981
799.469
799.957
800.445
800.933
801.42
801.92
802.42
802.92
803.42
803.92
804.42
804.888
805.356
805.824
806.292
806.76
807.23
808.07
808.91
809.75
810.59
811.43
812.27
813.11
813.95
814.79
815.63
816.042
816.454
816.866
817.278
817.69
818.102
818.514
818.926
819.338
819.75
820.162
820.574
820.99
821.211
821.432
821.653
821.874
822.095
822.316
822.537
822.758
822.979
823.2
823.421
823.642
823.863
824.089
824.293
824.497
824.701
824.905
825.109
825.313
825.517
825.721
825.925
826.13
827.473
828.816
830.159
831.502
832.845
834.19
834.739
835.288
835.837
836.386
836.935
837.484
838.033
838.582
839.131
839.68
840.23
840.81
841.39
841.97
842.55
843.13
843.71
844.29
844.87
845.45
846.339
847.228
848.117
849.006
849.895
850.784
851.673
852.562
853.451
854.34
856.301
858.262
860.223
862.184
864.145
866.106
868.067
870.028
871.99
872.211
872.432
872.653
872.874
873.095
873.316
873.537
873.758
873.979
874.2
874.531
874.862
875.193
875.524
875.855
876.186
876.52
876.97
877.42
877.87
878.32
878.77
879.22
879.67
880.12
880.361
880.602
880.843
881.084
881.325
881.566
881.81
882.114
882.418
882.722
883.026
883.33
883.634
883.938
884.242
884.546
884.85
885.157
885.355
885.553
885.751
885.949
886.147
886.345
886.543
886.74
887.083
887.426
887.769
888.112
888.455
888.798
889.14
889.437
889.734
890.031
890.328
890.625
890.922
891.219
891.516
891.813
892.11
892.41
892.716
893.022
893.328
893.634
893.94
894.246
894.552
894.858
895.164
895.47
895.776
896.082
896.385
896.76
897.135
897.51
897.885
898.26
898.635
899.01
899.385
899.76
900.13
900.45
900.77
901.09
901.41
901.73
902.05
902.37
902.69
903.01
903.268
903.526
903.784
904.042
904.3
904.56
904.868
905.176
905.484
905.792
906.1
906.408
906.716
907.024
907.332
907.64
907.95
908.218
908.486
908.754
909.022
909.29
909.582
909.874
910.166
910.458
910.75
911.042
911.334
911.626
911.918
912.21
912.502
912.794
913.086
913.38
913.642
913.904
914.166
914.428
914.69
914.952
915.214
915.476
915.738
916.0
916.402
916.804
917.206
917.608
918.01
918.412
918.814
919.216
919.62
920.708
921.796
922.884
923.972
925.06
925.56
925.842
926.124
926.406
926.688
926.97
927.252
927.534
927.816
928.098
928.379
928.706
929.033
929.36
929.687
930.014
930.341
930.67
931.17
931.717
932.264
932.812
933.36
933.664
933.968
934.272
934.576
934.88
935.184
935.488
935.792
936.1
936.396
936.692
936.988
937.284
937.58
939.62
941.66
943.7
945.74
947.78
949.82
951.86
953.9
955.94
957.98
960.021
963.07
963.912
964.754
965.254
965.753
966.252
966.75
967.25
967.75
968.249
968.464
968.679
968.894
969.109
969.324
969.54
969.727
969.914
970.101
970.288
970.476
970.663
970.851
971.04
971.323
971.606
971.889
972.172
972.455
972.738
973.02
973.434
973.848
974.262
974.676
975.09
975.504
975.918
976.33
976.615
976.9
977.185
977.47
977.755
978.04
978.325
978.61
978.895
979.18
979.381
979.582
979.783
979.984
980.185
980.386
980.587
980.788
980.989
981.19
981.39
981.72
982.05
982.38
982.71
982.94
983.17
983.4
983.63
983.831
984.032
984.233
984.434
984.635
984.836
985.037
985.238
985.439
985.64
985.841
986.04
986.54
989.511
990.01
990.51
992.07
992.635
993.2
993.429
993.658
993.887
994.116
994.345
994.574
994.803
995.033
995.29
995.547
995.804
996.061
996.318
996.575
996.832
997.089
997.346
997.603
997.86
998.151
998.442
998.733
999.024
999.315
999.606
999.9
1000.153
1000.406
1000.659
1000.912
1001.165
1001.418
1001.671
1001.924
1002.177
1002.43
1002.616
1002.802
1002.988
1003.174
1003.36
1003.546
1003.732
1003.918
1004.104
1004.29
1004.48
1004.656
1004.832
1005.008
1005.184
1005.36
1005.536
1005.712
1005.888
1006.064
1006.24
1006.416
1006.592
1006.768
1006.95
1007.601
1007.851
1008.101
1008.351
1008.601
1008.851
1009.1
1009.4
1009.7
1010.0
1010.3
1010.6
1012.388
1014.176
1015.964
1017.75
1018.043
1018.336
1018.629
1018.92
1019.268
1019.616
1019.964
1020.312
1020.66
1021.008
1021.356
1021.704
1022.052
1022.4
1022.748
1023.1
1023.521
1023.942
1024.363
1024.784
1025.205
1025.626
1026.047
1026.47
1026.706
1026.942
1027.178
1027.414
1027.65
1027.886
1028.122
1028.358
1028.593
1029.226
1029.859
1030.755
1031.65
1031.854
1032.058
1032.262
1032.466
1032.67
1032.874
1033.078
1033.282
1033.49
1034.035
1034.58
1035.125
1035.67
1036.215
1036.76
1037.305
1037.849
1038.137
1038.425
1038.713
1039.001
1039.29
1039.951
1040.612
1041.273
1041.934
1042.595
1043.256
1043.92
1044.198
1044.476
1044.754
1045.032
1045.31
1045.588
1045.866
1046.144
1046.422
1046.7
1046.978
1047.256
1047.534
1047.812
1048.089
1048.796
1049.503
1050.21
1050.464
1050.718
1050.972
1051.226
1051.48
1051.734
1051.988
1052.242
1052.496
1052.75
1053.0
1053.253
1053.506
1053.759
1054.012
1054.265
1054.518
1054.771
1055.024
1055.277
1055.53
1056.157
1056.784
1057.41
1057.654
1057.898
1058.142
1058.386
1058.63
1058.874
1059.118
1059.362
1059.606
1059.85
1060.094
1060.338
1060.582
1060.82
1061.162
1061.505
1061.848
1062.19
1062.533
1062.875
1063.217
1063.56
1063.864
1064.168
1064.472
1064.776
1065.08
1065.384
1065.688
1065.991
1066.205
1066.419
1066.633
1066.847
1067.061
1067.275
1067.49
1067.624
1067.758
1067.892
1068.026
1068.16
1068.294
1068.43
1069.704
1070.978
1072.252
1073.526
1074.8
1076.074
1077.348
1078.62
1079.268
1079.916
1080.564
1081.212
1081.86
1082.508
1083.157
1083.417
1083.677
1083.937
1084.197
1084.457
1084.717
1084.977
1085.24
1085.752
1086.264
1086.776
1087.288
1087.8
1088.359
1088.918
1089.477
1090.036
1090.595
1091.154
1091.71
1092.273
1092.835
1093.398
1093.96
1094.842
1095.724
1096.606
1097.488
1098.37
1099.25
1100.761
1102.272
1103.783
1105.294
1106.805
1108.314
1108.506
1108.698
1108.89
1109.082
1109.274
1109.466
1109.658
1109.85
1110.042
1110.23
1110.494
1110.758
1111.021
1111.333
1111.645
1111.957
1112.27
1112.511
1112.752
1112.993
1113.234
1113.475
1113.716
1113.957
1114.198
1114.439
1114.68
1114.92
1115.142
1115.364
1115.586
1115.808
1116.03
1116.252
1116.474
1116.696
1116.918
1117.14
1117.362
1117.584
1117.81
1118.135
1118.46
1118.785
1119.11
1119.435
1119.76
1120.085
1120.41
1120.735
1121.06
1121.385
1121.71
1122.035
1122.36
1122.682
1122.872
1123.062
1123.252
1123.442
1123.632
1123.822
1124.012
1124.202
1124.39
1125.122
1125.854
1126.586
1127.318
1128.052
1128.248
1128.444
1128.64
1128.836
1129.032
1129.228
1129.424
1129.62
1129.816
1130.01
1130.242
1130.474
1130.706
1130.938
1131.17
1131.402
1131.634
1131.866
1132.098
1132.33
1132.56
1133.085
1133.61
1134.135
1134.66
1135.185
1135.71
1136.94
1138.17
1139.4
1140.63
1141.86
1143.09
1144.32
1145.55
1146.78
1148.011
1148.51
1148.806
1149.102
1149.398
1149.694
1149.99
1150.286
1150.58
1150.881
1151.182
1151.483
1151.784
1152.085
1152.386
1152.687
1152.988
1153.289
1153.59
1153.942
1154.294
1154.646
1154.998
1155.35
1155.702
1156.054
1156.405
1158.344
1160.283
1162.222
1164.16
1164.773
1165.386
1165.999
1166.612
1167.225
1167.84
1168.103
1168.366
1168.629
1168.892
1169.155
1169.418
1169.681
1169.944
1170.211
1170.398
1170.585
1170.772
1170.959
1171.146
1171.333
1171.52
1171.71
1171.959
1172.208
1172.457
1172.706
1172.955
1173.202
1173.41
1173.618
1173.826
1174.034
1174.242
1174.45
1174.66
1174.876
1175.092
1175.308
1175.524
1175.74
1175.956
1176.172
1176.388
1176.604
1176.82
1177.04
1177.266
1177.492
1177.718
1177.944
1178.17
1178.396
1178.622
1178.848
1179.07
1179.783
1180.496
1181.209
1181.922
1182.635
1183.348
1184.06
1186.78
1189.5
1192.22
1194.94
1197.66
1200.38
1203.1
1205.817
1205.984
1206.151
1206.318
1206.485
1206.652
1206.819
1206.986
1207.153
1207.32
1207.487
1207.65
1207.949
1208.248
1208.547
1208.846
1209.145
1209.444
1209.743
1210.042
1210.341
1210.64
1210.94
1211.376
1211.812
1212.248
1212.684
1213.12
1213.556
1213.99
1214.206
1214.422
1214.638
1214.854
1215.07
1215.286
1215.502
1215.718
1215.934
1216.15
1216.366
1216.58
1216.789
1216.998
1217.207
1217.416
1217.625
1217.834
1218.043
1218.252
1218.461
1218.67
1218.879
1219.088
1219.297
1219.506
1219.72
1219.925
1220.13
1220.335
1220.54
1220.745
1220.95
1221.155
1221.36
1221.565
1221.77
1222.122
1222.475
1222.827
1223.179
1223.532
1223.884
1224.236
1224.59
1225.115
1225.64
1226.165
1226.69
1227.217
1227.443
1227.669
1227.895
1228.121
1228.347
1228.573
1228.8
1229.164
1229.528
1229.892
1230.256
1230.62
1230.984
1231.35
1231.55
1231.75
1231.95
1232.15
1232.35
1232.55
1232.75
1232.95
1233.15
1233.35
1233.688
1234.026
1234.364
1234.702
1235.04
1235.276
1235.512
1235.748
1235.984
1236.22
1236.562
1236.904
1237.246
1237.588
1237.93
1238.272
1238.614
1238.956
1239.3
1239.479
1239.658
1239.837
1240.016
1240.195
1240.374
1240.553
1240.73
1240.947
1241.164
1241.381
1241.598
1241.813
1243.045
1244.277
1245.509
1246.741
1247.973
1249.205
1250.437
1251.668
1252.51
1253.352
1254.194
1255.036
1255.878
1256.72
1257.562
1258.404
1259.246
1260.088
1260.93
1261.772
1262.617
1262.821
1263.025
1263.229
1263.433
1263.637
1263.841
1264.045
1264.249
1264.45
1264.788
1265.126
1265.464
1265.802
1266.14
1266.39
1266.64
1266.89
1267.14
1267.39
1267.64
1267.89
1268.14
1268.39
1268.953
1269.515
1270.078
1270.64
1271.004
1271.368
1271.732
1272.096
1272.462
1272.683
1272.904
1273.125
1273.346
1273.567
1273.788
1274.009
1274.23
1274.451
1274.67
1274.989
1275.308
1275.627
1275.946
1276.265
1276.584
1276.903
1277.222
1277.54
1278.384
1279.228
1280.072
1280.916
1281.76
1282.604
1283.448
1284.292
1285.136
1285.98
1286.21
1286.44
1286.67
1286.9
1287.13
1287.36
1287.59
1287.82
1288.265
1288.71
1289.155
1289.6
1290.045
1290.49
1290.935
1291.38
1292.058
1292.736
1293.414
1294.092
1294.77
1295.45
1295.873
1296.296
1296.719
1297.142
1297.565
1297.988
1298.411
1298.834
1299.257
1299.68
1300.1
1300.441
1300.782
1301.123
1301.464
1301.805
1302.146
1302.487
1302.83
1304.563
1306.296
1308.03
1308.827
1309.624
1310.42
1310.724
1311.028
1311.332
1311.636
1311.94
1312.244
1312.548
1312.852
1313.156
1313.46
1314.03
1314.6
1315.17
1315.74
1316.31
1316.88
1317.45
1318.02
1318.392
1318.764
1319.136
1319.508
1319.88
1320.252
1320.624
1320.996
1321.368
1321.74
1321.987
1322.234
1322.48
1322.842
1323.205
1323.567
1323.929
1324.292
1324.654
1325.016
1325.38
1325.763
1326.146
1326.529
1326.912
1327.295
1327.678
1328.06
1328.28
1328.5
1328.72
1328.94
1329.159
1329.35
1329.541
1329.732
1329.923
1330.114
1330.305
1330.496
1330.687
1330.878
1331.069
1331.26
1331.45
1331.69
1331.93
1332.17
1332.41
1332.65
1332.89
1333.13
1333.602
1334.074
1334.546
1335.018
1335.49
1335.962
1336.434
1336.906
1337.378
1337.85
1338.297
1338.745
1339.192
1339.639
1340.086
1340.534
1340.982
1341.43
1342.253
1343.075
1343.898
1344.72
1345.543
1346.365
1347.188
1348.01
1348.35
1348.69
1349.03
1349.37
1349.71
1350.05
1350.39
1350.73
1351.07
1351.26
1351.45
1351.64
1351.83
1352.02
1352.265
1352.51
1352.755
1353.0
1353.245
1353.49
1353.735
1353.98
1354.777
1355.574
1356.37
1356.63
1356.89
1357.15
1357.41
1357.67
1357.93
1358.19
1358.45
1358.71
1358.993
1359.276
1359.559
1359.842
1360.125
1360.408
1360.691
1360.974
1361.26
1361.578
1361.896
1362.214
1362.532
1362.85
1363.168
1363.486
1363.804
1364.122
1364.44
1364.758
1365.076
1365.39
1365.835
1366.28
1366.725
1367.17
1367.615
1367.811
1368.007
1368.203
1368.399
1368.595
1368.791
1368.99
1369.243
1369.496
1369.749
1370.002
1370.255
1370.508
1370.761
1371.014
1371.267
1371.52
1371.773
1372.026
1372.28
1372.472
1372.664
1372.856
1373.048
1373.24
1373.432
1373.624
1373.816
1374.008
1374.2
1374.392
1374.584
1374.78
1374.995
1375.21
1375.425
1375.64
1375.855
1376.07
1376.285
1376.5
1376.715
1376.93
1377.145
1377.36
1377.57
1377.987
1378.404
1378.821
1379.238
1379.655
1380.07
1380.349
1380.628
1380.907
1381.186
1381.465
1381.744
1382.023
1382.302
1382.581
1382.86
1383.14
1383.333
1383.526
1383.719
1383.912
1384.105
1384.298
1384.491
1384.684
1384.877
1385.07
1385.26
1385.504
1385.748
1385.992
1386.236
1386.48
1386.724
1386.97
1387.251
1387.532
1387.813
1388.094
1388.375
1388.656
1388.937
1389.218
1389.499
1389.78
1390.061
1390.342
1390.622
1391.293
1391.964
1392.635
1393.306
1393.977
1394.648
1395.32
1395.568
1395.816
1396.064
1396.312
1396.56
1396.808
1397.056
1397.304
1397.552
1397.8
1398.01
1398.22
1398.43
1398.64
1398.85
1399.06
1399.27
1399.48
1399.69
1399.9
1400.11
1400.32
1400.53
1401.014
1401.498
1401.982
1402.466
1402.95
1403.434
1403.918
1404.402
1404.886
1405.37
1405.856
1406.342
1406.828
1407.314
1407.8
1408.286
1408.772
1409.258
1409.74
1410.71
1411.68
1411.96
1412.24
1412.52
1412.8
1413.08
1413.36
1413.64
1413.92
1414.039
1414.158
1414.277
1414.396
1414.515
1414.634
1414.753
1414.872
1414.99
1415.235
1415.48
1415.725
1415.97
1416.215
1416.46
1416.705
1416.948
1417.206
1417.464
1417.722
1417.98
1418.238
1418.496
1418.755
1419.201
1419.647
1420.093
1420.539
1420.985
1421.431
1421.877
1422.323
1422.77
1423.0
1423.23
1423.46
1423.69
1423.92
1424.15
1424.38
1424.93
1425.48
1426.03
1426.58
1427.13
1427.68
1428.23
1428.78
1430.387
1431.994
1433.601
1435.208
1436.815
1438.42
1439.785
1441.15
1442.515
1443.88
1444.149
1444.418
1444.687
1444.956
1445.225
1445.494
1445.763
1446.032
1446.301
1446.57
1446.84
1447.233
1447.626
1448.019
1448.412
1448.805
1449.2
1449.668
1450.136
1450.604
1451.072
1451.54
1452.01
1452.57
1453.13
1453.69
1454.25
1454.81
1455.37
1455.93
1456.49
1457.05
1457.61
1458.132
1458.654
1459.176
1459.698
1460.22
1460.9
1461.249
1461.598
1461.947
1462.296
1462.645
1462.994
1463.34
1463.51
1463.68
1463.85
1464.02
1464.19
1464.36
1464.53
1464.99
1465.45
1465.91
1466.41
1466.576
1466.742
1466.908
1467.074
1467.24
1467.406
1467.572
1467.738
1467.904
1468.07
1468.236
1468.4
1468.622
1468.844
1469.066
1469.288
1469.51
1469.732
1469.954
1470.176
1470.398
1470.62
1470.842
1471.06
1471.362
1471.664
1471.966
1472.268
1472.57
1473.511
1474.01
1474.455
1474.9
1475.275
1475.65
1476.025
1476.4
1477.027
1477.654
1478.281
1478.78
1478.998
1479.216
1479.434
1479.652
1479.87
1480.088
1480.306
1480.524
1480.742
1480.96
1481.178
1481.396
1481.611
1482.11
1482.446
1482.782
1483.118
1483.454
1483.79
1484.126
1484.462
1484.798
1485.13
1485.444
1485.758
1486.072
1486.386
1486.7
1487.014
1487.328
1487.642
1487.96
1488.46
1488.665
1488.87
1489.075
1489.28
1489.485
1489.69
1489.895
1490.1
1490.305
1490.51
1490.715
1490.92
1491.13
1491.375
1491.62
1491.865
1492.11
1492.355
1492.6
1493.108
1493.616
1494.124
1494.632
1495.14
1495.405
1495.67
1495.935
1496.2
1496.465
1496.73
1496.995
1497.26
1497.525
1497.79
1498.06
1498.412
1498.764
1499.116
1499.468
1499.82
1500.095
1500.37
1501.419
1502.468
1503.517
1504.566
1505.615
1506.664
1507.713
1508.762
1509.811
1510.86
1511.12
1511.38
1511.64
1511.9
1512.16
1512.42
1512.68
1512.94
1513.2
1513.46
1513.72
1513.975
1528.838
1543.7
1545.406
1547.112
1548.818
1550.524
1552.23
1553.936
1555.64
1556.253
1556.865
1557.477
1558.09
1558.702
1559.314
1559.927
1560.539
1561.151
1561.765
1562.484
1563.203
1563.922
1564.641
1565.36
1566.08
1566.438
1566.796
1567.154
1567.512
1567.87
1568.23
1569.083
1569.936
1570.79
1571.025
1571.26
1571.495
1571.73
1571.965
1572.2
1572.435
1572.67
1572.882
1573.094
1573.306
1573.518
1573.73
1574.08
1574.43
1574.78
1575.13
1575.48
1575.83
1576.18
1576.53
1576.944
1577.358
1577.772
1578.186
1578.6
1579.014
1579.428
1579.842
1580.256
1580.67
1581.084
1581.5
1581.825
1582.15
1582.475
1582.8
1583.159
1583.518
1583.877
1584.236
1584.595
1584.954
1585.31
1587.147
1588.984
1590.82
1591.229
1591.638
1592.047
1592.456
1592.865
1593.274
1593.683
1594.092
1594.501
1594.91
1595.319
1595.728
1596.137
1596.546
1596.96
1597.236
1597.512
1597.788
1598.064
1598.34
1598.527
1598.714
1598.901
1599.088
1599.275
1599.462
1599.649
1599.836
1600.023
1600.21
1600.4
1601.185
1601.969
1602.754
1603.538
1604.322
1605.107
1605.494
1605.881
1606.268
1606.655
1607.042
1607.429
1607.816
1608.2
1608.633
1609.066
1609.499
1609.932
1610.365
1610.798
1611.23
1611.48
1611.73
1612.037
1612.344
1612.651
1612.958
1613.265
1613.572
1613.879
1614.186
1614.493
1614.8
1615.082
1615.364
1615.646
1615.928
1616.21
1616.492
1616.774
1617.056
1617.338
1617.62
1617.9
1618.673
1619.446
1620.219
1620.992
1621.765
1622.538
1623.31
1623.516
1623.722
1623.928
1624.134
1624.34
1624.546
1624.752
1624.958
1625.16
1625.674
1626.188
1626.702
1627.216
1627.73
1628.096
1628.462
1628.828
1629.194
1629.56
1629.926
1630.29
1630.601
1630.912
1631.223
1631.534
1631.845
1632.156
1632.467
1632.78
1633.88
1634.98
1636.08
1637.18
1637.517
1637.854
1638.191
1638.528
1638.865
1639.202
1639.539
1639.876
1640.213
1640.55
1640.89
1641.365
1641.84
1642.315
1642.79
1643.265
1643.74
1644.215
1644.69
1645.165
1645.64
1646.115
1646.59
1647.207
1647.825
1648.443
1649.061
1649.678
1650.296
1650.914
1651.532
1652.149
1652.766
1653.384
1654.0
1654.286
1654.572
1654.858
1655.144
1655.43
1655.716
1656.0
1656.378
1656.756
1657.134
1657.512
1657.89
1658.268
1658.646
1659.024
1659.402
1659.78
1659.985
1660.19
1660.395
1660.6
1660.805
1661.01
1661.215
1661.42
1661.625
1661.83
1662.035
1662.24
1662.867
1663.494
1664.121
1664.748
1665.375
1666.002
1666.63
1667.189
1667.748
1668.307
1668.866
1669.425
1669.984
1670.54
1671.04
1671.217
1671.395
1671.572
1671.75
1672.02
1672.29
1672.56
1672.83
1673.1
1673.37
1673.64
1673.91
1674.18
1674.63
1675.08
1675.53
1676.389
1677.248
1678.107
1678.966
1679.825
1680.684
1681.543
1682.402
1683.261
1684.12
1684.979
1685.838
1686.697
1687.55
1688.616
1689.682
1690.748
1691.814
1692.88
1693.946
1695.012
1696.078
1697.144
1698.21
1699.28
1699.494
1699.708
1699.922
1700.136
1700.35
1700.564
1700.778
1700.992
1701.206
1701.42
1701.635
1701.871
1702.107
1702.343
1702.579
1702.815
1703.051
1703.287
1703.523
1703.76
1704.081
1704.402
1704.723
1705.044
1705.365
1705.686
1706.007
1706.328
1706.649
1706.97
1707.419
1707.868
1708.317
1708.766
1709.215
1709.664
1710.11
1710.553
1710.996
1711.439
1711.882
1712.325
1712.768
1713.211
1713.657
1713.824
1713.991
1714.158
1714.325
1714.492
1714.659
1714.826
1714.993
1715.16
1715.327
1715.49
1716.115
1716.74
1717.365
1717.99
1718.615
1719.24
1719.865
1720.49
1721.115
1721.74
1722.023
1722.306
1722.589
1722.872
1723.155
1723.438
1723.721
1724.004
1724.287
1724.57
1724.853
1725.14
1725.443
1725.745
1726.047
1726.35
1726.652
1726.955
1727.257
1727.56
1727.768
1727.976
1728.184
1728.392
1728.6
1728.808
1729.016
1729.224
1730.132
1731.04
1731.948
1732.856
1733.764
1734.672
1735.58
1736.146
1742.764
1743.43
1743.696
1743.962
1744.228
1744.494
1744.76
1745.026
1745.292
1745.56
1745.783
1746.006
1746.229
1746.452
1746.675
1746.898
1747.121
1747.344
1747.57
1747.867
1748.164
1748.461
1748.758
1749.055
1749.352
1749.649
1749.946
1750.24
1750.559
1750.878
1751.197
1751.516
1751.835
1752.154
1752.473
1752.792
1753.11
1753.541
1753.972
1754.403
1754.834
1755.265
1755.696
1756.127
1756.558
1756.99
1757.59
1758.19
1758.79
1759.39
1759.99
1760.59
1761.19
1761.876
1762.562
1763.248
1763.934
1764.62
1765.306
1765.992
1766.678
1767.364
1768.047
1768.668
1769.289
1769.91
1770.531
1771.152
1771.773
1772.394
1773.015
1773.636
1774.257
1774.878
1775.5
1776.042
1776.584
1777.126
1777.668
1778.21
1778.752
1779.294
1779.836
1780.378
1780.92
1781.16
1781.4
1781.64
1781.88
1782.12
1782.36
1782.6
1782.84
1783.204
1783.568
1783.932
1784.296
1784.66
1785.093
1785.526
1785.959
1786.392
1786.825
1787.258
1787.691
1788.124
1788.557
1788.99
1789.341
1789.692
1790.043
1790.394
1790.745
1791.097
1792.733
1794.369
1796.005
1797.64
1797.884
1798.128
1798.372
1798.616
1798.86
1799.104
1799.35
1799.896
1800.442
1800.988
1801.534
1802.08
1802.434
1802.788
1803.142
1803.496
1803.85
1804.204
1804.558
1804.912
1805.264
1805.535
1805.806
1806.077
1806.348
1806.619
1806.89
1807.161
1807.43
1807.689
1807.948
1808.207
1808.466
1808.725
1808.984
1809.243
1809.502
1809.762
1809.98
1810.198
1810.416
1810.634
1810.852
1811.07
1811.288
1811.506
1811.72
1812.342
1812.964
1813.586
1814.208
1814.83
1815.45
1816.412
1817.374
1818.336
1819.298
1820.26
1821.22
1821.805
1822.39
1822.975
1823.56
1824.145
1824.73
1825.064
1825.398
1825.732
1826.066
1826.4
1826.734
1827.068
1827.402
1827.736
1828.07
1828.4
1828.805
1829.21
1829.615
1830.02
1830.425
1830.83
1831.235
1831.64
1832.045
1832.45
1832.86
1835.859
1838.858
1841.857
1844.856
1847.855
1850.854
1853.853
1856.852
1859.851
1862.85
1865.957
1869.065
1872.173
1875.281
1878.389
1881.496
1884.604
1887.71
1888.397
1889.084
1889.771
1890.458
1891.145
1891.832
1892.519
1893.206
1893.893
1894.58
1895.27
1896.485
1897.7
1898.33
1898.96
1899.59
1900.22
1900.85
1901.48
1902.11
1902.74
1904.23
1905.72
1907.21
1908.7
1910.19
1911.68
1913.17
1913.545
1913.92
1914.295
1914.67
1915.045
1915.42
1915.795
1916.17
1916.428
1916.686
1916.944
1917.202
1917.46
1917.718
1917.976
1918.234
1918.49
1919.139
1919.787
1920.436
1921.084
1921.733
1922.381
1923.03
1923.678
1924.327
1924.975
1925.249
1925.523
1925.797
1926.071
1926.345
1926.62
1927.039
1927.458
1927.877
1928.296
1928.715
1929.134
1929.553
1929.972
1930.391
1930.81
1931.23
1931.92
1932.61
1933.3
1933.99
1934.68
1935.37
1936.06
1936.75
1937.272
1937.794
1938.316
1938.838
1939.36
1939.882
1940.404
1940.926
1941.45
1941.691
1941.932
1942.173
1942.414
1942.655
1942.896
1943.137
1943.38
1943.758
1944.136
1944.514
1944.892
1945.27
1945.648
1946.026
1946.404
1946.782
1947.16
1947.555
1947.95
1948.345
1948.74
1949.135
1949.53
1949.925
1950.32
1950.602
1950.884
1951.166
1951.448
1951.73
1952.012
1952.294
1952.576
1952.858
1953.14
1953.422
1953.7
1954.04
1954.38
1954.72
1955.06
1955.4
1955.74
1956.08
1956.42
1956.76
1957.1
1957.44
1957.939
1958.438
1958.937
1959.436
1959.935
1960.434
1960.933
1961.432
1961.931
1962.43
1962.622
1962.814
1963.006
1963.198
1963.39
1963.582
1963.774
1963.966
1964.158
1964.35
1964.748
1965.146
1965.544
1965.942
1966.34
1966.738
1967.136
1967.534
1967.932
1968.33
1968.67
1969.01
1969.35
1969.69
1970.03
1970.37
1970.659
1970.948
1971.237
1971.526
1971.815
1972.104
1972.393
1972.68
1973.056
1973.432
1973.808
1974.184
1974.56
1974.936
1975.312
1975.688
1976.064
1976.44
1976.782
1977.124
1977.466
1977.808
1978.15
1978.75
1979.35
1979.95
1980.55
1981.15
1981.75
1982.35
1982.596
1982.842
1983.088
1983.334
1983.58
1983.826
1984.072
1984.318
1984.564
1984.81
1985.056
1985.302
1985.55
1985.86
1986.17
1986.48
1986.79
1987.1
1987.41
1987.72
1988.03
1988.34
1988.65
1988.96
1989.207
1989.454
1989.701
1989.948
1990.195
1990.442
1990.689
1990.936
1991.183
1991.43
1991.677
1991.92
1992.127
1992.334
1992.541
1992.748
1992.955
1993.162
1993.37
1993.598
1993.826
1994.054
1994.282
1994.51
1994.738
1994.966
1995.194
1995.422
1995.65
1995.878
1996.106
1996.33
1996.613
1996.896
1997.179
1997.462
1997.747
1997.976
1998.205
1998.434
1998.663
1998.892
1999.121
1999.35
1999.58
1999.815
2000.05
2000.285
2000.52
2000.755
2000.99
2001.225
2001.46
2001.695
2001.93
2002.165
2002.4
2002.635
2002.87
2003.1
2004.221
2005.342
2006.463
2007.584
2008.705
2009.826
2010.95
2011.247
2011.544
2011.841
2012.138
2012.435
2012.732
2013.029
2013.326
2013.623
2013.92
2014.217
2014.52
2014.885
2015.25
2015.615
2015.98
2016.345
2016.71
2017.046
2017.382
2017.718
2018.054
2018.39
2018.726
2019.062
2019.4
2019.827
2020.254
2020.681
2021.108
2021.535
2021.96
2022.367
2022.774
2023.181
2023.588
2023.995
2024.402
2024.809
2025.216
2025.62
2025.951
2026.282
2026.613
2026.944
2027.275
2027.606
2027.937
2028.27
2028.762
2029.254
2029.746
2030.238
2030.73
2031.222
2031.714
2032.206
2032.7
2033.591
2034.482
2035.373
2036.264
2037.155
2038.046
2038.937
2039.828
2040.72
2041.505
2042.29
2043.075
2043.86
2044.645
2045.43
2046.215
2047.0
2048.064
2049.128
2050.192
2051.256
2052.32
2053.384
2054.448
2055.512
2056.576
2057.64
2058.704
2059.768
2060.832
2061.896
2062.96
2063.318
2063.676
2064.034
2064.392
2064.749
2065.106
2065.464
2065.822
2066.18
2066.537
2066.894
2067.25
2068.165
2069.08
2071.255
2071.715
2072.175
2072.635
2073.095
2073.554
2074.014
2074.474
2074.934
2075.394
2075.85
2076.17
2076.49
2076.81
2077.13
2077.45
2077.77
2078.09
2078.41
2078.73
2079.05
2079.37
2079.69
2080.01
2080.33
2080.602
2080.874
2081.146
2081.418
2081.69
2081.962
2082.236
2082.408
2082.58
2082.752
2082.924
2083.096
2083.268
2083.44
2083.61
2083.938
2084.266
2084.594
2084.922
2085.25
2085.58
2085.946
2086.312
2086.678
2087.044
2087.41
2087.776
2088.139
2088.444
2088.749
2089.054
2089.359
2089.664
2089.969
2090.18
2090.391
2090.602
2090.813
2091.024
2091.235
2091.446
2091.657
2091.868
2092.08
2092.236
2092.392
2092.548
2092.704
2092.86
2093.016
2093.172
2093.328
2093.484
2093.64
2093.796
2093.955
2094.121
2094.287
2094.453
2094.619
2094.785
2094.951
2095.117
2095.283
2095.449
2095.611
2096.902
2097.472
2098.042
2098.612
2099.182
2099.423
2099.664
2099.905
2100.146
2100.387
2100.628
2100.869
2101.11
2101.348
2101.931
2102.448
2102.965
2103.482
2103.999
2104.516
2105.033
2105.55
2106.067
2106.584
2107.101
2107.62
2108.347
2109.074
2109.801
2110.528
2111.255
2111.982
2112.709
2113.436
2114.16
2114.533
2114.906
2115.279
2115.652
2116.025
2116.398
2116.771
2117.144
2117.52
2117.918
2118.316
2118.714
2119.112
2119.51
2119.908
2120.306
2120.704
2121.102
2121.5
2121.898
2122.296
2122.694
2123.09
2123.328
2123.566
2123.804
2124.042
2124.28
2124.518
2124.756
2124.994
2125.232
2125.467
2125.679
2125.891
2126.103
2126.315
2126.527
2126.739
2126.951
2127.163
2127.375
2127.587
2127.8
2127.979
2128.158
2128.337
2128.516
2128.695
2128.874
2129.053
2129.232
2129.411
2129.59
2129.769
2129.948
2130.127
2130.306
2130.485
2130.669
2130.868
2131.067
2131.266
2131.465
2131.664
2131.863
2132.062
2132.261
2132.46
2132.773
2133.086
2133.399
2133.712
2134.025
2134.337
2134.615
2134.893
2135.17
2135.366
2135.562
2135.758
2135.954
2136.15
2136.346
2136.545
2136.866
2137.187
2137.508
2137.829
2138.15
2138.471
2138.792
2139.11
2139.434
2139.758
2140.082
2140.406
2140.73
2141.044
2141.358
2141.672
2141.986
2142.3
2142.614
2142.928
2143.242
2143.556
2143.87
2144.18
2144.85
2145.119
2145.389
2145.659
2145.928
2146.197
2146.466
2146.735
2147.006
2151.635
2156.264
2160.893
2165.522
2170.151
2174.78
2179.409
2184.038
2188.667
2193.3
2193.742
2194.184
2194.626
2195.068
2195.51
2196.357
2197.204
2198.05
2198.712
2199.374
2200.036
2200.698
2201.36
2201.699
2202.038
2202.377
2202.716
2203.055
2203.394
2203.733
2204.07
2204.332
2204.594
2204.856
2205.119
2205.381
2205.643
2205.905
2206.17
2206.607
2207.044
2207.481
2207.918
2208.355
2208.792
2209.23
2209.461
2209.692
2209.923
2210.154
2210.385
2210.616
2210.847
2211.078
2211.309
2211.54
2212.101
2212.662
2213.223
2213.784
2214.345
2214.906
2215.467
2216.028
2216.589
2217.15
2217.711
2218.271
2218.77
2219.02
2219.27
2219.52
2219.77
2220.02
2220.373
2220.726
2221.079
2221.432
2221.785
2222.138
2222.491
2222.844
2223.197
2223.55
2224.099
2224.648
2225.197
2225.745
2225.957
2226.169
2226.381
2226.593
2226.805
2227.017
2227.229
2227.441
2227.653
2227.87
2228.13
2228.39
2228.65
2228.91
2229.17
2229.43
2229.69
2229.95
2230.21
2230.539
2230.868
2231.197
2231.526
2231.855
2232.184
2232.513
2232.842
2233.171
2233.5
2233.918
2234.336
2234.753
2235.171
2235.588
2236.006
2236.423
2236.84
2237.078
2237.316
2237.554
2237.792
2238.03
2238.27
2238.466
2238.662
2238.858
2239.054
2239.25
2239.446
2239.644
2239.943
2240.243
2240.543
2240.843
2241.142
2241.441
2241.74
2242.04
2242.307
2242.574
2242.841
2243.108
2243.375
2243.64
2243.962
2244.284
2244.606
2244.928
2245.25
2245.572
2245.894
2246.216
2246.538
2246.86
2247.182
2247.504
2247.83
2250.5
2253.17
2255.84
2258.51
2261.18
2261.82
2262.46
2263.1
2263.74
2264.38
2265.02
2265.66
2266.234
2266.808
2267.382
2267.956
2268.53
2269.104
2269.678
2270.252
2270.826
2271.4
2272.4
2273.4
2274.4
2275.4
2276.4
2276.724
2277.048
2277.372
2277.696
2278.02
2278.344
2278.668
2278.992
2279.319
2280.048
2280.776
2281.505
2282.234
2282.963
2283.69
2283.911
2284.132
2284.353
2284.574
2284.795
2285.016
2285.237
2285.46
2286.78
2288.1
2288.897
2289.694
2290.491
2291.288
2292.085
2292.882
2293.679
2294.476
2295.273
2296.07
2296.867
2297.664
2298.46
2298.96
2299.403
2299.846
2300.289
2300.732
2301.175
2301.618
2302.061
2302.504
2302.947
2303.39
2303.833
2304.276
2304.719
2305.16
2305.668
2306.176
2306.684
2307.192
2307.7
2308.207
2308.715
2309.22
2309.621
2310.022
2310.423
2310.824
2311.225
2311.626
2312.03
2312.581
2313.131
2313.63
2314.003
2314.376
2314.749
2315.122
2315.495
2315.87
2316.138
2316.406
2316.674
2316.942
2317.21
2317.48
2317.949
2318.418
2318.887
2319.356
2319.825
2320.294
2320.763
2321.232
2321.7
2321.95
2322.2
2323.37
2323.572
2323.774
2323.976
2324.178
2324.38
2324.582
2324.786
2325.075
2325.364
2325.653
2325.942
2326.231
2326.52
2326.809
2327.1
2327.855
2328.3
2328.745
2329.19
2330.55
2331.91
2333.27
2334.63
2334.99
2335.35
2335.71
2336.07
2336.351
2336.632
2336.913
2337.194
2337.475
2337.756
2338.037
2338.318
2338.599
2338.88
2339.161
2339.442
2339.723
2340.01
2340.225
2340.44
2340.655
2340.87
2341.085
2341.3
2341.515
2341.73
2341.945
2342.16
2342.375
2342.59
2342.805
2343.02
2343.377
2343.734
2344.091
2344.448
2344.805
2345.16
2345.483
2345.806
2346.129
2346.452
2346.775
2347.1
2347.554
2348.008
2348.462
2348.916
2349.37
2349.824
2350.278
2350.73
2350.978
2351.226
2351.474
2351.722
2351.97
2352.218
2352.466
2352.714
2352.962
2353.21
2353.535
2353.86
2354.185
2354.51
2354.835
2355.16
2355.485
2355.806
2356.285
2356.764
2357.244
2357.724
2358.204
2358.684
2359.164
2359.644
2360.123
2360.602
2361.081
2361.56
2361.985
2362.41
2362.835
2363.26
2363.685
2364.11
2364.535
2364.96
2365.259
2365.558
2365.857
2366.156
2366.455
2366.754
2367.053
2367.352
2367.65
2367.958
2368.266
2368.574
2368.882
2369.19
2369.498
2369.806
2370.114
2370.422
2370.73
2371.038
2371.35
2371.545
2371.74
2371.935
2372.13
2372.351
2372.572
2372.793
2373.014
2373.235
2373.456
2373.677
2373.898
2374.119
2374.34
2374.56
2374.835
2375.11
2375.385
2375.66
2375.93
2376.2
2376.47
2376.744
2377.018
2377.292
2377.566
2377.84
2378.114
2378.388
2378.664
2378.865
2379.066
2379.267
2379.468
2379.669
2379.87
2380.071
2380.272
2380.473
2380.674
2380.875
2381.08
2381.398
2381.716
2382.034
2382.352
2382.67
2382.988
2383.306
2383.624
2383.942
2384.26
2384.578
2384.896
2385.21
2385.629
2386.048
2386.467
2386.886
2387.305
2387.724
2388.143
2388.562
2388.981
2389.4
2389.817
2390.802
2391.788
2392.774
2393.76
2394.745
2395.73
2395.977
2396.224
2396.472
2396.72
2396.967
2397.215
2397.463
2397.71
2397.908
2398.106
2398.304
2398.502
2398.7
2398.898
2399.096
2399.294
2399.492
2399.69
2399.888
2400.086
2400.29
2400.845
2401.4
2401.955
2402.51
2403.065
2403.62
2404.175
2404.73
2405.547
2406.364
2407.181
2407.998
2408.815
2409.632
2410.449
2411.266
2412.083
2412.9
2413.663
2414.426
2415.189
2415.952
2416.715
2417.48
2417.748
2418.016
2418.284
2418.552
2418.82
2419.088
2419.356
2419.624
2419.892
2420.16
2420.43
2420.786
2421.142
2421.498
2421.854
2422.21
2422.566
2422.922
2423.278
2423.634
2423.99
2424.346
2424.7
2424.899
2425.098
2425.297
2425.496
2425.695
2425.894
2426.093
2426.292
2426.491
2426.692
2426.882
2427.072
2427.262
2427.452
2427.642
2427.832
2428.022
2428.212
2428.4
2428.595
2428.79
2428.985
2429.18
2429.375
2429.57
2429.765
2429.96
2430.155
2430.35
2430.551
2430.752
2430.953
2431.154
2431.355
2431.556
2431.757
2431.957
2432.161
2432.365
2432.569
2432.773
2432.977
2433.181
2433.385
2433.589
2433.79
2434.03
2434.27
2434.51
2434.748
2434.986
2435.224
2435.462
2435.7
2435.938
2436.176
2436.414
2436.65
2436.951
2437.252
2437.553
2437.854
2438.155
2438.456
2438.757
2439.058
2439.359
2439.66
2439.961
2440.267
2440.498
2440.729
2440.96
2441.191
2441.422
2441.653
2441.884
2442.115
2442.35
2445.11
2445.315
2445.52
2445.725
2445.93
2447.15
2448.37
2448.642
2448.914
2449.186
2449.458
2449.73
2450.002
2450.274
2450.546
2450.82
2451.509
2452.198
2452.887
2453.576
2454.265
2454.954
2455.643
2456.33
2456.83
2457.109
2457.388
2457.667
2457.946
2458.225
2458.504
2458.783
2459.062
2459.34
2459.666
2459.992
2460.318
2460.644
2460.97
2461.33
2461.69
2462.05
2462.41
2462.77
2463.13
2463.49
2463.85
2464.21
2464.57
2464.93
2465.116
2465.302
2465.488
2465.674
2465.86
2466.046
2466.232
2466.42
2466.698
2466.976
2467.254
2467.532
2467.81
2468.139
2468.468
2468.797
2469.126
2469.455
2469.784
2470.113
2470.442
2470.77
2471.04
2471.31
2471.58
2471.85
2472.12
2472.39
2472.66
2472.93
2473.2
2473.566
2473.932
2474.298
2474.664
2475.03
2475.396
2475.762
2476.128
2476.494
2476.86
2477.226
2477.59
2478.166
2478.742
2479.318
2479.894
2480.47
2480.97
2481.21
2481.45
2481.69
2481.93
2482.217
2482.505
2482.793
2483.08
2483.543
2484.006
2484.469
2484.932
2485.395
2485.86
2486.195
2486.53
2486.865
2487.2
2487.535
2487.87
2488.205
2488.54
2488.875
2489.21
2489.545
2489.88
2490.215
2490.55
2490.877
2491.204
2491.531
2491.858
2492.185
2492.512
2492.839
2493.166
2493.49
2493.837
2494.184
2494.53
2494.84
2495.15
2495.46
2495.77
2496.08
2496.39
2496.7
2497.01
2497.314
2497.618
2497.922
2498.226
2498.53
2498.834
2499.14
2499.409
2499.678
2499.947
2500.216
2500.485
2500.754
2501.023
2501.292
2501.561
2501.83
2502.099
2502.368
2502.637
2502.906
2503.176
2503.338
2503.5
2503.662
2503.824
2503.986
2504.148
2504.31
2504.472
2504.634
2504.8
2506.802
2508.804
2510.806
2512.808
2514.81
2516.812
2518.814
2520.816
2522.818
2524.82
2526.82
2527.46
2528.1
2528.74
2529.38
2530.02
2530.564
2531.108
2531.652
2532.196
2532.74
2533.104
2533.468
2533.832
2534.196
2534.56
2534.924
2535.288
2535.652
2536.016
2536.38
2536.691
2537.002
2537.313
2537.624
2537.935
2538.246
2538.557
2538.868
2539.179
2539.49
2539.8
2540.476
2541.152
2541.828
2542.504
2543.18
2543.856
2544.532
2545.208
2545.884
2546.56
2547.236
2547.912
2548.588
2549.26
2549.635
2550.01
2550.385
2550.76
2551.135
2551.51
2551.885
2552.26
2552.635
2553.01
2553.385
2553.76
2554.14
2554.396
2554.652
2554.908
2555.164
2555.42
2555.676
2555.932
2556.188
2556.444
2556.7
2556.956
2557.21
2557.96
2558.71
2558.988
2559.265
2559.543
2559.821
2560.099
2560.377
2560.655
2560.93
2561.124
2561.318
2561.512
2561.706
2561.9
2562.094
2562.288
2562.482
2562.676
2562.87
2563.06
2563.364
2563.668
2563.972
2564.276
2564.58
2564.884
2565.19
2565.712
2566.234
2566.756
2567.278
2567.8
2568.322
2568.844
2569.366
2569.888
2570.41
2570.932
2571.454
2571.979
2572.48
2572.981
2573.482
2573.983
2574.484
2574.985
2575.486
2575.987
2576.49
2576.99
2577.741
2578.492
2579.243
2579.994
2580.745
2581.496
2582.247
2583.0
2583.485
2583.97
2584.455
2584.94
2585.175
2585.41
2585.645
2585.88
2586.115
2586.35
2586.585
2586.82
2587.211
2587.602
2587.993
2588.384
2588.775
2589.166
2589.557
2589.95
2590.538
2591.126
2591.714
2592.302
2592.89
2593.478
2594.065
2594.242
2594.419
2594.596
2594.773
2594.95
2595.127
2595.304
2595.481
2595.658
2595.835
2596.012
2596.19
2597.11
2597.718
2598.326
2598.934
2599.542
2599.704
2599.866
2600.028
2600.19
2600.352
2600.514
2600.676
2600.838
2601.0
2601.277
2601.554
2601.831
2602.108
2602.385
2602.66
2602.893
2603.126
2603.359
2603.592
2603.825
2604.06
2604.546
2605.032
2605.518
2606.004
2606.49
2606.976
2607.462
2607.948
2608.434
2608.92
2609.406
2609.89
2610.276
2610.662
2611.048
2611.434
2611.82
2612.206
2612.592
2612.98
2613.229
2613.478
2613.727
2613.976
2614.225
2614.474
2614.723
2614.974
2615.134
2615.294
2615.454
2615.614
2615.774
2615.934
2616.094
2616.254
2616.414
2616.574
2616.734
2616.89
2617.25
2617.61
2617.969
2618.168
2618.367
2618.566
2618.765
2618.964
2619.163
2619.362
2619.561
2619.76
2620.138
2620.516
2620.894
2621.272
2621.65
2621.918
2622.186
2622.454
2622.722
2622.99
2623.258
2623.526
2623.794
2624.06
2624.49
2624.92
2625.35
2625.78
2626.21
2626.64
2626.894
2627.148
2627.402
2627.656
2627.91
2628.164
2628.418
2628.672
2628.926
2629.18
2629.436
2629.639
2629.842
2630.045
2630.248
2630.451
2630.654
2630.857
2631.06
2631.297
2631.534
2631.771
2632.008
2632.245
2632.482
2632.719
2632.956
2633.193
2633.43
2633.667
2633.904
2634.141
2634.378
2634.61
2634.886
2635.162
2635.438
2635.714
2635.99
2636.266
2636.542
2636.818
2637.094
2637.37
2637.646
2637.92
2638.223
2638.526
2638.829
2639.132
2639.435
2639.74
2640.065
2640.39
2640.715
2641.04
2641.365
2641.69
2642.015
2642.34
2642.665
2642.99
2643.499
2644.008
2644.517
2645.026
2645.535
2646.044
2646.553
2647.062
2647.57
2648.242
2648.914
2649.586
2650.258
2650.93
2651.602
2652.274
2652.946
2653.618
2654.29
2654.623
2654.956
2655.289
2655.622
2655.955
2656.288
2656.621
2656.954
2657.29
2657.503
2657.716
2657.928
2658.14
2658.393
2658.646
2658.899
2659.152
2659.405
2659.658
2659.911
2660.164
2660.42
2661.148
2661.876
2662.604
2663.332
2664.06
2664.79
2665.251
2665.712
2666.173
2666.634
2667.095
2667.556
2668.017
2668.478
2668.939
2669.4
2669.861
2670.322
2670.78
2671.164
2671.548
2671.932
2672.316
2672.7
2673.084
2673.468
2673.852
2674.236
2674.62
2675.0
2675.461
2675.922
2676.383
2676.844
2677.305
2677.766
2678.227
2678.688
2679.149
2679.61
2680.071
2680.532
2680.993
2681.454
2681.92
2682.45
2682.93
2683.41
2683.89
2684.298
2684.706
2685.114
2685.522
2685.93
2686.338
2686.746
2687.154
2687.562
2687.97
2688.38
2688.866
2689.352
2689.838
2690.324
2690.81
2691.296
2691.78
2692.074
2692.368
2692.662
2692.956
2693.25
2693.544
2693.838
2694.132
2694.426
2694.72
2694.936
2695.152
2695.368
2695.584
2695.8
2696.016
2696.232
2696.45
2696.963
2697.476
2697.989
2698.502
2699.015
2699.53
2699.703
2699.876
2700.05
2700.826
2701.602
2702.378
2703.154
2703.93
2704.271
2704.612
2704.953
2705.294
2705.635
2705.976
2706.317
2706.658
2706.999
2707.34
2707.866
2708.392
2708.918
2709.444
2709.97
2710.496
2711.022
2711.548
2712.07
2712.531
2712.992
2713.453
2713.914
2714.375
2714.836
2715.297
2715.758
2716.219
2716.68
2717.14
2717.592
2718.044
2718.496
2718.95
2719.23
2719.51
2719.79
2720.07
2720.35
2720.63
2720.959
2721.288
2721.617
2721.946
2722.275
2722.604
2722.933
2723.262
2723.591
2723.92
2724.249
2724.578
2724.907
2725.236
2725.56
2725.782
2726.004
2726.226
2726.448
2726.67
2726.892
2727.114
2727.336
2727.56
2727.853
2728.146
2728.439
2728.732
2729.025
2729.32
2729.551
2729.782
2730.013
2730.244
2730.475
2730.706
2730.937
2731.168
2731.399
2731.63
2731.861
2732.092
2732.323
2732.56
2732.888
2733.216
2733.544
2733.872
2734.2
2734.528
2734.856
2735.184
2735.51
2735.902
2736.294
2736.686
2737.078
2737.47
2737.86
2738.208
2738.556
2738.904
2739.252
2739.6
2739.948
2740.296
2740.644
2740.99
2741.359
2741.728
2742.097
2742.466
2742.835
2743.204
2743.573
2743.942
2744.311
2744.68
2745.049
2745.418
2745.787
2746.15
2746.404
2746.658
2746.912
2747.166
2747.42
2747.952
2748.484
2749.016
2749.548
2750.08
2750.58
2750.753
2750.926
2751.099
2751.27
2751.619
2751.968
2752.317
2752.666
2753.015
2753.364
2753.71
2754.086
2754.462
2754.838
2755.214
2755.59
2755.966
2756.342
2756.718
2757.09
2757.352
2757.614
2757.876
2758.139
2758.401
2758.663
2758.925
2759.19
2759.548
2759.905
2760.263
2760.62
2760.977
2761.334
2761.691
2762.048
2762.405
2762.763
2763.12
2763.48
2763.945
2764.41
2764.875
2765.34
2765.805
2766.27
2766.735
2767.2
2767.665
2768.13
2768.59
2769.081
2769.572
2770.063
2770.554
2771.045
2771.536
2772.027
2772.52
2772.9
2773.28
2773.66
2774.04
2774.42
2774.8
2775.18
2775.56
2775.94
2776.32
2776.704
2776.85
2776.996
2777.142
2777.288
2777.434
2777.58
2777.726
2777.87
2778.278
2778.685
2779.092
2779.499
2779.907
2780.315
2780.722
2781.13
2781.536
2781.942
2782.348
2782.754
2783.16
2783.566
2783.972
2784.378
2784.78
2785.187
2785.594
2786.001
2786.408
2786.815
2787.222
2787.629
2788.036
2788.443
2788.85
2789.258
2789.529
2789.8
2790.071
2790.342
2790.613
2790.884
2791.155
2791.426
2791.697
2791.968
2792.239
2792.51
2792.923
2793.336
2793.749
2794.162
2794.575
2794.988
2795.401
2795.814
2796.227
2796.644
2796.801
2796.958
2797.115
2797.272
2797.429
2797.586
2797.743
2797.9
2798.06
2798.392
2798.724
2799.056
2799.388
2799.72
2800.052
2800.384
2800.716
2801.048
2801.38
2801.712
2802.044
2802.37
2802.877
2803.384
2803.891
2804.398
2804.905
2805.412
2805.919
2806.426
2806.933
2807.44
2807.94
2808.52
2809.1
2809.68
2810.26
2810.928
2811.596
2812.265
2812.477
2812.689
2812.901
2813.113
2813.325
2813.537
2813.749
2813.961
2814.173
2814.39
2814.66
2814.93
2815.2
2815.47
2815.74
2816.01
2816.28
2816.55
2816.82
2817.09
2817.401
2817.712
2818.023
2818.334
2818.645
2818.956
2819.267
2819.578
2819.889
2820.2
2820.556
2820.912
2821.268
2821.624
2821.98
2822.336
2822.69
2822.885
2823.08
2823.275
2823.47
2823.665
2823.86
2824.055
2824.25
2824.445
2824.64
2824.83
2825.122
2825.414
2825.706
2825.998
2826.29
2826.582
2826.874
2827.166
2827.458
2827.75
2828.04
2828.445
2828.85
2829.255
2829.66
2830.062
2830.464
2830.866
2831.268
2831.67
2831.891
2832.112
2832.333
2832.554
2832.775
2832.996
2833.217
2833.44
2833.688
2833.936
2834.184
2834.432
2834.679
2834.927
2835.175
2835.42
2835.67
2835.92
2836.17
2836.42
2836.67
2836.92
2837.201
2837.482
2837.763
2838.044
2838.325
2838.606
2838.887
2839.168
2839.449
2839.73
2839.973
2840.216
2840.459
2840.702
2840.945
2841.19
2841.433
2841.676
2841.919
2842.162
2842.405
2842.65
2842.946
2843.242
2843.538
2843.834
2844.13
2844.426
2844.722
2845.018
2845.31
2845.683
2846.056
2846.429
2846.802
2847.175
2847.55
2847.766
2847.982
2848.198
2848.414
2848.63
2848.846
2849.062
2849.28
2849.705
2850.13
2850.555
2850.98
2851.405
2851.83
2852.255
2852.68
2853.105
2853.53
2853.95
2854.293
2854.636
2854.979
2855.322
2855.665
2856.008
2856.351
2856.694
2857.037
2857.38
2857.58
2857.78
2857.98
2858.18
2858.38
2858.58
2858.78
2858.98
2859.18
2859.38
2859.58
2859.78
2859.98
2860.266
2860.552
2860.838
2861.124
2861.41
2861.696
2861.982
2862.268
2862.554
2862.84
2863.126
2863.412
2863.698
2863.984
2864.27
2864.556
2864.84
2867.08
2869.915
2872.75
2873.163
2873.576
2873.989
2874.402
2874.815
2875.23
2875.475
2875.72
2875.965
2876.21
2876.455
2876.7
2876.945
2877.19
2877.435
2877.68
2877.93
2878.516
2879.102
2879.688
2880.274
2880.86
2881.446
2882.032
2882.618
2883.204
2883.79
2884.837
2885.884
2886.931
2887.978
2889.025
2890.072
2891.12
2891.38
2891.64
2891.9
2892.16
2892.42
2892.68
2892.94
2893.2
2893.46
2893.72
2893.98
2894.24
2894.495
2894.722
2894.949
2895.176
2895.403
2895.63
2895.857
2896.084
2896.311
2896.538
2896.765
2896.992
2897.219
2897.44
2897.726
2898.012
2898.298
2898.583
2898.869
2899.155
2899.441
2899.726
2900.012
2900.298
2900.583
2900.869
2901.155
2901.437
2902.969
2904.501
2906.033
2907.565
2909.097
2910.629
2912.161
2913.69
2913.854
2914.018
2914.182
2914.346
2914.51
2914.674
2914.838
2914.999
2915.211
2915.423
2915.635
2915.847
2916.059
2916.271
2916.483
2916.695
2916.907
2917.119
2917.331
2917.54
2917.984
2918.428
2918.872
2919.316
2919.76
2920.131
2920.502
2920.873
2921.245
2921.426
2921.607
2921.788
2921.969
2922.15
2922.331
2922.512
2922.693
2922.87
2923.576
2924.282
2924.988
2925.694
2926.4
2927.106
2927.812
2928.518
2929.22
2929.646
2930.072
2930.498
2930.924
2931.35
2931.73
2932.11
2932.49
2933.176
2933.862
2934.548
2935.234
2935.92
2936.606
2937.292
2937.978
2938.66
2938.913
2939.166
2939.419
2939.672
2939.925
2940.178
2940.43
2940.812
2941.194
2941.576
2941.958
2942.34
2942.722
2943.104
2943.486
2943.87
2944.081
2944.292
2944.503
2944.714
2944.925
2945.136
2945.347
2945.558
2945.77
2946.051
2946.332
2946.613
2946.894
2947.175
2947.456
2947.74
2947.943
2948.146
2948.349
2948.552
2948.755
2948.958
2949.161
2949.364
2949.567
2949.77
2949.977
2950.248
2950.519
2950.79
2951.06
2951.211
2951.362
2951.513
2951.664
2951.815
2951.966
2952.117
2952.268
2952.711
2953.154
2953.597
2954.04
2954.483
2954.926
2955.369
2955.527
2955.685
2955.843
2956.001
2956.16
2956.5
2956.84
2957.18
2957.52
2957.86
2958.2
2958.54
2958.88
2959.22
2959.69
2960.16
2960.63
2961.1
2961.57
2962.04
2962.51
2962.98
2963.45
2963.916
2964.103
2964.29
2964.477
2964.664
2964.851
2965.038
2965.225
2965.412
2965.599
2965.79
2966.322
2966.854
2967.386
2967.918
2968.45
2968.98
2969.48
2970.258
2971.035
2971.812
2972.59
2972.993
2973.396
2973.799
2974.202
2974.605
2975.008
2975.41
2975.81
2976.755
2977.7
2978.645
2979.59
2980.535
2981.48
2982.425
2983.37
2984.315
2985.26
2986.074
2986.888
2987.702
2988.516
2989.33
2990.144
2990.958
2991.772
2992.586
2993.4
2994.214
2995.028
2995.842
2996.65
2997.002
2997.354
2997.706
2998.058
2998.41
2998.762
2999.114
2999.466
2999.82
3000.181
3000.542
3000.903
3001.264
3001.625
3001.986
3002.347
3002.708
3003.072
3003.273
3003.474
3003.675
3003.876
3004.077
3004.28
3004.578
3004.876
3005.174
3005.472
3005.77
3007.08
3008.39
3009.155
3009.92
3010.685
3011.45
3011.7
3011.95
3012.2
3012.497
3012.794
3013.09
3013.36
3013.63
3013.9
3014.17
3014.44
3014.71
3014.98
3015.25
3015.532
3015.814
3016.096
3016.378
3016.66
3016.942
3017.224
3017.506
3017.788
3018.07
3018.35
3018.718
3019.086
3019.454
3019.822
3020.19
3020.558
3020.926
3021.294
3021.662
3022.03
3022.705
3023.38
3024.055
3024.73
3024.952
3025.174
3025.396
3025.618
3025.84
3026.062
3026.284
3026.506
3026.73
3026.957
3027.184
3027.412
3027.639
3027.867
3028.095
3028.322
3028.55
3029.066
3029.582
3030.098
3030.614
3031.13
3031.431
3031.732
3032.033
3032.334
3032.635
3032.936
3033.237
3033.538
3033.839
3034.14
3034.307
3034.474
3034.641
3034.808
3034.975
3035.14
3035.294
3035.448
3035.602
3035.756
3035.91
3036.24
3036.57
3036.9
3037.23
3037.56
3037.798
3038.036
3038.274
3038.512
3038.75
3038.988
3039.226
3039.464
3039.7
3039.943
3040.186
3040.429
3040.672
3040.915
3041.158
3041.401
3041.644
3041.887
3042.13
3042.373
3042.62
3043.175
3043.73
3044.285
3044.84
3045.395
3045.95
3046.505
3047.06
3047.615
3048.17
3048.72
3049.068
3049.416
3049.764
3050.112
3050.46
3050.808
3051.156
3051.502
3051.715
3051.928
3052.141
3052.354
3052.567
3052.78
3052.994
3053.21
3053.575
3053.94
3054.305
3054.67
3055.035
3055.4
3055.767
3056.134
3056.501
3056.868
3057.235
3057.602
3057.969
3058.334
3058.576
3058.818
3059.06
3059.302
3059.544
3059.786
3060.028
3060.27
3060.512
3060.75
3061.136
3061.522
3061.908
3062.294
3062.68
3063.066
3063.45
3063.699
3063.948
3064.197
3064.446
3064.695
3064.944
3065.193
3065.442
3065.689
3065.875
3066.061
3066.247
3066.433
3066.619
3066.805
3066.991
3067.177
3067.363
3067.549
3067.73
3067.905
3068.08
3068.255
3068.43
3068.605
3068.78
3068.955
3069.13
3069.305
3069.48
3069.66
3070.011
3070.362
3070.713
3071.064
3071.415
3071.766
3072.117
3072.47
3072.47
3072.47
3072.47
3072.47
3072.47
3072.47
3072.47
3072.47
3072.47
