22.12
22.691
23.262
23.833
24.404
24.975
25.546
26.12
26.384
26.648
26.912
27.176
27.44
27.704
27.968
28.23
28.511
28.792
29.073
29.354
29.635
29.916
30.197
30.478
30.759
31.04
31.32
31.976
32.632
33.288
33.944
34.6
35.256
35.912
36.568
37.22
38.019
38.818
39.617
40.416
41.215
42.014
42.813
43.61
44.066
44.522
44.978
45.434
45.89
46.346
46.802
47.258
47.71
47.918
48.126
48.334
48.542
48.75
48.946
49.142
49.338
49.534
49.73
50.543
51.356
52.17
52.448
52.725
53.002
53.279
53.556
53.834
54.112
54.39
54.827
55.264
55.701
56.138
56.575
57.012
57.449
57.886
58.323
58.76
59.057
59.355
59.652
59.95
60.248
60.545
60.843
61.14
61.343
61.546
61.749
61.952
62.155
62.36
62.87
63.38
63.89
64.4
64.91
65.42
65.93
66.44
66.95
67.46
67.97
68.407
68.844
69.281
69.718
70.155
70.59
70.87
71.15
71.43
71.71
71.99
72.27
72.55
72.83
73.11
73.39
73.67
73.95
74.45
74.95
75.498
76.046
76.594
77.141
77.366
77.591
77.816
78.041
78.266
78.491
78.716
78.941
79.166
79.39
79.76
80.13
80.5
80.87
81.24
81.61
81.98
82.255
82.53
82.805
83.08
83.355
83.63
83.905
84.18
84.455
84.73
85.0
85.345
85.69
86.035
86.38
86.725
87.07
87.415
87.76
88.105
88.45
88.795
89.14
89.49
89.877
90.264
90.651
91.038
91.425
91.812
92.199
92.586
92.97
93.336
93.702
94.068
94.434
94.8
95.166
95.532
95.898
96.26
96.451
96.642
96.833
97.024
97.215
97.406
97.597
97.788
97.98
98.225
98.47
98.715
98.96
99.205
99.45
99.695
99.94
100.185
100.43
100.889
101.348
101.807
102.266
102.725
103.184
103.643
104.102
104.56
104.807
105.054
105.301
105.548
105.795
106.04
106.303
106.566
106.829
107.092
107.355
107.618
107.88
108.195
108.51
108.825
109.14
109.455
109.77
110.085
110.4
110.719
110.918
111.117
111.316
111.515
111.714
111.913
112.112
112.311
112.51
112.941
113.372
113.803
114.234
114.665
115.096
115.527
115.958
116.389
116.82
117.25
117.759
118.268
118.777
119.286
119.795
120.304
120.813
121.322
121.83
122.214
122.598
122.982
123.366
123.75
124.134
124.52
124.789
125.058
125.327
125.596
125.865
126.134
126.403
126.672
126.941
127.21
127.479
127.748
128.017
128.28
128.716
129.152
129.588
130.024
130.46
131.049
131.638
132.227
132.816
133.405
133.994
134.583
135.17
135.604
136.038
136.472
136.906
137.34
137.774
138.21
138.567
138.924
139.281
139.638
139.995
140.352
140.709
141.066
141.423
141.78
142.14
142.499
142.858
143.217
143.576
143.935
144.294
144.65
144.924
145.198
145.472
145.746
146.02
146.294
146.57
147.115
147.66
148.205
148.75
149.295
149.84
150.385
150.93
151.475
152.02
152.437
152.854
153.271
153.688
154.105
154.52
155.003
155.486
155.97
156.411
156.852
157.293
157.734
158.175
158.616
159.057
159.5
159.859
160.218
160.577
160.936
161.295
161.654
162.01
162.577
163.144
163.712
164.279
164.846
165.413
165.981
166.548
167.115
167.683
168.25
168.82
169.244
169.668
170.092
170.516
170.94
171.21
171.48
171.75
172.02
172.29
172.56
172.84
173.12
173.4
173.68
174.031
174.382
174.733
175.084
175.435
175.786
176.137
176.488
176.839
177.19
177.54
178.101
178.662
179.223
179.784
180.345
180.906
181.47
181.678
181.886
182.094
182.302
182.51
182.718
182.926
183.134
183.342
183.55
183.758
183.97
184.241
184.512
184.783
185.054
185.325
185.596
185.867
186.138
186.409
186.68
187.063
187.446
187.829
188.212
188.595
188.978
189.361
189.744
190.127
190.51
190.89
191.089
191.288
191.487
191.686
191.885
192.084
192.283
192.48
192.73
192.98
193.23
193.48
193.73
193.98
194.23
194.48
194.73
194.98
195.23
195.48
195.762
196.044
196.326
196.608
196.89
197.174
197.41
197.646
197.882
198.118
198.354
198.59
199.042
199.494
199.946
200.398
200.85
201.207
201.564
201.921
202.278
202.635
202.99
203.312
203.634
203.956
204.278
204.6
204.922
205.244
205.566
205.888
206.21
206.526
206.842
207.158
207.474
207.79
208.106
208.422
208.738
209.054
209.37
209.69
210.02
210.35
210.68
211.01
211.34
211.67
212.0
212.33
212.66
212.99
213.32
213.65
213.98
214.443
214.906
215.369
215.832
216.295
216.758
217.221
217.684
218.147
218.61
219.07
219.35
219.63
219.91
220.19
220.47
220.75
221.61
222.156
222.702
223.248
223.794
224.34
224.886
225.43
225.683
225.936
226.189
226.442
226.695
226.948
227.201
227.454
227.707
227.96
228.21
229.31
230.41
230.918
231.426
231.934
232.442
232.95
233.458
233.966
234.474
234.982
235.49
236.073
236.656
237.239
237.822
238.405
238.988
239.571
240.15
240.373
240.595
240.817
241.04
241.262
241.484
241.707
241.93
242.191
242.452
242.713
242.974
243.235
243.496
243.755
243.942
244.13
244.317
244.505
244.692
244.88
245.148
245.416
245.684
245.952
246.22
246.49
247.27
247.672
248.074
248.477
248.838
249.199
249.56
250.07
250.724
251.378
252.032
252.686
253.34
253.994
254.65
254.954
255.258
255.562
255.866
256.17
256.474
256.778
257.082
257.39
257.654
257.918
258.182
258.446
258.71
258.974
259.24
259.533
259.826
260.119
260.412
260.705
260.998
261.291
261.584
261.877
262.17
262.463
262.756
263.044
263.221
263.398
263.575
263.752
263.929
264.106
264.283
264.46
264.877
265.294
265.711
266.128
266.545
266.962
267.152
267.342
267.532
267.722
267.912
268.102
268.292
268.482
268.67
269.075
269.48
269.885
270.29
270.695
271.1
271.505
271.91
272.229
272.548
272.867
273.186
273.505
273.824
274.143
274.462
274.781
275.1
275.385
275.67
275.955
276.24
276.525
276.81
277.095
277.38
277.673
277.966
278.259
278.552
278.845
279.138
279.431
279.724
280.017
280.31
280.6
280.976
281.352
281.728
282.104
282.48
282.855
283.084
283.313
283.542
283.771
284.0
284.23
284.602
284.974
285.346
285.718
286.09
286.462
286.834
287.206
287.578
287.95
288.575
289.2
289.825
290.45
290.822
291.194
291.566
291.938
292.31
292.68
292.892
293.104
293.316
293.528
293.74
293.952
294.164
294.376
294.588
294.8
295.012
295.224
295.44
295.751
296.062
296.373
296.684
296.995
297.306
297.617
297.928
298.239
298.55
300.573
302.596
304.619
306.642
308.665
310.688
312.71
313.204
313.698
314.192
314.686
315.18
315.674
316.17
316.603
317.036
317.469
317.902
318.335
318.768
319.2
319.402
319.604
319.806
320.008
320.21
320.412
320.614
320.816
321.018
321.22
321.422
321.62
321.93
322.24
322.55
322.86
323.17
323.48
323.79
324.1
324.283
324.466
324.649
324.832
325.014
325.197
325.38
325.562
325.745
325.928
326.111
326.29
328.356
330.422
332.488
334.554
336.62
336.885
337.15
337.415
337.68
337.945
338.21
338.475
338.74
339.005
339.27
339.535
339.8
341.166
342.532
343.898
345.264
346.63
346.864
347.098
347.332
347.566
347.8
348.034
348.268
348.502
348.736
348.97
349.82
350.67
351.52
352.37
352.783
353.196
353.609
354.02
354.332
354.644
354.956
355.268
355.58
355.89
356.24
356.59
356.94
357.29
357.64
357.99
358.34
358.69
359.04
359.39
359.74
360.09
360.44
360.998
361.556
362.114
362.672
363.23
363.788
364.346
364.904
365.462
366.02
366.58
367.07
367.56
368.05
368.54
369.03
369.52
369.846
370.172
370.498
370.824
371.15
371.476
371.802
372.128
372.45
372.806
373.162
373.518
373.874
374.23
374.586
374.942
375.298
375.654
376.01
376.37
378.355
380.34
380.664
380.988
381.312
381.636
381.96
382.284
382.61
383.53
384.45
384.648
384.846
385.044
385.242
385.44
385.638
385.836
386.034
386.232
386.43
386.63
386.958
387.286
387.614
387.942
388.27
388.598
388.926
389.254
389.582
389.91
390.238
390.566
390.894
391.22
391.622
392.024
392.426
392.828
393.23
393.632
394.034
394.436
394.84
395.191
395.542
395.893
396.244
396.595
396.946
397.297
397.65
397.91
398.17
398.43
398.69
398.95
399.21
399.47
399.73
400.547
401.364
402.181
402.998
403.815
404.632
405.449
406.266
407.083
407.9
408.72
409.083
409.446
409.809
410.17
410.554
410.938
411.322
411.706
412.09
412.474
412.858
413.242
413.626
414.01
414.394
414.778
415.162
415.55
415.853
416.156
416.459
416.762
417.065
417.368
417.671
417.974
418.277
418.58
418.947
419.314
419.681
420.048
420.415
420.782
421.149
421.516
421.883
422.25
422.62
423.045
423.47
423.895
424.32
424.718
425.116
425.514
425.912
426.31
426.71
426.996
427.282
427.568
427.854
428.14
428.426
428.712
428.998
429.28
429.469
429.658
429.847
430.036
430.225
430.414
430.603
430.792
430.981
431.17
433.385
435.6
437.815
440.03
440.46
440.89
441.32
441.75
442.18
442.61
443.04
443.47
443.9
444.33
444.76
445.19
445.392
445.594
445.796
445.998
446.2
446.402
446.604
446.806
447.008
447.21
447.412
447.614
447.82
448.035
448.25
448.465
448.68
448.895
449.11
449.325
449.54
449.755
449.97
450.185
450.4
450.61
450.955
451.3
451.645
451.99
452.335
452.68
453.025
453.37
453.97
454.743
455.516
456.289
457.062
457.835
458.608
459.381
460.154
460.927
461.7
462.473
463.246
464.02
464.435
464.85
465.265
465.68
466.095
466.51
466.925
467.34
467.755
468.17
468.563
468.956
469.349
469.742
470.135
470.528
470.921
471.314
471.707
471.94
472.173
472.406
472.639
472.872
473.105
473.338
473.571
473.804
474.04
474.449
474.858
475.267
475.676
476.085
476.494
476.903
477.312
477.721
478.13
478.341
478.552
478.763
478.974
479.185
479.396
479.607
479.82
480.475
481.13
481.785
482.44
483.095
483.75
484.405
485.06
485.715
486.37
487.025
487.68
488.263
488.846
489.43
490.36
490.847
491.334
491.821
492.308
492.795
493.284
493.95
494.372
494.794
495.216
495.638
496.06
496.36
496.66
496.96
497.26
497.56
497.86
498.171
498.482
498.793
499.104
499.415
499.726
500.037
500.348
500.66
501.077
501.495
501.913
502.33
502.548
502.765
502.982
503.2
503.418
503.635
503.852
504.07
507.129
510.188
513.247
516.306
519.365
522.424
525.483
528.542
531.601
534.66
535.197
535.734
536.271
536.808
537.345
537.882
538.419
538.956
539.493
540.03
540.567
541.104
541.641
542.18
543.51
544.84
546.17
547.5
548.83
550.16
551.49
552.109
552.728
553.347
553.966
554.585
555.204
555.82
556.333
556.846
557.36
557.564
557.768
557.972
558.176
558.38
558.584
558.791
558.957
559.123
559.29
559.54
559.79
560.04
560.29
560.54
560.79
561.04
561.29
561.54
562.485
563.43
564.375
565.321
565.82
566.083
566.346
566.609
566.872
567.135
567.398
567.661
568.955
570.249
571.543
572.837
574.131
575.425
576.719
578.011
579.5
580.05
580.6
581.38
582.16
582.46
582.76
583.06
583.36
583.66
583.96
584.26
584.56
584.86
585.16
585.46
585.76
586.06
586.475
586.89
587.305
587.72
588.147
588.574
589.001
589.428
589.855
590.282
590.709
591.136
591.563
591.99
592.417
592.844
593.27
593.454
593.638
593.822
594.006
594.178
594.35
594.522
594.694
594.866
595.038
595.21
595.38
595.638
595.896
596.154
596.412
596.67
596.928
597.186
597.44
598.014
598.588
599.162
599.736
600.31
600.584
600.858
601.132
601.406
601.68
601.954
602.228
602.502
602.776
603.05
603.262
603.474
603.686
603.898
604.11
604.322
604.534
604.746
604.96
605.202
605.444
605.686
605.928
606.17
606.41
606.613
606.816
607.019
607.222
607.425
607.628
607.831
608.034
608.24
608.577
608.914
609.251
609.588
609.925
610.262
610.599
610.937
611.274
611.611
611.948
612.29
612.646
613.002
613.358
613.714
614.07
614.426
614.782
615.138
615.494
615.85
616.302
616.754
617.206
617.658
618.11
622.484
622.686
622.888
623.09
623.292
623.494
623.696
623.9
624.118
624.336
624.554
624.772
624.99
625.208
625.426
625.644
625.86
626.043
626.226
626.409
626.592
626.775
626.958
627.141
627.324
627.507
627.693
628.103
628.513
628.923
629.333
629.743
630.153
630.563
630.973
631.383
631.793
632.2
633.475
634.75
636.025
637.3
637.565
637.83
638.095
638.36
638.625
638.89
639.155
639.42
639.685
639.95
640.21
640.535
640.86
641.185
641.51
641.835
642.16
642.378
642.596
642.814
643.032
643.25
643.468
643.686
643.904
644.122
644.34
644.556
644.752
644.948
645.144
645.34
645.536
645.732
645.93
646.18
646.43
646.68
646.93
647.18
647.43
647.68
647.93
648.18
648.425
648.67
648.915
649.16
649.405
649.65
649.895
650.14
650.385
650.63
650.875
651.12
651.365
651.61
651.798
651.986
652.174
652.362
652.55
652.738
652.926
653.114
653.3
653.624
653.948
654.272
654.596
654.92
655.258
655.596
655.934
656.272
656.61
656.948
657.286
657.624
657.96
658.451
658.942
659.433
659.924
660.415
660.906
661.397
661.888
662.379
662.87
663.361
663.852
664.347
664.527
664.707
664.888
665.069
665.249
665.43
666.183
666.936
667.689
668.44
670.156
671.122
672.09
673.56
674.017
674.474
674.807
675.14
676.204
677.268
678.331
681.34
684.09
684.514
684.938
685.362
685.786
686.21
686.634
687.058
687.482
687.91
688.35
688.79
689.23
689.67
690.11
690.55
690.99
691.43
691.653
691.876
692.099
692.322
692.545
692.768
692.991
693.214
693.437
693.66
694.066
694.472
694.878
695.284
695.69
695.916
696.142
696.368
696.594
696.82
697.046
697.272
697.498
697.724
697.95
698.257
698.564
698.871
699.178
699.485
699.79
700.105
700.42
700.735
701.05
701.365
701.68
701.995
702.31
702.625
702.94
703.25
703.776
704.302
704.828
705.354
705.88
706.406
706.932
707.458
707.984
708.51
708.902
709.294
709.686
710.078
710.47
710.855
711.24
711.625
712.01
712.395
712.78
713.165
713.55
713.935
714.32
714.7
715.133
715.566
715.999
716.432
716.865
717.298
717.731
718.16
718.835
719.51
720.185
720.86
721.535
722.21
722.885
723.56
724.235
724.91
725.59
725.914
726.238
726.562
726.886
727.21
727.534
727.858
728.18
728.457
728.734
729.011
729.288
729.565
729.842
730.12
730.831
731.542
732.253
732.964
733.675
734.386
735.1
735.405
735.71
736.015
736.32
736.625
736.93
737.235
737.54
737.82
738.1
738.38
738.66
738.94
739.22
739.592
739.965
740.338
740.71
740.963
741.216
741.469
741.722
741.975
742.228
742.481
742.734
742.99
743.372
743.755
744.138
744.52
744.918
745.316
745.714
746.112
746.51
746.908
747.306
747.704
748.102
748.5
748.715
748.93
749.145
749.36
749.575
749.79
750.005
750.22
750.435
750.65
750.865
751.08
751.295
751.51
751.725
751.94
752.155
752.365
752.909
753.453
753.997
754.54
755.001
755.462
755.923
756.384
756.845
757.306
757.767
758.228
758.69
759.73
760.77
761.81
762.85
763.89
764.93
765.97
766.422
766.874
767.326
767.778
768.23
768.682
769.134
769.586
770.038
770.49
770.94
771.268
771.596
771.924
772.252
772.58
772.908
773.236
773.564
773.89
774.187
774.484
774.781
775.078
775.375
775.672
775.969
776.266
776.563
776.862
777.024
777.186
777.348
777.51
777.672
777.834
777.996
778.158
778.32
779.132
779.944
780.756
781.568
782.38
782.705
783.03
783.355
783.68
784.005
784.33
784.655
784.98
785.305
785.63
785.96
786.27
786.58
786.89
787.2
787.486
787.772
788.058
788.344
788.63
788.916
789.202
789.488
789.774
790.06
790.404
790.748
791.092
791.436
791.78
792.124
792.47
793.105
793.74
794.375
795.01
795.645
796.28
796.915
797.55
798.185
798.82
799.46
799.801
800.142
800.483
800.824
801.165
801.506
801.847
802.188
802.529
802.87
803.211
803.55
803.78
804.01
804.24
804.47
804.7
804.93
805.16
805.39
805.62
805.85
806.08
806.31
806.54
806.873
807.206
807.539
807.872
808.205
808.538
808.871
809.204
809.537
809.87
810.203
810.54
810.774
811.008
811.242
811.476
811.71
811.944
812.18
812.4
812.62
812.84
813.06
813.28
813.5
813.72
813.94
814.16
814.38
814.666
814.952
815.238
815.524
815.81
816.096
816.382
816.67
817.102
817.534
817.966
818.398
818.83
819.262
819.694
820.126
820.558
820.99
821.288
821.586
821.884
822.182
822.48
822.778
823.076
823.374
823.672
823.97
824.268
824.56
824.834
825.108
825.382
825.656
825.93
826.204
826.478
826.752
827.03
827.316
827.602
827.888
828.174
828.46
828.746
829.032
829.318
829.604
829.887
830.022
830.157
830.292
830.427
830.562
830.697
830.832
830.97
831.206
831.442
831.678
831.914
832.15
832.386
832.613
832.84
833.067
833.294
833.521
833.748
833.975
834.202
834.43
834.803
835.176
835.549
835.922
836.295
836.668
837.04
837.409
837.778
838.147
838.516
838.885
839.254
839.623
839.992
840.361
840.73
841.099
841.467
841.671
841.875
842.079
842.283
842.487
842.691
842.895
843.099
843.3
843.902
844.504
845.106
845.708
846.31
846.69
847.07
847.45
847.83
848.21
848.59
848.97
849.35
849.73
850.11
850.49
851.24
851.99
852.74
853.49
854.24
854.468
854.696
854.924
855.152
855.38
855.608
855.836
856.064
856.292
856.52
856.748
856.976
857.2
857.39
857.58
857.77
857.96
858.15
858.34
858.53
858.72
858.91
859.242
859.574
859.906
860.238
860.57
860.902
861.234
861.566
861.898
862.23
862.607
862.984
863.361
863.738
864.115
864.49
864.696
864.902
865.108
865.314
865.52
865.726
865.932
866.14
866.846
867.553
868.26
868.966
869.673
870.379
870.57
870.761
870.952
871.143
871.334
871.525
871.716
871.907
872.098
872.289
872.48
872.67
872.899
873.128
873.357
873.586
873.815
874.045
874.477
874.909
875.341
875.774
876.207
876.64
877.071
877.502
877.933
878.364
878.795
879.226
879.657
880.088
880.52
881.035
881.55
882.065
882.58
883.095
883.61
883.812
884.014
884.216
884.418
884.62
884.822
885.024
885.226
885.428
885.63
885.984
886.338
886.692
887.046
887.4
887.754
888.108
888.462
888.82
889.214
889.608
890.002
890.396
890.79
891.184
891.578
891.972
892.366
892.76
893.188
893.616
894.044
894.472
894.9
895.33
895.921
896.512
897.103
897.694
898.285
898.876
899.47
899.887
900.304
900.721
901.138
901.555
901.97
902.205
902.44
902.675
902.91
903.145
903.38
903.615
903.84
904.065
904.29
904.515
904.74
904.965
905.19
905.415
905.64
905.967
906.294
906.621
906.949
907.164
907.379
907.594
907.809
908.024
908.24
908.423
908.606
908.789
908.972
909.156
909.557
909.958
910.359
910.76
911.161
911.56
913.115
914.67
916.225
917.78
919.335
920.89
922.445
924.0
925.409
926.817
928.226
929.635
931.043
932.452
933.861
935.269
936.678
938.085
939.952
941.819
943.686
945.553
947.42
949.287
951.154
953.021
954.888
956.755
958.618
958.806
958.994
959.182
959.37
959.558
959.746
959.934
960.122
960.31
960.498
960.69
961.159
961.629
962.099
962.569
963.038
963.507
964.107
964.707
965.307
965.907
966.507
967.107
967.707
968.307
968.91
969.52
975.134
980.748
986.362
991.976
997.59
997.929
998.268
998.607
998.946
999.285
999.624
999.963
1000.302
1000.641
1000.98
1001.344
1001.708
1002.072
1002.436
1002.8
1003.164
1003.528
1003.89
1004.317
1004.745
1005.173
1005.601
1006.029
1006.457
1006.885
1007.31
1007.808
1008.306
1008.804
1009.302
1009.8
1010.298
1010.796
1011.294
1011.79
1012.041
1012.292
1012.543
1012.794
1013.045
1013.296
1013.547
1013.798
1014.049
1014.3
1014.551
1014.802
1015.05
1015.388
1015.726
1016.064
1016.402
1016.74
1017.078
1017.416
1017.754
1018.092
1018.43
1018.768
1019.106
1019.44
1019.782
1020.124
1020.466
1020.808
1021.15
1021.49
1021.832
1022.174
1022.516
1022.858
1023.2
1023.542
1023.884
1024.226
1024.569
1024.864
1025.159
1025.454
1025.749
1026.044
1026.337
1026.577
1026.816
1027.055
1027.295
1027.562
1027.829
1028.096
1028.363
1028.63
1028.898
1029.165
1029.432
1029.699
1029.966
1030.233
1030.5
1030.767
1031.04
1031.41
1031.78
1032.15
1032.52
1032.89
1033.26
1033.63
1034.0
1034.37
1034.74
1035.11
1035.48
1035.849
1036.109
1036.369
1036.629
1036.889
1037.149
1037.409
1037.669
1037.929
1038.19
1038.619
1039.048
1039.477
1039.906
1040.335
1040.764
1041.193
1041.622
1042.05
1042.43
1042.81
1043.143
1043.476
1043.809
1044.142
1044.475
1044.808
1045.141
1045.474
1045.807
1046.14
1046.473
1046.806
1047.139
1047.47
1047.88
1048.29
1048.7
1049.058
1049.416
1049.774
1050.132
1050.49
1050.848
1051.206
1051.564
1051.922
1052.28
1052.64
1052.835
1053.03
1053.225
1053.42
1053.615
1053.81
1054.005
1054.2
1054.395
1054.59
1054.78
1055.251
1055.722
1056.193
1056.664
1057.135
1057.606
1058.077
1058.548
1059.019
1059.49
1059.903
1060.316
1060.729
1061.142
1061.555
1061.968
1062.381
1062.794
1063.207
1063.624
1063.821
1064.018
1064.215
1064.412
1064.609
1064.806
1065.003
1065.2
1065.397
1065.594
1065.79
1066.472
1067.154
1067.836
1068.518
1069.2
1069.882
1070.564
1071.246
1071.928
1072.61
1073.165
1073.72
1074.275
1074.83
1075.25
1075.67
1076.09
1076.51
1076.93
1077.35
1077.778
1078.206
1078.634
1079.062
1079.49
1079.92
1081.423
1082.926
1084.429
1085.932
1087.435
1088.938
1090.441
1091.944
1092.161
1092.378
1092.595
1092.812
1093.029
1093.246
1093.463
1093.68
1093.897
1094.11
1094.513
1094.916
1095.319
1095.722
1096.125
1096.53
1096.744
1096.958
1097.172
1097.386
1097.6
1098.126
1098.652
1099.178
1099.704
1100.23
1100.756
1101.28
1102.112
1102.944
1103.776
1104.608
1105.44
1106.685
1107.93
1109.175
1110.42
1111.665
1112.91
1114.155
1115.4
1116.641
1116.855
1117.069
1117.283
1117.497
1117.711
1117.925
1118.14
1118.45
1118.76
1119.07
1119.38
1119.689
1119.998
1120.307
1120.616
1120.925
1121.234
1121.543
1121.852
1122.161
1122.47
1122.78
1123.505
1124.23
1124.599
1124.968
1125.337
1125.706
1126.075
1126.444
1126.813
1127.182
1127.55
1127.802
1128.054
1128.306
1128.558
1128.81
1129.062
1129.314
1129.566
1129.818
1130.07
1130.322
1130.574
1130.82
1131.157
1131.494
1131.831
1132.168
1132.505
1132.842
1133.085
1133.328
1133.571
1133.814
1134.057
1134.3
1134.934
1135.568
1136.202
1136.836
1137.47
1138.104
1138.74
1139.662
1140.584
1141.506
1142.428
1143.351
1144.274
1145.196
1146.12
1146.425
1146.73
1147.035
1147.34
1147.645
1147.95
1148.255
1148.56
1148.865
1149.184
1149.503
1149.822
1150.141
1150.46
1152.607
1154.754
1156.901
1159.048
1161.195
1163.34
1165.053
1166.766
1168.48
1168.878
1169.275
1169.673
1170.071
1170.468
1170.866
1171.264
1171.661
1172.059
1172.457
1172.855
1173.25
1174.845
1176.44
1178.035
1179.63
1181.225
1182.82
1184.415
1184.655
1184.896
1185.137
1185.378
1185.619
1185.86
1186.101
1186.341
1186.581
1186.82
1187.214
1187.608
1188.002
1188.396
1188.79
1189.184
1189.578
1189.972
1190.366
1190.76
1191.196
1191.632
1192.068
1192.504
1192.94
1193.376
1193.812
1194.248
1194.684
1194.897
1195.11
1195.323
1195.536
1195.749
1195.962
1196.175
1196.388
1196.6
1196.988
1197.376
1197.764
1198.152
1198.539
1198.763
1198.987
1199.211
1199.435
1199.659
1199.883
1200.107
1200.33
1200.759
1201.188
1201.617
1202.046
1202.475
1202.904
1203.333
1203.762
1204.191
1204.62
1204.861
1205.102
1205.343
1205.584
1205.825
1206.066
1206.307
1206.548
1206.79
1207.351
1207.912
1208.473
1209.034
1209.595
1210.156
1210.714
1210.956
1211.198
1211.44
1211.682
1211.924
1212.166
1212.408
1212.65
1212.892
1213.13
1213.63
1213.892
1214.154
1214.416
1214.678
1214.94
1215.202
1215.464
1215.726
1215.988
1216.25
1216.512
1216.774
1217.04
1217.885
1218.73
1219.575
1220.42
1220.62
1220.82
1221.02
1221.22
1221.42
1221.62
1221.82
1222.02
1222.381
1222.742
1223.103
1223.464
1223.825
1224.186
1224.55
1225.285
1226.02
1226.755
1227.49
1228.225
1228.96
1229.695
1230.43
1231.78
1233.13
1234.48
1235.83
1237.18
1238.53
1239.169
1239.808
1240.447
1241.086
1241.725
1242.366
1242.574
1242.782
1242.99
1243.198
1243.406
1243.614
1243.822
1244.03
1244.24
1244.502
1244.764
1245.025
1245.287
1245.549
1245.809
1246.036
1246.263
1246.49
1246.717
1246.944
1247.171
1247.398
1247.625
1247.85
1248.536
1249.222
1249.908
1250.594
1251.28
1251.966
1252.652
1253.338
1254.02
1254.323
1254.626
1254.929
1255.232
1255.535
1255.838
1256.141
1256.444
1256.75
1257.122
1257.494
1257.866
1258.238
1258.61
1258.982
1259.354
1259.726
1260.098
1260.47
1260.842
1261.21
1261.447
1261.684
1261.921
1262.158
1262.395
1262.632
1262.869
1263.106
1263.343
1263.58
1263.82
1264.05
1264.28
1264.51
1264.74
1264.97
1265.2
1265.43
1265.66
1265.89
1266.12
1266.597
1267.074
1267.551
1268.028
1268.505
1268.982
1269.459
1269.936
1270.413
1270.89
1271.112
1271.334
1271.556
1271.778
1272.0
1272.22
1272.85
1273.48
1274.11
1274.74
1275.069
1275.398
1275.727
1276.056
1276.385
1276.714
1277.043
1277.372
1277.701
1278.03
1278.359
1278.688
1279.022
1280.009
1280.996
1281.983
1282.97
1283.956
1284.46
1284.964
1285.468
1285.972
1286.476
1286.98
1287.459
1287.938
1288.417
1288.896
1289.375
1289.854
1290.33
1290.683
1291.036
1291.389
1291.742
1292.095
1292.448
1292.8
1293.216
1293.632
1294.048
1294.464
1294.88
1295.296
1295.71
1296.062
1296.414
1296.766
1297.118
1297.47
1297.82
1298.145
1298.47
1298.795
1299.12
1299.445
1299.77
1300.095
1300.42
1300.745
1301.07
1301.397
1301.724
1302.051
1302.378
1302.705
1303.032
1303.359
1303.686
1304.013
1304.34
1304.667
1304.99
1305.622
1306.255
1306.888
1307.52
1308.152
1308.784
1309.417
1310.05
1310.982
1311.914
1312.846
1313.778
1314.71
1315.735
1316.76
1317.785
1318.81
1319.835
1320.86
1321.223
1321.586
1321.949
1322.312
1322.675
1323.04
1323.342
1323.644
1323.946
1324.248
1324.55
1325.039
1325.528
1326.017
1326.506
1326.995
1327.484
1327.973
1328.46
1329.025
1334.22
1335.66
1336.367
1337.074
1337.781
1338.488
1339.195
1339.902
1340.609
1341.316
1342.023
1342.73
1343.44
1344.697
1345.954
1347.211
1348.468
1349.725
1350.98
1357.39
1358.507
1358.688
1358.869
1359.049
1359.229
1359.409
1359.59
1360.04
1360.49
1360.94
1361.39
1361.84
1362.288
1363.24
1363.523
1363.806
1364.089
1364.372
1364.655
1364.938
1365.221
1365.504
1365.79
1365.973
1366.156
1366.339
1366.522
1366.705
1366.888
1367.071
1367.254
1367.437
1367.623
1368.71
1369.313
1369.916
1370.519
1371.122
1371.725
1372.328
1372.931
1373.534
1374.137
1374.74
1375.343
1375.946
1376.549
1377.15
1377.503
1377.856
1378.209
1378.562
1378.915
1379.268
1379.621
1379.974
1380.327
1380.68
1381.033
1381.39
1381.611
1381.832
1382.053
1382.274
1382.495
1382.716
1382.937
1383.158
1383.379
1383.6
1383.82
1384.111
1384.402
1384.693
1384.984
1385.275
1385.566
1385.857
1386.148
1386.44
1386.658
1386.876
1387.094
1387.312
1387.53
1387.748
1387.966
1388.184
1388.402
1388.62
1388.912
1389.205
1389.497
1389.79
1390.082
1390.375
1390.668
1390.96
1391.467
1391.974
1392.481
1392.988
1393.495
1394.002
1394.509
1395.014
1395.773
1396.532
1397.291
1398.05
1398.81
1400.103
1401.396
1402.69
1403.033
1403.376
1403.719
1404.062
1404.405
1404.748
1405.091
1405.434
1405.777
1406.12
1406.463
1406.806
1407.149
1407.492
1407.83
1408.124
1408.418
1408.712
1409.006
1409.3
1409.594
1409.888
1410.182
1410.476
1410.77
1411.064
1411.358
1411.652
1411.95
1412.319
1412.688
1413.057
1413.426
1413.795
1414.164
1414.533
1414.902
1415.271
1415.64
1416.01
1416.268
1416.526
1416.784
1417.042
1417.3
1417.56
1418.434
1419.308
1420.182
1421.056
1421.93
1422.804
1423.678
1424.55
1425.307
1426.064
1426.82
1427.175
1427.53
1427.885
1428.24
1428.595
1428.948
1430.31
1430.688
1431.066
1431.444
1431.822
1432.2
1432.58
1432.802
1433.024
1433.246
1433.468
1433.69
1433.91
1434.783
1436.812
1438.841
1440.87
1442.899
1444.926
1445.819
1445.959
1446.099
1446.239
1446.379
1446.519
1446.659
1446.799
1446.939
1447.079
1447.219
1447.36
1447.525
1447.69
1447.855
1448.02
1448.185
1448.35
1448.515
1448.68
1448.903
1449.126
1449.349
1449.572
1449.795
1450.018
1450.24
1450.654
1451.068
1451.482
1451.896
1452.31
1452.724
1453.138
1453.552
1453.97
1454.281
1454.592
1454.903
1455.214
1455.525
1455.836
1456.147
1456.458
1456.769
1457.08
1457.391
1457.7
1457.927
1458.154
1458.38
1458.588
1458.796
1459.004
1459.212
1459.42
1459.628
1459.836
1460.044
1460.252
1460.463
1460.708
1460.953
1461.198
1461.443
1461.688
1461.933
1462.178
1462.423
1462.668
1462.91
1463.252
1463.594
1463.936
1464.278
1464.62
1464.962
1465.304
1465.646
1465.988
1466.33
1466.672
1467.014
1467.35
1467.566
1467.782
1467.998
1468.214
1468.43
1468.646
1468.862
1469.078
1469.29
1469.553
1469.816
1470.079
1470.342
1470.605
1470.868
1471.13
1471.458
1471.786
1472.114
1472.442
1472.77
1473.098
1473.426
1473.754
1474.08
1474.306
1474.532
1474.758
1474.984
1475.21
1475.436
1475.662
1475.888
1476.114
1476.34
1476.887
1477.434
1477.981
1478.528
1479.075
1479.622
1480.169
1480.716
1481.263
1481.81
1482.357
1482.9
1483.132
1483.364
1483.596
1483.828
1484.06
1484.347
1484.634
1484.921
1485.208
1485.495
1485.782
1486.069
1486.36
1486.642
1486.924
1487.206
1487.488
1487.77
1488.052
1488.334
1488.616
1488.898
1489.18
1489.462
1489.74
1489.982
1490.224
1490.466
1490.708
1490.95
1491.182
1491.414
1491.646
1491.878
1492.11
1492.342
1492.574
1492.806
1493.038
1493.27
1494.579
1495.888
1497.197
1498.506
1499.815
1501.124
1502.433
1503.742
1505.05
1505.666
1506.282
1506.898
1507.514
1508.13
1508.746
1509.36
1509.668
1509.976
1510.284
1510.592
1510.9
1511.208
1511.516
1511.824
1512.13
1512.415
1512.7
1512.985
1513.27
1513.555
1513.84
1515.395
1516.95
1518.505
1520.06
1521.615
1523.17
1524.724
1525.015
1525.307
1525.599
1525.89
1526.066
1526.242
1526.418
1526.594
1526.77
1527.117
1527.464
1527.811
1528.158
1528.505
1528.85
1529.277
1529.704
1530.131
1530.558
1530.985
1531.412
1531.842
1532.026
1532.21
1532.394
1532.578
1532.762
1532.946
1533.13
1533.314
1533.498
1533.682
1533.866
1534.05
1534.347
1534.644
1534.941
1535.238
1535.535
1535.83
1536.476
1537.122
1537.768
1538.414
1539.06
1539.706
1540.352
1540.998
1541.64
1541.874
1542.108
1542.342
1542.575
1545.91
1546.85
1547.79
1548.48
1548.98
1549.328
1549.676
1550.024
1550.371
1550.719
1551.067
1551.415
1551.76
1552.03
1552.3
1552.57
1552.84
1553.11
1553.38
1553.65
1553.92
1554.19
1554.46
1554.73
1555.0
1555.336
1555.672
1556.008
1556.344
1556.68
1557.016
1557.352
1557.688
1558.024
1558.36
1558.7
1559.61
1560.52
1561.43
1562.34
1563.25
1564.16
1565.07
1565.98
1566.194
1566.408
1566.622
1566.836
1567.05
1567.264
1567.48
1567.808
1568.136
1568.464
1568.792
1569.12
1569.456
1569.792
1570.128
1570.464
1570.8
1571.136
1571.472
1571.808
1572.144
1572.48
1572.83
1573.18
1573.53
1573.88
1574.23
1574.58
1574.93
1575.185
1575.44
1575.695
1575.95
1576.205
1576.46
1576.715
1576.97
1577.225
1577.48
1577.735
1577.99
1578.54
1579.09
1579.64
1582.315
1584.99
1585.374
1585.758
1586.142
1586.526
1586.91
1587.294
1587.678
1588.062
1588.446
1588.83
1589.139
1589.448
1589.757
1590.066
1590.375
1590.868
1591.361
1591.854
1592.347
1592.84
1593.332
1593.825
1594.318
1594.811
1595.3
1595.536
1595.772
1596.008
1596.244
1596.48
1596.716
1596.952
1597.19
1597.41
1597.63
1597.85
1598.07
1598.313
1598.556
1598.799
1599.042
1599.285
1599.528
1599.898
1600.268
1600.638
1601.008
1601.378
1601.748
1602.118
1602.488
1602.86
1603.263
1603.666
1604.069
1604.472
1604.875
1605.28
1605.533
1605.786
1606.039
1606.292
1606.545
1606.798
1607.054
1607.296
1607.538
1607.78
1608.022
1608.264
1608.506
1608.748
1608.99
1609.232
1609.47
1609.902
1610.334
1610.766
1611.198
1611.63
1612.076
1612.522
1612.968
1613.414
1613.86
1614.047
1614.235
1614.422
1614.61
1614.797
1614.985
1615.172
1615.36
1615.759
1616.158
1616.557
1616.956
1617.355
1617.754
1618.153
1618.55
1618.79
1619.03
1619.27
1619.51
1619.75
1619.99
1620.23
1620.47
1620.71
1621.638
1622.566
1623.494
1624.422
1625.35
1625.573
1625.796
1626.019
1626.242
1626.465
1626.69
1626.98
1627.27
1627.56
1627.85
1628.14
1628.43
1628.72
1629.01
1630.087
1631.164
1632.24
1632.687
1633.134
1633.581
1634.028
1634.475
1634.92
1635.119
1635.318
1635.517
1635.716
1635.915
1636.114
1636.313
1636.512
1636.712
1636.916
1637.12
1637.324
1637.528
1637.732
1637.936
1638.14
1638.344
1638.544
1638.855
1639.166
1639.477
1639.788
1640.099
1640.41
1640.72
1640.986
1641.252
1641.518
1641.784
1642.05
1642.316
1642.582
1642.848
1643.11
1643.39
1643.67
1643.95
1644.23
1644.51
1644.79
1645.07
1645.35
1645.63
1645.91
1646.19
1646.75
1647.31
1647.87
1648.47
1649.07
1649.67
1650.27
1650.87
1651.24
1651.61
1651.98
1652.35
1652.72
1653.09
1654.35
1654.942
1655.534
1656.126
1656.718
1657.31
1657.902
1658.494
1659.086
1659.68
1660.036
1660.392
1660.748
1661.104
1661.46
1661.816
1662.172
1662.528
1662.884
1663.24
1663.597
1663.954
1664.311
1664.668
1665.025
1665.382
1665.74
1666.096
1666.452
1666.808
1667.164
1667.52
1667.876
1668.232
1668.588
1668.94
1669.218
1669.496
1669.774
1670.052
1670.33
1670.608
1670.886
1671.164
1671.442
1671.72
1671.998
1672.28
1672.518
1672.756
1672.994
1673.232
1673.47
1673.708
1673.946
1674.184
1674.422
1674.66
1674.9
1675.073
1675.246
1675.419
1675.592
1675.765
1675.938
1676.111
1676.284
1676.457
1676.63
1676.951
1677.272
1677.593
1677.914
1678.235
1678.556
1678.88
1679.195
1679.51
1679.825
1680.14
1680.454
1680.646
1680.838
1681.03
1681.222
1681.414
1681.606
1681.798
1681.99
1682.182
1682.37
1682.573
1682.776
1682.979
1683.182
1683.385
1683.588
1683.791
1683.994
1684.2
1684.452
1684.704
1684.956
1685.208
1685.46
1685.71
1685.96
1686.21
1686.46
1686.71
1686.96
1687.21
1687.46
1687.71
1687.96
1688.21
1688.473
1688.736
1688.999
1689.262
1689.525
1689.79
1690.323
1690.856
1691.389
1691.922
1692.455
1692.988
1693.521
1694.054
1694.59
1697.45
1697.974
1698.498
1699.022
1699.546
1700.07
1700.594
1701.118
1701.642
1702.166
1702.69
1703.214
1703.734
1703.972
1704.21
1704.448
1704.686
1704.924
1705.162
1705.4
1705.73
1706.06
1706.39
1706.72
1707.05
1707.38
1707.71
1708.259
1708.808
1709.357
1709.906
1710.455
1711.004
1711.553
1712.102
1712.65
1712.878
1713.106
1713.334
1713.562
1713.79
1714.018
1714.246
1714.474
1714.702
1714.93
1715.178
1715.426
1715.674
1715.922
1716.17
1716.418
1716.666
1716.914
1717.162
1717.41
1717.66
1717.866
1718.072
1718.278
1718.484
1718.69
1718.896
1719.102
1719.308
1719.517
1719.743
1719.969
1720.195
1720.421
1720.647
1720.873
1721.1
1721.345
1721.59
1721.835
1722.08
1722.325
1722.57
1722.815
1723.06
1724.787
1726.514
1728.24
1728.88
1729.52
1730.16
1730.8
1731.44
1732.08
1732.72
1733.36
1734.0
1734.64
1735.28
1735.655
1736.03
1736.405
1736.78
1737.157
1737.393
1737.629
1737.865
1738.101
1738.337
1738.573
1739.095
1739.617
1740.139
1740.661
1741.183
1741.705
1742.227
1742.75
1743.024
1743.298
1743.572
1743.846
1744.12
1744.418
1744.716
1745.014
1745.312
1745.61
1745.908
1746.206
1746.504
1746.8
1747.477
1748.155
1748.832
1749.51
1749.872
1750.234
1750.596
1750.958
1751.32
1751.682
1752.044
1752.406
1752.768
1753.132
1753.635
1754.138
1754.641
1755.144
1755.649
1755.848
1756.047
1756.246
1756.445
1756.644
1756.843
1757.042
1757.241
1757.44
1757.763
1758.086
1758.409
1758.732
1759.055
1759.378
1759.701
1760.024
1760.347
1760.67
1760.939
1761.208
1761.477
1761.746
1762.015
1762.284
1762.553
1762.822
1763.091
1763.36
1763.796
1764.232
1764.668
1765.104
1765.54
1765.976
1766.412
1766.85
1768.18
1769.51
1770.84
1772.17
1773.5
1774.83
1776.16
1777.49
1778.82
1780.15
1781.343
1782.535
1783.727
1784.919
1786.111
1787.303
1788.495
1789.688
1790.881
1792.073
1793.265
1794.46
1794.983
1795.505
1796.028
1796.551
1797.073
1797.596
1798.119
1798.641
1799.164
1799.687
1800.209
1800.73
1801.271
1801.812
1802.353
1802.894
1803.435
1803.976
1804.517
1805.058
1805.599
1806.14
1806.68
1807.063
1807.446
1807.829
1808.212
1808.595
1808.978
1809.361
1809.744
1810.13
1810.44
1810.75
1811.06
1811.37
1811.68
1811.99
1812.3
1812.61
1812.92
1813.168
1813.416
1813.664
1813.912
1814.16
1814.409
1814.636
1814.863
1815.09
1815.317
1815.544
1815.771
1815.998
1816.225
1816.45
1816.849
1817.248
1817.647
1818.046
1818.445
1818.844
1819.243
1819.642
1820.04
1820.286
1820.532
1820.778
1821.024
1821.27
1821.516
1821.762
1822.008
1822.255
1822.798
1823.341
1823.884
1824.427
1824.97
1825.513
1826.056
1826.6
1826.977
1827.354
1827.731
1828.108
1828.485
1828.862
1829.239
1829.616
1829.99
1830.316
1830.642
1830.968
1831.294
1831.62
1831.82
1832.02
1832.22
1832.42
1832.62
1833.059
1833.498
1833.937
1834.376
1834.815
1835.254
1835.693
1836.132
1836.57
1837.235
1837.9
1838.565
1839.23
1840.66
1843.22
1843.494
1843.768
1844.042
1844.316
1844.59
1844.864
1845.14
1845.609
1846.078
1846.547
1847.016
1847.485
1847.954
1848.423
1848.892
1849.361
1849.83
1850.364
1850.899
1851.433
1851.968
1853.924
1854.277
1854.63
1854.984
1855.337
1855.69
1856.045
1856.342
1856.639
1856.936
1857.233
1857.53
1857.827
1858.124
1858.42
1858.704
1858.988
1859.272
1859.556
1859.84
1860.124
1860.408
1860.692
1860.976
1861.26
1861.532
1861.804
1862.076
1862.348
1862.62
1862.892
1863.164
1863.436
1863.708
1863.98
1864.252
1864.524
1864.8
1869.965
1875.13
1880.295
1885.46
1887.716
1889.972
1892.228
1894.484
1896.74
1897.58
1898.42
1899.26
1900.1
1900.94
1901.78
1902.62
1903.462
1903.793
1904.124
1904.455
1904.786
1905.117
1905.45
1913.423
1921.396
1929.37
1929.94
1930.118
1930.296
1930.474
1930.652
1930.83
1931.008
1931.186
1931.364
1931.542
1931.72
1931.9
1932.108
1932.316
1932.524
1932.753
1932.982
1933.211
1933.44
1933.957
1934.475
1934.992
1935.51
1935.908
1936.306
1936.704
1937.102
1937.5
1937.898
1938.296
1938.694
1939.092
1939.49
1939.89
1940.236
1940.582
1940.928
1941.274
1941.62
1941.966
1942.312
1942.66
1942.863
1943.066
1943.269
1943.472
1943.675
1943.878
1944.08
1944.534
1944.988
1945.442
1945.896
1946.35
1946.804
1947.258
1947.71
1948.055
1948.4
1948.745
1949.09
1949.435
1949.78
1950.125
1950.47
1950.815
1951.16
1951.505
1951.85
1952.19
1952.507
1952.824
1953.141
1953.458
1953.775
1954.092
1954.41
1954.786
1955.162
1955.538
1955.914
1956.29
1956.666
1957.042
1957.418
1957.79
1957.991
1958.192
1958.393
1958.594
1958.795
1958.996
1959.197
1959.398
1959.599
1959.8
1960.001
1960.2
1960.468
1960.736
1961.004
1961.272
1961.54
1961.808
1962.076
1962.344
1962.61
1962.948
1963.286
1963.624
1963.962
1964.3
1964.598
1964.896
1965.194
1965.492
1965.79
1966.088
1966.386
1966.684
1966.98
1967.596
1968.212
1968.828
1969.565
1970.302
1971.04
1971.267
1971.494
1971.721
1971.948
1972.175
1972.402
1972.629
1972.856
1973.08
1973.413
1973.746
1974.079
1974.412
1974.747
1975.039
1975.331
1975.623
1975.915
1976.205
1976.434
1976.663
1976.892
1977.121
1977.35
1977.579
1977.808
1978.038
1978.282
1978.526
1978.77
1979.014
1979.26
1979.514
1979.768
1980.022
1980.276
1980.53
1980.784
1981.038
1981.292
1981.546
1981.8
1982.101
1982.402
1982.703
1983.004
1983.305
1983.606
1983.907
1984.208
1984.51
1985.175
1985.84
1986.505
1987.17
1987.53
1987.89
1988.25
1988.61
1988.97
1989.33
1989.69
1990.05
1990.41
1990.77
1990.978
1991.186
1991.394
1991.602
1991.81
1992.018
1992.226
1992.434
1992.642
1992.85
1993.058
1993.27
1993.446
1993.622
1993.798
1993.974
1994.15
1994.392
1994.634
1994.876
1995.118
1995.36
1995.602
1995.844
1996.086
1996.328
1996.57
1996.814
1997.058
1997.302
1997.546
1997.79
1998.034
1998.278
1998.52
1998.706
1998.892
1999.078
1999.264
1999.45
1999.636
1999.822
2000.008
2000.194
2000.38
2000.566
2000.75
2001.12
2001.49
2001.86
2002.23
2002.6
2002.97
2003.328
2003.686
2004.044
2004.402
2004.76
2005.118
2005.476
2005.835
2006.016
2006.197
2006.378
2006.559
2006.74
2006.921
2007.102
2007.283
2007.46
2008.012
2008.564
2009.116
2009.668
2010.22
2010.46
2010.7
2010.94
2011.18
2011.42
2011.66
2011.9
2012.14
2012.38
2012.892
2013.404
2013.916
2014.428
2014.94
2015.452
2015.964
2016.476
2016.988
2017.5
2018.012
2018.524
2019.04
2019.268
2019.496
2019.724
2019.952
2020.18
2020.408
2020.636
2020.864
2021.092
2021.32
2021.548
2021.776
2022.01
2022.28
2022.55
2022.82
2023.09
2023.36
2023.63
2023.9
2024.17
2024.797
2025.424
2026.051
2026.678
2027.307
2027.515
2027.723
2027.931
2028.14
2028.893
2029.646
2030.399
2031.152
2031.905
2032.658
2033.411
2034.164
2034.916
2035.252
2035.588
2035.924
2036.26
2036.596
2036.932
2037.268
2037.604
2037.94
2038.578
2039.216
2039.854
2040.492
2041.13
2041.513
2041.896
2042.279
2042.662
2043.044
2044.28
2045.271
2046.145
2046.484
2046.823
2047.162
2047.501
2047.84
2048.179
2048.52
2050.38
2051.078
2051.776
2052.474
2053.172
2053.87
2054.568
2055.266
2055.964
2056.662
2057.36
2058.058
2058.76
2059.469
2060.178
2060.887
2061.596
2062.305
2063.014
2063.723
2064.429
2064.592
2064.755
2064.918
2065.081
2065.244
2065.407
2065.57
2065.733
2065.9
2066.144
2066.388
2066.632
2066.876
2067.12
2067.364
2067.608
2067.852
2068.096
2068.34
2068.584
2068.823
2069.391
2069.959
2070.527
2071.095
2071.663
2072.231
2072.8
2073.022
2073.244
2073.466
2073.688
2073.909
2074.288
2074.667
2075.046
2075.425
2075.804
2076.183
2076.562
2076.941
2077.32
2077.699
2078.078
2078.457
2078.84
2079.219
2079.598
2079.977
2080.356
2080.735
2081.114
2081.493
2081.87
2082.082
2082.294
2082.506
2082.718
2082.93
2083.142
2083.354
2083.57
2083.785
2084.0
2084.215
2084.43
2084.645
2084.86
2085.075
2085.29
2085.505
2085.72
2085.935
2086.207
2086.479
2086.751
2087.023
2087.295
2087.567
2087.839
2088.111
2088.383
2088.655
2088.927
2089.199
2089.352
2089.505
2089.658
2089.811
2089.964
2090.117
2090.27
2090.423
2090.576
2090.73
2091.425
2092.12
2092.815
2093.51
2094.205
2094.9
2095.595
2096.29
2097.543
2098.795
2100.906
2103.017
2105.128
2107.239
2109.35
2109.87
2110.39
2111.001
2111.613
2114.571
2116.295
2118.019
2119.743
2121.467
2123.191
2124.916
2125.182
2125.447
2125.713
2125.979
2126.244
2126.51
2126.776
2127.04
2127.265
2127.49
2127.715
2127.94
2128.165
2128.39
2128.615
2128.84
2129.229
2129.618
2130.007
2130.396
2130.786
2131.02
2131.254
2131.488
2131.722
2131.956
2132.19
2132.424
2132.66
2133.209
2133.758
2134.307
2134.856
2135.405
2135.954
2136.503
2137.05
2137.479
2137.908
2138.337
2138.766
2139.195
2139.624
2140.05
2140.418
2140.786
2141.154
2141.522
2141.89
2142.258
2142.626
2142.994
2143.362
2143.73
2144.098
2144.47
2144.714
2144.958
2145.202
2145.446
2145.69
2145.934
2146.178
2146.422
2146.666
2146.91
2147.154
2147.398
2147.642
2147.882
2148.072
2148.262
2148.452
2148.642
2148.832
2149.022
2149.212
2149.402
2149.59
2150.17
2150.75
2151.33
2151.91
2152.49
2153.119
2153.748
2154.377
2155.006
2155.635
2156.264
2156.891
2157.333
2157.775
2158.217
2158.659
2159.101
2159.543
2159.985
2160.427
2160.867
2161.624
2162.381
2163.138
2163.895
2164.652
2165.409
2166.165
2166.831
2167.072
2167.313
2167.554
2167.795
2168.036
2168.277
2168.518
2168.759
2169.0
2169.279
2169.558
2169.837
2170.116
2170.395
2170.674
2170.953
2171.232
2171.511
2171.79
2172.07
2172.297
2172.524
2172.751
2172.978
2173.205
2173.432
2173.659
2173.886
2174.113
2174.34
2174.567
2174.794
2175.021
2175.25
2175.552
2175.854
2176.156
2176.458
2176.76
2177.062
2177.364
2177.667
2177.865
2178.063
2178.261
2178.459
2178.657
2178.855
2179.053
2179.25
2179.529
2179.808
2180.087
2180.366
2180.645
2180.924
2181.202
2181.486
2181.77
2182.054
2182.338
2182.622
2182.906
2183.19
2183.474
2183.758
2184.042
2184.326
2184.61
2184.953
2185.296
2185.64
2185.939
2186.238
2186.537
2186.836
2187.135
2187.434
2187.733
2188.032
2188.33
2188.617
2188.905
2189.193
2189.481
2189.769
2190.056
2190.343
2190.63
2190.972
2191.314
2191.656
2191.998
2192.34
2192.575
2192.81
2193.045
2193.28
2193.515
2193.75
2193.985
2194.22
2194.617
2195.014
2195.411
2195.808
2196.205
2196.602
2196.999
2197.396
2197.79
2198.177
2198.564
2198.95
2199.336
2199.565
2199.794
2200.023
2200.252
2200.481
2200.71
2200.935
2201.16
2201.385
2201.61
2201.835
2202.06
2202.285
2202.51
2202.735
2202.96
2203.19
2203.411
2203.632
2203.853
2204.074
2204.295
2204.516
2204.74
2204.965
2205.19
2205.415
2205.64
2205.865
2206.09
2206.315
2206.54
2206.765
2206.99
2207.243
2207.496
2207.749
2208.002
2208.255
2208.508
2208.76
2209.123
2209.485
2209.847
2210.209
2210.572
2210.935
2211.297
2211.66
2212.087
2212.514
2212.941
2213.368
2213.795
2214.222
2214.649
2215.076
2215.5
2215.993
2216.486
2216.979
2217.472
2217.965
2218.458
2218.951
2219.444
2219.94
2220.304
2220.668
2221.032
2221.396
2221.76
2222.153
2222.546
2222.939
2223.332
2223.725
2224.118
2224.511
2224.904
2225.297
2225.69
2226.083
2226.48
2231.892
2237.304
2242.716
2248.13
2248.445
2248.76
2249.075
2249.39
2249.705
2250.02
2250.335
2250.65
2250.965
2251.28
2251.595
2251.91
2252.22
2252.418
2252.616
2252.814
2253.012
2253.21
2253.408
2253.606
2253.804
2254.002
2254.2
2254.898
2255.596
2256.294
2256.992
2257.69
2258.043
2258.396
2258.749
2259.102
2259.455
2259.808
2260.161
2260.514
2260.87
2261.195
2261.52
2261.845
2262.17
2262.364
2262.558
2262.752
2262.946
2263.14
2263.334
2263.528
2263.72
2264.191
2264.662
2265.133
2265.604
2266.075
2266.546
2267.017
2267.488
2267.959
2268.43
2268.698
2268.966
2269.234
2269.502
2269.77
2270.038
2270.306
2270.574
2270.842
2271.11
2271.38
2271.524
2271.668
2271.812
2271.956
2272.1
2272.244
2272.388
2272.532
2272.68
2272.909
2273.138
2273.367
2273.596
2273.825
2274.054
2274.283
2274.512
2274.741
2274.971
2275.158
2275.345
2275.532
2275.719
2275.906
2276.093
2276.28
2276.467
2276.65
2276.933
2277.216
2277.499
2277.782
2278.065
2278.35
2278.587
2278.824
2279.061
2279.298
2279.535
2279.772
2280.009
2280.246
2280.483
2280.72
2280.96
2281.201
2281.442
2281.683
2281.924
2282.165
2282.406
2282.65
2282.762
2282.874
2282.986
2283.098
2283.21
2283.322
2283.433
2283.684
2283.935
2284.186
2284.437
2284.688
2284.939
2285.19
2285.416
2285.642
2285.868
2286.094
2286.32
2286.546
2286.773
2287.037
2287.301
2287.565
2287.829
2288.093
2288.355
2288.662
2288.969
2289.276
2289.583
2289.89
2290.197
2290.504
2290.81
2291.127
2291.444
2291.761
2292.078
2292.395
2292.712
2293.029
2293.346
2293.66
2293.935
2294.21
2294.485
2294.76
2295.035
2295.31
2295.585
2295.86
2296.129
2296.398
2296.667
2296.936
2297.205
2297.474
2297.743
2298.01
2298.538
2299.066
2299.594
2300.122
2300.65
2301.178
2301.706
2302.206
2302.485
2302.764
2303.043
2303.322
2303.601
2303.88
2304.158
2304.415
2304.672
2304.929
2305.186
2305.444
2306.11
2306.462
2306.814
2307.166
2307.518
2307.87
2308.222
2308.574
2308.926
2309.278
2309.63
2309.982
2310.334
2310.69
2311.054
2311.418
2311.782
2312.146
2312.51
2312.874
2313.238
2313.6
2314.085
2314.57
2315.055
2315.54
2315.97
2316.4
2316.83
2317.26
2317.69
2318.12
2318.55
2318.98
2319.688
2320.396
2321.104
2321.812
2322.52
2323.23
2323.703
2324.176
2324.649
2325.122
2325.595
2326.068
2326.541
2327.014
2327.487
2327.96
2328.603
2329.246
2329.889
2330.532
2331.175
2331.82
2332.128
2332.436
2332.744
2333.052
2333.36
2333.67
2333.964
2334.258
2334.552
2334.846
2335.14
2335.434
2335.728
2336.022
2336.316
2336.61
2336.904
2337.198
2337.49
2339.149
2340.808
2342.467
2344.126
2345.785
2347.444
2349.1
2349.616
2350.132
2350.648
2351.164
2351.68
2352.196
2352.712
2353.228
2353.74
2354.294
2354.848
2355.402
2355.956
2356.51
2357.064
2357.618
2358.172
2358.73
2359.714
2360.698
2361.682
2362.666
2363.65
2364.634
2365.62
2365.883
2366.146
2366.409
2366.672
2366.935
2367.198
2367.46
2367.73
2368.0
2368.27
2368.54
2368.81
2369.08
2369.35
2369.62
2369.89
2370.16
2370.551
2370.942
2371.333
2371.724
2372.115
2372.506
2372.9
2374.48
2376.128
2377.776
2379.424
2381.072
2382.72
2384.37
2386.034
2387.698
2389.362
2391.026
2392.69
2393.025
2393.36
2393.695
2394.03
2394.365
2394.7
2395.035
2395.37
2395.694
2396.018
2396.342
2396.666
2396.99
2397.314
2397.638
2397.962
2398.286
2398.61
2399.089
2399.568
2400.047
2400.526
2401.005
2401.484
2401.96
2402.213
2402.466
2402.719
2402.972
2403.225
2403.478
2403.73
2403.991
2404.252
2404.513
2404.774
2405.035
2405.296
2405.557
2405.818
2406.08
2406.658
2407.236
2407.814
2408.392
2408.97
2409.548
2410.125
2410.548
2410.971
2411.394
2411.817
2412.24
2412.663
2413.086
2413.509
2413.932
2414.355
2414.778
2415.2
2415.517
2415.834
2416.151
2416.468
2416.785
2417.102
2417.419
2417.736
2418.053
2418.37
2418.827
2419.285
2419.742
2420.2
2420.657
2421.115
2421.572
2422.03
2422.843
2423.655
2424.468
2425.28
2425.703
2426.126
2426.549
2426.972
2427.395
2427.818
2428.241
2428.664
2429.087
2429.51
2429.93
2430.52
2431.11
2431.7
2432.29
2432.882
2433.044
2433.206
2433.368
2433.53
2433.692
2433.854
2434.016
2434.178
2434.34
2434.776
2435.212
2435.648
2436.084
2436.52
2436.956
2437.39
2437.67
2437.95
2438.23
2438.51
2438.79
2439.07
2439.698
2440.326
2440.954
2441.582
2442.21
2443.772
2445.334
2446.896
2448.458
2450.02
2451.582
2453.144
2454.706
2456.269
2456.495
2456.721
2456.947
2457.173
2457.399
2457.625
2457.851
2458.077
2458.303
2458.529
2458.76
2460.508
2462.255
2464.003
2465.751
2467.499
2469.246
2470.994
2472.74
2472.937
2473.134
2473.331
2473.528
2473.725
2473.922
2474.119
2474.316
2474.513
2474.71
2474.907
2475.104
2475.301
2475.5
2475.708
2475.916
2476.124
2476.332
2476.54
2476.748
2476.956
2477.164
2477.372
2477.58
2477.788
2477.992
2478.197
2478.402
2478.607
2478.812
2479.017
2479.222
2479.427
2479.632
2479.837
2480.042
2480.247
2480.45
2480.737
2481.024
2481.31
2481.61
2481.91
2482.21
2482.51
2482.81
2483.11
2483.332
2483.554
2483.776
2483.998
2484.22
2484.442
2484.664
2484.886
2485.108
2485.33
2485.552
2485.77
2486.244
2486.718
2487.192
2487.666
2488.14
2488.614
2489.088
2489.562
2490.036
2490.51
2491.88
2492.487
2493.094
2493.701
2494.308
2494.915
2495.522
2496.129
2496.736
2497.34
2497.99
2498.64
2499.29
2499.94
2500.59
2501.24
2501.89
2502.54
2503.19
2503.84
2504.621
2505.402
2506.183
2506.964
2507.745
2508.526
2509.307
2510.088
2510.869
2511.65
2511.869
2512.088
2512.307
2512.526
2512.745
2512.964
2513.183
2513.402
2513.621
2513.84
2514.06
2515.187
2516.314
2517.441
2518.568
2519.694
2519.985
2520.276
2520.568
2520.86
2521.189
2521.518
2521.847
2522.176
2522.505
2522.834
2523.163
2523.492
2523.82
2524.163
2524.506
2524.849
2525.192
2525.535
2525.878
2526.221
2526.564
2526.907
2527.25
2527.593
2527.934
2528.142
2528.35
2528.558
2528.766
2528.974
2529.182
2529.39
2529.6
2529.999
2530.398
2530.797
2531.196
2531.595
2531.994
2532.393
2532.79
2533.03
2533.27
2533.51
2533.75
2533.99
2534.229
2534.468
2534.706
2535.131
2535.556
2535.98
2536.279
2536.578
2536.877
2537.176
2537.475
2537.774
2538.073
2538.372
2538.671
2538.97
2539.519
2540.068
2540.617
2541.166
2541.715
2542.264
2542.813
2543.36
2544.204
2545.048
2545.892
2546.736
2547.58
2547.847
2548.114
2548.381
2548.648
2548.915
2549.182
2549.449
2549.716
2549.983
2550.25
2550.517
2550.784
2551.052
2551.214
2551.376
2551.538
2551.7
2551.862
2552.024
2552.186
2552.348
2552.51
2554.138
2555.765
2557.392
2559.019
2560.646
2562.274
2563.901
2565.53
2565.893
2566.256
2566.619
2566.982
2567.345
2567.708
2568.071
2568.434
2568.797
2569.16
2569.523
2569.886
2570.25
2570.849
2571.448
2572.047
2572.646
2573.245
2573.844
2574.443
2575.042
2575.641
2576.24
2576.888
2577.536
2578.184
2578.832
2579.48
2580.128
2580.776
2581.424
2582.072
2582.72
2583.368
2584.016
2584.66
2584.907
2585.154
2585.401
2585.648
2585.895
2586.142
2586.389
2586.636
2586.883
2587.13
2587.376
2587.595
2587.813
2588.032
2588.25
2588.489
2588.728
2588.967
2589.206
2589.445
2589.684
2589.923
2590.162
2590.4
2590.894
2591.388
2591.882
2592.376
2592.87
2593.364
2593.86
2594.128
2594.396
2594.664
2594.932
2595.2
2595.468
2595.736
2596.004
2596.272
2596.54
2596.808
2597.076
2597.344
2597.615
2598.557
2599.499
2600.44
2601.771
2603.102
2604.433
2605.764
2607.095
2608.426
2609.757
2611.088
2612.419
2613.75
2615.081
2616.41
2617.265
2618.12
2618.531
2618.942
2619.353
2619.764
2620.175
2620.586
2620.997
2621.41
2621.98
2622.55
2623.12
2623.69
2624.26
2624.83
2625.195
2625.56
2625.925
2626.29
2626.655
2627.02
2627.365
2627.71
2628.055
2628.4
2628.745
2629.09
2629.435
2629.78
2630.125
2630.47
2630.82
2631.084
2631.348
2631.612
2631.876
2632.14
2632.404
2632.668
2632.93
2633.425
2633.92
2634.415
2634.91
2635.211
2635.512
2635.813
2636.114
2636.415
2636.716
2637.017
2637.318
2637.619
2637.92
2638.221
2638.52
2639.219
2639.918
2640.617
2641.316
2642.015
2642.714
2643.413
2644.112
2644.81
2645.692
2646.574
2647.456
2648.338
2649.22
2650.102
2650.984
2651.866
2652.748
2653.63
2654.187
2654.744
2655.301
2655.858
2656.415
2656.972
2657.529
2658.086
2658.643
2659.2
2659.757
2660.314
2660.871
2661.428
2661.985
2662.542
2663.1
2663.445
2663.79
2664.415
2665.04
2665.665
2666.29
2666.915
2667.54
2668.165
2668.79
2669.0
2669.21
2669.42
2669.63
2669.84
2670.05
2670.26
2670.47
2670.68
2670.89
2671.1
2671.955
2672.81
2674.84
2675.339
2675.838
2676.337
2676.836
2677.335
2677.834
2678.333
2678.832
2679.33
2679.544
2679.758
2679.972
2680.186
2680.4
2680.614
2680.828
2681.042
2681.256
2681.47
2681.684
2681.898
2682.112
2682.326
2682.537
2682.749
2682.961
2683.173
2683.385
2683.597
2683.809
2684.021
2684.233
2684.445
2684.657
2684.87
2685.188
2685.506
2685.823
2686.14
2686.457
2686.774
2687.091
2687.41
2687.705
2688.0
2688.295
2688.59
2688.885
2689.18
2689.475
2689.77
2690.065
2690.36
2690.66
2691.043
2691.426
2691.809
2692.192
2692.575
2692.958
2693.341
2693.724
2694.107
2694.494
2694.675
2694.856
2695.037
2695.217
2695.398
2695.579
2695.76
2695.941
2696.121
2696.302
2696.483
2696.66
2697.185
2697.71
2698.235
2698.76
2699.359
2699.958
2700.557
2701.156
2701.755
2702.354
2702.95
2703.418
2703.886
2704.354
2704.822
2705.29
2705.758
2706.226
2706.694
2707.16
2709.44
2711.72
2714.0
2716.28
2718.56
2720.84
2721.929
2723.018
2724.107
2725.196
2726.285
2727.374
2728.463
2729.552
2730.641
2731.73
2732.819
2733.91
2734.512
2735.114
2735.716
2736.318
2736.92
2737.522
2738.124
2738.726
2739.328
2739.93
2740.53
2741.014
2741.498
2741.982
2742.466
2742.95
2743.434
2743.918
2744.402
2744.889
2745.144
2745.399
2745.654
2745.909
2746.164
2746.419
2746.674
2746.929
2747.18
2747.467
2747.755
2748.043
2748.331
2748.619
2748.907
2749.195
2749.48
2749.89
2750.3
2750.71
2751.12
2751.53
2751.94
2752.35
2752.76
2753.461
2754.162
2754.863
2755.564
2756.265
2756.966
2757.667
2758.368
2759.069
2759.77
2760.471
2761.172
2761.873
2762.57
2762.97
2763.37
2763.77
2764.17
2764.57
2764.97
2765.37
2765.77
2766.17
2766.57
2766.97
2767.37
2768.085
2768.8
2769.515
2770.23
2770.947
2771.121
2771.295
2771.469
2771.643
2771.817
2771.991
2772.165
2772.339
2772.513
2772.687
2772.861
2773.03
2773.247
2773.464
2773.681
2773.898
2774.115
2774.332
2774.549
2774.766
2774.983
2775.196
2776.189
2777.182
2778.175
2779.167
2780.293
2781.419
2782.545
2783.67
2783.938
2784.206
2784.474
2784.742
2785.01
2785.28
2785.67
2786.06
2786.45
2786.84
2787.23
2787.62
2788.01
2788.4
2788.86
2789.32
2789.78
2790.24
2790.7
2790.874
2791.048
2791.222
2791.396
2791.57
2791.744
2791.918
2792.092
2792.27
2792.473
2792.676
2792.879
2793.082
2793.285
2793.488
2793.691
2793.895
2794.093
2794.291
2794.489
2794.687
2794.885
2795.083
2795.281
2795.479
2795.677
2795.875
2796.07
2796.369
2796.668
2796.967
2797.266
2797.565
2797.864
2798.163
2798.462
2798.761
2799.06
2799.359
2799.66
2800.8
2801.3
2801.8
2802.3
2802.98
2803.66
2804.34
2805.02
2805.7
2806.38
2807.06
2807.74
2808.42
2809.1
2809.339
2809.578
2809.817
2810.056
2810.295
2810.534
2810.77
2811.072
2811.374
2811.676
2811.978
2812.28
2812.582
2812.884
2813.186
2813.488
2813.79
2814.09
2814.608
2815.126
2815.644
2815.846
2816.048
2816.25
2816.452
2816.654
2816.856
2817.06
2817.567
2818.074
2818.581
2819.088
2819.595
2820.102
2820.609
2821.116
2821.62
2822.012
2822.405
2822.798
2823.19
2823.582
2823.974
2824.367
2824.76
2825.153
2825.545
2825.938
2826.33
2826.66
2826.99
2827.32
2827.65
2827.98
2828.31
2828.64
2828.97
2829.27
2829.57
2829.87
2830.17
2830.47
2830.77
2831.07
2831.37
2831.673
2831.9
2832.127
2832.354
2832.581
2832.808
2833.035
2833.262
2833.489
2833.714
2834.109
2834.504
2834.899
2835.294
2835.69
2836.58
2836.84
2837.1
2837.36
2837.62
2837.88
2838.14
2838.624
2839.108
2839.592
2840.076
2840.56
2841.044
2841.528
2842.012
2842.5
2842.753
2843.006
2843.259
2843.512
2843.765
2844.018
2844.271
2844.524
2844.777
2845.03
2845.283
2845.536
2845.789
2846.04
2846.276
2846.512
2846.748
2846.984
2847.22
2847.456
2847.692
2847.928
2848.164
2848.4
2848.64
2848.952
2849.265
2849.577
2849.89
2850.337
2850.784
2851.231
2851.678
2852.125
2852.574
2852.731
2852.888
2853.045
2853.202
2853.359
2853.516
2853.673
2853.83
2853.99
2854.761
2855.532
2856.303
2857.074
2857.845
2858.616
2859.39
2860.74
2862.09
2862.284
2862.478
2862.672
2862.866
2863.06
2863.254
2863.45
2864.143
2864.836
2865.529
2866.222
2866.915
2867.608
2868.301
2868.994
2869.687
2870.38
2871.073
2871.769
2872.084
2872.399
2872.714
2873.029
2873.344
2873.659
2873.974
2874.29
2874.673
2875.056
2875.439
2875.822
2876.205
2876.588
2876.971
2877.354
2877.737
2878.12
2878.994
2879.868
2880.742
2881.616
2882.49
2883.364
2884.24
2884.515
2884.79
2885.191
2885.592
2885.993
2886.394
2886.795
2887.196
2887.597
2887.998
2888.4
2888.706
2889.012
2889.318
2889.624
2889.932
2890.176
2890.42
2890.664
2890.908
2891.152
2891.396
2891.64
2893.054
2894.468
2895.882
2897.296
2898.71
2900.124
2901.538
2902.952
2904.37
2904.577
2904.784
2904.991
2905.198
2905.405
2905.612
2905.82
2906.113
2906.406
2906.699
2906.992
2907.285
2907.578
2907.871
2908.164
2908.457
2908.75
2909.183
2909.616
2910.049
2910.482
2910.916
2911.187
2911.458
2911.729
2912.0
2912.271
2912.54
2913.322
2914.104
2914.886
2915.668
2916.45
2917.232
2918.014
2918.796
2919.578
2920.36
2920.642
2920.924
2921.206
2921.488
2921.77
2922.052
2922.334
2922.616
2922.9
2923.194
2923.488
2923.782
2924.076
2924.37
2924.664
2924.958
2925.251
2925.438
2925.625
2925.812
2925.999
2926.186
2926.373
2926.56
2926.75
2927.023
2927.296
2927.569
2927.842
2928.115
2928.388
2928.66
2928.873
2929.086
2929.299
2929.512
2929.725
2929.938
2930.151
2930.364
2930.577
2930.79
2931.087
2931.384
2931.681
2931.978
2932.275
2932.572
2932.869
2933.166
2933.463
2933.76
2934.148
2934.535
2934.922
2935.309
2935.697
2936.084
2936.471
2936.86
2939.485
2942.11
2942.572
2943.034
2943.496
2943.958
2944.42
2944.882
2945.344
2945.806
2946.27
2946.578
2946.886
2947.194
2947.502
2947.81
2948.118
2948.426
2948.734
2949.04
2949.462
2949.884
2950.306
2950.728
2951.15
2951.57
2952.474
2953.378
2954.282
2955.186
2956.09
2956.994
2957.898
2958.8
2959.059
2959.318
2959.577
2959.836
2960.095
2960.354
2960.613
2960.872
2961.131
2961.39
2961.649
2961.908
2962.17
2962.946
2963.722
2964.498
2965.274
2966.05
2966.304
2966.558
2966.812
2967.066
2967.32
2967.574
2967.828
2968.082
2968.34
2968.6
2968.86
2969.12
2969.38
2969.64
2970.124
2970.608
2971.092
2971.576
2972.06
2972.544
2973.028
2973.512
2973.996
2974.484
2974.658
2974.832
2975.006
2975.18
2975.354
2975.528
2975.702
2975.876
2976.05
2976.224
2976.4
2976.758
2977.116
2977.474
2977.832
2978.19
2978.548
2978.906
2979.264
2979.62
2979.923
2980.226
2980.529
2980.832
2981.135
2981.438
2981.741
2982.044
2982.347
2982.65
2982.88
2983.11
2983.34
2983.57
2983.8
2984.03
2984.316
2984.602
2984.888
2985.174
2985.46
2985.746
2986.03
2986.437
2986.844
2987.251
2987.658
2988.065
2988.472
2988.879
2989.286
2989.693
2990.1
2990.436
2990.772
2991.108
2991.444
2991.779
2991.95
2992.121
2992.292
2992.463
2992.634
2992.805
2992.976
2993.147
2993.32
2993.699
2994.078
2994.457
2994.836
2995.215
2995.594
2995.973
2996.352
2996.731
2997.11
2997.489
2997.87
2998.175
2998.48
2999.228
2999.976
3000.724
3001.472
3002.22
3002.867
3003.514
3004.161
3004.808
3005.455
3006.102
3006.749
3007.396
3008.043
3008.69
3009.337
3009.984
3010.63
3011.158
3011.686
3012.214
3012.742
3013.27
3013.798
3014.326
3014.854
3015.38
3015.708
3016.036
3016.364
3016.692
3017.02
3017.35
3017.974
3018.598
3019.222
3019.846
3020.47
3021.176
3021.882
3022.588
3023.294
3024.0
3024.706
3025.412
3026.118
3026.824
3027.53
3028.236
3028.942
3029.65
3030.626
3031.602
3032.578
3033.554
3034.53
3035.506
3036.48
3037.177
3037.874
3038.571
3039.268
3039.965
3040.662
3041.359
3042.056
3042.75
3042.976
3043.202
3043.428
3043.654
3043.88
3044.106
3044.332
3044.558
3044.784
3045.01
3045.236
3045.462
3045.688
3045.92
3046.187
3046.454
3046.721
3046.988
3047.255
3047.522
3047.789
3048.056
3048.323
3048.59
3048.86
3049.249
3049.638
3050.027
3050.416
3050.805
3051.194
3051.583
3051.972
3052.361
3052.75
3053.1
3053.45
3053.8
3054.15
3054.5
3054.85
3055.2
3055.55
3055.9
3056.25
3056.6
3056.95
3057.287
3057.624
3057.961
3058.298
3058.635
3058.972
3059.309
3059.646
3059.983
3060.32
3060.66
3060.876
3061.092
3061.308
3061.524
3061.74
3061.956
3062.172
3062.39
3062.95
3063.51
3064.07
3064.63
3065.148
3065.666
3066.184
3066.702
3067.22
3067.738
3068.256
3068.774
3069.292
3069.81
3070.33
3070.719
3071.108
3071.497
3071.886
3072.275
3072.664
3073.053
3073.44
3073.996
3074.552
3075.108
3075.664
3076.22
3076.776
3077.332
3077.89
3078.124
3078.358
3078.592
3078.826
3079.06
3079.294
3079.528
3079.762
3079.996
3080.23
3080.46
3080.776
3081.092
3081.408
3081.724
3082.04
3082.356
3082.672
3082.988
3083.304
3083.62
3084.15
3084.68
3085.21
3085.74
3086.27
3086.8
3087.33
3087.86
3088.077
3088.294
3088.511
3088.728
3088.945
3089.16
3089.465
3089.77
3090.099
3090.428
3090.757
3091.086
3091.415
3091.744
3092.073
3092.402
3092.731
3093.06
3093.389
3093.72
3094.23
3094.74
3095.25
3095.76
3096.27
3096.78
3097.29
3097.863
3098.436
3099.009
3099.582
3100.155
3100.728
3101.301
3101.874
3102.447
3103.02
3103.593
3104.166
3104.739
3105.31
3105.718
3106.126
3106.534
3106.942
3107.35
3107.758
3108.166
3108.574
3108.98
3109.29
3109.6
3109.91
3110.22
3110.53
3110.84
3111.15
3111.46
3111.77
3112.08
3112.299
3112.518
3112.737
3112.956
3113.175
3113.394
3113.613
3113.83
3114.248
3114.666
3115.084
3115.502
3115.92
3116.34
3116.588
3116.836
3117.084
3117.332
3117.58
3117.828
3118.076
3118.324
3118.572
3118.82
3119.106
3119.392
3119.678
3119.964
3120.25
3120.708
3121.166
3121.624
3122.082
3122.54
3122.854
3123.168
3123.482
3123.796
3124.11
3124.424
3124.738
3125.052
3125.37
3125.756
3126.142
3126.528
3126.914
3127.3
3127.686
3128.072
3128.458
3128.844
3129.23
3129.616
3130.0
3130.401
3130.802
3131.203
3131.604
3132.005
3132.406
3132.807
3133.21
3133.596
3133.982
3134.368
3134.754
3135.14
3135.408
3135.676
3135.944
3136.212
3136.48
3136.748
3137.016
3137.284
3137.552
3137.82
3138.088
3138.356
3138.63
3139.086
3139.542
3139.998
3140.454
3140.91
3141.366
3141.822
3142.278
3142.73
3143.153
3143.576
3143.999
3144.422
3144.845
3145.268
3145.691
3146.114
3146.537
3146.96
3147.383
3147.81
3148.109
3148.408
3148.707
3149.006
3149.305
3149.604
3149.903
3150.2
3150.626
3151.052
3151.478
3151.904
3152.33
3152.756
3153.182
3153.606
3153.793
3153.98
3154.167
3154.354
3154.541
3154.728
3154.915
3155.102
3155.289
3155.48
3155.88
3156.28
3156.615
3156.95
3157.285
3157.62
3157.955
3158.497
3159.039
3159.581
3160.124
3160.309
3160.494
3160.679
3160.864
3161.049
3161.234
3161.419
3161.604
3161.79
3162.144
3162.498
3162.852
3163.206
3163.56
3163.875
3164.19
3164.505
3164.82
3164.82
3164.82
3164.82
3164.82
3164.82
3164.82
3164.82
